Accrington F.C.,1,1,1,1,2,0,0.5
Accrington F.C.,0,2,1,1,2,-2,0
Accrington F.C.,2,3,1,1,5,-1,0
Accrington F.C.,5,1,1,1,6,4,1
Accrington F.C.,6,2,1,1,8,4,1
Accrington F.C.,3,1,1,1,4,2,1
Accrington F.C.,1,2,1,1,3,-1,0
Accrington F.C.,0,0,1,1,0,0,0.5
Accrington F.C.,2,0,1,1,2,2,1
Accrington F.C.,2,1,1,1,3,1,1
Accrington F.C.,4,4,1,1,8,0,0.5
Aston Villa,4,3,1,1,7,1,1
Aston Villa,6,1,1,1,7,5,1
Aston Villa,6,2,1,1,8,4,1
Aston Villa,4,2,1,1,6,2,1
Aston Villa,4,2,1,1,6,2,1
Aston Villa,2,1,1,1,3,1,1
Aston Villa,9,1,1,1,10,8,1
Aston Villa,0,2,1,1,2,-2,0
Aston Villa,5,1,1,1,6,4,1
Aston Villa,2,0,1,1,2,2,1
Aston Villa,2,1,1,1,3,1,1
Blackburn Rovers,5,5,1,1,10,0,0.5
Blackburn Rovers,5,1,1,1,6,4,1
Blackburn Rovers,4,4,1,1,8,0,0.5
Blackburn Rovers,4,2,1,1,6,2,1
Blackburn Rovers,3,0,1,1,3,3,1
Blackburn Rovers,3,0,1,1,3,3,1
Blackburn Rovers,5,2,1,1,7,3,1
Blackburn Rovers,2,2,1,1,4,0,0.5
Blackburn Rovers,5,2,1,1,7,3,1
Blackburn Rovers,6,2,1,1,8,4,1
Blackburn Rovers,2,2,1,1,4,0,0.5
Bolton Wanderers,4,1,1,1,5,3,1
Bolton Wanderers,2,3,1,1,5,-1,0
Bolton Wanderers,3,2,1,1,5,1,1
Bolton Wanderers,3,4,1,1,7,-1,0
Bolton Wanderers,3,6,1,1,9,-3,0
Bolton Wanderers,6,2,1,1,8,4,1
Bolton Wanderers,7,3,1,1,10,4,1
Bolton Wanderers,2,5,1,1,7,-3,0
Bolton Wanderers,2,1,1,1,3,1,1
Bolton Wanderers,1,2,1,1,3,-1,0
Bolton Wanderers,2,1,1,1,3,1,1
Burnley,2,2,1,1,4,0,0.5
Burnley,4,0,1,1,4,4,1
Burnley,1,7,1,1,8,-6,0
Burnley,4,1,1,1,5,3,1
Burnley,1,0,1,1,1,1,1
Burnley,2,2,1,1,4,0,0.5
Burnley,1,0,1,1,1,1,1
Burnley,2,2,1,1,4,0,0.5
Burnley,2,1,1,1,3,1,1
Burnley,2,0,1,1,2,2,1
Burnley,0,4,1,1,4,-4,0
Derby County,1,1,1,1,2,0,0.5
Derby County,5,2,1,1,7,3,1
Derby County,0,2,1,1,2,-2,0
Derby County,2,3,1,1,5,-1,0
Derby County,1,0,1,1,1,1,1
Derby County,2,4,1,1,6,-2,0
Derby County,3,2,1,1,5,1,1
Derby County,2,3,1,1,5,-1,0
Derby County,2,1,1,1,3,1,1
Derby County,1,2,1,1,3,-1,0
Derby County,3,0,1,1,3,3,1
Everton,2,1,1,1,3,1,1
Everton,2,0,1,1,2,2,1
Everton,3,1,1,1,4,2,1
Everton,2,1,1,1,3,1,1
Everton,3,2,1,1,5,1,1
Everton,6,2,1,1,8,4,1
Everton,2,1,1,1,3,1,1
Everton,0,2,1,1,2,-2,0
Everton,2,1,1,1,3,1,1
Everton,1,4,1,1,5,-3,0
Everton,1,2,1,1,3,-1,0
Notts County,3,3,1,1,6,0,0.5
Notts County,2,4,1,1,6,-2,0
Notts County,3,3,1,1,6,0,0.5
Notts County,0,4,1,1,4,-4,0
Notts County,6,1,1,1,7,5,1
Notts County,3,5,1,1,8,-2,0
Notts County,3,1,1,1,4,2,1
Notts County,0,7,1,1,7,-7,0
Notts County,0,3,1,1,3,-3,0
Notts County,2,1,1,1,3,1,1
Notts County,3,0,1,1,3,3,1
Preston North End,2,0,1,1,2,2,1
Preston North End,1,1,1,1,2,0,0.5
Preston North End,1,0,1,1,1,1,1
Preston North End,3,1,1,1,4,2,1
Preston North End,5,2,1,1,7,3,1
Preston North End,5,0,1,1,5,5,1
Preston North End,3,0,1,1,3,3,1
Preston North End,4,1,1,1,5,3,1
Preston North End,7,0,1,1,7,7,1
Preston North End,3,0,1,1,3,3,1
Preston North End,5,2,1,1,7,3,1
Stoke City,2,4,1,1,6,-2,0
Stoke City,1,1,1,1,2,0,0.5
Stoke City,2,1,1,1,3,1,1
Stoke City,2,2,1,1,4,0,0.5
Stoke City,4,3,1,1,7,1,1
Stoke City,1,1,1,1,2,0,0.5
Stoke City,0,0,1,1,0,0,0.5
Stoke City,3,0,1,1,3,3,1
Stoke City,0,3,1,1,3,-3,0
Stoke City,0,2,1,1,2,-2,0
Stoke City,0,1,1,1,1,-1,0
West Bromwich Albion,2,2,1,1,4,0,0.5
West Bromwich Albion,3,3,1,1,6,0,0.5
West Bromwich Albion,2,1,1,1,3,1,1
West Bromwich Albion,1,5,1,1,6,-4,0
West Bromwich Albion,4,3,1,1,7,1,1
West Bromwich Albion,5,0,1,1,5,5,1
West Bromwich Albion,1,0,1,1,1,1,1
West Bromwich Albion,4,2,1,1,6,2,1
West Bromwich Albion,0,5,1,1,5,-5,0
West Bromwich Albion,2,0,1,1,2,2,1
West Bromwich Albion,1,3,1,1,4,-2,0
Wolverhampton Wanderers,4,0,1,1,4,4,1
Wolverhampton Wanderers,1,1,1,1,2,0,0.5
Wolverhampton Wanderers,2,2,1,1,4,0,0.5
Wolverhampton Wanderers,3,2,1,1,5,1,1
Wolverhampton Wanderers,4,1,1,1,5,3,1
Wolverhampton Wanderers,4,1,1,1,5,3,1
Wolverhampton Wanderers,4,0,1,1,4,4,1
Wolverhampton Wanderers,2,1,1,1,3,1,1
Wolverhampton Wanderers,0,4,1,1,4,-4,0
Wolverhampton Wanderers,4,1,1,1,5,3,1
Wolverhampton Wanderers,2,1,1,1,3,1,1
Accrington F.C.,4,2,1,1,6,2,1
Accrington F.C.,2,2,1,1,4,0,0.5
Accrington F.C.,3,1,1,1,4,2,1
Accrington F.C.,2,2,1,1,4,0,0.5
Accrington F.C.,6,1,1,1,7,5,1
Accrington F.C.,5,3,1,1,8,2,1
Accrington F.C.,1,8,1,1,9,-7,0
Accrington F.C.,2,2,1,1,4,0,0.5
Accrington F.C.,2,1,1,1,3,1,1
Accrington F.C.,0,0,1,1,0,0,0.5
Accrington F.C.,6,3,1,1,9,3,1
Aston Villa,1,2,1,1,3,-1,0
Aston Villa,3,0,1,1,3,3,1
Aston Villa,1,2,1,1,3,-1,0
Aston Villa,2,2,1,1,4,0,0.5
Aston Villa,7,1,1,1,8,6,1
Aston Villa,1,2,1,1,3,-1,0
Aston Villa,1,1,1,1,2,0,0.5
Aston Villa,5,3,1,1,8,2,1
Aston Villa,6,1,1,1,7,5,1
Aston Villa,1,0,1,1,1,1,1
Aston Villa,2,1,1,1,3,1,1
Blackburn Rovers,3,2,1,1,5,1,1
Blackburn Rovers,7,0,1,1,7,7,1
Blackburn Rovers,7,1,1,1,8,6,1
Blackburn Rovers,7,1,1,1,8,6,1
Blackburn Rovers,4,2,1,1,6,2,1
Blackburn Rovers,2,4,1,1,6,-2,0
Blackburn Rovers,9,1,1,1,10,8,1
Blackburn Rovers,3,4,1,1,7,-1,0
Blackburn Rovers,8,0,1,1,8,8,1
Blackburn Rovers,5,0,1,1,5,5,1
Blackburn Rovers,4,3,1,1,7,1,1
Bolton Wanderers,2,4,1,1,6,-2,0
Bolton Wanderers,2,0,1,1,2,2,1
Bolton Wanderers,3,2,1,1,5,1,1
Bolton Wanderers,2,2,1,1,4,0,0.5
Bolton Wanderers,7,1,1,1,8,6,1
Bolton Wanderers,3,4,1,1,7,-1,0
Bolton Wanderers,0,4,1,1,4,-4,0
Bolton Wanderers,2,6,1,1,8,-4,0
Bolton Wanderers,5,0,1,1,5,5,1
Bolton Wanderers,7,0,1,1,7,7,1
Bolton Wanderers,4,1,1,1,5,3,1
Burnley,2,2,1,1,4,0,0.5
Burnley,2,6,1,1,8,-4,0
Burnley,1,2,1,1,3,-1,0
Burnley,7,0,1,1,7,7,1
Burnley,2,0,1,1,2,2,1
Burnley,0,1,1,1,1,-1,0
Burnley,3,0,1,1,3,3,1
Burnley,0,3,1,1,3,-3,0
Burnley,1,3,1,1,4,-2,0
Burnley,1,2,1,1,3,-1,0
Burnley,1,2,1,1,3,-1,0
Derby County,2,3,1,1,5,-1,0
Derby County,5,0,1,1,5,5,1
Derby County,4,0,1,1,4,4,1
Derby County,3,2,1,1,5,1,1
Derby County,4,1,1,1,5,3,1
Derby County,2,2,1,1,4,0,0.5
Derby County,2,0,1,1,2,2,1
Derby County,2,1,1,1,3,1,1
Derby County,2,0,1,1,2,2,1
Derby County,3,1,1,1,4,2,1
Derby County,3,3,1,1,6,0,0.5
Everton,2,2,1,1,4,0,0.5
Everton,7,0,1,1,7,7,1
Everton,3,2,1,1,5,1,1
Everton,3,0,1,1,3,3,1
Everton,2,1,1,1,3,1,1
Everton,3,0,1,1,3,3,1
Everton,5,3,1,1,8,2,1
Everton,1,5,1,1,6,-4,0
Everton,8,0,1,1,8,8,1
Everton,5,1,1,1,6,4,1
Everton,1,1,1,1,2,0,0.5
Notts County,3,1,1,1,4,2,1
Notts County,1,1,1,1,2,0,0.5
Notts County,1,1,1,1,2,0,0.5
Notts County,3,5,1,1,8,-2,0
Notts County,1,1,1,1,2,0,0.5
Notts County,3,1,1,1,4,2,1
Notts County,4,3,1,1,7,1,1
Notts County,0,1,1,1,1,-1,0
Notts County,3,1,1,1,4,2,1
Notts County,1,2,1,1,3,-1,0
Notts County,0,2,1,1,2,-2,0
Preston North End,3,1,1,1,4,2,1
Preston North End,3,2,1,1,5,1,1
Preston North End,1,1,1,1,2,0,0.5
Preston North End,3,1,1,1,4,2,1
Preston North End,6,0,1,1,6,6,1
Preston North End,5,0,1,1,5,5,1
Preston North End,1,2,1,1,3,-1,0
Preston North End,4,3,1,1,7,1,1
Preston North End,10,0,1,1,10,10,1
Preston North End,5,0,1,1,5,5,1
Preston North End,0,2,1,1,2,-2,0
Stoke City,7,1,1,1,8,6,1
Stoke City,1,1,1,1,2,0,0.5
Stoke City,0,3,1,1,3,-3,0
Stoke City,0,1,1,1,1,-1,0
Stoke City,3,4,1,1,7,-1,0
Stoke City,1,1,1,1,2,0,0.5
Stoke City,1,2,1,1,3,-1,0
Stoke City,1,1,1,1,2,0,0.5
Stoke City,1,2,1,1,3,-1,0
Stoke City,1,3,1,1,4,-2,0
Stoke City,2,1,1,1,3,1,1
West Bromwich Albion,4,1,1,1,5,3,1
West Bromwich Albion,3,0,1,1,3,3,1
West Bromwich Albion,3,2,1,1,5,1,1
West Bromwich Albion,6,3,1,1,9,3,1
West Bromwich Albion,6,1,1,1,7,5,1
West Bromwich Albion,2,3,1,1,5,-1,0
West Bromwich Albion,4,1,1,1,5,3,1
West Bromwich Albion,4,2,1,1,6,2,1
West Bromwich Albion,2,2,1,1,4,0,0.5
West Bromwich Albion,2,1,1,1,3,1,1
West Bromwich Albion,1,4,1,1,5,-3,0
Wolverhampton Wanderers,2,1,1,1,3,1,1
Wolverhampton Wanderers,1,1,1,1,2,0,0.5
Wolverhampton Wanderers,2,4,1,1,6,-2,0
Wolverhampton Wanderers,5,1,1,1,6,4,1
Wolverhampton Wanderers,9,1,1,1,10,8,1
Wolverhampton Wanderers,2,1,1,1,3,1,1
Wolverhampton Wanderers,2,1,1,1,3,1,1
Wolverhampton Wanderers,2,0,1,1,2,2,1
Wolverhampton Wanderers,0,1,1,1,1,-1,0
Wolverhampton Wanderers,2,2,1,1,4,0,0.5
Wolverhampton Wanderers,1,1,1,1,2,0,0.5
Accrington F.C.,1,3,1,1,4,-2,0
Accrington F.C.,0,4,1,1,4,-4,0
Accrington F.C.,2,1,1,1,3,1,1
Accrington F.C.,1,1,1,1,2,0,0.5
Accrington F.C.,4,0,1,1,4,4,1
Accrington F.C.,1,2,1,1,3,-1,0
Accrington F.C.,3,2,1,1,5,1,1
Accrington F.C.,1,3,1,1,4,-2,0
Accrington F.C.,4,1,1,1,5,3,1
Accrington F.C.,1,0,1,1,1,1,1
Accrington F.C.,1,2,1,1,3,-1,0
Aston Villa,3,1,1,1,4,2,1
Aston Villa,2,2,1,1,4,0,0.5
Aston Villa,5,0,1,1,5,5,1
Aston Villa,4,4,1,1,8,0,0.5
Aston Villa,4,0,1,1,4,4,1
Aston Villa,2,2,1,1,4,0,0.5
Aston Villa,3,2,1,1,5,1,1
Aston Villa,0,1,1,1,1,-1,0
Aston Villa,0,0,1,1,0,0,0.5
Aston Villa,0,4,1,1,4,-4,0
Aston Villa,6,2,1,1,8,4,1
Blackburn Rovers,0,0,1,1,0,0,0.5
Blackburn Rovers,5,1,1,1,6,4,1
Blackburn Rovers,0,2,1,1,2,-2,0
Blackburn Rovers,5,2,1,1,7,3,1
Blackburn Rovers,8,0,1,1,8,8,1
Blackburn Rovers,2,1,1,1,3,1,1
Blackburn Rovers,1,7,1,1,8,-6,0
Blackburn Rovers,1,0,1,1,1,1,1
Blackburn Rovers,3,2,1,1,5,1,1
Blackburn Rovers,2,1,1,1,3,1,1
Blackburn Rovers,2,3,1,1,5,-1,0
Bolton Wanderers,6,0,1,1,6,6,1
Bolton Wanderers,4,0,1,1,4,4,1
Bolton Wanderers,2,0,1,1,2,2,1
Bolton Wanderers,1,0,1,1,1,1,1
Bolton Wanderers,3,1,1,1,4,2,1
Bolton Wanderers,0,5,1,1,5,-5,0
Bolton Wanderers,4,2,1,1,6,2,1
Bolton Wanderers,1,0,1,1,1,1,1
Bolton Wanderers,2,5,1,1,7,-3,0
Bolton Wanderers,7,1,1,1,8,6,1
Bolton Wanderers,6,0,1,1,6,6,1
Burnley,2,0,1,1,2,2,1
Burnley,2,1,1,1,3,1,1
Burnley,1,6,1,1,7,-5,0
Burnley,1,2,1,1,3,-1,0
Burnley,6,1,1,1,7,5,1
Burnley,3,2,1,1,5,1,1
Burnley,0,1,1,1,1,-1,0
Burnley,6,2,1,1,8,4,1
Burnley,3,3,1,1,6,0,0.5
Burnley,5,4,1,1,9,1,1
Burnley,4,2,1,1,6,2,1
Derby County,1,2,1,1,3,-1,0
Derby County,5,4,1,1,9,1,1
Derby County,8,5,1,1,13,3,1
Derby County,1,1,1,1,2,0,0.5
Derby County,2,4,1,1,6,-2,0
Derby County,2,6,1,1,8,-4,0
Derby County,3,1,1,1,4,2,1
Derby County,1,3,1,1,4,-2,0
Derby County,3,1,1,1,4,2,1
Derby County,3,1,1,1,4,2,1
Derby County,9,0,1,1,9,9,1
Everton,3,2,1,1,5,1,1
Everton,5,0,1,1,5,5,1
Everton,3,1,1,1,4,2,1
Everton,2,0,1,1,2,2,1
Everton,7,3,1,1,10,4,1
Everton,7,0,1,1,7,7,1
Everton,4,2,1,1,6,2,1
Everton,0,1,1,1,1,-1,0
Everton,1,0,1,1,1,1,1
Everton,2,3,1,1,5,-1,0
Everton,5,0,1,1,5,5,1
Notts County,5,0,1,1,5,5,1
Notts County,7,1,1,1,8,6,1
Notts County,1,2,1,1,3,-1,0
Notts County,3,1,1,1,4,2,1
Notts County,4,0,1,1,4,4,1
Notts County,2,1,1,1,3,1,1
Notts County,3,1,1,1,4,2,1
Notts County,2,1,1,1,3,1,1
Notts County,2,1,1,1,3,1,1
Notts County,3,2,1,1,5,1,1
Notts County,1,1,1,1,2,0,0.5
Preston North End,1,1,1,1,2,0,0.5
Preston North End,4,1,1,1,5,3,1
Preston North End,1,2,1,1,3,-1,0
Preston North End,1,0,1,1,1,1,1
Preston North End,7,0,1,1,7,7,1
Preston North End,6,0,1,1,6,6,1
Preston North End,2,0,1,1,2,2,1
Preston North End,0,0,1,1,0,0,0.5
Preston North End,0,0,1,1,0,0,0.5
Preston North End,3,0,1,1,3,3,1
Preston North End,5,1,1,1,6,4,1
Sunderland,2,2,1,1,4,0,0.5
Sunderland,5,1,1,1,6,4,1
Sunderland,3,1,1,1,4,2,1
Sunderland,2,0,1,1,2,2,1
Sunderland,2,3,1,1,5,-1,0
Sunderland,5,1,1,1,6,4,1
Sunderland,1,0,1,1,1,1,1
Sunderland,4,0,1,1,4,4,1
Sunderland,3,0,1,1,3,3,1
Sunderland,1,1,1,1,2,0,0.5
Sunderland,3,4,1,1,7,-1,0
West Bromwich Albion,5,1,1,1,6,4,1
West Bromwich Albion,0,3,1,1,3,-3,0
West Bromwich Albion,1,0,1,1,1,1,1
West Bromwich Albion,2,4,1,1,6,-2,0
West Bromwich Albion,3,1,1,1,4,2,1
West Bromwich Albion,3,4,1,1,7,-1,0
West Bromwich Albion,1,4,1,1,5,-3,0
West Bromwich Albion,1,1,1,1,2,0,0.5
West Bromwich Albion,1,3,1,1,4,-2,0
West Bromwich Albion,0,4,1,1,4,-4,0
West Bromwich Albion,0,1,1,1,1,-1,0
Wolverhampton Wanderers,3,0,1,1,3,3,1
Wolverhampton Wanderers,2,1,1,1,3,1,1
Wolverhampton Wanderers,2,0,1,1,2,2,1
Wolverhampton Wanderers,1,0,1,1,1,1,1
Wolverhampton Wanderers,3,1,1,1,4,2,1
Wolverhampton Wanderers,5,1,1,1,6,4,1
Wolverhampton Wanderers,0,1,1,1,1,-1,0
Wolverhampton Wanderers,1,1,1,1,2,0,0.5
Wolverhampton Wanderers,2,0,1,1,2,2,1
Wolverhampton Wanderers,0,3,1,1,3,-3,0
Wolverhampton Wanderers,4,0,1,1,4,4,1
Accrington F.C.,3,2,1,1,5,1,1
Accrington F.C.,1,0,1,1,1,1,1
Accrington F.C.,0,3,1,1,3,-3,0
Accrington F.C.,1,0,1,1,1,1,1
Accrington F.C.,1,1,1,1,2,0,0.5
Accrington F.C.,1,1,1,1,2,0,0.5
Accrington F.C.,1,1,1,1,2,0,0.5
Accrington F.C.,2,0,1,1,2,2,1
Accrington F.C.,1,3,1,1,4,-2,0
Accrington F.C.,3,0,1,1,3,3,1
Accrington F.C.,3,5,1,1,8,-2,0
Accrington F.C.,4,2,1,1,6,2,1
Accrington F.C.,3,2,1,1,5,1,1
Aston Villa,12,2,1,1,14,10,1
Aston Villa,5,1,1,1,6,4,1
Aston Villa,1,2,1,1,3,-1,0
Aston Villa,6,1,1,1,7,5,1
Aston Villa,7,0,1,1,7,7,1
Aston Villa,6,0,1,1,6,6,1
Aston Villa,3,4,1,1,7,-1,0
Aston Villa,5,1,1,1,6,4,1
Aston Villa,3,1,1,1,4,2,1
Aston Villa,2,1,1,1,3,1,1
Aston Villa,5,3,1,1,8,2,1
Aston Villa,5,1,1,1,6,4,1
Aston Villa,3,6,1,1,9,-3,0
Blackburn Rovers,2,2,1,1,4,0,0.5
Blackburn Rovers,4,3,1,1,7,1,1
Blackburn Rovers,4,0,1,1,4,4,1
Blackburn Rovers,3,3,1,1,6,0,0.5
Blackburn Rovers,4,0,1,1,4,4,1
Blackburn Rovers,0,2,1,1,2,-2,0
Blackburn Rovers,2,2,1,1,4,0,0.5
Blackburn Rovers,5,4,1,1,9,1,1
Blackburn Rovers,2,4,1,1,6,-2,0
Blackburn Rovers,5,3,1,1,8,2,1
Blackburn Rovers,3,1,1,1,4,2,1
Blackburn Rovers,3,2,1,1,5,1,1
Blackburn Rovers,2,0,1,1,2,2,1
Bolton Wanderers,3,4,1,1,7,-1,0
Bolton Wanderers,1,2,1,1,3,-1,0
Bolton Wanderers,4,2,1,1,6,2,1
Bolton Wanderers,2,0,1,1,2,2,1
Bolton Wanderers,1,0,1,1,1,1,1
Bolton Wanderers,3,1,1,1,4,2,1
Bolton Wanderers,1,0,1,1,1,1,1
Bolton Wanderers,2,0,1,1,2,2,1
Bolton Wanderers,3,0,1,1,3,3,1
Bolton Wanderers,1,1,1,1,2,0,0.5
Bolton Wanderers,4,3,1,1,7,1,1
Bolton Wanderers,1,1,1,1,2,0,0.5
Bolton Wanderers,3,0,1,1,3,3,1
Burnley,2,1,1,1,3,1,1
Burnley,4,1,1,1,5,3,1
Burnley,3,0,1,1,3,3,1
Burnley,1,2,1,1,3,-1,0
Burnley,9,0,1,1,9,9,1
Burnley,2,4,1,1,6,-2,0
Burnley,1,0,1,1,1,1,1
Burnley,1,0,1,1,1,1,1
Burnley,2,0,1,1,2,2,1
Burnley,4,1,1,1,5,3,1
Burnley,1,2,1,1,3,-1,0
Burnley,3,2,1,1,5,1,1
Burnley,1,1,1,1,2,0,0.5
Darwen,5,2,1,1,7,3,1
Darwen,1,5,1,1,6,-4,0
Darwen,3,5,1,1,8,-2,0
Darwen,1,2,1,1,3,-1,0
Darwen,2,6,1,1,8,-4,0
Darwen,2,0,1,1,2,2,1
Darwen,3,1,1,1,4,2,1
Darwen,2,3,1,1,5,-1,0
Darwen,0,4,1,1,4,-4,0
Darwen,9,3,1,1,12,6,1
Darwen,1,7,1,1,8,-6,0
Darwen,1,1,1,1,2,0,0.5
Darwen,1,4,1,1,5,-3,0
Derby County,3,1,1,1,4,2,1
Derby County,4,2,1,1,6,2,1
Derby County,1,1,1,1,2,0,0.5
Derby County,3,2,1,1,5,1,1
Derby County,0,1,1,1,1,-1,0
Derby County,7,0,1,1,7,7,1
Derby County,0,3,1,1,3,-3,0
Derby County,3,0,1,1,3,3,1
Derby County,1,2,1,1,3,-1,0
Derby County,3,3,1,1,6,0,0.5
Derby County,0,1,1,1,1,-1,0
Derby County,1,1,1,1,2,0,0.5
Derby County,2,1,1,1,3,1,1
Everton,3,0,1,1,3,3,1
Everton,5,1,1,1,6,4,1
Everton,3,1,1,1,4,2,1
Everton,2,5,1,1,7,-3,0
Everton,1,1,1,1,2,0,0.5
Everton,5,3,1,1,8,2,1
Everton,1,2,1,1,3,-1,0
Everton,4,0,1,1,4,4,1
Everton,1,1,1,1,2,0,0.5
Everton,1,0,1,1,1,1,1
Everton,0,4,1,1,4,-4,0
Everton,4,3,1,1,7,1,1
Everton,2,1,1,1,3,1,1
Notts County,9,0,1,1,9,9,1
Notts County,5,2,1,1,7,3,1
Notts County,2,2,1,1,4,0,0.5
Notts County,2,0,1,1,2,2,1
Notts County,5,1,1,1,6,4,1
Notts County,5,0,1,1,5,5,1
Notts County,2,1,1,1,3,1,1
Notts County,1,3,1,1,4,-2,0
Notts County,2,0,1,1,2,2,1
Notts County,1,1,1,1,2,0,0.5
Notts County,1,0,1,1,1,1,1
Notts County,4,0,1,1,4,4,1
Notts County,2,2,1,1,4,0,0.5
Preston North End,4,1,1,1,5,3,1
Preston North End,0,1,1,1,1,-1,0
Preston North End,3,2,1,1,5,1,1
Preston North End,4,0,1,1,4,4,1
Preston North End,5,1,1,1,6,4,1
Preston North End,4,0,1,1,4,4,1
Preston North End,3,0,1,1,3,3,1
Preston North End,4,0,1,1,4,4,1
Preston North End,6,0,1,1,6,6,1
Preston North End,3,2,1,1,5,1,1
Preston North End,3,1,1,1,4,2,1
Preston North End,1,0,1,1,1,1,1
Preston North End,2,0,1,1,2,2,1
Stoke City,3,1,1,1,4,2,1
Stoke City,2,3,1,1,5,-1,0
Stoke City,0,1,1,1,1,-1,0
Stoke City,0,1,1,1,1,-1,0
Stoke City,3,0,1,1,3,3,1
Stoke City,5,1,1,1,6,4,1
Stoke City,2,1,1,1,3,1,1
Stoke City,0,1,1,1,1,-1,0
Stoke City,1,3,1,1,4,-2,0
Stoke City,0,1,1,1,1,-1,0
Stoke City,1,3,1,1,4,-2,0
Stoke City,1,0,1,1,1,1,1
Stoke City,1,3,1,1,4,-2,0
Sunderland,4,1,1,1,5,3,1
Sunderland,2,1,1,1,3,1,1
Sunderland,6,1,1,1,7,5,1
Sunderland,4,1,1,1,5,3,1
Sunderland,2,1,1,1,3,1,1
Sunderland,7,0,1,1,7,7,1
Sunderland,7,1,1,1,8,6,1
Sunderland,2,1,1,1,3,1,1
Sunderland,4,0,1,1,4,4,1
Sunderland,4,1,1,1,5,3,1
Sunderland,4,1,1,1,5,3,1
Sunderland,4,0,1,1,4,4,1
Sunderland,5,2,1,1,7,3,1
West Bromwich Albion,3,1,1,1,4,2,1
West Bromwich Albion,0,3,1,1,3,-3,0
West Bromwich Albion,2,2,1,1,4,0,0.5
West Bromwich Albion,0,2,1,1,2,-2,0
West Bromwich Albion,1,0,1,1,1,1,1
West Bromwich Albion,12,0,1,1,12,12,1
West Bromwich Albion,4,2,1,1,6,2,1
West Bromwich Albion,4,0,1,1,4,4,1
West Bromwich Albion,2,2,1,1,4,0,0.5
West Bromwich Albion,1,2,1,1,3,-1,0
West Bromwich Albion,2,2,1,1,4,0,0.5
West Bromwich Albion,2,5,1,1,7,-3,0
West Bromwich Albion,4,3,1,1,7,1,1
Wolverhampton Wanderers,5,0,1,1,5,5,1
Wolverhampton Wanderers,2,0,1,1,2,2,1
Wolverhampton Wanderers,6,1,1,1,7,5,1
Wolverhampton Wanderers,1,2,1,1,3,-1,0
Wolverhampton Wanderers,0,0,1,1,0,0,0.5
Wolverhampton Wanderers,2,2,1,1,4,0,0.5
Wolverhampton Wanderers,1,3,1,1,4,-2,0
Wolverhampton Wanderers,5,1,1,1,6,4,1
Wolverhampton Wanderers,2,1,1,1,3,1,1
Wolverhampton Wanderers,3,0,1,1,3,3,1
Wolverhampton Wanderers,4,1,1,1,5,3,1
Wolverhampton Wanderers,1,3,1,1,4,-2,0
Wolverhampton Wanderers,2,1,1,1,3,1,1
Accrington F.C.,1,1,1,1,2,0,0.5
Accrington F.C.,1,1,1,1,2,0,0.5
Accrington F.C.,1,1,1,1,2,0,0.5
Accrington F.C.,0,4,1,1,4,-4,0
Accrington F.C.,0,3,1,1,3,-3,0
Accrington F.C.,0,3,1,1,3,-3,0
Accrington F.C.,2,2,1,1,4,0,0.5
Accrington F.C.,1,1,1,1,2,0,0.5
Accrington F.C.,4,2,1,1,6,2,1
Accrington F.C.,1,2,1,1,3,-1,0
Accrington F.C.,4,2,1,1,6,2,1
Accrington F.C.,5,2,1,1,7,3,1
Accrington F.C.,0,6,1,1,6,-6,0
Accrington F.C.,5,4,1,1,9,1,1
Accrington F.C.,4,0,1,1,4,4,1
Aston Villa,6,4,1,1,10,2,1
Aston Villa,4,1,1,1,5,3,1
Aston Villa,1,1,1,1,2,0,0.5
Aston Villa,1,3,1,1,4,-2,0
Aston Villa,6,1,1,1,7,5,1
Aston Villa,4,1,1,1,5,3,1
Aston Villa,2,0,1,1,2,2,1
Aston Villa,1,0,1,1,1,1,1
Aston Villa,3,1,1,1,4,2,1
Aston Villa,3,1,1,1,4,2,1
Aston Villa,5,1,1,1,6,4,1
Aston Villa,3,2,1,1,5,1,1
Aston Villa,1,6,1,1,7,-5,0
Aston Villa,5,2,1,1,7,3,1
Aston Villa,5,0,1,1,5,5,1
Blackburn Rovers,3,3,1,1,6,0,0.5
Blackburn Rovers,2,2,1,1,4,0,0.5
Blackburn Rovers,3,0,1,1,3,3,1
Blackburn Rovers,2,0,1,1,2,2,1
Blackburn Rovers,2,2,1,1,4,0,0.5
Blackburn Rovers,2,2,1,1,4,0,0.5
Blackburn Rovers,4,3,1,1,7,1,1
Blackburn Rovers,0,1,1,1,1,-1,0
Blackburn Rovers,1,0,1,1,1,1,1
Blackburn Rovers,0,0,1,1,0,0,0.5
Blackburn Rovers,0,2,1,1,2,-2,0
Blackburn Rovers,3,3,1,1,6,0,0.5
Blackburn Rovers,2,2,1,1,4,0,0.5
Blackburn Rovers,2,1,1,1,3,1,1
Blackburn Rovers,3,3,1,1,6,0,0.5
Bolton Wanderers,5,2,1,1,7,3,1
Bolton Wanderers,5,0,1,1,5,5,1
Bolton Wanderers,2,1,1,1,3,1,1
Bolton Wanderers,1,0,1,1,1,1,1
Bolton Wanderers,0,3,1,1,3,-3,0
Bolton Wanderers,4,1,1,1,5,3,1
Bolton Wanderers,4,1,1,1,5,3,1
Bolton Wanderers,3,1,1,1,4,2,1
Bolton Wanderers,4,1,1,1,5,3,1
Bolton Wanderers,2,4,1,1,6,-2,0
Bolton Wanderers,1,0,1,1,1,1,1
Bolton Wanderers,4,4,1,1,8,0,0.5
Bolton Wanderers,2,1,1,1,3,1,1
Bolton Wanderers,3,1,1,1,4,2,1
Bolton Wanderers,3,1,1,1,4,2,1
Burnley,1,3,1,1,4,-2,0
Burnley,0,2,1,1,2,-2,0
Burnley,0,0,1,1,0,0,0.5
Burnley,3,0,1,1,3,3,1
Burnley,2,1,1,1,3,1,1
Burnley,3,0,1,1,3,3,1
Burnley,4,1,1,1,5,3,1
Burnley,1,1,1,1,2,0,0.5
Burnley,3,0,1,1,3,3,1
Burnley,4,2,1,1,6,2,1
Burnley,4,0,1,1,4,4,1
Burnley,3,2,1,1,5,1,1
Burnley,2,3,1,1,5,-1,0
Burnley,5,0,1,1,5,5,1
Burnley,2,0,1,1,2,2,1
Derby County,3,3,1,1,6,0,0.5
Derby County,2,1,1,1,3,1,1
Derby County,3,0,1,1,3,3,1
Derby County,1,1,1,1,2,0,0.5
Derby County,1,0,1,1,1,1,1
Derby County,1,6,1,1,7,-5,0
Derby County,5,1,1,1,6,4,1
Derby County,2,3,1,1,5,-1,0
Derby County,4,5,1,1,9,-1,0
Derby County,1,2,1,1,3,-1,0
Derby County,2,2,1,1,4,0,0.5
Derby County,1,0,1,1,1,1,1
Derby County,1,1,1,1,2,0,0.5
Derby County,1,1,1,1,2,0,0.5
Derby County,2,2,1,1,4,0,0.5
Everton,1,1,1,1,2,0,0.5
Everton,1,0,1,1,1,1,1
Everton,4,0,1,1,4,4,1
Everton,3,0,1,1,3,3,1
Everton,0,1,1,1,1,-1,0
Everton,5,0,1,1,5,5,1
Everton,6,0,1,1,6,6,1
Everton,2,2,1,1,4,0,0.5
Everton,6,0,1,1,6,6,1
Everton,6,0,1,1,6,6,1
Everton,3,5,1,1,8,-2,0
Everton,2,2,1,1,4,0,0.5
Everton,1,4,1,1,5,-3,0
Everton,1,0,1,1,1,1,1
Everton,3,2,1,1,5,1,1
Manchester United,3,3,1,1,6,0,0.5
Manchester United,2,0,1,1,2,2,1
Manchester United,4,4,1,1,8,0,0.5
Manchester United,1,0,1,1,1,1,1
Manchester United,1,1,1,1,2,0,0.5
Manchester United,7,1,1,1,8,6,1
Manchester United,3,4,1,1,7,-1,0
Manchester United,1,3,1,1,4,-2,0
Manchester United,1,3,1,1,4,-2,0
Manchester United,2,1,1,1,3,1,1
Manchester United,1,5,1,1,6,-4,0
Manchester United,1,0,1,1,1,1,1
Manchester United,0,5,1,1,5,-5,0
Manchester United,2,4,1,1,6,-2,0
Manchester United,10,1,1,1,11,9,1
Nottingham Forest,3,0,1,1,3,3,1
Nottingham Forest,4,5,1,1,9,-1,0
Nottingham Forest,0,1,1,1,1,-1,0
Nottingham Forest,2,0,1,1,2,2,1
Nottingham Forest,2,2,1,1,4,0,0.5
Nottingham Forest,1,0,1,1,1,1,1
Nottingham Forest,2,1,1,1,3,1,1
Nottingham Forest,1,1,1,1,2,0,0.5
Nottingham Forest,3,1,1,1,4,2,1
Nottingham Forest,1,2,1,1,3,-1,0
Nottingham Forest,2,0,1,1,2,2,1
Nottingham Forest,3,4,1,1,7,-1,0
Nottingham Forest,0,5,1,1,5,-5,0
Nottingham Forest,3,4,1,1,7,-1,0
Nottingham Forest,3,1,1,1,4,2,1
Notts County,2,0,1,1,2,2,1
Notts County,1,4,1,1,5,-3,0
Notts County,0,0,1,1,0,0,0.5
Notts County,2,2,1,1,4,0,0.5
Notts County,3,1,1,1,4,2,1
Notts County,1,1,1,1,2,0,0.5
Notts County,1,2,1,1,3,-1,0
Notts County,4,0,1,1,4,4,1
Notts County,3,0,1,1,3,3,1
Notts County,3,1,1,1,4,2,1
Notts County,0,1,1,1,1,-1,0
Notts County,0,1,1,1,1,-1,0
Notts County,3,1,1,1,4,2,1
Notts County,8,1,1,1,9,7,1
Notts County,3,0,1,1,3,3,1
Preston North End,0,0,1,1,0,0,0.5
Preston North End,4,1,1,1,5,3,1
Preston North End,2,1,1,1,3,1,1
Preston North End,2,1,1,1,3,1,1
Preston North End,2,0,1,1,2,2,1
Preston North End,0,1,1,1,1,-1,0
Preston North End,5,0,1,1,5,5,1
Preston North End,2,1,1,1,3,1,1
Preston North End,1,0,1,1,1,1,1
Preston North End,4,0,1,1,4,4,1
Preston North End,4,1,1,1,5,3,1
Preston North End,2,1,1,1,3,1,1
Preston North End,1,2,1,1,3,-1,0
Preston North End,1,1,1,1,2,0,0.5
Preston North End,4,0,1,1,4,4,1
Sheffield Wednesday,5,2,1,1,7,3,1
Sheffield Wednesday,5,3,1,1,8,2,1
Sheffield Wednesday,0,3,1,1,3,-3,0
Sheffield Wednesday,4,2,1,1,6,2,1
Sheffield Wednesday,2,0,1,1,2,2,1
Sheffield Wednesday,3,3,1,1,6,0,0.5
Sheffield Wednesday,0,2,1,1,2,-2,0
Sheffield Wednesday,1,0,1,1,1,1,1
Sheffield Wednesday,2,2,1,1,4,0,0.5
Sheffield Wednesday,3,2,1,1,5,1,1
Sheffield Wednesday,0,5,1,1,5,-5,0
Sheffield Wednesday,0,1,1,1,1,-1,0
Sheffield Wednesday,3,2,1,1,5,1,1
Sheffield Wednesday,6,0,1,1,6,6,1
Sheffield Wednesday,0,1,1,1,1,-1,0
Stoke City,2,2,1,1,4,0,0.5
Stoke City,0,1,1,1,1,-1,0
Stoke City,2,2,1,1,4,0,0.5
Stoke City,6,0,1,1,6,6,1
Stoke City,4,1,1,1,5,3,1
Stoke City,1,3,1,1,4,-2,0
Stoke City,0,1,1,1,1,-1,0
Stoke City,7,1,1,1,8,6,1
Stoke City,3,0,1,1,3,3,1
Stoke City,1,0,1,1,1,1,1
Stoke City,2,1,1,1,3,1,1
Stoke City,2,0,1,1,2,2,1
Stoke City,0,1,1,1,1,-1,0
Stoke City,1,2,1,1,3,-1,0
Stoke City,2,1,1,1,3,1,1
Sunderland,4,2,1,1,6,2,1
Sunderland,6,0,1,1,6,6,1
Sunderland,5,0,1,1,5,5,1
Sunderland,3,3,1,1,6,0,0.5
Sunderland,2,0,1,1,2,2,1
Sunderland,3,1,1,1,4,2,1
Sunderland,4,3,1,1,7,1,1
Sunderland,6,0,1,1,6,6,1
Sunderland,1,0,1,1,1,1,1
Sunderland,2,2,1,1,4,0,0.5
Sunderland,2,0,1,1,2,2,1
Sunderland,4,2,1,1,6,2,1
Sunderland,3,1,1,1,4,2,1
Sunderland,8,1,1,1,9,7,1
Sunderland,5,2,1,1,7,3,1
West Bromwich Albion,4,0,1,1,4,4,1
West Bromwich Albion,3,2,1,1,5,1,1
West Bromwich Albion,1,2,1,1,3,-1,0
West Bromwich Albion,1,0,1,1,1,1,1
West Bromwich Albion,7,1,1,1,8,6,1
West Bromwich Albion,3,1,1,1,4,2,1
West Bromwich Albion,3,0,1,1,3,3,1
West Bromwich Albion,0,0,1,1,0,0,0.5
West Bromwich Albion,2,2,1,1,4,0,0.5
West Bromwich Albion,4,2,1,1,6,2,1
West Bromwich Albion,0,1,1,1,1,-1,0
West Bromwich Albion,3,0,1,1,3,3,1
West Bromwich Albion,1,2,1,1,3,-1,0
West Bromwich Albion,1,3,1,1,4,-2,0
West Bromwich Albion,2,1,1,1,3,1,1
Wolverhampton Wanderers,5,3,1,1,8,2,1
Wolverhampton Wanderers,2,1,1,1,3,1,1
Wolverhampton Wanderers,4,2,1,1,6,2,1
Wolverhampton Wanderers,1,2,1,1,3,-1,0
Wolverhampton Wanderers,1,0,1,1,1,1,1
Wolverhampton Wanderers,2,1,1,1,3,1,1
Wolverhampton Wanderers,2,4,1,1,6,-2,0
Wolverhampton Wanderers,2,0,1,1,2,2,1
Wolverhampton Wanderers,2,2,1,1,4,0,0.5
Wolverhampton Wanderers,3,0,1,1,3,3,1
Wolverhampton Wanderers,2,1,1,1,3,1,1
Wolverhampton Wanderers,2,0,1,1,2,2,1
Wolverhampton Wanderers,1,0,1,1,1,1,1
Wolverhampton Wanderers,2,0,1,1,2,2,1
Wolverhampton Wanderers,1,1,1,1,2,0,0.5
Birmingham City,6,2,2,2,8,4,1
Birmingham City,3,2,2,2,5,1,1
Birmingham City,6,0,2,2,6,6,1
Birmingham City,3,2,2,2,5,1,1
Birmingham City,8,3,2,2,11,5,1
Birmingham City,4,1,2,2,5,3,1
Birmingham City,3,2,2,2,5,1,1
Birmingham City,6,2,2,2,8,4,1
Birmingham City,5,1,2,2,6,4,1
Birmingham City,1,1,2,2,2,0,0.5
Birmingham City,12,0,2,2,12,12,1
Bootle,1,4,2,2,5,-3,0
Bootle,3,2,2,2,5,1,1
Bootle,2,1,2,2,3,1,1
Bootle,5,1,2,2,6,4,1
Bootle,3,1,2,2,4,2,1
Bootle,4,1,2,2,5,3,1
Bootle,5,3,2,2,8,2,1
Bootle,2,5,2,2,7,-3,0
Bootle,1,1,2,2,2,0,0.5
Bootle,2,0,2,2,2,2,1
Bootle,7,1,2,2,8,6,1
Burton Swifts,2,3,2,2,5,-1,0
Burton Swifts,2,1,2,2,3,1,1
Burton Swifts,7,1,2,2,8,6,1
Burton Swifts,0,2,2,2,2,-2,0
Burton Swifts,5,1,2,2,6,4,1
Burton Swifts,4,2,2,2,6,2,1
Burton Swifts,2,0,2,2,2,2,1
Burton Swifts,2,0,2,2,2,2,1
Burton Swifts,3,3,2,2,6,0,0.5
Burton Swifts,0,3,2,2,3,-3,0
Burton Swifts,3,2,2,2,5,1,1
Crewe Alexandra,1,3,2,2,4,-2,0
Crewe Alexandra,2,1,2,2,3,1,1
Crewe Alexandra,2,4,2,2,6,-2,0
Crewe Alexandra,2,2,2,2,4,0,0.5
Crewe Alexandra,1,0,2,2,1,1,1
Crewe Alexandra,4,1,2,2,5,3,1
Crewe Alexandra,4,1,2,2,5,3,1
Crewe Alexandra,4,2,2,2,6,2,1
Crewe Alexandra,5,0,2,2,5,5,1
Crewe Alexandra,0,4,2,2,4,-4,0
Crewe Alexandra,5,6,2,2,11,-1,0
Darwen,4,3,2,2,7,1,1
Darwen,3,0,2,2,3,3,1
Darwen,2,3,2,2,5,-1,0
Darwen,7,3,2,2,10,4,1
Darwen,6,1,2,2,7,5,1
Darwen,3,1,2,2,4,2,1
Darwen,3,1,2,2,4,2,1
Darwen,3,1,2,2,4,2,1
Darwen,4,1,2,2,5,3,1
Darwen,3,1,2,2,4,2,1
Darwen,5,0,2,2,5,5,1
Grimsby Town,3,2,2,2,5,1,1
Grimsby Town,3,0,2,2,3,3,1
Grimsby Town,4,0,2,2,4,4,1
Grimsby Town,4,0,2,2,4,4,1
Grimsby Town,0,1,2,2,1,-1,0
Grimsby Town,2,2,2,2,4,0,0.5
Grimsby Town,2,0,2,2,2,2,1
Grimsby Town,2,1,2,2,3,1,1
Grimsby Town,2,0,2,2,2,2,1
Grimsby Town,0,1,2,2,1,-1,0
Grimsby Town,3,0,2,2,3,3,1
Lincoln City,3,4,2,2,7,-1,0
Lincoln City,5,1,2,2,6,4,1
Lincoln City,5,1,2,2,6,4,1
Lincoln City,1,1,2,2,2,0,0.5
Lincoln City,1,1,2,2,2,0,0.5
Lincoln City,1,3,2,2,4,-2,0
Lincoln City,2,1,2,2,3,1,1
Lincoln City,5,1,2,2,6,4,1
Lincoln City,3,4,2,2,7,-1,0
Lincoln City,1,0,2,2,1,1,1
Lincoln City,3,1,2,2,4,2,1
Manchester City,2,2,2,2,4,0,0.5
Manchester City,7,0,2,2,7,7,1
Manchester City,1,1,2,2,2,0,0.5
Manchester City,3,1,2,2,4,2,1
Manchester City,4,2,2,2,6,2,1
Manchester City,0,3,2,2,3,-3,0
Manchester City,3,1,2,2,4,2,1
Manchester City,1,1,2,2,2,0,0.5
Manchester City,2,0,2,2,2,2,1
Manchester City,2,3,2,2,5,-1,0
Manchester City,2,0,2,2,2,2,1
Northwich Victoria,0,6,2,2,6,-6,0
Northwich Victoria,3,2,2,2,5,1,1
Northwich Victoria,2,1,2,2,3,1,1
Northwich Victoria,4,1,2,2,5,3,1
Northwich Victoria,1,0,2,2,1,1,1
Northwich Victoria,5,3,2,2,8,2,1
Northwich Victoria,2,1,2,2,3,1,1
Northwich Victoria,0,3,2,2,3,-3,0
Northwich Victoria,2,4,2,2,6,-2,0
Northwich Victoria,1,3,2,2,4,-2,0
Northwich Victoria,5,2,2,2,7,3,1
Port Vale,0,3,2,2,3,-3,0
Port Vale,0,0,2,2,0,0,0.5
Port Vale,1,0,2,2,1,1,1
Port Vale,4,1,2,2,5,3,1
Port Vale,2,4,2,2,6,-2,0
Port Vale,0,1,2,2,1,-1,0
Port Vale,1,2,2,2,3,-1,0
Port Vale,1,2,2,2,3,-1,0
Port Vale,4,0,2,2,4,4,1
Port Vale,0,10,2,2,10,-10,0
Port Vale,3,0,2,2,3,3,1
Sheffield United,2,0,2,2,2,2,1
Sheffield United,8,3,2,2,11,5,1
Sheffield United,3,1,2,2,4,2,1
Sheffield United,4,0,2,2,4,4,1
Sheffield United,2,0,2,2,2,2,1
Sheffield United,2,0,2,2,2,2,1
Sheffield United,4,2,2,2,6,2,1
Sheffield United,2,1,2,2,3,1,1
Sheffield United,1,1,2,2,2,0,0.5
Sheffield United,4,0,2,2,4,4,1
Sheffield United,3,0,2,2,3,3,1
Walsall,1,3,2,2,4,-2,0
Walsall,4,4,2,2,8,0,0.5
Walsall,3,2,2,2,5,1,1
Walsall,3,3,2,2,6,0,0.5
Walsall,1,2,2,2,3,-1,0
Walsall,3,1,2,2,4,2,1
Walsall,2,1,2,2,3,1,1
Walsall,2,4,2,2,6,-2,0
Walsall,2,3,2,2,5,-1,0
Walsall,3,0,2,2,3,3,1
Walsall,1,1,2,2,2,0,0.5
Aston Villa,2,1,1,1,3,1,1
Aston Villa,2,3,1,1,5,-1,0
Aston Villa,4,0,1,1,4,4,1
Aston Villa,9,0,1,1,9,9,1
Aston Villa,1,1,1,1,2,0,0.5
Aston Villa,3,1,1,1,4,2,1
Aston Villa,5,1,1,1,6,4,1
Aston Villa,3,1,1,1,4,2,1
Aston Villa,2,0,1,1,2,2,1
Aston Villa,4,0,1,1,4,4,1
Aston Villa,3,0,1,1,3,3,1
Aston Villa,5,1,1,1,6,4,1
Aston Villa,2,1,1,1,3,1,1
Aston Villa,3,2,1,1,5,1,1
Aston Villa,1,1,1,1,2,0,0.5
Blackburn Rovers,2,0,1,1,2,2,1
Blackburn Rovers,0,1,1,1,1,-1,0
Blackburn Rovers,3,2,1,1,5,1,1
Blackburn Rovers,4,1,1,1,5,3,1
Blackburn Rovers,0,2,1,1,2,-2,0
Blackburn Rovers,4,3,1,1,7,1,1
Blackburn Rovers,4,0,1,1,4,4,1
Blackburn Rovers,6,1,1,1,7,5,1
Blackburn Rovers,1,0,1,1,1,1,1
Blackburn Rovers,4,1,1,1,5,3,1
Blackburn Rovers,5,1,1,1,6,4,1
Blackburn Rovers,5,0,1,1,5,5,1
Blackburn Rovers,4,3,1,1,7,1,1
Blackburn Rovers,3,0,1,1,3,3,1
Blackburn Rovers,3,0,1,1,3,3,1
Bolton Wanderers,0,1,1,1,1,-1,0
Bolton Wanderers,2,1,1,1,3,1,1
Bolton Wanderers,2,0,1,1,2,2,1
Bolton Wanderers,1,0,1,1,1,1,1
Bolton Wanderers,1,1,1,1,2,0,0.5
Bolton Wanderers,0,1,1,1,1,-1,0
Bolton Wanderers,2,0,1,1,2,2,1
Bolton Wanderers,1,1,1,1,2,0,0.5
Bolton Wanderers,0,3,1,1,3,-3,0
Bolton Wanderers,0,1,1,1,1,-1,0
Bolton Wanderers,1,1,1,1,2,0,0.5
Bolton Wanderers,4,1,1,1,5,3,1
Bolton Wanderers,2,0,1,1,2,2,1
Bolton Wanderers,0,3,1,1,3,-3,0
Bolton Wanderers,2,0,1,1,2,2,1
Burnley,3,6,1,1,9,-3,0
Burnley,1,0,1,1,1,1,1
Burnley,2,1,1,1,3,1,1
Burnley,5,1,1,1,6,4,1
Burnley,3,1,1,1,4,2,1
Burnley,2,1,1,1,3,1,1
Burnley,4,1,1,1,5,3,1
Burnley,3,1,1,1,4,2,1
Burnley,4,1,1,1,5,3,1
Burnley,4,1,1,1,5,3,1
Burnley,0,1,1,1,1,-1,0
Burnley,4,0,1,1,4,4,1
Burnley,1,0,1,1,1,1,1
Burnley,3,0,1,1,3,3,1
Burnley,4,2,1,1,6,2,1
Darwen,1,1,1,1,2,0,0.5
Darwen,2,3,1,1,5,-1,0
Darwen,1,3,1,1,4,-2,0
Darwen,0,0,1,1,0,0,0.5
Darwen,2,3,1,1,5,-1,0
Darwen,3,3,1,1,6,0,0.5
Darwen,1,0,1,1,1,1,1
Darwen,0,4,1,1,4,-4,0
Darwen,2,1,1,1,3,1,1
Darwen,3,3,1,1,6,0,0.5
Darwen,2,1,1,1,3,1,1
Darwen,3,1,1,1,4,2,1
Darwen,0,3,1,1,3,-3,0
Darwen,2,1,1,1,3,1,1
Darwen,3,1,1,1,4,2,1
Derby County,0,3,1,1,3,-3,0
Derby County,5,2,1,1,7,3,1
Derby County,6,1,1,1,7,5,1
Derby County,3,3,1,1,6,0,0.5
Derby County,2,1,1,1,3,1,1
Derby County,7,3,1,1,10,4,1
Derby County,2,0,1,1,2,2,1
Derby County,3,4,1,1,7,-1,0
Derby County,2,1,1,1,3,1,1
Derby County,2,1,1,1,3,1,1
Derby County,3,3,1,1,6,0,0.5
Derby County,5,2,1,1,7,3,1
Derby County,1,4,1,1,5,-3,0
Derby County,2,3,1,1,5,-1,0
Derby County,4,1,1,1,5,3,1
Everton,4,2,1,1,6,2,1
Everton,2,2,1,1,4,0,0.5
Everton,3,2,1,1,5,1,1
Everton,4,3,1,1,7,1,1
Everton,8,1,1,1,9,7,1
Everton,1,2,1,1,3,-1,0
Everton,2,0,1,1,2,2,1
Everton,4,0,1,1,4,4,1
Everton,2,3,1,1,5,-1,0
Everton,2,3,1,1,5,-1,0
Everton,8,1,1,1,9,7,1
Everton,6,2,1,1,8,4,1
Everton,7,1,1,1,8,6,1
Everton,7,1,1,1,8,6,1
Everton,3,0,1,1,3,3,1
Manchester United,1,3,1,1,4,-2,0
Manchester United,5,1,1,1,6,4,1
Manchester United,2,2,1,1,4,0,0.5
Manchester United,3,2,1,1,5,1,1
Manchester United,0,1,1,1,1,-1,0
Manchester United,2,6,1,1,8,-4,0
Manchester United,0,3,1,1,3,-3,0
Manchester United,1,1,1,1,2,0,0.5
Manchester United,1,3,1,1,4,-2,0
Manchester United,0,2,1,1,2,-2,0
Manchester United,1,2,1,1,3,-1,0
Manchester United,6,2,1,1,8,4,1
Manchester United,2,4,1,1,6,-2,0
Manchester United,4,1,1,1,5,3,1
Manchester United,1,0,1,1,1,1,1
Nottingham Forest,1,2,1,1,3,-1,0
Nottingham Forest,0,0,1,1,0,0,0.5
Nottingham Forest,1,0,1,1,1,1,1
Nottingham Forest,5,0,1,1,5,5,1
Nottingham Forest,4,1,1,1,5,3,1
Nottingham Forest,4,2,1,1,6,2,1
Nottingham Forest,3,2,1,1,5,1,1
Nottingham Forest,2,0,1,1,2,2,1
Nottingham Forest,4,2,1,1,6,2,1
Nottingham Forest,1,1,1,1,2,0,0.5
Nottingham Forest,1,0,1,1,1,1,1
Nottingham Forest,2,0,1,1,2,2,1
Nottingham Forest,1,2,1,1,3,-1,0
Nottingham Forest,2,3,1,1,5,-1,0
Nottingham Forest,7,1,1,1,8,6,1
Preston North End,2,5,1,1,7,-3,0
Preston North End,0,1,1,1,1,-1,0
Preston North End,1,0,1,1,1,1,1
Preston North End,1,2,1,1,3,-1,0
Preston North End,4,1,1,1,5,3,1
Preston North End,1,0,1,1,1,1,1
Preston North End,2,4,1,1,6,-2,0
Preston North End,2,0,1,1,2,2,1
Preston North End,0,2,1,1,2,-2,0
Preston North End,3,0,1,1,3,3,1
Preston North End,1,0,1,1,1,1,1
Preston North End,3,3,1,1,6,0,0.5
Preston North End,1,2,1,1,3,-1,0
Preston North End,3,1,1,1,4,2,1
Preston North End,1,3,1,1,4,-2,0
Sheffield United,3,0,1,1,3,3,1
Sheffield United,3,2,1,1,5,1,1
Sheffield United,4,2,1,1,6,2,1
Sheffield United,1,0,1,1,1,1,1
Sheffield United,2,1,1,1,3,1,1
Sheffield United,1,2,1,1,3,-1,0
Sheffield United,0,3,1,1,3,-3,0
Sheffield United,3,1,1,1,4,2,1
Sheffield United,0,2,1,1,2,-2,0
Sheffield United,1,1,1,1,2,0,0.5
Sheffield United,1,1,1,1,2,0,0.5
Sheffield United,3,3,1,1,6,0,0.5
Sheffield United,1,0,1,1,1,1,1
Sheffield United,0,2,1,1,2,-2,0
Sheffield United,3,2,1,1,5,1,1
Sheffield Wednesday,2,2,1,1,4,0,0.5
Sheffield Wednesday,4,2,1,1,6,2,1
Sheffield Wednesday,2,1,1,1,3,1,1
Sheffield Wednesday,0,1,1,1,1,-1,0
Sheffield Wednesday,5,0,1,1,5,5,1
Sheffield Wednesday,4,0,1,1,4,4,1
Sheffield Wednesday,1,1,1,1,2,0,0.5
Sheffield Wednesday,0,1,1,1,1,-1,0
Sheffield Wednesday,1,0,1,1,1,1,1
Sheffield Wednesday,3,0,1,1,3,3,1
Sheffield Wednesday,1,2,1,1,3,-1,0
Sheffield Wednesday,4,1,1,1,5,3,1
Sheffield Wednesday,2,2,1,1,4,0,0.5
Sheffield Wednesday,2,4,1,1,6,-2,0
Sheffield Wednesday,1,4,1,1,5,-3,0
Stoke City,3,3,1,1,6,0,0.5
Stoke City,3,1,1,1,4,2,1
Stoke City,5,0,1,1,5,5,1
Stoke City,4,2,1,1,6,2,1
Stoke City,3,1,1,1,4,2,1
Stoke City,3,1,1,1,4,2,1
Stoke City,3,1,1,1,4,2,1
Stoke City,3,1,1,1,4,2,1
Stoke City,2,1,1,1,3,1,1
Stoke City,2,1,1,1,3,1,1
Stoke City,5,0,1,1,5,5,1
Stoke City,4,1,1,1,5,3,1
Stoke City,2,0,1,1,2,2,1
Stoke City,3,1,1,1,4,2,1
Stoke City,0,3,1,1,3,-3,0
Sunderland,1,1,1,1,2,0,0.5
Sunderland,2,3,1,1,5,-1,0
Sunderland,2,1,1,1,3,1,1
Sunderland,2,2,1,1,4,0,0.5
Sunderland,4,0,1,1,4,4,1
Sunderland,5,0,1,1,5,5,1
Sunderland,1,0,1,1,1,1,1
Sunderland,4,1,1,1,5,3,1
Sunderland,2,0,1,1,2,2,1
Sunderland,6,3,1,1,9,3,1
Sunderland,4,1,1,1,5,3,1
Sunderland,1,1,1,1,2,0,0.5
Sunderland,4,0,1,1,4,4,1
Sunderland,2,1,1,1,3,1,1
Sunderland,6,0,1,1,6,6,1
West Bromwich Albion,3,6,1,1,9,-3,0
West Bromwich Albion,2,1,1,1,3,1,1
West Bromwich Albion,5,2,1,1,7,3,1
West Bromwich Albion,1,1,1,1,2,0,0.5
West Bromwich Albion,2,2,1,1,4,0,0.5
West Bromwich Albion,0,1,1,1,1,-1,0
West Bromwich Albion,3,1,1,1,4,2,1
West Bromwich Albion,3,1,1,1,4,2,1
West Bromwich Albion,3,0,1,1,3,3,1
West Bromwich Albion,2,0,1,1,2,2,1
West Bromwich Albion,3,1,1,1,4,2,1
West Bromwich Albion,2,2,1,1,4,0,0.5
West Bromwich Albion,4,2,1,1,6,2,1
West Bromwich Albion,2,3,1,1,5,-1,0
West Bromwich Albion,0,0,1,1,0,0,0.5
Wolverhampton Wanderers,3,0,1,1,3,3,1
Wolverhampton Wanderers,5,1,1,1,6,4,1
Wolverhampton Wanderers,2,1,1,1,3,1,1
Wolverhampton Wanderers,1,0,1,1,1,1,1
Wolverhampton Wanderers,2,1,1,1,3,1,1
Wolverhampton Wanderers,2,4,1,1,6,-2,0
Wolverhampton Wanderers,2,0,1,1,2,2,1
Wolverhampton Wanderers,2,0,1,1,2,2,1
Wolverhampton Wanderers,3,1,1,1,4,2,1
Wolverhampton Wanderers,0,0,1,1,0,0,0.5
Wolverhampton Wanderers,3,4,1,1,7,-1,0
Wolverhampton Wanderers,3,1,1,1,4,2,1
Wolverhampton Wanderers,4,2,1,1,6,2,1
Wolverhampton Wanderers,2,1,1,1,3,1,1
Wolverhampton Wanderers,0,8,1,1,8,-8,0
Arsenal,1,4,2,2,5,-3,0
Arsenal,0,2,2,2,2,-2,0
Arsenal,3,2,2,2,5,1,1
Arsenal,3,1,2,2,4,2,1
Arsenal,4,0,2,2,4,4,1
Arsenal,0,5,2,2,5,-5,0
Arsenal,1,0,2,2,1,1,1
Arsenal,1,0,2,2,1,1,1
Arsenal,2,2,2,2,4,0,0.5
Arsenal,6,0,2,2,6,6,1
Arsenal,1,2,2,2,3,-1,0
Arsenal,4,1,2,2,5,3,1
Arsenal,3,0,2,2,3,3,1
Arsenal,4,0,2,2,4,4,1
Birmingham City,4,1,2,2,5,3,1
Birmingham City,6,1,2,2,7,5,1
Birmingham City,6,1,2,2,7,5,1
Birmingham City,5,2,2,2,7,3,1
Birmingham City,6,0,2,2,6,6,1
Birmingham City,3,4,2,2,7,-1,0
Birmingham City,10,2,2,2,12,8,1
Birmingham City,2,1,2,2,3,1,1
Birmingham City,1,4,2,2,5,-3,0
Birmingham City,8,0,2,2,8,8,1
Birmingham City,3,0,2,2,3,3,1
Birmingham City,6,0,2,2,6,6,1
Birmingham City,4,3,2,2,7,1,1
Birmingham City,4,0,2,2,4,4,1
Burton Swifts,6,2,2,2,8,4,1
Burton Swifts,0,2,2,2,2,-2,0
Burton Swifts,6,1,2,2,7,5,1
Burton Swifts,0,3,2,2,3,-3,0
Burton Swifts,1,3,2,2,4,-2,0
Burton Swifts,1,1,2,2,2,0,0.5
Burton Swifts,5,0,2,2,5,5,1
Burton Swifts,7,0,2,2,7,7,1
Burton Swifts,3,1,2,2,4,2,1
Burton Swifts,6,2,2,2,8,4,1
Burton Swifts,0,2,2,2,2,-2,0
Burton Swifts,5,3,2,2,8,2,1
Burton Swifts,4,1,2,2,5,3,1
Burton Swifts,8,5,2,2,13,3,1
Crewe Alexandra,0,0,2,2,0,0,0.5
Crewe Alexandra,3,5,2,2,8,-2,0
Crewe Alexandra,1,2,2,2,3,-1,0
Crewe Alexandra,3,3,2,2,6,0,0.5
Crewe Alexandra,1,1,2,2,2,0,0.5
Crewe Alexandra,0,5,2,2,5,-5,0
Crewe Alexandra,1,1,2,2,2,0,0.5
Crewe Alexandra,5,0,2,2,5,5,1
Crewe Alexandra,1,1,2,2,2,0,0.5
Crewe Alexandra,3,0,2,2,3,3,1
Crewe Alexandra,0,2,2,2,2,-2,0
Crewe Alexandra,1,1,2,2,2,0,0.5
Crewe Alexandra,2,0,2,2,2,2,1
Crewe Alexandra,1,1,2,2,2,0,0.5
Grimsby Town,3,1,2,2,4,2,1
Grimsby Town,2,1,2,2,3,1,1
Grimsby Town,2,1,2,2,3,1,1
Grimsby Town,3,2,2,2,5,1,1
Grimsby Town,2,4,2,2,6,-2,0
Grimsby Town,0,1,2,2,1,-1,0
Grimsby Town,5,0,2,2,5,5,1
Grimsby Town,2,1,2,2,3,1,1
Grimsby Town,0,0,2,2,0,0,0.5
Grimsby Town,7,0,2,2,7,7,1
Grimsby Town,5,2,2,2,7,3,1
Grimsby Town,4,0,2,2,4,4,1
Grimsby Town,7,1,2,2,8,6,1
Grimsby Town,5,2,2,2,7,3,1
Lincoln City,3,0,2,2,3,3,1
Lincoln City,2,5,2,2,7,-3,0
Lincoln City,1,1,2,2,2,0,0.5
Lincoln City,6,1,2,2,7,5,1
Lincoln City,1,2,2,2,3,-1,0
Lincoln City,1,1,2,2,2,0,0.5
Lincoln City,6,0,2,2,6,6,1
Lincoln City,2,3,2,2,5,-1,0
Lincoln City,2,1,2,2,3,1,1
Lincoln City,4,1,2,2,5,3,1
Lincoln City,0,2,2,2,2,-2,0
Lincoln City,2,2,2,2,4,0,0.5
Lincoln City,1,1,2,2,2,0,0.5
Lincoln City,0,2,2,2,2,-2,0
Liverpool,2,0,2,2,2,2,1
Liverpool,3,1,2,2,4,2,1
Liverpool,3,1,2,2,4,2,1
Liverpool,2,0,2,2,2,2,1
Liverpool,2,0,2,2,2,2,1
Liverpool,4,0,2,2,4,4,1
Liverpool,3,0,2,2,3,3,1
Liverpool,6,0,2,2,6,6,1
Liverpool,5,1,2,2,6,4,1
Liverpool,4,0,2,2,4,4,1
Liverpool,2,1,2,2,3,1,1
Liverpool,2,1,2,2,3,1,1
Liverpool,5,1,2,2,6,4,1
Liverpool,3,0,2,2,3,3,1
Manchester City,0,1,2,2,1,-1,0
Manchester City,0,1,2,2,1,-1,0
Manchester City,1,4,2,2,5,-3,0
Manchester City,1,2,2,2,3,-1,0
Manchester City,4,1,2,2,5,3,1
Manchester City,0,1,2,2,1,-1,0
Manchester City,0,1,2,2,1,-1,0
Manchester City,6,1,2,2,7,5,1
Manchester City,2,3,2,2,5,-1,0
Manchester City,4,2,2,2,6,2,1
Manchester City,0,0,2,2,0,0,0.5
Manchester City,8,1,2,2,9,7,1
Manchester City,3,2,2,2,5,1,1
Manchester City,3,0,2,2,3,3,1
Middlesbrough Ironopolis,3,6,2,2,9,-3,0
Middlesbrough Ironopolis,3,0,2,2,3,3,1
Middlesbrough Ironopolis,2,1,2,2,3,1,1
Middlesbrough Ironopolis,2,0,2,2,2,2,1
Middlesbrough Ironopolis,2,6,2,2,8,-4,0
Middlesbrough Ironopolis,0,0,2,2,0,0,0.5
Middlesbrough Ironopolis,0,2,2,2,2,-2,0
Middlesbrough Ironopolis,2,0,2,2,2,2,1
Middlesbrough Ironopolis,1,1,2,2,2,0,0.5
Middlesbrough Ironopolis,2,1,2,2,3,1,1
Middlesbrough Ironopolis,0,0,2,2,0,0,0.5
Middlesbrough Ironopolis,3,1,2,2,4,2,1
Middlesbrough Ironopolis,6,1,2,2,7,5,1
Middlesbrough Ironopolis,1,1,2,2,2,0,0.5
Newcastle United,6,0,2,2,6,6,1
Newcastle United,0,2,2,2,2,-2,0
Newcastle United,4,1,2,2,5,3,1
Newcastle United,2,1,2,2,3,1,1
Newcastle United,4,1,2,2,5,3,1
Newcastle United,5,1,2,2,6,4,1
Newcastle United,0,0,2,2,0,0,0.5
Newcastle United,2,1,2,2,3,1,1
Newcastle United,7,2,2,2,9,5,1
Newcastle United,3,0,2,2,3,3,1
Newcastle United,3,0,2,2,3,3,1
Newcastle United,2,1,2,2,3,1,1
Newcastle United,4,0,2,2,4,4,1
Newcastle United,2,0,2,2,2,2,1
Northwich Victoria,2,2,2,2,4,0,0.5
Northwich Victoria,0,7,2,2,7,-7,0
Northwich Victoria,1,1,2,2,2,0,0.5
Northwich Victoria,1,2,2,2,3,-1,0
Northwich Victoria,0,1,2,2,1,-1,0
Northwich Victoria,0,3,2,2,3,-3,0
Northwich Victoria,2,3,2,2,5,-1,0
Northwich Victoria,1,4,2,2,5,-3,0
Northwich Victoria,2,1,2,2,3,1,1
Northwich Victoria,5,3,2,2,8,2,1
Northwich Victoria,0,1,2,2,1,-1,0
Northwich Victoria,1,5,2,2,6,-4,0
Northwich Victoria,1,1,2,2,2,0,0.5
Northwich Victoria,1,0,2,2,1,1,1
Notts County,3,2,2,2,5,1,1
Notts County,3,1,2,2,4,2,1
Notts County,6,2,2,2,8,4,1
Notts County,9,1,2,2,10,8,1
Notts County,3,0,2,2,3,3,1
Notts County,1,2,2,2,3,-1,0
Notts County,1,1,2,2,2,0,0.5
Notts County,5,0,2,2,5,5,1
Notts County,3,0,2,2,3,3,1
Notts County,3,1,2,2,4,2,1
Notts County,6,1,2,2,7,5,1
Notts County,6,1,2,2,7,5,1
Notts County,4,2,2,2,6,2,1
Notts County,2,0,2,2,2,2,1
Port Vale,2,1,2,2,3,1,1
Port Vale,5,0,2,2,5,5,1
Port Vale,3,1,2,2,4,2,1
Port Vale,4,2,2,2,6,2,1
Port Vale,6,1,2,2,7,5,1
Port Vale,5,3,2,2,8,2,1
Port Vale,2,2,2,2,4,0,0.5
Port Vale,4,2,2,2,6,2,1
Port Vale,4,0,2,2,4,4,1
Port Vale,1,1,2,2,2,0,0.5
Port Vale,3,2,2,2,5,1,1
Port Vale,1,0,2,2,1,1,1
Port Vale,2,3,2,2,5,-1,0
Port Vale,1,2,2,2,3,-1,0
Rotherham Town,1,1,2,2,2,0,0.5
Rotherham Town,2,3,2,2,5,-1,0
Rotherham Town,2,5,2,2,7,-3,0
Rotherham Town,1,4,2,2,5,-3,0
Rotherham Town,4,3,2,2,7,1,1
Rotherham Town,2,8,2,2,10,-6,0
Rotherham Town,1,4,2,2,5,-3,0
Rotherham Town,1,3,2,2,4,-2,0
Rotherham Town,4,1,2,2,5,3,1
Rotherham Town,2,1,2,2,3,1,1
Rotherham Town,5,4,2,2,9,1,1
Rotherham Town,0,2,2,2,2,-2,0
Rotherham Town,0,1,2,2,1,-1,0
Rotherham Town,3,2,2,2,5,1,1
Walsall,1,2,2,2,3,-1,0
Walsall,1,3,2,2,4,-2,0
Walsall,3,4,2,2,7,-1,0
Walsall,5,1,2,2,6,4,1
Walsall,5,0,2,2,5,5,1
Walsall,5,2,2,2,7,3,1
Walsall,1,1,2,2,2,0,0.5
Walsall,5,2,2,2,7,3,1
Walsall,1,0,2,2,1,1,1
Walsall,1,2,2,2,3,-1,0
Walsall,3,0,2,2,3,3,1
Walsall,2,1,2,2,3,1,1
Walsall,0,5,2,2,5,-5,0
Walsall,3,0,2,2,3,3,1
Aston Villa,2,1,1,1,3,1,1
Aston Villa,3,0,1,1,3,3,1
Aston Villa,2,1,1,1,3,1,1
Aston Villa,5,0,1,1,5,5,1
Aston Villa,4,0,1,1,4,4,1
Aston Villa,2,2,1,1,4,0,0.5
Aston Villa,5,0,1,1,5,5,1
Aston Villa,4,1,1,1,5,3,1
Aston Villa,4,1,1,1,5,3,1
Aston Villa,5,0,1,1,5,5,1
Aston Villa,3,1,1,1,4,2,1
Aston Villa,6,0,1,1,6,6,1
Aston Villa,1,2,1,1,3,-1,0
Aston Villa,3,1,1,1,4,2,1
Aston Villa,2,2,1,1,4,0,0.5
Birmingham City,2,2,1,1,4,0,0.5
Birmingham City,1,1,1,1,2,0,0.5
Birmingham City,2,0,1,1,2,2,1
Birmingham City,1,0,1,1,1,1,1
Birmingham City,3,5,1,1,8,-2,0
Birmingham City,4,4,1,1,8,0,0.5
Birmingham City,3,0,1,1,3,3,1
Birmingham City,1,2,1,1,3,-1,0
Birmingham City,4,4,1,1,8,0,0.5
Birmingham City,4,2,1,1,6,2,1
Birmingham City,0,0,1,1,0,0,0.5
Birmingham City,4,2,1,1,6,2,1
Birmingham City,1,1,1,1,2,0,0.5
Birmingham City,1,2,1,1,3,-1,0
Birmingham City,4,3,1,1,7,1,1
Blackburn Rovers,1,3,1,1,4,-2,0
Blackburn Rovers,9,1,1,1,10,8,1
Blackburn Rovers,2,1,1,1,3,1,1
Blackburn Rovers,1,0,1,1,1,1,1
Blackburn Rovers,0,0,1,1,0,0,0.5
Blackburn Rovers,4,3,1,1,7,1,1
Blackburn Rovers,1,1,1,1,2,0,0.5
Blackburn Rovers,0,0,1,1,0,0,0.5
Blackburn Rovers,1,1,1,1,2,0,0.5
Blackburn Rovers,3,2,1,1,5,1,1
Blackburn Rovers,3,1,1,1,4,2,1
Blackburn Rovers,6,0,1,1,6,6,1
Blackburn Rovers,1,1,1,1,2,0,0.5
Blackburn Rovers,3,0,1,1,3,3,1
Blackburn Rovers,5,1,1,1,6,4,1
Bolton Wanderers,4,3,1,1,7,1,1
Bolton Wanderers,1,2,1,1,3,-1,0
Bolton Wanderers,1,3,1,1,4,-2,0
Bolton Wanderers,1,1,1,1,2,0,0.5
Bolton Wanderers,6,0,1,1,6,6,1
Bolton Wanderers,1,3,1,1,4,-2,0
Bolton Wanderers,1,0,1,1,1,1,1
Bolton Wanderers,4,1,1,1,5,3,1
Bolton Wanderers,1,2,1,1,3,-1,0
Bolton Wanderers,6,2,1,1,8,4,1
Bolton Wanderers,2,2,1,1,4,0,0.5
Bolton Wanderers,2,2,1,1,4,0,0.5
Bolton Wanderers,4,1,1,1,5,3,1
Bolton Wanderers,5,0,1,1,5,5,1
Bolton Wanderers,6,1,1,1,7,5,1
Burnley,3,3,1,1,6,0,0.5
Burnley,3,1,1,1,4,2,1
Burnley,2,1,1,1,3,1,1
Burnley,1,0,1,1,1,1,1
Burnley,2,0,1,1,2,2,1
Burnley,2,4,1,1,6,-2,0
Burnley,3,3,1,1,6,0,0.5
Burnley,0,1,1,1,1,-1,0
Burnley,2,1,1,1,3,1,1
Burnley,2,4,1,1,6,-2,0
Burnley,3,0,1,1,3,3,1
Burnley,1,2,1,1,3,-1,0
Burnley,0,3,1,1,3,-3,0
Burnley,2,0,1,1,2,2,1
Burnley,2,1,1,1,3,1,1
Derby County,0,2,1,1,2,-2,0
Derby County,4,1,1,1,5,3,1
Derby County,0,0,1,1,0,0,0.5
Derby County,2,2,1,1,4,0,0.5
Derby County,0,2,1,1,2,-2,0
Derby County,2,2,1,1,4,0,0.5
Derby County,0,1,1,1,1,-1,0
Derby County,4,2,1,1,6,2,1
Derby County,2,1,1,1,3,1,1
Derby County,4,1,1,1,5,3,1
Derby County,1,2,1,1,3,-1,0
Derby County,1,1,1,1,2,0,0.5
Derby County,1,2,1,1,3,-1,0
Derby County,1,1,1,1,2,0,0.5
Derby County,1,3,1,1,4,-2,0
Everton,4,2,1,1,6,2,1
Everton,5,0,1,1,5,5,1
Everton,2,1,1,1,3,1,1
Everton,3,1,1,1,4,2,1
Everton,3,2,1,1,5,1,1
Everton,2,3,1,1,5,-1,0
Everton,3,0,1,1,3,3,1
Everton,6,1,1,1,7,5,1
Everton,4,2,1,1,6,2,1
Everton,1,1,1,1,2,0,0.5
Everton,3,1,1,1,4,2,1
Everton,3,0,1,1,3,3,1
Everton,2,2,1,1,4,0,0.5
Everton,4,1,1,1,5,3,1
Everton,2,1,1,1,3,1,1
Liverpool,1,2,1,1,3,-1,0
Liverpool,3,1,1,1,4,2,1
Liverpool,2,2,1,1,4,0,0.5
Liverpool,1,2,1,1,3,-1,0
Liverpool,0,3,1,1,3,-3,0
Liverpool,5,1,1,1,6,4,1
Liverpool,2,2,1,1,4,0,0.5
Liverpool,5,0,1,1,5,5,1
Liverpool,2,5,1,1,7,-3,0
Liverpool,2,2,1,1,4,0,0.5
Liverpool,4,2,1,1,6,2,1
Liverpool,2,0,1,1,2,2,1
Liverpool,2,3,1,1,5,-1,0
Liverpool,4,0,1,1,4,4,1
Liverpool,3,3,1,1,6,0,0.5
Nottingham Forest,2,1,1,1,3,1,1
Nottingham Forest,2,0,1,1,2,2,1
Nottingham Forest,2,3,1,1,5,-1,0
Nottingham Forest,3,3,1,1,6,0,0.5
Nottingham Forest,2,1,1,1,3,1,1
Nottingham Forest,2,1,1,1,3,1,1
Nottingham Forest,2,3,1,1,5,-1,0
Nottingham Forest,3,0,1,1,3,3,1
Nottingham Forest,0,2,1,1,2,-2,0
Nottingham Forest,3,0,1,1,3,3,1
Nottingham Forest,2,1,1,1,3,1,1
Nottingham Forest,3,1,1,1,4,2,1
Nottingham Forest,2,1,1,1,3,1,1
Nottingham Forest,5,3,1,1,8,2,1
Nottingham Forest,0,2,1,1,2,-2,0
Preston North End,0,1,1,1,1,-1,0
Preston North End,0,1,1,1,1,-1,0
Preston North End,1,1,1,1,2,0,0.5
Preston North End,2,2,1,1,4,0,0.5
Preston North End,4,0,1,1,4,4,1
Preston North End,3,2,1,1,5,1,1
Preston North End,1,2,1,1,3,-1,0
Preston North End,2,2,1,1,4,0,0.5
Preston North End,3,1,1,1,4,2,1
Preston North End,2,1,1,1,3,1,1
Preston North End,3,1,1,1,4,2,1
Preston North End,3,0,1,1,3,3,1
Preston North End,1,0,1,1,1,1,1
Preston North End,5,0,1,1,5,5,1
Preston North End,2,0,1,1,2,2,1
Sheffield United,2,1,1,1,3,1,1
Sheffield United,0,2,1,1,2,-2,0
Sheffield United,3,0,1,1,3,3,1
Sheffield United,5,0,1,1,5,5,1
Sheffield United,2,2,1,1,4,0,0.5
Sheffield United,1,4,1,1,5,-3,0
Sheffield United,4,2,1,1,6,2,1
Sheffield United,2,2,1,1,4,0,0.5
Sheffield United,3,2,1,1,5,1,1
Sheffield United,0,1,1,1,1,-1,0
Sheffield United,1,0,1,1,1,1,1
Sheffield United,3,0,1,1,3,3,1
Sheffield United,4,0,1,1,4,4,1
Sheffield United,2,1,1,1,3,1,1
Sheffield United,1,0,1,1,1,1,1
Sheffield Wednesday,1,0,1,1,1,1,1
Sheffield Wednesday,2,0,1,1,2,2,1
Sheffield Wednesday,4,1,1,1,5,3,1
Sheffield Wednesday,2,1,1,1,3,1,1
Sheffield Wednesday,4,3,1,1,7,1,1
Sheffield Wednesday,1,1,1,1,2,0,0.5
Sheffield Wednesday,3,0,1,1,3,3,1
Sheffield Wednesday,5,0,1,1,5,5,1
Sheffield Wednesday,0,0,1,1,0,0,0.5
Sheffield Wednesday,3,1,1,1,4,2,1
Sheffield Wednesday,2,3,1,1,5,-1,0
Sheffield Wednesday,2,4,1,1,6,-2,0
Sheffield Wednesday,1,2,1,1,3,-1,0
Sheffield Wednesday,3,2,1,1,5,1,1
Sheffield Wednesday,3,1,1,1,4,2,1
Stoke City,4,1,1,1,5,3,1
Stoke City,2,2,1,1,4,0,0.5
Stoke City,5,1,1,1,6,4,1
Stoke City,5,0,1,1,5,5,1
Stoke City,5,1,1,1,6,4,1
Stoke City,4,1,1,1,5,3,1
Stoke City,1,3,1,1,4,-2,0
Stoke City,3,1,1,1,4,2,1
Stoke City,0,3,1,1,3,-3,0
Stoke City,2,1,1,1,3,1,1
Stoke City,1,3,1,1,4,-2,0
Stoke City,0,2,1,1,2,-2,0
Stoke City,2,5,1,1,7,-3,0
Stoke City,1,1,1,1,2,0,0.5
Stoke City,0,0,1,1,0,0,0.5
Sunderland,4,4,1,1,8,0,0.5
Sunderland,7,1,1,1,8,6,1
Sunderland,3,2,1,1,5,1,1
Sunderland,4,0,1,1,4,4,1
Sunderland,3,0,1,1,3,3,1
Sunderland,8,0,1,1,8,8,1
Sunderland,2,1,1,1,3,1,1
Sunderland,3,2,1,1,5,1,1
Sunderland,2,2,1,1,4,0,0.5
Sunderland,2,0,1,1,2,2,1
Sunderland,2,0,1,1,2,2,1
Sunderland,3,1,1,1,4,2,1
Sunderland,3,1,1,1,4,2,1
Sunderland,3,0,1,1,3,3,1
Sunderland,2,0,1,1,2,2,1
West Bromwich Albion,3,2,1,1,5,1,1
West Bromwich Albion,4,1,1,1,5,3,1
West Bromwich Albion,2,0,1,1,2,2,1
West Bromwich Albion,1,1,1,1,2,0,0.5
West Bromwich Albion,0,1,1,1,1,-1,0
West Bromwich Albion,2,2,1,1,4,0,0.5
West Bromwich Albion,1,4,1,1,5,-3,0
West Bromwich Albion,5,0,1,1,5,5,1
West Bromwich Albion,1,0,1,1,1,1,1
West Bromwich Albion,4,5,1,1,9,-1,0
West Bromwich Albion,1,0,1,1,1,1,1
West Bromwich Albion,6,0,1,1,6,6,1
West Bromwich Albion,3,2,1,1,5,1,1
West Bromwich Albion,0,2,1,1,2,-2,0
West Bromwich Albion,5,1,1,1,6,4,1
Wolverhampton Wanderers,0,4,1,1,4,-4,0
Wolverhampton Wanderers,2,1,1,1,3,1,1
Wolverhampton Wanderers,3,3,1,1,6,0,0.5
Wolverhampton Wanderers,4,2,1,1,6,2,1
Wolverhampton Wanderers,1,0,1,1,1,1,1
Wolverhampton Wanderers,2,2,1,1,4,0,0.5
Wolverhampton Wanderers,1,0,1,1,1,1,1
Wolverhampton Wanderers,3,1,1,1,4,2,1
Wolverhampton Wanderers,1,1,1,1,2,0,0.5
Wolverhampton Wanderers,1,3,1,1,4,-2,0
Wolverhampton Wanderers,0,3,1,1,3,-3,0
Wolverhampton Wanderers,2,0,1,1,2,2,1
Wolverhampton Wanderers,0,0,1,1,0,0,0.5
Wolverhampton Wanderers,1,4,1,1,5,-3,0
Wolverhampton Wanderers,3,1,1,1,4,2,1
Arsenal,3,0,2,2,3,3,1
Arsenal,1,1,2,2,2,0,0.5
Arsenal,4,2,2,2,6,2,1
Arsenal,7,0,2,2,7,7,1
Arsenal,4,0,2,2,4,4,1
Arsenal,1,3,2,2,4,-2,0
Arsenal,3,3,2,2,6,0,0.5
Arsenal,5,2,2,2,7,3,1
Arsenal,4,2,2,2,6,2,1
Arsenal,3,2,2,2,5,1,1
Arsenal,3,2,2,2,5,1,1
Arsenal,2,1,2,2,3,1,1
Arsenal,7,0,2,2,7,7,1
Arsenal,1,1,2,2,2,0,0.5
Arsenal,6,1,2,2,7,5,1
Burton Swifts,3,0,2,2,3,3,1
Burton Swifts,2,2,2,2,4,0,0.5
Burton Swifts,0,1,2,2,1,-1,0
Burton Swifts,4,0,2,2,4,4,1
Burton Swifts,3,0,2,2,3,3,1
Burton Swifts,2,1,2,2,3,1,1
Burton Swifts,0,5,2,2,5,-5,0
Burton Swifts,6,1,2,2,7,5,1
Burton Swifts,2,1,2,2,3,1,1
Burton Swifts,1,2,2,2,3,-1,0
Burton Swifts,5,3,2,2,8,2,1
Burton Swifts,2,2,2,2,4,0,0.5
Burton Swifts,1,0,2,2,1,1,1
Burton Swifts,2,0,2,2,2,2,1
Burton Swifts,1,2,2,2,3,-1,0
Burton Wanderers,2,1,2,2,3,1,1
Burton Wanderers,1,2,2,2,3,-1,0
Burton Wanderers,1,2,2,2,3,-1,0
Burton Wanderers,4,0,2,2,4,4,1
Burton Wanderers,2,2,2,2,4,0,0.5
Burton Wanderers,0,0,2,2,0,0,0.5
Burton Wanderers,1,1,2,2,2,0,0.5
Burton Wanderers,4,1,2,2,5,3,1
Burton Wanderers,8,0,2,2,8,8,1
Burton Wanderers,1,0,2,2,1,1,1
Burton Wanderers,9,0,2,2,9,9,1
Burton Wanderers,1,0,2,2,1,1,1
Burton Wanderers,4,0,2,2,4,4,1
Burton Wanderers,4,0,2,2,4,4,1
Burton Wanderers,7,0,2,2,7,7,1
Bury,2,0,2,2,2,2,1
Bury,2,0,2,2,2,2,1
Bury,4,0,2,2,4,4,1
Bury,4,1,2,2,5,3,1
Bury,1,0,2,2,1,1,1
Bury,5,1,2,2,6,4,1
Bury,4,1,2,2,5,3,1
Bury,4,1,2,2,5,3,1
Bury,4,2,2,2,6,2,1
Bury,2,1,2,2,3,1,1
Bury,4,1,2,2,5,3,1
Bury,2,1,2,2,3,1,1
Bury,4,0,2,2,4,4,1
Bury,2,1,2,2,3,1,1
Bury,4,1,2,2,5,3,1
Crewe Alexandra,0,0,2,2,0,0,0.5
Crewe Alexandra,1,3,2,2,4,-2,0
Crewe Alexandra,1,2,2,2,3,-1,0
Crewe Alexandra,1,5,2,2,6,-4,0
Crewe Alexandra,2,2,2,2,4,0,0.5
Crewe Alexandra,2,1,2,2,3,1,1
Crewe Alexandra,2,2,2,2,4,0,0.5
Crewe Alexandra,1,4,2,2,5,-3,0
Crewe Alexandra,2,3,2,2,5,-1,0
Crewe Alexandra,0,2,2,2,2,-2,0
Crewe Alexandra,2,1,2,2,3,1,1
Crewe Alexandra,0,3,2,2,3,-3,0
Crewe Alexandra,2,2,2,2,4,0,0.5
Crewe Alexandra,2,1,2,2,3,1,1
Crewe Alexandra,2,3,2,2,5,-1,0
Darwen,3,1,2,2,4,2,1
Darwen,5,0,2,2,5,5,1
Darwen,2,0,2,2,2,2,1
Darwen,0,1,2,2,1,-1,0
Darwen,5,0,2,2,5,5,1
Darwen,4,1,2,2,5,3,1
Darwen,8,2,2,2,10,6,1
Darwen,6,0,2,2,6,6,1
Darwen,4,0,2,2,4,4,1
Darwen,1,1,2,2,2,0,0.5
Darwen,5,0,2,2,5,5,1
Darwen,2,1,2,2,3,1,1
Darwen,2,0,2,2,2,2,1
Darwen,4,3,2,2,7,1,1
Darwen,2,0,2,2,2,2,1
Grimsby Town,4,2,2,2,6,2,1
Grimsby Town,7,1,2,2,8,6,1
Grimsby Town,7,2,2,2,9,5,1
Grimsby Town,3,2,2,2,5,1,1
Grimsby Town,5,0,2,2,5,5,1
Grimsby Town,2,1,2,2,3,1,1
Grimsby Town,4,3,2,2,7,1,1
Grimsby Town,3,0,2,2,3,3,1
Grimsby Town,2,1,2,2,3,1,1
Grimsby Town,2,1,2,2,3,1,1
Grimsby Town,3,0,2,2,3,3,1
Grimsby Town,0,1,2,2,1,-1,0
Grimsby Town,4,1,2,2,5,3,1
Grimsby Town,4,1,2,2,5,3,1
Grimsby Town,1,0,2,2,1,1,1
Leicester City,3,1,2,2,4,2,1
Leicester City,2,2,2,2,4,0,0.5
Leicester City,1,2,2,2,3,-1,0
Leicester City,1,0,2,2,1,1,1
Leicester City,4,0,2,2,4,4,1
Leicester City,2,1,2,2,3,1,1
Leicester City,1,0,2,2,1,1,1
Leicester City,2,1,2,2,3,1,1
Leicester City,3,1,2,2,4,2,1
Leicester City,2,3,2,2,5,-1,0
Leicester City,4,4,2,2,8,0,0.5
Leicester City,5,1,2,2,6,4,1
Leicester City,2,1,2,2,3,1,1
Leicester City,4,2,2,2,6,2,1
Leicester City,9,1,2,2,10,8,1
Lincoln City,5,2,2,2,7,3,1
Lincoln City,3,2,2,2,5,1,1
Lincoln City,0,2,2,2,2,-2,0
Lincoln City,1,3,2,2,4,-2,0
Lincoln City,5,2,2,2,7,3,1
Lincoln City,0,2,2,2,2,-2,0
Lincoln City,1,5,2,2,6,-4,0
Lincoln City,1,2,2,2,3,-1,0
Lincoln City,0,2,2,2,2,-2,0
Lincoln City,3,0,2,2,3,3,1
Lincoln City,3,1,2,2,4,2,1
Lincoln City,1,3,2,2,4,-2,0
Lincoln City,6,1,2,2,7,5,1
Lincoln City,2,0,2,2,2,2,1
Lincoln City,1,0,2,2,1,1,1
Manchester City,4,1,2,2,5,3,1
Manchester City,4,1,2,2,5,3,1
Manchester City,1,1,2,2,2,0,0.5
Manchester City,3,3,2,2,6,0,0.5
Manchester City,4,1,2,2,5,3,1
Manchester City,2,4,2,2,6,-2,0
Manchester City,2,5,2,2,7,-3,0
Manchester City,1,1,2,2,2,0,0.5
Manchester City,11,3,2,2,14,8,1
Manchester City,2,5,2,2,7,-3,0
Manchester City,4,0,2,2,4,4,1
Manchester City,7,1,2,2,8,6,1
Manchester City,4,1,2,2,5,3,1
Manchester City,1,0,2,2,1,1,1
Manchester City,6,1,2,2,7,5,1
Manchester United,3,3,2,2,6,0,0.5
Manchester United,5,1,2,2,6,4,1
Manchester United,1,1,2,2,2,0,0.5
Manchester United,2,2,2,2,4,0,0.5
Manchester United,6,1,2,2,7,5,1
Manchester United,1,1,2,2,2,0,0.5
Manchester United,2,0,2,2,2,2,1
Manchester United,2,2,2,2,4,0,0.5
Manchester United,3,0,2,2,3,3,1
Manchester United,4,1,2,2,5,3,1
Manchester United,5,1,2,2,6,4,1
Manchester United,3,3,2,2,6,0,0.5
Manchester United,3,0,2,2,3,3,1
Manchester United,3,2,2,2,5,1,1
Manchester United,9,0,2,2,9,9,1
Newcastle United,2,4,2,2,6,-2,0
Newcastle United,6,3,2,2,9,3,1
Newcastle United,3,1,2,2,4,2,1
Newcastle United,1,0,2,2,1,1,1
Newcastle United,6,0,2,2,6,6,1
Newcastle United,3,2,2,2,5,1,1
Newcastle United,1,4,2,2,5,-3,0
Newcastle United,2,0,2,2,2,2,1
Newcastle United,4,2,2,2,6,2,1
Newcastle United,5,4,2,2,9,1,1
Newcastle United,3,0,2,2,3,3,1
Newcastle United,2,2,2,2,4,0,0.5
Newcastle United,1,2,2,2,3,-1,0
Newcastle United,5,2,2,2,7,3,1
Newcastle United,7,2,2,2,9,5,1
Notts County,2,2,2,2,4,0,0.5
Notts County,5,1,2,2,6,4,1
Notts County,2,0,2,2,2,2,1
Notts County,2,1,2,2,3,1,1
Notts County,5,1,2,2,6,4,1
Notts County,2,1,2,2,3,1,1
Notts County,3,2,2,2,5,1,1
Notts County,3,0,2,2,3,3,1
Notts County,3,0,2,2,3,3,1
Notts County,1,3,2,2,4,-2,0
Notts County,1,1,2,2,2,0,0.5
Notts County,2,1,2,2,3,1,1
Notts County,10,0,2,2,10,10,1
Notts County,4,2,2,2,6,2,1
Notts County,5,0,2,2,5,5,1
Port Vale,0,1,2,2,1,-1,0
Port Vale,2,0,2,2,2,2,1
Port Vale,1,0,2,2,1,1,1
Port Vale,1,2,2,2,3,-1,0
Port Vale,4,0,2,2,4,4,1
Port Vale,0,3,2,2,3,-3,0
Port Vale,5,0,2,2,5,5,1
Port Vale,1,1,2,2,2,0,0.5
Port Vale,7,1,2,2,8,6,1
Port Vale,1,2,2,2,3,-1,0
Port Vale,2,5,2,2,7,-3,0
Port Vale,4,4,2,2,8,0,0.5
Port Vale,0,3,2,2,3,-3,0
Port Vale,1,1,2,2,2,0,0.5
Port Vale,1,0,2,2,1,1,1
Rotherham Town,1,2,2,2,3,-1,0
Rotherham Town,4,1,2,2,5,3,1
Rotherham Town,1,3,2,2,4,-2,0
Rotherham Town,2,3,2,2,5,-1,0
Rotherham Town,2,0,2,2,2,2,1
Rotherham Town,4,1,2,2,5,3,1
Rotherham Town,3,2,2,2,5,1,1
Rotherham Town,0,1,2,2,1,-1,0
Rotherham Town,5,2,2,2,7,3,1
Rotherham Town,3,2,2,2,5,1,1
Rotherham Town,2,1,2,2,3,1,1
Rotherham Town,1,0,2,2,1,1,1
Rotherham Town,1,2,2,2,3,-1,0
Rotherham Town,2,1,2,2,3,1,1
Rotherham Town,6,1,2,2,7,5,1
Walsall,4,1,2,2,5,3,1
Walsall,4,1,2,2,5,3,1
Walsall,3,1,2,2,4,2,1
Walsall,0,3,2,2,3,-3,0
Walsall,4,0,2,2,4,4,1
Walsall,5,1,2,2,6,4,1
Walsall,4,3,2,2,7,1,1
Walsall,1,3,2,2,4,-2,0
Walsall,1,2,2,2,3,-1,0
Walsall,1,2,2,2,3,-1,0
Walsall,1,2,2,2,3,-1,0
Walsall,2,3,2,2,5,-1,0
Walsall,2,1,2,2,3,1,1
Walsall,2,0,2,2,2,2,1
Walsall,1,2,2,2,3,-1,0
Aston Villa,7,3,1,1,10,4,1
Aston Villa,3,1,1,1,4,2,1
Aston Villa,2,0,1,1,2,2,1
Aston Villa,5,1,1,1,6,4,1
Aston Villa,2,0,1,1,2,2,1
Aston Villa,4,1,1,1,5,3,1
Aston Villa,4,3,1,1,7,1,1
Aston Villa,3,1,1,1,4,2,1
Aston Villa,1,0,1,1,1,1,1
Aston Villa,2,2,1,1,4,0,0.5
Aston Villa,2,1,1,1,3,1,1
Aston Villa,5,2,1,1,7,3,1
Aston Villa,2,1,1,1,3,1,1
Aston Villa,1,0,1,1,1,1,1
Aston Villa,4,1,1,1,5,3,1
Birmingham City,1,4,1,1,5,-3,0
Birmingham City,2,1,1,1,3,1,1
Birmingham City,1,2,1,1,3,-1,0
Birmingham City,1,0,1,1,1,1,1
Birmingham City,1,0,1,1,1,1,1
Birmingham City,1,3,1,1,4,-2,0
Birmingham City,0,3,1,1,3,-3,0
Birmingham City,1,0,1,1,1,1,1
Birmingham City,5,2,1,1,7,3,1
Birmingham City,2,1,1,1,3,1,1
Birmingham City,1,1,1,1,2,0,0.5
Birmingham City,1,2,1,1,3,-1,0
Birmingham City,0,1,1,1,1,-1,0
Birmingham City,2,2,1,1,4,0,0.5
Birmingham City,3,2,1,1,5,1,1
Blackburn Rovers,1,1,1,1,2,0,0.5
Blackburn Rovers,2,1,1,1,3,1,1
Blackburn Rovers,3,2,1,1,5,1,1
Blackburn Rovers,1,0,1,1,1,1,1
Blackburn Rovers,0,2,1,1,2,-2,0
Blackburn Rovers,0,2,1,1,2,-2,0
Blackburn Rovers,2,3,1,1,5,-1,0
Blackburn Rovers,2,0,1,1,2,2,1
Blackburn Rovers,3,0,1,1,3,3,1
Blackburn Rovers,1,0,1,1,1,1,1
Blackburn Rovers,2,1,1,1,3,1,1
Blackburn Rovers,3,1,1,1,4,2,1
Blackburn Rovers,2,4,1,1,6,-2,0
Blackburn Rovers,1,0,1,1,1,1,1
Blackburn Rovers,3,1,1,1,4,2,1
Bolton Wanderers,2,2,1,1,4,0,0.5
Bolton Wanderers,4,1,1,1,5,3,1
Bolton Wanderers,1,1,1,1,2,0,0.5
Bolton Wanderers,1,0,1,1,1,1,1
Bolton Wanderers,2,4,1,1,6,-2,0
Bolton Wanderers,2,1,1,1,3,1,1
Bolton Wanderers,3,1,1,1,4,2,1
Bolton Wanderers,2,1,1,1,3,1,1
Bolton Wanderers,1,0,1,1,1,1,1
Bolton Wanderers,4,1,1,1,5,3,1
Bolton Wanderers,2,0,1,1,2,2,1
Bolton Wanderers,3,1,1,1,4,2,1
Bolton Wanderers,1,0,1,1,1,1,1
Bolton Wanderers,2,1,1,1,3,1,1
Bolton Wanderers,4,0,1,1,4,4,1
Burnley,3,4,1,1,7,-1,0
Burnley,1,1,1,1,2,0,0.5
Burnley,6,0,1,1,6,6,1
Burnley,1,2,1,1,3,-1,0
Burnley,3,0,1,1,3,3,1
Burnley,2,2,1,1,4,0,0.5
Burnley,1,1,1,1,2,0,0.5
Burnley,0,0,1,1,0,0,0.5
Burnley,1,0,1,1,1,1,1
Burnley,5,0,1,1,5,5,1
Burnley,2,0,1,1,2,2,1
Burnley,2,0,1,1,2,2,1
Burnley,0,0,1,1,0,0,0.5
Burnley,3,0,1,1,3,3,1
Burnley,3,1,1,1,4,2,1
Bury,5,3,1,1,8,2,1
Bury,4,5,1,1,9,-1,0
Bury,2,0,1,1,2,2,1
Bury,0,3,1,1,3,-3,0
Bury,3,4,1,1,7,-1,0
Bury,1,2,1,1,3,-1,0
Bury,1,1,1,1,2,0,0.5
Bury,1,0,1,1,1,1,1
Bury,1,2,1,1,3,-1,0
Bury,1,0,1,1,1,1,1
Bury,6,1,1,1,7,5,1
Bury,0,1,1,1,1,-1,0
Bury,1,2,1,1,3,-1,0
Bury,3,0,1,1,3,3,1
Bury,3,0,1,1,3,3,1
Derby County,2,2,1,1,4,0,0.5
Derby County,8,0,1,1,8,8,1
Derby County,0,0,1,1,0,0,0.5
Derby County,2,1,1,1,3,1,1
Derby County,5,1,1,1,6,4,1
Derby County,2,1,1,1,3,1,1
Derby County,2,1,1,1,3,1,1
Derby County,4,0,1,1,4,4,1
Derby County,1,0,1,1,1,1,1
Derby County,0,2,1,1,2,-2,0
Derby County,3,1,1,1,4,2,1
Derby County,2,1,1,1,3,1,1
Derby County,2,0,1,1,2,2,1
Derby County,4,1,1,1,5,3,1
Derby County,5,2,1,1,7,3,1
Everton,2,0,1,1,2,2,1
Everton,3,0,1,1,3,3,1
Everton,0,2,1,1,2,-2,0
Everton,1,1,1,1,2,0,0.5
Everton,2,1,1,1,3,1,1
Everton,3,2,1,1,5,1,1
Everton,2,2,1,1,4,0,0.5
Everton,6,2,1,1,8,4,1
Everton,3,2,1,1,5,1,1
Everton,5,0,1,1,5,5,1
Everton,2,2,1,1,4,0,0.5
Everton,7,2,1,1,9,5,1
Everton,1,0,1,1,1,1,1
Everton,1,1,1,1,2,0,0.5
Everton,2,0,1,1,2,2,1
Nottingham Forest,0,2,1,1,2,-2,0
Nottingham Forest,3,0,1,1,3,3,1
Nottingham Forest,4,2,1,1,6,2,1
Nottingham Forest,0,0,1,1,0,0,0.5
Nottingham Forest,2,1,1,1,3,1,1
Nottingham Forest,5,0,1,1,5,5,1
Nottingham Forest,2,5,1,1,7,-3,0
Nottingham Forest,2,1,1,1,3,1,1
Nottingham Forest,0,1,1,1,1,-1,0
Nottingham Forest,3,1,1,1,4,2,1
Nottingham Forest,1,0,1,1,1,1,1
Nottingham Forest,4,0,1,1,4,4,1
Nottingham Forest,3,1,1,1,4,2,1
Nottingham Forest,2,0,1,1,2,2,1
Nottingham Forest,3,2,1,1,5,1,1
Preston North End,4,3,1,1,7,1,1
Preston North End,3,2,1,1,5,1,1
Preston North End,1,1,1,1,2,0,0.5
Preston North End,1,0,1,1,1,1,1
Preston North End,1,1,1,1,2,0,0.5
Preston North End,1,1,1,1,2,0,0.5
Preston North End,1,0,1,1,1,1,1
Preston North End,1,1,1,1,2,0,0.5
Preston North End,6,0,1,1,6,6,1
Preston North End,4,3,1,1,7,1,1
Preston North End,0,1,1,1,1,-1,0
Preston North End,0,1,1,1,1,-1,0
Preston North End,4,1,1,1,5,3,1
Preston North End,0,0,1,1,0,0,0.5
Preston North End,4,3,1,1,7,1,1
Sheffield United,2,1,1,1,3,1,1
Sheffield United,2,0,1,1,2,2,1
Sheffield United,1,1,1,1,2,0,0.5
Sheffield United,1,0,1,1,1,1,1
Sheffield United,1,1,1,1,2,0,0.5
Sheffield United,8,0,1,1,8,8,1
Sheffield United,1,1,1,1,2,0,0.5
Sheffield United,1,2,1,1,3,-1,0
Sheffield United,2,1,1,1,3,1,1
Sheffield United,2,1,1,1,3,1,1
Sheffield United,1,1,1,1,2,0,0.5
Sheffield United,1,0,1,1,1,1,1
Sheffield United,1,2,1,1,3,-1,0
Sheffield United,2,0,1,1,2,2,1
Sheffield United,2,1,1,1,3,1,1
Sheffield Wednesday,1,3,1,1,4,-2,0
Sheffield Wednesday,3,0,1,1,3,3,1
Sheffield Wednesday,3,0,1,1,3,3,1
Sheffield Wednesday,1,1,1,1,2,0,0.5
Sheffield Wednesday,1,0,1,1,1,1,1
Sheffield Wednesday,1,3,1,1,4,-2,0
Sheffield Wednesday,0,4,1,1,4,-4,0
Sheffield Wednesday,3,1,1,1,4,2,1
Sheffield Wednesday,3,0,1,1,3,3,1
Sheffield Wednesday,1,1,1,1,2,0,0.5
Sheffield Wednesday,1,0,1,1,1,1,1
Sheffield Wednesday,2,1,1,1,3,1,1
Sheffield Wednesday,3,0,1,1,3,3,1
Sheffield Wednesday,5,3,1,1,8,2,1
Sheffield Wednesday,3,1,1,1,4,2,1
Stoke City,1,2,1,1,3,-1,0
Stoke City,6,1,1,1,7,5,1
Stoke City,3,0,1,1,3,3,1
Stoke City,2,0,1,1,2,2,1
Stoke City,2,1,1,1,3,1,1
Stoke City,0,2,1,1,2,-2,0
Stoke City,2,1,1,1,3,1,1
Stoke City,1,2,1,1,3,-1,0
Stoke City,1,0,1,1,1,1,1
Stoke City,4,0,1,1,4,4,1
Stoke City,4,0,1,1,4,4,1
Stoke City,5,0,1,1,5,5,1
Stoke City,5,0,1,1,5,5,1
Stoke City,3,1,1,1,4,2,1
Stoke City,4,1,1,1,5,3,1
Sunderland,2,1,1,1,3,1,1
Sunderland,2,1,1,1,3,1,1
Sunderland,2,1,1,1,3,1,1
Sunderland,1,0,1,1,1,1,1
Sunderland,3,1,1,1,4,2,1
Sunderland,0,0,1,1,0,0,0.5
Sunderland,2,2,1,1,4,0,0.5
Sunderland,3,0,1,1,3,3,1
Sunderland,1,1,1,1,2,0,0.5
Sunderland,4,1,1,1,5,3,1
Sunderland,1,1,1,1,2,0,0.5
Sunderland,2,1,1,1,3,1,1
Sunderland,4,1,1,1,5,3,1
Sunderland,7,1,1,1,8,6,1
Sunderland,2,2,1,1,4,0,0.5
West Bromwich Albion,1,1,1,1,2,0,0.5
West Bromwich Albion,0,0,1,1,0,0,0.5
West Bromwich Albion,3,2,1,1,5,1,1
West Bromwich Albion,2,3,1,1,5,-1,0
West Bromwich Albion,0,2,1,1,2,-2,0
West Bromwich Albion,1,3,1,1,4,-2,0
West Bromwich Albion,0,0,1,1,0,0,0.5
West Bromwich Albion,0,3,1,1,3,-3,0
West Bromwich Albion,3,1,1,1,4,2,1
West Bromwich Albion,1,2,1,1,3,-1,0
West Bromwich Albion,1,0,1,1,1,1,1
West Bromwich Albion,2,3,1,1,5,-1,0
West Bromwich Albion,1,0,1,1,1,1,1
West Bromwich Albion,1,1,1,1,2,0,0.5
West Bromwich Albion,2,1,1,1,3,1,1
Wolverhampton Wanderers,1,2,1,1,3,-1,0
Wolverhampton Wanderers,7,2,1,1,9,5,1
Wolverhampton Wanderers,1,2,1,1,3,-1,0
Wolverhampton Wanderers,5,0,1,1,5,5,1
Wolverhampton Wanderers,5,1,1,1,6,4,1
Wolverhampton Wanderers,1,0,1,1,1,1,1
Wolverhampton Wanderers,2,0,1,1,2,2,1
Wolverhampton Wanderers,2,3,1,1,5,-1,0
Wolverhampton Wanderers,6,1,1,1,7,5,1
Wolverhampton Wanderers,2,1,1,1,3,1,1
Wolverhampton Wanderers,4,1,1,1,5,3,1
Wolverhampton Wanderers,4,0,1,1,4,4,1
Wolverhampton Wanderers,1,0,1,1,1,1,1
Wolverhampton Wanderers,1,3,1,1,4,-2,0
Wolverhampton Wanderers,1,2,1,1,3,-1,0
Arsenal,5,0,2,2,5,5,1
Arsenal,3,0,2,2,3,3,1
Arsenal,7,0,2,2,7,7,1
Arsenal,1,3,2,2,4,-2,0
Arsenal,3,1,2,2,4,2,1
Arsenal,1,1,2,2,2,0,0.5
Arsenal,4,0,2,2,4,4,1
Arsenal,0,2,2,2,2,-2,0
Arsenal,5,0,2,2,5,5,1
Arsenal,0,1,2,2,1,-1,0
Arsenal,2,1,2,2,3,1,1
Arsenal,2,1,2,2,3,1,1
Arsenal,2,0,2,2,2,2,1
Arsenal,2,1,2,2,3,1,1
Arsenal,5,0,2,2,5,5,1
Burton Swifts,3,2,2,2,5,1,1
Burton Swifts,0,2,2,2,2,-2,0
Burton Swifts,1,1,2,2,2,0,0.5
Burton Swifts,1,2,2,2,3,-1,0
Burton Swifts,2,1,2,2,3,1,1
Burton Swifts,0,2,2,2,2,-2,0
Burton Swifts,4,0,2,2,4,4,1
Burton Swifts,0,7,2,2,7,-7,0
Burton Swifts,1,2,2,2,3,-1,0
Burton Swifts,1,4,2,2,5,-3,0
Burton Swifts,4,1,2,2,5,3,1
Burton Swifts,3,1,2,2,4,2,1
Burton Swifts,0,0,2,2,0,0,0.5
Burton Swifts,2,1,2,2,3,1,1
Burton Swifts,2,0,2,2,2,2,1
Burton Wanderers,4,1,2,2,5,3,1
Burton Wanderers,2,1,2,2,3,1,1
Burton Wanderers,4,0,2,2,4,4,1
Burton Wanderers,3,0,2,2,3,3,1
Burton Wanderers,2,1,2,2,3,1,1
Burton Wanderers,0,0,2,2,0,0,0.5
Burton Wanderers,4,1,2,2,5,3,1
Burton Wanderers,2,1,2,2,3,1,1
Burton Wanderers,4,0,2,2,4,4,1
Burton Wanderers,4,1,2,2,5,3,1
Burton Wanderers,5,1,2,2,6,4,1
Burton Wanderers,0,3,2,2,3,-3,0
Burton Wanderers,1,3,2,2,4,-2,0
Burton Wanderers,2,1,2,2,3,1,1
Burton Wanderers,6,1,2,2,7,5,1
Crewe Alexandra,0,1,2,2,1,-1,0
Crewe Alexandra,1,3,2,2,4,-2,0
Crewe Alexandra,0,1,2,2,1,-1,0
Crewe Alexandra,3,1,2,2,4,2,1
Crewe Alexandra,0,1,2,2,1,-1,0
Crewe Alexandra,1,1,2,2,2,0,0.5
Crewe Alexandra,2,2,2,2,4,0,0.5
Crewe Alexandra,0,7,2,2,7,-7,0
Crewe Alexandra,1,2,2,2,3,-1,0
Crewe Alexandra,0,2,2,2,2,-2,0
Crewe Alexandra,0,2,2,2,2,-2,0
Crewe Alexandra,3,0,2,2,3,3,1
Crewe Alexandra,5,1,2,2,6,4,1
Crewe Alexandra,3,2,2,2,5,1,1
Crewe Alexandra,3,2,2,2,5,1,1
Darwen,1,1,2,2,2,0,0.5
Darwen,3,0,2,2,3,3,1
Darwen,3,0,2,2,3,3,1
Darwen,6,1,2,2,7,5,1
Darwen,3,3,2,2,6,0,0.5
Darwen,4,1,2,2,5,3,1
Darwen,5,0,2,2,5,5,1
Darwen,0,4,2,2,4,-4,0
Darwen,1,1,2,2,2,0,0.5
Darwen,2,3,2,2,5,-1,0
Darwen,3,0,2,2,3,3,1
Darwen,4,4,2,2,8,0,0.5
Darwen,2,0,2,2,2,2,1
Darwen,8,2,2,2,10,6,1
Darwen,10,2,2,2,12,8,1
Grimsby Town,1,1,2,2,2,0,0.5
Grimsby Town,3,0,2,2,3,3,1
Grimsby Town,2,1,2,2,3,1,1
Grimsby Town,2,0,2,2,2,2,1
Grimsby Town,5,0,2,2,5,5,1
Grimsby Town,7,1,2,2,8,6,1
Grimsby Town,4,2,2,2,6,2,1
Grimsby Town,1,0,2,2,1,1,1
Grimsby Town,2,0,2,2,2,2,1
Grimsby Town,5,0,2,2,5,5,1
Grimsby Town,4,2,2,2,6,2,1
Grimsby Town,2,1,2,2,3,1,1
Grimsby Town,3,0,2,2,3,3,1
Grimsby Town,6,1,2,2,7,5,1
Grimsby Town,4,0,2,2,4,4,1
Leicester City,1,0,2,2,1,1,1
Leicester City,2,1,2,2,3,1,1
Leicester City,1,3,2,2,4,-2,0
Leicester City,4,1,2,2,5,3,1
Leicester City,2,3,2,2,5,-1,0
Leicester City,1,2,2,2,3,-1,0
Leicester City,1,3,2,2,4,-2,0
Leicester City,2,0,2,2,2,2,1
Leicester City,5,0,2,2,5,5,1
Leicester City,1,2,2,2,3,-1,0
Leicester City,3,0,2,2,3,3,1
Leicester City,2,0,2,2,2,2,1
Leicester City,2,1,2,2,3,1,1
Leicester City,5,0,2,2,5,5,1
Leicester City,8,0,2,2,8,8,1
Lincoln City,1,1,2,2,2,0,0.5
Lincoln City,1,2,2,2,3,-1,0
Lincoln City,1,2,2,2,3,-1,0
Lincoln City,6,2,2,2,8,4,1
Lincoln City,1,0,2,2,1,1,1
Lincoln City,2,5,2,2,7,-3,0
Lincoln City,2,3,2,2,5,-1,0
Lincoln City,0,1,2,2,1,-1,0
Lincoln City,4,1,2,2,5,3,1
Lincoln City,1,2,2,2,3,-1,0
Lincoln City,2,0,2,2,2,2,1
Lincoln City,4,0,2,2,4,4,1
Lincoln City,2,3,2,2,5,-1,0
Lincoln City,4,2,2,2,6,2,1
Lincoln City,5,0,2,2,5,5,1
Liverpool,3,0,2,2,3,3,1
Liverpool,6,1,2,2,7,5,1
Liverpool,4,1,2,2,5,3,1
Liverpool,6,1,2,2,7,5,1
Liverpool,0,0,2,2,0,0,0.5
Liverpool,3,1,2,2,4,2,1
Liverpool,3,1,2,2,4,2,1
Liverpool,6,1,2,2,7,5,1
Liverpool,1,0,2,2,1,1,1
Liverpool,3,1,2,2,4,2,1
Liverpool,7,1,2,2,8,6,1
Liverpool,5,1,2,2,6,4,1
Liverpool,3,0,2,2,3,3,1
Liverpool,5,1,2,2,6,4,1
Liverpool,10,1,2,2,11,9,1
Loughborough,2,1,2,2,3,1,1
Loughborough,2,2,2,2,4,0,0.5
Loughborough,1,1,2,2,2,0,0.5
Loughborough,4,1,2,2,5,3,1
Loughborough,4,1,2,2,5,3,1
Loughborough,0,1,2,2,1,-1,0
Loughborough,1,4,2,2,5,-3,0
Loughborough,3,0,2,2,3,3,1
Loughborough,2,4,2,2,6,-2,0
Loughborough,2,4,2,2,6,-2,0
Loughborough,3,3,2,2,6,0,0.5
Loughborough,1,0,2,2,1,1,1
Loughborough,1,3,2,2,4,-2,0
Loughborough,3,0,2,2,3,3,1
Loughborough,3,0,2,2,3,3,1
Manchester City,1,0,2,2,1,1,1
Manchester City,1,1,2,2,2,0,0.5
Manchester City,1,1,2,2,2,0,0.5
Manchester City,4,0,2,2,4,4,1
Manchester City,4,1,2,2,5,3,1
Manchester City,2,1,2,2,3,1,1
Manchester City,2,0,2,2,2,2,1
Manchester City,4,0,2,2,4,4,1
Manchester City,1,1,2,2,2,0,0.5
Manchester City,5,1,2,2,6,4,1
Manchester City,2,1,2,2,3,1,1
Manchester City,5,2,2,2,7,3,1
Manchester City,2,0,2,2,2,2,1
Manchester City,1,0,2,2,1,1,1
Manchester City,2,0,2,2,2,2,1
Manchester United,5,1,2,2,6,4,1
Manchester United,5,0,2,2,5,5,1
Manchester United,1,2,2,2,3,-1,0
Manchester United,5,0,2,2,5,5,1
Manchester United,4,0,2,2,4,4,1
Manchester United,3,2,2,2,5,1,1
Manchester United,2,0,2,2,2,2,1
Manchester United,5,5,2,2,10,0,0.5
Manchester United,5,2,2,2,7,3,1
Manchester United,2,0,2,2,2,2,1
Manchester United,1,1,2,2,2,0,0.5
Manchester United,2,1,2,2,3,1,1
Manchester United,3,0,2,2,3,3,1
Manchester United,2,1,2,2,3,1,1
Manchester United,3,0,2,2,3,3,1
Newcastle United,3,1,2,2,4,2,1
Newcastle United,5,0,2,2,5,5,1
Newcastle United,4,0,2,2,4,4,1
Newcastle United,6,0,2,2,6,6,1
Newcastle United,7,2,2,2,9,5,1
Newcastle United,1,5,2,2,6,-4,0
Newcastle United,1,0,2,2,1,1,1
Newcastle United,5,0,2,2,5,5,1
Newcastle United,1,0,2,2,1,1,1
Newcastle United,3,0,2,2,3,3,1
Newcastle United,4,1,2,2,5,3,1
Newcastle United,2,1,2,2,3,1,1
Newcastle United,5,1,2,2,6,4,1
Newcastle United,4,2,2,2,6,2,1
Newcastle United,6,1,2,2,7,5,1
Notts County,3,4,2,2,7,-1,0
Notts County,5,0,2,2,5,5,1
Notts County,1,4,2,2,5,-3,0
Notts County,6,0,2,2,6,6,1
Notts County,4,1,2,2,5,3,1
Notts County,5,3,2,2,8,2,1
Notts County,1,2,2,2,3,-1,0
Notts County,2,0,2,2,2,2,1
Notts County,2,3,2,2,5,-1,0
Notts County,2,0,2,2,2,2,1
Notts County,3,0,2,2,3,3,1
Notts County,0,2,2,2,2,-2,0
Notts County,0,1,2,2,1,-1,0
Notts County,7,2,2,2,9,5,1
Notts County,0,0,2,2,0,0,0.5
Port Vale,0,2,2,2,2,-2,0
Port Vale,1,0,2,2,1,1,1
Port Vale,2,2,2,2,4,0,0.5
Port Vale,2,1,2,2,3,1,1
Port Vale,3,3,2,2,6,0,0.5
Port Vale,1,4,2,2,5,-3,0
Port Vale,1,1,2,2,2,0,0.5
Port Vale,0,1,2,2,1,-1,0
Port Vale,5,4,2,2,9,1,1
Port Vale,1,1,2,2,2,0,0.5
Port Vale,0,1,2,2,1,-1,0
Port Vale,3,0,2,2,3,3,1
Port Vale,2,0,2,2,2,2,1
Port Vale,0,4,2,2,4,-4,0
Port Vale,4,0,2,2,4,4,1
Rotherham Town,3,0,2,2,3,3,1
Rotherham Town,1,4,2,2,5,-3,0
Rotherham Town,1,6,2,2,7,-5,0
Rotherham Town,4,0,2,2,4,4,1
Rotherham Town,3,0,2,2,3,3,1
Rotherham Town,1,0,2,2,1,1,1
Rotherham Town,2,0,2,2,2,2,1
Rotherham Town,2,2,2,2,4,0,0.5
Rotherham Town,0,5,2,2,5,-5,0
Rotherham Town,4,0,2,2,4,4,1
Rotherham Town,2,3,2,2,5,-1,0
Rotherham Town,2,3,2,2,5,-1,0
Rotherham Town,1,1,2,2,2,0,0.5
Rotherham Town,1,0,2,2,1,1,1
Rotherham Town,0,2,2,2,2,-2,0
Aston Villa,3,0,1,1,3,3,1
Aston Villa,6,2,1,1,8,4,1
Aston Villa,0,3,1,1,3,-3,0
Aston Villa,1,1,1,1,2,0,0.5
Aston Villa,2,1,1,1,3,1,1
Aston Villa,1,2,1,1,3,-1,0
Aston Villa,0,0,1,1,0,0,0.5
Aston Villa,3,2,1,1,5,1,1
Aston Villa,3,1,1,1,4,2,1
Aston Villa,2,2,1,1,4,0,0.5
Aston Villa,4,0,1,1,4,4,1
Aston Villa,2,1,1,1,3,1,1
Aston Villa,2,1,1,1,3,1,1
Aston Villa,2,0,1,1,2,2,1
Aston Villa,5,0,1,1,5,5,1
Blackburn Rovers,1,5,1,1,6,-4,0
Blackburn Rovers,1,0,1,1,1,1,1
Blackburn Rovers,3,2,1,1,5,1,1
Blackburn Rovers,1,2,1,1,3,-1,0
Blackburn Rovers,5,2,1,1,7,3,1
Blackburn Rovers,4,2,1,1,6,2,1
Blackburn Rovers,1,0,1,1,1,1,1
Blackburn Rovers,0,0,1,1,0,0,0.5
Blackburn Rovers,0,4,1,1,4,-4,0
Blackburn Rovers,1,3,1,1,4,-2,0
Blackburn Rovers,4,0,1,1,4,4,1
Blackburn Rovers,2,1,1,1,3,1,1
Blackburn Rovers,1,2,1,1,3,-1,0
Blackburn Rovers,1,2,1,1,3,-1,0
Blackburn Rovers,2,0,1,1,2,2,1
Bolton Wanderers,1,2,1,1,3,-1,0
Bolton Wanderers,0,0,1,1,0,0,0.5
Bolton Wanderers,2,1,1,1,3,1,1
Bolton Wanderers,2,0,1,1,2,2,1
Bolton Wanderers,1,3,1,1,4,-2,0
Bolton Wanderers,2,0,1,1,2,2,1
Bolton Wanderers,1,4,1,1,5,-3,0
Bolton Wanderers,0,0,1,1,0,0,0.5
Bolton Wanderers,3,1,1,1,4,2,1
Bolton Wanderers,0,2,1,1,2,-2,0
Bolton Wanderers,2,1,1,1,3,1,1
Bolton Wanderers,4,0,1,1,4,4,1
Bolton Wanderers,1,0,1,1,1,1,1
Bolton Wanderers,2,2,1,1,4,0,0.5
Bolton Wanderers,1,2,1,1,3,-1,0
Burnley,3,4,1,1,7,-1,0
Burnley,0,1,1,1,1,-1,0
Burnley,0,2,1,1,2,-2,0
Burnley,1,0,1,1,1,1,1
Burnley,2,3,1,1,5,-1,0
Burnley,2,1,1,1,3,1,1
Burnley,4,1,1,1,5,3,1
Burnley,2,2,1,1,4,0,0.5
Burnley,2,2,1,1,4,0,0.5
Burnley,1,1,1,1,2,0,0.5
Burnley,1,1,1,1,2,0,0.5
Burnley,1,3,1,1,4,-2,0
Burnley,1,1,1,1,2,0,0.5
Burnley,5,0,1,1,5,5,1
Burnley,0,3,1,1,3,-3,0
Bury,0,2,1,1,2,-2,0
Bury,3,0,1,1,3,3,1
Bury,2,2,1,1,4,0,0.5
Bury,1,1,1,1,2,0,0.5
Bury,1,0,1,1,1,1,1
Bury,3,1,1,1,4,2,1
Bury,1,2,1,1,3,-1,0
Bury,2,0,1,1,2,2,1
Bury,0,0,1,1,0,0,0.5
Bury,0,1,1,1,1,-1,0
Bury,1,1,1,1,2,0,0.5
Bury,4,2,1,1,6,2,1
Bury,1,1,1,1,2,0,0.5
Bury,3,0,1,1,3,3,1
Bury,3,2,1,1,5,1,1
Derby County,1,3,1,1,4,-2,0
Derby County,6,0,1,1,6,6,1
Derby County,1,0,1,1,1,1,1
Derby County,3,2,1,1,5,1,1
Derby County,7,2,1,1,9,5,1
Derby County,0,1,1,1,1,-1,0
Derby County,3,2,1,1,5,1,1
Derby County,1,1,1,1,2,0,0.5
Derby County,2,2,1,1,4,0,0.5
Derby County,1,3,1,1,4,-2,0
Derby County,2,1,1,1,3,1,1
Derby County,5,1,1,1,6,4,1
Derby County,1,0,1,1,1,1,1
Derby County,8,1,1,1,9,7,1
Derby County,4,3,1,1,7,1,1
Everton,2,3,1,1,5,-1,0
Everton,0,3,1,1,3,-3,0
Everton,2,3,1,1,5,-1,0
Everton,6,0,1,1,6,6,1
Everton,1,2,1,1,3,-1,0
Everton,5,2,1,1,7,3,1
Everton,2,1,1,1,3,1,1
Everton,3,1,1,1,4,2,1
Everton,3,4,1,1,7,-1,0
Everton,1,2,1,1,3,-1,0
Everton,2,1,1,1,3,1,1
Everton,4,2,1,1,6,2,1
Everton,5,2,1,1,7,3,1
Everton,6,3,1,1,9,3,1
Everton,0,0,1,1,0,0,0.5
Liverpool,3,3,1,1,6,0,0.5
Liverpool,4,0,1,1,4,4,1
Liverpool,0,2,1,1,2,-2,0
Liverpool,1,2,1,1,3,-1,0
Liverpool,3,1,1,1,4,2,1
Liverpool,2,0,1,1,2,2,1
Liverpool,0,0,1,1,0,0,0.5
Liverpool,3,0,1,1,3,3,1
Liverpool,0,0,1,1,0,0,0.5
Liverpool,0,0,1,1,0,0,0.5
Liverpool,2,2,1,1,4,0,0.5
Liverpool,1,0,1,1,1,1,1
Liverpool,3,0,1,1,3,3,1
Liverpool,0,0,1,1,0,0,0.5
Liverpool,3,0,1,1,3,3,1
Nottingham Forest,2,4,1,1,6,-2,0
Nottingham Forest,2,1,1,1,3,1,1
Nottingham Forest,2,0,1,1,2,2,1
Nottingham Forest,4,1,1,1,5,3,1
Nottingham Forest,3,0,1,1,3,3,1
Nottingham Forest,1,2,1,1,3,-1,0
Nottingham Forest,3,0,1,1,3,3,1
Nottingham Forest,2,0,1,1,2,2,1
Nottingham Forest,0,0,1,1,0,0,0.5
Nottingham Forest,2,2,1,1,4,0,0.5
Nottingham Forest,2,2,1,1,4,0,0.5
Nottingham Forest,4,0,1,1,4,4,1
Nottingham Forest,2,1,1,1,3,1,1
Nottingham Forest,0,1,1,1,1,-1,0
Nottingham Forest,1,2,1,1,3,-1,0
Preston North End,0,1,1,1,1,-1,0
Preston North End,3,1,1,1,4,2,1
Preston North End,2,3,1,1,5,-1,0
Preston North End,5,3,1,1,8,2,1
Preston North End,2,2,1,1,4,0,0.5
Preston North End,0,2,1,1,2,-2,0
Preston North End,4,1,1,1,5,3,1
Preston North End,1,1,1,1,2,0,0.5
Preston North End,3,2,1,1,5,1,1
Preston North End,1,0,1,1,1,1,1
Preston North End,2,2,1,1,4,0,0.5
Preston North End,3,0,1,1,3,3,1
Preston North End,5,3,1,1,8,2,1
Preston North End,0,0,1,1,0,0,0.5
Preston North End,4,0,1,1,4,4,1
Sheffield United,0,0,1,1,0,0,0.5
Sheffield United,7,0,1,1,7,7,1
Sheffield United,1,0,1,1,1,1,1
Sheffield United,1,0,1,1,1,1,1
Sheffield United,2,2,1,1,4,0,0.5
Sheffield United,2,2,1,1,4,0,0.5
Sheffield United,1,2,1,1,3,-1,0
Sheffield United,1,1,1,1,2,0,0.5
Sheffield United,0,3,1,1,3,-3,0
Sheffield United,0,2,1,1,2,-2,0
Sheffield United,2,0,1,1,2,2,1
Sheffield United,1,0,1,1,1,1,1
Sheffield United,3,0,1,1,3,3,1
Sheffield United,0,1,1,1,1,-1,0
Sheffield United,1,3,1,1,4,-2,0
Sheffield Wednesday,1,3,1,1,4,-2,0
Sheffield Wednesday,6,0,1,1,6,6,1
Sheffield Wednesday,0,0,1,1,0,0,0.5
Sheffield Wednesday,1,0,1,1,1,1,1
Sheffield Wednesday,2,0,1,1,2,2,1
Sheffield Wednesday,2,0,1,1,2,2,1
Sheffield Wednesday,4,1,1,1,5,3,1
Sheffield Wednesday,1,2,1,1,3,-1,0
Sheffield Wednesday,3,0,1,1,3,3,1
Sheffield Wednesday,1,0,1,1,1,1,1
Sheffield Wednesday,1,1,1,1,2,0,0.5
Sheffield Wednesday,4,3,1,1,7,1,1
Sheffield Wednesday,0,0,1,1,0,0,0.5
Sheffield Wednesday,3,1,1,1,4,2,1
Sheffield Wednesday,0,0,1,1,0,0,0.5
Stoke City,0,2,1,1,2,-2,0
Stoke City,1,0,1,1,1,1,1
Stoke City,2,3,1,1,5,-1,0
Stoke City,3,2,1,1,5,1,1
Stoke City,3,0,1,1,3,3,1
Stoke City,2,2,1,1,4,0,0.5
Stoke City,2,3,1,1,5,-1,0
Stoke City,6,1,1,1,7,5,1
Stoke City,3,0,1,1,3,3,1
Stoke City,2,1,1,1,3,1,1
Stoke City,2,0,1,1,2,2,1
Stoke City,0,0,1,1,0,0,0.5
Stoke City,0,1,1,1,1,-1,0
Stoke City,2,2,1,1,4,0,0.5
Stoke City,2,1,1,1,3,1,1
Sunderland,4,2,1,1,6,2,1
Sunderland,0,1,1,1,1,-1,0
Sunderland,1,1,1,1,2,0,0.5
Sunderland,1,1,1,1,2,0,0.5
Sunderland,0,1,1,1,1,-1,0
Sunderland,1,2,1,1,3,-1,0
Sunderland,1,1,1,1,2,0,0.5
Sunderland,4,3,1,1,7,1,1
Sunderland,2,2,1,1,4,0,0.5
Sunderland,1,1,1,1,2,0,0.5
Sunderland,0,1,1,1,1,-1,0
Sunderland,0,0,1,1,0,0,0.5
Sunderland,4,1,1,1,5,3,1
Sunderland,2,1,1,1,3,1,1
Sunderland,0,3,1,1,3,-3,0
West Bromwich Albion,3,1,1,1,4,2,1
West Bromwich Albion,1,0,1,1,1,1,1
West Bromwich Albion,1,0,1,1,1,1,1
West Bromwich Albion,3,0,1,1,3,3,1
West Bromwich Albion,0,0,1,1,0,0,0.5
West Bromwich Albion,1,4,1,1,5,-3,0
West Bromwich Albion,1,4,1,1,5,-3,0
West Bromwich Albion,0,1,1,1,1,-1,0
West Bromwich Albion,4,0,1,1,4,4,1
West Bromwich Albion,1,1,1,1,2,0,0.5
West Bromwich Albion,0,1,1,1,1,-1,0
West Bromwich Albion,0,2,1,1,2,-2,0
West Bromwich Albion,1,2,1,1,3,-1,0
West Bromwich Albion,1,0,1,1,1,1,1
West Bromwich Albion,1,0,1,1,1,1,1
Wolverhampton Wanderers,1,2,1,1,3,-1,0
Wolverhampton Wanderers,1,1,1,1,2,0,0.5
Wolverhampton Wanderers,4,0,1,1,4,4,1
Wolverhampton Wanderers,2,0,1,1,2,2,1
Wolverhampton Wanderers,1,1,1,1,2,0,0.5
Wolverhampton Wanderers,1,0,1,1,1,1,1
Wolverhampton Wanderers,0,1,1,1,1,-1,0
Wolverhampton Wanderers,1,2,1,1,3,-1,0
Wolverhampton Wanderers,4,1,1,1,5,3,1
Wolverhampton Wanderers,1,1,1,1,2,0,0.5
Wolverhampton Wanderers,1,1,1,1,2,0,0.5
Wolverhampton Wanderers,2,0,1,1,2,2,1
Wolverhampton Wanderers,1,2,1,1,3,-1,0
Wolverhampton Wanderers,0,1,1,1,1,-1,0
Wolverhampton Wanderers,6,1,1,1,7,5,1
Arsenal,2,3,2,2,5,-1,0
Arsenal,4,2,2,2,6,2,1
Arsenal,3,0,2,2,3,3,1
Arsenal,3,0,2,2,3,3,1
Arsenal,1,0,2,2,1,1,1
Arsenal,6,1,2,2,7,5,1
Arsenal,4,2,2,2,6,2,1
Arsenal,2,1,2,2,3,1,1
Arsenal,6,2,2,2,8,4,1
Arsenal,2,0,2,2,2,2,1
Arsenal,1,2,2,2,3,-1,0
Arsenal,0,2,2,2,2,-2,0
Arsenal,5,1,2,2,6,4,1
Arsenal,2,3,2,2,5,-1,0
Arsenal,1,1,2,2,2,0,0.5
Birmingham City,5,2,2,2,7,3,1
Birmingham City,1,3,2,2,4,-2,0
Birmingham City,1,2,2,2,3,-1,0
Birmingham City,3,2,2,2,5,1,1
Birmingham City,5,1,2,2,6,4,1
Birmingham City,2,2,2,2,4,0,0.5
Birmingham City,0,1,2,2,1,-1,0
Birmingham City,2,2,2,2,4,0,0.5
Birmingham City,1,2,2,2,3,-1,0
Birmingham City,3,0,2,2,3,3,1
Birmingham City,3,1,2,2,4,2,1
Birmingham City,1,0,2,2,1,1,1
Birmingham City,3,1,2,2,4,2,1
Birmingham City,3,1,2,2,4,2,1
Birmingham City,3,3,2,2,6,0,0.5
Blackpool,1,1,2,2,2,0,0.5
Blackpool,1,3,2,2,4,-2,0
Blackpool,3,0,2,2,3,3,1
Blackpool,5,0,2,2,5,5,1
Blackpool,1,0,2,2,1,1,1
Blackpool,1,1,2,2,2,0,0.5
Blackpool,1,0,2,2,1,1,1
Blackpool,3,0,2,2,3,3,1
Blackpool,3,1,2,2,4,2,1
Blackpool,4,1,2,2,5,3,1
Blackpool,2,2,2,2,4,0,0.5
Blackpool,4,2,2,2,6,2,1
Blackpool,4,1,2,2,5,3,1
Blackpool,3,2,2,2,5,1,1
Blackpool,3,2,2,2,5,1,1
Burton Swifts,1,2,2,2,3,-1,0
Burton Swifts,1,1,2,2,2,0,0.5
Burton Swifts,2,2,2,2,4,0,0.5
Burton Swifts,1,1,2,2,2,0,0.5
Burton Swifts,2,0,2,2,2,2,1
Burton Swifts,4,0,2,2,4,4,1
Burton Swifts,0,0,2,2,0,0,0.5
Burton Swifts,2,1,2,2,3,1,1
Burton Swifts,4,0,2,2,4,4,1
Burton Swifts,3,1,2,2,4,2,1
Burton Swifts,5,0,2,2,5,5,1
Burton Swifts,3,5,2,2,8,-2,0
Burton Swifts,3,0,2,2,3,3,1
Burton Swifts,1,4,2,2,5,-3,0
Burton Swifts,1,3,2,2,4,-2,0
Burton Wanderers,0,3,2,2,3,-3,0
Burton Wanderers,2,6,2,2,8,-4,0
Burton Wanderers,3,1,2,2,4,2,1
Burton Wanderers,1,0,2,2,1,1,1
Burton Wanderers,1,0,2,2,1,1,1
Burton Wanderers,3,2,2,2,5,1,1
Burton Wanderers,5,1,2,2,6,4,1
Burton Wanderers,2,1,2,2,3,1,1
Burton Wanderers,2,0,2,2,2,2,1
Burton Wanderers,0,1,2,2,1,-1,0
Burton Wanderers,1,1,2,2,2,0,0.5
Burton Wanderers,1,2,2,2,3,-1,0
Burton Wanderers,0,1,2,2,1,-1,0
Burton Wanderers,0,3,2,2,3,-3,0
Burton Wanderers,1,0,2,2,1,1,1
Darwen,4,1,2,2,5,3,1
Darwen,2,0,2,2,2,2,1
Darwen,2,3,2,2,5,-1,0
Darwen,5,1,2,2,6,4,1
Darwen,3,0,2,2,3,3,1
Darwen,3,2,2,2,5,1,1
Darwen,3,1,2,2,4,2,1
Darwen,4,1,2,2,5,3,1
Darwen,4,1,2,2,5,3,1
Darwen,5,1,2,2,6,4,1
Darwen,3,1,2,2,4,2,1
Darwen,0,2,2,2,2,-2,0
Darwen,2,1,2,2,3,1,1
Darwen,2,1,2,2,3,1,1
Darwen,12,0,2,2,12,12,1
Gainsborough Trinity,4,1,2,2,5,3,1
Gainsborough Trinity,1,3,2,2,4,-2,0
Gainsborough Trinity,2,0,2,2,2,2,1
Gainsborough Trinity,4,1,2,2,5,3,1
Gainsborough Trinity,2,1,2,2,3,1,1
Gainsborough Trinity,2,4,2,2,6,-2,0
Gainsborough Trinity,1,1,2,2,2,0,0.5
Gainsborough Trinity,0,2,2,2,2,-2,0
Gainsborough Trinity,7,0,2,2,7,7,1
Gainsborough Trinity,2,0,2,2,2,2,1
Gainsborough Trinity,1,1,2,2,2,0,0.5
Gainsborough Trinity,2,0,2,2,2,2,1
Gainsborough Trinity,2,0,2,2,2,2,1
Gainsborough Trinity,3,2,2,2,5,1,1
Gainsborough Trinity,2,0,2,2,2,2,1
Grimsby Town,3,1,2,2,4,2,1
Grimsby Town,2,1,2,2,3,1,1
Grimsby Town,2,2,2,2,4,0,0.5
Grimsby Town,3,0,2,2,3,3,1
Grimsby Town,3,0,2,2,3,3,1
Grimsby Town,4,2,2,2,6,2,1
Grimsby Town,1,1,2,2,2,0,0.5
Grimsby Town,4,1,2,2,5,3,1
Grimsby Town,3,1,2,2,4,2,1
Grimsby Town,8,1,2,2,9,7,1
Grimsby Town,3,1,2,2,4,2,1
Grimsby Town,2,0,2,2,2,2,1
Grimsby Town,3,2,2,2,5,1,1
Grimsby Town,3,1,2,2,4,2,1
Grimsby Town,0,1,2,2,1,-1,0
Leicester City,6,3,2,2,9,3,1
Leicester City,0,1,2,2,1,-1,0
Leicester City,2,1,2,2,3,1,1
Leicester City,3,0,2,2,3,3,1
Leicester City,2,1,2,2,3,1,1
Leicester City,4,1,2,2,5,3,1
Leicester City,0,0,2,2,0,0,0.5
Leicester City,4,2,2,2,6,2,1
Leicester City,4,1,2,2,5,3,1
Leicester City,4,2,2,2,6,2,1
Leicester City,3,3,2,2,6,0,0.5
Leicester City,1,0,2,2,1,1,1
Leicester City,5,0,2,2,5,5,1
Leicester City,2,3,2,2,5,-1,0
Leicester City,4,2,2,2,6,2,1
Lincoln City,2,3,2,2,5,-1,0
Lincoln City,1,3,2,2,4,-2,0
Lincoln City,3,1,2,2,4,2,1
Lincoln City,1,1,2,2,2,0,0.5
Lincoln City,2,3,2,2,5,-1,0
Lincoln City,1,0,2,2,1,1,1
Lincoln City,0,2,2,2,2,-2,0
Lincoln City,0,3,2,2,3,-3,0
Lincoln City,2,1,2,2,3,1,1
Lincoln City,0,2,2,2,2,-2,0
Lincoln City,0,1,2,2,1,-1,0
Lincoln City,1,3,2,2,4,-2,0
Lincoln City,1,2,2,2,3,-1,0
Lincoln City,1,1,2,2,2,0,0.5
Lincoln City,2,1,2,2,3,1,1
Loughborough,8,0,2,2,8,8,1
Loughborough,2,0,2,2,2,2,1
Loughborough,4,1,2,2,5,3,1
Loughborough,0,2,2,2,2,-2,0
Loughborough,6,0,2,2,6,6,1
Loughborough,4,2,2,2,6,2,1
Loughborough,1,0,2,2,1,1,1
Loughborough,1,4,2,2,5,-3,0
Loughborough,0,2,2,2,2,-2,0
Loughborough,3,0,2,2,3,3,1
Loughborough,2,0,2,2,2,2,1
Loughborough,2,0,2,2,2,2,1
Loughborough,3,0,2,2,3,3,1
Loughborough,0,1,2,2,1,-1,0
Loughborough,1,2,2,2,3,-1,0
Manchester City,1,1,2,2,2,0,0.5
Manchester City,3,0,2,2,3,3,1
Manchester City,4,2,2,2,6,2,1
Manchester City,3,1,2,2,4,2,1
Manchester City,2,1,2,2,3,1,1
Manchester City,4,1,2,2,5,3,1
Manchester City,4,1,2,2,5,3,1
Manchester City,3,1,2,2,4,2,1
Manchester City,4,0,2,2,4,4,1
Manchester City,3,0,2,2,3,3,1
Manchester City,1,1,2,2,2,0,0.5
Manchester City,0,0,2,2,0,0,0.5
Manchester City,1,2,2,2,3,-1,0
Manchester City,1,4,2,2,5,-3,0
Manchester City,5,0,2,2,5,5,1
Manchester United,1,1,2,2,2,0,0.5
Manchester United,1,1,2,2,2,0,0.5
Manchester United,2,0,2,2,2,2,1
Manchester United,1,1,2,2,2,0,0.5
Manchester United,3,0,2,2,3,3,1
Manchester United,3,1,2,2,4,2,1
Manchester United,2,0,2,2,2,2,1
Manchester United,4,2,2,2,6,2,1
Manchester United,2,1,2,2,3,1,1
Manchester United,3,1,2,2,4,2,1
Manchester United,6,0,2,2,6,6,1
Manchester United,2,1,2,2,3,1,1
Manchester United,4,0,2,2,4,4,1
Manchester United,1,1,2,2,2,0,0.5
Manchester United,2,0,2,2,2,2,1
Newcastle United,2,0,2,2,2,2,1
Newcastle United,4,3,2,2,7,1,1
Newcastle United,4,1,2,2,5,3,1
Newcastle United,2,1,2,2,3,1,1
Newcastle United,3,0,2,2,3,3,1
Newcastle United,5,1,2,2,6,4,1
Newcastle United,1,2,2,2,3,-1,0
Newcastle United,3,0,2,2,3,3,1
Newcastle United,3,1,2,2,4,2,1
Newcastle United,2,1,2,2,3,1,1
Newcastle United,4,1,2,2,5,3,1
Newcastle United,3,0,2,2,3,3,1
Newcastle United,2,0,2,2,2,2,1
Newcastle United,2,2,2,2,4,0,0.5
Newcastle United,2,0,2,2,2,2,1
Notts County,7,4,2,2,11,3,1
Notts County,1,2,2,2,3,-1,0
Notts County,3,1,2,2,4,2,1
Notts County,6,1,2,2,7,5,1
Notts County,5,0,2,2,5,5,1
Notts County,4,0,2,2,4,4,1
Notts County,2,0,2,2,2,2,1
Notts County,1,3,2,2,4,-2,0
Notts County,6,0,2,2,6,6,1
Notts County,8,0,2,2,8,8,1
Notts County,3,1,2,2,4,2,1
Notts County,3,3,2,2,6,0,0.5
Notts County,3,0,2,2,3,3,1
Notts County,3,1,2,2,4,2,1
Notts County,5,2,2,2,7,3,1
Walsall,5,3,2,2,8,2,1
Walsall,1,6,2,2,7,-5,0
Walsall,2,0,2,2,2,2,1
Walsall,5,2,2,2,7,3,1
Walsall,2,0,2,2,2,2,1
Walsall,4,0,2,2,4,4,1
Walsall,1,1,2,2,2,0,0.5
Walsall,0,1,2,2,1,-1,0
Walsall,1,1,2,2,2,0,0.5
Walsall,5,0,2,2,5,5,1
Walsall,5,1,2,2,6,4,1
Walsall,3,2,2,2,5,1,1
Walsall,2,3,2,2,5,-1,0
Walsall,0,2,2,2,2,-2,0
Walsall,1,3,2,2,4,-2,0
Aston Villa,5,1,1,1,6,4,1
Aston Villa,3,2,1,1,5,1,1
Aston Villa,3,1,1,1,4,2,1
Aston Villa,4,1,1,1,5,3,1
Aston Villa,3,0,1,1,3,3,1
Aston Villa,3,1,1,1,4,2,1
Aston Villa,2,0,1,1,2,2,1
Aston Villa,4,2,1,1,6,2,1
Aston Villa,4,0,1,1,4,4,1
Aston Villa,1,2,1,1,3,-1,0
Aston Villa,5,2,1,1,7,3,1
Aston Villa,1,1,1,1,2,0,0.5
Aston Villa,4,3,1,1,7,1,1
Aston Villa,4,3,1,1,7,1,1
Aston Villa,1,2,1,1,3,-1,0
Blackburn Rovers,4,3,1,1,7,1,1
Blackburn Rovers,1,3,1,1,4,-2,0
Blackburn Rovers,1,1,1,1,2,0,0.5
Blackburn Rovers,1,1,1,1,2,0,0.5
Blackburn Rovers,1,1,1,1,2,0,0.5
Blackburn Rovers,2,1,1,1,3,1,1
Blackburn Rovers,1,1,1,1,2,0,0.5
Blackburn Rovers,0,1,1,1,1,-1,0
Blackburn Rovers,1,0,1,1,1,1,1
Blackburn Rovers,1,1,1,1,2,0,0.5
Blackburn Rovers,1,1,1,1,2,0,0.5
Blackburn Rovers,1,1,1,1,2,0,0.5
Blackburn Rovers,2,1,1,1,3,1,1
Blackburn Rovers,1,3,1,1,4,-2,0
Blackburn Rovers,2,3,1,1,5,-1,0
Bolton Wanderers,2,0,1,1,2,2,1
Bolton Wanderers,1,2,1,1,3,-1,0
Bolton Wanderers,0,0,1,1,0,0,0.5
Bolton Wanderers,3,3,1,1,6,0,0.5
Bolton Wanderers,1,0,1,1,1,1,1
Bolton Wanderers,0,2,1,1,2,-2,0
Bolton Wanderers,2,0,1,1,2,2,1
Bolton Wanderers,1,0,1,1,1,1,1
Bolton Wanderers,1,0,1,1,1,1,1
Bolton Wanderers,0,1,1,1,1,-1,0
Bolton Wanderers,0,3,1,1,3,-3,0
Bolton Wanderers,2,1,1,1,3,1,1
Bolton Wanderers,1,0,1,1,1,1,1
Bolton Wanderers,2,0,1,1,2,2,1
Bolton Wanderers,2,1,1,1,3,1,1
Bury,1,2,1,1,3,-1,0
Bury,1,0,1,1,1,1,1
Bury,2,1,1,1,3,1,1
Bury,4,0,1,1,4,4,1
Bury,0,1,1,1,1,-1,0
Bury,0,2,1,1,2,-2,0
Bury,2,2,1,1,4,0,0.5
Bury,0,0,1,1,0,0,0.5
Bury,1,0,1,1,1,1,1
Bury,2,5,1,1,7,-3,0
Bury,3,0,1,1,3,3,1
Bury,3,3,1,1,6,0,0.5
Bury,1,0,1,1,1,1,1
Bury,3,2,1,1,5,1,1
Bury,2,1,1,1,3,1,1
Derby County,3,1,1,1,4,2,1
Derby County,3,1,1,1,4,2,1
Derby County,1,0,1,1,1,1,1
Derby County,2,2,1,1,4,0,0.5
Derby County,5,1,1,1,6,4,1
Derby County,3,1,1,1,4,2,1
Derby County,5,0,1,1,5,5,1
Derby County,1,2,1,1,3,-1,0
Derby County,3,1,1,1,4,2,1
Derby County,1,1,1,1,2,0,0.5
Derby County,1,2,1,1,3,-1,0
Derby County,4,1,1,1,5,3,1
Derby County,2,2,1,1,4,0,0.5
Derby County,3,2,1,1,5,1,1
Derby County,3,2,1,1,5,1,1
Everton,2,1,1,1,3,1,1
Everton,1,1,1,1,2,0,0.5
Everton,2,1,1,1,3,1,1
Everton,4,2,1,1,6,2,1
Everton,3,0,1,1,3,3,1
Everton,3,0,1,1,3,3,1
Everton,2,0,1,1,2,2,1
Everton,1,0,1,1,1,1,1
Everton,1,1,1,1,2,0,0.5
Everton,1,4,1,1,5,-3,0
Everton,1,0,1,1,1,1,1
Everton,1,1,1,1,2,0,0.5
Everton,2,0,1,1,2,2,1
Everton,6,1,1,1,7,5,1
Everton,3,0,1,1,3,3,1
Liverpool,4,0,1,1,4,4,1
Liverpool,0,1,1,1,1,-1,0
Liverpool,1,1,1,1,2,0,0.5
Liverpool,2,2,1,1,4,0,0.5
Liverpool,4,2,1,1,6,2,1
Liverpool,3,1,1,1,4,2,1
Liverpool,1,2,1,1,3,-1,0
Liverpool,2,0,1,1,2,2,1
Liverpool,0,0,1,1,0,0,0.5
Liverpool,0,4,1,1,4,-4,0
Liverpool,4,0,1,1,4,4,1
Liverpool,4,0,1,1,4,4,1
Liverpool,0,2,1,1,2,-2,0
Liverpool,1,1,1,1,2,0,0.5
Liverpool,1,0,1,1,1,1,1
Nottingham Forest,3,1,1,1,4,2,1
Nottingham Forest,3,1,1,1,4,2,1
Nottingham Forest,2,0,1,1,2,2,1
Nottingham Forest,3,1,1,1,4,2,1
Nottingham Forest,3,4,1,1,7,-1,0
Nottingham Forest,2,2,1,1,4,0,0.5
Nottingham Forest,2,3,1,1,5,-1,0
Nottingham Forest,1,1,1,1,2,0,0.5
Nottingham Forest,4,1,1,1,5,3,1
Nottingham Forest,1,1,1,1,2,0,0.5
Nottingham Forest,1,0,1,1,1,1,1
Nottingham Forest,3,1,1,1,4,2,1
Nottingham Forest,1,1,1,1,2,0,0.5
Nottingham Forest,0,1,1,1,1,-1,0
Nottingham Forest,1,1,1,1,2,0,0.5
Notts County,2,3,1,1,5,-1,0
Notts County,0,0,1,1,0,0,0.5
Notts County,1,2,1,1,3,-1,0
Notts County,2,1,1,1,3,1,1
Notts County,1,1,1,1,2,0,0.5
Notts County,3,2,1,1,5,1,1
Notts County,3,2,1,1,5,1,1
Notts County,1,3,1,1,4,-2,0
Notts County,1,1,1,1,2,0,0.5
Notts County,1,3,1,1,4,-2,0
Notts County,0,0,1,1,0,0,0.5
Notts County,4,0,1,1,4,4,1
Notts County,0,1,1,1,1,-1,0
Notts County,2,2,1,1,4,0,0.5
Notts County,2,2,1,1,4,0,0.5
Preston North End,3,1,1,1,4,2,1
Preston North End,1,4,1,1,5,-3,0
Preston North End,0,0,1,1,0,0,0.5
Preston North End,2,1,1,1,3,1,1
Preston North End,5,0,1,1,5,5,1
Preston North End,1,1,1,1,2,0,0.5
Preston North End,1,1,1,1,2,0,0.5
Preston North End,3,0,1,1,3,3,1
Preston North End,3,1,1,1,4,2,1
Preston North End,1,3,1,1,4,-2,0
Preston North End,2,0,1,1,2,2,1
Preston North End,0,0,1,1,0,0,0.5
Preston North End,2,0,1,1,2,2,1
Preston North End,1,1,1,1,2,0,0.5
Preston North End,1,2,1,1,3,-1,0
Sheffield United,1,0,1,1,1,1,1
Sheffield United,5,2,1,1,7,3,1
Sheffield United,4,0,1,1,4,4,1
Sheffield United,1,1,1,1,2,0,0.5
Sheffield United,2,1,1,1,3,1,1
Sheffield United,0,0,1,1,0,0,0.5
Sheffield United,1,2,1,1,3,-1,0
Sheffield United,1,1,1,1,2,0,0.5
Sheffield United,0,1,1,1,1,-1,0
Sheffield United,2,1,1,1,3,1,1
Sheffield United,1,1,1,1,2,0,0.5
Sheffield United,4,3,1,1,7,1,1
Sheffield United,1,0,1,1,1,1,1
Sheffield United,2,0,1,1,2,2,1
Sheffield United,2,1,1,1,3,1,1
Sheffield Wednesday,3,0,1,1,3,3,1
Sheffield Wednesday,4,1,1,1,5,3,1
Sheffield Wednesday,3,0,1,1,3,3,1
Sheffield Wednesday,3,0,1,1,3,3,1
Sheffield Wednesday,3,1,1,1,4,2,1
Sheffield Wednesday,2,1,1,1,3,1,1
Sheffield Wednesday,4,2,1,1,6,2,1
Sheffield Wednesday,3,6,1,1,9,-3,0
Sheffield Wednesday,3,1,1,1,4,2,1
Sheffield Wednesday,2,1,1,1,3,1,1
Sheffield Wednesday,0,1,1,1,1,-1,0
Sheffield Wednesday,4,0,1,1,4,4,1
Sheffield Wednesday,0,1,1,1,1,-1,0
Sheffield Wednesday,3,0,1,1,3,3,1
Sheffield Wednesday,2,0,1,1,2,2,1
Stoke City,0,0,1,1,0,0,0.5
Stoke City,2,1,1,1,3,1,1
Stoke City,2,0,1,1,2,2,1
Stoke City,3,1,1,1,4,2,1
Stoke City,2,1,1,1,3,1,1
Stoke City,2,0,1,1,2,2,1
Stoke City,2,2,1,1,4,0,0.5
Stoke City,1,2,1,1,3,-1,0
Stoke City,2,0,1,1,2,2,1
Stoke City,1,2,1,1,3,-1,0
Stoke City,2,1,1,1,3,1,1
Stoke City,2,1,1,1,3,1,1
Stoke City,0,1,1,1,1,-1,0
Stoke City,0,0,1,1,0,0,0.5
Stoke City,0,2,1,1,2,-2,0
Sunderland,0,0,1,1,0,0,0.5
Sunderland,2,1,1,1,3,1,1
Sunderland,2,0,1,1,2,2,1
Sunderland,2,1,1,1,3,1,1
Sunderland,2,1,1,1,3,1,1
Sunderland,0,0,1,1,0,0,0.5
Sunderland,1,0,1,1,1,1,1
Sunderland,4,0,1,1,4,4,1
Sunderland,2,0,1,1,2,2,1
Sunderland,1,0,1,1,1,1,1
Sunderland,3,1,1,1,4,2,1
Sunderland,1,0,1,1,1,1,1
Sunderland,4,0,1,1,4,4,1
Sunderland,0,2,1,1,2,-2,0
Sunderland,3,2,1,1,5,1,1
West Bromwich Albion,1,1,1,1,2,0,0.5
West Bromwich Albion,1,1,1,1,2,0,0.5
West Bromwich Albion,2,0,1,1,2,2,1
West Bromwich Albion,1,0,1,1,1,1,1
West Bromwich Albion,3,1,1,1,4,2,1
West Bromwich Albion,2,2,1,1,4,0,0.5
West Bromwich Albion,2,1,1,1,3,1,1
West Bromwich Albion,2,0,1,1,2,2,1
West Bromwich Albion,0,3,1,1,3,-3,0
West Bromwich Albion,3,1,1,1,4,2,1
West Bromwich Albion,2,0,1,1,2,2,1
West Bromwich Albion,0,2,1,1,2,-2,0
West Bromwich Albion,2,0,1,1,2,2,1
West Bromwich Albion,2,2,1,1,4,0,0.5
West Bromwich Albion,2,2,1,1,4,0,0.5
Wolverhampton Wanderers,1,1,1,1,2,0,0.5
Wolverhampton Wanderers,3,2,1,1,5,1,1
Wolverhampton Wanderers,2,0,1,1,2,2,1
Wolverhampton Wanderers,3,0,1,1,3,3,1
Wolverhampton Wanderers,2,0,1,1,2,2,1
Wolverhampton Wanderers,2,3,1,1,5,-1,0
Wolverhampton Wanderers,2,1,1,1,3,1,1
Wolverhampton Wanderers,0,0,1,1,0,0,0.5
Wolverhampton Wanderers,3,1,1,1,4,2,1
Wolverhampton Wanderers,3,0,1,1,3,3,1
Wolverhampton Wanderers,1,1,1,1,2,0,0.5
Wolverhampton Wanderers,5,0,1,1,5,5,1
Wolverhampton Wanderers,4,2,1,1,6,2,1
Wolverhampton Wanderers,4,2,1,1,6,2,1
Wolverhampton Wanderers,1,1,1,1,2,0,0.5
Arsenal,4,2,2,2,6,2,1
Arsenal,2,1,2,2,3,1,1
Arsenal,1,1,2,2,2,0,0.5
Arsenal,3,0,2,2,3,3,1
Arsenal,3,1,2,2,4,2,1
Arsenal,4,0,2,2,4,4,1
Arsenal,4,1,2,2,5,3,1
Arsenal,0,3,2,2,3,-3,0
Arsenal,2,2,2,2,4,0,0.5
Arsenal,4,0,2,2,4,4,1
Arsenal,3,0,2,2,3,3,1
Arsenal,2,2,2,2,4,0,0.5
Arsenal,5,1,2,2,6,4,1
Arsenal,0,0,2,2,0,0,0.5
Arsenal,4,0,2,2,4,4,1
Birmingham City,2,1,2,2,3,1,1
Birmingham City,2,3,2,2,5,-1,0
Birmingham City,2,2,2,2,4,0,0.5
Birmingham City,2,1,2,2,3,1,1
Birmingham City,5,1,2,2,6,4,1
Birmingham City,4,3,2,2,7,1,1
Birmingham City,0,2,2,2,2,-2,0
Birmingham City,2,1,2,2,3,1,1
Birmingham City,4,0,2,2,4,4,1
Birmingham City,1,0,2,2,1,1,1
Birmingham City,4,2,2,2,6,2,1
Birmingham City,0,1,2,2,1,-1,0
Birmingham City,2,1,2,2,3,1,1
Birmingham City,1,0,2,2,1,1,1
Birmingham City,6,0,2,2,6,6,1
Blackpool,3,3,2,2,6,0,0.5
Blackpool,4,1,2,2,5,3,1
Blackpool,1,1,2,2,2,0,0.5
Blackpool,2,1,2,2,3,1,1
Blackpool,1,0,2,2,1,1,1
Blackpool,5,0,2,2,5,5,1
Blackpool,1,1,2,2,2,0,0.5
Blackpool,2,1,2,2,3,1,1
Blackpool,5,0,2,2,5,5,1
Blackpool,4,0,2,2,4,4,1
Blackpool,1,0,2,2,1,1,1
Blackpool,0,2,2,2,2,-2,0
Blackpool,0,1,2,2,1,-1,0
Blackpool,2,3,2,2,5,-1,0
Blackpool,1,1,2,2,2,0,0.5
Burnley,5,0,2,2,5,5,1
Burnley,4,1,2,2,5,3,1
Burnley,5,1,2,2,6,4,1
Burnley,2,0,2,2,2,2,1
Burnley,6,1,2,2,7,5,1
Burnley,1,1,2,2,2,0,0.5
Burnley,6,0,2,2,6,6,1
Burnley,4,0,2,2,4,4,1
Burnley,2,1,2,2,3,1,1
Burnley,9,3,2,2,12,6,1
Burnley,4,0,2,2,4,4,1
Burnley,3,1,2,2,4,2,1
Burnley,6,3,2,2,9,3,1
Burnley,3,0,2,2,3,3,1
Burnley,4,1,2,2,5,3,1
Burton Swifts,1,2,2,2,3,-1,0
Burton Swifts,1,3,2,2,4,-2,0
Burton Swifts,2,1,2,2,3,1,1
Burton Swifts,0,2,2,2,2,-2,0
Burton Swifts,2,0,2,2,2,2,1
Burton Swifts,1,1,2,2,2,0,0.5
Burton Swifts,4,0,2,2,4,4,1
Burton Swifts,2,3,2,2,5,-1,0
Burton Swifts,1,1,2,2,2,0,0.5
Burton Swifts,3,0,2,2,3,3,1
Burton Swifts,2,1,2,2,3,1,1
Burton Swifts,0,0,2,2,0,0,0.5
Burton Swifts,0,4,2,2,4,-4,0
Burton Swifts,3,1,2,2,4,2,1
Burton Swifts,3,2,2,2,5,1,1
Darwen,1,4,2,2,5,-3,0
Darwen,1,1,2,2,2,0,0.5
Darwen,3,1,2,2,4,2,1
Darwen,0,1,2,2,1,-1,0
Darwen,1,2,2,2,3,-1,0
Darwen,2,4,2,2,6,-2,0
Darwen,1,0,2,2,1,1,1
Darwen,1,2,2,2,3,-1,0
Darwen,3,2,2,2,5,1,1
Darwen,2,1,2,2,3,1,1
Darwen,0,2,2,2,2,-2,0
Darwen,2,4,2,2,6,-2,0
Darwen,2,3,2,2,5,-1,0
Darwen,1,3,2,2,4,-2,0
Darwen,1,2,2,2,3,-1,0
Gainsborough Trinity,1,0,2,2,1,1,1
Gainsborough Trinity,0,0,2,2,0,0,0.5
Gainsborough Trinity,4,1,2,2,5,3,1
Gainsborough Trinity,0,0,2,2,0,0,0.5
Gainsborough Trinity,3,2,2,2,5,1,1
Gainsborough Trinity,3,1,2,2,4,2,1
Gainsborough Trinity,2,0,2,2,2,2,1
Gainsborough Trinity,1,0,2,2,1,1,1
Gainsborough Trinity,4,0,2,2,4,4,1
Gainsborough Trinity,4,0,2,2,4,4,1
Gainsborough Trinity,3,3,2,2,6,0,0.5
Gainsborough Trinity,1,0,2,2,1,1,1
Gainsborough Trinity,2,1,2,2,3,1,1
Gainsborough Trinity,1,3,2,2,4,-2,0
Gainsborough Trinity,1,1,2,2,2,0,0.5
Grimsby Town,1,4,2,2,5,-3,0
Grimsby Town,3,1,2,2,4,2,1
Grimsby Town,3,0,2,2,3,3,1
Grimsby Town,2,1,2,2,3,1,1
Grimsby Town,7,2,2,2,9,5,1
Grimsby Town,5,0,2,2,5,5,1
Grimsby Town,4,2,2,2,6,2,1
Grimsby Town,0,0,2,2,0,0,0.5
Grimsby Town,4,2,2,2,6,2,1
Grimsby Town,7,0,2,2,7,7,1
Grimsby Town,1,3,2,2,4,-2,0
Grimsby Town,3,4,2,2,7,-1,0
Grimsby Town,1,3,2,2,4,-2,0
Grimsby Town,2,0,2,2,2,2,1
Grimsby Town,1,2,2,2,3,-1,0
Leicester City,2,1,2,2,3,1,1
Leicester City,2,0,2,2,2,2,1
Leicester City,4,1,2,2,5,3,1
Leicester City,0,1,2,2,1,-1,0
Leicester City,1,1,2,2,2,0,0.5
Leicester City,0,1,2,2,1,-1,0
Leicester City,3,1,2,2,4,2,1
Leicester City,1,0,2,2,1,1,1
Leicester City,3,1,2,2,4,2,1
Leicester City,4,0,2,2,4,4,1
Leicester City,1,1,2,2,2,0,0.5
Leicester City,0,0,2,2,0,0,0.5
Leicester City,1,1,2,2,2,0,0.5
Leicester City,1,1,2,2,2,0,0.5
Leicester City,3,1,2,2,4,2,1
Lincoln City,2,3,2,2,5,-1,0
Lincoln City,1,2,2,2,3,-1,0
Lincoln City,3,2,2,2,5,1,1
Lincoln City,1,1,2,2,2,0,0.5
Lincoln City,3,0,2,2,3,3,1
Lincoln City,2,2,2,2,4,0,0.5
Lincoln City,2,1,2,2,3,1,1
Lincoln City,1,1,2,2,2,0,0.5
Lincoln City,1,4,2,2,5,-3,0
Lincoln City,2,3,2,2,5,-1,0
Lincoln City,4,2,2,2,6,2,1
Lincoln City,2,1,2,2,3,1,1
Lincoln City,1,0,2,2,1,1,1
Lincoln City,2,3,2,2,5,-1,0
Lincoln City,0,2,2,2,2,-2,0
Loughborough,1,3,2,2,4,-2,0
Loughborough,0,2,2,2,2,-2,0
Loughborough,0,2,2,2,2,-2,0
Loughborough,0,2,2,2,2,-2,0
Loughborough,3,2,2,2,5,1,1
Loughborough,0,1,2,2,1,-1,0
Loughborough,0,5,2,2,5,-5,0
Loughborough,2,1,2,2,3,1,1
Loughborough,1,1,2,2,2,0,0.5
Loughborough,4,2,2,2,6,2,1
Loughborough,2,0,2,2,2,2,1
Loughborough,0,3,2,2,3,-3,0
Loughborough,0,0,2,2,0,0,0.5
Loughborough,0,1,2,2,1,-1,0
Loughborough,2,1,2,2,3,1,1
Luton Town,0,2,2,2,2,-2,0
Luton Town,1,2,2,2,3,-1,0
Luton Town,3,1,2,2,4,2,1
Luton Town,2,0,2,2,2,2,1
Luton Town,1,1,2,2,2,0,0.5
Luton Town,3,0,2,2,3,3,1
Luton Town,4,0,2,2,4,4,1
Luton Town,6,0,2,2,6,6,1
Luton Town,0,1,2,2,1,-1,0
Luton Town,9,3,2,2,12,6,1
Luton Town,7,0,2,2,7,7,1
Luton Town,3,0,2,2,3,3,1
Luton Town,2,2,2,2,4,0,0.5
Luton Town,3,1,2,2,4,2,1
Luton Town,6,0,2,2,6,6,1
Manchester City,4,1,2,2,5,3,1
Manchester City,3,3,2,2,6,0,0.5
Manchester City,3,3,2,2,6,0,0.5
Manchester City,1,1,2,2,2,0,0.5
Manchester City,9,0,2,2,9,9,1
Manchester City,5,0,2,2,5,5,1
Manchester City,3,0,2,2,3,3,1
Manchester City,3,0,2,2,3,3,1
Manchester City,2,1,2,2,3,1,1
Manchester City,3,1,2,2,4,2,1
Manchester City,3,0,2,2,3,3,1
Manchester City,2,1,2,2,3,1,1
Manchester City,0,1,2,2,1,-1,0
Manchester City,1,1,2,2,2,0,0.5
Manchester City,3,2,2,2,5,1,1
Manchester United,5,1,2,2,6,4,1
Manchester United,3,1,2,2,4,2,1
Manchester United,4,0,2,2,4,4,1
Manchester United,0,0,2,2,0,0,0.5
Manchester United,4,0,2,2,4,4,1
Manchester United,3,2,2,2,5,1,1
Manchester United,1,0,2,2,1,1,1
Manchester United,2,1,2,2,3,1,1
Manchester United,2,0,2,2,2,2,1
Manchester United,5,0,2,2,5,5,1
Manchester United,5,1,2,2,6,4,1
Manchester United,1,2,2,2,3,-1,0
Manchester United,1,1,2,2,2,0,0.5
Manchester United,0,1,2,2,1,-1,0
Manchester United,6,0,2,2,6,6,1
Newcastle United,4,1,2,2,5,3,1
Newcastle United,4,0,2,2,4,4,1
Newcastle United,2,0,2,2,2,2,1
Newcastle United,0,1,2,2,1,-1,0
Newcastle United,3,1,2,2,4,2,1
Newcastle United,1,0,2,2,1,1,1
Newcastle United,5,2,2,2,7,3,1
Newcastle United,4,0,2,2,4,4,1
Newcastle United,4,2,2,2,6,2,1
Newcastle United,3,0,2,2,3,3,1
Newcastle United,3,1,2,2,4,2,1
Newcastle United,4,1,2,2,5,3,1
Newcastle United,2,0,2,2,2,2,1
Newcastle United,2,0,2,2,2,2,1
Newcastle United,2,1,2,2,3,1,1
Walsall,3,2,2,2,5,1,1
Walsall,1,2,2,2,3,-1,0
Walsall,6,0,2,2,6,6,1
Walsall,1,2,2,2,3,-1,0
Walsall,4,0,2,2,4,4,1
Walsall,5,0,2,2,5,5,1
Walsall,3,0,2,2,3,3,1
Walsall,1,1,2,2,2,0,0.5
Walsall,2,1,2,2,3,1,1
Walsall,3,1,2,2,4,2,1
Walsall,3,0,2,2,3,3,1
Walsall,5,0,2,2,5,5,1
Walsall,2,2,2,2,4,0,0.5
Walsall,1,1,2,2,2,0,0.5
Walsall,2,3,2,2,5,-1,0
Aston Villa,3,1,1,1,4,2,1
Aston Villa,2,1,1,1,3,1,1
Aston Villa,4,0,1,1,4,4,1
Aston Villa,3,2,1,1,5,1,1
Aston Villa,7,1,1,1,8,6,1
Aston Villa,3,0,1,1,3,3,1
Aston Villa,5,0,1,1,5,5,1
Aston Villa,1,0,1,1,1,1,1
Aston Villa,3,0,1,1,3,3,1
Aston Villa,6,1,1,1,7,5,1
Aston Villa,4,2,1,1,6,2,1
Aston Villa,1,1,1,1,2,0,0.5
Aston Villa,3,1,1,1,4,2,1
Aston Villa,3,1,1,1,4,2,1
Aston Villa,2,0,1,1,2,2,1
Aston Villa,7,1,1,1,8,6,1
Aston Villa,1,1,1,1,2,0,0.5
Blackburn Rovers,0,0,1,1,0,0,0.5
Blackburn Rovers,4,1,1,1,5,3,1
Blackburn Rovers,0,2,1,1,2,-2,0
Blackburn Rovers,0,0,1,1,0,0,0.5
Blackburn Rovers,3,0,1,1,3,3,1
Blackburn Rovers,1,3,1,1,4,-2,0
Blackburn Rovers,1,3,1,1,4,-2,0
Blackburn Rovers,4,2,1,1,6,2,1
Blackburn Rovers,3,3,1,1,6,0,0.5
Blackburn Rovers,6,0,1,1,6,6,1
Blackburn Rovers,2,2,1,1,4,0,0.5
Blackburn Rovers,2,1,1,1,3,1,1
Blackburn Rovers,2,0,1,1,2,2,1
Blackburn Rovers,4,1,1,1,5,3,1
Blackburn Rovers,3,2,1,1,5,1,1
Blackburn Rovers,4,1,1,1,5,3,1
Blackburn Rovers,2,2,1,1,4,0,0.5
Bolton Wanderers,0,0,1,1,0,0,0.5
Bolton Wanderers,0,2,1,1,2,-2,0
Bolton Wanderers,2,0,1,1,2,2,1
Bolton Wanderers,0,1,1,1,1,-1,0
Bolton Wanderers,2,1,1,1,3,1,1
Bolton Wanderers,2,4,1,1,6,-2,0
Bolton Wanderers,2,1,1,1,3,1,1
Bolton Wanderers,0,0,1,1,0,0,0.5
Bolton Wanderers,0,2,1,1,2,-2,0
Bolton Wanderers,0,1,1,1,1,-1,0
Bolton Wanderers,2,2,1,1,4,0,0.5
Bolton Wanderers,3,0,1,1,3,3,1
Bolton Wanderers,0,0,1,1,0,0,0.5
Bolton Wanderers,0,2,1,1,2,-2,0
Bolton Wanderers,6,1,1,1,7,5,1
Bolton Wanderers,3,3,1,1,6,0,0.5
Bolton Wanderers,2,1,1,1,3,1,1
Burnley,2,4,1,1,6,-2,0
Burnley,2,0,1,1,2,2,1
Burnley,2,0,1,1,2,2,1
Burnley,2,1,1,1,3,1,1
Burnley,2,1,1,1,3,1,1
Burnley,0,0,1,1,0,0,0.5
Burnley,2,1,1,1,3,1,1
Burnley,2,1,1,1,3,1,1
Burnley,1,1,1,1,2,0,0.5
Burnley,1,1,1,1,2,0,0.5
Burnley,3,1,1,1,4,2,1
Burnley,1,0,1,1,1,1,1
Burnley,5,0,1,1,5,5,1
Burnley,1,1,1,1,2,0,0.5
Burnley,1,0,1,1,1,1,1
Burnley,1,1,1,1,2,0,0.5
Burnley,4,2,1,1,6,2,1
Bury,2,1,1,1,3,1,1
Bury,3,2,1,1,5,1,1
Bury,3,1,1,1,4,2,1
Bury,1,1,1,1,2,0,0.5
Bury,0,0,1,1,0,0,0.5
Bury,3,1,1,1,4,2,1
Bury,3,0,1,1,3,3,1
Bury,1,1,1,1,2,0,0.5
Bury,2,0,1,1,2,2,1
Bury,2,0,1,1,2,2,1
Bury,3,1,1,1,4,2,1
Bury,1,3,1,1,4,-2,0
Bury,0,0,1,1,0,0,0.5
Bury,5,2,1,1,7,3,1
Bury,1,2,1,1,3,-1,0
Bury,1,1,1,1,2,0,0.5
Bury,0,2,1,1,2,-2,0
Derby County,1,1,1,1,2,0,0.5
Derby County,0,0,1,1,0,0,0.5
Derby County,1,1,1,1,2,0,0.5
Derby County,2,1,1,1,3,1,1
Derby County,1,2,1,1,3,-1,0
Derby County,5,5,1,1,10,0,0.5
Derby County,1,0,1,1,1,1,1
Derby County,3,1,1,1,4,2,1
Derby County,2,0,1,1,2,2,1
Derby County,4,2,1,1,6,2,1
Derby County,1,0,1,1,1,1,1
Derby County,1,0,1,1,1,1,1
Derby County,9,0,1,1,9,9,1
Derby County,1,1,1,1,2,0,0.5
Derby County,4,2,1,1,6,2,1
Derby County,4,1,1,1,5,3,1
Derby County,6,2,1,1,8,4,1
Everton,1,1,1,1,2,0,0.5
Everton,2,1,1,1,3,1,1
Everton,1,0,1,1,1,1,1
Everton,4,0,1,1,4,4,1
Everton,0,1,1,1,1,-1,0
Everton,1,2,1,1,3,-1,0
Everton,1,2,1,1,3,-1,0
Everton,3,0,1,1,3,3,1
Everton,1,3,1,1,4,-2,0
Everton,1,2,1,1,3,-1,0
Everton,2,0,1,1,2,2,1
Everton,1,0,1,1,1,1,1
Everton,2,0,1,1,2,2,1
Everton,2,0,1,1,2,2,1
Everton,0,0,1,1,0,0,0.5
Everton,1,0,1,1,1,1,1
Everton,2,1,1,1,3,1,1
Liverpool,0,3,1,1,3,-3,0
Liverpool,2,0,1,1,2,2,1
Liverpool,2,0,1,1,2,2,1
Liverpool,2,0,1,1,2,2,1
Liverpool,1,0,1,1,1,1,1
Liverpool,4,0,1,1,4,4,1
Liverpool,2,0,1,1,2,2,1
Liverpool,3,2,1,1,5,1,1
Liverpool,0,1,1,1,1,-1,0
Liverpool,0,0,1,1,0,0,0.5
Liverpool,3,1,1,1,4,2,1
Liverpool,2,1,1,1,3,1,1
Liverpool,4,0,1,1,4,4,1
Liverpool,1,0,1,1,1,1,1
Liverpool,0,0,1,1,0,0,0.5
Liverpool,2,2,1,1,4,0,0.5
Liverpool,1,0,1,1,1,1,1
Newcastle United,1,1,1,1,2,0,0.5
Newcastle United,1,0,1,1,1,1,1
Newcastle United,4,1,1,1,5,3,1
Newcastle United,4,1,1,1,5,3,1
Newcastle United,2,0,1,1,2,2,1
Newcastle United,2,0,1,1,2,2,1
Newcastle United,2,2,1,1,4,0,0.5
Newcastle United,3,0,1,1,3,3,1
Newcastle United,0,1,1,1,1,-1,0
Newcastle United,1,2,1,1,3,-1,0
Newcastle United,2,1,1,1,3,1,1
Newcastle United,1,2,1,1,3,-1,0
Newcastle United,2,2,1,1,4,0,0.5
Newcastle United,3,0,1,1,3,3,1
Newcastle United,0,1,1,1,1,-1,0
Newcastle United,3,0,1,1,3,3,1
Newcastle United,2,4,1,1,6,-2,0
Nottingham Forest,1,0,1,1,1,1,1
Nottingham Forest,0,1,1,1,1,-1,0
Nottingham Forest,1,2,1,1,3,-1,0
Nottingham Forest,0,1,1,1,1,-1,0
Nottingham Forest,1,2,1,1,3,-1,0
Nottingham Forest,3,3,1,1,6,0,0.5
Nottingham Forest,0,0,1,1,0,0,0.5
Nottingham Forest,0,3,1,1,3,-3,0
Nottingham Forest,2,0,1,1,2,2,1
Nottingham Forest,0,0,1,1,0,0,0.5
Nottingham Forest,2,2,1,1,4,0,0.5
Nottingham Forest,2,1,1,1,3,1,1
Nottingham Forest,1,1,1,1,2,0,0.5
Nottingham Forest,2,1,1,1,3,1,1
Nottingham Forest,1,1,1,1,2,0,0.5
Nottingham Forest,3,0,1,1,3,3,1
Nottingham Forest,3,0,1,1,3,3,1
Notts County,1,0,1,1,1,1,1
Notts County,5,3,1,1,8,2,1
Notts County,2,1,1,1,3,1,1
Notts County,2,2,1,1,4,0,0.5
Notts County,4,1,1,1,5,3,1
Notts County,2,2,1,1,4,0,0.5
Notts County,0,1,1,1,1,-1,0
Notts County,1,1,1,1,2,0,0.5
Notts County,3,1,1,1,4,2,1
Notts County,2,2,1,1,4,0,0.5
Notts County,1,0,1,1,1,1,1
Notts County,2,2,1,1,4,0,0.5
Notts County,1,0,1,1,1,1,1
Notts County,2,0,1,1,2,2,1
Notts County,5,2,1,1,7,3,1
Notts County,0,0,1,1,0,0,0.5
Notts County,0,2,1,1,2,-2,0
Preston North End,2,0,1,1,2,2,1
Preston North End,1,1,1,1,2,0,0.5
Preston North End,0,1,1,1,1,-1,0
Preston North End,1,1,1,1,2,0,0.5
Preston North End,3,1,1,1,4,2,1
Preston North End,3,1,1,1,4,2,1
Preston North End,0,0,1,1,0,0,0.5
Preston North End,1,2,1,1,3,-1,0
Preston North End,1,0,1,1,1,1,1
Preston North End,1,0,1,1,1,1,1
Preston North End,2,0,1,1,2,2,1
Preston North End,1,0,1,1,1,1,1
Preston North End,1,1,1,1,2,0,0.5
Preston North End,4,2,1,1,6,2,1
Preston North End,2,3,1,1,5,-1,0
Preston North End,4,0,1,1,4,4,1
Preston North End,2,1,1,1,3,1,1
Sheffield United,1,3,1,1,4,-2,0
Sheffield United,1,1,1,1,2,0,0.5
Sheffield United,3,1,1,1,4,2,1
Sheffield United,1,1,1,1,2,0,0.5
Sheffield United,4,1,1,1,5,3,1
Sheffield United,2,1,1,1,3,1,1
Sheffield United,1,1,1,1,2,0,0.5
Sheffield United,0,2,1,1,2,-2,0
Sheffield United,2,2,1,1,4,0,0.5
Sheffield United,2,2,1,1,4,0,0.5
Sheffield United,2,2,1,1,4,0,0.5
Sheffield United,1,1,1,1,2,0,0.5
Sheffield United,2,1,1,1,3,1,1
Sheffield United,1,1,1,1,2,0,0.5
Sheffield United,2,0,1,1,2,2,1
Sheffield United,5,0,1,1,5,5,1
Sheffield United,1,0,1,1,1,1,1
Sheffield Wednesday,4,1,1,1,5,3,1
Sheffield Wednesday,1,2,1,1,3,-1,0
Sheffield Wednesday,1,0,1,1,1,1,1
Sheffield Wednesday,1,0,1,1,1,1,1
Sheffield Wednesday,3,2,1,1,5,1,1
Sheffield Wednesday,3,1,1,1,4,2,1
Sheffield Wednesday,1,2,1,1,3,-1,0
Sheffield Wednesday,0,3,1,1,3,-3,0
Sheffield Wednesday,1,3,1,1,4,-2,0
Sheffield Wednesday,2,1,1,1,3,1,1
Sheffield Wednesday,1,1,1,1,2,0,0.5
Sheffield Wednesday,2,1,1,1,3,1,1
Sheffield Wednesday,1,1,1,1,2,0,0.5
Sheffield Wednesday,1,3,1,1,4,-2,0
Sheffield Wednesday,0,1,1,1,1,-1,0
Sheffield Wednesday,1,2,1,1,3,-1,0
Sheffield Wednesday,3,0,1,1,3,3,1
Stoke City,3,0,1,1,3,3,1
Stoke City,0,1,1,1,1,-1,0
Stoke City,2,3,1,1,5,-1,0
Stoke City,4,1,1,1,5,3,1
Stoke City,1,1,1,1,2,0,0.5
Stoke City,0,0,1,1,0,0,0.5
Stoke City,2,1,1,1,3,1,1
Stoke City,2,1,1,1,3,1,1
Stoke City,0,0,1,1,0,0,0.5
Stoke City,2,1,1,1,3,1,1
Stoke City,1,1,1,1,2,0,0.5
Stoke City,2,1,1,1,3,1,1
Stoke City,4,1,1,1,5,3,1
Stoke City,1,0,1,1,1,1,1
Stoke City,1,0,1,1,1,1,1
Stoke City,2,1,1,1,3,1,1
Stoke City,2,4,1,1,6,-2,0
Sunderland,4,2,1,1,6,2,1
Sunderland,0,1,1,1,1,-1,0
Sunderland,0,0,1,1,0,0,0.5
Sunderland,0,1,1,1,1,-1,0
Sunderland,3,0,1,1,3,3,1
Sunderland,1,0,1,1,1,1,1
Sunderland,2,1,1,1,3,1,1
Sunderland,1,0,1,1,1,1,1
Sunderland,2,3,1,1,5,-1,0
Sunderland,1,1,1,1,2,0,0.5
Sunderland,1,1,1,1,2,0,0.5
Sunderland,1,0,1,1,1,1,1
Sunderland,1,0,1,1,1,1,1
Sunderland,2,0,1,1,2,2,1
Sunderland,2,0,1,1,2,2,1
Sunderland,2,0,1,1,2,2,1
Sunderland,3,0,1,1,3,3,1
West Bromwich Albion,0,1,1,1,1,-1,0
West Bromwich Albion,6,2,1,1,8,4,1
West Bromwich Albion,1,0,1,1,1,1,1
West Bromwich Albion,0,1,1,1,1,-1,0
West Bromwich Albion,2,0,1,1,2,2,1
West Bromwich Albion,1,1,1,1,2,0,0.5
West Bromwich Albion,3,0,1,1,3,3,1
West Bromwich Albion,0,1,1,1,1,-1,0
West Bromwich Albion,2,0,1,1,2,2,1
West Bromwich Albion,2,0,1,1,2,2,1
West Bromwich Albion,2,0,1,1,2,2,1
West Bromwich Albion,2,0,1,1,2,2,1
West Bromwich Albion,3,0,1,1,3,3,1
West Bromwich Albion,2,0,1,1,2,2,1
West Bromwich Albion,0,1,1,1,1,-1,0
West Bromwich Albion,1,0,1,1,1,1,1
West Bromwich Albion,1,2,1,1,3,-1,0
Wolverhampton Wanderers,4,0,1,1,4,4,1
Wolverhampton Wanderers,2,1,1,1,3,1,1
Wolverhampton Wanderers,1,0,1,1,1,1,1
Wolverhampton Wanderers,4,0,1,1,4,4,1
Wolverhampton Wanderers,1,2,1,1,3,-1,0
Wolverhampton Wanderers,2,2,1,1,4,0,0.5
Wolverhampton Wanderers,1,2,1,1,3,-1,0
Wolverhampton Wanderers,0,0,1,1,0,0,0.5
Wolverhampton Wanderers,0,0,1,1,0,0,0.5
Wolverhampton Wanderers,0,2,1,1,2,-2,0
Wolverhampton Wanderers,1,0,1,1,1,1,1
Wolverhampton Wanderers,0,0,1,1,0,0,0.5
Wolverhampton Wanderers,4,1,1,1,5,3,1
Wolverhampton Wanderers,0,0,1,1,0,0,0.5
Wolverhampton Wanderers,3,2,1,1,5,1,1
Wolverhampton Wanderers,2,0,1,1,2,2,1
Wolverhampton Wanderers,5,1,1,1,6,4,1
Arsenal,3,0,2,2,3,3,1
Arsenal,2,0,2,2,2,2,1
Arsenal,6,0,2,2,6,6,1
Arsenal,2,1,2,2,3,1,1
Arsenal,6,0,2,2,6,6,1
Arsenal,5,1,2,2,6,4,1
Arsenal,3,0,2,2,3,3,1
Arsenal,1,1,2,2,2,0,0.5
Arsenal,4,0,2,2,4,4,1
Arsenal,4,2,2,2,6,2,1
Arsenal,3,1,2,2,4,2,1
Arsenal,6,2,2,2,8,4,1
Arsenal,0,1,2,2,1,-1,0
Arsenal,5,1,2,2,6,4,1
Arsenal,4,0,2,2,4,4,1
Arsenal,1,0,2,2,1,1,1
Arsenal,0,0,2,2,0,0,0.5
Barnsley,2,1,2,2,3,1,1
Barnsley,7,2,2,2,9,5,1
Barnsley,2,1,2,2,3,1,1
Barnsley,2,0,2,2,2,2,1
Barnsley,6,0,2,2,6,6,1
Barnsley,1,0,2,2,1,1,1
Barnsley,1,1,2,2,2,0,0.5
Barnsley,2,2,2,2,4,0,0.5
Barnsley,3,4,2,2,7,-1,0
Barnsley,1,0,2,2,1,1,1
Barnsley,9,0,2,2,9,9,1
Barnsley,2,1,2,2,3,1,1
Barnsley,1,1,2,2,2,0,0.5
Barnsley,0,2,2,2,2,-2,0
Barnsley,2,1,2,2,3,1,1
Barnsley,2,1,2,2,3,1,1
Barnsley,1,1,2,2,2,0,0.5
Birmingham City,4,1,2,2,5,3,1
Birmingham City,3,1,2,2,4,2,1
Birmingham City,5,0,2,2,5,5,1
Birmingham City,4,1,2,2,5,3,1
Birmingham City,8,0,2,2,8,8,1
Birmingham City,6,1,2,2,7,5,1
Birmingham City,1,1,2,2,2,0,0.5
Birmingham City,2,1,2,2,3,1,1
Birmingham City,0,3,2,2,3,-3,0
Birmingham City,4,1,2,2,5,3,1
Birmingham City,6,0,2,2,6,6,1
Birmingham City,9,0,2,2,9,9,1
Birmingham City,4,1,2,2,5,3,1
Birmingham City,4,1,2,2,5,3,1
Birmingham City,3,2,2,2,5,1,1
Birmingham City,1,2,2,2,3,-1,0
Birmingham City,2,1,2,2,3,1,1
Blackpool,1,1,2,2,2,0,0.5
Blackpool,3,1,2,2,4,2,1
Blackpool,1,1,2,2,2,0,0.5
Blackpool,3,0,2,2,3,3,1
Blackpool,6,0,2,2,6,6,1
Blackpool,4,0,2,2,4,4,1
Blackpool,1,2,2,2,3,-1,0
Blackpool,3,6,2,2,9,-3,0
Blackpool,2,2,2,2,4,0,0.5
Blackpool,3,0,2,2,3,3,1
Blackpool,2,1,2,2,3,1,1
Blackpool,2,3,2,2,5,-1,0
Blackpool,2,4,2,2,6,-2,0
Blackpool,0,1,2,2,1,-1,0
Blackpool,1,2,2,2,3,-1,0
Blackpool,0,4,2,2,4,-4,0
Blackpool,1,2,2,2,3,-1,0
Burton Swifts,1,2,2,2,3,-1,0
Burton Swifts,5,0,2,2,5,5,1
Burton Swifts,2,6,2,2,8,-4,0
Burton Swifts,3,1,2,2,4,2,1
Burton Swifts,4,0,2,2,4,4,1
Burton Swifts,2,1,2,2,3,1,1
Burton Swifts,1,2,2,2,3,-1,0
Burton Swifts,1,2,2,2,3,-1,0
Burton Swifts,1,1,2,2,2,0,0.5
Burton Swifts,2,1,2,2,3,1,1
Burton Swifts,1,1,2,2,2,0,0.5
Burton Swifts,1,1,2,2,2,0,0.5
Burton Swifts,3,3,2,2,6,0,0.5
Burton Swifts,5,1,2,2,6,4,1
Burton Swifts,1,1,2,2,2,0,0.5
Burton Swifts,2,0,2,2,2,2,1
Burton Swifts,0,2,2,2,2,-2,0
Darwen,1,4,2,2,5,-3,0
Darwen,1,1,2,2,2,0,0.5
Darwen,1,1,2,2,2,0,0.5
Darwen,0,2,2,2,2,-2,0
Darwen,0,2,2,2,2,-2,0
Darwen,0,3,2,2,3,-3,0
Darwen,0,2,2,2,2,-2,0
Darwen,0,2,2,2,2,-2,0
Darwen,3,0,2,2,3,3,1
Darwen,1,2,2,2,3,-1,0
Darwen,0,1,2,2,1,-1,0
Darwen,4,1,2,2,5,3,1
Darwen,0,2,2,2,2,-2,0
Darwen,1,1,2,2,2,0,0.5
Darwen,2,4,2,2,6,-2,0
Darwen,1,3,2,2,4,-2,0
Darwen,1,1,2,2,2,0,0.5
Gainsborough Trinity,0,1,2,2,1,-1,0
Gainsborough Trinity,2,0,2,2,2,2,1
Gainsborough Trinity,1,1,2,2,2,0,0.5
Gainsborough Trinity,7,0,2,2,7,7,1
Gainsborough Trinity,1,2,2,2,3,-1,0
Gainsborough Trinity,2,2,2,2,4,0,0.5
Gainsborough Trinity,2,4,2,2,6,-2,0
Gainsborough Trinity,5,1,2,2,6,4,1
Gainsborough Trinity,4,0,2,2,4,4,1
Gainsborough Trinity,2,2,2,2,4,0,0.5
Gainsborough Trinity,3,0,2,2,3,3,1
Gainsborough Trinity,2,3,2,2,5,-1,0
Gainsborough Trinity,3,1,2,2,4,2,1
Gainsborough Trinity,0,2,2,2,2,-2,0
Gainsborough Trinity,3,1,2,2,4,2,1
Gainsborough Trinity,3,2,2,2,5,1,1
Gainsborough Trinity,0,0,2,2,0,0,0.5
Glossop North End,2,0,2,2,2,2,1
Glossop North End,1,0,2,2,1,1,1
Glossop North End,1,2,2,2,3,-1,0
Glossop North End,4,1,2,2,5,3,1
Glossop North End,5,0,2,2,5,5,1
Glossop North End,5,0,2,2,5,5,1
Glossop North End,5,1,2,2,6,4,1
Glossop North End,4,2,2,2,6,2,1
Glossop North End,1,3,2,2,4,-2,0
Glossop North End,2,0,2,2,2,2,1
Glossop North End,4,0,2,2,4,4,1
Glossop North End,5,0,2,2,5,5,1
Glossop North End,1,2,2,2,3,-1,0
Glossop North End,1,2,2,2,3,-1,0
Glossop North End,5,0,2,2,5,5,1
Glossop North End,0,0,2,2,0,0,0.5
Glossop North End,2,0,2,2,2,2,1
Grimsby Town,1,0,2,2,1,1,1
Grimsby Town,0,1,2,2,1,-1,0
Grimsby Town,2,0,2,2,2,2,1
Grimsby Town,2,1,2,2,3,1,1
Grimsby Town,1,3,2,2,4,-2,0
Grimsby Town,9,2,2,2,11,7,1
Grimsby Town,0,2,2,2,2,-2,0
Grimsby Town,1,1,2,2,2,0,0.5
Grimsby Town,1,0,2,2,1,1,1
Grimsby Town,1,1,2,2,2,0,0.5
Grimsby Town,5,0,2,2,5,5,1
Grimsby Town,5,0,2,2,5,5,1
Grimsby Town,1,2,2,2,3,-1,0
Grimsby Town,3,0,2,2,3,3,1
Grimsby Town,2,2,2,2,4,0,0.5
Grimsby Town,3,1,2,2,4,2,1
Grimsby Town,2,1,2,2,3,1,1
Leicester City,2,1,2,2,3,1,1
Leicester City,3,1,2,2,4,2,1
Leicester City,0,0,2,2,0,0,0.5
Leicester City,4,0,2,2,4,4,1
Leicester City,1,0,2,2,1,1,1
Leicester City,4,0,2,2,4,4,1
Leicester City,1,0,2,2,1,1,1
Leicester City,4,2,2,2,6,2,1
Leicester City,2,0,2,2,2,2,1
Leicester City,3,2,2,2,5,1,1
Leicester City,1,0,2,2,1,1,1
Leicester City,1,1,2,2,2,0,0.5
Leicester City,1,1,2,2,2,0,0.5
Leicester City,1,0,2,2,1,1,1
Leicester City,4,1,2,2,5,3,1
Leicester City,1,1,2,2,2,0,0.5
Leicester City,2,2,2,2,4,0,0.5
Lincoln City,2,0,2,2,2,2,1
Lincoln City,1,0,2,2,1,1,1
Lincoln City,2,2,2,2,4,0,0.5
Lincoln City,0,0,2,2,0,0,0.5
Lincoln City,1,1,2,2,2,0,0.5
Lincoln City,2,0,2,2,2,2,1
Lincoln City,1,0,2,2,1,1,1
Lincoln City,2,2,2,2,4,0,0.5
Lincoln City,1,6,2,2,7,-5,0
Lincoln City,3,1,2,2,4,2,1
Lincoln City,6,0,2,2,6,6,1
Lincoln City,2,0,2,2,2,2,1
Lincoln City,3,1,2,2,4,2,1
Lincoln City,2,0,2,2,2,2,1
Lincoln City,1,2,2,2,3,-1,0
Lincoln City,1,0,2,2,1,1,1
Lincoln City,1,1,2,2,2,0,0.5
Loughborough,0,0,2,2,0,0,0.5
Loughborough,2,0,2,2,2,2,1
Loughborough,1,1,2,2,2,0,0.5
Loughborough,1,3,2,2,4,-2,0
Loughborough,1,0,2,2,1,1,1
Loughborough,10,0,2,2,10,10,1
Loughborough,0,0,2,2,0,0,0.5
Loughborough,1,3,2,2,4,-2,0
Loughborough,1,3,2,2,4,-2,0
Loughborough,0,3,2,2,3,-3,0
Loughborough,2,4,2,2,6,-2,0
Loughborough,4,1,2,2,5,3,1
Loughborough,1,3,2,2,4,-2,0
Loughborough,0,1,2,2,1,-1,0
Loughborough,6,0,2,2,6,6,1
Loughborough,0,3,2,2,3,-3,0
Loughborough,1,1,2,2,2,0,0.5
Luton Town,0,1,2,2,1,-1,0
Luton Town,4,1,2,2,5,3,1
Luton Town,2,3,2,2,5,-1,0
Luton Town,3,2,2,2,5,1,1
Luton Town,3,0,2,2,3,3,1
Luton Town,8,1,2,2,9,7,1
Luton Town,4,2,2,2,6,2,1
Luton Town,0,2,2,2,2,-2,0
Luton Town,3,1,2,2,4,2,1
Luton Town,1,6,2,2,7,-5,0
Luton Town,2,0,2,2,2,2,1
Luton Town,2,2,2,2,4,0,0.5
Luton Town,0,3,2,2,3,-3,0
Luton Town,0,1,2,2,1,-1,0
Luton Town,2,3,2,2,5,-1,0
Luton Town,0,1,2,2,1,-1,0
Luton Town,3,2,2,2,5,1,1
Manchester City,3,1,2,2,4,2,1
Manchester City,5,0,2,2,5,5,1
Manchester City,2,0,2,2,2,2,1
Manchester City,4,1,2,2,5,3,1
Manchester City,6,0,2,2,6,6,1
Manchester City,10,0,2,2,10,10,1
Manchester City,4,0,2,2,4,4,1
Manchester City,0,2,2,2,2,-2,0
Manchester City,7,2,2,2,9,5,1
Manchester City,3,1,2,2,4,2,1
Manchester City,3,1,2,2,4,2,1
Manchester City,5,0,2,2,5,5,1
Manchester City,2,0,2,2,2,2,1
Manchester City,4,0,2,2,4,4,1
Manchester City,1,1,2,2,2,0,0.5
Manchester City,3,1,2,2,4,2,1
Manchester City,2,0,2,2,2,2,1
Manchester United,2,2,2,2,4,0,0.5
Manchester United,0,0,2,2,0,0,0.5
Manchester United,2,0,2,2,2,2,1
Manchester United,3,1,2,2,4,2,1
Manchester United,2,2,2,2,4,0,0.5
Manchester United,9,0,2,2,9,9,1
Manchester United,6,1,2,2,7,5,1
Manchester United,3,0,2,2,3,3,1
Manchester United,3,2,2,2,5,1,1
Manchester United,2,2,2,2,4,0,0.5
Manchester United,1,0,2,2,1,1,1
Manchester United,6,1,2,2,7,5,1
Manchester United,5,0,2,2,5,5,1
Manchester United,3,0,2,2,3,3,1
Manchester United,1,2,2,2,3,-1,0
Manchester United,2,1,2,2,3,1,1
Manchester United,1,0,2,2,1,1,1
New Brighton Tower,3,1,2,2,4,2,1
New Brighton Tower,2,1,2,2,3,1,1
New Brighton Tower,4,0,2,2,4,4,1
New Brighton Tower,4,0,2,2,4,4,1
New Brighton Tower,2,2,2,2,4,0,0.5
New Brighton Tower,7,0,2,2,7,7,1
New Brighton Tower,3,2,2,2,5,1,1
New Brighton Tower,2,2,2,2,4,0,0.5
New Brighton Tower,2,0,2,2,2,2,1
New Brighton Tower,1,0,2,2,1,1,1
New Brighton Tower,4,1,2,2,5,3,1
New Brighton Tower,3,0,2,2,3,3,1
New Brighton Tower,4,0,2,2,4,4,1
New Brighton Tower,0,1,2,2,1,-1,0
New Brighton Tower,0,3,2,2,3,-3,0
New Brighton Tower,1,0,2,2,1,1,1
New Brighton Tower,6,0,2,2,6,6,1
Port Vale,3,0,2,2,3,3,1
Port Vale,2,0,2,2,2,2,1
Port Vale,1,0,2,2,1,1,1
Port Vale,6,1,2,2,7,5,1
Port Vale,4,1,2,2,5,3,1
Port Vale,3,1,2,2,4,2,1
Port Vale,2,1,2,2,3,1,1
Port Vale,1,2,2,2,3,-1,0
Port Vale,2,0,2,2,2,2,1
Port Vale,0,2,2,2,2,-2,0
Port Vale,2,1,2,2,3,1,1
Port Vale,3,0,2,2,3,3,1
Port Vale,4,1,2,2,5,3,1
Port Vale,1,1,2,2,2,0,0.5
Port Vale,1,0,2,2,1,1,1
Port Vale,0,0,2,2,0,0,0.5
Port Vale,0,1,2,2,1,-1,0
Walsall,4,1,2,2,5,3,1
Walsall,1,1,2,2,2,0,0.5
Walsall,2,0,2,2,2,2,1
Walsall,6,0,2,2,6,6,1
Walsall,7,1,2,2,8,6,1
Walsall,10,0,2,2,10,10,1
Walsall,6,1,2,2,7,5,1
Walsall,2,0,2,2,2,2,1
Walsall,4,1,2,2,5,3,1
Walsall,1,1,2,2,2,0,0.5
Walsall,3,2,2,2,5,1,1
Walsall,7,0,2,2,7,7,1
Walsall,6,0,2,2,6,6,1
Walsall,1,1,2,2,2,0,0.5
Walsall,2,0,2,2,2,2,1
Walsall,1,1,2,2,2,0,0.5
Walsall,1,1,2,2,2,0,0.5
Aston Villa,3,1,1,1,4,2,1
Aston Villa,2,0,1,1,2,2,1
Aston Villa,2,1,1,1,3,1,1
Aston Villa,3,2,1,1,5,1,1
Aston Villa,1,1,1,1,2,0,0.5
Aston Villa,9,0,1,1,9,9,1
Aston Villa,1,0,1,1,1,1,1
Aston Villa,2,1,1,1,3,1,1
Aston Villa,2,1,1,1,3,1,1
Aston Villa,2,2,1,1,4,0,0.5
Aston Villa,6,2,1,1,8,4,1
Aston Villa,3,1,1,1,4,2,1
Aston Villa,1,1,1,1,2,0,0.5
Aston Villa,4,1,1,1,5,3,1
Aston Villa,4,2,1,1,6,2,1
Aston Villa,0,2,1,1,2,-2,0
Aston Villa,0,0,1,1,0,0,0.5
Blackburn Rovers,0,4,1,1,4,-4,0
Blackburn Rovers,2,0,1,1,2,2,1
Blackburn Rovers,3,2,1,1,5,1,1
Blackburn Rovers,2,0,1,1,2,2,1
Blackburn Rovers,3,1,1,1,4,2,1
Blackburn Rovers,2,2,1,1,4,0,0.5
Blackburn Rovers,2,0,1,1,2,2,1
Blackburn Rovers,4,3,1,1,7,1,1
Blackburn Rovers,2,3,1,1,5,-1,0
Blackburn Rovers,2,1,1,1,3,1,1
Blackburn Rovers,2,0,1,1,2,2,1
Blackburn Rovers,3,0,1,1,3,3,1
Blackburn Rovers,3,3,1,1,6,0,0.5
Blackburn Rovers,3,0,1,1,3,3,1
Blackburn Rovers,1,2,1,1,3,-1,0
Blackburn Rovers,2,0,1,1,2,2,1
Blackburn Rovers,2,1,1,1,3,1,1
Burnley,1,2,1,1,3,-1,0
Burnley,1,0,1,1,1,1,1
Burnley,1,0,1,1,1,1,1
Burnley,1,2,1,1,3,-1,0
Burnley,3,1,1,1,4,2,1
Burnley,3,1,1,1,4,2,1
Burnley,2,1,1,1,3,1,1
Burnley,2,0,1,1,2,2,1
Burnley,1,3,1,1,4,-2,0
Burnley,2,2,1,1,4,0,0.5
Burnley,3,0,1,1,3,3,1
Burnley,0,1,1,1,1,-1,0
Burnley,1,0,1,1,1,1,1
Burnley,2,2,1,1,4,0,0.5
Burnley,3,1,1,1,4,2,1
Burnley,2,0,1,1,2,2,1
Burnley,0,1,1,1,1,-1,0
Bury,2,0,1,1,2,2,1
Bury,2,0,1,1,2,2,1
Bury,1,1,1,1,2,0,0.5
Bury,1,1,1,1,2,0,0.5
Bury,4,1,1,1,5,3,1
Bury,2,1,1,1,3,1,1
Bury,2,1,1,1,3,1,1
Bury,1,4,1,1,5,-3,0
Bury,2,1,1,1,3,1,1
Bury,2,1,1,1,3,1,1
Bury,0,1,1,1,1,-1,0
Bury,2,0,1,1,2,2,1
Bury,2,1,1,1,3,1,1
Bury,0,1,1,1,1,-1,0
Bury,2,0,1,1,2,2,1
Bury,1,0,1,1,1,1,1
Bury,3,0,1,1,3,3,1
Derby County,2,0,1,1,2,2,1
Derby County,0,2,1,1,2,-2,0
Derby County,4,1,1,1,5,3,1
Derby County,3,0,1,1,3,3,1
Derby County,2,1,1,1,3,1,1
Derby County,4,1,1,1,5,3,1
Derby County,3,2,1,1,5,1,1
Derby County,0,0,1,1,0,0,0.5
Derby County,2,1,1,1,3,1,1
Derby County,2,2,1,1,4,0,0.5
Derby County,0,1,1,1,1,-1,0
Derby County,2,0,1,1,2,2,1
Derby County,0,1,1,1,1,-1,0
Derby County,2,0,1,1,2,2,1
Derby County,2,0,1,1,2,2,1
Derby County,4,1,1,1,5,3,1
Derby County,0,2,1,1,2,-2,0
Everton,1,2,1,1,3,-1,0
Everton,0,0,1,1,0,0,0.5
Everton,2,0,1,1,2,2,1
Everton,2,0,1,1,2,2,1
Everton,3,0,1,1,3,3,1
Everton,4,1,1,1,5,3,1
Everton,3,1,1,1,4,2,1
Everton,4,0,1,1,4,4,1
Everton,3,2,1,1,5,1,1
Everton,2,1,1,1,3,1,1
Everton,0,2,1,1,2,-2,0
Everton,1,0,1,1,1,1,1
Everton,1,2,1,1,3,-1,0
Everton,2,0,1,1,2,2,1
Everton,1,0,1,1,1,1,1
Everton,1,3,1,1,4,-2,0
Everton,0,1,1,1,1,-1,0
Glossop North End,1,0,1,1,1,1,1
Glossop North End,4,2,1,1,6,2,1
Glossop North End,2,0,1,1,2,2,1
Glossop North End,0,0,1,1,0,0,0.5
Glossop North End,1,3,1,1,4,-2,0
Glossop North End,1,1,1,1,2,0,0.5
Glossop North End,1,2,1,1,3,-1,0
Glossop North End,0,2,1,1,2,-2,0
Glossop North End,0,0,1,1,0,0,0.5
Glossop North End,3,0,1,1,3,3,1
Glossop North End,0,0,1,1,0,0,0.5
Glossop North End,0,2,1,1,2,-2,0
Glossop North End,2,2,1,1,4,0,0.5
Glossop North End,1,2,1,1,3,-1,0
Glossop North End,0,2,1,1,2,-2,0
Glossop North End,1,1,1,1,2,0,0.5
Glossop North End,2,3,1,1,5,-1,0
Liverpool,3,3,1,1,6,0,0.5
Liverpool,3,1,1,1,4,2,1
Liverpool,0,1,1,1,1,-1,0
Liverpool,2,0,1,1,2,2,1
Liverpool,0,2,1,1,2,-2,0
Liverpool,1,2,1,1,3,-1,0
Liverpool,5,2,1,1,7,3,1
Liverpool,5,2,1,1,7,3,1
Liverpool,2,0,1,1,2,2,1
Liverpool,1,0,1,1,1,1,1
Liverpool,3,1,1,1,4,2,1
Liverpool,1,0,1,1,1,1,1
Liverpool,2,2,1,1,4,0,0.5
Liverpool,0,0,1,1,0,0,0.5
Liverpool,0,2,1,1,2,-2,0
Liverpool,2,0,1,1,2,2,1
Liverpool,1,1,1,1,2,0,0.5
Manchester City,0,2,1,1,2,-2,0
Manchester City,1,1,1,1,2,0,0.5
Manchester City,1,0,1,1,1,1,1
Manchester City,2,2,1,1,4,0,0.5
Manchester City,4,0,1,1,4,4,1
Manchester City,1,2,1,1,3,-1,0
Manchester City,4,1,1,1,5,3,1
Manchester City,0,1,1,1,1,-1,0
Manchester City,1,0,1,1,1,1,1
Manchester City,2,0,1,1,2,2,1
Manchester City,5,1,1,1,6,4,1
Manchester City,3,1,1,1,4,2,1
Manchester City,1,2,1,1,3,-1,0
Manchester City,1,0,1,1,1,1,1
Manchester City,2,1,1,1,3,1,1
Manchester City,4,0,1,1,4,4,1
Manchester City,1,1,1,1,2,0,0.5
Newcastle United,3,2,1,1,5,1,1
Newcastle United,4,1,1,1,5,3,1
Newcastle United,2,0,1,1,2,2,1
Newcastle United,2,1,1,1,3,1,1
Newcastle United,2,0,1,1,2,2,1
Newcastle United,2,0,1,1,2,2,1
Newcastle United,1,0,1,1,1,1,1
Newcastle United,1,1,1,1,2,0,0.5
Newcastle United,0,0,1,1,0,0,0.5
Newcastle United,3,1,1,1,4,2,1
Newcastle United,6,0,1,1,6,6,1
Newcastle United,0,0,1,1,0,0,0.5
Newcastle United,0,0,1,1,0,0,0.5
Newcastle United,2,2,1,1,4,0,0.5
Newcastle United,2,4,1,1,6,-2,0
Newcastle United,4,2,1,1,6,2,1
Newcastle United,0,1,1,1,1,-1,0
Nottingham Forest,1,1,1,1,2,0,0.5
Nottingham Forest,3,2,1,1,5,1,1
Nottingham Forest,4,0,1,1,4,4,1
Nottingham Forest,2,2,1,1,4,0,0.5
Nottingham Forest,4,1,1,1,5,3,1
Nottingham Forest,4,2,1,1,6,2,1
Nottingham Forest,5,0,1,1,5,5,1
Nottingham Forest,1,0,1,1,1,1,1
Nottingham Forest,2,0,1,1,2,2,1
Nottingham Forest,1,0,1,1,1,1,1
Nottingham Forest,0,3,1,1,3,-3,0
Nottingham Forest,3,1,1,1,4,2,1
Nottingham Forest,4,0,1,1,4,4,1
Nottingham Forest,1,0,1,1,1,1,1
Nottingham Forest,1,3,1,1,4,-2,0
Nottingham Forest,6,1,1,1,7,5,1
Nottingham Forest,0,0,1,1,0,0,0.5
Notts County,1,4,1,1,5,-3,0
Notts County,5,1,1,1,6,4,1
Notts County,6,1,1,1,7,5,1
Notts County,2,2,1,1,4,0,0.5
Notts County,0,0,1,1,0,0,0.5
Notts County,2,2,1,1,4,0,0.5
Notts County,0,0,1,1,0,0,0.5
Notts County,2,1,1,1,3,1,1
Notts County,1,1,1,1,2,0,0.5
Notts County,0,0,1,1,0,0,0.5
Notts County,1,2,1,1,3,-1,0
Notts County,3,0,1,1,3,3,1
Notts County,1,2,1,1,3,-1,0
Notts County,1,3,1,1,4,-2,0
Notts County,3,1,1,1,4,2,1
Notts County,1,2,1,1,3,-1,0
Notts County,0,0,1,1,0,0,0.5
Preston North End,0,5,1,1,5,-5,0
Preston North End,2,0,1,1,2,2,1
Preston North End,1,1,1,1,2,0,0.5
Preston North End,1,0,1,1,1,1,1
Preston North End,0,0,1,1,0,0,0.5
Preston North End,1,1,1,1,2,0,0.5
Preston North End,1,0,1,1,1,1,1
Preston North End,1,3,1,1,4,-2,0
Preston North End,0,2,1,1,2,-2,0
Preston North End,4,1,1,1,5,3,1
Preston North End,3,0,1,1,3,3,1
Preston North End,4,3,1,1,7,1,1
Preston North End,0,1,1,1,1,-1,0
Preston North End,3,0,1,1,3,3,1
Preston North End,0,1,1,1,1,-1,0
Preston North End,5,2,1,1,7,3,1
Preston North End,2,0,1,1,2,2,1
Sheffield United,2,1,1,1,3,1,1
Sheffield United,3,0,1,1,3,3,1
Sheffield United,0,0,1,1,0,0,0.5
Sheffield United,4,0,1,1,4,4,1
Sheffield United,1,1,1,1,2,0,0.5
Sheffield United,5,0,1,1,5,5,1
Sheffield United,4,0,1,1,4,4,1
Sheffield United,1,2,1,1,3,-1,0
Sheffield United,3,0,1,1,3,3,1
Sheffield United,3,1,1,1,4,2,1
Sheffield United,3,0,1,1,3,3,1
Sheffield United,1,1,1,1,2,0,0.5
Sheffield United,1,0,1,1,1,1,1
Sheffield United,1,0,1,1,1,1,1
Sheffield United,2,2,1,1,4,0,0.5
Sheffield United,1,1,1,1,2,0,0.5
Sheffield United,5,2,1,1,7,3,1
Stoke City,0,2,1,1,2,-2,0
Stoke City,2,0,1,1,2,2,1
Stoke City,3,0,1,1,3,3,1
Stoke City,2,0,1,1,2,2,1
Stoke City,1,1,1,1,2,0,0.5
Stoke City,1,1,1,1,2,0,0.5
Stoke City,1,0,1,1,1,1,1
Stoke City,3,2,1,1,5,1,1
Stoke City,1,0,1,1,1,1,1
Stoke City,2,2,1,1,4,0,0.5
Stoke City,0,0,1,1,0,0,0.5
Stoke City,1,0,1,1,1,1,1
Stoke City,3,1,1,1,4,2,1
Stoke City,1,1,1,1,2,0,0.5
Stoke City,1,2,1,1,3,-1,0
Stoke City,1,0,1,1,1,1,1
Stoke City,1,3,1,1,4,-2,0
Sunderland,0,1,1,1,1,-1,0
Sunderland,1,0,1,1,1,1,1
Sunderland,2,1,1,1,3,1,1
Sunderland,1,0,1,1,1,1,1
Sunderland,2,0,1,1,2,2,1
Sunderland,1,0,1,1,1,1,1
Sunderland,0,0,1,1,0,0,0.5
Sunderland,1,0,1,1,1,1,1
Sunderland,3,1,1,1,4,2,1
Sunderland,1,2,1,1,3,-1,0
Sunderland,1,0,1,1,1,1,1
Sunderland,5,0,1,1,5,5,1
Sunderland,1,0,1,1,1,1,1
Sunderland,1,1,1,1,2,0,0.5
Sunderland,3,0,1,1,3,3,1
Sunderland,3,1,1,1,4,2,1
Sunderland,1,2,1,1,3,-1,0
West Bromwich Albion,0,2,1,1,2,-2,0
West Bromwich Albion,1,0,1,1,1,1,1
West Bromwich Albion,2,0,1,1,2,2,1
West Bromwich Albion,0,1,1,1,1,-1,0
West Bromwich Albion,0,0,1,1,0,0,0.5
West Bromwich Albion,0,0,1,1,0,0,0.5
West Bromwich Albion,3,3,1,1,6,0,0.5
West Bromwich Albion,2,0,1,1,2,2,1
West Bromwich Albion,0,0,1,1,0,0,0.5
West Bromwich Albion,1,1,1,1,2,0,0.5
West Bromwich Albion,8,0,1,1,8,8,1
West Bromwich Albion,0,0,1,1,0,0,0.5
West Bromwich Albion,1,0,1,1,1,1,1
West Bromwich Albion,1,2,1,1,3,-1,0
West Bromwich Albion,4,0,1,1,4,4,1
West Bromwich Albion,1,0,1,1,1,1,1
West Bromwich Albion,3,2,1,1,5,1,1
Wolverhampton Wanderers,0,1,1,1,1,-1,0
Wolverhampton Wanderers,4,0,1,1,4,4,1
Wolverhampton Wanderers,3,0,1,1,3,3,1
Wolverhampton Wanderers,1,0,1,1,1,1,1
Wolverhampton Wanderers,3,0,1,1,3,3,1
Wolverhampton Wanderers,2,1,1,1,3,1,1
Wolverhampton Wanderers,4,0,1,1,4,4,1
Wolverhampton Wanderers,0,1,1,1,1,-1,0
Wolverhampton Wanderers,1,1,1,1,2,0,0.5
Wolverhampton Wanderers,1,1,1,1,2,0,0.5
Wolverhampton Wanderers,2,2,1,1,4,0,0.5
Wolverhampton Wanderers,2,2,1,1,4,0,0.5
Wolverhampton Wanderers,1,3,1,1,4,-2,0
Wolverhampton Wanderers,1,2,1,1,3,-1,0
Wolverhampton Wanderers,0,2,1,1,2,-2,0
Wolverhampton Wanderers,1,0,1,1,1,1,1
Wolverhampton Wanderers,2,0,1,1,2,2,1
Arsenal,5,1,2,2,6,4,1
Arsenal,3,0,2,2,3,3,1
Arsenal,0,1,2,2,1,-1,0
Arsenal,1,1,2,2,2,0,0.5
Arsenal,2,0,2,2,2,2,1
Arsenal,2,1,2,2,3,1,1
Arsenal,2,0,2,2,2,2,1
Arsenal,0,2,2,2,2,-2,0
Arsenal,2,1,2,2,3,1,1
Arsenal,12,0,2,2,12,12,1
Arsenal,3,1,2,2,4,2,1
Arsenal,2,1,2,2,3,1,1
Arsenal,3,0,2,2,3,3,1
Arsenal,5,0,2,2,5,5,1
Arsenal,1,0,2,2,1,1,1
Arsenal,1,2,2,2,3,-1,0
Arsenal,3,1,2,2,4,2,1
Barnsley,3,2,2,2,5,1,1
Barnsley,1,1,2,2,2,0,0.5
Barnsley,1,6,2,2,7,-5,0
Barnsley,4,1,2,2,5,3,1
Barnsley,0,0,2,2,0,0,0.5
Barnsley,5,0,2,2,5,5,1
Barnsley,0,1,2,2,1,-1,0
Barnsley,1,2,2,2,3,-1,0
Barnsley,0,4,2,2,4,-4,0
Barnsley,7,0,2,2,7,7,1
Barnsley,2,1,2,2,3,1,1
Barnsley,0,0,2,2,0,0,0.5
Barnsley,5,2,2,2,7,3,1
Barnsley,1,1,2,2,2,0,0.5
Barnsley,3,0,2,2,3,3,1
Barnsley,1,0,2,2,1,1,1
Barnsley,2,2,2,2,4,0,0.5
Birmingham City,3,1,2,2,4,2,1
Birmingham City,5,0,2,2,5,5,1
Birmingham City,0,0,2,2,0,0,0.5
Birmingham City,2,0,2,2,2,2,1
Birmingham City,5,3,2,2,8,2,1
Birmingham City,8,1,2,2,9,7,1
Birmingham City,0,1,2,2,1,-1,0
Birmingham City,4,1,2,2,5,3,1
Birmingham City,5,0,2,2,5,5,1
Birmingham City,6,0,2,2,6,6,1
Birmingham City,3,0,2,2,3,3,1
Birmingham City,1,0,2,2,1,1,1
Birmingham City,5,1,2,2,6,4,1
Birmingham City,2,0,2,2,2,2,1
Birmingham City,2,1,2,2,3,1,1
Birmingham City,4,1,2,2,5,3,1
Birmingham City,3,2,2,2,5,1,1
Bolton Wanderers,1,0,2,2,1,1,1
Bolton Wanderers,2,0,2,2,2,2,1
Bolton Wanderers,1,1,2,2,2,0,0.5
Bolton Wanderers,5,0,2,2,5,5,1
Bolton Wanderers,3,0,2,2,3,3,1
Bolton Wanderers,3,0,2,2,3,3,1
Bolton Wanderers,1,2,2,2,3,-1,0
Bolton Wanderers,2,2,2,2,4,0,0.5
Bolton Wanderers,4,0,2,2,4,4,1
Bolton Wanderers,7,0,2,2,7,7,1
Bolton Wanderers,3,0,2,2,3,3,1
Bolton Wanderers,2,1,2,2,3,1,1
Bolton Wanderers,3,0,2,2,3,3,1
Bolton Wanderers,2,1,2,2,3,1,1
Bolton Wanderers,5,0,2,2,5,5,1
Bolton Wanderers,1,0,2,2,1,1,1
Bolton Wanderers,2,0,2,2,2,2,1
Burton Swifts,2,0,2,2,2,2,1
Burton Swifts,4,0,2,2,4,4,1
Burton Swifts,0,3,2,2,3,-3,0
Burton Swifts,2,5,2,2,7,-3,0
Burton Swifts,2,1,2,2,3,1,1
Burton Swifts,1,1,2,2,2,0,0.5
Burton Swifts,1,2,2,2,3,-1,0
Burton Swifts,2,0,2,2,2,2,1
Burton Swifts,0,0,2,2,0,0,0.5
Burton Swifts,3,1,2,2,4,2,1
Burton Swifts,3,1,2,2,4,2,1
Burton Swifts,0,0,2,2,0,0,0.5
Burton Swifts,5,0,2,2,5,5,1
Burton Swifts,2,2,2,2,4,0,0.5
Burton Swifts,2,2,2,2,4,0,0.5
Burton Swifts,0,5,2,2,5,-5,0
Burton Swifts,2,1,2,2,3,1,1
Chesterfield,3,1,2,2,4,2,1
Chesterfield,2,1,2,2,3,1,1
Chesterfield,0,0,2,2,0,0,0.5
Chesterfield,3,3,2,2,6,0,0.5
Chesterfield,0,4,2,2,4,-4,0
Chesterfield,3,1,2,2,4,2,1
Chesterfield,3,1,2,2,4,2,1
Chesterfield,0,0,2,2,0,0,0.5
Chesterfield,2,2,2,2,4,0,0.5
Chesterfield,1,0,2,2,1,1,1
Chesterfield,2,0,2,2,2,2,1
Chesterfield,2,1,2,2,3,1,1
Chesterfield,7,1,2,2,8,6,1
Chesterfield,5,2,2,2,7,3,1
Chesterfield,0,4,2,2,4,-4,0
Chesterfield,1,0,2,2,1,1,1
Chesterfield,1,3,2,2,4,-2,0
Gainsborough Trinity,1,1,2,2,2,0,0.5
Gainsborough Trinity,1,0,2,2,1,1,1
Gainsborough Trinity,1,4,2,2,5,-3,0
Gainsborough Trinity,1,1,2,2,2,0,0.5
Gainsborough Trinity,4,1,2,2,5,3,1
Gainsborough Trinity,3,5,2,2,8,-2,0
Gainsborough Trinity,2,3,2,2,5,-1,0
Gainsborough Trinity,3,0,2,2,3,3,1
Gainsborough Trinity,3,1,2,2,4,2,1
Gainsborough Trinity,4,2,2,2,6,2,1
Gainsborough Trinity,2,2,2,2,4,0,0.5
Gainsborough Trinity,0,1,2,2,1,-1,0
Gainsborough Trinity,5,0,2,2,5,5,1
Gainsborough Trinity,1,1,2,2,2,0,0.5
Gainsborough Trinity,4,0,2,2,4,4,1
Gainsborough Trinity,0,2,2,2,2,-2,0
Gainsborough Trinity,2,0,2,2,2,2,1
Grimsby Town,1,0,2,2,1,1,1
Grimsby Town,8,1,2,2,9,7,1
Grimsby Town,2,0,2,2,2,2,1
Grimsby Town,0,0,2,2,0,0,0.5
Grimsby Town,6,0,2,2,6,6,1
Grimsby Town,0,3,2,2,3,-3,0
Grimsby Town,3,0,2,2,3,3,1
Grimsby Town,6,1,2,2,7,5,1
Grimsby Town,5,2,2,2,7,3,1
Grimsby Town,3,0,2,2,3,3,1
Grimsby Town,3,3,2,2,6,0,0.5
Grimsby Town,0,7,2,2,7,-7,0
Grimsby Town,2,0,2,2,2,2,1
Grimsby Town,1,2,2,2,3,-1,0
Grimsby Town,1,1,2,2,2,0,0.5
Grimsby Town,1,2,2,2,3,-1,0
Grimsby Town,4,2,2,2,6,2,1
Leicester City,0,0,2,2,0,0,0.5
Leicester City,1,0,2,2,1,1,1
Leicester City,2,0,2,2,2,2,1
Leicester City,0,0,2,2,0,0,0.5
Leicester City,1,0,2,2,1,1,1
Leicester City,2,2,2,2,4,0,0.5
Leicester City,5,0,2,2,5,5,1
Leicester City,3,0,2,2,3,3,1
Leicester City,2,0,2,2,2,2,1
Leicester City,5,0,2,2,5,5,1
Leicester City,2,2,2,2,4,0,0.5
Leicester City,2,0,2,2,2,2,1
Leicester City,4,1,2,2,5,3,1
Leicester City,1,2,2,2,3,-1,0
Leicester City,2,0,2,2,2,2,1
Leicester City,0,0,2,2,0,0,0.5
Leicester City,2,1,2,2,3,1,1
Lincoln City,5,0,2,2,5,5,1
Lincoln City,1,1,2,2,2,0,0.5
Lincoln City,0,0,2,2,0,0,0.5
Lincoln City,1,0,2,2,1,1,1
Lincoln City,3,0,2,2,3,3,1
Lincoln City,2,0,2,2,2,2,1
Lincoln City,2,1,2,2,3,1,1
Lincoln City,1,1,2,2,2,0,0.5
Lincoln City,2,0,2,2,2,2,1
Lincoln City,3,2,2,2,5,1,1
Lincoln City,2,0,2,2,2,2,1
Lincoln City,1,0,2,2,1,1,1
Lincoln City,3,0,2,2,3,3,1
Lincoln City,0,0,2,2,0,0,0.5
Lincoln City,1,1,2,2,2,0,0.5
Lincoln City,1,2,2,2,3,-1,0
Lincoln City,3,1,2,2,4,2,1
Loughborough,2,3,2,2,5,-1,0
Loughborough,0,0,2,2,0,0,0.5
Loughborough,1,2,2,2,3,-1,0
Loughborough,2,3,2,2,5,-1,0
Loughborough,2,1,2,2,3,1,1
Loughborough,0,4,2,2,4,-4,0
Loughborough,1,2,2,2,3,-1,0
Loughborough,0,0,2,2,0,0,0.5
Loughborough,0,2,2,2,2,-2,0
Loughborough,0,1,2,2,1,-1,0
Loughborough,1,1,2,2,2,0,0.5
Loughborough,0,2,2,2,2,-2,0
Loughborough,1,1,2,2,2,0,0.5
Loughborough,1,2,2,2,3,-1,0
Loughborough,1,2,2,2,3,-1,0
Loughborough,0,0,2,2,0,0,0.5
Loughborough,0,0,2,2,0,0,0.5
Luton Town,1,2,2,2,3,-1,0
Luton Town,3,0,2,2,3,3,1
Luton Town,1,2,2,2,3,-1,0
Luton Town,0,2,2,2,2,-2,0
Luton Town,5,2,2,2,7,3,1
Luton Town,0,3,2,2,3,-3,0
Luton Town,4,0,2,2,4,4,1
Luton Town,0,4,2,2,4,-4,0
Luton Town,0,0,2,2,0,0,0.5
Luton Town,0,2,2,2,2,-2,0
Luton Town,4,0,2,2,4,4,1
Luton Town,0,1,2,2,1,-1,0
Luton Town,1,1,2,2,2,0,0.5
Luton Town,1,4,2,2,5,-3,0
Luton Town,1,1,2,2,2,0,0.5
Luton Town,0,1,2,2,1,-1,0
Luton Town,4,0,2,2,4,4,1
Manchester United,2,0,2,2,2,2,1
Manchester United,3,0,2,2,3,3,1
Manchester United,3,2,2,2,5,1,1
Manchester United,1,2,2,2,3,-1,0
Manchester United,4,0,2,2,4,4,1
Manchester United,2,1,2,2,3,1,1
Manchester United,2,2,2,2,4,0,0.5
Manchester United,1,0,2,2,1,1,1
Manchester United,3,2,2,2,5,1,1
Manchester United,1,0,2,2,1,1,1
Manchester United,4,0,2,2,4,4,1
Manchester United,5,0,2,2,5,5,1
Manchester United,2,1,2,2,3,1,1
Manchester United,2,1,2,2,3,1,1
Manchester United,3,0,2,2,3,3,1
Manchester United,1,0,2,2,1,1,1
Manchester United,5,0,2,2,5,5,1
Middlesbrough,1,0,2,2,1,1,1
Middlesbrough,3,0,2,2,3,3,1
Middlesbrough,1,3,2,2,4,-2,0
Middlesbrough,0,3,2,2,3,-3,0
Middlesbrough,8,1,2,2,9,7,1
Middlesbrough,0,1,2,2,1,-1,0
Middlesbrough,0,0,2,2,0,0,0.5
Middlesbrough,1,0,2,2,1,1,1
Middlesbrough,0,1,2,2,1,-1,0
Middlesbrough,1,1,2,2,2,0,0.5
Middlesbrough,3,0,2,2,3,3,1
Middlesbrough,0,0,2,2,0,0,0.5
Middlesbrough,2,0,2,2,2,2,1
Middlesbrough,5,2,2,2,7,3,1
Middlesbrough,1,0,2,2,1,1,1
Middlesbrough,1,2,2,2,3,-1,0
Middlesbrough,1,1,2,2,2,0,0.5
New Brighton Tower,0,2,2,2,2,-2,0
New Brighton Tower,6,2,2,2,8,4,1
New Brighton Tower,2,2,2,2,4,0,0.5
New Brighton Tower,3,1,2,2,4,2,1
New Brighton Tower,5,0,2,2,5,5,1
New Brighton Tower,2,3,2,2,5,-1,0
New Brighton Tower,5,0,2,2,5,5,1
New Brighton Tower,2,1,2,2,3,1,1
New Brighton Tower,2,2,2,2,4,0,0.5
New Brighton Tower,3,0,2,2,3,3,1
New Brighton Tower,3,0,2,2,3,3,1
New Brighton Tower,5,1,2,2,6,4,1
New Brighton Tower,1,4,2,2,5,-3,0
New Brighton Tower,1,1,2,2,2,0,0.5
New Brighton Tower,2,0,2,2,2,2,1
New Brighton Tower,2,2,2,2,4,0,0.5
New Brighton Tower,0,1,2,2,1,-1,0
Port Vale,1,1,2,2,2,0,0.5
Port Vale,3,1,2,2,4,2,1
Port Vale,3,0,2,2,3,3,1
Port Vale,0,2,2,2,2,-2,0
Port Vale,2,1,2,2,3,1,1
Port Vale,2,0,2,2,2,2,1
Port Vale,1,0,2,2,1,1,1
Port Vale,2,3,2,2,5,-1,0
Port Vale,0,2,2,2,2,-2,0
Port Vale,2,0,2,2,2,2,1
Port Vale,3,1,2,2,4,2,1
Port Vale,1,0,2,2,1,1,1
Port Vale,1,0,2,2,1,1,1
Port Vale,3,1,2,2,4,2,1
Port Vale,1,1,2,2,2,0,0.5
Port Vale,0,3,2,2,3,-3,0
Port Vale,1,0,2,2,1,1,1
Sheffield Wednesday,3,1,2,2,4,2,1
Sheffield Wednesday,5,1,2,2,6,4,1
Sheffield Wednesday,4,0,2,2,4,4,1
Sheffield Wednesday,2,1,2,2,3,1,1
Sheffield Wednesday,6,0,2,2,6,6,1
Sheffield Wednesday,5,1,2,2,6,4,1
Sheffield Wednesday,5,1,2,2,6,4,1
Sheffield Wednesday,2,1,2,2,3,1,1
Sheffield Wednesday,2,0,2,2,2,2,1
Sheffield Wednesday,1,0,2,2,1,1,1
Sheffield Wednesday,5,0,2,2,5,5,1
Sheffield Wednesday,6,0,2,2,6,6,1
Sheffield Wednesday,2,1,2,2,3,1,1
Sheffield Wednesday,3,0,2,2,3,3,1
Sheffield Wednesday,4,0,2,2,4,4,1
Sheffield Wednesday,4,0,2,2,4,4,1
Sheffield Wednesday,2,0,2,2,2,2,1
Walsall,2,0,2,2,2,2,1
Walsall,4,2,2,2,6,2,1
Walsall,1,0,2,2,1,1,1
Walsall,2,2,2,2,4,0,0.5
Walsall,2,0,2,2,2,2,1
Walsall,6,3,2,2,9,3,1
Walsall,1,0,2,2,1,1,1
Walsall,1,1,2,2,2,0,0.5
Walsall,1,2,2,2,3,-1,0
Walsall,3,1,2,2,4,2,1
Walsall,1,0,2,2,1,1,1
Walsall,7,3,2,2,10,4,1
Walsall,0,0,2,2,0,0,0.5
Walsall,1,1,2,2,2,0,0.5
Walsall,2,1,2,2,3,1,1
Walsall,0,1,2,2,1,-1,0
Walsall,1,1,2,2,2,0,0.5
Aston Villa,3,3,1,1,6,0,0.5
Aston Villa,3,0,1,1,3,3,1
Aston Villa,1,0,1,1,1,1,1
Aston Villa,2,1,1,1,3,1,1
Aston Villa,1,2,1,1,3,-1,0
Aston Villa,0,2,1,1,2,-2,0
Aston Villa,7,1,1,1,8,6,1
Aston Villa,2,2,1,1,4,0,0.5
Aston Villa,2,1,1,1,3,1,1
Aston Villa,1,2,1,1,3,-1,0
Aston Villa,4,0,1,1,4,4,1
Aston Villa,0,0,1,1,0,0,0.5
Aston Villa,2,1,1,1,3,1,1
Aston Villa,2,0,1,1,2,2,1
Aston Villa,2,2,1,1,4,0,0.5
Aston Villa,0,1,1,1,1,-1,0
Aston Villa,0,0,1,1,0,0,0.5
Blackburn Rovers,2,2,1,1,4,0,0.5
Blackburn Rovers,2,0,1,1,2,2,1
Blackburn Rovers,0,2,1,1,2,-2,0
Blackburn Rovers,1,0,1,1,1,1,1
Blackburn Rovers,2,1,1,1,3,1,1
Blackburn Rovers,3,1,1,1,4,2,1
Blackburn Rovers,1,0,1,1,1,1,1
Blackburn Rovers,0,0,1,1,0,0,0.5
Blackburn Rovers,1,3,1,1,4,-2,0
Blackburn Rovers,0,2,1,1,2,-2,0
Blackburn Rovers,3,1,1,1,4,2,1
Blackburn Rovers,1,0,1,1,1,1,1
Blackburn Rovers,2,2,1,1,4,0,0.5
Blackburn Rovers,3,2,1,1,5,1,1
Blackburn Rovers,0,1,1,1,1,-1,0
Blackburn Rovers,1,1,1,1,2,0,0.5
Blackburn Rovers,2,0,1,1,2,2,1
Bolton Wanderers,1,0,1,1,1,1,1
Bolton Wanderers,1,0,1,1,1,1,1
Bolton Wanderers,3,2,1,1,5,1,1
Bolton Wanderers,0,1,1,1,1,-1,0
Bolton Wanderers,1,0,1,1,1,1,1
Bolton Wanderers,1,0,1,1,1,1,1
Bolton Wanderers,0,0,1,1,0,0,0.5
Bolton Wanderers,3,2,1,1,5,1,1
Bolton Wanderers,4,2,1,1,6,2,1
Bolton Wanderers,0,1,1,1,1,-1,0
Bolton Wanderers,1,1,1,1,2,0,0.5
Bolton Wanderers,0,0,1,1,0,0,0.5
Bolton Wanderers,1,1,1,1,2,0,0.5
Bolton Wanderers,1,0,1,1,1,1,1
Bolton Wanderers,0,0,1,1,0,0,0.5
Bolton Wanderers,3,2,1,1,5,1,1
Bolton Wanderers,1,0,1,1,1,1,1
Bury,3,1,1,1,4,2,1
Bury,0,1,1,1,1,-1,0
Bury,3,0,1,1,3,3,1
Bury,2,1,1,1,3,1,1
Bury,3,0,1,1,3,3,1
Bury,0,0,1,1,0,0,0.5
Bury,4,0,1,1,4,4,1
Bury,1,0,1,1,1,1,1
Bury,0,1,1,1,1,-1,0
Bury,1,0,1,1,1,1,1
Bury,2,1,1,1,3,1,1
Bury,1,1,1,1,2,0,0.5
Bury,2,0,1,1,2,2,1
Bury,3,2,1,1,5,1,1
Bury,0,0,1,1,0,0,0.5
Bury,6,1,1,1,7,5,1
Bury,0,1,1,1,1,-1,0
Derby County,3,0,1,1,3,3,1
Derby County,4,0,1,1,4,4,1
Derby County,4,2,1,1,6,2,1
Derby County,5,2,1,1,7,3,1
Derby County,0,1,1,1,1,-1,0
Derby County,2,3,1,1,5,-1,0
Derby County,2,0,1,1,2,2,1
Derby County,1,1,1,1,2,0,0.5
Derby County,0,0,1,1,0,0,0.5
Derby County,2,1,1,1,3,1,1
Derby County,0,0,1,1,0,0,0.5
Derby County,4,0,1,1,4,4,1
Derby County,3,1,1,1,4,2,1
Derby County,4,1,1,1,5,3,1
Derby County,1,1,1,1,2,0,0.5
Derby County,4,0,1,1,4,4,1
Derby County,4,5,1,1,9,-1,0
Everton,2,1,1,1,3,1,1
Everton,0,0,1,1,0,0,0.5
Everton,2,3,1,1,5,-1,0
Everton,3,3,1,1,6,0,0.5
Everton,2,0,1,1,2,2,1
Everton,1,1,1,1,2,0,0.5
Everton,5,2,1,1,7,3,1
Everton,0,1,1,1,1,-1,0
Everton,4,1,1,1,5,3,1
Everton,0,1,1,1,1,-1,0
Everton,4,1,1,1,5,3,1
Everton,3,1,1,1,4,2,1
Everton,1,1,1,1,2,0,0.5
Everton,3,0,1,1,3,3,1
Everton,1,0,1,1,1,1,1
Everton,1,0,1,1,1,1,1
Everton,5,1,1,1,6,4,1
Liverpool,5,1,1,1,6,4,1
Liverpool,3,0,1,1,3,3,1
Liverpool,2,1,1,1,3,1,1
Liverpool,1,0,1,1,1,1,1
Liverpool,0,0,1,1,0,0,0.5
Liverpool,1,2,1,1,3,-1,0
Liverpool,3,1,1,1,4,2,1
Liverpool,3,0,1,1,3,3,1
Liverpool,2,0,1,1,2,2,1
Liverpool,1,0,1,1,1,1,1
Liverpool,3,2,1,1,5,1,1
Liverpool,1,2,1,1,3,-1,0
Liverpool,1,1,1,1,2,0,0.5
Liverpool,3,1,1,1,4,2,1
Liverpool,1,2,1,1,3,-1,0
Liverpool,5,0,1,1,5,5,1
Liverpool,1,0,1,1,1,1,1
Manchester City,4,0,1,1,4,4,1
Manchester City,1,3,1,1,4,-2,0
Manchester City,1,1,1,1,2,0,0.5
Manchester City,1,0,1,1,1,1,1
Manchester City,2,0,1,1,2,2,1
Manchester City,1,0,1,1,1,1,1
Manchester City,3,4,1,1,7,-1,0
Manchester City,2,1,1,1,3,1,1
Manchester City,1,0,1,1,1,1,1
Manchester City,2,0,1,1,2,2,1
Manchester City,3,1,1,1,4,2,1
Manchester City,2,1,1,1,3,1,1
Manchester City,2,2,1,1,4,0,0.5
Manchester City,2,0,1,1,2,2,1
Manchester City,1,1,1,1,2,0,0.5
Manchester City,1,0,1,1,1,1,1
Manchester City,3,2,1,1,5,1,1
Newcastle United,3,0,1,1,3,3,1
Newcastle United,1,0,1,1,1,1,1
Newcastle United,3,0,1,1,3,3,1
Newcastle United,0,0,1,1,0,0,0.5
Newcastle United,2,1,1,1,3,1,1
Newcastle United,1,0,1,1,1,1,1
Newcastle United,1,1,1,1,2,0,0.5
Newcastle United,2,1,1,1,3,1,1
Newcastle United,0,0,1,1,0,0,0.5
Newcastle United,2,0,1,1,2,2,1
Newcastle United,3,5,1,1,8,-2,0
Newcastle United,3,0,1,1,3,3,1
Newcastle United,0,0,1,1,0,0,0.5
Newcastle United,2,1,1,1,3,1,1
Newcastle United,0,2,1,1,2,-2,0
Newcastle United,1,1,1,1,2,0,0.5
Newcastle United,3,1,1,1,4,2,1
Nottingham Forest,3,1,1,1,4,2,1
Nottingham Forest,0,1,1,1,1,-1,0
Nottingham Forest,3,0,1,1,3,3,1
Nottingham Forest,1,1,1,1,2,0,0.5
Nottingham Forest,1,0,1,1,1,1,1
Nottingham Forest,2,1,1,1,3,1,1
Nottingham Forest,0,0,1,1,0,0,0.5
Nottingham Forest,4,2,1,1,6,2,1
Nottingham Forest,1,2,1,1,3,-1,0
Nottingham Forest,5,0,1,1,5,5,1
Nottingham Forest,4,1,1,1,5,3,1
Nottingham Forest,2,0,1,1,2,2,1
Nottingham Forest,1,0,1,1,1,1,1
Nottingham Forest,1,1,1,1,2,0,0.5
Nottingham Forest,0,0,1,1,0,0,0.5
Nottingham Forest,2,3,1,1,5,-1,0
Nottingham Forest,2,1,1,1,3,1,1
Notts County,2,0,1,1,2,2,1
Notts County,2,1,1,1,3,1,1
Notts County,3,1,1,1,4,2,1
Notts County,1,0,1,1,1,1,1
Notts County,2,1,1,1,3,1,1
Notts County,3,2,1,1,5,1,1
Notts County,3,0,1,1,3,3,1
Notts County,0,0,1,1,0,0,0.5
Notts County,3,1,1,1,4,2,1
Notts County,1,0,1,1,1,1,1
Notts County,6,1,1,1,7,5,1
Notts County,2,4,1,1,6,-2,0
Notts County,2,0,1,1,2,2,1
Notts County,2,4,1,1,6,-2,0
Notts County,2,2,1,1,4,0,0.5
Notts County,1,0,1,1,1,1,1
Notts County,4,1,1,1,5,3,1
Preston North End,0,2,1,1,2,-2,0
Preston North End,4,1,1,1,5,3,1
Preston North End,1,3,1,1,4,-2,0
Preston North End,3,1,1,1,4,2,1
Preston North End,3,2,1,1,5,1,1
Preston North End,1,2,1,1,3,-1,0
Preston North End,2,2,1,1,4,0,0.5
Preston North End,0,4,1,1,4,-4,0
Preston North End,0,1,1,1,1,-1,0
Preston North End,1,1,1,1,2,0,0.5
Preston North End,0,1,1,1,1,-1,0
Preston North End,3,1,1,1,4,2,1
Preston North End,3,2,1,1,5,1,1
Preston North End,4,2,1,1,6,2,1
Preston North End,1,1,1,1,2,0,0.5
Preston North End,2,3,1,1,5,-1,0
Preston North End,1,1,1,1,2,0,0.5
Sheffield United,2,2,1,1,4,0,0.5
Sheffield United,2,1,1,1,3,1,1
Sheffield United,0,2,1,1,2,-2,0
Sheffield United,0,3,1,1,3,-3,0
Sheffield United,2,1,1,1,3,1,1
Sheffield United,2,1,1,1,3,1,1
Sheffield United,0,2,1,1,2,-2,0
Sheffield United,1,1,1,1,2,0,0.5
Sheffield United,2,0,1,1,2,2,1
Sheffield United,0,1,1,1,1,-1,0
Sheffield United,4,2,1,1,6,2,1
Sheffield United,2,1,1,1,3,1,1
Sheffield United,1,0,1,1,1,1,1
Sheffield United,0,4,1,1,4,-4,0
Sheffield United,2,0,1,1,2,2,1
Sheffield United,1,1,1,1,2,0,0.5
Sheffield United,1,1,1,1,2,0,0.5
Sheffield Wednesday,3,2,1,1,5,1,1
Sheffield Wednesday,1,1,1,1,2,0,0.5
Sheffield Wednesday,1,0,1,1,1,1,1
Sheffield Wednesday,1,2,1,1,3,-1,0
Sheffield Wednesday,2,1,1,1,3,1,1
Sheffield Wednesday,3,1,1,1,4,2,1
Sheffield Wednesday,3,2,1,1,5,1,1
Sheffield Wednesday,4,1,1,1,5,3,1
Sheffield Wednesday,2,2,1,1,4,0,0.5
Sheffield Wednesday,4,1,1,1,5,3,1
Sheffield Wednesday,4,1,1,1,5,3,1
Sheffield Wednesday,0,1,1,1,1,-1,0
Sheffield Wednesday,1,0,1,1,1,1,1
Sheffield Wednesday,4,0,1,1,4,4,1
Sheffield Wednesday,1,0,1,1,1,1,1
Sheffield Wednesday,2,1,1,1,3,1,1
Sheffield Wednesday,2,0,1,1,2,2,1
Stoke City,0,0,1,1,0,0,0.5
Stoke City,2,0,1,1,2,2,1
Stoke City,2,1,1,1,3,1,1
Stoke City,1,2,1,1,3,-1,0
Stoke City,0,1,1,1,1,-1,0
Stoke City,0,2,1,1,2,-2,0
Stoke City,1,2,1,1,3,-1,0
Stoke City,2,1,1,1,3,1,1
Stoke City,2,0,1,1,2,2,1
Stoke City,0,3,1,1,3,-3,0
Stoke City,1,1,1,1,2,0,0.5
Stoke City,5,0,1,1,5,5,1
Stoke City,0,1,1,1,1,-1,0
Stoke City,2,1,1,1,3,1,1
Stoke City,0,0,1,1,0,0,0.5
Stoke City,2,0,1,1,2,2,1
Stoke City,3,0,1,1,3,3,1
Sunderland,0,0,1,1,0,0,0.5
Sunderland,2,0,1,1,2,2,1
Sunderland,5,1,1,1,6,4,1
Sunderland,4,1,1,1,5,3,1
Sunderland,2,1,1,1,3,1,1
Sunderland,2,0,1,1,2,2,1
Sunderland,0,1,1,1,1,-1,0
Sunderland,3,0,1,1,3,3,1
Sunderland,1,1,1,1,2,0,0.5
Sunderland,0,1,1,1,1,-1,0
Sunderland,1,1,1,1,2,0,0.5
Sunderland,3,1,1,1,4,2,1
Sunderland,3,0,1,1,3,3,1
Sunderland,1,0,1,1,1,1,1
Sunderland,6,1,1,1,7,5,1
Sunderland,3,0,1,1,3,3,1
Sunderland,7,2,1,1,9,5,1
West Bromwich Albion,0,1,1,1,1,-1,0
West Bromwich Albion,1,1,1,1,2,0,0.5
West Bromwich Albion,7,2,1,1,9,5,1
West Bromwich Albion,1,2,1,1,3,-1,0
West Bromwich Albion,1,1,1,1,2,0,0.5
West Bromwich Albion,1,2,1,1,3,-1,0
West Bromwich Albion,0,1,1,1,1,-1,0
West Bromwich Albion,3,2,1,1,5,1,1
West Bromwich Albion,0,1,1,1,1,-1,0
West Bromwich Albion,1,6,1,1,7,-5,0
West Bromwich Albion,1,0,1,1,1,1,1
West Bromwich Albion,0,1,1,1,1,-1,0
West Bromwich Albion,0,2,1,1,2,-2,0
West Bromwich Albion,1,1,1,1,2,0,0.5
West Bromwich Albion,2,2,1,1,4,0,0.5
West Bromwich Albion,1,0,1,1,1,1,1
West Bromwich Albion,1,2,1,1,3,-1,0
Wolverhampton Wanderers,0,0,1,1,0,0,0.5
Wolverhampton Wanderers,2,2,1,1,4,0,0.5
Wolverhampton Wanderers,1,1,1,1,2,0,0.5
Wolverhampton Wanderers,1,1,1,1,2,0,0.5
Wolverhampton Wanderers,0,0,1,1,0,0,0.5
Wolverhampton Wanderers,1,1,1,1,2,0,0.5
Wolverhampton Wanderers,2,1,1,1,3,1,1
Wolverhampton Wanderers,1,0,1,1,1,1,1
Wolverhampton Wanderers,1,0,1,1,1,1,1
Wolverhampton Wanderers,1,0,1,1,1,1,1
Wolverhampton Wanderers,3,2,1,1,5,1,1
Wolverhampton Wanderers,2,2,1,1,4,0,0.5
Wolverhampton Wanderers,3,0,1,1,3,3,1
Wolverhampton Wanderers,1,1,1,1,2,0,0.5
Wolverhampton Wanderers,0,2,1,1,2,-2,0
Wolverhampton Wanderers,2,2,1,1,4,0,0.5
Wolverhampton Wanderers,0,0,1,1,0,0,0.5
Arsenal,1,2,2,2,3,-1,0
Arsenal,1,0,2,2,1,1,1
Arsenal,3,1,2,2,4,2,1
Arsenal,3,1,2,2,4,2,1
Arsenal,3,1,2,2,4,2,1
Arsenal,1,0,2,2,1,1,1
Arsenal,2,1,2,2,3,1,1
Arsenal,2,0,2,2,2,2,1
Arsenal,1,1,2,2,2,0,0.5
Arsenal,2,1,2,2,3,1,1
Arsenal,0,0,2,2,0,0,0.5
Arsenal,2,1,2,2,3,1,1
Arsenal,1,0,2,2,1,1,1
Arsenal,2,1,2,2,3,1,1
Arsenal,3,0,2,2,3,3,1
Arsenal,2,0,2,2,2,2,1
Arsenal,1,1,2,2,2,0,0.5
Barnsley,3,0,2,2,3,3,1
Barnsley,1,2,2,2,3,-1,0
Barnsley,0,1,2,2,1,-1,0
Barnsley,2,1,2,2,3,1,1
Barnsley,3,2,2,2,5,1,1
Barnsley,4,1,2,2,5,3,1
Barnsley,1,3,2,2,4,-2,0
Barnsley,2,2,2,2,4,0,0.5
Barnsley,2,3,2,2,5,-1,0
Barnsley,1,0,2,2,1,1,1
Barnsley,0,0,2,2,0,0,0.5
Barnsley,6,2,2,2,8,4,1
Barnsley,3,1,2,2,4,2,1
Barnsley,1,1,2,2,2,0,0.5
Barnsley,1,3,2,2,4,-2,0
Barnsley,2,0,2,2,2,2,1
Barnsley,2,1,2,2,3,1,1
Birmingham City,2,1,2,2,3,1,1
Birmingham City,3,1,2,2,4,2,1
Birmingham City,10,1,2,2,11,9,1
Birmingham City,0,1,2,2,1,-1,0
Birmingham City,2,0,2,2,2,2,1
Birmingham City,0,0,2,2,0,0,0.5
Birmingham City,6,0,2,2,6,6,1
Birmingham City,1,0,2,2,1,1,1
Birmingham City,2,1,2,2,3,1,1
Birmingham City,0,0,2,2,0,0,0.5
Birmingham City,2,0,2,2,2,2,1
Birmingham City,1,0,2,2,1,1,1
Birmingham City,2,1,2,2,3,1,1
Birmingham City,4,0,2,2,4,4,1
Birmingham City,2,1,2,2,3,1,1
Birmingham City,2,0,2,2,2,2,1
Birmingham City,2,1,2,2,3,1,1
Blackpool,1,1,2,2,2,0,0.5
Blackpool,1,1,2,2,2,0,0.5
Blackpool,0,0,2,2,0,0,0.5
Blackpool,0,1,2,2,1,-1,0
Blackpool,2,0,2,2,2,2,1
Blackpool,1,1,2,2,2,0,0.5
Blackpool,1,1,2,2,2,0,0.5
Blackpool,0,0,2,2,0,0,0.5
Blackpool,0,1,2,2,1,-1,0
Blackpool,1,0,2,2,1,1,1
Blackpool,2,0,2,2,2,2,1
Blackpool,1,2,2,2,3,-1,0
Blackpool,3,0,2,2,3,3,1
Blackpool,1,2,2,2,3,-1,0
Blackpool,2,1,2,2,3,1,1
Blackpool,3,0,2,2,3,3,1
Blackpool,1,0,2,2,1,1,1
Burnley,3,0,2,2,3,3,1
Burnley,4,0,2,2,4,4,1
Burnley,1,0,2,2,1,1,1
Burnley,4,0,2,2,4,4,1
Burnley,2,1,2,2,3,1,1
Burnley,5,1,2,2,6,4,1
Burnley,2,1,2,2,3,1,1
Burnley,5,1,2,2,6,4,1
Burnley,3,0,2,2,3,3,1
Burnley,0,0,2,2,0,0,0.5
Burnley,1,0,2,2,1,1,1
Burnley,1,0,2,2,1,1,1
Burnley,2,0,2,2,2,2,1
Burnley,2,1,2,2,3,1,1
Burnley,1,0,2,2,1,1,1
Burnley,3,1,2,2,4,2,1
Burnley,0,0,2,2,0,0,0.5
Burton Swifts,1,0,2,2,1,1,1
Burton Swifts,1,1,2,2,2,0,0.5
Burton Swifts,0,2,2,2,2,-2,0
Burton Swifts,1,2,2,2,3,-1,0
Burton Swifts,1,0,2,2,1,1,1
Burton Swifts,0,4,2,2,4,-4,0
Burton Swifts,1,0,2,2,1,1,1
Burton Swifts,1,3,2,2,4,-2,0
Burton Swifts,1,2,2,2,3,-1,0
Burton Swifts,0,1,2,2,1,-1,0
Burton Swifts,0,0,2,2,0,0,0.5
Burton Swifts,3,1,2,2,4,2,1
Burton Swifts,0,0,2,2,0,0,0.5
Burton Swifts,1,0,2,2,1,1,1
Burton Swifts,0,2,2,2,2,-2,0
Burton Swifts,3,2,2,2,5,1,1
Burton Swifts,2,1,2,2,3,1,1
Chesterfield,0,1,2,2,1,-1,0
Chesterfield,1,2,2,2,3,-1,0
Chesterfield,1,1,2,2,2,0,0.5
Chesterfield,2,0,2,2,2,2,1
Chesterfield,1,3,2,2,4,-2,0
Chesterfield,2,0,2,2,2,2,1
Chesterfield,2,2,2,2,4,0,0.5
Chesterfield,0,1,2,2,1,-1,0
Chesterfield,3,3,2,2,6,0,0.5
Chesterfield,1,0,2,2,1,1,1
Chesterfield,2,0,2,2,2,2,1
Chesterfield,2,1,2,2,3,1,1
Chesterfield,2,3,2,2,5,-1,0
Chesterfield,0,1,2,2,1,-1,0
Chesterfield,1,1,2,2,2,0,0.5
Chesterfield,4,2,2,2,6,2,1
Chesterfield,1,1,2,2,2,0,0.5
Gainsborough Trinity,1,0,2,2,1,1,1
Gainsborough Trinity,4,2,2,2,6,2,1
Gainsborough Trinity,1,2,2,2,3,-1,0
Gainsborough Trinity,1,3,2,2,4,-2,0
Gainsborough Trinity,3,0,2,2,3,3,1
Gainsborough Trinity,2,1,2,2,3,1,1
Gainsborough Trinity,2,3,2,2,5,-1,0
Gainsborough Trinity,1,1,2,2,2,0,0.5
Gainsborough Trinity,0,1,2,2,1,-1,0
Gainsborough Trinity,0,0,2,2,0,0,0.5
Gainsborough Trinity,1,1,2,2,2,0,0.5
Gainsborough Trinity,0,1,2,2,1,-1,0
Gainsborough Trinity,1,1,2,2,2,0,0.5
Gainsborough Trinity,4,1,2,2,5,3,1
Gainsborough Trinity,2,1,2,2,3,1,1
Gainsborough Trinity,2,0,2,2,2,2,1
Gainsborough Trinity,1,0,2,2,1,1,1
Glossop North End,0,1,2,2,1,-1,0
Glossop North End,2,1,2,2,3,1,1
Glossop North End,2,0,2,2,2,2,1
Glossop North End,6,0,2,2,6,6,1
Glossop North End,0,1,2,2,1,-1,0
Glossop North End,3,0,2,2,3,3,1
Glossop North End,1,1,2,2,2,0,0.5
Glossop North End,3,1,2,2,4,2,1
Glossop North End,0,0,2,2,0,0,0.5
Glossop North End,3,1,2,2,4,2,1
Glossop North End,2,0,2,2,2,2,1
Glossop North End,1,0,2,2,1,1,1
Glossop North End,2,0,2,2,2,2,1
Glossop North End,0,1,2,2,1,-1,0
Glossop North End,1,2,2,2,3,-1,0
Glossop North End,6,0,2,2,6,6,1
Glossop North End,2,0,2,2,2,2,1
Grimsby Town,1,0,2,2,1,1,1
Grimsby Town,1,0,2,2,1,1,1
Grimsby Town,1,1,2,2,2,0,0.5
Grimsby Town,2,0,2,2,2,2,1
Grimsby Town,2,1,2,2,3,1,1
Grimsby Town,5,2,2,2,7,3,1
Grimsby Town,5,2,2,2,7,3,1
Grimsby Town,0,0,2,2,0,0,0.5
Grimsby Town,1,0,2,2,1,1,1
Grimsby Town,4,1,2,2,5,3,1
Grimsby Town,4,0,2,2,4,4,1
Grimsby Town,2,0,2,2,2,2,1
Grimsby Town,2,0,2,2,2,2,1
Grimsby Town,5,2,2,2,7,3,1
Grimsby Town,6,1,2,2,7,5,1
Grimsby Town,5,1,2,2,6,4,1
Grimsby Town,0,0,2,2,0,0,0.5
Leicester City,1,0,2,2,1,1,1
Leicester City,2,0,2,2,2,2,1
Leicester City,1,1,2,2,2,0,0.5
Leicester City,3,1,2,2,4,2,1
Leicester City,1,1,2,2,2,0,0.5
Leicester City,5,2,2,2,7,3,1
Leicester City,1,3,2,2,4,-2,0
Leicester City,1,0,2,2,1,1,1
Leicester City,1,2,2,2,3,-1,0
Leicester City,4,0,2,2,4,4,1
Leicester City,0,2,2,2,2,-2,0
Leicester City,1,0,2,2,1,1,1
Leicester City,1,0,2,2,1,1,1
Leicester City,1,1,2,2,2,0,0.5
Leicester City,0,0,2,2,0,0,0.5
Leicester City,2,2,2,2,4,0,0.5
Leicester City,5,0,2,2,5,5,1
Lincoln City,3,3,2,2,6,0,0.5
Lincoln City,3,0,2,2,3,3,1
Lincoln City,3,1,2,2,4,2,1
Lincoln City,3,0,2,2,3,3,1
Lincoln City,2,0,2,2,2,2,1
Lincoln City,2,1,2,2,3,1,1
Lincoln City,2,0,2,2,2,2,1
Lincoln City,6,0,2,2,6,6,1
Lincoln City,1,1,2,2,2,0,0.5
Lincoln City,0,1,2,2,1,-1,0
Lincoln City,1,0,2,2,1,1,1
Lincoln City,2,0,2,2,2,2,1
Lincoln City,1,2,2,2,3,-1,0
Lincoln City,2,0,2,2,2,2,1
Lincoln City,2,2,2,2,4,0,0.5
Lincoln City,4,0,2,2,4,4,1
Lincoln City,2,0,2,2,2,2,1
Manchester United,1,0,2,2,1,1,1
Manchester United,1,0,2,2,1,1,1
Manchester United,0,1,2,2,1,-1,0
Manchester United,4,0,2,2,4,4,1
Manchester United,0,1,2,2,1,-1,0
Manchester United,1,1,2,2,2,0,0.5
Manchester United,1,0,2,2,1,1,1
Manchester United,0,0,2,2,0,0,0.5
Manchester United,3,0,2,2,3,3,1
Manchester United,1,0,2,2,1,1,1
Manchester United,2,3,2,2,5,-1,0
Manchester United,4,1,2,2,5,3,1
Manchester United,4,0,2,2,4,4,1
Manchester United,1,0,2,2,1,1,1
Manchester United,4,0,2,2,4,4,1
Manchester United,3,1,2,2,4,2,1
Manchester United,1,1,2,2,2,0,0.5
Middlesbrough,1,1,2,2,2,0,0.5
Middlesbrough,3,0,2,2,3,3,1
Middlesbrough,0,1,2,2,1,-1,0
Middlesbrough,3,1,2,2,4,2,1
Middlesbrough,0,0,2,2,0,0,0.5
Middlesbrough,3,1,2,2,4,2,1
Middlesbrough,2,0,2,2,2,2,1
Middlesbrough,9,2,2,2,11,7,1
Middlesbrough,2,2,2,2,4,0,0.5
Middlesbrough,0,0,2,2,0,0,0.5
Middlesbrough,2,1,2,2,3,1,1
Middlesbrough,2,0,2,2,2,2,1
Middlesbrough,1,2,2,2,3,-1,0
Middlesbrough,2,1,2,2,3,1,1
Middlesbrough,4,0,2,2,4,4,1
Middlesbrough,2,0,2,2,2,2,1
Middlesbrough,2,1,2,2,3,1,1
New Brighton Tower,1,0,2,2,1,1,1
New Brighton Tower,2,0,2,2,2,2,1
New Brighton Tower,0,0,2,2,0,0,0.5
New Brighton Tower,0,0,2,2,0,0,0.5
New Brighton Tower,2,1,2,2,3,1,1
New Brighton Tower,3,1,2,2,4,2,1
New Brighton Tower,1,1,2,2,2,0,0.5
New Brighton Tower,3,2,2,2,5,1,1
New Brighton Tower,1,0,2,2,1,1,1
New Brighton Tower,5,0,2,2,5,5,1
New Brighton Tower,0,0,2,2,0,0,0.5
New Brighton Tower,2,0,2,2,2,2,1
New Brighton Tower,2,0,2,2,2,2,1
New Brighton Tower,3,1,2,2,4,2,1
New Brighton Tower,1,1,2,2,2,0,0.5
New Brighton Tower,3,0,2,2,3,3,1
New Brighton Tower,5,1,2,2,6,4,1
Port Vale,1,0,2,2,1,1,1
Port Vale,3,2,2,2,5,1,1
Port Vale,2,2,2,2,4,0,0.5
Port Vale,4,0,2,2,4,4,1
Port Vale,1,0,2,2,1,1,1
Port Vale,4,0,2,2,4,4,1
Port Vale,5,1,2,2,6,4,1
Port Vale,1,1,2,2,2,0,0.5
Port Vale,0,0,2,2,0,0,0.5
Port Vale,0,0,2,2,0,0,0.5
Port Vale,0,0,2,2,0,0,0.5
Port Vale,2,0,2,2,2,2,1
Port Vale,2,0,2,2,2,2,1
Port Vale,0,2,2,2,2,-2,0
Port Vale,1,3,2,2,4,-2,0
Port Vale,0,1,2,2,1,-1,0
Port Vale,2,2,2,2,4,0,0.5
Stockport County,3,1,2,2,4,2,1
Stockport County,2,1,2,2,3,1,1
Stockport County,0,0,2,2,0,0,0.5
Stockport County,0,1,2,2,1,-1,0
Stockport County,3,2,2,2,5,1,1
Stockport County,2,0,2,2,2,2,1
Stockport County,3,1,2,2,4,2,1
Stockport County,1,2,2,2,3,-1,0
Stockport County,1,3,2,2,4,-2,0
Stockport County,0,1,2,2,1,-1,0
Stockport County,3,1,2,2,4,2,1
Stockport County,1,0,2,2,1,1,1
Stockport County,1,0,2,2,1,1,1
Stockport County,0,1,2,2,1,-1,0
Stockport County,0,5,2,2,5,-5,0
Stockport County,1,1,2,2,2,0,0.5
Stockport County,4,1,2,2,5,3,1
Walsall,1,0,2,2,1,1,1
Walsall,3,0,2,2,3,3,1
Walsall,2,2,2,2,4,0,0.5
Walsall,1,2,2,2,3,-1,0
Walsall,2,0,2,2,2,2,1
Walsall,1,5,2,2,6,-4,0
Walsall,2,2,2,2,4,0,0.5
Walsall,3,3,2,2,6,0,0.5
Walsall,2,1,2,2,3,1,1
Walsall,0,0,2,2,0,0,0.5
Walsall,2,0,2,2,2,2,1
Walsall,3,0,2,2,3,3,1
Walsall,1,1,2,2,2,0,0.5
Walsall,0,0,2,2,0,0,0.5
Walsall,3,3,2,2,6,0,0.5
Walsall,2,1,2,2,3,1,1
Walsall,1,3,2,2,4,-2,0
Aston Villa,1,0,1,1,1,1,1
Aston Villa,1,1,1,1,2,0,0.5
Aston Villa,1,0,1,1,1,1,1
Aston Villa,2,0,1,1,2,2,1
Aston Villa,3,2,1,1,5,1,1
Aston Villa,1,1,1,1,2,0,0.5
Aston Villa,4,1,1,1,5,3,1
Aston Villa,0,1,1,1,1,-1,0
Aston Villa,2,2,1,1,4,0,0.5
Aston Villa,0,0,1,1,0,0,0.5
Aston Villa,3,0,1,1,3,3,1
Aston Villa,2,0,1,1,2,2,1
Aston Villa,1,2,1,1,3,-1,0
Aston Villa,4,1,1,1,5,3,1
Aston Villa,0,0,1,1,0,0,0.5
Aston Villa,0,1,1,1,1,-1,0
Aston Villa,2,1,1,1,3,1,1
Birmingham City,0,2,1,1,2,-2,0
Birmingham City,2,0,1,1,2,2,1
Birmingham City,2,0,1,1,2,2,1
Birmingham City,1,0,1,1,1,1,1
Birmingham City,5,1,1,1,6,4,1
Birmingham City,0,1,1,1,1,-1,0
Birmingham City,6,0,1,1,6,6,1
Birmingham City,0,0,1,1,0,0,0.5
Birmingham City,1,0,1,1,1,1,1
Birmingham City,3,1,1,1,4,2,1
Birmingham City,1,1,1,1,2,0,0.5
Birmingham City,0,0,1,1,0,0,0.5
Birmingham City,5,1,1,1,6,4,1
Birmingham City,1,1,1,1,2,0,0.5
Birmingham City,1,1,1,1,2,0,0.5
Birmingham City,2,3,1,1,5,-1,0
Birmingham City,1,2,1,1,3,-1,0
Blackburn Rovers,4,0,1,1,4,4,1
Blackburn Rovers,3,1,1,1,4,2,1
Blackburn Rovers,2,0,1,1,2,2,1
Blackburn Rovers,0,3,1,1,3,-3,0
Blackburn Rovers,3,1,1,1,4,2,1
Blackburn Rovers,3,1,1,1,4,2,1
Blackburn Rovers,2,0,1,1,2,2,1
Blackburn Rovers,1,1,1,1,2,0,0.5
Blackburn Rovers,1,4,1,1,5,-3,0
Blackburn Rovers,0,0,1,1,0,0,0.5
Blackburn Rovers,1,0,1,1,1,1,1
Blackburn Rovers,4,2,1,1,6,2,1
Blackburn Rovers,2,1,1,1,3,1,1
Blackburn Rovers,2,0,1,1,2,2,1
Blackburn Rovers,6,1,1,1,7,5,1
Blackburn Rovers,0,1,1,1,1,-1,0
Blackburn Rovers,2,0,1,1,2,2,1
Bolton Wanderers,2,2,1,1,4,0,0.5
Bolton Wanderers,4,0,1,1,4,4,1
Bolton Wanderers,4,0,1,1,4,4,1
Bolton Wanderers,2,2,1,1,4,0,0.5
Bolton Wanderers,2,1,1,1,3,1,1
Bolton Wanderers,1,3,1,1,4,-2,0
Bolton Wanderers,4,0,1,1,4,4,1
Bolton Wanderers,1,0,1,1,1,1,1
Bolton Wanderers,3,3,1,1,6,0,0.5
Bolton Wanderers,3,1,1,1,4,2,1
Bolton Wanderers,3,0,1,1,3,3,1
Bolton Wanderers,1,1,1,1,2,0,0.5
Bolton Wanderers,1,0,1,1,1,1,1
Bolton Wanderers,3,1,1,1,4,2,1
Bolton Wanderers,2,1,1,1,3,1,1
Bolton Wanderers,0,0,1,1,0,0,0.5
Bolton Wanderers,2,2,1,1,4,0,0.5
Bury,0,0,1,1,0,0,0.5
Bury,2,0,1,1,2,2,1
Bury,2,0,1,1,2,2,1
Bury,2,2,1,1,4,0,0.5
Bury,2,0,1,1,2,2,1
Bury,1,0,1,1,1,1,1
Bury,1,1,1,1,2,0,0.5
Bury,0,0,1,1,0,0,0.5
Bury,3,0,1,1,3,3,1
Bury,4,0,1,1,4,4,1
Bury,1,1,1,1,2,0,0.5
Bury,3,0,1,1,3,3,1
Bury,1,2,1,1,3,-1,0
Bury,2,0,1,1,2,2,1
Bury,4,2,1,1,6,2,1
Bury,1,0,1,1,1,1,1
Bury,2,1,1,1,3,1,1
Derby County,1,0,1,1,1,1,1
Derby County,0,0,1,1,0,0,0.5
Derby County,1,1,1,1,2,0,0.5
Derby County,1,2,1,1,3,-1,0
Derby County,1,0,1,1,1,1,1
Derby County,3,1,1,1,4,2,1
Derby County,2,0,1,1,2,2,1
Derby County,1,1,1,1,2,0,0.5
Derby County,2,0,1,1,2,2,1
Derby County,1,0,1,1,1,1,1
Derby County,1,1,1,1,2,0,0.5
Derby County,2,0,1,1,2,2,1
Derby County,3,1,1,1,4,2,1
Derby County,2,2,1,1,4,0,0.5
Derby County,1,0,1,1,1,1,1
Derby County,1,0,1,1,1,1,1
Derby County,3,1,1,1,4,2,1
Everton,2,3,1,1,5,-1,0
Everton,1,0,1,1,1,1,1
Everton,0,2,1,1,2,-2,0
Everton,1,0,1,1,1,1,1
Everton,1,1,1,1,2,0,0.5
Everton,2,0,1,1,2,2,1
Everton,0,1,1,1,1,-1,0
Everton,4,0,1,1,4,4,1
Everton,3,1,1,1,4,2,1
Everton,0,0,1,1,0,0,0.5
Everton,1,0,1,1,1,1,1
Everton,0,1,1,1,1,-1,0
Everton,2,1,1,1,3,1,1
Everton,5,0,1,1,5,5,1
Everton,1,0,1,1,1,1,1
Everton,2,0,1,1,2,2,1
Everton,6,1,1,1,7,5,1
Grimsby Town,4,1,1,1,5,3,1
Grimsby Town,1,0,1,1,1,1,1
Grimsby Town,2,1,1,1,3,1,1
Grimsby Town,4,1,1,1,5,3,1
Grimsby Town,2,0,1,1,2,2,1
Grimsby Town,1,1,1,1,2,0,0.5
Grimsby Town,0,2,1,1,2,-2,0
Grimsby Town,1,1,1,1,2,0,0.5
Grimsby Town,3,2,1,1,5,1,1
Grimsby Town,3,0,1,1,3,3,1
Grimsby Town,1,0,1,1,1,1,1
Grimsby Town,1,0,1,1,1,1,1
Grimsby Town,0,1,1,1,1,-1,0
Grimsby Town,3,1,1,1,4,2,1
Grimsby Town,1,2,1,1,3,-1,0
Grimsby Town,3,3,1,1,6,0,0.5
Grimsby Town,3,0,1,1,3,3,1
Liverpool,1,0,1,1,1,1,1
Liverpool,3,1,1,1,4,2,1
Liverpool,1,0,1,1,1,1,1
Liverpool,1,1,1,1,2,0,0.5
Liverpool,1,0,1,1,1,1,1
Liverpool,0,2,1,1,2,-2,0
Liverpool,2,2,1,1,4,0,0.5
Liverpool,2,2,1,1,4,0,0.5
Liverpool,4,0,1,1,4,4,1
Liverpool,0,1,1,1,1,-1,0
Liverpool,0,2,1,1,2,-2,0
Liverpool,0,1,1,1,1,-1,0
Liverpool,1,0,1,1,1,1,1
Liverpool,1,2,1,1,3,-1,0
Liverpool,7,0,1,1,7,7,1
Liverpool,0,1,1,1,1,-1,0
Liverpool,4,1,1,1,5,3,1
Manchester City,1,0,1,1,1,1,1
Manchester City,1,4,1,1,5,-3,0
Manchester City,1,1,1,1,2,0,0.5
Manchester City,1,0,1,1,1,1,1
Manchester City,2,0,1,1,2,2,1
Manchester City,0,0,1,1,0,0,0.5
Manchester City,2,0,1,1,2,2,1
Manchester City,3,0,1,1,3,3,1
Manchester City,2,3,1,1,5,-1,0
Manchester City,2,0,1,1,2,2,1
Manchester City,3,1,1,1,4,2,1
Manchester City,1,0,1,1,1,1,1
Manchester City,4,0,1,1,4,4,1
Manchester City,0,3,1,1,3,-3,0
Manchester City,2,2,1,1,4,0,0.5
Manchester City,0,3,1,1,3,-3,0
Manchester City,3,0,1,1,3,3,1
Newcastle United,2,1,1,1,3,1,1
Newcastle United,2,0,1,1,2,2,1
Newcastle United,0,3,1,1,3,-3,0
Newcastle United,4,1,1,1,5,3,1
Newcastle United,1,1,1,1,2,0,0.5
Newcastle United,0,1,1,1,1,-1,0
Newcastle United,1,1,1,1,2,0,0.5
Newcastle United,5,1,1,1,6,4,1
Newcastle United,1,0,1,1,1,1,1
Newcastle United,3,0,1,1,3,3,1
Newcastle United,3,0,1,1,3,3,1
Newcastle United,8,0,1,1,8,8,1
Newcastle United,1,1,1,1,2,0,0.5
Newcastle United,2,1,1,1,3,1,1
Newcastle United,5,1,1,1,6,4,1
Newcastle United,0,1,1,1,1,-1,0
Newcastle United,3,1,1,1,4,2,1
Nottingham Forest,1,1,1,1,2,0,0.5
Nottingham Forest,1,1,1,1,2,0,0.5
Nottingham Forest,3,0,1,1,3,3,1
Nottingham Forest,4,1,1,1,5,3,1
Nottingham Forest,2,1,1,1,3,1,1
Nottingham Forest,3,1,1,1,4,2,1
Nottingham Forest,4,0,1,1,4,4,1
Nottingham Forest,0,1,1,1,1,-1,0
Nottingham Forest,1,1,1,1,2,0,0.5
Nottingham Forest,3,1,1,1,4,2,1
Nottingham Forest,0,2,1,1,2,-2,0
Nottingham Forest,1,0,1,1,1,1,1
Nottingham Forest,2,1,1,1,3,1,1
Nottingham Forest,1,1,1,1,2,0,0.5
Nottingham Forest,2,0,1,1,2,2,1
Nottingham Forest,2,1,1,1,3,1,1
Nottingham Forest,2,0,1,1,2,2,1
Notts County,0,3,1,1,3,-3,0
Notts County,6,1,1,1,7,5,1
Notts County,3,0,1,1,3,3,1
Notts County,2,1,1,1,3,1,1
Notts County,2,1,1,1,3,1,1
Notts County,3,2,1,1,5,1,1
Notts County,0,2,1,1,2,-2,0
Notts County,3,0,1,1,3,3,1
Notts County,2,2,1,1,4,0,0.5
Notts County,2,0,1,1,2,2,1
Notts County,0,2,1,1,2,-2,0
Notts County,3,0,1,1,3,3,1
Notts County,4,0,1,1,4,4,1
Notts County,6,1,1,1,7,5,1
Notts County,1,1,1,1,2,0,0.5
Notts County,2,0,1,1,2,2,1
Notts County,5,3,1,1,8,2,1
Sheffield United,6,0,1,1,6,6,1
Sheffield United,1,4,1,1,5,-3,0
Sheffield United,4,1,1,1,5,3,1
Sheffield United,2,0,1,1,2,2,1
Sheffield United,3,1,1,1,4,2,1
Sheffield United,3,0,1,1,3,3,1
Sheffield United,0,0,1,1,0,0,0.5
Sheffield United,2,2,1,1,4,0,0.5
Sheffield United,2,1,1,1,3,1,1
Sheffield United,5,0,1,1,5,5,1
Sheffield United,1,0,1,1,1,1,1
Sheffield United,2,2,1,1,4,0,0.5
Sheffield United,3,0,1,1,3,3,1
Sheffield United,3,0,1,1,3,3,1
Sheffield United,1,1,1,1,2,0,0.5
Sheffield United,0,1,1,1,1,-1,0
Sheffield United,0,0,1,1,0,0,0.5
Sheffield Wednesday,1,0,1,1,1,1,1
Sheffield Wednesday,1,2,1,1,3,-1,0
Sheffield Wednesday,0,1,1,1,1,-1,0
Sheffield Wednesday,5,1,1,1,6,4,1
Sheffield Wednesday,4,1,1,1,5,3,1
Sheffield Wednesday,2,0,1,1,2,2,1
Sheffield Wednesday,1,1,1,1,2,0,0.5
Sheffield Wednesday,3,1,1,1,4,2,1
Sheffield Wednesday,1,1,1,1,2,0,0.5
Sheffield Wednesday,2,1,1,1,3,1,1
Sheffield Wednesday,0,0,1,1,0,0,0.5
Sheffield Wednesday,0,2,1,1,2,-2,0
Sheffield Wednesday,4,0,1,1,4,4,1
Sheffield Wednesday,1,0,1,1,1,1,1
Sheffield Wednesday,3,1,1,1,4,2,1
Sheffield Wednesday,1,1,1,1,2,0,0.5
Sheffield Wednesday,1,1,1,1,2,0,0.5
Stoke City,1,0,1,1,1,1,1
Stoke City,1,0,1,1,1,1,1
Stoke City,2,2,1,1,4,0,0.5
Stoke City,4,0,1,1,4,4,1
Stoke City,1,2,1,1,3,-1,0
Stoke City,1,1,1,1,2,0,0.5
Stoke City,1,2,1,1,3,-1,0
Stoke City,2,0,1,1,2,2,1
Stoke City,1,0,1,1,1,1,1
Stoke City,3,0,1,1,3,3,1
Stoke City,0,0,1,1,0,0,0.5
Stoke City,1,1,1,1,2,0,0.5
Stoke City,3,0,1,1,3,3,1
Stoke City,3,2,1,1,5,1,1
Stoke City,1,2,1,1,3,-1,0
Stoke City,3,0,1,1,3,3,1
Stoke City,3,0,1,1,3,3,1
Sunderland,1,0,1,1,1,1,1
Sunderland,1,1,1,1,2,0,0.5
Sunderland,3,2,1,1,5,1,1
Sunderland,2,1,1,1,3,1,1
Sunderland,3,0,1,1,3,3,1
Sunderland,1,0,1,1,1,1,1
Sunderland,2,4,1,1,6,-2,0
Sunderland,3,1,1,1,4,2,1
Sunderland,1,1,1,1,2,0,0.5
Sunderland,1,0,1,1,1,1,1
Sunderland,0,0,1,1,0,0,0.5
Sunderland,4,0,1,1,4,4,1
Sunderland,2,1,1,1,3,1,1
Sunderland,3,1,1,1,4,2,1
Sunderland,1,2,1,1,3,-1,0
Sunderland,2,0,1,1,2,2,1
Sunderland,2,0,1,1,2,2,1
Wolverhampton Wanderers,0,2,1,1,2,-2,0
Wolverhampton Wanderers,2,1,1,1,3,1,1
Wolverhampton Wanderers,3,1,1,1,4,2,1
Wolverhampton Wanderers,1,2,1,1,3,-1,0
Wolverhampton Wanderers,1,0,1,1,1,1,1
Wolverhampton Wanderers,0,0,1,1,0,0,0.5
Wolverhampton Wanderers,2,1,1,1,3,1,1
Wolverhampton Wanderers,2,0,1,1,2,2,1
Wolverhampton Wanderers,3,1,1,1,4,2,1
Wolverhampton Wanderers,0,0,1,1,0,0,0.5
Wolverhampton Wanderers,3,0,1,1,3,3,1
Wolverhampton Wanderers,2,0,1,1,2,2,1
Wolverhampton Wanderers,3,1,1,1,4,2,1
Wolverhampton Wanderers,1,1,1,1,2,0,0.5
Wolverhampton Wanderers,1,0,1,1,1,1,1
Wolverhampton Wanderers,4,1,1,1,5,3,1
Wolverhampton Wanderers,4,2,1,1,6,2,1
Arsenal,2,1,2,2,3,1,1
Arsenal,0,0,2,2,0,0,0.5
Arsenal,2,0,2,2,2,2,1
Arsenal,4,0,2,2,4,4,1
Arsenal,0,1,2,2,1,-1,0
Arsenal,3,2,2,2,5,1,1
Arsenal,1,0,2,2,1,1,1
Arsenal,5,0,2,2,5,5,1
Arsenal,4,0,2,2,4,4,1
Arsenal,2,0,2,2,2,2,1
Arsenal,2,0,2,2,2,2,1
Arsenal,2,0,2,2,2,2,1
Arsenal,0,3,2,2,3,-3,0
Arsenal,3,1,2,2,4,2,1
Arsenal,0,0,2,2,0,0,0.5
Arsenal,3,0,2,2,3,3,1
Arsenal,2,1,2,2,3,1,1
Barnsley,2,0,2,2,2,2,1
Barnsley,2,0,2,2,2,2,1
Barnsley,2,2,2,2,4,0,0.5
Barnsley,2,2,2,2,4,0,0.5
Barnsley,3,2,2,2,5,1,1
Barnsley,3,2,2,2,5,1,1
Barnsley,3,0,2,2,3,3,1
Barnsley,2,0,2,2,2,2,1
Barnsley,1,4,2,2,5,-3,0
Barnsley,2,3,2,2,5,-1,0
Barnsley,2,2,2,2,4,0,0.5
Barnsley,3,2,2,2,5,1,1
Barnsley,2,7,2,2,9,-5,0
Barnsley,4,0,2,2,4,4,1
Barnsley,0,4,2,2,4,-4,0
Barnsley,3,1,2,2,4,2,1
Barnsley,0,2,2,2,2,-2,0
Blackpool,1,3,2,2,4,-2,0
Blackpool,2,1,2,2,3,1,1
Blackpool,0,2,2,2,2,-2,0
Blackpool,2,1,2,2,3,1,1
Blackpool,1,0,2,2,1,1,1
Blackpool,0,0,2,2,0,0,0.5
Blackpool,3,1,2,2,4,2,1
Blackpool,3,0,2,2,3,3,1
Blackpool,1,1,2,2,2,0,0.5
Blackpool,4,0,2,2,4,4,1
Blackpool,3,0,2,2,3,3,1
Blackpool,2,4,2,2,6,-2,0
Blackpool,0,2,2,2,2,-2,0
Blackpool,1,0,2,2,1,1,1
Blackpool,1,4,2,2,5,-3,0
Blackpool,1,0,2,2,1,1,1
Blackpool,2,2,2,2,4,0,0.5
Bristol City,0,3,2,2,3,-3,0
Bristol City,3,1,2,2,4,2,1
Bristol City,3,0,2,2,3,3,1
Bristol City,1,0,2,2,1,1,1
Bristol City,0,2,2,2,2,-2,0
Bristol City,5,2,2,2,7,3,1
Bristol City,3,0,2,2,3,3,1
Bristol City,4,0,2,2,4,4,1
Bristol City,2,0,2,2,2,2,1
Bristol City,2,1,2,2,3,1,1
Bristol City,1,1,2,2,2,0,0.5
Bristol City,4,0,2,2,4,4,1
Bristol City,1,0,2,2,1,1,1
Bristol City,4,0,2,2,4,4,1
Bristol City,2,0,2,2,2,2,1
Bristol City,3,0,2,2,3,3,1
Bristol City,1,2,2,2,3,-1,0
Burnley,0,0,2,2,0,0,0.5
Burnley,2,0,2,2,2,2,1
Burnley,2,0,2,2,2,2,1
Burnley,0,1,2,2,1,-1,0
Burnley,0,0,2,2,0,0,0.5
Burnley,0,0,2,2,0,0,0.5
Burnley,7,0,2,2,7,7,1
Burnley,6,0,2,2,6,6,1
Burnley,1,1,2,2,2,0,0.5
Burnley,1,0,2,2,1,1,1
Burnley,1,0,2,2,1,1,1
Burnley,1,0,2,2,1,1,1
Burnley,2,2,2,2,4,0,0.5
Burnley,4,1,2,2,5,3,1
Burnley,0,3,2,2,3,-3,0
Burnley,3,0,2,2,3,3,1
Burnley,0,0,2,2,0,0,0.5
Burton United,2,0,2,2,2,2,1
Burton United,2,1,2,2,3,1,1
Burton United,1,1,2,2,2,0,0.5
Burton United,2,2,2,2,4,0,0.5
Burton United,5,2,2,2,7,3,1
Burton United,0,1,2,2,1,-1,0
Burton United,1,1,2,2,2,0,0.5
Burton United,5,0,2,2,5,5,1
Burton United,1,1,2,2,2,0,0.5
Burton United,2,0,2,2,2,2,1
Burton United,0,6,2,2,6,-6,0
Burton United,0,0,2,2,0,0,0.5
Burton United,3,2,2,2,5,1,1
Burton United,3,0,2,2,3,3,1
Burton United,1,1,2,2,2,0,0.5
Burton United,3,2,2,2,5,1,1
Burton United,1,3,2,2,4,-2,0
Chesterfield,1,3,2,2,4,-2,0
Chesterfield,1,2,2,2,3,-1,0
Chesterfield,3,1,2,2,4,2,1
Chesterfield,1,0,2,2,1,1,1
Chesterfield,3,0,2,2,3,3,1
Chesterfield,3,1,2,2,4,2,1
Chesterfield,0,0,2,2,0,0,0.5
Chesterfield,2,0,2,2,2,2,1
Chesterfield,1,0,2,2,1,1,1
Chesterfield,3,3,2,2,6,0,0.5
Chesterfield,0,1,2,2,1,-1,0
Chesterfield,3,0,2,2,3,3,1
Chesterfield,0,0,2,2,0,0,0.5
Chesterfield,4,3,2,2,7,1,1
Chesterfield,2,0,2,2,2,2,1
Chesterfield,8,1,2,2,9,7,1
Chesterfield,0,3,2,2,3,-3,0
Doncaster Rovers,1,0,2,2,1,1,1
Doncaster Rovers,0,1,2,2,1,-1,0
Doncaster Rovers,4,3,2,2,7,1,1
Doncaster Rovers,3,0,2,2,3,3,1
Doncaster Rovers,3,0,2,2,3,3,1
Doncaster Rovers,2,0,2,2,2,2,1
Doncaster Rovers,4,1,2,2,5,3,1
Doncaster Rovers,3,0,2,2,3,3,1
Doncaster Rovers,1,2,2,2,3,-1,0
Doncaster Rovers,2,1,2,2,3,1,1
Doncaster Rovers,1,1,2,2,2,0,0.5
Doncaster Rovers,4,0,2,2,4,4,1
Doncaster Rovers,0,0,2,2,0,0,0.5
Doncaster Rovers,3,3,2,2,6,0,0.5
Doncaster Rovers,4,0,2,2,4,4,1
Doncaster Rovers,2,0,2,2,2,2,1
Doncaster Rovers,2,0,2,2,2,2,1
Gainsborough Trinity,2,2,2,2,4,0,0.5
Gainsborough Trinity,0,0,2,2,0,0,0.5
Gainsborough Trinity,3,0,2,2,3,3,1
Gainsborough Trinity,2,0,2,2,2,2,1
Gainsborough Trinity,1,1,2,2,2,0,0.5
Gainsborough Trinity,1,4,2,2,5,-3,0
Gainsborough Trinity,0,0,2,2,0,0,0.5
Gainsborough Trinity,4,1,2,2,5,3,1
Gainsborough Trinity,2,1,2,2,3,1,1
Gainsborough Trinity,3,3,2,2,6,0,0.5
Gainsborough Trinity,2,2,2,2,4,0,0.5
Gainsborough Trinity,1,1,2,2,2,0,0.5
Gainsborough Trinity,1,4,2,2,5,-3,0
Gainsborough Trinity,2,3,2,2,5,-1,0
Gainsborough Trinity,0,1,2,2,1,-1,0
Gainsborough Trinity,1,1,2,2,2,0,0.5
Gainsborough Trinity,1,1,2,2,2,0,0.5
Glossop North End,0,1,2,2,1,-1,0
Glossop North End,1,1,2,2,2,0,0.5
Glossop North End,3,1,2,2,4,2,1
Glossop North End,1,2,2,2,3,-1,0
Glossop North End,0,0,2,2,0,0,0.5
Glossop North End,2,1,2,2,3,1,1
Glossop North End,3,1,2,2,4,2,1
Glossop North End,3,1,2,2,4,2,1
Glossop North End,0,0,2,2,0,0,0.5
Glossop North End,1,1,2,2,2,0,0.5
Glossop North End,1,1,2,2,2,0,0.5
Glossop North End,0,0,2,2,0,0,0.5
Glossop North End,1,0,2,2,1,1,1
Glossop North End,0,1,2,2,1,-1,0
Glossop North End,3,1,2,2,4,2,1
Glossop North End,2,1,2,2,3,1,1
Glossop North End,1,2,2,2,3,-1,0
Leicester City,2,1,2,2,3,1,1
Leicester City,2,0,2,2,2,2,1
Leicester City,1,0,2,2,1,1,1
Leicester City,0,1,2,2,1,-1,0
Leicester City,2,1,2,2,3,1,1
Leicester City,4,0,2,2,4,4,1
Leicester City,3,0,2,2,3,3,1
Leicester City,1,0,2,2,1,1,1
Leicester City,2,0,2,2,2,2,1
Leicester City,1,1,2,2,2,0,0.5
Leicester City,3,1,2,2,4,2,1
Leicester City,3,2,2,2,5,1,1
Leicester City,0,2,2,2,2,-2,0
Leicester City,0,1,2,2,1,-1,0
Leicester City,1,0,2,2,1,1,1
Leicester City,1,1,2,2,2,0,0.5
Leicester City,0,3,2,2,3,-3,0
Lincoln City,0,0,2,2,0,0,0.5
Lincoln City,1,1,2,2,2,0,0.5
Lincoln City,0,0,2,2,0,0,0.5
Lincoln City,1,0,2,2,1,1,1
Lincoln City,1,0,2,2,1,1,1
Lincoln City,0,0,2,2,0,0,0.5
Lincoln City,4,0,2,2,4,4,1
Lincoln City,0,0,2,2,0,0,0.5
Lincoln City,3,0,2,2,3,3,1
Lincoln City,1,0,2,2,1,1,1
Lincoln City,2,0,2,2,2,2,1
Lincoln City,2,0,2,2,2,2,1
Lincoln City,2,1,2,2,3,1,1
Lincoln City,1,1,2,2,2,0,0.5
Lincoln City,2,1,2,2,3,1,1
Lincoln City,5,0,2,2,5,5,1
Lincoln City,1,0,2,2,1,1,1
Manchester United,0,1,2,2,1,-1,0
Manchester United,1,0,2,2,1,1,1
Manchester United,0,1,2,2,1,-1,0
Manchester United,1,0,2,2,1,1,1
Manchester United,2,0,2,2,2,2,1
Manchester United,3,1,2,2,4,2,1
Manchester United,2,0,2,2,2,2,1
Manchester United,6,0,2,2,6,6,1
Manchester United,3,0,2,2,3,3,1
Manchester United,1,0,2,2,1,1,1
Manchester United,2,0,2,2,2,2,1
Manchester United,0,0,2,2,0,0,0.5
Manchester United,1,2,2,2,3,-1,0
Manchester United,1,0,2,2,1,1,1
Manchester United,0,2,2,2,2,-2,0
Manchester United,3,3,2,2,6,0,0.5
Manchester United,1,2,2,2,3,-1,0
Middlesbrough,1,0,2,2,1,1,1
Middlesbrough,2,1,2,2,3,1,1
Middlesbrough,2,1,2,2,3,1,1
Middlesbrough,2,0,2,2,2,2,1
Middlesbrough,3,0,2,2,3,3,1
Middlesbrough,5,0,2,2,5,5,1
Middlesbrough,7,1,2,2,8,6,1
Middlesbrough,6,0,2,2,6,6,1
Middlesbrough,3,1,2,2,4,2,1
Middlesbrough,5,0,2,2,5,5,1
Middlesbrough,5,0,2,2,5,5,1
Middlesbrough,0,0,2,2,0,0,0.5
Middlesbrough,5,0,2,2,5,5,1
Middlesbrough,3,0,2,2,3,3,1
Middlesbrough,2,1,2,2,3,1,1
Middlesbrough,6,0,2,2,6,6,1
Middlesbrough,1,2,2,2,3,-1,0
Port Vale,1,0,2,2,1,1,1
Port Vale,2,1,2,2,3,1,1
Port Vale,0,1,2,2,1,-1,0
Port Vale,3,0,2,2,3,3,1
Port Vale,1,1,2,2,2,0,0.5
Port Vale,2,1,2,2,3,1,1
Port Vale,4,2,2,2,6,2,1
Port Vale,2,2,2,2,4,0,0.5
Port Vale,1,1,2,2,2,0,0.5
Port Vale,1,0,2,2,1,1,1
Port Vale,3,0,2,2,3,3,1
Port Vale,1,2,2,2,3,-1,0
Port Vale,1,1,2,2,2,0,0.5
Port Vale,1,1,2,2,2,0,0.5
Port Vale,0,0,2,2,0,0,0.5
Port Vale,1,1,2,2,2,0,0.5
Port Vale,2,3,2,2,5,-1,0
Preston North End,2,0,2,2,2,2,1
Preston North End,4,0,2,2,4,4,1
Preston North End,1,1,2,2,2,0,0.5
Preston North End,0,0,2,2,0,0,0.5
Preston North End,3,1,2,2,4,2,1
Preston North End,1,0,2,2,1,1,1
Preston North End,5,0,2,2,5,5,1
Preston North End,3,0,2,2,3,3,1
Preston North End,4,1,2,2,5,3,1
Preston North End,2,2,2,2,4,0,0.5
Preston North End,5,0,2,2,5,5,1
Preston North End,8,0,2,2,8,8,1
Preston North End,5,1,2,2,6,4,1
Preston North End,0,3,2,2,3,-3,0
Preston North End,2,0,2,2,2,2,1
Preston North End,4,0,2,2,4,4,1
Preston North End,1,2,2,2,3,-1,0
Stockport County,0,0,2,2,0,0,0.5
Stockport County,2,3,2,2,5,-1,0
Stockport County,3,1,2,2,4,2,1
Stockport County,1,1,2,2,2,0,0.5
Stockport County,1,2,2,2,3,-1,0
Stockport County,2,0,2,2,2,2,1
Stockport County,3,0,2,2,3,3,1
Stockport County,1,2,2,2,3,-1,0
Stockport County,2,1,2,2,3,1,1
Stockport County,0,0,2,2,0,0,0.5
Stockport County,2,0,2,2,2,2,1
Stockport County,2,1,2,2,3,1,1
Stockport County,1,0,2,2,1,1,1
Stockport County,1,3,2,2,4,-2,0
Stockport County,4,2,2,2,6,2,1
Stockport County,0,2,2,2,2,-2,0
Stockport County,0,2,2,2,2,-2,0
West Bromwich Albion,2,1,2,2,3,1,1
West Bromwich Albion,3,1,2,2,4,2,1
West Bromwich Albion,7,2,2,2,9,5,1
West Bromwich Albion,2,2,2,2,4,0,0.5
West Bromwich Albion,3,0,2,2,3,3,1
West Bromwich Albion,2,1,2,2,3,1,1
West Bromwich Albion,4,0,2,2,4,4,1
West Bromwich Albion,2,2,2,2,4,0,0.5
West Bromwich Albion,7,0,2,2,7,7,1
West Bromwich Albion,0,1,2,2,1,-1,0
West Bromwich Albion,1,0,2,2,1,1,1
West Bromwich Albion,4,1,2,2,5,3,1
West Bromwich Albion,4,0,2,2,4,4,1
West Bromwich Albion,2,0,2,2,2,2,1
West Bromwich Albion,3,1,2,2,4,2,1
West Bromwich Albion,3,1,2,2,4,2,1
West Bromwich Albion,3,0,2,2,3,3,1
Aston Villa,5,0,1,1,5,5,1
Aston Villa,4,2,1,1,6,2,1
Aston Villa,2,2,1,1,4,0,0.5
Aston Villa,0,0,1,1,0,0,0.5
Aston Villa,2,1,1,1,3,1,1
Aston Villa,2,2,1,1,4,0,0.5
Aston Villa,1,2,1,1,3,-1,0
Aston Villa,5,0,1,1,5,5,1
Aston Villa,7,0,1,1,7,7,1
Aston Villa,3,1,1,1,4,2,1
Aston Villa,2,1,1,1,3,1,1
Aston Villa,4,2,1,1,6,2,1
Aston Villa,1,0,1,1,1,1,1
Aston Villa,2,0,1,1,2,2,1
Aston Villa,0,1,1,1,1,-1,0
Aston Villa,0,3,1,1,3,-3,0
Aston Villa,3,1,1,1,4,2,1
Blackburn Rovers,0,2,1,1,2,-2,0
Blackburn Rovers,4,2,1,1,6,2,1
Blackburn Rovers,0,3,1,1,3,-3,0
Blackburn Rovers,2,4,1,1,6,-2,0
Blackburn Rovers,3,2,1,1,5,1,1
Blackburn Rovers,2,0,1,1,2,2,1
Blackburn Rovers,3,1,1,1,4,2,1
Blackburn Rovers,0,1,1,1,1,-1,0
Blackburn Rovers,3,1,1,1,4,2,1
Blackburn Rovers,2,2,1,1,4,0,0.5
Blackburn Rovers,1,2,1,1,3,-1,0
Blackburn Rovers,2,0,1,1,2,2,1
Blackburn Rovers,2,1,1,1,3,1,1
Blackburn Rovers,1,1,1,1,2,0,0.5
Blackburn Rovers,0,2,1,1,2,-2,0
Blackburn Rovers,1,0,1,1,1,1,1
Blackburn Rovers,1,0,1,1,1,1,1
Bolton Wanderers,0,1,1,1,1,-1,0
Bolton Wanderers,1,2,1,1,3,-1,0
Bolton Wanderers,1,0,1,1,1,1,1
Bolton Wanderers,2,0,1,1,2,2,1
Bolton Wanderers,1,3,1,1,4,-2,0
Bolton Wanderers,0,1,1,1,1,-1,0
Bolton Wanderers,1,1,1,1,2,0,0.5
Bolton Wanderers,2,1,1,1,3,1,1
Bolton Wanderers,0,2,1,1,2,-2,0
Bolton Wanderers,1,1,1,1,2,0,0.5
Bolton Wanderers,0,1,1,1,1,-1,0
Bolton Wanderers,1,0,1,1,1,1,1
Bolton Wanderers,0,2,1,1,2,-2,0
Bolton Wanderers,2,3,1,1,5,-1,0
Bolton Wanderers,2,0,1,1,2,2,1
Bolton Wanderers,0,1,1,1,1,-1,0
Bolton Wanderers,4,1,1,1,5,3,1
Bury,0,1,1,1,1,-1,0
Bury,1,1,1,1,2,0,0.5
Bury,3,0,1,1,3,3,1
Bury,1,0,1,1,1,1,1
Bury,4,2,1,1,6,2,1
Bury,2,1,1,1,3,1,1
Bury,3,1,1,1,4,2,1
Bury,3,1,1,1,4,2,1
Bury,1,0,1,1,1,1,1
Bury,3,1,1,1,4,2,1
Bury,3,1,1,1,4,2,1
Bury,3,1,1,1,4,2,1
Bury,4,0,1,1,4,4,1
Bury,2,1,1,1,3,1,1
Bury,3,1,1,1,4,2,1
Bury,1,2,1,1,3,-1,0
Bury,4,0,1,1,4,4,1
Derby County,2,0,1,1,2,2,1
Derby County,1,0,1,1,1,1,1
Derby County,5,0,1,1,5,5,1
Derby County,2,0,1,1,2,2,1
Derby County,0,1,1,1,1,-1,0
Derby County,2,2,1,1,4,0,0.5
Derby County,2,1,1,1,3,1,1
Derby County,3,2,1,1,5,1,1
Derby County,0,0,1,1,0,0,0.5
Derby County,0,1,1,1,1,-1,0
Derby County,4,1,1,1,5,3,1
Derby County,1,0,1,1,1,1,1
Derby County,1,0,1,1,1,1,1
Derby County,2,0,1,1,2,2,1
Derby County,5,2,1,1,7,3,1
Derby County,1,0,1,1,1,1,1
Derby County,3,1,1,1,4,2,1
Everton,0,1,1,1,1,-1,0
Everton,0,3,1,1,3,-3,0
Everton,3,1,1,1,4,2,1
Everton,3,0,1,1,3,3,1
Everton,2,1,1,1,3,1,1
Everton,4,2,1,1,6,2,1
Everton,3,1,1,1,4,2,1
Everton,3,0,1,1,3,3,1
Everton,0,1,1,1,1,-1,0
Everton,1,1,1,1,2,0,0.5
Everton,2,0,1,1,2,2,1
Everton,1,0,1,1,1,1,1
Everton,1,1,1,1,2,0,0.5
Everton,0,1,1,1,1,-1,0
Everton,0,3,1,1,3,-3,0
Everton,3,1,1,1,4,2,1
Everton,2,1,1,1,3,1,1
Grimsby Town,0,2,1,1,2,-2,0
Grimsby Town,4,1,1,1,5,3,1
Grimsby Town,1,1,1,1,2,0,0.5
Grimsby Town,2,1,1,1,3,1,1
Grimsby Town,4,1,1,1,5,3,1
Grimsby Town,0,0,1,1,0,0,0.5
Grimsby Town,3,1,1,1,4,2,1
Grimsby Town,2,2,1,1,4,0,0.5
Grimsby Town,1,0,1,1,1,1,1
Grimsby Town,0,1,1,1,1,-1,0
Grimsby Town,1,1,1,1,2,0,0.5
Grimsby Town,1,2,1,1,3,-1,0
Grimsby Town,0,1,1,1,1,-1,0
Grimsby Town,2,2,1,1,4,0,0.5
Grimsby Town,2,4,1,1,6,-2,0
Grimsby Town,4,0,1,1,4,4,1
Grimsby Town,1,2,1,1,3,-1,0
Liverpool,2,1,1,1,3,1,1
Liverpool,5,2,1,1,7,3,1
Liverpool,5,1,1,1,6,4,1
Liverpool,2,0,1,1,2,2,1
Liverpool,3,1,1,1,4,2,1
Liverpool,0,0,1,1,0,0,0.5
Liverpool,9,2,1,1,11,7,1
Liverpool,5,0,1,1,5,5,1
Liverpool,3,0,1,1,3,3,1
Liverpool,2,1,1,1,3,1,1
Liverpool,0,2,1,1,2,-2,0
Liverpool,2,4,1,1,6,-2,0
Liverpool,4,2,1,1,6,2,1
Liverpool,1,1,1,1,2,0,0.5
Liverpool,1,1,1,1,2,0,0.5
Liverpool,0,2,1,1,2,-2,0
Liverpool,4,1,1,1,5,3,1
Middlesbrough,1,2,1,1,3,-1,0
Middlesbrough,4,0,1,1,4,4,1
Middlesbrough,4,3,1,1,7,1,1
Middlesbrough,1,1,1,1,2,0,0.5
Middlesbrough,3,1,1,1,4,2,1
Middlesbrough,1,0,1,1,1,1,1
Middlesbrough,2,0,1,1,2,2,1
Middlesbrough,0,2,1,1,2,-2,0
Middlesbrough,1,0,1,1,1,1,1
Middlesbrough,2,0,1,1,2,2,1
Middlesbrough,2,1,1,1,3,1,1
Middlesbrough,0,2,1,1,2,-2,0
Middlesbrough,2,1,1,1,3,1,1
Middlesbrough,1,1,1,1,2,0,0.5
Middlesbrough,0,1,1,1,1,-1,0
Middlesbrough,1,1,1,1,2,0,0.5
Middlesbrough,2,0,1,1,2,2,1
Newcastle United,2,0,1,1,2,2,1
Newcastle United,1,0,1,1,1,1,1
Newcastle United,2,0,1,1,2,2,1
Newcastle United,1,0,1,1,1,1,1
Newcastle United,2,1,1,1,3,1,1
Newcastle United,3,0,1,1,3,3,1
Newcastle United,1,0,1,1,1,1,1
Newcastle United,1,2,1,1,3,-1,0
Newcastle United,0,1,1,1,1,-1,0
Newcastle United,0,2,1,1,2,-2,0
Newcastle United,6,1,1,1,7,5,1
Newcastle United,0,0,1,1,0,0,0.5
Newcastle United,3,0,1,1,3,3,1
Newcastle United,5,0,1,1,5,5,1
Newcastle United,1,0,1,1,1,1,1
Newcastle United,1,0,1,1,1,1,1
Newcastle United,2,4,1,1,6,-2,0
Nottingham Forest,2,0,1,1,2,2,1
Nottingham Forest,2,0,1,1,2,2,1
Nottingham Forest,1,2,1,1,3,-1,0
Nottingham Forest,3,0,1,1,3,3,1
Nottingham Forest,2,3,1,1,5,-1,0
Nottingham Forest,2,2,1,1,4,0,0.5
Nottingham Forest,2,1,1,1,3,1,1
Nottingham Forest,1,0,1,1,1,1,1
Nottingham Forest,1,0,1,1,1,1,1
Nottingham Forest,3,2,1,1,5,1,1
Nottingham Forest,0,0,1,1,0,0,0.5
Nottingham Forest,2,2,1,1,4,0,0.5
Nottingham Forest,1,4,1,1,5,-3,0
Nottingham Forest,1,3,1,1,4,-2,0
Nottingham Forest,5,2,1,1,7,3,1
Nottingham Forest,3,1,1,1,4,2,1
Nottingham Forest,2,0,1,1,2,2,1
Notts County,2,1,1,1,3,1,1
Notts County,4,0,1,1,4,4,1
Notts County,1,3,1,1,4,-2,0
Notts County,1,0,1,1,1,1,1
Notts County,2,1,1,1,3,1,1
Notts County,2,0,1,1,2,2,1
Notts County,0,1,1,1,1,-1,0
Notts County,1,2,1,1,3,-1,0
Notts County,2,0,1,1,2,2,1
Notts County,2,2,1,1,4,0,0.5
Notts County,1,1,1,1,2,0,0.5
Notts County,1,1,1,1,2,0,0.5
Notts County,0,3,1,1,3,-3,0
Notts County,3,0,1,1,3,3,1
Notts County,0,0,1,1,0,0,0.5
Notts County,3,1,1,1,4,2,1
Notts County,0,0,1,1,0,0,0.5
Sheffield United,2,4,1,1,6,-2,0
Sheffield United,2,1,1,1,3,1,1
Sheffield United,7,1,1,1,8,6,1
Sheffield United,1,0,1,1,1,1,1
Sheffield United,3,2,1,1,5,1,1
Sheffield United,0,2,1,1,2,-2,0
Sheffield United,3,0,1,1,3,3,1
Sheffield United,2,0,1,1,2,2,1
Sheffield United,1,3,1,1,4,-2,0
Sheffield United,2,1,1,1,3,1,1
Sheffield United,2,0,1,1,2,2,1
Sheffield United,3,0,1,1,3,3,1
Sheffield United,2,3,1,1,5,-1,0
Sheffield United,1,3,1,1,4,-2,0
Sheffield United,1,0,1,1,1,1,1
Sheffield United,1,2,1,1,3,-1,0
Sheffield United,3,0,1,1,3,3,1
Sheffield Wednesday,4,0,1,1,4,4,1
Sheffield Wednesday,0,0,1,1,0,0,0.5
Sheffield Wednesday,3,0,1,1,3,3,1
Sheffield Wednesday,2,0,1,1,2,2,1
Sheffield Wednesday,0,1,1,1,1,-1,0
Sheffield Wednesday,4,1,1,1,5,3,1
Sheffield Wednesday,1,1,1,1,2,0,0.5
Sheffield Wednesday,3,1,1,1,4,2,1
Sheffield Wednesday,2,0,1,1,2,2,1
Sheffield Wednesday,3,0,1,1,3,3,1
Sheffield Wednesday,1,0,1,1,1,1,1
Sheffield Wednesday,2,0,1,1,2,2,1
Sheffield Wednesday,0,1,1,1,1,-1,0
Sheffield Wednesday,1,0,1,1,1,1,1
Sheffield Wednesday,1,0,1,1,1,1,1
Sheffield Wednesday,3,1,1,1,4,2,1
Sheffield Wednesday,1,1,1,1,2,0,0.5
Stoke City,1,0,1,1,1,1,1
Stoke City,0,2,1,1,2,-2,0
Stoke City,2,0,1,1,2,2,1
Stoke City,1,0,1,1,1,1,1
Stoke City,2,0,1,1,2,2,1
Stoke City,2,0,1,1,2,2,1
Stoke City,1,1,1,1,2,0,0.5
Stoke City,1,0,1,1,1,1,1
Stoke City,0,2,1,1,2,-2,0
Stoke City,5,0,1,1,5,5,1
Stoke City,3,2,1,1,5,1,1
Stoke City,0,2,1,1,2,-2,0
Stoke City,0,1,1,1,1,-1,0
Stoke City,4,0,1,1,4,4,1
Stoke City,1,1,1,1,2,0,0.5
Stoke City,3,0,1,1,3,3,1
Stoke City,3,0,1,1,3,3,1
Sunderland,1,0,1,1,1,1,1
Sunderland,2,2,1,1,4,0,0.5
Sunderland,3,1,1,1,4,2,1
Sunderland,3,1,1,1,4,2,1
Sunderland,2,0,1,1,2,2,1
Sunderland,2,1,1,1,3,1,1
Sunderland,5,1,1,1,6,4,1
Sunderland,2,1,1,1,3,1,1
Sunderland,2,1,1,1,3,1,1
Sunderland,0,0,1,1,0,0,0.5
Sunderland,0,1,1,1,1,-1,0
Sunderland,2,1,1,1,3,1,1
Sunderland,0,0,1,1,0,0,0.5
Sunderland,0,1,1,1,1,-1,0
Sunderland,0,0,1,1,0,0,0.5
Sunderland,0,0,1,1,0,0,0.5
Sunderland,3,0,1,1,3,3,1
West Bromwich Albion,1,2,1,1,3,-1,0
West Bromwich Albion,5,3,1,1,8,2,1
West Bromwich Albion,2,1,1,1,3,1,1
West Bromwich Albion,1,3,1,1,4,-2,0
West Bromwich Albion,3,0,1,1,3,3,1
West Bromwich Albion,2,1,1,1,3,1,1
West Bromwich Albion,1,0,1,1,1,1,1
West Bromwich Albion,1,2,1,1,3,-1,0
West Bromwich Albion,1,0,1,1,1,1,1
West Bromwich Albion,6,1,1,1,7,5,1
West Bromwich Albion,2,0,1,1,2,2,1
West Bromwich Albion,3,2,1,1,5,1,1
West Bromwich Albion,3,3,1,1,6,0,0.5
West Bromwich Albion,2,3,1,1,5,-1,0
West Bromwich Albion,2,1,1,1,3,1,1
West Bromwich Albion,0,3,1,1,3,-3,0
West Bromwich Albion,2,2,1,1,4,0,0.5
Wolverhampton Wanderers,2,1,1,1,3,1,1
Wolverhampton Wanderers,2,0,1,1,2,2,1
Wolverhampton Wanderers,3,1,1,1,4,2,1
Wolverhampton Wanderers,3,2,1,1,5,1,1
Wolverhampton Wanderers,3,0,1,1,3,3,1
Wolverhampton Wanderers,1,1,1,1,2,0,0.5
Wolverhampton Wanderers,3,0,1,1,3,3,1
Wolverhampton Wanderers,0,2,1,1,2,-2,0
Wolverhampton Wanderers,2,0,1,1,2,2,1
Wolverhampton Wanderers,3,0,1,1,3,3,1
Wolverhampton Wanderers,2,1,1,1,3,1,1
Wolverhampton Wanderers,2,0,1,1,2,2,1
Wolverhampton Wanderers,1,3,1,1,4,-2,0
Wolverhampton Wanderers,2,1,1,1,3,1,1
Wolverhampton Wanderers,1,0,1,1,1,1,1
Wolverhampton Wanderers,3,3,1,1,6,0,0.5
Wolverhampton Wanderers,1,2,1,1,3,-1,0
Arsenal,4,0,2,2,4,4,1
Arsenal,6,1,2,2,7,5,1
Arsenal,2,1,2,2,3,1,1
Arsenal,2,1,2,2,3,1,1
Arsenal,5,1,2,2,6,4,1
Arsenal,3,0,2,2,3,3,1
Arsenal,3,0,2,2,3,3,1
Arsenal,3,0,2,2,3,3,1
Arsenal,6,1,2,2,7,5,1
Arsenal,0,0,2,2,0,0,0.5
Arsenal,0,0,2,2,0,0,0.5
Arsenal,2,1,2,2,3,1,1
Arsenal,1,0,2,2,1,1,1
Arsenal,0,1,2,2,1,-1,0
Arsenal,3,0,2,2,3,3,1
Arsenal,3,1,2,2,4,2,1
Arsenal,3,1,2,2,4,2,1
Barnsley,1,1,2,2,2,0,0.5
Barnsley,3,0,2,2,3,3,1
Barnsley,6,0,2,2,6,6,1
Barnsley,2,0,2,2,2,2,1
Barnsley,3,0,2,2,3,3,1
Barnsley,4,0,2,2,4,4,1
Barnsley,2,2,2,2,4,0,0.5
Barnsley,2,0,2,2,2,2,1
Barnsley,2,3,2,2,5,-1,0
Barnsley,0,1,2,2,1,-1,0
Barnsley,1,2,2,2,3,-1,0
Barnsley,0,0,2,2,0,0,0.5
Barnsley,0,3,2,2,3,-3,0
Barnsley,0,0,2,2,0,0,0.5
Barnsley,1,0,2,2,1,1,1
Barnsley,3,0,2,2,3,3,1
Barnsley,2,1,2,2,3,1,1
Birmingham City,2,0,2,2,2,2,1
Birmingham City,2,1,2,2,3,1,1
Birmingham City,5,1,2,2,6,4,1
Birmingham City,2,0,2,2,2,2,1
Birmingham City,3,0,2,2,3,3,1
Birmingham City,2,0,2,2,2,2,1
Birmingham City,2,1,2,2,3,1,1
Birmingham City,12,0,2,2,12,12,1
Birmingham City,1,0,2,2,1,1,1
Birmingham City,3,1,2,2,4,2,1
Birmingham City,4,3,2,2,7,1,1
Birmingham City,3,1,2,2,4,2,1
Birmingham City,4,0,2,2,4,4,1
Birmingham City,2,1,2,2,3,1,1
Birmingham City,5,1,2,2,6,4,1
Birmingham City,3,1,2,2,4,2,1
Birmingham City,2,0,2,2,2,2,1
Blackpool,0,0,2,2,0,0,0.5
Blackpool,3,3,2,2,6,0,0.5
Blackpool,0,1,2,2,1,-1,0
Blackpool,0,1,2,2,1,-1,0
Blackpool,2,0,2,2,2,2,1
Blackpool,3,3,2,2,6,0,0.5
Blackpool,2,1,2,2,3,1,1
Blackpool,4,0,2,2,4,4,1
Blackpool,4,0,2,2,4,4,1
Blackpool,2,2,2,2,4,0,0.5
Blackpool,2,0,2,2,2,2,1
Blackpool,2,3,2,2,5,-1,0
Blackpool,0,3,2,2,3,-3,0
Blackpool,2,0,2,2,2,2,1
Blackpool,2,5,2,2,7,-3,0
Blackpool,2,2,2,2,4,0,0.5
Blackpool,2,0,2,2,2,2,1
Bristol City,1,0,2,2,1,1,1
Bristol City,3,3,2,2,6,0,0.5
Bristol City,1,1,2,2,2,0,0.5
Bristol City,0,1,2,2,1,-1,0
Bristol City,3,0,2,2,3,3,1
Bristol City,3,1,2,2,4,2,1
Bristol City,2,1,2,2,3,1,1
Bristol City,4,2,2,2,6,2,1
Bristol City,1,0,2,2,1,1,1
Bristol City,1,1,2,2,2,0,0.5
Bristol City,6,1,2,2,7,5,1
Bristol City,0,2,2,2,2,-2,0
Bristol City,3,2,2,2,5,1,1
Bristol City,3,1,2,2,4,2,1
Bristol City,3,0,2,2,3,3,1
Bristol City,2,1,2,2,3,1,1
Bristol City,7,1,2,2,8,6,1
Burnley,0,3,2,2,3,-3,0
Burnley,1,2,2,2,3,-1,0
Burnley,2,1,2,2,3,1,1
Burnley,1,1,2,2,2,0,0.5
Burnley,0,0,2,2,0,0,0.5
Burnley,4,1,2,2,5,3,1
Burnley,1,1,2,2,2,0,0.5
Burnley,1,1,2,2,2,0,0.5
Burnley,3,2,2,2,5,1,1
Burnley,2,1,2,2,3,1,1
Burnley,1,3,2,2,4,-2,0
Burnley,1,0,2,2,1,1,1
Burnley,1,1,2,2,2,0,0.5
Burnley,0,2,2,2,2,-2,0
Burnley,3,3,2,2,6,0,0.5
Burnley,1,1,2,2,2,0,0.5
Burnley,3,2,2,2,5,1,1
Burton United,2,1,2,2,3,1,1
Burton United,1,1,2,2,2,0,0.5
Burton United,0,1,2,2,1,-1,0
Burton United,2,0,2,2,2,2,1
Burton United,0,3,2,2,3,-3,0
Burton United,0,0,2,2,0,0,0.5
Burton United,1,0,2,2,1,1,1
Burton United,1,0,2,2,1,1,1
Burton United,3,0,2,2,3,3,1
Burton United,2,1,2,2,3,1,1
Burton United,2,3,2,2,5,-1,0
Burton United,2,2,2,2,4,0,0.5
Burton United,0,5,2,2,5,-5,0
Burton United,3,1,2,2,4,2,1
Burton United,0,0,2,2,0,0,0.5
Burton United,2,1,2,2,3,1,1
Burton United,5,1,2,2,6,4,1
Chesterfield,2,2,2,2,4,0,0.5
Chesterfield,3,0,2,2,3,3,1
Chesterfield,1,1,2,2,2,0,0.5
Chesterfield,1,1,2,2,2,0,0.5
Chesterfield,3,0,2,2,3,3,1
Chesterfield,2,0,2,2,2,2,1
Chesterfield,1,0,2,2,1,1,1
Chesterfield,1,1,2,2,2,0,0.5
Chesterfield,0,1,2,2,1,-1,0
Chesterfield,10,0,2,2,10,10,1
Chesterfield,5,0,2,2,5,5,1
Chesterfield,1,0,2,2,1,1,1
Chesterfield,0,1,2,2,1,-1,0
Chesterfield,2,0,2,2,2,2,1
Chesterfield,3,0,2,2,3,3,1
Chesterfield,4,2,2,2,6,2,1
Chesterfield,4,1,2,2,5,3,1
Doncaster Rovers,0,1,2,2,1,-1,0
Doncaster Rovers,2,0,2,2,2,2,1
Doncaster Rovers,1,0,2,2,1,1,1
Doncaster Rovers,3,0,2,2,3,3,1
Doncaster Rovers,0,0,2,2,0,0,0.5
Doncaster Rovers,2,1,2,2,3,1,1
Doncaster Rovers,1,1,2,2,2,0,0.5
Doncaster Rovers,3,4,2,2,7,-1,0
Doncaster Rovers,0,0,2,2,0,0,0.5
Doncaster Rovers,4,1,2,2,5,3,1
Doncaster Rovers,0,0,2,2,0,0,0.5
Doncaster Rovers,2,1,2,2,3,1,1
Doncaster Rovers,1,2,2,2,3,-1,0
Doncaster Rovers,2,2,2,2,4,0,0.5
Doncaster Rovers,3,2,2,2,5,1,1
Doncaster Rovers,1,2,2,2,3,-1,0
Doncaster Rovers,2,0,2,2,2,2,1
Gainsborough Trinity,0,1,2,2,1,-1,0
Gainsborough Trinity,1,2,2,2,3,-1,0
Gainsborough Trinity,1,0,2,2,1,1,1
Gainsborough Trinity,0,0,2,2,0,0,0.5
Gainsborough Trinity,2,1,2,2,3,1,1
Gainsborough Trinity,3,0,2,2,3,3,1
Gainsborough Trinity,3,1,2,2,4,2,1
Gainsborough Trinity,3,2,2,2,5,1,1
Gainsborough Trinity,3,0,2,2,3,3,1
Gainsborough Trinity,1,1,2,2,2,0,0.5
Gainsborough Trinity,5,1,2,2,6,4,1
Gainsborough Trinity,4,0,2,2,4,4,1
Gainsborough Trinity,0,3,2,2,3,-3,0
Gainsborough Trinity,0,1,2,2,1,-1,0
Gainsborough Trinity,1,1,2,2,2,0,0.5
Gainsborough Trinity,1,0,2,2,1,1,1
Gainsborough Trinity,0,0,2,2,0,0,0.5
Glossop North End,1,2,2,2,3,-1,0
Glossop North End,2,2,2,2,4,0,0.5
Glossop North End,0,1,2,2,1,-1,0
Glossop North End,1,0,2,2,1,1,1
Glossop North End,0,2,2,2,2,-2,0
Glossop North End,2,0,2,2,2,2,1
Glossop North End,3,0,2,2,3,3,1
Glossop North End,0,3,2,2,3,-3,0
Glossop North End,3,0,2,2,3,3,1
Glossop North End,4,2,2,2,6,2,1
Glossop North End,1,2,2,2,3,-1,0
Glossop North End,2,0,2,2,2,2,1
Glossop North End,0,1,2,2,1,-1,0
Glossop North End,1,3,2,2,4,-2,0
Glossop North End,2,1,2,2,3,1,1
Glossop North End,1,0,2,2,1,1,1
Glossop North End,3,0,2,2,3,3,1
Leicester City,0,2,2,2,2,-2,0
Leicester City,1,2,2,2,3,-1,0
Leicester City,1,3,2,2,4,-2,0
Leicester City,2,1,2,2,3,1,1
Leicester City,2,2,2,2,4,0,0.5
Leicester City,2,1,2,2,3,1,1
Leicester City,0,1,2,2,1,-1,0
Leicester City,0,2,2,2,2,-2,0
Leicester City,0,1,2,2,1,-1,0
Leicester City,4,1,2,2,5,3,1
Leicester City,3,2,2,2,5,1,1
Leicester City,0,0,2,2,0,0,0.5
Leicester City,1,1,2,2,2,0,0.5
Leicester City,1,1,2,2,2,0,0.5
Leicester City,2,0,2,2,2,2,1
Leicester City,1,1,2,2,2,0,0.5
Leicester City,0,2,2,2,2,-2,0
Lincoln City,2,2,2,2,4,0,0.5
Lincoln City,1,3,2,2,4,-2,0
Lincoln City,0,1,2,2,1,-1,0
Lincoln City,0,2,2,2,2,-2,0
Lincoln City,1,1,2,2,2,0,0.5
Lincoln City,4,1,2,2,5,3,1
Lincoln City,4,0,2,2,4,4,1
Lincoln City,0,0,2,2,0,0,0.5
Lincoln City,4,2,2,2,6,2,1
Lincoln City,1,0,2,2,1,1,1
Lincoln City,1,0,2,2,1,1,1
Lincoln City,1,2,2,2,3,-1,0
Lincoln City,1,0,2,2,1,1,1
Lincoln City,1,3,2,2,4,-2,0
Lincoln City,4,1,2,2,5,3,1
Lincoln City,2,3,2,2,5,-1,0
Lincoln City,3,1,2,2,4,2,1
Manchester City,4,1,2,2,5,3,1
Manchester City,3,2,2,2,5,1,1
Manchester City,4,0,2,2,4,4,1
Manchester City,2,0,2,2,2,2,1
Manchester City,2,2,2,2,4,0,0.5
Manchester City,6,0,2,2,6,6,1
Manchester City,2,0,2,2,2,2,1
Manchester City,4,2,2,2,6,2,1
Manchester City,4,1,2,2,5,3,1
Manchester City,9,0,2,2,9,9,1
Manchester City,5,2,2,2,7,3,1
Manchester City,3,1,2,2,4,2,1
Manchester City,3,1,2,2,4,2,1
Manchester City,0,2,2,2,2,-2,0
Manchester City,7,1,2,2,8,6,1
Manchester City,1,0,2,2,1,1,1
Manchester City,5,0,2,2,5,5,1
Manchester United,3,0,2,2,3,3,1
Manchester United,2,1,2,2,3,1,1
Manchester United,0,1,2,2,1,-1,0
Manchester United,2,2,2,2,4,0,0.5
Manchester United,1,2,2,2,3,-1,0
Manchester United,4,0,2,2,4,4,1
Manchester United,1,0,2,2,1,1,1
Manchester United,2,1,2,2,3,1,1
Manchester United,4,0,2,2,4,4,1
Manchester United,3,1,2,2,4,2,1
Manchester United,1,1,2,2,2,0,0.5
Manchester United,5,1,2,2,6,4,1
Manchester United,1,2,2,2,3,-1,0
Manchester United,1,1,2,2,2,0,0.5
Manchester United,2,1,2,2,3,1,1
Manchester United,0,1,2,2,1,-1,0
Manchester United,0,0,2,2,0,0,0.5
Port Vale,1,1,2,2,2,0,0.5
Port Vale,2,0,2,2,2,2,1
Port Vale,2,2,2,2,4,0,0.5
Port Vale,1,1,2,2,2,0,0.5
Port Vale,2,0,2,2,2,2,1
Port Vale,3,1,2,2,4,2,1
Port Vale,4,2,2,2,6,2,1
Port Vale,2,1,2,2,3,1,1
Port Vale,3,0,2,2,3,3,1
Port Vale,3,1,2,2,4,2,1
Port Vale,1,0,2,2,1,1,1
Port Vale,2,0,2,2,2,2,1
Port Vale,5,1,2,2,6,4,1
Port Vale,1,4,2,2,5,-3,0
Port Vale,1,1,2,2,2,0,0.5
Port Vale,0,0,2,2,0,0,0.5
Port Vale,3,1,2,2,4,2,1
Preston North End,2,2,2,2,4,0,0.5
Preston North End,3,0,2,2,3,3,1
Preston North End,2,1,2,2,3,1,1
Preston North End,3,1,2,2,4,2,1
Preston North End,1,0,2,2,1,1,1
Preston North End,5,0,2,2,5,5,1
Preston North End,1,1,2,2,2,0,0.5
Preston North End,1,1,2,2,2,0,0.5
Preston North End,5,0,2,2,5,5,1
Preston North End,0,0,2,2,0,0,0.5
Preston North End,0,0,2,2,0,0,0.5
Preston North End,2,0,2,2,2,2,1
Preston North End,0,1,2,2,1,-1,0
Preston North End,0,2,2,2,2,-2,0
Preston North End,3,1,2,2,4,2,1
Preston North End,5,1,2,2,6,4,1
Preston North End,6,1,2,2,7,5,1
Stockport County,0,1,2,2,1,-1,0
Stockport County,4,1,2,2,5,3,1
Stockport County,1,2,2,2,3,-1,0
Stockport County,4,0,2,2,4,4,1
Stockport County,0,1,2,2,1,-1,0
Stockport County,3,0,2,2,3,3,1
Stockport County,0,2,2,2,2,-2,0
Stockport County,2,2,2,2,4,0,0.5
Stockport County,1,0,2,2,1,1,1
Stockport County,1,1,2,2,2,0,0.5
Stockport County,2,3,2,2,5,-1,0
Stockport County,2,2,2,2,4,0,0.5
Stockport County,3,1,2,2,4,2,1
Stockport County,0,2,2,2,2,-2,0
Stockport County,2,1,2,2,3,1,1
Stockport County,0,4,2,2,4,-4,0
Stockport County,1,1,2,2,2,0,0.5
Aston Villa,1,1,1,1,2,0,0.5
Aston Villa,2,3,1,1,5,-1,0
Aston Villa,0,2,1,1,2,-2,0
Aston Villa,3,0,1,1,3,3,1
Aston Villa,3,1,1,1,4,2,1
Aston Villa,2,1,1,1,3,1,1
Aston Villa,0,1,1,1,1,-1,0
Aston Villa,2,1,1,1,3,1,1
Aston Villa,3,1,1,1,4,2,1
Aston Villa,3,1,1,1,4,2,1
Aston Villa,4,0,1,1,4,4,1
Aston Villa,6,1,1,1,7,5,1
Aston Villa,2,1,1,1,3,1,1
Aston Villa,3,1,1,1,4,2,1
Aston Villa,2,0,1,1,2,2,1
Aston Villa,3,1,1,1,4,2,1
Aston Villa,2,0,1,1,2,2,1
Birmingham City,2,2,1,1,4,0,0.5
Birmingham City,2,1,1,1,3,1,1
Birmingham City,1,0,1,1,1,1,1
Birmingham City,1,0,1,1,1,1,1
Birmingham City,1,1,1,1,2,0,0.5
Birmingham City,1,2,1,1,3,-1,0
Birmingham City,0,3,1,1,3,-3,0
Birmingham City,2,2,1,1,4,0,0.5
Birmingham City,3,0,1,1,3,3,1
Birmingham City,3,3,1,1,6,0,0.5
Birmingham City,2,0,1,1,2,2,1
Birmingham City,1,3,1,1,4,-2,0
Birmingham City,0,0,1,1,0,0,0.5
Birmingham City,1,0,1,1,1,1,1
Birmingham City,2,1,1,1,3,1,1
Birmingham City,0,1,1,1,1,-1,0
Birmingham City,3,0,1,1,3,3,1
Blackburn Rovers,0,3,1,1,3,-3,0
Blackburn Rovers,1,1,1,1,2,0,0.5
Blackburn Rovers,2,2,1,1,4,0,0.5
Blackburn Rovers,2,1,1,1,3,1,1
Blackburn Rovers,0,2,1,1,2,-2,0
Blackburn Rovers,2,3,1,1,5,-1,0
Blackburn Rovers,2,5,1,1,7,-3,0
Blackburn Rovers,1,1,1,1,2,0,0.5
Blackburn Rovers,4,0,1,1,4,4,1
Blackburn Rovers,3,1,1,1,4,2,1
Blackburn Rovers,3,0,1,1,3,3,1
Blackburn Rovers,3,0,1,1,3,3,1
Blackburn Rovers,0,0,1,1,0,0,0.5
Blackburn Rovers,2,0,1,1,2,2,1
Blackburn Rovers,1,3,1,1,4,-2,0
Blackburn Rovers,2,0,1,1,2,2,1
Blackburn Rovers,1,1,1,1,2,0,0.5
Bury,2,2,1,1,4,0,0.5
Bury,1,0,1,1,1,1,1
Bury,3,0,1,1,3,3,1
Bury,2,2,1,1,4,0,0.5
Bury,0,0,1,1,0,0,0.5
Bury,2,2,1,1,4,0,0.5
Bury,1,3,1,1,4,-2,0
Bury,1,1,1,1,2,0,0.5
Bury,0,3,1,1,3,-3,0
Bury,2,2,1,1,4,0,0.5
Bury,3,0,1,1,3,3,1
Bury,0,1,1,1,1,-1,0
Bury,1,0,1,1,1,1,1
Bury,2,2,1,1,4,0,0.5
Bury,3,1,1,1,4,2,1
Bury,2,1,1,1,3,1,1
Bury,0,0,1,1,0,0,0.5
Derby County,2,2,1,1,4,0,0.5
Derby County,4,1,1,1,5,3,1
Derby County,3,0,1,1,3,3,1
Derby County,2,2,1,1,4,0,0.5
Derby County,0,1,1,1,1,-1,0
Derby County,2,0,1,1,2,2,1
Derby County,2,3,1,1,5,-1,0
Derby County,2,2,1,1,4,0,0.5
Derby County,1,3,1,1,4,-2,0
Derby County,2,6,1,1,8,-4,0
Derby County,0,1,1,1,1,-1,0
Derby County,3,5,1,1,8,-2,0
Derby County,0,2,1,1,2,-2,0
Derby County,5,0,1,1,5,5,1
Derby County,7,2,1,1,9,5,1
Derby County,4,2,1,1,6,2,1
Derby County,2,1,1,1,3,1,1
Everton,1,0,1,1,1,1,1
Everton,5,1,1,1,6,4,1
Everton,3,1,1,1,4,2,1
Everton,2,1,1,1,3,1,1
Everton,0,1,1,1,1,-1,0
Everton,5,2,1,1,7,3,1
Everton,1,0,1,1,1,1,1
Everton,2,0,1,1,2,2,1
Everton,4,1,1,1,5,3,1
Everton,0,2,1,1,2,-2,0
Everton,3,1,1,1,4,2,1
Everton,2,0,1,1,2,2,1
Everton,2,0,1,1,2,2,1
Everton,0,1,1,1,1,-1,0
Everton,0,1,1,1,1,-1,0
Everton,4,0,1,1,4,4,1
Everton,2,0,1,1,2,2,1
Liverpool,1,1,1,1,2,0,0.5
Liverpool,0,2,1,1,2,-2,0
Liverpool,1,2,1,1,3,-1,0
Liverpool,3,0,1,1,3,3,1
Liverpool,3,1,1,1,4,2,1
Liverpool,2,2,1,1,4,0,0.5
Liverpool,2,2,1,1,4,0,0.5
Liverpool,1,0,1,1,1,1,1
Liverpool,1,0,1,1,1,1,1
Liverpool,0,0,1,1,0,0,0.5
Liverpool,2,1,1,1,3,1,1
Liverpool,3,0,1,1,3,3,1
Liverpool,1,3,1,1,4,-2,0
Liverpool,0,0,1,1,0,0,0.5
Liverpool,2,1,1,1,3,1,1
Liverpool,1,3,1,1,4,-2,0
Liverpool,1,2,1,1,3,-1,0
Manchester City,1,0,1,1,1,1,1
Manchester City,4,0,1,1,4,4,1
Manchester City,1,0,1,1,1,1,1
Manchester City,3,0,1,1,3,3,1
Manchester City,2,1,1,1,3,1,1
Manchester City,1,3,1,1,4,-2,0
Manchester City,3,2,1,1,5,1,1
Manchester City,1,1,1,1,2,0,0.5
Manchester City,1,3,1,1,4,-2,0
Manchester City,0,0,1,1,0,0,0.5
Manchester City,3,0,1,1,3,3,1
Manchester City,0,1,1,1,1,-1,0
Manchester City,1,1,1,1,2,0,0.5
Manchester City,2,2,1,1,4,0,0.5
Manchester City,2,1,1,1,3,1,1
Manchester City,6,3,1,1,9,3,1
Manchester City,4,1,1,1,5,3,1
Middlesbrough,2,1,1,1,3,1,1
Middlesbrough,3,1,1,1,4,2,1
Middlesbrough,0,2,1,1,2,-2,0
Middlesbrough,1,0,1,1,1,1,1
Middlesbrough,0,0,1,1,0,0,0.5
Middlesbrough,3,0,1,1,3,3,1
Middlesbrough,1,0,1,1,1,1,1
Middlesbrough,6,0,1,1,6,6,1
Middlesbrough,1,3,1,1,4,-2,0
Middlesbrough,1,1,1,1,2,0,0.5
Middlesbrough,1,0,1,1,1,1,1
Middlesbrough,4,1,1,1,5,3,1
Middlesbrough,0,1,1,1,1,-1,0
Middlesbrough,2,0,1,1,2,2,1
Middlesbrough,2,3,1,1,5,-1,0
Middlesbrough,2,2,1,1,4,0,0.5
Middlesbrough,1,2,1,1,3,-1,0
Newcastle United,1,1,1,1,2,0,0.5
Newcastle United,3,1,1,1,4,2,1
Newcastle United,2,1,1,1,3,1,1
Newcastle United,3,2,1,1,5,1,1
Newcastle United,0,0,1,1,0,0,0.5
Newcastle United,1,0,1,1,1,1,1
Newcastle United,1,1,1,1,2,0,0.5
Newcastle United,1,0,1,1,1,1,1
Newcastle United,2,1,1,1,3,1,1
Newcastle United,3,1,1,1,4,2,1
Newcastle United,4,1,1,1,5,3,1
Newcastle United,0,1,1,1,1,-1,0
Newcastle United,4,0,1,1,4,4,1
Newcastle United,1,0,1,1,1,1,1
Newcastle United,1,3,1,1,4,-2,0
Newcastle United,1,0,1,1,1,1,1
Newcastle United,3,0,1,1,3,3,1
Nottingham Forest,3,7,1,1,10,-4,0
Nottingham Forest,0,1,1,1,1,-1,0
Nottingham Forest,0,1,1,1,1,-1,0
Nottingham Forest,2,2,1,1,4,0,0.5
Nottingham Forest,5,1,1,1,6,4,1
Nottingham Forest,0,4,1,1,4,-4,0
Nottingham Forest,2,1,1,1,3,1,1
Nottingham Forest,0,3,1,1,3,-3,0
Nottingham Forest,1,1,1,1,2,0,0.5
Nottingham Forest,1,0,1,1,1,1,1
Nottingham Forest,0,1,1,1,1,-1,0
Nottingham Forest,1,1,1,1,2,0,0.5
Nottingham Forest,0,1,1,1,1,-1,0
Nottingham Forest,4,2,1,1,6,2,1
Nottingham Forest,3,0,1,1,3,3,1
Nottingham Forest,2,0,1,1,2,2,1
Nottingham Forest,5,0,1,1,5,5,1
Notts County,0,0,1,1,0,0,0.5
Notts County,2,0,1,1,2,2,1
Notts County,4,2,1,1,6,2,1
Notts County,0,0,1,1,0,0,0.5
Notts County,2,2,1,1,4,0,0.5
Notts County,0,3,1,1,3,-3,0
Notts County,4,2,1,1,6,2,1
Notts County,0,3,1,1,3,-3,0
Notts County,3,2,1,1,5,1,1
Notts County,3,2,1,1,5,1,1
Notts County,1,3,1,1,4,-2,0
Notts County,2,1,1,1,3,1,1
Notts County,1,0,1,1,1,1,1
Notts County,1,0,1,1,1,1,1
Notts County,2,1,1,1,3,1,1
Notts County,2,3,1,1,5,-1,0
Notts County,0,2,1,1,2,-2,0
Sheffield United,1,2,1,1,3,-1,0
Sheffield United,1,1,1,1,2,0,0.5
Sheffield United,2,2,1,1,4,0,0.5
Sheffield United,0,0,1,1,0,0,0.5
Sheffield United,3,2,1,1,5,1,1
Sheffield United,2,1,1,1,3,1,1
Sheffield United,2,1,1,1,3,1,1
Sheffield United,5,3,1,1,8,2,1
Sheffield United,3,0,1,1,3,3,1
Sheffield United,2,2,1,1,4,0,0.5
Sheffield United,2,0,1,1,2,2,1
Sheffield United,3,1,1,1,4,2,1
Sheffield United,1,1,1,1,2,0,0.5
Sheffield United,1,1,1,1,2,0,0.5
Sheffield United,1,2,1,1,3,-1,0
Sheffield United,4,0,1,1,4,4,1
Sheffield United,7,2,1,1,9,5,1
Sheffield Wednesday,4,2,1,1,6,2,1
Sheffield Wednesday,3,2,1,1,5,1,1
Sheffield Wednesday,3,1,1,1,4,2,1
Sheffield Wednesday,1,1,1,1,2,0,0.5
Sheffield Wednesday,1,0,1,1,1,1,1
Sheffield Wednesday,1,0,1,1,1,1,1
Sheffield Wednesday,2,1,1,1,3,1,1
Sheffield Wednesday,1,0,1,1,1,1,1
Sheffield Wednesday,4,1,1,1,5,3,1
Sheffield Wednesday,1,1,1,1,2,0,0.5
Sheffield Wednesday,2,1,1,1,3,1,1
Sheffield Wednesday,2,0,1,1,2,2,1
Sheffield Wednesday,3,0,1,1,3,3,1
Sheffield Wednesday,1,0,1,1,1,1,1
Sheffield Wednesday,0,0,1,1,0,0,0.5
Sheffield Wednesday,1,0,1,1,1,1,1
Sheffield Wednesday,4,0,1,1,4,4,1
Stoke City,2,0,1,1,2,2,1
Stoke City,1,0,1,1,1,1,1
Stoke City,6,2,1,1,8,4,1
Stoke City,4,1,1,1,5,3,1
Stoke City,1,1,1,1,2,0,0.5
Stoke City,2,3,1,1,5,-1,0
Stoke City,5,2,1,1,7,3,1
Stoke City,1,2,1,1,3,-1,0
Stoke City,0,0,1,1,0,0,0.5
Stoke City,2,3,1,1,5,-1,0
Stoke City,2,3,1,1,5,-1,0
Stoke City,0,2,1,1,2,-2,0
Stoke City,3,4,1,1,7,-1,0
Stoke City,3,1,1,1,4,2,1
Stoke City,3,1,1,1,4,2,1
Stoke City,5,0,1,1,5,5,1
Stoke City,5,1,1,1,6,4,1
Sunderland,6,1,1,1,7,5,1
Sunderland,3,1,1,1,4,2,1
Sunderland,2,0,1,1,2,2,1
Sunderland,6,0,1,1,6,6,1
Sunderland,0,3,1,1,3,-3,0
Sunderland,2,0,1,1,2,2,1
Sunderland,2,1,1,1,3,1,1
Sunderland,1,1,1,1,2,0,0.5
Sunderland,3,1,1,1,4,2,1
Sunderland,1,1,1,1,2,0,0.5
Sunderland,3,1,1,1,4,2,1
Sunderland,4,1,1,1,5,3,1
Sunderland,2,1,1,1,3,1,1
Sunderland,0,1,1,1,1,-1,0
Sunderland,3,0,1,1,3,3,1
Sunderland,1,1,1,1,2,0,0.5
Sunderland,2,1,1,1,3,1,1
West Bromwich Albion,1,3,1,1,4,-2,0
West Bromwich Albion,0,1,1,1,1,-1,0
West Bromwich Albion,2,1,1,1,3,1,1
West Bromwich Albion,3,2,1,1,5,1,1
West Bromwich Albion,0,0,1,1,0,0,0.5
West Bromwich Albion,0,0,1,1,0,0,0.5
West Bromwich Albion,2,2,1,1,4,0,0.5
West Bromwich Albion,2,1,1,1,3,1,1
West Bromwich Albion,0,0,1,1,0,0,0.5
West Bromwich Albion,1,2,1,1,3,-1,0
West Bromwich Albion,1,1,1,1,2,0,0.5
West Bromwich Albion,0,0,1,1,0,0,0.5
West Bromwich Albion,2,2,1,1,4,0,0.5
West Bromwich Albion,0,1,1,1,1,-1,0
West Bromwich Albion,3,0,1,1,3,3,1
West Bromwich Albion,1,1,1,1,2,0,0.5
West Bromwich Albion,1,2,1,1,3,-1,0
Wolverhampton Wanderers,3,2,1,1,5,1,1
Wolverhampton Wanderers,1,0,1,1,1,1,1
Wolverhampton Wanderers,1,0,1,1,1,1,1
Wolverhampton Wanderers,0,0,1,1,0,0,0.5
Wolverhampton Wanderers,2,2,1,1,4,0,0.5
Wolverhampton Wanderers,2,2,1,1,4,0,0.5
Wolverhampton Wanderers,4,2,1,1,6,2,1
Wolverhampton Wanderers,1,6,1,1,7,-5,0
Wolverhampton Wanderers,2,2,1,1,4,0,0.5
Wolverhampton Wanderers,3,2,1,1,5,1,1
Wolverhampton Wanderers,3,2,1,1,5,1,1
Wolverhampton Wanderers,1,1,1,1,2,0,0.5
Wolverhampton Wanderers,1,0,1,1,1,1,1
Wolverhampton Wanderers,2,1,1,1,3,1,1
Wolverhampton Wanderers,0,0,1,1,0,0,0.5
Wolverhampton Wanderers,2,1,1,1,3,1,1
Wolverhampton Wanderers,1,0,1,1,1,1,1
Arsenal,3,0,2,2,3,3,1
Arsenal,3,0,2,2,3,3,1
Arsenal,3,0,2,2,3,3,1
Arsenal,4,1,2,2,5,3,1
Arsenal,2,0,2,2,2,2,1
Arsenal,4,0,2,2,4,4,1
Arsenal,8,0,2,2,8,8,1
Arsenal,6,0,2,2,6,6,1
Arsenal,6,0,2,2,6,6,1
Arsenal,2,1,2,2,3,1,1
Arsenal,5,1,2,2,6,4,1
Arsenal,8,0,2,2,8,8,1
Arsenal,4,0,2,2,4,4,1
Arsenal,4,0,2,2,4,4,1
Arsenal,0,0,2,2,0,0,0.5
Arsenal,0,0,2,2,0,0,0.5
Arsenal,5,2,2,2,7,3,1
Barnsley,2,1,2,2,3,1,1
Barnsley,2,2,2,2,4,0,0.5
Barnsley,1,0,2,2,1,1,1
Barnsley,1,2,2,2,3,-1,0
Barnsley,2,0,2,2,2,2,1
Barnsley,1,1,2,2,2,0,0.5
Barnsley,2,1,2,2,3,1,1
Barnsley,0,0,2,2,0,0,0.5
Barnsley,2,0,2,2,2,2,1
Barnsley,4,0,2,2,4,4,1
Barnsley,3,1,2,2,4,2,1
Barnsley,1,1,2,2,2,0,0.5
Barnsley,2,1,2,2,3,1,1
Barnsley,0,2,2,2,2,-2,0
Barnsley,1,0,2,2,1,1,1
Barnsley,1,0,2,2,1,1,1
Barnsley,0,0,2,2,0,0,0.5
Blackpool,2,2,2,2,4,0,0.5
Blackpool,0,2,2,2,2,-2,0
Blackpool,1,4,2,2,5,-3,0
Blackpool,0,1,2,2,1,-1,0
Blackpool,0,1,2,2,1,-1,0
Blackpool,0,5,2,2,5,-5,0
Blackpool,4,1,2,2,5,3,1
Blackpool,0,0,2,2,0,0,0.5
Blackpool,2,1,2,2,3,1,1
Blackpool,3,2,2,2,5,1,1
Blackpool,3,0,2,2,3,3,1
Blackpool,1,2,2,2,3,-1,0
Blackpool,2,1,2,2,3,1,1
Blackpool,2,1,2,2,3,1,1
Blackpool,1,0,2,2,1,1,1
Blackpool,0,3,2,2,3,-3,0
Blackpool,4,1,2,2,5,3,1
Bolton Wanderers,2,1,2,2,3,1,1
Bolton Wanderers,5,1,2,2,6,4,1
Bolton Wanderers,3,0,2,2,3,3,1
Bolton Wanderers,1,0,2,2,1,1,1
Bolton Wanderers,1,1,2,2,2,0,0.5
Bolton Wanderers,1,1,2,2,2,0,0.5
Bolton Wanderers,3,0,2,2,3,3,1
Bolton Wanderers,4,0,2,2,4,4,1
Bolton Wanderers,5,0,2,2,5,5,1
Bolton Wanderers,0,1,2,2,1,-1,0
Bolton Wanderers,4,0,2,2,4,4,1
Bolton Wanderers,3,1,2,2,4,2,1
Bolton Wanderers,1,2,2,2,3,-1,0
Bolton Wanderers,0,0,2,2,0,0,0.5
Bolton Wanderers,5,0,2,2,5,5,1
Bolton Wanderers,0,2,2,2,2,-2,0
Bolton Wanderers,0,1,2,2,1,-1,0
Bradford City,0,3,2,2,3,-3,0
Bradford City,3,1,2,2,4,2,1
Bradford City,0,2,2,2,2,-2,0
Bradford City,3,3,2,2,6,0,0.5
Bradford City,1,0,2,2,1,1,1
Bradford City,3,0,2,2,3,3,1
Bradford City,3,0,2,2,3,3,1
Bradford City,2,6,2,2,8,-4,0
Bradford City,1,3,2,2,4,-2,0
Bradford City,2,1,2,2,3,1,1
Bradford City,1,0,2,2,1,1,1
Bradford City,4,0,2,2,4,4,1
Bradford City,2,1,2,2,3,1,1
Bradford City,3,3,2,2,6,0,0.5
Bradford City,1,1,2,2,2,0,0.5
Bradford City,1,1,2,2,2,0,0.5
Bradford City,0,0,2,2,0,0,0.5
Bristol City,0,4,2,2,4,-4,0
Bristol City,2,0,2,2,2,2,1
Bristol City,5,0,2,2,5,5,1
Bristol City,2,0,2,2,2,2,1
Bristol City,1,1,2,2,2,0,0.5
Bristol City,6,0,2,2,6,6,1
Bristol City,4,0,2,2,4,4,1
Bristol City,3,2,2,2,5,1,1
Bristol City,2,1,2,2,3,1,1
Bristol City,5,0,2,2,5,5,1
Bristol City,4,0,2,2,4,4,1
Bristol City,4,0,2,2,4,4,1
Bristol City,3,1,2,2,4,2,1
Bristol City,1,1,2,2,2,0,0.5
Bristol City,2,1,2,2,3,1,1
Bristol City,3,1,2,2,4,2,1
Bristol City,6,0,2,2,6,6,1
Burnley,1,0,2,2,1,1,1
Burnley,2,2,2,2,4,0,0.5
Burnley,1,4,2,2,5,-3,0
Burnley,0,0,2,2,0,0,0.5
Burnley,3,2,2,2,5,1,1
Burnley,2,3,2,2,5,-1,0
Burnley,2,1,2,2,3,1,1
Burnley,2,1,2,2,3,1,1
Burnley,2,0,2,2,2,2,1
Burnley,2,4,2,2,6,-2,0
Burnley,2,0,2,2,2,2,1
Burnley,2,1,2,2,3,1,1
Burnley,3,1,2,2,4,2,1
Burnley,2,0,2,2,2,2,1
Burnley,1,0,2,2,1,1,1
Burnley,2,1,2,2,3,1,1
Burnley,2,0,2,2,2,2,1
Burton United,3,1,2,2,4,2,1
Burton United,1,1,2,2,2,0,0.5
Burton United,1,1,2,2,2,0,0.5
Burton United,2,1,2,2,3,1,1
Burton United,0,2,2,2,2,-2,0
Burton United,2,3,2,2,5,-1,0
Burton United,1,2,2,2,3,-1,0
Burton United,4,0,2,2,4,4,1
Burton United,2,1,2,2,3,1,1
Burton United,2,0,2,2,2,2,1
Burton United,1,0,2,2,1,1,1
Burton United,0,0,2,2,0,0,0.5
Burton United,5,2,2,2,7,3,1
Burton United,2,2,2,2,4,0,0.5
Burton United,0,0,2,2,0,0,0.5
Burton United,0,0,2,2,0,0,0.5
Burton United,7,0,2,2,7,7,1
Chesterfield,1,0,2,2,1,1,1
Chesterfield,1,0,2,2,1,1,1
Chesterfield,2,1,2,2,3,1,1
Chesterfield,1,1,2,2,2,0,0.5
Chesterfield,1,1,2,2,2,0,0.5
Chesterfield,1,0,2,2,1,1,1
Chesterfield,0,0,2,2,0,0,0.5
Chesterfield,2,1,2,2,3,1,1
Chesterfield,6,1,2,2,7,5,1
Chesterfield,0,0,2,2,0,0,0.5
Chesterfield,0,1,2,2,1,-1,0
Chesterfield,2,0,2,2,2,2,1
Chesterfield,0,1,2,2,1,-1,0
Chesterfield,0,2,2,2,2,-2,0
Chesterfield,1,1,2,2,2,0,0.5
Chesterfield,0,1,2,2,1,-1,0
Chesterfield,4,1,2,2,5,3,1
Gainsborough Trinity,0,2,2,2,2,-2,0
Gainsborough Trinity,4,2,2,2,6,2,1
Gainsborough Trinity,3,1,2,2,4,2,1
Gainsborough Trinity,3,1,2,2,4,2,1
Gainsborough Trinity,3,0,2,2,3,3,1
Gainsborough Trinity,3,1,2,2,4,2,1
Gainsborough Trinity,1,2,2,2,3,-1,0
Gainsborough Trinity,1,2,2,2,3,-1,0
Gainsborough Trinity,1,0,2,2,1,1,1
Gainsborough Trinity,0,1,2,2,1,-1,0
Gainsborough Trinity,4,2,2,2,6,2,1
Gainsborough Trinity,4,0,2,2,4,4,1
Gainsborough Trinity,0,0,2,2,0,0,0.5
Gainsborough Trinity,0,1,2,2,1,-1,0
Gainsborough Trinity,3,0,2,2,3,3,1
Gainsborough Trinity,2,0,2,2,2,2,1
Gainsborough Trinity,2,2,2,2,4,0,0.5
Glossop North End,1,3,2,2,4,-2,0
Glossop North End,7,0,2,2,7,7,1
Glossop North End,0,1,2,2,1,-1,0
Glossop North End,3,3,2,2,6,0,0.5
Glossop North End,2,0,2,2,2,2,1
Glossop North End,1,1,2,2,2,0,0.5
Glossop North End,6,2,2,2,8,4,1
Glossop North End,0,1,2,2,1,-1,0
Glossop North End,0,2,2,2,2,-2,0
Glossop North End,0,2,2,2,2,-2,0
Glossop North End,1,1,2,2,2,0,0.5
Glossop North End,5,0,2,2,5,5,1
Glossop North End,5,0,2,2,5,5,1
Glossop North End,0,5,2,2,5,-5,0
Glossop North End,4,1,2,2,5,3,1
Glossop North End,2,2,2,2,4,0,0.5
Glossop North End,5,1,2,2,6,4,1
Grimsby Town,2,2,2,2,4,0,0.5
Grimsby Town,5,1,2,2,6,4,1
Grimsby Town,4,0,2,2,4,4,1
Grimsby Town,0,0,2,2,0,0,0.5
Grimsby Town,2,0,2,2,2,2,1
Grimsby Town,2,0,2,2,2,2,1
Grimsby Town,0,0,2,2,0,0,0.5
Grimsby Town,4,0,2,2,4,4,1
Grimsby Town,1,0,2,2,1,1,1
Grimsby Town,3,1,2,2,4,2,1
Grimsby Town,2,0,2,2,2,2,1
Grimsby Town,4,3,2,2,7,1,1
Grimsby Town,1,1,2,2,2,0,0.5
Grimsby Town,3,1,2,2,4,2,1
Grimsby Town,3,1,2,2,4,2,1
Grimsby Town,1,1,2,2,2,0,0.5
Grimsby Town,2,1,2,2,3,1,1
Leicester City,0,0,2,2,0,0,0.5
Leicester City,2,0,2,2,2,2,1
Leicester City,5,1,2,2,6,4,1
Leicester City,2,2,2,2,4,0,0.5
Leicester City,1,2,2,2,3,-1,0
Leicester City,1,0,2,2,1,1,1
Leicester City,0,0,2,2,0,0,0.5
Leicester City,1,3,2,2,4,-2,0
Leicester City,0,0,2,2,0,0,0.5
Leicester City,2,2,2,2,4,0,0.5
Leicester City,4,2,2,2,6,2,1
Leicester City,1,1,2,2,2,0,0.5
Leicester City,2,2,2,2,4,0,0.5
Leicester City,0,1,2,2,1,-1,0
Leicester City,1,1,2,2,2,0,0.5
Leicester City,1,4,2,2,5,-3,0
Leicester City,3,0,2,2,3,3,1
Lincoln City,0,2,2,2,2,-2,0
Lincoln City,0,0,2,2,0,0,0.5
Lincoln City,0,0,2,2,0,0,0.5
Lincoln City,1,0,2,2,1,1,1
Lincoln City,1,0,2,2,1,1,1
Lincoln City,2,6,2,2,8,-4,0
Lincoln City,3,1,2,2,4,2,1
Lincoln City,1,0,2,2,1,1,1
Lincoln City,0,2,2,2,2,-2,0
Lincoln City,0,1,2,2,1,-1,0
Lincoln City,3,1,2,2,4,2,1
Lincoln City,2,1,2,2,3,1,1
Lincoln City,6,1,2,2,7,5,1
Lincoln City,0,0,2,2,0,0,0.5
Lincoln City,3,2,2,2,5,1,1
Lincoln City,0,0,2,2,0,0,0.5
Lincoln City,3,1,2,2,4,2,1
Manchester United,1,0,2,2,1,1,1
Manchester United,4,0,2,2,4,4,1
Manchester United,3,1,2,2,4,2,1
Manchester United,0,0,2,2,0,0,0.5
Manchester United,3,1,2,2,4,2,1
Manchester United,2,2,2,2,4,0,0.5
Manchester United,3,1,2,2,4,2,1
Manchester United,2,0,2,2,2,2,1
Manchester United,3,1,2,2,4,2,1
Manchester United,4,2,2,2,6,2,1
Manchester United,3,1,2,2,4,2,1
Manchester United,2,0,2,2,2,2,1
Manchester United,5,2,2,2,7,3,1
Manchester United,2,0,2,2,2,2,1
Manchester United,2,0,2,2,2,2,1
Manchester United,0,2,2,2,2,-2,0
Manchester United,3,1,2,2,4,2,1
Port Vale,2,3,2,2,5,-1,0
Port Vale,3,0,2,2,3,3,1
Port Vale,5,0,2,2,5,5,1
Port Vale,2,3,2,2,5,-1,0
Port Vale,5,2,2,2,7,3,1
Port Vale,3,1,2,2,4,2,1
Port Vale,2,2,2,2,4,0,0.5
Port Vale,3,1,2,2,4,2,1
Port Vale,3,0,2,2,3,3,1
Port Vale,3,0,2,2,3,3,1
Port Vale,1,1,2,2,2,0,0.5
Port Vale,1,2,2,2,3,-1,0
Port Vale,6,2,2,2,8,4,1
Port Vale,2,2,2,2,4,0,0.5
Port Vale,1,0,2,2,1,1,1
Port Vale,0,1,2,2,1,-1,0
Port Vale,2,0,2,2,2,2,1
Preston North End,0,0,2,2,0,0,0.5
Preston North End,1,1,2,2,2,0,0.5
Preston North End,1,0,2,2,1,1,1
Preston North End,3,1,2,2,4,2,1
Preston North End,4,0,2,2,4,4,1
Preston North End,3,0,2,2,3,3,1
Preston North End,2,0,2,2,2,2,1
Preston North End,4,0,2,2,4,4,1
Preston North End,2,1,2,2,3,1,1
Preston North End,2,0,2,2,2,2,1
Preston North End,3,0,2,2,3,3,1
Preston North End,2,0,2,2,2,2,1
Preston North End,4,3,2,2,7,1,1
Preston North End,2,1,2,2,3,1,1
Preston North End,1,1,2,2,2,0,0.5
Preston North End,3,1,2,2,4,2,1
Preston North End,1,1,2,2,2,0,0.5
Stockport County,0,0,2,2,0,0,0.5
Stockport County,2,2,2,2,4,0,0.5
Stockport County,2,1,2,2,3,1,1
Stockport County,3,2,2,2,5,1,1
Stockport County,2,0,2,2,2,2,1
Stockport County,1,1,2,2,2,0,0.5
Stockport County,2,2,2,2,4,0,0.5
Stockport County,1,1,2,2,2,0,0.5
Stockport County,2,0,2,2,2,2,1
Stockport County,1,4,2,2,5,-3,0
Stockport County,3,0,2,2,3,3,1
Stockport County,1,1,2,2,2,0,0.5
Stockport County,2,0,2,2,2,2,1
Stockport County,4,0,2,2,4,4,1
Stockport County,0,3,2,2,3,-3,0
Stockport County,1,1,2,2,2,0,0.5
Stockport County,1,5,2,2,6,-4,0
Arsenal,1,0,1,1,1,1,1
Arsenal,1,1,1,1,2,0,0.5
Arsenal,2,0,1,1,2,2,1
Arsenal,2,1,1,1,3,1,1
Arsenal,0,0,1,1,0,0,0.5
Arsenal,2,1,1,1,3,1,1
Arsenal,1,0,1,1,1,1,1
Arsenal,1,1,1,1,2,0,0.5
Arsenal,0,2,1,1,2,-2,0
Arsenal,0,3,1,1,3,-3,0
Arsenal,1,2,1,1,3,-1,0
Arsenal,0,0,1,1,0,0,0.5
Arsenal,1,0,1,1,1,1,1
Arsenal,3,0,1,1,3,3,1
Arsenal,2,1,1,1,3,1,1
Arsenal,0,0,1,1,0,0,0.5
Arsenal,2,0,1,1,2,2,1
Aston Villa,3,1,1,1,4,2,1
Aston Villa,2,1,1,1,3,1,1
Aston Villa,3,0,1,1,3,3,1
Aston Villa,2,0,1,1,2,2,1
Aston Villa,0,2,1,1,2,-2,0
Aston Villa,1,0,1,1,1,1,1
Aston Villa,3,2,1,1,5,1,1
Aston Villa,0,0,1,1,0,0,0.5
Aston Villa,0,1,1,1,1,-1,0
Aston Villa,2,0,1,1,2,2,1
Aston Villa,4,2,1,1,6,2,1
Aston Villa,1,2,1,1,3,-1,0
Aston Villa,3,0,1,1,3,3,1
Aston Villa,0,2,1,1,2,-2,0
Aston Villa,3,0,1,1,3,3,1
Aston Villa,2,2,1,1,4,0,0.5
Aston Villa,3,0,1,1,3,3,1
Birmingham City,2,1,1,1,3,1,1
Birmingham City,0,3,1,1,3,-3,0
Birmingham City,2,0,1,1,2,2,1
Birmingham City,5,0,1,1,5,5,1
Birmingham City,2,0,1,1,2,2,1
Birmingham City,1,2,1,1,3,-1,0
Birmingham City,3,1,1,1,4,2,1
Birmingham City,2,1,1,1,3,1,1
Birmingham City,2,1,1,1,3,1,1
Birmingham City,1,2,1,1,3,-1,0
Birmingham City,1,2,1,1,3,-1,0
Birmingham City,2,0,1,1,2,2,1
Birmingham City,2,0,1,1,2,2,1
Birmingham City,2,1,1,1,3,1,1
Birmingham City,0,1,1,1,1,-1,0
Birmingham City,1,1,1,1,2,0,0.5
Birmingham City,4,1,1,1,5,3,1
Blackburn Rovers,1,1,1,1,2,0,0.5
Blackburn Rovers,4,0,1,1,4,4,1
Blackburn Rovers,1,4,1,1,5,-3,0
Blackburn Rovers,0,2,1,1,2,-2,0
Blackburn Rovers,3,1,1,1,4,2,1
Blackburn Rovers,1,0,1,1,1,1,1
Blackburn Rovers,3,1,1,1,4,2,1
Blackburn Rovers,0,2,1,1,2,-2,0
Blackburn Rovers,2,0,1,1,2,2,1
Blackburn Rovers,0,0,1,1,0,0,0.5
Blackburn Rovers,1,0,1,1,1,1,1
Blackburn Rovers,1,1,1,1,2,0,0.5
Blackburn Rovers,2,4,1,1,6,-2,0
Blackburn Rovers,0,1,1,1,1,-1,0
Blackburn Rovers,4,0,1,1,4,4,1
Blackburn Rovers,2,1,1,1,3,1,1
Blackburn Rovers,3,0,1,1,3,3,1
Bury,1,1,1,1,2,0,0.5
Bury,2,3,1,1,5,-1,0
Bury,1,1,1,1,2,0,0.5
Bury,0,2,1,1,2,-2,0
Bury,2,0,1,1,2,2,1
Bury,1,2,1,1,3,-1,0
Bury,2,4,1,1,6,-2,0
Bury,1,0,1,1,1,1,1
Bury,2,4,1,1,6,-2,0
Bury,5,1,1,1,6,4,1
Bury,2,0,1,1,2,2,1
Bury,0,1,1,1,1,-1,0
Bury,7,1,1,1,8,6,1
Bury,1,4,1,1,5,-3,0
Bury,3,1,1,1,4,2,1
Bury,1,0,1,1,1,1,1
Bury,3,1,1,1,4,2,1
Derby County,0,0,1,1,0,0,0.5
Derby County,0,2,1,1,2,-2,0
Derby County,3,0,1,1,3,3,1
Derby County,1,1,1,1,2,0,0.5
Derby County,3,2,1,1,5,1,1
Derby County,1,2,1,1,3,-1,0
Derby County,0,1,1,1,1,-1,0
Derby County,4,2,1,1,6,2,1
Derby County,1,1,1,1,2,0,0.5
Derby County,3,2,1,1,5,1,1
Derby County,1,1,1,1,2,0,0.5
Derby County,3,1,1,1,4,2,1
Derby County,2,3,1,1,5,-1,0
Derby County,1,0,1,1,1,1,1
Derby County,3,0,1,1,3,3,1
Derby County,1,0,1,1,1,1,1
Derby County,2,1,1,1,3,1,1
Everton,1,0,1,1,1,1,1
Everton,3,2,1,1,5,1,1
Everton,2,1,1,1,3,1,1
Everton,1,0,1,1,1,1,1
Everton,2,0,1,1,2,2,1
Everton,0,0,1,1,0,0,0.5
Everton,0,0,1,1,0,0,0.5
Everton,1,0,1,1,1,1,1
Everton,2,1,1,1,3,1,1
Everton,5,1,1,1,6,4,1
Everton,5,1,1,1,6,4,1
Everton,1,0,1,1,1,1,1
Everton,2,0,1,1,2,2,1
Everton,5,2,1,1,7,3,1
Everton,4,1,1,1,5,3,1
Everton,0,1,1,1,1,-1,0
Everton,2,1,1,1,3,1,1
Manchester City,1,0,1,1,1,1,1
Manchester City,2,1,1,1,3,1,1
Manchester City,2,1,1,1,3,1,1
Manchester City,2,1,1,1,3,1,1
Manchester City,3,2,1,1,5,1,1
Manchester City,6,0,1,1,6,6,1
Manchester City,2,0,1,1,2,2,1
Manchester City,3,2,1,1,5,1,1
Manchester City,3,2,1,1,5,1,1
Manchester City,1,1,1,1,2,0,0.5
Manchester City,2,1,1,1,3,1,1
Manchester City,6,1,1,1,7,5,1
Manchester City,1,1,1,1,2,0,0.5
Manchester City,1,1,1,1,2,0,0.5
Manchester City,1,0,1,1,1,1,1
Manchester City,5,2,1,1,7,3,1
Manchester City,5,1,1,1,6,4,1
Middlesbrough,1,0,1,1,1,1,1
Middlesbrough,3,1,1,1,4,2,1
Middlesbrough,0,1,1,1,1,-1,0
Middlesbrough,2,1,1,1,3,1,1
Middlesbrough,2,2,1,1,4,0,0.5
Middlesbrough,2,0,1,1,2,2,1
Middlesbrough,1,0,1,1,1,1,1
Middlesbrough,0,1,1,1,1,-1,0
Middlesbrough,0,3,1,1,3,-3,0
Middlesbrough,0,0,1,1,0,0,0.5
Middlesbrough,2,5,1,1,7,-3,0
Middlesbrough,1,1,1,1,2,0,0.5
Middlesbrough,0,1,1,1,1,-1,0
Middlesbrough,1,3,1,1,4,-2,0
Middlesbrough,2,1,1,1,3,1,1
Middlesbrough,1,3,1,1,4,-2,0
Middlesbrough,3,1,1,1,4,2,1
Newcastle United,3,0,1,1,3,3,1
Newcastle United,2,0,1,1,2,2,1
Newcastle United,0,1,1,1,1,-1,0
Newcastle United,1,0,1,1,1,1,1
Newcastle United,3,1,1,1,4,2,1
Newcastle United,2,0,1,1,2,2,1
Newcastle United,3,2,1,1,5,1,1
Newcastle United,2,0,1,1,2,2,1
Newcastle United,3,0,1,1,3,3,1
Newcastle United,5,1,1,1,6,4,1
Newcastle United,1,0,1,1,1,1,1
Newcastle United,1,0,1,1,1,1,1
Newcastle United,1,1,1,1,2,0,0.5
Newcastle United,6,2,1,1,8,4,1
Newcastle United,4,1,1,1,5,3,1
Newcastle United,1,3,1,1,4,-2,0
Newcastle United,3,0,1,1,3,3,1
Nottingham Forest,0,3,1,1,3,-3,0
Nottingham Forest,1,1,1,1,2,0,0.5
Nottingham Forest,0,2,1,1,2,-2,0
Nottingham Forest,5,2,1,1,7,3,1
Nottingham Forest,5,1,1,1,6,4,1
Nottingham Forest,0,1,1,1,1,-1,0
Nottingham Forest,0,2,1,1,2,-2,0
Nottingham Forest,2,1,1,1,3,1,1
Nottingham Forest,1,1,1,1,2,0,0.5
Nottingham Forest,1,3,1,1,4,-2,0
Nottingham Forest,2,1,1,1,3,1,1
Nottingham Forest,0,1,1,1,1,-1,0
Nottingham Forest,1,2,1,1,3,-1,0
Nottingham Forest,2,1,1,1,3,1,1
Nottingham Forest,0,1,1,1,1,-1,0
Nottingham Forest,2,3,1,1,5,-1,0
Nottingham Forest,2,2,1,1,4,0,0.5
Notts County,1,5,1,1,6,-4,0
Notts County,1,2,1,1,3,-1,0
Notts County,0,0,1,1,0,0,0.5
Notts County,2,1,1,1,3,1,1
Notts County,0,1,1,1,1,-1,0
Notts County,0,0,1,1,0,0,0.5
Notts County,1,2,1,1,3,-1,0
Notts County,1,1,1,1,2,0,0.5
Notts County,0,0,1,1,0,0,0.5
Notts County,0,3,1,1,3,-3,0
Notts County,1,2,1,1,3,-1,0
Notts County,1,3,1,1,4,-2,0
Notts County,1,5,1,1,6,-4,0
Notts County,2,2,1,1,4,0,0.5
Notts County,0,0,1,1,0,0,0.5
Notts County,2,2,1,1,4,0,0.5
Notts County,3,4,1,1,7,-1,0
Preston North End,3,0,1,1,3,3,1
Preston North End,2,3,1,1,5,-1,0
Preston North End,2,2,1,1,4,0,0.5
Preston North End,0,0,1,1,0,0,0.5
Preston North End,0,0,1,1,0,0,0.5
Preston North End,2,0,1,1,2,2,1
Preston North End,1,1,1,1,2,0,0.5
Preston North End,0,1,1,1,1,-1,0
Preston North End,2,0,1,1,2,2,1
Preston North End,1,0,1,1,1,1,1
Preston North End,0,1,1,1,1,-1,0
Preston North End,3,1,1,1,4,2,1
Preston North End,4,0,1,1,4,4,1
Preston North End,1,0,1,1,1,1,1
Preston North End,2,1,1,1,3,1,1
Preston North End,3,1,1,1,4,2,1
Preston North End,2,2,1,1,4,0,0.5
Sheffield United,4,0,1,1,4,4,1
Sheffield United,0,3,1,1,3,-3,0
Sheffield United,2,1,1,1,3,1,1
Sheffield United,3,1,1,1,4,2,1
Sheffield United,4,0,1,1,4,4,1
Sheffield United,3,1,1,1,4,2,1
Sheffield United,1,0,1,1,1,1,1
Sheffield United,0,3,1,1,3,-3,0
Sheffield United,0,1,1,1,1,-1,0
Sheffield United,1,3,1,1,4,-2,0
Sheffield United,4,0,1,1,4,4,1
Sheffield United,2,1,1,1,3,1,1
Sheffield United,1,0,1,1,1,1,1
Sheffield United,4,2,1,1,6,2,1
Sheffield United,5,2,1,1,7,3,1
Sheffield United,1,0,1,1,1,1,1
Sheffield United,4,2,1,1,6,2,1
Sheffield Wednesday,0,3,1,1,3,-3,0
Sheffield Wednesday,3,2,1,1,5,1,1
Sheffield Wednesday,3,1,1,1,4,2,1
Sheffield Wednesday,1,2,1,1,3,-1,0
Sheffield Wednesday,4,0,1,1,4,4,1
Sheffield Wednesday,1,1,1,1,2,0,0.5
Sheffield Wednesday,5,5,1,1,10,0,0.5
Sheffield Wednesday,2,1,1,1,3,1,1
Sheffield Wednesday,5,0,1,1,5,5,1
Sheffield Wednesday,1,3,1,1,4,-2,0
Sheffield Wednesday,2,0,1,1,2,2,1
Sheffield Wednesday,1,0,1,1,1,1,1
Sheffield Wednesday,2,0,1,1,2,2,1
Sheffield Wednesday,1,3,1,1,4,-2,0
Sheffield Wednesday,3,0,1,1,3,3,1
Sheffield Wednesday,1,1,1,1,2,0,0.5
Sheffield Wednesday,4,0,1,1,4,4,1
Stoke City,2,0,1,1,2,2,1
Stoke City,1,4,1,1,5,-3,0
Stoke City,1,0,1,1,1,1,1
Stoke City,4,0,1,1,4,4,1
Stoke City,2,0,1,1,2,2,1
Stoke City,1,2,1,1,3,-1,0
Stoke City,2,2,1,1,4,0,0.5
Stoke City,1,0,1,1,1,1,1
Stoke City,3,1,1,1,4,2,1
Stoke City,1,0,1,1,1,1,1
Stoke City,0,0,1,1,0,0,0.5
Stoke City,0,2,1,1,2,-2,0
Stoke City,1,1,1,1,2,0,0.5
Stoke City,2,1,1,1,3,1,1
Stoke City,2,1,1,1,3,1,1
Stoke City,1,3,1,1,4,-2,0
Stoke City,2,1,1,1,3,1,1
Sunderland,1,1,1,1,2,0,0.5
Sunderland,2,3,1,1,5,-1,0
Sunderland,1,4,1,1,5,-3,0
Sunderland,2,1,1,1,3,1,1
Sunderland,2,1,1,1,3,1,1
Sunderland,3,0,1,1,3,3,1
Sunderland,2,3,1,1,5,-1,0
Sunderland,0,0,1,1,0,0,0.5
Sunderland,1,1,1,1,2,0,0.5
Sunderland,3,1,1,1,4,2,1
Sunderland,1,0,1,1,1,1,1
Sunderland,5,0,1,1,5,5,1
Sunderland,3,2,1,1,5,1,1
Sunderland,2,1,1,1,3,1,1
Sunderland,3,0,1,1,3,3,1
Sunderland,3,1,1,1,4,2,1
Sunderland,3,0,1,1,3,3,1
Wolverhampton Wanderers,4,1,1,1,5,3,1
Wolverhampton Wanderers,1,1,1,1,2,0,0.5
Wolverhampton Wanderers,0,1,1,1,1,-1,0
Wolverhampton Wanderers,2,0,1,1,2,2,1
Wolverhampton Wanderers,2,0,1,1,2,2,1
Wolverhampton Wanderers,2,0,1,1,2,2,1
Wolverhampton Wanderers,0,3,1,1,3,-3,0
Wolverhampton Wanderers,0,3,1,1,3,-3,0
Wolverhampton Wanderers,5,3,1,1,8,2,1
Wolverhampton Wanderers,1,3,1,1,4,-2,0
Wolverhampton Wanderers,3,2,1,1,5,1,1
Wolverhampton Wanderers,3,1,1,1,4,2,1
Wolverhampton Wanderers,0,0,1,1,0,0,0.5
Wolverhampton Wanderers,4,2,1,1,6,2,1
Wolverhampton Wanderers,1,0,1,1,1,1,1
Wolverhampton Wanderers,1,3,1,1,4,-2,0
Wolverhampton Wanderers,1,0,1,1,1,1,1
Barnsley,2,1,2,2,3,1,1
Barnsley,2,1,2,2,3,1,1
Barnsley,1,0,2,2,1,1,1
Barnsley,1,0,2,2,1,1,1
Barnsley,1,2,2,2,3,-1,0
Barnsley,7,0,2,2,7,7,1
Barnsley,1,0,2,2,1,1,1
Barnsley,2,1,2,2,3,1,1
Barnsley,2,1,2,2,3,1,1
Barnsley,0,0,2,2,0,0,0.5
Barnsley,2,2,2,2,4,0,0.5
Barnsley,2,1,2,2,3,1,1
Barnsley,2,1,2,2,3,1,1
Barnsley,0,2,2,2,2,-2,0
Barnsley,0,0,2,2,0,0,0.5
Barnsley,3,0,2,2,3,3,1
Barnsley,1,1,2,2,2,0,0.5
Blackpool,6,0,2,2,6,6,1
Blackpool,0,2,2,2,2,-2,0
Blackpool,2,0,2,2,2,2,1
Blackpool,2,4,2,2,6,-2,0
Blackpool,2,0,2,2,2,2,1
Blackpool,1,0,2,2,1,1,1
Blackpool,1,1,2,2,2,0,0.5
Blackpool,1,0,2,2,1,1,1
Blackpool,2,2,2,2,4,0,0.5
Blackpool,4,1,2,2,5,3,1
Blackpool,1,1,2,2,2,0,0.5
Blackpool,0,0,2,2,0,0,0.5
Blackpool,1,0,2,2,1,1,1
Blackpool,0,3,2,2,3,-3,0
Blackpool,0,1,2,2,1,-1,0
Blackpool,3,0,2,2,3,3,1
Blackpool,0,0,2,2,0,0,0.5
Bolton Wanderers,2,1,2,2,3,1,1
Bolton Wanderers,3,0,2,2,3,3,1
Bolton Wanderers,2,0,2,2,2,2,1
Bolton Wanderers,3,1,2,2,4,2,1
Bolton Wanderers,4,0,2,2,4,4,1
Bolton Wanderers,7,1,2,2,8,6,1
Bolton Wanderers,4,3,2,2,7,1,1
Bolton Wanderers,2,0,2,2,2,2,1
Bolton Wanderers,5,1,2,2,6,4,1
Bolton Wanderers,4,0,2,2,4,4,1
Bolton Wanderers,4,1,2,2,5,3,1
Bolton Wanderers,0,1,2,2,1,-1,0
Bolton Wanderers,4,1,2,2,5,3,1
Bolton Wanderers,2,0,2,2,2,2,1
Bolton Wanderers,2,4,2,2,6,-2,0
Bolton Wanderers,3,1,2,2,4,2,1
Bolton Wanderers,2,1,2,2,3,1,1
Bradford City,1,2,2,2,3,-1,0
Bradford City,3,1,2,2,4,2,1
Bradford City,2,1,2,2,3,1,1
Bradford City,2,3,2,2,5,-1,0
Bradford City,4,1,2,2,5,3,1
Bradford City,3,1,2,2,4,2,1
Bradford City,0,1,2,2,1,-1,0
Bradford City,4,1,2,2,5,3,1
Bradford City,3,1,2,2,4,2,1
Bradford City,1,1,2,2,2,0,0.5
Bradford City,0,0,2,2,0,0,0.5
Bradford City,0,0,2,2,0,0,0.5
Bradford City,0,0,2,2,0,0,0.5
Bradford City,2,4,2,2,6,-2,0
Bradford City,1,1,2,2,2,0,0.5
Bradford City,2,1,2,2,3,1,1
Bradford City,3,1,2,2,4,2,1
Bristol City,3,0,2,2,3,3,1
Bristol City,2,0,2,2,2,2,1
Bristol City,3,4,2,2,7,-1,0
Bristol City,1,0,2,2,1,1,1
Bristol City,0,0,2,2,0,0,0.5
Bristol City,5,0,2,2,5,5,1
Bristol City,2,1,2,2,3,1,1
Bristol City,4,1,2,2,5,3,1
Bristol City,1,1,2,2,2,0,0.5
Bristol City,2,0,2,2,2,2,1
Bristol City,5,0,2,2,5,5,1
Bristol City,3,0,2,2,3,3,1
Bristol City,2,0,2,2,2,2,1
Bristol City,0,1,2,2,1,-1,0
Bristol City,1,1,2,2,2,0,0.5
Bristol City,4,2,2,2,6,2,1
Bristol City,2,1,2,2,3,1,1
Burnley,3,0,2,2,3,3,1
Burnley,0,1,2,2,1,-1,0
Burnley,0,1,2,2,1,-1,0
Burnley,2,1,2,2,3,1,1
Burnley,2,3,2,2,5,-1,0
Burnley,1,1,2,2,2,0,0.5
Burnley,2,0,2,2,2,2,1
Burnley,4,3,2,2,7,1,1
Burnley,1,3,2,2,4,-2,0
Burnley,3,1,2,2,4,2,1
Burnley,1,0,2,2,1,1,1
Burnley,2,0,2,2,2,2,1
Burnley,2,1,2,2,3,1,1
Burnley,0,2,2,2,2,-2,0
Burnley,2,0,2,2,2,2,1
Burnley,5,0,2,2,5,5,1
Burnley,1,4,2,2,5,-3,0
Burton United,1,2,2,2,3,-1,0
Burton United,0,0,2,2,0,0,0.5
Burton United,0,1,2,2,1,-1,0
Burton United,1,0,2,2,1,1,1
Burton United,2,0,2,2,2,2,1
Burton United,3,1,2,2,4,2,1
Burton United,0,3,2,2,3,-3,0
Burton United,1,0,2,2,1,1,1
Burton United,1,3,2,2,4,-2,0
Burton United,2,2,2,2,4,0,0.5
Burton United,1,0,2,2,1,1,1
Burton United,0,3,2,2,3,-3,0
Burton United,2,1,2,2,3,1,1
Burton United,2,1,2,2,3,1,1
Burton United,2,3,2,2,5,-1,0
Burton United,2,3,2,2,5,-1,0
Burton United,0,6,2,2,6,-6,0
Chesterfield,2,0,2,2,2,2,1
Chesterfield,2,0,2,2,2,2,1
Chesterfield,1,0,2,2,1,1,1
Chesterfield,0,0,2,2,0,0,0.5
Chesterfield,0,3,2,2,3,-3,0
Chesterfield,1,1,2,2,2,0,0.5
Chesterfield,6,0,2,2,6,6,1
Chesterfield,4,1,2,2,5,3,1
Chesterfield,3,2,2,2,5,1,1
Chesterfield,1,2,2,2,3,-1,0
Chesterfield,0,0,2,2,0,0,0.5
Chesterfield,0,0,2,2,0,0,0.5
Chesterfield,0,0,2,2,0,0,0.5
Chesterfield,1,1,2,2,2,0,0.5
Chesterfield,2,0,2,2,2,2,1
Chesterfield,2,1,2,2,3,1,1
Chesterfield,1,0,2,2,1,1,1
Doncaster Rovers,2,0,2,2,2,2,1
Doncaster Rovers,0,0,2,2,0,0,0.5
Doncaster Rovers,0,4,2,2,4,-4,0
Doncaster Rovers,0,1,2,2,1,-1,0
Doncaster Rovers,0,2,2,2,2,-2,0
Doncaster Rovers,0,2,2,2,2,-2,0
Doncaster Rovers,1,3,2,2,4,-2,0
Doncaster Rovers,0,2,2,2,2,-2,0
Doncaster Rovers,1,5,2,2,6,-4,0
Doncaster Rovers,2,1,2,2,3,1,1
Doncaster Rovers,0,2,2,2,2,-2,0
Doncaster Rovers,3,0,2,2,3,3,1
Doncaster Rovers,0,2,2,2,2,-2,0
Doncaster Rovers,1,4,2,2,5,-3,0
Doncaster Rovers,0,1,2,2,1,-1,0
Doncaster Rovers,2,2,2,2,4,0,0.5
Doncaster Rovers,0,1,2,2,1,-1,0
Gainsborough Trinity,4,0,2,2,4,4,1
Gainsborough Trinity,1,1,2,2,2,0,0.5
Gainsborough Trinity,0,4,2,2,4,-4,0
Gainsborough Trinity,3,2,2,2,5,1,1
Gainsborough Trinity,4,1,2,2,5,3,1
Gainsborough Trinity,3,1,2,2,4,2,1
Gainsborough Trinity,2,0,2,2,2,2,1
Gainsborough Trinity,1,1,2,2,2,0,0.5
Gainsborough Trinity,2,0,2,2,2,2,1
Gainsborough Trinity,0,0,2,2,0,0,0.5
Gainsborough Trinity,2,1,2,2,3,1,1
Gainsborough Trinity,2,0,2,2,2,2,1
Gainsborough Trinity,2,0,2,2,2,2,1
Gainsborough Trinity,1,2,2,2,3,-1,0
Gainsborough Trinity,0,0,2,2,0,0,0.5
Gainsborough Trinity,1,0,2,2,1,1,1
Gainsborough Trinity,4,2,2,2,6,2,1
Glossop North End,5,0,2,2,5,5,1
Glossop North End,0,0,2,2,0,0,0.5
Glossop North End,1,2,2,2,3,-1,0
Glossop North End,3,1,2,2,4,2,1
Glossop North End,0,1,2,2,1,-1,0
Glossop North End,0,0,2,2,0,0,0.5
Glossop North End,1,1,2,2,2,0,0.5
Glossop North End,0,1,2,2,1,-1,0
Glossop North End,2,0,2,2,2,2,1
Glossop North End,3,1,2,2,4,2,1
Glossop North End,2,0,2,2,2,2,1
Glossop North End,0,0,2,2,0,0,0.5
Glossop North End,3,2,2,2,5,1,1
Glossop North End,0,2,2,2,2,-2,0
Glossop North End,1,2,2,2,3,-1,0
Glossop North End,0,0,2,2,0,0,0.5
Glossop North End,2,1,2,2,3,1,1
Grimsby Town,0,0,2,2,0,0,0.5
Grimsby Town,2,0,2,2,2,2,1
Grimsby Town,2,2,2,2,4,0,0.5
Grimsby Town,0,2,2,2,2,-2,0
Grimsby Town,4,0,2,2,4,4,1
Grimsby Town,1,0,2,2,1,1,1
Grimsby Town,1,0,2,2,1,1,1
Grimsby Town,3,1,2,2,4,2,1
Grimsby Town,2,1,2,2,3,1,1
Grimsby Town,0,0,2,2,0,0,0.5
Grimsby Town,3,0,2,2,3,3,1
Grimsby Town,2,0,2,2,2,2,1
Grimsby Town,1,0,2,2,1,1,1
Grimsby Town,0,1,2,2,1,-1,0
Grimsby Town,0,1,2,2,1,-1,0
Grimsby Town,0,3,2,2,3,-3,0
Grimsby Town,1,3,2,2,4,-2,0
Leicester City,2,0,2,2,2,2,1
Leicester City,3,1,2,2,4,2,1
Leicester City,2,4,2,2,6,-2,0
Leicester City,1,2,2,2,3,-1,0
Leicester City,2,1,2,2,3,1,1
Leicester City,2,2,2,2,4,0,0.5
Leicester City,2,0,2,2,2,2,1
Leicester City,1,1,2,2,2,0,0.5
Leicester City,3,2,2,2,5,1,1
Leicester City,1,1,2,2,2,0,0.5
Leicester City,0,2,2,2,2,-2,0
Leicester City,5,1,2,2,6,4,1
Leicester City,0,1,2,2,1,-1,0
Leicester City,0,3,2,2,3,-3,0
Leicester City,0,3,2,2,3,-3,0
Leicester City,3,0,2,2,3,3,1
Leicester City,3,1,2,2,4,2,1
Lincoln City,2,0,2,2,2,2,1
Lincoln City,1,0,2,2,1,1,1
Lincoln City,0,2,2,2,2,-2,0
Lincoln City,1,1,2,2,2,0,0.5
Lincoln City,1,3,2,2,4,-2,0
Lincoln City,2,0,2,2,2,2,1
Lincoln City,3,1,2,2,4,2,1
Lincoln City,0,0,2,2,0,0,0.5
Lincoln City,3,0,2,2,3,3,1
Lincoln City,4,1,2,2,5,3,1
Lincoln City,3,0,2,2,3,3,1
Lincoln City,0,0,2,2,0,0,0.5
Lincoln City,5,1,2,2,6,4,1
Lincoln City,0,2,2,2,2,-2,0
Lincoln City,3,0,2,2,3,3,1
Lincoln City,3,3,2,2,6,0,0.5
Lincoln City,0,2,2,2,2,-2,0
Liverpool,2,1,2,2,3,1,1
Liverpool,5,0,2,2,5,5,1
Liverpool,1,1,2,2,2,0,0.5
Liverpool,4,1,2,2,5,3,1
Liverpool,3,1,2,2,4,2,1
Liverpool,3,0,2,2,3,3,1
Liverpool,2,0,2,2,2,2,1
Liverpool,6,1,2,2,7,5,1
Liverpool,1,0,2,2,1,1,1
Liverpool,6,1,2,2,7,5,1
Liverpool,2,2,2,2,4,0,0.5
Liverpool,5,0,2,2,5,5,1
Liverpool,4,0,2,2,4,4,1
Liverpool,1,1,2,2,2,0,0.5
Liverpool,4,0,2,2,4,4,1
Liverpool,8,1,2,2,9,7,1
Liverpool,3,2,2,2,5,1,1
Manchester United,4,0,2,2,4,4,1
Manchester United,3,1,2,2,4,2,1
Manchester United,1,2,2,2,3,-1,0
Manchester United,7,0,2,2,7,7,1
Manchester United,4,1,2,2,5,3,1
Manchester United,1,0,2,2,1,1,1
Manchester United,5,0,2,2,5,5,1
Manchester United,3,0,2,2,3,3,1
Manchester United,6,0,2,2,6,6,1
Manchester United,3,1,2,2,4,2,1
Manchester United,4,1,2,2,5,3,1
Manchester United,2,1,2,2,3,1,1
Manchester United,4,1,2,2,5,3,1
Manchester United,2,0,2,2,2,2,1
Manchester United,3,1,2,2,4,2,1
Manchester United,6,1,2,2,7,5,1
Manchester United,2,0,2,2,2,2,1
Port Vale,0,2,2,2,2,-2,0
Port Vale,2,2,2,2,4,0,0.5
Port Vale,1,2,2,2,3,-1,0
Port Vale,1,1,2,2,2,0,0.5
Port Vale,3,2,2,2,5,1,1
Port Vale,3,1,2,2,4,2,1
Port Vale,4,2,2,2,6,2,1
Port Vale,0,0,2,2,0,0,0.5
Port Vale,2,0,2,2,2,2,1
Port Vale,3,2,2,2,5,1,1
Port Vale,0,1,2,2,1,-1,0
Port Vale,2,0,2,2,2,2,1
Port Vale,1,3,2,2,4,-2,0
Port Vale,0,1,2,2,1,-1,0
Port Vale,1,2,2,2,3,-1,0
Port Vale,2,2,2,2,4,0,0.5
Port Vale,3,2,2,2,5,1,1
West Bromwich Albion,4,1,2,2,5,3,1
West Bromwich Albion,4,2,2,2,6,2,1
West Bromwich Albion,0,1,2,2,1,-1,0
West Bromwich Albion,0,2,2,2,2,-2,0
West Bromwich Albion,0,0,2,2,0,0,0.5
West Bromwich Albion,1,1,2,2,2,0,0.5
West Bromwich Albion,4,0,2,2,4,4,1
West Bromwich Albion,0,2,2,2,2,-2,0
West Bromwich Albion,6,1,2,2,7,5,1
West Bromwich Albion,4,3,2,2,7,1,1
West Bromwich Albion,1,0,2,2,1,1,1
West Bromwich Albion,0,2,2,2,2,-2,0
West Bromwich Albion,2,0,2,2,2,2,1
West Bromwich Albion,2,0,2,2,2,2,1
West Bromwich Albion,0,2,2,2,2,-2,0
West Bromwich Albion,0,2,2,2,2,-2,0
West Bromwich Albion,0,1,2,2,1,-1,0
Arsenal,2,1,1,1,3,1,1
Arsenal,5,0,1,1,5,5,1
Arsenal,3,2,1,1,5,1,1
Arsenal,0,0,1,1,0,0,0.5
Arsenal,4,0,1,1,4,4,1
Arsenal,1,0,1,1,1,1,1
Arsenal,1,2,1,1,3,-1,0
Arsenal,3,1,1,1,4,2,1
Arsenal,2,0,1,1,2,2,1
Arsenal,2,2,1,1,4,0,0.5
Arsenal,4,3,1,1,7,1,1
Arsenal,3,1,1,1,4,2,1
Arsenal,1,1,1,1,2,0,0.5
Arsenal,2,2,1,1,4,0,0.5
Arsenal,5,1,1,1,6,4,1
Arsenal,0,2,1,1,2,-2,0
Arsenal,1,2,1,1,3,-1,0
Arsenal,2,0,1,1,2,2,1
Arsenal,2,1,1,1,3,1,1
Aston Villa,2,1,1,1,3,1,1
Aston Villa,1,3,1,1,4,-2,0
Aston Villa,0,1,1,1,1,-1,0
Aston Villa,1,1,1,1,2,0,0.5
Aston Villa,3,3,1,1,6,0,0.5
Aston Villa,6,0,1,1,6,6,1
Aston Villa,4,0,1,1,4,4,1
Aston Villa,5,0,1,1,5,5,1
Aston Villa,2,1,1,1,3,1,1
Aston Villa,4,1,1,1,5,3,1
Aston Villa,0,3,1,1,3,-3,0
Aston Villa,3,1,1,1,4,2,1
Aston Villa,2,1,1,1,3,1,1
Aston Villa,0,1,1,1,1,-1,0
Aston Villa,4,1,1,1,5,3,1
Aston Villa,3,0,1,1,3,3,1
Aston Villa,3,0,1,1,3,3,1
Aston Villa,2,1,1,1,3,1,1
Aston Villa,6,0,1,1,6,6,1
Birmingham City,2,1,1,1,3,1,1
Birmingham City,2,0,1,1,2,2,1
Birmingham City,3,0,1,1,3,3,1
Birmingham City,2,5,1,1,7,-3,0
Birmingham City,0,3,1,1,3,-3,0
Birmingham City,3,1,1,1,4,2,1
Birmingham City,1,0,1,1,1,1,1
Birmingham City,1,0,1,1,1,1,1
Birmingham City,3,2,1,1,5,1,1
Birmingham City,7,0,1,1,7,7,1
Birmingham City,0,1,1,1,1,-1,0
Birmingham City,5,0,1,1,5,5,1
Birmingham City,4,2,1,1,6,2,1
Birmingham City,1,1,1,1,2,0,0.5
Birmingham City,2,0,1,1,2,2,1
Birmingham City,5,1,1,1,6,4,1
Birmingham City,2,0,1,1,2,2,1
Birmingham City,3,0,1,1,3,3,1
Birmingham City,3,3,1,1,6,0,0.5
Blackburn Rovers,2,0,1,1,2,2,1
Blackburn Rovers,1,1,1,1,2,0,0.5
Blackburn Rovers,5,1,1,1,6,4,1
Blackburn Rovers,4,1,1,1,5,3,1
Blackburn Rovers,3,0,1,1,3,3,1
Blackburn Rovers,3,0,1,1,3,3,1
Blackburn Rovers,1,2,1,1,3,-1,0
Blackburn Rovers,0,0,1,1,0,0,0.5
Blackburn Rovers,1,1,1,1,2,0,0.5
Blackburn Rovers,1,1,1,1,2,0,0.5
Blackburn Rovers,1,0,1,1,1,1,1
Blackburn Rovers,1,1,1,1,2,0,0.5
Blackburn Rovers,1,3,1,1,4,-2,0
Blackburn Rovers,1,2,1,1,3,-1,0
Blackburn Rovers,2,1,1,1,3,1,1
Blackburn Rovers,1,0,1,1,1,1,1
Blackburn Rovers,3,0,1,1,3,3,1
Blackburn Rovers,0,3,1,1,3,-3,0
Blackburn Rovers,3,1,1,1,4,2,1
Bolton Wanderers,6,1,1,1,7,5,1
Bolton Wanderers,4,1,1,1,5,3,1
Bolton Wanderers,0,1,1,1,1,-1,0
Bolton Wanderers,1,0,1,1,1,1,1
Bolton Wanderers,4,0,1,1,4,4,1
Bolton Wanderers,5,0,1,1,5,5,1
Bolton Wanderers,3,2,1,1,5,1,1
Bolton Wanderers,3,2,1,1,5,1,1
Bolton Wanderers,1,3,1,1,4,-2,0
Bolton Wanderers,2,1,1,1,3,1,1
Bolton Wanderers,1,1,1,1,2,0,0.5
Bolton Wanderers,6,0,1,1,6,6,1
Bolton Wanderers,2,0,1,1,2,2,1
Bolton Wanderers,1,2,1,1,3,-1,0
Bolton Wanderers,1,2,1,1,3,-1,0
Bolton Wanderers,1,0,1,1,1,1,1
Bolton Wanderers,1,2,1,1,3,-1,0
Bolton Wanderers,6,2,1,1,8,4,1
Bolton Wanderers,3,2,1,1,5,1,1
Bury,2,0,1,1,2,2,1
Bury,0,1,1,1,1,-1,0
Bury,1,0,1,1,1,1,1
Bury,5,0,1,1,5,5,1
Bury,2,1,1,1,3,1,1
Bury,0,2,1,1,2,-2,0
Bury,3,2,1,1,5,1,1
Bury,0,0,1,1,0,0,0.5
Bury,2,4,1,1,6,-2,0
Bury,1,1,1,1,2,0,0.5
Bury,1,4,1,1,5,-3,0
Bury,2,1,1,1,3,1,1
Bury,0,0,1,1,0,0,0.5
Bury,1,1,1,1,2,0,0.5
Bury,2,5,1,1,7,-3,0
Bury,2,2,1,1,4,0,0.5
Bury,3,0,1,1,3,3,1
Bury,3,1,1,1,4,2,1
Bury,0,1,1,1,1,-1,0
Derby County,5,1,1,1,6,4,1
Derby County,1,0,1,1,1,1,1
Derby County,0,0,1,1,0,0,0.5
Derby County,1,2,1,1,3,-1,0
Derby County,0,1,1,1,1,-1,0
Derby County,3,1,1,1,4,2,1
Derby County,0,0,1,1,0,0,0.5
Derby County,0,3,1,1,3,-3,0
Derby County,1,2,1,1,3,-1,0
Derby County,1,1,1,1,2,0,0.5
Derby County,2,1,1,1,3,1,1
Derby County,2,2,1,1,4,0,0.5
Derby County,1,1,1,1,2,0,0.5
Derby County,3,0,1,1,3,3,1
Derby County,1,0,1,1,1,1,1
Derby County,2,1,1,1,3,1,1
Derby County,1,0,1,1,1,1,1
Derby County,1,0,1,1,1,1,1
Derby County,2,0,1,1,2,2,1
Everton,0,1,1,1,1,-1,0
Everton,4,2,1,1,6,2,1
Everton,1,2,1,1,3,-1,0
Everton,3,2,1,1,5,1,1
Everton,3,1,1,1,4,2,1
Everton,1,2,1,1,3,-1,0
Everton,2,1,1,1,3,1,1
Everton,4,2,1,1,6,2,1
Everton,0,3,1,1,3,-3,0
Everton,4,1,1,1,5,3,1
Everton,1,2,1,1,3,-1,0
Everton,4,1,1,1,5,3,1
Everton,6,2,1,1,8,4,1
Everton,1,0,1,1,1,1,1
Everton,3,2,1,1,5,1,1
Everton,2,0,1,1,2,2,1
Everton,0,3,1,1,3,-3,0
Everton,3,1,1,1,4,2,1
Everton,2,2,1,1,4,0,0.5
Liverpool,3,0,1,1,3,3,1
Liverpool,3,0,1,1,3,3,1
Liverpool,2,0,1,1,2,2,1
Liverpool,1,3,1,1,4,-2,0
Liverpool,2,2,1,1,4,0,0.5
Liverpool,3,1,1,1,4,2,1
Liverpool,4,1,1,1,5,3,1
Liverpool,1,1,1,1,2,0,0.5
Liverpool,0,1,1,1,1,-1,0
Liverpool,6,1,1,1,7,5,1
Liverpool,3,0,1,1,3,3,1
Liverpool,4,1,1,1,5,3,1
Liverpool,2,0,1,1,2,2,1
Liverpool,1,1,1,1,2,0,0.5
Liverpool,3,1,1,1,4,2,1
Liverpool,2,1,1,1,3,1,1
Liverpool,3,1,1,1,4,2,1
Liverpool,2,0,1,1,2,2,1
Liverpool,4,0,1,1,4,4,1
Manchester City,1,2,1,1,3,-1,0
Manchester City,1,4,1,1,5,-3,0
Manchester City,4,1,1,1,5,3,1
Manchester City,1,1,1,1,2,0,0.5
Manchester City,3,1,1,1,4,2,1
Manchester City,5,2,1,1,7,3,1
Manchester City,1,2,1,1,3,-1,0
Manchester City,1,0,1,1,1,1,1
Manchester City,0,1,1,1,1,-1,0
Manchester City,4,0,1,1,4,4,1
Manchester City,1,4,1,1,5,-3,0
Manchester City,5,0,1,1,5,5,1
Manchester City,5,1,1,1,6,4,1
Manchester City,0,0,1,1,0,0,0.5
Manchester City,1,2,1,1,3,-1,0
Manchester City,2,1,1,1,3,1,1
Manchester City,2,0,1,1,2,2,1
Manchester City,5,1,1,1,6,4,1
Manchester City,4,0,1,1,4,4,1
Middlesbrough,2,0,1,1,2,2,1
Middlesbrough,1,2,1,1,3,-1,0
Middlesbrough,1,0,1,1,1,1,1
Middlesbrough,1,1,1,1,2,0,0.5
Middlesbrough,4,4,1,1,8,0,0.5
Middlesbrough,5,1,1,1,6,4,1
Middlesbrough,0,1,1,1,1,-1,0
Middlesbrough,0,0,1,1,0,0,0.5
Middlesbrough,1,5,1,1,6,-4,0
Middlesbrough,6,1,1,1,7,5,1
Middlesbrough,1,0,1,1,1,1,1
Middlesbrough,2,0,1,1,2,2,1
Middlesbrough,4,1,1,1,5,3,1
Middlesbrough,1,2,1,1,3,-1,0
Middlesbrough,0,1,1,1,1,-1,0
Middlesbrough,2,2,1,1,4,0,0.5
Middlesbrough,5,0,1,1,5,5,1
Middlesbrough,2,1,1,1,3,1,1
Middlesbrough,3,1,1,1,4,2,1
Newcastle United,1,1,1,1,2,0,0.5
Newcastle United,3,1,1,1,4,2,1
Newcastle United,2,2,1,1,4,0,0.5
Newcastle United,3,0,1,1,3,3,1
Newcastle United,2,1,1,1,3,1,1
Newcastle United,3,1,1,1,4,2,1
Newcastle United,0,1,1,1,1,-1,0
Newcastle United,4,2,1,1,6,2,1
Newcastle United,2,3,1,1,5,-1,0
Newcastle United,2,2,1,1,4,0,0.5
Newcastle United,4,1,1,1,5,3,1
Newcastle United,3,2,1,1,5,1,1
Newcastle United,3,1,1,1,4,2,1
Newcastle United,1,0,1,1,1,1,1
Newcastle United,2,1,1,1,3,1,1
Newcastle United,0,3,1,1,3,-3,0
Newcastle United,5,0,1,1,5,5,1
Newcastle United,1,1,1,1,2,0,0.5
Newcastle United,8,0,1,1,8,8,1
Nottingham Forest,3,1,1,1,4,2,1
Nottingham Forest,2,2,1,1,4,0,0.5
Nottingham Forest,2,1,1,1,3,1,1
Nottingham Forest,1,2,1,1,3,-1,0
Nottingham Forest,4,0,1,1,4,4,1
Nottingham Forest,3,2,1,1,5,1,1
Nottingham Forest,0,0,1,1,0,0,0.5
Nottingham Forest,4,3,1,1,7,1,1
Nottingham Forest,1,2,1,1,3,-1,0
Nottingham Forest,0,1,1,1,1,-1,0
Nottingham Forest,2,1,1,1,3,1,1
Nottingham Forest,2,1,1,1,3,1,1
Nottingham Forest,1,2,1,1,3,-1,0
Nottingham Forest,1,0,1,1,1,1,1
Nottingham Forest,4,1,1,1,5,3,1
Nottingham Forest,3,4,1,1,7,-1,0
Nottingham Forest,3,1,1,1,4,2,1
Nottingham Forest,1,2,1,1,3,-1,0
Nottingham Forest,3,1,1,1,4,2,1
Notts County,1,0,1,1,1,1,1
Notts County,2,1,1,1,3,1,1
Notts County,0,0,1,1,0,0,0.5
Notts County,1,1,1,1,2,0,0.5
Notts County,3,3,1,1,6,0,0.5
Notts County,2,2,1,1,4,0,0.5
Notts County,1,0,1,1,1,1,1
Notts County,0,0,1,1,0,0,0.5
Notts County,3,0,1,1,3,3,1
Notts County,3,0,1,1,3,3,1
Notts County,1,1,1,1,2,0,0.5
Notts County,1,0,1,1,1,1,1
Notts County,1,1,1,1,2,0,0.5
Notts County,2,2,1,1,4,0,0.5
Notts County,2,3,1,1,5,-1,0
Notts County,1,3,1,1,4,-2,0
Notts County,1,1,1,1,2,0,0.5
Notts County,4,1,1,1,5,3,1
Notts County,5,2,1,1,7,3,1
Preston North End,2,2,1,1,4,0,0.5
Preston North End,2,0,1,1,2,2,1
Preston North End,3,0,1,1,3,3,1
Preston North End,2,1,1,1,3,1,1
Preston North End,3,0,1,1,3,3,1
Preston North End,1,0,1,1,1,1,1
Preston North End,3,1,1,1,4,2,1
Preston North End,1,1,1,1,2,0,0.5
Preston North End,1,2,1,1,3,-1,0
Preston North End,2,0,1,1,2,2,1
Preston North End,2,1,1,1,3,1,1
Preston North End,0,0,1,1,0,0,0.5
Preston North End,3,1,1,1,4,2,1
Preston North End,4,1,1,1,5,3,1
Preston North End,1,1,1,1,2,0,0.5
Preston North End,0,1,1,1,1,-1,0
Preston North End,2,0,1,1,2,2,1
Preston North End,1,1,1,1,2,0,0.5
Preston North End,3,2,1,1,5,1,1
Sheffield United,3,1,1,1,4,2,1
Sheffield United,1,1,1,1,2,0,0.5
Sheffield United,3,0,1,1,3,3,1
Sheffield United,0,2,1,1,2,-2,0
Sheffield United,5,2,1,1,7,3,1
Sheffield United,1,1,1,1,2,0,0.5
Sheffield United,1,0,1,1,1,1,1
Sheffield United,3,2,1,1,5,1,1
Sheffield United,1,2,1,1,3,-1,0
Sheffield United,1,3,1,1,4,-2,0
Sheffield United,1,0,1,1,1,1,1
Sheffield United,2,0,1,1,2,2,1
Sheffield United,1,4,1,1,5,-3,0
Sheffield United,1,0,1,1,1,1,1
Sheffield United,0,0,1,1,0,0,0.5
Sheffield United,0,2,1,1,2,-2,0
Sheffield United,1,1,1,1,2,0,0.5
Sheffield United,4,1,1,1,5,3,1
Sheffield United,4,1,1,1,5,3,1
Sheffield Wednesday,4,2,1,1,6,2,1
Sheffield Wednesday,2,2,1,1,4,0,0.5
Sheffield Wednesday,4,2,1,1,6,2,1
Sheffield Wednesday,0,1,1,1,1,-1,0
Sheffield Wednesday,1,2,1,1,3,-1,0
Sheffield Wednesday,1,1,1,1,2,0,0.5
Sheffield Wednesday,1,0,1,1,1,1,1
Sheffield Wednesday,3,1,1,1,4,2,1
Sheffield Wednesday,3,2,1,1,5,1,1
Sheffield Wednesday,1,0,1,1,1,1,1
Sheffield Wednesday,3,0,1,1,3,3,1
Sheffield Wednesday,1,1,1,1,2,0,0.5
Sheffield Wednesday,1,0,1,1,1,1,1
Sheffield Wednesday,3,1,1,1,4,2,1
Sheffield Wednesday,1,1,1,1,2,0,0.5
Sheffield Wednesday,1,0,1,1,1,1,1
Sheffield Wednesday,2,0,1,1,2,2,1
Sheffield Wednesday,3,3,1,1,6,0,0.5
Sheffield Wednesday,5,1,1,1,6,4,1
Stoke City,2,1,1,1,3,1,1
Stoke City,0,1,1,1,1,-1,0
Stoke City,2,2,1,1,4,0,0.5
Stoke City,3,0,1,1,3,3,1
Stoke City,1,2,1,1,3,-1,0
Stoke City,4,2,1,1,6,2,1
Stoke City,2,2,1,1,4,0,0.5
Stoke City,2,2,1,1,4,0,0.5
Stoke City,2,1,1,1,3,1,1
Stoke City,0,0,1,1,0,0,0.5
Stoke City,1,1,1,1,2,0,0.5
Stoke City,1,0,1,1,1,1,1
Stoke City,4,0,1,1,4,4,1
Stoke City,3,0,1,1,3,3,1
Stoke City,3,0,1,1,3,3,1
Stoke City,2,1,1,1,3,1,1
Stoke City,4,0,1,1,4,4,1
Stoke City,1,0,1,1,1,1,1
Stoke City,4,0,1,1,4,4,1
Sunderland,2,2,1,1,4,0,0.5
Sunderland,2,0,1,1,2,2,1
Sunderland,3,1,1,1,4,2,1
Sunderland,3,0,1,1,3,3,1
Sunderland,3,3,1,1,6,0,0.5
Sunderland,0,3,1,1,3,-3,0
Sunderland,2,0,1,1,2,2,1
Sunderland,2,1,1,1,3,1,1
Sunderland,1,2,1,1,3,-1,0
Sunderland,2,0,1,1,2,2,1
Sunderland,2,1,1,1,3,1,1
Sunderland,3,2,1,1,5,1,1
Sunderland,0,1,1,1,1,-1,0
Sunderland,1,3,1,1,4,-2,0
Sunderland,2,0,1,1,2,2,1
Sunderland,2,0,1,1,2,2,1
Sunderland,2,0,1,1,2,2,1
Sunderland,1,0,1,1,1,1,1
Sunderland,7,2,1,1,9,5,1
Wolverhampton Wanderers,0,2,1,1,2,-2,0
Wolverhampton Wanderers,4,1,1,1,5,3,1
Wolverhampton Wanderers,0,0,1,1,0,0,0.5
Wolverhampton Wanderers,2,1,1,1,3,1,1
Wolverhampton Wanderers,2,0,1,1,2,2,1
Wolverhampton Wanderers,2,2,1,1,4,0,0.5
Wolverhampton Wanderers,7,0,1,1,7,7,1
Wolverhampton Wanderers,2,5,1,1,7,-3,0
Wolverhampton Wanderers,0,2,1,1,2,-2,0
Wolverhampton Wanderers,2,3,1,1,5,-1,0
Wolverhampton Wanderers,0,0,1,1,0,0,0.5
Wolverhampton Wanderers,0,2,1,1,2,-2,0
Wolverhampton Wanderers,2,1,1,1,3,1,1
Wolverhampton Wanderers,6,1,1,1,7,5,1
Wolverhampton Wanderers,2,3,1,1,5,-1,0
Wolverhampton Wanderers,1,1,1,1,2,0,0.5
Wolverhampton Wanderers,0,0,1,1,0,0,0.5
Wolverhampton Wanderers,1,2,1,1,3,-1,0
Wolverhampton Wanderers,5,2,1,1,7,3,1
Barnsley,1,1,2,2,2,0,0.5
Barnsley,0,1,2,2,1,-1,0
Barnsley,2,2,2,2,4,0,0.5
Barnsley,1,2,2,2,3,-1,0
Barnsley,3,0,2,2,3,3,1
Barnsley,1,2,2,2,3,-1,0
Barnsley,8,1,2,2,9,7,1
Barnsley,2,1,2,2,3,1,1
Barnsley,1,1,2,2,2,0,0.5
Barnsley,2,0,2,2,2,2,1
Barnsley,2,0,2,2,2,2,1
Barnsley,3,0,2,2,3,3,1
Barnsley,0,0,2,2,0,0,0.5
Barnsley,4,1,2,2,5,3,1
Barnsley,4,2,2,2,6,2,1
Barnsley,0,3,2,2,3,-3,0
Barnsley,4,0,2,2,4,4,1
Barnsley,4,0,2,2,4,4,1
Barnsley,3,0,2,2,3,3,1
Blackpool,0,0,2,2,0,0,0.5
Blackpool,2,2,2,2,4,0,0.5
Blackpool,1,3,2,2,4,-2,0
Blackpool,0,1,2,2,1,-1,0
Blackpool,2,0,2,2,2,2,1
Blackpool,0,1,2,2,1,-1,0
Blackpool,2,1,2,2,3,1,1
Blackpool,2,2,2,2,4,0,0.5
Blackpool,1,0,2,2,1,1,1
Blackpool,2,0,2,2,2,2,1
Blackpool,1,2,2,2,3,-1,0
Blackpool,0,3,2,2,3,-3,0
Blackpool,0,1,2,2,1,-1,0
Blackpool,3,0,2,2,3,3,1
Blackpool,2,0,2,2,2,2,1
Blackpool,0,1,2,2,1,-1,0
Blackpool,2,1,2,2,3,1,1
Blackpool,2,0,2,2,2,2,1
Blackpool,0,3,2,2,3,-3,0
Bradford City,0,0,2,2,0,0,0.5
Bradford City,2,1,2,2,3,1,1
Bradford City,1,2,2,2,3,-1,0
Bradford City,0,1,2,2,1,-1,0
Bradford City,1,0,2,2,1,1,1
Bradford City,1,1,2,2,2,0,0.5
Bradford City,1,0,2,2,1,1,1
Bradford City,1,2,2,2,3,-1,0
Bradford City,2,0,2,2,2,2,1
Bradford City,0,1,2,2,1,-1,0
Bradford City,0,2,2,2,2,-2,0
Bradford City,1,0,2,2,1,1,1
Bradford City,3,3,2,2,6,0,0.5
Bradford City,3,0,2,2,3,3,1
Bradford City,2,2,2,2,4,0,0.5
Bradford City,1,5,2,2,6,-4,0
Bradford City,2,0,2,2,2,2,1
Bradford City,0,1,2,2,1,-1,0
Bradford City,0,1,2,2,1,-1,0
Bristol City,3,0,2,2,3,3,1
Bristol City,2,1,2,2,3,1,1
Bristol City,1,0,2,2,1,1,1
Bristol City,2,0,2,2,2,2,1
Bristol City,4,0,2,2,4,4,1
Bristol City,2,1,2,2,3,1,1
Bristol City,3,1,2,2,4,2,1
Bristol City,2,0,2,2,2,2,1
Bristol City,2,1,2,2,3,1,1
Bristol City,2,0,2,2,2,2,1
Bristol City,2,1,2,2,3,1,1
Bristol City,2,0,2,2,2,2,1
Bristol City,1,2,2,2,3,-1,0
Bristol City,1,0,2,2,1,1,1
Bristol City,1,0,2,2,1,1,1
Bristol City,1,1,2,2,2,0,0.5
Bristol City,4,0,2,2,4,4,1
Bristol City,7,0,2,2,7,7,1
Bristol City,1,0,2,2,1,1,1
Burnley,2,1,2,2,3,1,1
Burnley,4,1,2,2,5,3,1
Burnley,0,0,2,2,0,0,0.5
Burnley,2,2,2,2,4,0,0.5
Burnley,1,0,2,2,1,1,1
Burnley,2,0,2,2,2,2,1
Burnley,1,1,2,2,2,0,0.5
Burnley,1,0,2,2,1,1,1
Burnley,1,0,2,2,1,1,1
Burnley,0,0,2,2,0,0,0.5
Burnley,1,3,2,2,4,-2,0
Burnley,4,3,2,2,7,1,1
Burnley,0,2,2,2,2,-2,0
Burnley,3,0,2,2,3,3,1
Burnley,2,1,2,2,3,1,1
Burnley,1,3,2,2,4,-2,0
Burnley,1,3,2,2,4,-2,0
Burnley,0,1,2,2,1,-1,0
Burnley,0,2,2,2,2,-2,0
Burton United,4,1,2,2,5,3,1
Burton United,1,1,2,2,2,0,0.5
Burton United,0,1,2,2,1,-1,0
Burton United,0,1,2,2,1,-1,0
Burton United,1,3,2,2,4,-2,0
Burton United,2,4,2,2,6,-2,0
Burton United,4,0,2,2,4,4,1
Burton United,3,1,2,2,4,2,1
Burton United,1,0,2,2,1,1,1
Burton United,1,0,2,2,1,1,1
Burton United,0,3,2,2,3,-3,0
Burton United,1,1,2,2,2,0,0.5
Burton United,0,0,2,2,0,0,0.5
Burton United,1,0,2,2,1,1,1
Burton United,2,0,2,2,2,2,1
Burton United,0,2,2,2,2,-2,0
Burton United,1,0,2,2,1,1,1
Burton United,2,0,2,2,2,2,1
Burton United,2,2,2,2,4,0,0.5
Chelsea,6,0,2,2,6,6,1
Chelsea,6,0,2,2,6,6,1
Chelsea,4,2,2,2,6,2,1
Chelsea,0,0,2,2,0,0,0.5
Chelsea,1,0,2,2,1,1,1
Chelsea,3,0,2,2,3,3,1
Chelsea,0,1,2,2,1,-1,0
Chelsea,1,3,2,2,4,-2,0
Chelsea,0,0,2,2,0,0,0.5
Chelsea,2,0,2,2,2,2,1
Chelsea,5,1,2,2,6,4,1
Chelsea,4,0,2,2,4,4,1
Chelsea,3,3,2,2,6,0,0.5
Chelsea,6,1,2,2,7,5,1
Chelsea,4,2,2,2,6,2,1
Chelsea,1,1,2,2,2,0,0.5
Chelsea,7,0,2,2,7,7,1
Chelsea,4,2,2,2,6,2,1
Chelsea,1,0,2,2,1,1,1
Chesterfield,2,0,2,2,2,2,1
Chesterfield,2,0,2,2,2,2,1
Chesterfield,1,1,2,2,2,0,0.5
Chesterfield,1,2,2,2,3,-1,0
Chesterfield,3,0,2,2,3,3,1
Chesterfield,1,0,2,2,1,1,1
Chesterfield,0,2,2,2,2,-2,0
Chesterfield,0,0,2,2,0,0,0.5
Chesterfield,3,1,2,2,4,2,1
Chesterfield,1,4,2,2,5,-3,0
Chesterfield,1,2,2,2,3,-1,0
Chesterfield,0,2,2,2,2,-2,0
Chesterfield,3,3,2,2,6,0,0.5
Chesterfield,1,1,2,2,2,0,0.5
Chesterfield,1,2,2,2,3,-1,0
Chesterfield,1,0,2,2,1,1,1
Chesterfield,2,0,2,2,2,2,1
Chesterfield,3,1,2,2,4,2,1
Chesterfield,0,3,2,2,3,-3,0
Gainsborough Trinity,1,0,2,2,1,1,1
Gainsborough Trinity,0,1,2,2,1,-1,0
Gainsborough Trinity,2,3,2,2,5,-1,0
Gainsborough Trinity,1,3,2,2,4,-2,0
Gainsborough Trinity,0,1,2,2,1,-1,0
Gainsborough Trinity,5,2,2,2,7,3,1
Gainsborough Trinity,0,2,2,2,2,-2,0
Gainsborough Trinity,4,0,2,2,4,4,1
Gainsborough Trinity,2,0,2,2,2,2,1
Gainsborough Trinity,1,0,2,2,1,1,1
Gainsborough Trinity,3,1,2,2,4,2,1
Gainsborough Trinity,4,1,2,2,5,3,1
Gainsborough Trinity,0,1,2,2,1,-1,0
Gainsborough Trinity,2,1,2,2,3,1,1
Gainsborough Trinity,2,3,2,2,5,-1,0
Gainsborough Trinity,2,2,2,2,4,0,0.5
Gainsborough Trinity,4,0,2,2,4,4,1
Gainsborough Trinity,0,0,2,2,0,0,0.5
Gainsborough Trinity,2,1,2,2,3,1,1
Glossop North End,2,2,2,2,4,0,0.5
Glossop North End,4,1,2,2,5,3,1
Glossop North End,2,3,2,2,5,-1,0
Glossop North End,1,5,2,2,6,-4,0
Glossop North End,1,1,2,2,2,0,0.5
Glossop North End,2,0,2,2,2,2,1
Glossop North End,2,4,2,2,6,-2,0
Glossop North End,2,0,2,2,2,2,1
Glossop North End,1,0,2,2,1,1,1
Glossop North End,2,0,2,2,2,2,1
Glossop North End,3,1,2,2,4,2,1
Glossop North End,1,2,2,2,3,-1,0
Glossop North End,0,0,2,2,0,0,0.5
Glossop North End,5,0,2,2,5,5,1
Glossop North End,2,2,2,2,4,0,0.5
Glossop North End,1,2,2,2,3,-1,0
Glossop North End,3,2,2,2,5,1,1
Glossop North End,1,0,2,2,1,1,1
Glossop North End,1,3,2,2,4,-2,0
Grimsby Town,2,1,2,2,3,1,1
Grimsby Town,1,1,2,2,2,0,0.5
Grimsby Town,1,0,2,2,1,1,1
Grimsby Town,1,1,2,2,2,0,0.5
Grimsby Town,2,0,2,2,2,2,1
Grimsby Town,1,0,2,2,1,1,1
Grimsby Town,1,1,2,2,2,0,0.5
Grimsby Town,2,0,2,2,2,2,1
Grimsby Town,2,0,2,2,2,2,1
Grimsby Town,1,1,2,2,2,0,0.5
Grimsby Town,1,0,2,2,1,1,1
Grimsby Town,1,1,2,2,2,0,0.5
Grimsby Town,1,1,2,2,2,0,0.5
Grimsby Town,4,1,2,2,5,3,1
Grimsby Town,2,2,2,2,4,0,0.5
Grimsby Town,0,1,2,2,1,-1,0
Grimsby Town,5,0,2,2,5,5,1
Grimsby Town,2,0,2,2,2,2,1
Grimsby Town,3,2,2,2,5,1,1
Hull City,4,1,2,2,5,3,1
Hull City,2,2,2,2,4,0,0.5
Hull City,5,2,2,2,7,3,1
Hull City,0,3,2,2,3,-3,0
Hull City,1,1,2,2,2,0,0.5
Hull City,1,1,2,2,2,0,0.5
Hull City,4,3,2,2,7,1,1
Hull City,3,0,2,2,3,3,1
Hull City,2,0,2,2,2,2,1
Hull City,1,2,2,2,3,-1,0
Hull City,0,1,2,2,1,-1,0
Hull City,0,0,2,2,0,0,0.5
Hull City,0,0,2,2,0,0,0.5
Hull City,3,1,2,2,4,2,1
Hull City,2,1,2,2,3,1,1
Hull City,0,1,2,2,1,-1,0
Hull City,3,2,2,2,5,1,1
Hull City,3,0,2,2,3,3,1
Hull City,4,0,2,2,4,4,1
Leeds City,3,2,2,2,5,1,1
Leeds City,3,0,2,2,3,3,1
Leeds City,0,2,2,2,2,-2,0
Leeds City,1,1,2,2,2,0,0.5
Leeds City,1,1,2,2,2,0,0.5
Leeds City,2,1,2,2,3,1,1
Leeds City,0,0,2,2,0,0,0.5
Leeds City,3,0,2,2,3,3,1
Leeds City,1,0,2,2,1,1,1
Leeds City,1,0,2,2,1,1,1
Leeds City,3,0,2,2,3,3,1
Leeds City,3,1,2,2,4,2,1
Leeds City,4,1,2,2,5,3,1
Leeds City,6,1,2,2,7,5,1
Leeds City,2,2,2,2,4,0,0.5
Leeds City,1,3,2,2,4,-2,0
Leeds City,3,1,2,2,4,2,1
Leeds City,1,1,2,2,2,0,0.5
Leeds City,0,2,2,2,2,-2,0
Leicester City,1,0,2,2,1,1,1
Leicester City,2,0,2,2,2,2,1
Leicester City,2,4,2,2,6,-2,0
Leicester City,1,2,2,2,3,-1,0
Leicester City,2,0,2,2,2,2,1
Leicester City,1,1,2,2,2,0,0.5
Leicester City,0,1,2,2,1,-1,0
Leicester City,1,1,2,2,2,0,0.5
Leicester City,4,0,2,2,4,4,1
Leicester City,2,1,2,2,3,1,1
Leicester City,2,0,2,2,2,2,1
Leicester City,1,2,2,2,3,-1,0
Leicester City,0,1,2,2,1,-1,0
Leicester City,2,1,2,2,3,1,1
Leicester City,3,1,2,2,4,2,1
Leicester City,2,5,2,2,7,-3,0
Leicester City,2,1,2,2,3,1,1
Leicester City,2,0,2,2,2,2,1
Leicester City,0,0,2,2,0,0,0.5
Leyton Orient,0,0,2,2,0,0,0.5
Leyton Orient,0,0,2,2,0,0,0.5
Leyton Orient,4,2,2,2,6,2,1
Leyton Orient,0,2,2,2,2,-2,0
Leyton Orient,3,0,2,2,3,3,1
Leyton Orient,0,1,2,2,1,-1,0
Leyton Orient,0,3,2,2,3,-3,0
Leyton Orient,3,3,2,2,6,0,0.5
Leyton Orient,1,0,2,2,1,1,1
Leyton Orient,2,0,2,2,2,2,1
Leyton Orient,1,2,2,2,3,-1,0
Leyton Orient,0,1,2,2,1,-1,0
Leyton Orient,0,0,2,2,0,0,0.5
Leyton Orient,0,2,2,2,2,-2,0
Leyton Orient,3,0,2,2,3,3,1
Leyton Orient,0,1,2,2,1,-1,0
Leyton Orient,1,3,2,2,4,-2,0
Leyton Orient,1,0,2,2,1,1,1
Leyton Orient,0,2,2,2,2,-2,0
Lincoln City,4,1,2,2,5,3,1
Lincoln City,1,1,2,2,2,0,0.5
Lincoln City,5,0,2,2,5,5,1
Lincoln City,0,3,2,2,3,-3,0
Lincoln City,5,0,2,2,5,5,1
Lincoln City,5,1,2,2,6,4,1
Lincoln City,1,4,2,2,5,-3,0
Lincoln City,0,1,2,2,1,-1,0
Lincoln City,3,0,2,2,3,3,1
Lincoln City,4,1,2,2,5,3,1
Lincoln City,3,1,2,2,4,2,1
Lincoln City,1,4,2,2,5,-3,0
Lincoln City,1,2,2,2,3,-1,0
Lincoln City,3,1,2,2,4,2,1
Lincoln City,2,3,2,2,5,-1,0
Lincoln City,2,3,2,2,5,-1,0
Lincoln City,3,1,2,2,4,2,1
Lincoln City,2,0,2,2,2,2,1
Lincoln City,1,2,2,2,3,-1,0
Manchester United,5,1,2,2,6,4,1
Manchester United,2,1,2,2,3,1,1
Manchester United,0,0,2,2,0,0,0.5
Manchester United,5,1,2,2,6,4,1
Manchester United,1,0,2,2,1,1,1
Manchester United,6,0,2,2,6,6,1
Manchester United,0,0,2,2,0,0,0.5
Manchester United,4,1,2,2,5,3,1
Manchester United,2,0,2,2,2,2,1
Manchester United,5,2,2,2,7,3,1
Manchester United,5,0,2,2,5,5,1
Manchester United,5,0,2,2,5,5,1
Manchester United,0,3,2,2,3,-3,0
Manchester United,3,2,2,2,5,1,1
Manchester United,4,0,2,2,4,4,1
Manchester United,2,1,2,2,3,1,1
Manchester United,3,0,2,2,3,3,1
Manchester United,3,1,2,2,4,2,1
Manchester United,0,0,2,2,0,0,0.5
Port Vale,1,2,2,2,3,-1,0
Port Vale,1,2,2,2,3,-1,0
Port Vale,2,1,2,2,3,1,1
Port Vale,0,1,2,2,1,-1,0
Port Vale,2,2,2,2,4,0,0.5
Port Vale,4,1,2,2,5,3,1
Port Vale,3,2,2,2,5,1,1
Port Vale,4,3,2,2,7,1,1
Port Vale,1,0,2,2,1,1,1
Port Vale,3,3,2,2,6,0,0.5
Port Vale,2,2,2,2,4,0,0.5
Port Vale,1,3,2,2,4,-2,0
Port Vale,2,0,2,2,2,2,1
Port Vale,2,0,2,2,2,2,1
Port Vale,2,1,2,2,3,1,1
Port Vale,3,1,2,2,4,2,1
Port Vale,1,0,2,2,1,1,1
Port Vale,0,0,2,2,0,0,0.5
Port Vale,0,1,2,2,1,-1,0
Stockport County,0,0,2,2,0,0,0.5
Stockport County,2,1,2,2,3,1,1
Stockport County,1,0,2,2,1,1,1
Stockport County,2,3,2,2,5,-1,0
Stockport County,3,1,2,2,4,2,1
Stockport County,2,0,2,2,2,2,1
Stockport County,1,0,2,2,1,1,1
Stockport County,0,0,2,2,0,0,0.5
Stockport County,2,0,2,2,2,2,1
Stockport County,5,0,2,2,5,5,1
Stockport County,2,2,2,2,4,0,0.5
Stockport County,2,1,2,2,3,1,1
Stockport County,2,1,2,2,3,1,1
Stockport County,1,1,2,2,2,0,0.5
Stockport County,3,3,2,2,6,0,0.5
Stockport County,3,0,2,2,3,3,1
Stockport County,0,1,2,2,1,-1,0
Stockport County,3,0,2,2,3,3,1
Stockport County,2,2,2,2,4,0,0.5
West Bromwich Albion,5,3,2,2,8,2,1
West Bromwich Albion,5,0,2,2,5,5,1
West Bromwich Albion,6,1,2,2,7,5,1
West Bromwich Albion,1,3,2,2,4,-2,0
West Bromwich Albion,1,2,2,2,3,-1,0
West Bromwich Albion,3,0,2,2,3,3,1
West Bromwich Albion,1,1,2,2,2,0,0.5
West Bromwich Albion,3,0,2,2,3,3,1
West Bromwich Albion,4,0,2,2,4,4,1
West Bromwich Albion,6,0,2,2,6,6,1
West Bromwich Albion,2,0,2,2,2,2,1
West Bromwich Albion,1,1,2,2,2,0,0.5
West Bromwich Albion,2,1,2,2,3,1,1
West Bromwich Albion,3,0,2,2,3,3,1
West Bromwich Albion,1,1,2,2,2,0,0.5
West Bromwich Albion,1,1,2,2,2,0,0.5
West Bromwich Albion,1,0,2,2,1,1,1
West Bromwich Albion,4,1,2,2,5,3,1
West Bromwich Albion,3,1,2,2,4,2,1
Arsenal,3,1,1,1,4,2,1
Arsenal,2,1,1,1,3,1,1
Arsenal,2,0,1,1,2,2,1
Arsenal,2,2,1,1,4,0,0.5
Arsenal,1,2,1,1,3,-1,0
Arsenal,3,1,1,1,4,2,1
Arsenal,3,2,1,1,5,1,1
Arsenal,3,1,1,1,4,2,1
Arsenal,2,1,1,1,3,1,1
Arsenal,4,1,1,1,5,3,1
Arsenal,4,0,1,1,4,4,1
Arsenal,2,0,1,1,2,2,1
Arsenal,2,0,1,1,2,2,1
Arsenal,1,0,1,1,1,1,1
Arsenal,1,0,1,1,1,1,1
Arsenal,0,1,1,1,1,-1,0
Arsenal,1,0,1,1,1,1,1
Arsenal,2,1,1,1,3,1,1
Arsenal,0,1,1,1,1,-1,0
Aston Villa,2,2,1,1,4,0,0.5
Aston Villa,4,1,1,1,5,3,1
Aston Villa,4,2,1,1,6,2,1
Aston Villa,0,2,1,1,2,-2,0
Aston Villa,3,2,1,1,5,1,1
Aston Villa,3,1,1,1,4,2,1
Aston Villa,2,0,1,1,2,2,1
Aston Villa,2,1,1,1,3,1,1
Aston Villa,4,0,1,1,4,4,1
Aston Villa,4,1,1,1,5,3,1
Aston Villa,2,0,1,1,2,2,1
Aston Villa,2,3,1,1,5,-1,0
Aston Villa,0,0,1,1,0,0,0.5
Aston Villa,0,0,1,1,0,0,0.5
Aston Villa,3,0,1,1,3,3,1
Aston Villa,5,1,1,1,6,4,1
Aston Villa,8,1,1,1,9,7,1
Aston Villa,1,0,1,1,1,1,1
Aston Villa,2,2,1,1,4,0,0.5
Birmingham City,5,1,1,1,6,4,1
Birmingham City,3,2,1,1,5,1,1
Birmingham City,2,0,1,1,2,2,1
Birmingham City,4,2,1,1,6,2,1
Birmingham City,2,2,1,1,4,0,0.5
Birmingham City,3,1,1,1,4,2,1
Birmingham City,2,1,1,1,3,1,1
Birmingham City,1,0,1,1,1,1,1
Birmingham City,2,1,1,1,3,1,1
Birmingham City,4,0,1,1,4,4,1
Birmingham City,1,1,1,1,2,0,0.5
Birmingham City,0,0,1,1,0,0,0.5
Birmingham City,2,4,1,1,6,-2,0
Birmingham City,2,0,1,1,2,2,1
Birmingham City,3,0,1,1,3,3,1
Birmingham City,0,0,1,1,0,0,0.5
Birmingham City,1,1,1,1,2,0,0.5
Birmingham City,2,1,1,1,3,1,1
Birmingham City,2,0,1,1,2,2,1
Blackburn Rovers,2,3,1,1,5,-1,0
Blackburn Rovers,2,1,1,1,3,1,1
Blackburn Rovers,1,0,1,1,1,1,1
Blackburn Rovers,2,3,1,1,5,-1,0
Blackburn Rovers,0,1,1,1,1,-1,0
Blackburn Rovers,4,1,1,1,5,3,1
Blackburn Rovers,5,1,1,1,6,4,1
Blackburn Rovers,2,1,1,1,3,1,1
Blackburn Rovers,1,1,1,1,2,0,0.5
Blackburn Rovers,4,0,1,1,4,4,1
Blackburn Rovers,2,4,1,1,6,-2,0
Blackburn Rovers,4,1,1,1,5,3,1
Blackburn Rovers,4,0,1,1,4,4,1
Blackburn Rovers,0,2,1,1,2,-2,0
Blackburn Rovers,1,1,1,1,2,0,0.5
Blackburn Rovers,1,1,1,1,2,0,0.5
Blackburn Rovers,0,2,1,1,2,-2,0
Blackburn Rovers,3,1,1,1,4,2,1
Blackburn Rovers,2,1,1,1,3,1,1
Bolton Wanderers,3,0,1,1,3,3,1
Bolton Wanderers,1,2,1,1,3,-1,0
Bolton Wanderers,2,3,1,1,5,-1,0
Bolton Wanderers,5,2,1,1,7,3,1
Bolton Wanderers,1,2,1,1,3,-1,0
Bolton Wanderers,1,0,1,1,1,1,1
Bolton Wanderers,1,0,1,1,1,1,1
Bolton Wanderers,1,3,1,1,4,-2,0
Bolton Wanderers,3,0,1,1,3,3,1
Bolton Wanderers,1,1,1,1,2,0,0.5
Bolton Wanderers,0,1,1,1,1,-1,0
Bolton Wanderers,1,0,1,1,1,1,1
Bolton Wanderers,4,2,1,1,6,2,1
Bolton Wanderers,0,0,1,1,0,0,0.5
Bolton Wanderers,3,0,1,1,3,3,1
Bolton Wanderers,6,1,1,1,7,5,1
Bolton Wanderers,0,0,1,1,0,0,0.5
Bolton Wanderers,1,1,1,1,2,0,0.5
Bolton Wanderers,1,0,1,1,1,1,1
Bristol City,1,3,1,1,4,-2,0
Bristol City,2,4,1,1,6,-2,0
Bristol City,0,0,1,1,0,0,0.5
Bristol City,3,0,1,1,3,3,1
Bristol City,1,2,1,1,3,-1,0
Bristol City,2,0,1,1,2,2,1
Bristol City,3,0,1,1,3,3,1
Bristol City,2,1,1,1,3,1,1
Bristol City,3,1,1,1,4,2,1
Bristol City,2,0,1,1,2,2,1
Bristol City,1,2,1,1,3,-1,0
Bristol City,3,0,1,1,3,3,1
Bristol City,2,1,1,1,3,1,1
Bristol City,1,0,1,1,1,1,1
Bristol City,1,0,1,1,1,1,1
Bristol City,3,3,1,1,6,0,0.5
Bristol City,2,0,1,1,2,2,1
Bristol City,4,0,1,1,4,4,1
Bristol City,1,1,1,1,2,0,0.5
Bury,4,1,1,1,5,3,1
Bury,0,3,1,1,3,-3,0
Bury,1,0,1,1,1,1,1
Bury,0,0,1,1,0,0,0.5
Bury,2,3,1,1,5,-1,0
Bury,1,1,1,1,2,0,0.5
Bury,1,0,1,1,1,1,1
Bury,1,2,1,1,3,-1,0
Bury,1,3,1,1,4,-2,0
Bury,3,1,1,1,4,2,1
Bury,1,2,1,1,3,-1,0
Bury,1,1,1,1,2,0,0.5
Bury,3,2,1,1,5,1,1
Bury,3,0,1,1,3,3,1
Bury,2,0,1,1,2,2,1
Bury,2,1,1,1,3,1,1
Bury,0,0,1,1,0,0,0.5
Bury,2,0,1,1,2,2,1
Bury,2,3,1,1,5,-1,0
Derby County,0,0,1,1,0,0,0.5
Derby County,0,1,1,1,1,-1,0
Derby County,1,1,1,1,2,0,0.5
Derby County,2,3,1,1,5,-1,0
Derby County,0,1,1,1,1,-1,0
Derby County,1,3,1,1,4,-2,0
Derby County,2,1,1,1,3,1,1
Derby County,5,2,1,1,7,3,1
Derby County,0,1,1,1,1,-1,0
Derby County,2,2,1,1,4,0,0.5
Derby County,2,2,1,1,4,0,0.5
Derby County,1,0,1,1,1,1,1
Derby County,0,0,1,1,0,0,0.5
Derby County,3,0,1,1,3,3,1
Derby County,3,0,1,1,3,3,1
Derby County,3,0,1,1,3,3,1
Derby County,1,0,1,1,1,1,1
Derby County,2,1,1,1,3,1,1
Derby County,1,1,1,1,2,0,0.5
Everton,2,1,1,1,3,1,1
Everton,1,2,1,1,3,-1,0
Everton,3,0,1,1,3,3,1
Everton,2,0,1,1,2,2,1
Everton,1,0,1,1,1,1,1
Everton,2,0,1,1,2,2,1
Everton,1,0,1,1,1,1,1
Everton,2,0,1,1,2,2,1
Everton,0,0,1,1,0,0,0.5
Everton,9,1,1,1,10,8,1
Everton,3,0,1,1,3,3,1
Everton,5,1,1,1,6,4,1
Everton,3,0,1,1,3,3,1
Everton,2,2,1,1,4,0,0.5
Everton,1,0,1,1,1,1,1
Everton,4,2,1,1,6,2,1
Everton,2,0,1,1,2,2,1
Everton,3,0,1,1,3,3,1
Everton,4,1,1,1,5,3,1
Liverpool,4,0,1,1,4,4,1
Liverpool,5,2,1,1,7,3,1
Liverpool,2,0,1,1,2,2,1
Liverpool,0,2,1,1,2,-2,0
Liverpool,0,2,1,1,2,-2,0
Liverpool,2,4,1,1,6,-2,0
Liverpool,2,2,1,1,4,0,0.5
Liverpool,2,0,1,1,2,2,1
Liverpool,1,2,1,1,3,-1,0
Liverpool,5,4,1,1,9,1,1
Liverpool,0,1,1,1,1,-1,0
Liverpool,2,4,1,1,6,-2,0
Liverpool,4,1,1,1,5,3,1
Liverpool,5,1,1,1,6,4,1
Liverpool,6,1,1,1,7,5,1
Liverpool,2,2,1,1,4,0,0.5
Liverpool,1,2,1,1,3,-1,0
Liverpool,1,0,1,1,1,1,1
Liverpool,1,2,1,1,3,-1,0
Manchester City,1,4,1,1,5,-3,0
Manchester City,4,2,1,1,6,2,1
Manchester City,1,0,1,1,1,1,1
Manchester City,0,0,1,1,0,0,0.5
Manchester City,1,1,1,1,2,0,0.5
Manchester City,0,1,1,1,1,-1,0
Manchester City,2,2,1,1,4,0,0.5
Manchester City,2,2,1,1,4,0,0.5
Manchester City,3,1,1,1,4,2,1
Manchester City,1,0,1,1,1,1,1
Manchester City,3,0,1,1,3,3,1
Manchester City,3,1,1,1,4,2,1
Manchester City,1,1,1,1,2,0,0.5
Manchester City,2,1,1,1,3,1,1
Manchester City,1,1,1,1,2,0,0.5
Manchester City,0,2,1,1,2,-2,0
Manchester City,0,1,1,1,1,-1,0
Manchester City,2,2,1,1,4,0,0.5
Manchester City,2,3,1,1,5,-1,0
Manchester United,1,0,1,1,1,1,1
Manchester United,1,0,1,1,1,1,1
Manchester United,2,1,1,1,3,1,1
Manchester United,1,1,1,1,2,0,0.5
Manchester United,1,2,1,1,3,-1,0
Manchester United,0,0,1,1,0,0,0.5
Manchester United,2,4,1,1,6,-2,0
Manchester United,1,1,1,1,2,0,0.5
Manchester United,3,0,1,1,3,3,1
Manchester United,0,0,1,1,0,0,0.5
Manchester United,1,1,1,1,2,0,0.5
Manchester United,3,1,1,1,4,2,1
Manchester United,1,3,1,1,4,-2,0
Manchester United,0,0,1,1,0,0,0.5
Manchester United,3,0,1,1,3,3,1
Manchester United,2,0,1,1,2,2,1
Manchester United,5,0,1,1,5,5,1
Manchester United,4,1,1,1,5,3,1
Manchester United,2,0,1,1,2,2,1
Middlesbrough,5,3,1,1,8,2,1
Middlesbrough,1,0,1,1,1,1,1
Middlesbrough,1,0,1,1,1,1,1
Middlesbrough,0,1,1,1,1,-1,0
Middlesbrough,0,0,1,1,0,0,0.5
Middlesbrough,1,0,1,1,1,1,1
Middlesbrough,3,1,1,1,4,2,1
Middlesbrough,4,1,1,1,5,3,1
Middlesbrough,2,2,1,1,4,0,0.5
Middlesbrough,0,1,1,1,1,-1,0
Middlesbrough,2,3,1,1,5,-1,0
Middlesbrough,2,0,1,1,2,2,1
Middlesbrough,0,3,1,1,3,-3,0
Middlesbrough,2,0,1,1,2,2,1
Middlesbrough,2,1,1,1,3,1,1
Middlesbrough,0,1,1,1,1,-1,0
Middlesbrough,1,3,1,1,4,-2,0
Middlesbrough,5,0,1,1,5,5,1
Middlesbrough,2,1,1,1,3,1,1
Newcastle United,1,0,1,1,1,1,1
Newcastle United,3,2,1,1,5,1,1
Newcastle United,2,0,1,1,2,2,1
Newcastle United,3,1,1,1,4,2,1
Newcastle United,4,0,1,1,4,4,1
Newcastle United,3,0,1,1,3,3,1
Newcastle United,3,2,1,1,5,1,1
Newcastle United,2,0,1,1,2,2,1
Newcastle United,1,0,1,1,1,1,1
Newcastle United,2,0,1,1,2,2,1
Newcastle United,2,0,1,1,2,2,1
Newcastle United,5,0,1,1,5,5,1
Newcastle United,4,0,1,1,4,4,1
Newcastle United,4,3,1,1,7,1,1
Newcastle United,2,1,1,1,3,1,1
Newcastle United,0,0,1,1,0,0,0.5
Newcastle United,5,1,1,1,6,4,1
Newcastle United,1,0,1,1,1,1,1
Newcastle United,4,2,1,1,6,2,1
Notts County,4,1,1,1,5,3,1
Notts County,1,1,1,1,2,0,0.5
Notts County,2,2,1,1,4,0,0.5
Notts County,1,2,1,1,3,-1,0
Notts County,0,0,1,1,0,0,0.5
Notts County,2,3,1,1,5,-1,0
Notts County,1,2,1,1,3,-1,0
Notts County,4,0,1,1,4,4,1
Notts County,0,1,1,1,1,-1,0
Notts County,2,0,1,1,2,2,1
Notts County,0,0,1,1,0,0,0.5
Notts County,3,0,1,1,3,3,1
Notts County,2,2,1,1,4,0,0.5
Notts County,1,0,1,1,1,1,1
Notts County,0,0,1,1,0,0,0.5
Notts County,4,0,1,1,4,4,1
Notts County,2,2,1,1,4,0,0.5
Notts County,2,2,1,1,4,0,0.5
Notts County,0,0,1,1,0,0,0.5
Preston North End,0,3,1,1,3,-3,0
Preston North End,2,0,1,1,2,2,1
Preston North End,2,0,1,1,2,2,1
Preston North End,1,0,1,1,1,1,1
Preston North End,3,1,1,1,4,2,1
Preston North End,3,1,1,1,4,2,1
Preston North End,3,2,1,1,5,1,1
Preston North End,1,0,1,1,1,1,1
Preston North End,1,1,1,1,2,0,0.5
Preston North End,3,1,1,1,4,2,1
Preston North End,1,3,1,1,4,-2,0
Preston North End,2,0,1,1,2,2,1
Preston North End,4,2,1,1,6,2,1
Preston North End,2,2,1,1,4,0,0.5
Preston North End,0,0,1,1,0,0,0.5
Preston North End,2,1,1,1,3,1,1
Preston North End,1,0,1,1,1,1,1
Preston North End,2,2,1,1,4,0,0.5
Preston North End,2,0,1,1,2,2,1
Sheffield United,4,2,1,1,6,2,1
Sheffield United,0,0,1,1,0,0,0.5
Sheffield United,2,0,1,1,2,2,1
Sheffield United,3,0,1,1,3,3,1
Sheffield United,2,1,1,1,3,1,1
Sheffield United,1,1,1,1,2,0,0.5
Sheffield United,3,0,1,1,3,3,1
Sheffield United,2,0,1,1,2,2,1
Sheffield United,4,1,1,1,5,3,1
Sheffield United,1,0,1,1,1,1,1
Sheffield United,1,4,1,1,5,-3,0
Sheffield United,0,2,1,1,2,-2,0
Sheffield United,1,1,1,1,2,0,0.5
Sheffield United,0,0,1,1,0,0,0.5
Sheffield United,2,1,1,1,3,1,1
Sheffield United,3,1,1,1,4,2,1
Sheffield United,2,1,1,1,3,1,1
Sheffield United,2,0,1,1,2,2,1
Sheffield United,3,2,1,1,5,1,1
Sheffield Wednesday,1,1,1,1,2,0,0.5
Sheffield Wednesday,2,1,1,1,3,1,1
Sheffield Wednesday,0,1,1,1,1,-1,0
Sheffield Wednesday,3,1,1,1,4,2,1
Sheffield Wednesday,2,0,1,1,2,2,1
Sheffield Wednesday,3,0,1,1,3,3,1
Sheffield Wednesday,1,2,1,1,3,-1,0
Sheffield Wednesday,1,1,1,1,2,0,0.5
Sheffield Wednesday,1,1,1,1,2,0,0.5
Sheffield Wednesday,2,3,1,1,5,-1,0
Sheffield Wednesday,3,1,1,1,4,2,1
Sheffield Wednesday,5,2,1,1,7,3,1
Sheffield Wednesday,0,2,1,1,2,-2,0
Sheffield Wednesday,2,2,1,1,4,0,0.5
Sheffield Wednesday,1,3,1,1,4,-2,0
Sheffield Wednesday,2,1,1,1,3,1,1
Sheffield Wednesday,2,2,1,1,4,0,0.5
Sheffield Wednesday,0,1,1,1,1,-1,0
Sheffield Wednesday,2,1,1,1,3,1,1
Stoke City,2,0,1,1,2,2,1
Stoke City,0,2,1,1,2,-2,0
Stoke City,3,0,1,1,3,3,1
Stoke City,1,1,1,1,2,0,0.5
Stoke City,3,0,1,1,3,3,1
Stoke City,0,3,1,1,3,-3,0
Stoke City,3,1,1,1,4,2,1
Stoke City,2,1,1,1,3,1,1
Stoke City,2,0,1,1,2,2,1
Stoke City,1,1,1,1,2,0,0.5
Stoke City,3,0,1,1,3,3,1
Stoke City,1,2,1,1,3,-1,0
Stoke City,0,2,1,1,2,-2,0
Stoke City,1,2,1,1,3,-1,0
Stoke City,1,1,1,1,2,0,0.5
Stoke City,0,2,1,1,2,-2,0
Stoke City,1,1,1,1,2,0,0.5
Stoke City,1,1,1,1,2,0,0.5
Stoke City,2,2,1,1,4,0,0.5
Sunderland,2,3,1,1,5,-1,0
Sunderland,2,1,1,1,3,1,1
Sunderland,4,1,1,1,5,3,1
Sunderland,1,0,1,1,1,1,1
Sunderland,1,2,1,1,3,-1,0
Sunderland,3,3,1,1,6,0,0.5
Sunderland,3,5,1,1,8,-2,0
Sunderland,0,2,1,1,2,-2,0
Sunderland,1,0,1,1,1,1,1
Sunderland,5,5,1,1,10,0,0.5
Sunderland,1,1,1,1,2,0,0.5
Sunderland,4,1,1,1,5,3,1
Sunderland,4,2,1,1,6,2,1
Sunderland,2,0,1,1,2,2,1
Sunderland,3,1,1,1,4,2,1
Sunderland,1,0,1,1,1,1,1
Sunderland,1,2,1,1,3,-1,0
Sunderland,1,1,1,1,2,0,0.5
Sunderland,3,1,1,1,4,2,1
Barnsley,3,2,2,2,5,1,1
Barnsley,3,1,2,2,4,2,1
Barnsley,5,0,2,2,5,5,1
Barnsley,6,1,2,2,7,5,1
Barnsley,3,1,2,2,4,2,1
Barnsley,2,1,2,2,3,1,1
Barnsley,6,0,2,2,6,6,1
Barnsley,3,0,2,2,3,3,1
Barnsley,1,1,2,2,2,0,0.5
Barnsley,4,2,2,2,6,2,1
Barnsley,3,0,2,2,3,3,1
Barnsley,2,2,2,2,4,0,0.5
Barnsley,3,2,2,2,5,1,1
Barnsley,6,2,2,2,8,4,1
Barnsley,0,1,2,2,1,-1,0
Barnsley,3,2,2,2,5,1,1
Barnsley,3,1,2,2,4,2,1
Barnsley,0,1,2,2,1,-1,0
Barnsley,0,1,2,2,1,-1,0
Blackpool,2,3,2,2,5,-1,0
Blackpool,1,0,2,2,1,1,1
Blackpool,2,0,2,2,2,2,1
Blackpool,1,1,2,2,2,0,0.5
Blackpool,0,0,2,2,0,0,0.5
Blackpool,0,0,2,2,0,0,0.5
Blackpool,1,0,2,2,1,1,1
Blackpool,4,1,2,2,5,3,1
Blackpool,4,3,2,2,7,1,1
Blackpool,1,1,2,2,2,0,0.5
Blackpool,1,0,2,2,1,1,1
Blackpool,1,0,2,2,1,1,1
Blackpool,1,3,2,2,4,-2,0
Blackpool,2,0,2,2,2,2,1
Blackpool,1,2,2,2,3,-1,0
Blackpool,0,1,2,2,1,-1,0
Blackpool,0,1,2,2,1,-1,0
Blackpool,2,1,2,2,3,1,1
Blackpool,1,2,2,2,3,-1,0
Bradford City,2,0,2,2,2,2,1
Bradford City,3,0,2,2,3,3,1
Bradford City,3,1,2,2,4,2,1
Bradford City,2,3,2,2,5,-1,0
Bradford City,6,3,2,2,9,3,1
Bradford City,1,0,2,2,1,1,1
Bradford City,1,1,2,2,2,0,0.5
Bradford City,2,1,2,2,3,1,1
Bradford City,1,0,2,2,1,1,1
Bradford City,1,0,2,2,1,1,1
Bradford City,2,2,2,2,4,0,0.5
Bradford City,3,1,2,2,4,2,1
Bradford City,5,2,2,2,7,3,1
Bradford City,3,0,2,2,3,3,1
Bradford City,1,2,2,2,3,-1,0
Bradford City,3,2,2,2,5,1,1
Bradford City,1,0,2,2,1,1,1
Bradford City,4,0,2,2,4,4,1
Bradford City,2,3,2,2,5,-1,0
Burnley,2,2,2,2,4,0,0.5
Burnley,2,1,2,2,3,1,1
Burnley,0,1,2,2,1,-1,0
Burnley,4,0,2,2,4,4,1
Burnley,1,1,2,2,2,0,0.5
Burnley,0,0,2,2,0,0,0.5
Burnley,1,0,2,2,1,1,1
Burnley,1,1,2,2,2,0,0.5
Burnley,2,0,2,2,2,2,1
Burnley,4,2,2,2,6,2,1
Burnley,1,2,2,2,3,-1,0
Burnley,5,0,2,2,5,5,1
Burnley,3,0,2,2,3,3,1
Burnley,5,1,2,2,6,4,1
Burnley,2,1,2,2,3,1,1
Burnley,6,0,2,2,6,6,1
Burnley,3,0,2,2,3,3,1
Burnley,0,1,2,2,1,-1,0
Burnley,3,0,2,2,3,3,1
Burton United,1,1,2,2,2,0,0.5
Burton United,0,0,2,2,0,0,0.5
Burton United,1,0,2,2,1,1,1
Burton United,0,1,2,2,1,-1,0
Burton United,2,1,2,2,3,1,1
Burton United,3,1,2,2,4,2,1
Burton United,0,0,2,2,0,0,0.5
Burton United,1,2,2,2,3,-1,0
Burton United,2,3,2,2,5,-1,0
Burton United,1,2,2,2,3,-1,0
Burton United,0,2,2,2,2,-2,0
Burton United,0,1,2,2,1,-1,0
Burton United,2,1,2,2,3,1,1
Burton United,3,4,2,2,7,-1,0
Burton United,0,2,2,2,2,-2,0
Burton United,2,0,2,2,2,2,1
Burton United,0,1,2,2,1,-1,0
Burton United,2,0,2,2,2,2,1
Burton United,4,1,2,2,5,3,1
Chelsea,2,1,2,2,3,1,1
Chelsea,3,0,2,2,3,3,1
Chelsea,5,1,2,2,6,4,1
Chelsea,2,0,2,2,2,2,1
Chelsea,1,0,2,2,1,1,1
Chelsea,7,1,2,2,8,6,1
Chelsea,4,1,2,2,5,3,1
Chelsea,9,2,2,2,11,7,1
Chelsea,2,0,2,2,2,2,1
Chelsea,3,0,2,2,3,3,1
Chelsea,2,0,2,2,2,2,1
Chelsea,1,0,2,2,1,1,1
Chelsea,2,1,2,2,3,1,1
Chelsea,2,0,2,2,2,2,1
Chelsea,0,2,2,2,2,-2,0
Chelsea,2,1,2,2,3,1,1
Chelsea,2,0,2,2,2,2,1
Chelsea,2,0,2,2,2,2,1
Chelsea,4,0,2,2,4,4,1
Chesterfield,3,2,2,2,5,1,1
Chesterfield,0,1,2,2,1,-1,0
Chesterfield,3,4,2,2,7,-1,0
Chesterfield,0,1,2,2,1,-1,0
Chesterfield,2,0,2,2,2,2,1
Chesterfield,0,0,2,2,0,0,0.5
Chesterfield,7,0,2,2,7,7,1
Chesterfield,1,3,2,2,4,-2,0
Chesterfield,1,3,2,2,4,-2,0
Chesterfield,3,1,2,2,4,2,1
Chesterfield,1,0,2,2,1,1,1
Chesterfield,2,1,2,2,3,1,1
Chesterfield,2,1,2,2,3,1,1
Chesterfield,1,0,2,2,1,1,1
Chesterfield,1,1,2,2,2,0,0.5
Chesterfield,4,2,2,2,6,2,1
Chesterfield,0,2,2,2,2,-2,0
Chesterfield,2,2,2,2,4,0,0.5
Chesterfield,3,2,2,2,5,1,1
Gainsborough Trinity,1,1,2,2,2,0,0.5
Gainsborough Trinity,2,0,2,2,2,2,1
Gainsborough Trinity,4,1,2,2,5,3,1
Gainsborough Trinity,0,2,2,2,2,-2,0
Gainsborough Trinity,2,0,2,2,2,2,1
Gainsborough Trinity,1,1,2,2,2,0,0.5
Gainsborough Trinity,1,0,2,2,1,1,1
Gainsborough Trinity,2,1,2,2,3,1,1
Gainsborough Trinity,2,1,2,2,3,1,1
Gainsborough Trinity,1,1,2,2,2,0,0.5
Gainsborough Trinity,1,0,2,2,1,1,1
Gainsborough Trinity,1,2,2,2,3,-1,0
Gainsborough Trinity,3,1,2,2,4,2,1
Gainsborough Trinity,2,1,2,2,3,1,1
Gainsborough Trinity,2,3,2,2,5,-1,0
Gainsborough Trinity,2,0,2,2,2,2,1
Gainsborough Trinity,3,1,2,2,4,2,1
Gainsborough Trinity,2,4,2,2,6,-2,0
Gainsborough Trinity,1,0,2,2,1,1,1
Glossop North End,2,1,2,2,3,1,1
Glossop North End,0,0,2,2,0,0,0.5
Glossop North End,1,2,2,2,3,-1,0
Glossop North End,1,0,2,2,1,1,1
Glossop North End,2,2,2,2,4,0,0.5
Glossop North End,0,1,2,2,1,-1,0
Glossop North End,3,1,2,2,4,2,1
Glossop North End,3,1,2,2,4,2,1
Glossop North End,1,0,2,2,1,1,1
Glossop North End,2,4,2,2,6,-2,0
Glossop North End,2,0,2,2,2,2,1
Glossop North End,2,2,2,2,4,0,0.5
Glossop North End,3,0,2,2,3,3,1
Glossop North End,2,1,2,2,3,1,1
Glossop North End,0,2,2,2,2,-2,0
Glossop North End,4,0,2,2,4,4,1
Glossop North End,2,3,2,2,5,-1,0
Glossop North End,0,0,2,2,0,0,0.5
Glossop North End,2,1,2,2,3,1,1
Grimsby Town,1,0,2,2,1,1,1
Grimsby Town,0,0,2,2,0,0,0.5
Grimsby Town,0,2,2,2,2,-2,0
Grimsby Town,1,0,2,2,1,1,1
Grimsby Town,1,1,2,2,2,0,0.5
Grimsby Town,2,1,2,2,3,1,1
Grimsby Town,3,1,2,2,4,2,1
Grimsby Town,2,0,2,2,2,2,1
Grimsby Town,2,1,2,2,3,1,1
Grimsby Town,1,3,2,2,4,-2,0
Grimsby Town,4,0,2,2,4,4,1
Grimsby Town,0,1,2,2,1,-1,0
Grimsby Town,1,2,2,2,3,-1,0
Grimsby Town,4,0,2,2,4,4,1
Grimsby Town,3,1,2,2,4,2,1
Grimsby Town,2,0,2,2,2,2,1
Grimsby Town,3,1,2,2,4,2,1
Grimsby Town,2,1,2,2,3,1,1
Grimsby Town,2,1,2,2,3,1,1
Hull City,2,0,2,2,2,2,1
Hull City,3,0,2,2,3,3,1
Hull City,0,3,2,2,3,-3,0
Hull City,1,1,2,2,2,0,0.5
Hull City,3,0,2,2,3,3,1
Hull City,0,1,2,2,1,-1,0
Hull City,2,0,2,2,2,2,1
Hull City,2,4,2,2,6,-2,0
Hull City,5,0,2,2,5,5,1
Hull City,4,2,2,2,6,2,1
Hull City,2,1,2,2,3,1,1
Hull City,1,1,2,2,2,0,0.5
Hull City,2,0,2,2,2,2,1
Hull City,1,2,2,2,3,-1,0
Hull City,1,2,2,2,3,-1,0
Hull City,4,1,2,2,5,3,1
Hull City,3,0,2,2,3,3,1
Hull City,0,1,2,2,1,-1,0
Hull City,5,1,2,2,6,4,1
Leeds City,2,1,2,2,3,1,1
Leeds City,1,1,2,2,2,0,0.5
Leeds City,1,1,2,2,2,0,0.5
Leeds City,0,1,2,2,1,-1,0
Leeds City,3,1,2,2,4,2,1
Leeds City,0,1,2,2,1,-1,0
Leeds City,1,0,2,2,1,1,1
Leeds City,4,0,2,2,4,4,1
Leeds City,1,4,2,2,5,-3,0
Leeds City,4,3,2,2,7,1,1
Leeds City,2,2,2,2,4,0,0.5
Leeds City,1,1,2,2,2,0,0.5
Leeds City,3,2,2,2,5,1,1
Leeds City,1,1,2,2,2,0,0.5
Leeds City,1,4,2,2,5,-3,0
Leeds City,2,0,2,2,2,2,1
Leeds City,6,1,2,2,7,5,1
Leeds City,3,2,2,2,5,1,1
Leeds City,2,0,2,2,2,2,1
Leicester City,2,1,2,2,3,1,1
Leicester City,5,1,2,2,6,4,1
Leicester City,1,0,2,2,1,1,1
Leicester City,2,0,2,2,2,2,1
Leicester City,3,0,2,2,3,3,1
Leicester City,1,1,2,2,2,0,0.5
Leicester City,2,0,2,2,2,2,1
Leicester City,3,1,2,2,4,2,1
Leicester City,2,2,2,2,4,0,0.5
Leicester City,2,0,2,2,2,2,1
Leicester City,3,0,2,2,3,3,1
Leicester City,2,2,2,2,4,0,0.5
Leicester City,2,1,2,2,3,1,1
Leicester City,3,0,2,2,3,3,1
Leicester City,1,2,2,2,3,-1,0
Leicester City,4,1,2,2,5,3,1
Leicester City,1,0,2,2,1,1,1
Leicester City,3,0,2,2,3,3,1
Leicester City,2,0,2,2,2,2,1
Leyton Orient,1,0,2,2,1,1,1
Leyton Orient,0,0,2,2,0,0,0.5
Leyton Orient,1,1,2,2,2,0,0.5
Leyton Orient,2,1,2,2,3,1,1
Leyton Orient,1,0,2,2,1,1,1
Leyton Orient,0,1,2,2,1,-1,0
Leyton Orient,1,2,2,2,3,-1,0
Leyton Orient,3,1,2,2,4,2,1
Leyton Orient,3,0,2,2,3,3,1
Leyton Orient,1,0,2,2,1,1,1
Leyton Orient,2,1,2,2,3,1,1
Leyton Orient,1,1,2,2,2,0,0.5
Leyton Orient,1,0,2,2,1,1,1
Leyton Orient,1,1,2,2,2,0,0.5
Leyton Orient,0,1,2,2,1,-1,0
Leyton Orient,1,1,2,2,2,0,0.5
Leyton Orient,1,1,2,2,2,0,0.5
Leyton Orient,1,1,2,2,2,0,0.5
Leyton Orient,4,0,2,2,4,4,1
Lincoln City,1,0,2,2,1,1,1
Lincoln City,0,1,2,2,1,-1,0
Lincoln City,0,2,2,2,2,-2,0
Lincoln City,1,2,2,2,3,-1,0
Lincoln City,2,0,2,2,2,2,1
Lincoln City,0,5,2,2,5,-5,0
Lincoln City,1,0,2,2,1,1,1
Lincoln City,4,0,2,2,4,4,1
Lincoln City,2,1,2,2,3,1,1
Lincoln City,2,1,2,2,3,1,1
Lincoln City,0,1,2,2,1,-1,0
Lincoln City,1,1,2,2,2,0,0.5
Lincoln City,2,2,2,2,4,0,0.5
Lincoln City,3,0,2,2,3,3,1
Lincoln City,1,2,2,2,3,-1,0
Lincoln City,4,0,2,2,4,4,1
Lincoln City,3,1,2,2,4,2,1
Lincoln City,2,1,2,2,3,1,1
Lincoln City,0,4,2,2,4,-4,0
Nottingham Forest,0,0,2,2,0,0,0.5
Nottingham Forest,3,0,2,2,3,3,1
Nottingham Forest,3,0,2,2,3,3,1
Nottingham Forest,2,0,2,2,2,2,1
Nottingham Forest,2,0,2,2,2,2,1
Nottingham Forest,3,1,2,2,4,2,1
Nottingham Forest,3,1,2,2,4,2,1
Nottingham Forest,3,1,2,2,4,2,1
Nottingham Forest,2,0,2,2,2,2,1
Nottingham Forest,0,3,2,2,3,-3,0
Nottingham Forest,2,1,2,2,3,1,1
Nottingham Forest,3,0,2,2,3,3,1
Nottingham Forest,2,1,2,2,3,1,1
Nottingham Forest,4,0,2,2,4,4,1
Nottingham Forest,3,1,2,2,4,2,1
Nottingham Forest,2,2,2,2,4,0,0.5
Nottingham Forest,2,1,2,2,3,1,1
Nottingham Forest,3,1,2,2,4,2,1
Nottingham Forest,1,0,2,2,1,1,1
Port Vale,2,2,2,2,4,0,0.5
Port Vale,3,0,2,2,3,3,1
Port Vale,2,3,2,2,5,-1,0
Port Vale,4,4,2,2,8,0,0.5
Port Vale,0,0,2,2,0,0,0.5
Port Vale,2,0,2,2,2,2,1
Port Vale,2,2,2,2,4,0,0.5
Port Vale,1,0,2,2,1,1,1
Port Vale,4,1,2,2,5,3,1
Port Vale,3,2,2,2,5,1,1
Port Vale,2,1,2,2,3,1,1
Port Vale,1,2,2,2,3,-1,0
Port Vale,1,2,2,2,3,-1,0
Port Vale,3,2,2,2,5,1,1
Port Vale,4,2,2,2,6,2,1
Port Vale,4,2,2,2,6,2,1
Port Vale,5,0,2,2,5,5,1
Port Vale,2,1,2,2,3,1,1
Port Vale,0,0,2,2,0,0,0.5
Stockport County,0,0,2,2,0,0,0.5
Stockport County,0,0,2,2,0,0,0.5
Stockport County,2,1,2,2,3,1,1
Stockport County,2,1,2,2,3,1,1
Stockport County,2,0,2,2,2,2,1
Stockport County,1,2,2,2,3,-1,0
Stockport County,1,1,2,2,2,0,0.5
Stockport County,1,2,2,2,3,-1,0
Stockport County,5,0,2,2,5,5,1
Stockport County,3,0,2,2,3,3,1
Stockport County,1,1,2,2,2,0,0.5
Stockport County,2,2,2,2,4,0,0.5
Stockport County,1,0,2,2,1,1,1
Stockport County,1,1,2,2,2,0,0.5
Stockport County,1,0,2,2,1,1,1
Stockport County,0,0,2,2,0,0,0.5
Stockport County,3,0,2,2,3,3,1
Stockport County,0,1,2,2,1,-1,0
Stockport County,0,0,2,2,0,0,0.5
West Bromwich Albion,3,1,2,2,4,2,1
West Bromwich Albion,3,0,2,2,3,3,1
West Bromwich Albion,3,0,2,2,3,3,1
West Bromwich Albion,3,2,2,2,5,1,1
West Bromwich Albion,5,1,2,2,6,4,1
West Bromwich Albion,1,2,2,2,3,-1,0
West Bromwich Albion,5,2,2,2,7,3,1
West Bromwich Albion,5,0,2,2,5,5,1
West Bromwich Albion,5,1,2,2,6,4,1
West Bromwich Albion,6,1,2,2,7,5,1
West Bromwich Albion,3,0,2,2,3,3,1
West Bromwich Albion,5,0,2,2,5,5,1
West Bromwich Albion,0,1,2,2,1,-1,0
West Bromwich Albion,5,0,2,2,5,5,1
West Bromwich Albion,2,1,2,2,3,1,1
West Bromwich Albion,3,1,2,2,4,2,1
West Bromwich Albion,3,0,2,2,3,3,1
West Bromwich Albion,1,1,2,2,2,0,0.5
West Bromwich Albion,1,1,2,2,2,0,0.5
Wolverhampton Wanderers,5,1,2,2,6,4,1
Wolverhampton Wanderers,1,1,2,2,2,0,0.5
Wolverhampton Wanderers,1,1,2,2,2,0,0.5
Wolverhampton Wanderers,3,0,2,2,3,3,1
Wolverhampton Wanderers,3,0,2,2,3,3,1
Wolverhampton Wanderers,1,2,2,2,3,-1,0
Wolverhampton Wanderers,2,1,2,2,3,1,1
Wolverhampton Wanderers,1,0,2,2,1,1,1
Wolverhampton Wanderers,4,0,2,2,4,4,1
Wolverhampton Wanderers,5,0,2,2,5,5,1
Wolverhampton Wanderers,1,1,2,2,2,0,0.5
Wolverhampton Wanderers,3,2,2,2,5,1,1
Wolverhampton Wanderers,1,0,2,2,1,1,1
Wolverhampton Wanderers,6,1,2,2,7,5,1
Wolverhampton Wanderers,3,0,2,2,3,3,1
Wolverhampton Wanderers,2,0,2,2,2,2,1
Wolverhampton Wanderers,6,2,2,2,8,4,1
Wolverhampton Wanderers,1,1,2,2,2,0,0.5
Wolverhampton Wanderers,0,3,2,2,3,-3,0
Arsenal,0,1,1,1,1,-1,0
Arsenal,1,1,1,1,2,0,0.5
Arsenal,2,0,1,1,2,2,1
Arsenal,1,1,1,1,2,0,0.5
Arsenal,0,4,1,1,4,-4,0
Arsenal,0,0,1,1,0,0,0.5
Arsenal,0,0,1,1,0,0,0.5
Arsenal,2,1,1,1,3,1,1
Arsenal,2,1,1,1,3,1,1
Arsenal,2,1,1,1,3,1,1
Arsenal,1,0,1,1,1,1,1
Arsenal,4,1,1,1,5,3,1
Arsenal,2,2,1,1,4,0,0.5
Arsenal,3,1,1,1,4,2,1
Arsenal,1,1,1,1,2,0,0.5
Arsenal,1,1,1,1,2,0,0.5
Arsenal,5,1,1,1,6,4,1
Arsenal,1,1,1,1,2,0,0.5
Arsenal,4,0,1,1,4,4,1
Aston Villa,0,1,1,1,1,-1,0
Aston Villa,2,3,1,1,5,-1,0
Aston Villa,1,1,1,1,2,0,0.5
Aston Villa,2,0,1,1,2,2,1
Aston Villa,4,4,1,1,8,0,0.5
Aston Villa,2,2,1,1,4,0,0.5
Aston Villa,0,0,1,1,0,0,0.5
Aston Villa,0,2,1,1,2,-2,0
Aston Villa,5,1,1,1,6,4,1
Aston Villa,2,2,1,1,4,0,0.5
Aston Villa,1,4,1,1,5,-3,0
Aston Villa,6,0,1,1,6,6,1
Aston Villa,3,3,1,1,6,0,0.5
Aston Villa,4,0,1,1,4,4,1
Aston Villa,5,1,1,1,6,4,1
Aston Villa,3,0,1,1,3,3,1
Aston Villa,1,0,1,1,1,1,1
Aston Villa,5,0,1,1,5,5,1
Aston Villa,1,0,1,1,1,1,1
Birmingham City,1,2,1,1,3,-1,0
Birmingham City,2,3,1,1,5,-1,0
Birmingham City,1,1,1,1,2,0,0.5
Birmingham City,2,1,1,1,3,1,1
Birmingham City,0,4,1,1,4,-4,0
Birmingham City,0,1,1,1,1,-1,0
Birmingham City,1,1,1,1,2,0,0.5
Birmingham City,2,1,1,1,3,1,1
Birmingham City,1,1,1,1,2,0,0.5
Birmingham City,2,1,1,1,3,1,1
Birmingham City,3,4,1,1,7,-1,0
Birmingham City,1,4,1,1,5,-3,0
Birmingham City,1,1,1,1,2,0,0.5
Birmingham City,1,0,1,1,1,1,1
Birmingham City,0,0,1,1,0,0,0.5
Birmingham City,2,0,1,1,2,2,1
Birmingham City,0,0,1,1,0,0,0.5
Birmingham City,2,1,1,1,3,1,1
Birmingham City,0,2,1,1,2,-2,0
Blackburn Rovers,1,1,1,1,2,0,0.5
Blackburn Rovers,2,0,1,1,2,2,1
Blackburn Rovers,1,0,1,1,1,1,1
Blackburn Rovers,3,2,1,1,5,1,1
Blackburn Rovers,4,1,1,1,5,3,1
Blackburn Rovers,1,0,1,1,1,1,1
Blackburn Rovers,2,0,1,1,2,2,1
Blackburn Rovers,2,0,1,1,2,2,1
Blackburn Rovers,1,3,1,1,4,-2,0
Blackburn Rovers,0,0,1,1,0,0,0.5
Blackburn Rovers,1,5,1,1,6,-4,0
Blackburn Rovers,2,0,1,1,2,2,1
Blackburn Rovers,1,1,1,1,2,0,0.5
Blackburn Rovers,3,3,1,1,6,0,0.5
Blackburn Rovers,1,1,1,1,2,0,0.5
Blackburn Rovers,1,1,1,1,2,0,0.5
Blackburn Rovers,3,3,1,1,6,0,0.5
Blackburn Rovers,2,0,1,1,2,2,1
Blackburn Rovers,4,2,1,1,6,2,1
Bolton Wanderers,3,1,1,1,4,2,1
Bolton Wanderers,3,1,1,1,4,2,1
Bolton Wanderers,1,0,1,1,1,1,1
Bolton Wanderers,3,1,1,1,4,2,1
Bolton Wanderers,1,2,1,1,3,-1,0
Bolton Wanderers,3,6,1,1,9,-3,0
Bolton Wanderers,1,2,1,1,3,-1,0
Bolton Wanderers,3,0,1,1,3,3,1
Bolton Wanderers,0,4,1,1,4,-4,0
Bolton Wanderers,2,0,1,1,2,2,1
Bolton Wanderers,2,2,1,1,4,0,0.5
Bolton Wanderers,1,1,1,1,2,0,0.5
Bolton Wanderers,4,0,1,1,4,4,1
Bolton Wanderers,1,0,1,1,1,1,1
Bolton Wanderers,0,1,1,1,1,-1,0
Bolton Wanderers,2,0,1,1,2,2,1
Bolton Wanderers,1,1,1,1,2,0,0.5
Bolton Wanderers,2,1,1,1,3,1,1
Bolton Wanderers,2,3,1,1,5,-1,0
Bristol City,1,2,1,1,3,-1,0
Bristol City,2,2,1,1,4,0,0.5
Bristol City,0,0,1,1,0,0,0.5
Bristol City,2,2,1,1,4,0,0.5
Bristol City,2,0,1,1,2,2,1
Bristol City,1,1,1,1,2,0,0.5
Bristol City,0,0,1,1,0,0,0.5
Bristol City,3,2,1,1,5,1,1
Bristol City,2,0,1,1,2,2,1
Bristol City,2,1,1,1,3,1,1
Bristol City,1,1,1,1,2,0,0.5
Bristol City,0,1,1,1,1,-1,0
Bristol City,1,1,1,1,2,0,0.5
Bristol City,3,0,1,1,3,3,1
Bristol City,2,1,1,1,3,1,1
Bristol City,1,3,1,1,4,-2,0
Bristol City,3,2,1,1,5,1,1
Bristol City,0,2,1,1,2,-2,0
Bristol City,3,0,1,1,3,3,1
Bury,3,2,1,1,5,1,1
Bury,2,1,1,1,3,1,1
Bury,1,0,1,1,1,1,1
Bury,1,1,1,1,2,0,0.5
Bury,2,2,1,1,4,0,0.5
Bury,1,1,1,1,2,0,0.5
Bury,1,1,1,1,2,0,0.5
Bury,3,0,1,1,3,3,1
Bury,3,1,1,1,4,2,1
Bury,0,0,1,1,0,0,0.5
Bury,0,1,1,1,1,-1,0
Bury,1,4,1,1,5,-3,0
Bury,1,2,1,1,3,-1,0
Bury,0,0,1,1,0,0,0.5
Bury,0,0,1,1,0,0,0.5
Bury,5,1,1,1,6,4,1
Bury,3,2,1,1,5,1,1
Bury,0,2,1,1,2,-2,0
Bury,2,1,1,1,3,1,1
Chelsea,2,1,1,1,3,1,1
Chelsea,1,3,1,1,4,-2,0
Chelsea,2,2,1,1,4,0,0.5
Chelsea,1,0,1,1,1,1,1
Chelsea,1,3,1,1,4,-2,0
Chelsea,4,1,1,1,5,3,1
Chelsea,3,4,1,1,7,-1,0
Chelsea,2,1,1,1,3,1,1
Chelsea,0,2,1,1,2,-2,0
Chelsea,2,2,1,1,4,0,0.5
Chelsea,1,4,1,1,5,-3,0
Chelsea,1,0,1,1,1,1,1
Chelsea,2,0,1,1,2,2,1
Chelsea,0,4,1,1,4,-4,0
Chelsea,1,2,1,1,3,-1,0
Chelsea,0,0,1,1,0,0,0.5
Chelsea,2,4,1,1,6,-2,0
Chelsea,3,1,1,1,4,2,1
Chelsea,2,1,1,1,3,1,1
Everton,1,1,1,1,2,0,0.5
Everton,1,0,1,1,1,1,1
Everton,4,1,1,1,5,3,1
Everton,4,1,1,1,5,3,1
Everton,2,1,1,1,3,1,1
Everton,0,0,1,1,0,0,0.5
Everton,6,1,1,1,7,5,1
Everton,0,3,1,1,3,-3,0
Everton,2,4,1,1,6,-2,0
Everton,3,3,1,1,6,0,0.5
Everton,1,3,1,1,4,-2,0
Everton,2,1,1,1,3,1,1
Everton,2,0,1,1,2,2,1
Everton,1,0,1,1,1,1,1
Everton,1,0,1,1,1,1,1
Everton,2,1,1,1,3,1,1
Everton,2,1,1,1,3,1,1
Everton,0,0,1,1,0,0,0.5
Everton,0,3,1,1,3,-3,0
Liverpool,4,1,1,1,5,3,1
Liverpool,5,0,1,1,5,5,1
Liverpool,3,4,1,1,7,-1,0
Liverpool,2,0,1,1,2,2,1
Liverpool,1,0,1,1,1,1,1
Liverpool,3,1,1,1,4,2,1
Liverpool,2,1,1,1,3,1,1
Liverpool,1,4,1,1,5,-3,0
Liverpool,0,0,1,1,0,0,0.5
Liverpool,0,1,1,1,1,-1,0
Liverpool,7,4,1,1,11,3,1
Liverpool,0,1,1,1,1,-1,0
Liverpool,1,5,1,1,6,-4,0
Liverpool,0,0,1,1,0,0,0.5
Liverpool,6,0,1,1,6,6,1
Liverpool,1,2,1,1,3,-1,0
Liverpool,3,0,1,1,3,3,1
Liverpool,3,0,1,1,3,3,1
Liverpool,1,0,1,1,1,1,1
Manchester City,4,0,1,1,4,4,1
Manchester City,3,2,1,1,5,1,1
Manchester City,2,1,1,1,3,1,1
Manchester City,2,0,1,1,2,2,1
Manchester City,1,0,1,1,1,1,1
Manchester City,0,0,1,1,0,0,0.5
Manchester City,2,2,1,1,4,0,0.5
Manchester City,0,3,1,1,3,-3,0
Manchester City,4,2,1,1,6,2,1
Manchester City,1,1,1,1,2,0,0.5
Manchester City,0,0,1,1,0,0,0.5
Manchester City,2,1,1,1,3,1,1
Manchester City,1,0,1,1,1,1,1
Manchester City,4,2,1,1,6,2,1
Manchester City,2,1,1,1,3,1,1
Manchester City,5,0,1,1,5,5,1
Manchester City,0,2,1,1,2,-2,0
Manchester City,3,2,1,1,5,1,1
Manchester City,0,0,1,1,0,0,0.5
Manchester United,4,2,1,1,6,2,1
Manchester United,1,2,1,1,3,-1,0
Manchester United,1,0,1,1,1,1,1
Manchester United,1,2,1,1,3,-1,0
Manchester United,2,1,1,1,3,1,1
Manchester United,2,1,1,1,3,1,1
Manchester United,2,1,1,1,3,1,1
Manchester United,1,0,1,1,1,1,1
Manchester United,4,3,1,1,7,1,1
Manchester United,4,0,1,1,4,4,1
Manchester United,3,1,1,1,4,2,1
Manchester United,2,1,1,1,3,1,1
Manchester United,1,1,1,1,2,0,0.5
Manchester United,4,0,1,1,4,4,1
Manchester United,0,1,1,1,1,-1,0
Manchester United,2,1,1,1,3,1,1
Manchester United,2,1,1,1,3,1,1
Manchester United,4,1,1,1,5,3,1
Manchester United,3,0,1,1,3,3,1
Middlesbrough,0,0,1,1,0,0,0.5
Middlesbrough,0,1,1,1,1,-1,0
Middlesbrough,1,0,1,1,1,1,1
Middlesbrough,3,0,1,1,3,3,1
Middlesbrough,0,1,1,1,1,-1,0
Middlesbrough,0,2,1,1,2,-2,0
Middlesbrough,0,2,1,1,2,-2,0
Middlesbrough,3,1,1,1,4,2,1
Middlesbrough,0,2,1,1,2,-2,0
Middlesbrough,3,1,1,1,4,2,1
Middlesbrough,2,0,1,1,2,2,1
Middlesbrough,2,1,1,1,3,1,1
Middlesbrough,2,1,1,1,3,1,1
Middlesbrough,1,1,1,1,2,0,0.5
Middlesbrough,3,1,1,1,4,2,1
Middlesbrough,1,0,1,1,1,1,1
Middlesbrough,2,0,1,1,2,2,1
Middlesbrough,6,1,1,1,7,5,1
Middlesbrough,3,1,1,1,4,2,1
Newcastle United,2,1,1,1,3,1,1
Newcastle United,2,5,1,1,7,-3,0
Newcastle United,8,0,1,1,8,8,1
Newcastle United,3,0,1,1,3,3,1
Newcastle United,3,0,1,1,3,3,1
Newcastle United,2,0,1,1,2,2,1
Newcastle United,3,0,1,1,3,3,1
Newcastle United,1,0,1,1,1,1,1
Newcastle United,2,1,1,1,3,1,1
Newcastle United,3,1,1,1,4,2,1
Newcastle United,1,1,1,1,2,0,0.5
Newcastle United,1,6,1,1,7,-5,0
Newcastle United,1,1,1,1,2,0,0.5
Newcastle United,3,0,1,1,3,3,1
Newcastle United,1,1,1,1,2,0,0.5
Newcastle United,0,0,1,1,0,0,0.5
Newcastle United,2,3,1,1,5,-1,0
Newcastle United,2,1,1,1,3,1,1
Newcastle United,1,3,1,1,4,-2,0
Nottingham Forest,1,0,1,1,1,1,1
Nottingham Forest,2,2,1,1,4,0,0.5
Nottingham Forest,1,1,1,1,2,0,0.5
Nottingham Forest,3,2,1,1,5,1,1
Nottingham Forest,1,0,1,1,1,1,1
Nottingham Forest,3,1,1,1,4,2,1
Nottingham Forest,1,2,1,1,3,-1,0
Nottingham Forest,6,0,1,1,6,6,1
Nottingham Forest,5,2,1,1,7,3,1
Nottingham Forest,3,1,1,1,4,2,1
Nottingham Forest,3,1,1,1,4,2,1
Nottingham Forest,2,0,1,1,2,2,1
Nottingham Forest,0,3,1,1,3,-3,0
Nottingham Forest,0,0,1,1,0,0,0.5
Nottingham Forest,2,0,1,1,2,2,1
Nottingham Forest,2,2,1,1,4,0,0.5
Nottingham Forest,1,1,1,1,2,0,0.5
Nottingham Forest,2,2,1,1,4,0,0.5
Nottingham Forest,4,1,1,1,5,3,1
Notts County,2,0,1,1,2,2,1
Notts County,0,3,1,1,3,-3,0
Notts County,0,0,1,1,0,0,0.5
Notts County,0,2,1,1,2,-2,0
Notts County,0,1,1,1,1,-1,0
Notts County,3,1,1,1,4,2,1
Notts County,2,1,1,1,3,1,1
Notts County,2,0,1,1,2,2,1
Notts County,2,1,1,1,3,1,1
Notts County,2,2,1,1,4,0,0.5
Notts County,1,0,1,1,1,1,1
Notts County,1,1,1,1,2,0,0.5
Notts County,2,0,1,1,2,2,1
Notts County,0,1,1,1,1,-1,0
Notts County,2,0,1,1,2,2,1
Notts County,0,1,1,1,1,-1,0
Notts County,0,3,1,1,3,-3,0
Notts County,1,2,1,1,3,-1,0
Notts County,4,0,1,1,4,4,1
Preston North End,3,0,1,1,3,3,1
Preston North End,3,0,1,1,3,3,1
Preston North End,1,1,1,1,2,0,0.5
Preston North End,1,1,1,1,2,0,0.5
Preston North End,2,0,1,1,2,2,1
Preston North End,3,0,1,1,3,3,1
Preston North End,3,1,1,1,4,2,1
Preston North End,2,4,1,1,6,-2,0
Preston North End,2,2,1,1,4,0,0.5
Preston North End,3,0,1,1,3,3,1
Preston North End,2,4,1,1,6,-2,0
Preston North End,0,0,1,1,0,0,0.5
Preston North End,1,1,1,1,2,0,0.5
Preston North End,2,0,1,1,2,2,1
Preston North End,0,1,1,1,1,-1,0
Preston North End,1,0,1,1,1,1,1
Preston North End,0,0,1,1,0,0,0.5
Preston North End,1,1,1,1,2,0,0.5
Preston North End,3,2,1,1,5,1,1
Sheffield United,2,2,1,1,4,0,0.5
Sheffield United,1,1,1,1,2,0,0.5
Sheffield United,1,0,1,1,1,1,1
Sheffield United,4,2,1,1,6,2,1
Sheffield United,1,0,1,1,1,1,1
Sheffield United,2,0,1,1,2,2,1
Sheffield United,0,2,1,1,2,-2,0
Sheffield United,0,3,1,1,3,-3,0
Sheffield United,2,0,1,1,2,2,1
Sheffield United,0,0,1,1,0,0,0.5
Sheffield United,1,2,1,1,3,-1,0
Sheffield United,2,0,1,1,2,2,1
Sheffield United,0,0,1,1,0,0,0.5
Sheffield United,1,1,1,1,2,0,0.5
Sheffield United,2,2,1,1,4,0,0.5
Sheffield United,0,1,1,1,1,-1,0
Sheffield United,2,0,1,1,2,2,1
Sheffield United,1,3,1,1,4,-2,0
Sheffield United,5,3,1,1,8,2,1
Sheffield Wednesday,6,0,1,1,6,6,1
Sheffield Wednesday,2,3,1,1,5,-1,0
Sheffield Wednesday,1,4,1,1,5,-3,0
Sheffield Wednesday,2,0,1,1,2,2,1
Sheffield Wednesday,5,2,1,1,7,3,1
Sheffield Wednesday,5,3,1,1,8,2,1
Sheffield Wednesday,2,0,1,1,2,2,1
Sheffield Wednesday,3,1,1,1,4,2,1
Sheffield Wednesday,1,2,1,1,3,-1,0
Sheffield Wednesday,1,2,1,1,3,-1,0
Sheffield Wednesday,5,1,1,1,6,4,1
Sheffield Wednesday,2,0,1,1,2,2,1
Sheffield Wednesday,3,2,1,1,5,1,1
Sheffield Wednesday,3,1,1,1,4,2,1
Sheffield Wednesday,2,1,1,1,3,1,1
Sheffield Wednesday,2,0,1,1,2,2,1
Sheffield Wednesday,1,0,1,1,1,1,1
Sheffield Wednesday,2,0,1,1,2,2,1
Sheffield Wednesday,2,3,1,1,5,-1,0
Sunderland,5,2,1,1,7,3,1
Sunderland,3,0,1,1,3,3,1
Sunderland,1,0,1,1,1,1,1
Sunderland,4,0,1,1,4,4,1
Sunderland,1,2,1,1,3,-1,0
Sunderland,3,3,1,1,6,0,0.5
Sunderland,6,2,1,1,8,4,1
Sunderland,3,0,1,1,3,3,1
Sunderland,1,2,1,1,3,-1,0
Sunderland,1,0,1,1,1,1,1
Sunderland,2,5,1,1,7,-3,0
Sunderland,1,2,1,1,3,-1,0
Sunderland,0,0,1,1,0,0,0.5
Sunderland,2,4,1,1,6,-2,0
Sunderland,7,2,1,1,9,5,1
Sunderland,4,3,1,1,7,1,1
Sunderland,4,1,1,1,5,3,1
Sunderland,4,1,1,1,5,3,1
Sunderland,1,2,1,1,3,-1,0
Barnsley,0,0,2,2,0,0,0.5
Barnsley,1,2,2,2,3,-1,0
Barnsley,2,3,2,2,5,-1,0
Barnsley,5,2,2,2,7,3,1
Barnsley,2,4,2,2,6,-2,0
Barnsley,6,0,2,2,6,6,1
Barnsley,1,2,2,2,3,-1,0
Barnsley,4,1,2,2,5,3,1
Barnsley,2,1,2,2,3,1,1
Barnsley,4,2,2,2,6,2,1
Barnsley,1,3,2,2,4,-2,0
Barnsley,1,3,2,2,4,-2,0
Barnsley,2,2,2,2,4,0,0.5
Barnsley,2,1,2,2,3,1,1
Barnsley,2,1,2,2,3,1,1
Barnsley,0,0,2,2,0,0,0.5
Barnsley,0,1,2,2,1,-1,0
Barnsley,1,3,2,2,4,-2,0
Barnsley,5,0,2,2,5,5,1
Blackpool,1,1,2,2,2,0,0.5
Blackpool,2,1,2,2,3,1,1
Blackpool,1,0,2,2,1,1,1
Blackpool,2,0,2,2,2,2,1
Blackpool,1,0,2,2,1,1,1
Blackpool,2,1,2,2,3,1,1
Blackpool,0,1,2,2,1,-1,0
Blackpool,4,0,2,2,4,4,1
Blackpool,3,0,2,2,3,3,1
Blackpool,1,1,2,2,2,0,0.5
Blackpool,2,3,2,2,5,-1,0
Blackpool,2,2,2,2,4,0,0.5
Blackpool,5,0,2,2,5,5,1
Blackpool,4,3,2,2,7,1,1
Blackpool,1,0,2,2,1,1,1
Blackpool,1,3,2,2,4,-2,0
Blackpool,1,0,2,2,1,1,1
Blackpool,0,1,2,2,1,-1,0
Blackpool,0,2,2,2,2,-2,0
Bradford City,2,0,2,2,2,2,1
Bradford City,3,0,2,2,3,3,1
Bradford City,2,0,2,2,2,2,1
Bradford City,8,1,2,2,9,7,1
Bradford City,3,1,2,2,4,2,1
Bradford City,1,3,2,2,4,-2,0
Bradford City,7,1,2,2,8,6,1
Bradford City,2,1,2,2,3,1,1
Bradford City,1,1,2,2,2,0,0.5
Bradford City,2,1,2,2,3,1,1
Bradford City,5,0,2,2,5,5,1
Bradford City,1,5,2,2,6,-4,0
Bradford City,1,0,2,2,1,1,1
Bradford City,2,0,2,2,2,2,1
Bradford City,1,0,2,2,1,1,1
Bradford City,5,0,2,2,5,5,1
Bradford City,6,0,2,2,6,6,1
Bradford City,0,0,2,2,0,0,0.5
Bradford City,6,2,2,2,8,4,1
Burnley,4,1,2,2,5,3,1
Burnley,2,1,2,2,3,1,1
Burnley,2,1,2,2,3,1,1
Burnley,1,1,2,2,2,0,0.5
Burnley,2,2,2,2,4,0,0.5
Burnley,0,1,2,2,1,-1,0
Burnley,2,0,2,2,2,2,1
Burnley,1,0,2,2,1,1,1
Burnley,5,1,2,2,6,4,1
Burnley,5,0,2,2,5,5,1
Burnley,1,0,2,2,1,1,1
Burnley,4,1,2,2,5,3,1
Burnley,3,0,2,2,3,3,1
Burnley,1,2,2,2,3,-1,0
Burnley,2,1,2,2,3,1,1
Burnley,4,0,2,2,4,4,1
Burnley,3,1,2,2,4,2,1
Burnley,1,1,2,2,2,0,0.5
Burnley,1,0,2,2,1,1,1
Chesterfield,1,3,2,2,4,-2,0
Chesterfield,3,2,2,2,5,1,1
Chesterfield,1,1,2,2,2,0,0.5
Chesterfield,2,4,2,2,6,-2,0
Chesterfield,0,2,2,2,2,-2,0
Chesterfield,1,1,2,2,2,0,0.5
Chesterfield,2,2,2,2,4,0,0.5
Chesterfield,3,7,2,2,10,-4,0
Chesterfield,0,0,2,2,0,0,0.5
Chesterfield,1,2,2,2,3,-1,0
Chesterfield,4,3,2,2,7,1,1
Chesterfield,2,2,2,2,4,0,0.5
Chesterfield,1,1,2,2,2,0,0.5
Chesterfield,2,1,2,2,3,1,1
Chesterfield,1,2,2,2,3,-1,0
Chesterfield,4,1,2,2,5,3,1
Chesterfield,2,4,2,2,6,-2,0
Chesterfield,1,0,2,2,1,1,1
Chesterfield,2,0,2,2,2,2,1
Derby County,3,0,2,2,3,3,1
Derby County,2,1,2,2,3,1,1
Derby County,2,3,2,2,5,-1,0
Derby County,1,0,2,2,1,1,1
Derby County,0,0,2,2,0,0,0.5
Derby County,0,1,2,2,1,-1,0
Derby County,5,2,2,2,7,3,1
Derby County,2,0,2,2,2,2,1
Derby County,4,0,2,2,4,4,1
Derby County,4,1,2,2,5,3,1
Derby County,6,1,2,2,7,5,1
Derby County,1,2,2,2,3,-1,0
Derby County,4,0,2,2,4,4,1
Derby County,4,0,2,2,4,4,1
Derby County,1,0,2,2,1,1,1
Derby County,3,0,2,2,3,3,1
Derby County,3,0,2,2,3,3,1
Derby County,2,0,2,2,2,2,1
Derby County,3,2,2,2,5,1,1
Fulham,2,0,2,2,2,2,1
Fulham,3,0,2,2,3,3,1
Fulham,0,2,2,2,2,-2,0
Fulham,2,1,2,2,3,1,1
Fulham,5,0,2,2,5,5,1
Fulham,0,0,2,2,0,0,0.5
Fulham,6,0,2,2,6,6,1
Fulham,6,1,2,2,7,5,1
Fulham,0,1,2,2,1,-1,0
Fulham,0,1,2,2,1,-1,0
Fulham,2,0,2,2,2,2,1
Fulham,5,1,2,2,6,4,1
Fulham,4,0,2,2,4,4,1
Fulham,6,1,2,2,7,5,1
Fulham,1,2,2,2,3,-1,0
Fulham,0,1,2,2,1,-1,0
Fulham,5,1,2,2,6,4,1
Fulham,1,1,2,2,2,0,0.5
Fulham,2,1,2,2,3,1,1
Gainsborough Trinity,0,1,2,2,1,-1,0
Gainsborough Trinity,2,1,2,2,3,1,1
Gainsborough Trinity,1,5,2,2,6,-4,0
Gainsborough Trinity,2,0,2,2,2,2,1
Gainsborough Trinity,2,1,2,2,3,1,1
Gainsborough Trinity,1,4,2,2,5,-3,0
Gainsborough Trinity,3,3,2,2,6,0,0.5
Gainsborough Trinity,1,0,2,2,1,1,1
Gainsborough Trinity,3,2,2,2,5,1,1
Gainsborough Trinity,1,2,2,2,3,-1,0
Gainsborough Trinity,2,1,2,2,3,1,1
Gainsborough Trinity,1,1,2,2,2,0,0.5
Gainsborough Trinity,0,0,2,2,0,0,0.5
Gainsborough Trinity,5,1,2,2,6,4,1
Gainsborough Trinity,1,1,2,2,2,0,0.5
Gainsborough Trinity,3,2,2,2,5,1,1
Gainsborough Trinity,2,0,2,2,2,2,1
Gainsborough Trinity,1,2,2,2,3,-1,0
Gainsborough Trinity,0,1,2,2,1,-1,0
Glossop North End,3,1,2,2,4,2,1
Glossop North End,2,2,2,2,4,0,0.5
Glossop North End,2,2,2,2,4,0,0.5
Glossop North End,3,1,2,2,4,2,1
Glossop North End,3,2,2,2,5,1,1
Glossop North End,2,3,2,2,5,-1,0
Glossop North End,1,2,2,2,3,-1,0
Glossop North End,1,0,2,2,1,1,1
Glossop North End,1,2,2,2,3,-1,0
Glossop North End,5,1,2,2,6,4,1
Glossop North End,0,2,2,2,2,-2,0
Glossop North End,2,3,2,2,5,-1,0
Glossop North End,2,1,2,2,3,1,1
Glossop North End,3,1,2,2,4,2,1
Glossop North End,0,0,2,2,0,0,0.5
Glossop North End,1,1,2,2,2,0,0.5
Glossop North End,2,0,2,2,2,2,1
Glossop North End,2,1,2,2,3,1,1
Glossop North End,1,1,2,2,2,0,0.5
Grimsby Town,4,1,2,2,5,3,1
Grimsby Town,2,2,2,2,4,0,0.5
Grimsby Town,0,1,2,2,1,-1,0
Grimsby Town,0,1,2,2,1,-1,0
Grimsby Town,4,3,2,2,7,1,1
Grimsby Town,1,0,2,2,1,1,1
Grimsby Town,0,4,2,2,4,-4,0
Grimsby Town,1,4,2,2,5,-3,0
Grimsby Town,4,0,2,2,4,4,1
Grimsby Town,1,1,2,2,2,0,0.5
Grimsby Town,2,0,2,2,2,2,1
Grimsby Town,1,1,2,2,2,0,0.5
Grimsby Town,0,0,2,2,0,0,0.5
Grimsby Town,0,2,2,2,2,-2,0
Grimsby Town,2,0,2,2,2,2,1
Grimsby Town,2,1,2,2,3,1,1
Grimsby Town,1,0,2,2,1,1,1
Grimsby Town,2,2,2,2,4,0,0.5
Grimsby Town,0,1,2,2,1,-1,0
Hull City,2,0,2,2,2,2,1
Hull City,3,2,2,2,5,1,1
Hull City,0,2,2,2,2,-2,0
Hull City,3,1,2,2,4,2,1
Hull City,2,0,2,2,2,2,1
Hull City,4,0,2,2,4,4,1
Hull City,1,2,2,2,3,-1,0
Hull City,0,1,2,2,1,-1,0
Hull City,3,2,2,2,5,1,1
Hull City,4,2,2,2,6,2,1
Hull City,4,1,2,2,5,3,1
Hull City,3,2,2,2,5,1,1
Hull City,5,0,2,2,5,5,1
Hull City,5,3,2,2,8,2,1
Hull City,3,2,2,2,5,1,1
Hull City,0,0,2,2,0,0,0.5
Hull City,2,1,2,2,3,1,1
Hull City,4,2,2,2,6,2,1
Hull City,2,0,2,2,2,2,1
Leeds City,1,1,2,2,2,0,0.5
Leeds City,1,1,2,2,2,0,0.5
Leeds City,0,1,2,2,1,-1,0
Leeds City,2,2,2,2,4,0,0.5
Leeds City,0,0,2,2,0,0,0.5
Leeds City,5,1,2,2,6,4,1
Leeds City,0,1,2,2,1,-1,0
Leeds City,0,0,2,2,0,0,0.5
Leeds City,2,1,2,2,3,1,1
Leeds City,4,1,2,2,5,3,1
Leeds City,3,2,2,2,5,1,1
Leeds City,0,0,2,2,0,0,0.5
Leeds City,5,2,2,2,7,3,1
Leeds City,2,1,2,2,3,1,1
Leeds City,1,2,2,2,3,-1,0
Leeds City,3,0,2,2,3,3,1
Leeds City,0,1,2,2,1,-1,0
Leeds City,1,0,2,2,1,1,1
Leeds City,3,1,2,2,4,2,1
Leicester City,4,0,2,2,4,4,1
Leicester City,2,1,2,2,3,1,1
Leicester City,2,1,2,2,3,1,1
Leicester City,3,1,2,2,4,2,1
Leicester City,3,1,2,2,4,2,1
Leicester City,1,3,2,2,4,-2,0
Leicester City,2,3,2,2,5,-1,0
Leicester City,3,0,2,2,3,3,1
Leicester City,3,1,2,2,4,2,1
Leicester City,1,1,2,2,2,0,0.5
Leicester City,3,2,2,2,5,1,1
Leicester City,2,2,2,2,4,0,0.5
Leicester City,0,2,2,2,2,-2,0
Leicester City,1,0,2,2,1,1,1
Leicester City,4,1,2,2,5,3,1
Leicester City,2,1,2,2,3,1,1
Leicester City,1,0,2,2,1,1,1
Leicester City,3,0,2,2,3,3,1
Leicester City,1,0,2,2,1,1,1
Leyton Orient,2,0,2,2,2,2,1
Leyton Orient,1,1,2,2,2,0,0.5
Leyton Orient,0,3,2,2,3,-3,0
Leyton Orient,0,1,2,2,1,-1,0
Leyton Orient,5,1,2,2,6,4,1
Leyton Orient,1,0,2,2,1,1,1
Leyton Orient,0,1,2,2,1,-1,0
Leyton Orient,2,0,2,2,2,2,1
Leyton Orient,0,0,2,2,0,0,0.5
Leyton Orient,2,1,2,2,3,1,1
Leyton Orient,1,0,2,2,1,1,1
Leyton Orient,0,0,2,2,0,0,0.5
Leyton Orient,0,1,2,2,1,-1,0
Leyton Orient,2,0,2,2,2,2,1
Leyton Orient,2,0,2,2,2,2,1
Leyton Orient,4,1,2,2,5,3,1
Leyton Orient,3,0,2,2,3,3,1
Leyton Orient,2,2,2,2,4,0,0.5
Leyton Orient,1,1,2,2,2,0,0.5
Lincoln City,0,2,2,2,2,-2,0
Lincoln City,2,0,2,2,2,2,1
Lincoln City,2,4,2,2,6,-2,0
Lincoln City,1,3,2,2,4,-2,0
Lincoln City,4,0,2,2,4,4,1
Lincoln City,1,0,2,2,1,1,1
Lincoln City,2,4,2,2,6,-2,0
Lincoln City,2,0,2,2,2,2,1
Lincoln City,0,1,2,2,1,-1,0
Lincoln City,1,0,2,2,1,1,1
Lincoln City,0,1,2,2,1,-1,0
Lincoln City,5,0,2,2,5,5,1
Lincoln City,0,3,2,2,3,-3,0
Lincoln City,2,2,2,2,4,0,0.5
Lincoln City,0,2,2,2,2,-2,0
Lincoln City,1,1,2,2,2,0,0.5
Lincoln City,1,2,2,2,3,-1,0
Lincoln City,0,2,2,2,2,-2,0
Lincoln City,3,1,2,2,4,2,1
Oldham Athletic,1,0,2,2,1,1,1
Oldham Athletic,3,2,2,2,5,1,1
Oldham Athletic,4,0,2,2,4,4,1
Oldham Athletic,1,1,2,2,2,0,0.5
Oldham Athletic,4,0,2,2,4,4,1
Oldham Athletic,3,1,2,2,4,2,1
Oldham Athletic,3,3,2,2,6,0,0.5
Oldham Athletic,4,1,2,2,5,3,1
Oldham Athletic,0,0,2,2,0,0,0.5
Oldham Athletic,2,0,2,2,2,2,1
Oldham Athletic,3,0,2,2,3,3,1
Oldham Athletic,4,2,2,2,6,2,1
Oldham Athletic,1,1,2,2,2,0,0.5
Oldham Athletic,4,1,2,2,5,3,1
Oldham Athletic,4,0,2,2,4,4,1
Oldham Athletic,5,0,2,2,5,5,1
Oldham Athletic,3,1,2,2,4,2,1
Oldham Athletic,2,1,2,2,3,1,1
Oldham Athletic,2,0,2,2,2,2,1
Stockport County,2,0,2,2,2,2,1
Stockport County,1,1,2,2,2,0,0.5
Stockport County,1,1,2,2,2,0,0.5
Stockport County,1,3,2,2,4,-2,0
Stockport County,1,0,2,2,1,1,1
Stockport County,2,1,2,2,3,1,1
Stockport County,2,0,2,2,2,2,1
Stockport County,1,1,2,2,2,0,0.5
Stockport County,3,2,2,2,5,1,1
Stockport County,3,0,2,2,3,3,1
Stockport County,2,3,2,2,5,-1,0
Stockport County,2,1,2,2,3,1,1
Stockport County,2,1,2,2,3,1,1
Stockport County,6,1,2,2,7,5,1
Stockport County,1,1,2,2,2,0,0.5
Stockport County,2,3,2,2,5,-1,0
Stockport County,1,2,2,2,3,-1,0
Stockport County,1,2,2,2,3,-1,0
Stockport County,1,3,2,2,4,-2,0
Stoke City,4,0,2,2,4,4,1
Stoke City,3,1,2,2,4,2,1
Stoke City,3,0,2,2,3,3,1
Stoke City,0,0,2,2,0,0,0.5
Stoke City,1,1,2,2,2,0,0.5
Stoke City,0,3,2,2,3,-3,0
Stoke City,6,1,2,2,7,5,1
Stoke City,5,0,2,2,5,5,1
Stoke City,4,0,2,2,4,4,1
Stoke City,5,0,2,2,5,5,1
Stoke City,1,1,2,2,2,0,0.5
Stoke City,2,1,2,2,3,1,1
Stoke City,0,1,2,2,1,-1,0
Stoke City,3,0,2,2,3,3,1
Stoke City,3,0,2,2,3,3,1
Stoke City,1,3,2,2,4,-2,0
Stoke City,1,0,2,2,1,1,1
Stoke City,1,1,2,2,2,0,0.5
Stoke City,0,0,2,2,0,0,0.5
West Bromwich Albion,1,1,2,2,2,0,0.5
West Bromwich Albion,3,0,2,2,3,3,1
West Bromwich Albion,3,2,2,2,5,1,1
West Bromwich Albion,5,0,2,2,5,5,1
West Bromwich Albion,4,0,2,2,4,4,1
West Bromwich Albion,1,0,2,2,1,1,1
West Bromwich Albion,3,1,2,2,4,2,1
West Bromwich Albion,0,1,2,2,1,-1,0
West Bromwich Albion,1,1,2,2,2,0,0.5
West Bromwich Albion,1,2,2,2,3,-1,0
West Bromwich Albion,1,0,2,2,1,1,1
West Bromwich Albion,1,0,2,2,1,1,1
West Bromwich Albion,1,1,2,2,2,0,0.5
West Bromwich Albion,3,0,2,2,3,3,1
West Bromwich Albion,5,2,2,2,7,3,1
West Bromwich Albion,1,2,2,2,3,-1,0
West Bromwich Albion,2,0,2,2,2,2,1
West Bromwich Albion,1,0,2,2,1,1,1
West Bromwich Albion,1,0,2,2,1,1,1
Wolverhampton Wanderers,0,1,2,2,1,-1,0
Wolverhampton Wanderers,1,0,2,2,1,1,1
Wolverhampton Wanderers,0,0,2,2,0,0,0.5
Wolverhampton Wanderers,5,1,2,2,6,4,1
Wolverhampton Wanderers,0,0,2,2,0,0,0.5
Wolverhampton Wanderers,2,2,2,2,4,0,0.5
Wolverhampton Wanderers,2,0,2,2,2,2,1
Wolverhampton Wanderers,1,0,2,2,1,1,1
Wolverhampton Wanderers,5,0,2,2,5,5,1
Wolverhampton Wanderers,5,1,2,2,6,4,1
Wolverhampton Wanderers,1,2,2,2,3,-1,0
Wolverhampton Wanderers,2,0,2,2,2,2,1
Wolverhampton Wanderers,0,0,2,2,0,0,0.5
Wolverhampton Wanderers,2,0,2,2,2,2,1
Wolverhampton Wanderers,3,0,2,2,3,3,1
Wolverhampton Wanderers,2,1,2,2,3,1,1
Wolverhampton Wanderers,0,1,2,2,1,-1,0
Wolverhampton Wanderers,2,0,2,2,2,2,1
Wolverhampton Wanderers,1,2,2,2,3,-1,0
Arsenal,0,1,1,1,1,-1,0
Arsenal,0,1,1,1,1,-1,0
Arsenal,1,0,1,1,1,1,1
Arsenal,1,1,1,1,2,0,0.5
Arsenal,4,0,1,1,4,4,1
Arsenal,0,0,1,1,0,0,0.5
Arsenal,0,4,1,1,4,-4,0
Arsenal,2,1,1,1,3,1,1
Arsenal,5,0,1,1,5,5,1
Arsenal,3,0,1,1,3,3,1
Arsenal,0,1,1,1,1,-1,0
Arsenal,1,1,1,1,2,0,0.5
Arsenal,1,2,1,1,3,-1,0
Arsenal,1,2,1,1,3,-1,0
Arsenal,1,0,1,1,1,1,1
Arsenal,1,0,1,1,1,1,1
Arsenal,1,0,1,1,1,1,1
Arsenal,2,0,1,1,2,2,1
Arsenal,0,4,1,1,4,-4,0
Aston Villa,2,1,1,1,3,1,1
Aston Villa,1,1,1,1,2,0,0.5
Aston Villa,1,3,1,1,4,-2,0
Aston Villa,1,1,1,1,2,0,0.5
Aston Villa,3,0,1,1,3,3,1
Aston Villa,0,0,1,1,0,0,0.5
Aston Villa,3,1,1,1,4,2,1
Aston Villa,1,1,1,1,2,0,0.5
Aston Villa,1,1,1,1,2,0,0.5
Aston Villa,2,1,1,1,3,1,1
Aston Villa,3,1,1,1,4,2,1
Aston Villa,0,3,1,1,3,-3,0
Aston Villa,3,0,1,1,3,3,1
Aston Villa,1,2,1,1,3,-1,0
Aston Villa,1,1,1,1,2,0,0.5
Aston Villa,2,4,1,1,6,-2,0
Aston Villa,3,0,1,1,3,3,1
Aston Villa,1,1,1,1,2,0,0.5
Aston Villa,2,0,1,1,2,2,1
Blackburn Rovers,1,3,1,1,4,-2,0
Blackburn Rovers,3,1,1,1,4,2,1
Blackburn Rovers,1,1,1,1,2,0,0.5
Blackburn Rovers,1,1,1,1,2,0,0.5
Blackburn Rovers,0,1,1,1,1,-1,0
Blackburn Rovers,2,0,1,1,2,2,1
Blackburn Rovers,0,0,1,1,0,0,0.5
Blackburn Rovers,3,0,1,1,3,3,1
Blackburn Rovers,1,0,1,1,1,1,1
Blackburn Rovers,3,2,1,1,5,1,1
Blackburn Rovers,1,3,1,1,4,-2,0
Blackburn Rovers,0,0,1,1,0,0,0.5
Blackburn Rovers,2,4,1,1,6,-2,0
Blackburn Rovers,0,3,1,1,3,-3,0
Blackburn Rovers,0,2,1,1,2,-2,0
Blackburn Rovers,1,1,1,1,2,0,0.5
Blackburn Rovers,0,1,1,1,1,-1,0
Blackburn Rovers,2,2,1,1,4,0,0.5
Blackburn Rovers,8,1,1,1,9,7,1
Bradford City,4,1,1,1,5,3,1
Bradford City,1,1,1,1,2,0,0.5
Bradford City,0,2,1,1,2,-2,0
Bradford City,0,1,1,1,1,-1,0
Bradford City,4,1,1,1,5,3,1
Bradford City,3,0,1,1,3,3,1
Bradford City,1,1,1,1,2,0,0.5
Bradford City,4,1,1,1,5,3,1
Bradford City,0,2,1,1,2,-2,0
Bradford City,0,0,1,1,0,0,0.5
Bradford City,1,0,1,1,1,1,1
Bradford City,0,2,1,1,2,-2,0
Bradford City,1,2,1,1,3,-1,0
Bradford City,1,1,1,1,2,0,0.5
Bradford City,2,2,1,1,4,0,0.5
Bradford City,2,0,1,1,2,2,1
Bradford City,3,1,1,1,4,2,1
Bradford City,0,0,1,1,0,0,0.5
Bradford City,0,2,1,1,2,-2,0
Bristol City,2,1,1,1,3,1,1
Bristol City,0,0,1,1,0,0,0.5
Bristol City,1,4,1,1,5,-3,0
Bristol City,0,1,1,1,1,-1,0
Bristol City,4,2,1,1,6,2,1
Bristol City,1,0,1,1,1,1,1
Bristol City,0,2,1,1,2,-2,0
Bristol City,1,1,1,1,2,0,0.5
Bristol City,1,0,1,1,1,1,1
Bristol City,1,0,1,1,1,1,1
Bristol City,0,0,1,1,0,0,0.5
Bristol City,1,1,1,1,2,0,0.5
Bristol City,3,3,1,1,6,0,0.5
Bristol City,2,1,1,1,3,1,1
Bristol City,1,0,1,1,1,1,1
Bristol City,2,3,1,1,5,-1,0
Bristol City,1,1,1,1,2,0,0.5
Bristol City,1,1,1,1,2,0,0.5
Bristol City,2,4,1,1,6,-2,0
Bury,1,1,1,1,2,0,0.5
Bury,1,2,1,1,3,-1,0
Bury,1,1,1,1,2,0,0.5
Bury,2,1,1,1,3,1,1
Bury,1,2,1,1,3,-1,0
Bury,2,1,1,1,3,1,1
Bury,2,2,1,1,4,0,0.5
Bury,2,2,1,1,4,0,0.5
Bury,2,1,1,1,3,1,1
Bury,1,0,1,1,1,1,1
Bury,2,2,1,1,4,0,0.5
Bury,2,1,1,1,3,1,1
Bury,1,1,1,1,2,0,0.5
Bury,3,2,1,1,5,1,1
Bury,3,1,1,1,4,2,1
Bury,0,1,1,1,1,-1,0
Bury,1,2,1,1,3,-1,0
Bury,4,2,1,1,6,2,1
Bury,4,2,1,1,6,2,1
Chelsea,1,2,1,1,3,-1,0
Chelsea,0,2,1,1,2,-2,0
Chelsea,1,1,1,1,2,0,0.5
Chelsea,1,1,1,1,2,0,0.5
Chelsea,3,1,1,1,4,2,1
Chelsea,4,1,1,1,5,3,1
Chelsea,3,3,1,1,6,0,0.5
Chelsea,1,0,1,1,1,1,1
Chelsea,3,0,1,1,3,3,1
Chelsea,1,2,1,1,3,-1,0
Chelsea,1,1,1,1,2,0,0.5
Chelsea,3,0,1,1,3,3,1
Chelsea,1,2,1,1,3,-1,0
Chelsea,2,1,1,1,3,1,1
Chelsea,3,2,1,1,5,1,1
Chelsea,0,0,1,1,0,0,0.5
Chelsea,1,1,1,1,2,0,0.5
Chelsea,2,2,1,1,4,0,0.5
Chelsea,2,0,1,1,2,2,1
Everton,0,3,1,1,3,-3,0
Everton,3,1,1,1,4,2,1
Everton,4,4,1,1,8,0,0.5
Everton,0,1,1,1,1,-1,0
Everton,5,2,1,1,7,3,1
Everton,4,0,1,1,4,4,1
Everton,3,2,1,1,5,1,1
Everton,4,2,1,1,6,2,1
Everton,5,0,1,1,5,5,1
Everton,6,3,1,1,9,3,1
Everton,3,2,1,1,5,1,1
Everton,1,1,1,1,2,0,0.5
Everton,0,1,1,1,1,-1,0
Everton,3,3,1,1,6,0,0.5
Everton,0,1,1,1,1,-1,0
Everton,0,1,1,1,1,-1,0
Everton,5,1,1,1,6,4,1
Everton,1,0,1,1,1,1,1
Everton,4,0,1,1,4,4,1
Leicester City,1,1,1,1,2,0,0.5
Leicester City,4,2,1,1,6,2,1
Leicester City,2,4,1,1,6,-2,0
Leicester City,1,4,1,1,5,-3,0
Leicester City,1,1,1,1,2,0,0.5
Leicester City,2,5,1,1,7,-3,0
Leicester City,5,2,1,1,7,3,1
Leicester City,0,2,1,1,2,-2,0
Leicester City,3,2,1,1,5,1,1
Leicester City,3,1,1,1,4,2,1
Leicester City,3,2,1,1,5,1,1
Leicester City,1,1,1,1,2,0,0.5
Leicester City,0,4,1,1,4,-4,0
Leicester City,0,3,1,1,3,-3,0
Leicester City,0,2,1,1,2,-2,0
Leicester City,0,0,1,1,0,0,0.5
Leicester City,1,1,1,1,2,0,0.5
Leicester City,1,1,1,1,2,0,0.5
Leicester City,4,3,1,1,7,1,1
Liverpool,2,2,1,1,4,0,0.5
Liverpool,3,2,1,1,5,1,1
Liverpool,1,1,1,1,2,0,0.5
Liverpool,4,0,1,1,4,4,1
Liverpool,1,2,1,1,3,-1,0
Liverpool,2,2,1,1,4,0,0.5
Liverpool,2,1,1,1,3,1,1
Liverpool,0,1,1,1,1,-1,0
Liverpool,4,1,1,1,5,3,1
Liverpool,1,3,1,1,4,-2,0
Liverpool,3,1,1,1,4,2,1
Liverpool,1,2,1,1,3,-1,0
Liverpool,2,1,1,1,3,1,1
Liverpool,1,1,1,1,2,0,0.5
Liverpool,1,1,1,1,2,0,0.5
Liverpool,2,1,1,1,3,1,1
Liverpool,2,1,1,1,3,1,1
Liverpool,1,2,1,1,3,-1,0
Liverpool,3,0,1,1,3,3,1
Manchester City,2,2,1,1,4,0,0.5
Manchester City,2,0,1,1,2,2,1
Manchester City,3,3,1,1,6,0,0.5
Manchester City,4,3,1,1,7,1,1
Manchester City,5,1,1,1,6,4,1
Manchester City,6,1,1,1,7,5,1
Manchester City,1,2,1,1,3,-1,0
Manchester City,4,0,1,1,4,4,1
Manchester City,5,2,1,1,7,3,1
Manchester City,4,0,1,1,4,4,1
Manchester City,1,2,1,1,3,-1,0
Manchester City,0,0,1,1,0,0,0.5
Manchester City,0,2,1,1,2,-2,0
Manchester City,2,1,1,1,3,1,1
Manchester City,1,0,1,1,1,1,1
Manchester City,4,1,1,1,5,3,1
Manchester City,1,3,1,1,4,-2,0
Manchester City,4,0,1,1,4,4,1
Manchester City,1,0,1,1,1,1,1
Manchester United,1,4,1,1,5,-3,0
Manchester United,0,2,1,1,2,-2,0
Manchester United,0,3,1,1,3,-3,0
Manchester United,2,0,1,1,2,2,1
Manchester United,0,1,1,1,1,-1,0
Manchester United,2,1,1,1,3,1,1
Manchester United,0,1,1,1,1,-1,0
Manchester United,2,2,1,1,4,0,0.5
Manchester United,4,2,1,1,6,2,1
Manchester United,3,2,1,1,5,1,1
Manchester United,3,1,1,1,4,2,1
Manchester United,6,3,1,1,9,3,1
Manchester United,1,0,1,1,1,1,1
Manchester United,2,2,1,1,4,0,0.5
Manchester United,4,3,1,1,7,1,1
Manchester United,0,2,1,1,2,-2,0
Manchester United,2,1,1,1,3,1,1
Manchester United,3,1,1,1,4,2,1
Manchester United,2,2,1,1,4,0,0.5
Middlesbrough,1,1,1,1,2,0,0.5
Middlesbrough,1,0,1,1,1,1,1
Middlesbrough,1,0,1,1,1,1,1
Middlesbrough,1,0,1,1,1,1,1
Middlesbrough,4,0,1,1,4,4,1
Middlesbrough,0,1,1,1,1,-1,0
Middlesbrough,1,4,1,1,5,-3,0
Middlesbrough,2,3,1,1,5,-1,0
Middlesbrough,6,2,1,1,8,4,1
Middlesbrough,1,0,1,1,1,1,1
Middlesbrough,3,0,1,1,3,3,1
Middlesbrough,5,0,1,1,5,5,1
Middlesbrough,0,0,1,1,0,0,0.5
Middlesbrough,4,0,1,1,4,4,1
Middlesbrough,1,2,1,1,3,-1,0
Middlesbrough,4,2,1,1,6,2,1
Middlesbrough,1,2,1,1,3,-1,0
Middlesbrough,2,1,1,1,3,1,1
Middlesbrough,0,3,1,1,3,-3,0
Newcastle United,3,1,1,1,4,2,1
Newcastle United,0,2,1,1,2,-2,0
Newcastle United,2,0,1,1,2,2,1
Newcastle United,1,0,1,1,1,1,1
Newcastle United,2,1,1,1,3,1,1
Newcastle United,3,1,1,1,4,2,1
Newcastle United,1,3,1,1,4,-2,0
Newcastle United,3,0,1,1,3,3,1
Newcastle United,2,0,1,1,2,2,1
Newcastle United,0,1,1,1,1,-1,0
Newcastle United,2,0,1,1,2,2,1
Newcastle United,2,1,1,1,3,1,1
Newcastle United,1,0,1,1,1,1,1
Newcastle United,1,1,1,1,2,0,0.5
Newcastle United,1,0,1,1,1,1,1
Newcastle United,2,0,1,1,2,2,1
Newcastle United,4,0,1,1,4,4,1
Newcastle United,1,0,1,1,1,1,1
Newcastle United,1,9,1,1,10,-8,0
Nottingham Forest,0,1,1,1,1,-1,0
Nottingham Forest,1,2,1,1,3,-1,0
Nottingham Forest,2,1,1,1,3,1,1
Nottingham Forest,2,1,1,1,3,1,1
Nottingham Forest,1,1,1,1,2,0,0.5
Nottingham Forest,0,2,1,1,2,-2,0
Nottingham Forest,2,1,1,1,3,1,1
Nottingham Forest,1,2,1,1,3,-1,0
Nottingham Forest,12,0,1,1,12,12,1
Nottingham Forest,5,1,1,1,6,4,1
Nottingham Forest,0,2,1,1,2,-2,0
Nottingham Forest,2,0,1,1,2,2,1
Nottingham Forest,4,1,1,1,5,3,1
Nottingham Forest,0,4,1,1,4,-4,0
Nottingham Forest,1,0,1,1,1,1,1
Nottingham Forest,1,1,1,1,2,0,0.5
Nottingham Forest,0,2,1,1,2,-2,0
Nottingham Forest,1,2,1,1,3,-1,0
Nottingham Forest,4,0,1,1,4,4,1
Notts County,2,1,1,1,3,1,1
Notts County,1,1,1,1,2,0,0.5
Notts County,2,3,1,1,5,-1,0
Notts County,1,1,1,1,2,0,0.5
Notts County,0,1,1,1,1,-1,0
Notts County,3,2,1,1,5,1,1
Notts County,3,0,1,1,3,3,1
Notts County,0,0,1,1,0,0,0.5
Notts County,2,3,1,1,5,-1,0
Notts County,1,2,1,1,3,-1,0
Notts County,5,1,1,1,6,4,1
Notts County,0,1,1,1,1,-1,0
Notts County,3,2,1,1,5,1,1
Notts County,0,4,1,1,4,-4,0
Notts County,3,0,1,1,3,3,1
Notts County,1,0,1,1,1,1,1
Notts County,3,1,1,1,4,2,1
Notts County,1,0,1,1,1,1,1
Notts County,0,0,1,1,0,0,0.5
Preston North End,0,0,1,1,0,0,0.5
Preston North End,3,2,1,1,5,1,1
Preston North End,2,0,1,1,2,2,1
Preston North End,0,0,1,1,0,0,0.5
Preston North End,2,1,1,1,3,1,1
Preston North End,0,2,1,1,2,-2,0
Preston North End,6,0,1,1,6,6,1
Preston North End,3,3,1,1,6,0,0.5
Preston North End,0,1,1,1,1,-1,0
Preston North End,2,0,1,1,2,2,1
Preston North End,3,0,1,1,3,3,1
Preston North End,0,3,1,1,3,-3,0
Preston North End,1,1,1,1,2,0,0.5
Preston North End,0,1,1,1,1,-1,0
Preston North End,1,1,1,1,2,0,0.5
Preston North End,0,0,1,1,0,0,0.5
Preston North End,1,1,1,1,2,0,0.5
Preston North End,4,1,1,1,5,3,1
Preston North End,1,0,1,1,1,1,1
Sheffield United,1,1,1,1,2,0,0.5
Sheffield United,3,1,1,1,4,2,1
Sheffield United,0,0,1,1,0,0,0.5
Sheffield United,3,0,1,1,3,3,1
Sheffield United,3,1,1,1,4,2,1
Sheffield United,2,2,1,1,4,0,0.5
Sheffield United,1,3,1,1,4,-2,0
Sheffield United,1,5,1,1,6,-4,0
Sheffield United,2,1,1,1,3,1,1
Sheffield United,0,2,1,1,2,-2,0
Sheffield United,4,0,1,1,4,4,1
Sheffield United,0,0,1,1,0,0,0.5
Sheffield United,2,0,1,1,2,2,1
Sheffield United,1,1,1,1,2,0,0.5
Sheffield United,1,2,1,1,3,-1,0
Sheffield United,3,2,1,1,5,1,1
Sheffield United,2,1,1,1,3,1,1
Sheffield United,2,1,1,1,3,1,1
Sheffield United,0,2,1,1,2,-2,0
Sheffield Wednesday,6,2,1,1,8,4,1
Sheffield Wednesday,4,2,1,1,6,2,1
Sheffield Wednesday,1,2,1,1,3,-1,0
Sheffield Wednesday,0,2,1,1,2,-2,0
Sheffield Wednesday,2,0,1,1,2,2,1
Sheffield Wednesday,4,3,1,1,7,1,1
Sheffield Wednesday,5,1,1,1,6,4,1
Sheffield Wednesday,2,0,1,1,2,2,1
Sheffield Wednesday,3,1,1,1,4,2,1
Sheffield Wednesday,2,3,1,1,5,-1,0
Sheffield Wednesday,3,1,1,1,4,2,1
Sheffield Wednesday,2,0,1,1,2,2,1
Sheffield Wednesday,3,2,1,1,5,1,1
Sheffield Wednesday,2,0,1,1,2,2,1
Sheffield Wednesday,3,0,1,1,3,3,1
Sheffield Wednesday,2,0,1,1,2,2,1
Sheffield Wednesday,1,0,1,1,1,1,1
Sheffield Wednesday,1,0,1,1,1,1,1
Sheffield Wednesday,2,5,1,1,7,-3,0
Sunderland,1,0,1,1,1,1,1
Sunderland,4,3,1,1,7,1,1
Sunderland,0,1,1,1,1,-1,0
Sunderland,2,1,1,1,3,1,1
Sunderland,0,2,1,1,2,-2,0
Sunderland,3,1,1,1,4,2,1
Sunderland,1,2,1,1,3,-1,0
Sunderland,2,0,1,1,2,2,1
Sunderland,3,1,1,1,4,2,1
Sunderland,1,4,1,1,5,-3,0
Sunderland,2,0,1,1,2,2,1
Sunderland,6,1,1,1,7,5,1
Sunderland,2,0,1,1,2,2,1
Sunderland,3,1,1,1,4,2,1
Sunderland,2,1,1,1,3,1,1
Sunderland,0,1,1,1,1,-1,0
Sunderland,2,1,1,1,3,1,1
Sunderland,3,1,1,1,4,2,1
Sunderland,4,2,1,1,6,2,1
Barnsley,3,1,2,2,4,2,1
Barnsley,4,0,2,2,4,4,1
Barnsley,0,1,2,2,1,-1,0
Barnsley,3,1,2,2,4,2,1
Barnsley,1,2,2,2,3,-1,0
Barnsley,4,0,2,2,4,4,1
Barnsley,1,0,2,2,1,1,1
Barnsley,1,2,2,2,3,-1,0
Barnsley,2,2,2,2,4,0,0.5
Barnsley,1,3,2,2,4,-2,0
Barnsley,3,1,2,2,4,2,1
Barnsley,2,1,2,2,3,1,1
Barnsley,2,1,2,2,3,1,1
Barnsley,3,0,2,2,3,3,1
Barnsley,2,0,2,2,2,2,1
Barnsley,2,0,2,2,2,2,1
Barnsley,1,1,2,2,2,0,0.5
Barnsley,0,2,2,2,2,-2,0
Barnsley,1,1,2,2,2,0,0.5
Birmingham City,2,1,2,2,3,1,1
Birmingham City,2,2,2,2,4,0,0.5
Birmingham City,2,0,2,2,2,2,1
Birmingham City,3,1,2,2,4,2,1
Birmingham City,2,0,2,2,2,2,1
Birmingham City,3,0,2,2,3,3,1
Birmingham City,1,1,2,2,2,0,0.5
Birmingham City,1,3,2,2,4,-2,0
Birmingham City,2,2,2,2,4,0,0.5
Birmingham City,1,2,2,2,3,-1,0
Birmingham City,3,1,2,2,4,2,1
Birmingham City,1,2,2,2,3,-1,0
Birmingham City,1,0,2,2,1,1,1
Birmingham City,1,0,2,2,1,1,1
Birmingham City,2,0,2,2,2,2,1
Birmingham City,4,2,2,2,6,2,1
Birmingham City,3,3,2,2,6,0,0.5
Birmingham City,0,0,2,2,0,0,0.5
Birmingham City,1,1,2,2,2,0,0.5
Blackpool,1,1,2,2,2,0,0.5
Blackpool,2,0,2,2,2,2,1
Blackpool,1,2,2,2,3,-1,0
Blackpool,2,1,2,2,3,1,1
Blackpool,0,0,2,2,0,0,0.5
Blackpool,2,2,2,2,4,0,0.5
Blackpool,2,2,2,2,4,0,0.5
Blackpool,2,0,2,2,2,2,1
Blackpool,3,0,2,2,3,3,1
Blackpool,2,1,2,2,3,1,1
Blackpool,2,2,2,2,4,0,0.5
Blackpool,2,3,2,2,5,-1,0
Blackpool,1,0,2,2,1,1,1
Blackpool,1,3,2,2,4,-2,0
Blackpool,1,0,2,2,1,1,1
Blackpool,2,1,2,2,3,1,1
Blackpool,1,1,2,2,2,0,0.5
Blackpool,0,2,2,2,2,-2,0
Blackpool,3,1,2,2,4,2,1
Bolton Wanderers,3,0,2,2,3,3,1
Bolton Wanderers,2,1,2,2,3,1,1
Bolton Wanderers,3,1,2,2,4,2,1
Bolton Wanderers,0,1,2,2,1,-1,0
Bolton Wanderers,2,1,2,2,3,1,1
Bolton Wanderers,4,0,2,2,4,4,1
Bolton Wanderers,1,0,2,2,1,1,1
Bolton Wanderers,0,0,2,2,0,0,0.5
Bolton Wanderers,4,0,2,2,4,4,1
Bolton Wanderers,2,0,2,2,2,2,1
Bolton Wanderers,2,0,2,2,2,2,1
Bolton Wanderers,1,0,2,2,1,1,1
Bolton Wanderers,2,0,2,2,2,2,1
Bolton Wanderers,2,0,2,2,2,2,1
Bolton Wanderers,3,0,2,2,3,3,1
Bolton Wanderers,4,1,2,2,5,3,1
Bolton Wanderers,0,1,2,2,1,-1,0
Bolton Wanderers,1,1,2,2,2,0,0.5
Bolton Wanderers,1,1,2,2,2,0,0.5
Bradford Park Avenue,3,2,2,2,5,1,1
Bradford Park Avenue,1,2,2,2,3,-1,0
Bradford Park Avenue,4,3,2,2,7,1,1
Bradford Park Avenue,1,2,2,2,3,-1,0
Bradford Park Avenue,2,3,2,2,5,-1,0
Bradford Park Avenue,1,0,2,2,1,1,1
Bradford Park Avenue,2,0,2,2,2,2,1
Bradford Park Avenue,1,1,2,2,2,0,0.5
Bradford Park Avenue,4,1,2,2,5,3,1
Bradford Park Avenue,1,0,2,2,1,1,1
Bradford Park Avenue,0,2,2,2,2,-2,0
Bradford Park Avenue,1,0,2,2,1,1,1
Bradford Park Avenue,2,0,2,2,2,2,1
Bradford Park Avenue,0,1,2,2,1,-1,0
Bradford Park Avenue,3,4,2,2,7,-1,0
Bradford Park Avenue,0,1,2,2,1,-1,0
Bradford Park Avenue,0,2,2,2,2,-2,0
Bradford Park Avenue,0,0,2,2,0,0,0.5
Bradford Park Avenue,4,1,2,2,5,3,1
Burnley,3,2,2,2,5,1,1
Burnley,1,1,2,2,2,0,0.5
Burnley,1,1,2,2,2,0,0.5
Burnley,1,2,2,2,3,-1,0
Burnley,3,3,2,2,6,0,0.5
Burnley,0,1,2,2,1,-1,0
Burnley,2,0,2,2,2,2,1
Burnley,1,3,2,2,4,-2,0
Burnley,5,2,2,2,7,3,1
Burnley,3,2,2,2,5,1,1
Burnley,2,0,2,2,2,2,1
Burnley,1,0,2,2,1,1,1
Burnley,0,0,2,2,0,0,0.5
Burnley,0,1,2,2,1,-1,0
Burnley,1,0,2,2,1,1,1
Burnley,5,1,2,2,6,4,1
Burnley,1,2,2,2,3,-1,0
Burnley,0,2,2,2,2,-2,0
Burnley,3,5,2,2,8,-2,0
Chesterfield,1,0,2,2,1,1,1
Chesterfield,4,2,2,2,6,2,1
Chesterfield,3,1,2,2,4,2,1
Chesterfield,0,2,2,2,2,-2,0
Chesterfield,2,1,2,2,3,1,1
Chesterfield,1,0,2,2,1,1,1
Chesterfield,2,4,2,2,6,-2,0
Chesterfield,2,1,2,2,3,1,1
Chesterfield,2,1,2,2,3,1,1
Chesterfield,2,1,2,2,3,1,1
Chesterfield,1,2,2,2,3,-1,0
Chesterfield,0,4,2,2,4,-4,0
Chesterfield,2,0,2,2,2,2,1
Chesterfield,2,0,2,2,2,2,1
Chesterfield,1,1,2,2,2,0,0.5
Chesterfield,1,2,2,2,3,-1,0
Chesterfield,1,3,2,2,4,-2,0
Chesterfield,2,2,2,2,4,0,0.5
Chesterfield,1,1,2,2,2,0,0.5
Derby County,0,0,2,2,0,0,0.5
Derby County,1,2,2,2,3,-1,0
Derby County,1,1,2,2,2,0,0.5
Derby County,1,0,2,2,1,1,1
Derby County,3,1,2,2,4,2,1
Derby County,1,0,2,2,1,1,1
Derby County,1,1,2,2,2,0,0.5
Derby County,2,1,2,2,3,1,1
Derby County,5,0,2,2,5,5,1
Derby County,4,0,2,2,4,4,1
Derby County,2,1,2,2,3,1,1
Derby County,0,0,2,2,0,0,0.5
Derby County,5,1,2,2,6,4,1
Derby County,1,0,2,2,1,1,1
Derby County,1,0,2,2,1,1,1
Derby County,5,0,2,2,5,5,1
Derby County,1,1,2,2,2,0,0.5
Derby County,2,1,2,2,3,1,1
Derby County,2,1,2,2,3,1,1
Fulham,2,2,2,2,4,0,0.5
Fulham,1,1,2,2,2,0,0.5
Fulham,3,0,2,2,3,3,1
Fulham,1,2,2,2,3,-1,0
Fulham,3,1,2,2,4,2,1
Fulham,3,0,2,2,3,3,1
Fulham,0,0,2,2,0,0,0.5
Fulham,1,2,2,2,3,-1,0
Fulham,4,0,2,2,4,4,1
Fulham,2,3,2,2,5,-1,0
Fulham,5,2,2,2,7,3,1
Fulham,0,3,2,2,3,-3,0
Fulham,0,1,2,2,1,-1,0
Fulham,1,2,2,2,3,-1,0
Fulham,3,2,2,2,5,1,1
Fulham,5,1,2,2,6,4,1
Fulham,2,3,2,2,5,-1,0
Fulham,2,0,2,2,2,2,1
Fulham,1,1,2,2,2,0,0.5
Gainsborough Trinity,4,1,2,2,5,3,1
Gainsborough Trinity,1,3,2,2,4,-2,0
Gainsborough Trinity,1,0,2,2,1,1,1
Gainsborough Trinity,2,1,2,2,3,1,1
Gainsborough Trinity,2,1,2,2,3,1,1
Gainsborough Trinity,1,0,2,2,1,1,1
Gainsborough Trinity,3,0,2,2,3,3,1
Gainsborough Trinity,0,0,2,2,0,0,0.5
Gainsborough Trinity,1,1,2,2,2,0,0.5
Gainsborough Trinity,3,1,2,2,4,2,1
Gainsborough Trinity,0,3,2,2,3,-3,0
Gainsborough Trinity,2,0,2,2,2,2,1
Gainsborough Trinity,1,1,2,2,2,0,0.5
Gainsborough Trinity,2,0,2,2,2,2,1
Gainsborough Trinity,1,4,2,2,5,-3,0
Gainsborough Trinity,3,2,2,2,5,1,1
Gainsborough Trinity,0,2,2,2,2,-2,0
Gainsborough Trinity,2,0,2,2,2,2,1
Gainsborough Trinity,1,0,2,2,1,1,1
Glossop North End,3,0,2,2,3,3,1
Glossop North End,3,1,2,2,4,2,1
Glossop North End,3,0,2,2,3,3,1
Glossop North End,0,2,2,2,2,-2,0
Glossop North End,1,1,2,2,2,0,0.5
Glossop North End,1,2,2,2,3,-1,0
Glossop North End,2,0,2,2,2,2,1
Glossop North End,3,1,2,2,4,2,1
Glossop North End,0,0,2,2,0,0,0.5
Glossop North End,2,2,2,2,4,0,0.5
Glossop North End,1,0,2,2,1,1,1
Glossop North End,2,1,2,2,3,1,1
Glossop North End,0,0,2,2,0,0,0.5
Glossop North End,4,0,2,2,4,4,1
Glossop North End,2,1,2,2,3,1,1
Glossop North End,3,0,2,2,3,3,1
Glossop North End,1,1,2,2,2,0,0.5
Glossop North End,1,3,2,2,4,-2,0
Glossop North End,3,2,2,2,5,1,1
Grimsby Town,0,0,2,2,0,0,0.5
Grimsby Town,0,3,2,2,3,-3,0
Grimsby Town,2,1,2,2,3,1,1
Grimsby Town,1,0,2,2,1,1,1
Grimsby Town,1,1,2,2,2,0,0.5
Grimsby Town,0,1,2,2,1,-1,0
Grimsby Town,1,0,2,2,1,1,1
Grimsby Town,2,0,2,2,2,2,1
Grimsby Town,2,2,2,2,4,0,0.5
Grimsby Town,1,2,2,2,3,-1,0
Grimsby Town,2,0,2,2,2,2,1
Grimsby Town,0,0,2,2,0,0,0.5
Grimsby Town,0,1,2,2,1,-1,0
Grimsby Town,1,0,2,2,1,1,1
Grimsby Town,2,0,2,2,2,2,1
Grimsby Town,3,0,2,2,3,3,1
Grimsby Town,1,2,2,2,3,-1,0
Grimsby Town,1,1,2,2,2,0,0.5
Grimsby Town,3,0,2,2,3,3,1
Hull City,4,0,2,2,4,4,1
Hull City,4,1,2,2,5,3,1
Hull City,2,0,2,2,2,2,1
Hull City,2,0,2,2,2,2,1
Hull City,2,3,2,2,5,-1,0
Hull City,3,2,2,2,5,1,1
Hull City,1,0,2,2,1,1,1
Hull City,4,0,2,2,4,4,1
Hull City,2,0,2,2,2,2,1
Hull City,5,1,2,2,6,4,1
Hull City,0,0,2,2,0,0,0.5
Hull City,0,1,2,2,1,-1,0
Hull City,4,1,2,2,5,3,1
Hull City,3,2,2,2,5,1,1
Hull City,1,0,2,2,1,1,1
Hull City,4,1,2,2,5,3,1
Hull City,1,0,2,2,1,1,1
Hull City,2,2,2,2,4,0,0.5
Hull City,0,1,2,2,1,-1,0
Leeds City,2,0,2,2,2,2,1
Leeds City,2,0,2,2,2,2,1
Leeds City,1,0,2,2,1,1,1
Leeds City,1,2,2,2,3,-1,0
Leeds City,0,3,2,2,3,-3,0
Leeds City,1,1,2,2,2,0,0.5
Leeds City,3,0,2,2,3,3,1
Leeds City,2,5,2,2,7,-3,0
Leeds City,2,0,2,2,2,2,1
Leeds City,0,2,2,2,2,-2,0
Leeds City,3,1,2,2,4,2,1
Leeds City,4,1,2,2,5,3,1
Leeds City,2,0,2,2,2,2,1
Leeds City,0,0,2,2,0,0,0.5
Leeds City,3,0,2,2,3,3,1
Leeds City,2,1,2,2,3,1,1
Leeds City,1,0,2,2,1,1,1
Leeds City,1,1,2,2,2,0,0.5
Leeds City,5,2,2,2,7,3,1
Leyton Orient,1,1,2,2,2,0,0.5
Leyton Orient,3,2,2,2,5,1,1
Leyton Orient,1,1,2,2,2,0,0.5
Leyton Orient,0,2,2,2,2,-2,0
Leyton Orient,2,0,2,2,2,2,1
Leyton Orient,0,1,2,2,1,-1,0
Leyton Orient,1,1,2,2,2,0,0.5
Leyton Orient,2,0,2,2,2,2,1
Leyton Orient,1,1,2,2,2,0,0.5
Leyton Orient,2,2,2,2,4,0,0.5
Leyton Orient,0,2,2,2,2,-2,0
Leyton Orient,2,1,2,2,3,1,1
Leyton Orient,1,2,2,2,3,-1,0
Leyton Orient,0,0,2,2,0,0,0.5
Leyton Orient,2,0,2,2,2,2,1
Leyton Orient,5,0,2,2,5,5,1
Leyton Orient,0,0,2,2,0,0,0.5
Leyton Orient,1,0,2,2,1,1,1
Leyton Orient,1,3,2,2,4,-2,0
Oldham Athletic,0,0,2,2,0,0,0.5
Oldham Athletic,2,0,2,2,2,2,1
Oldham Athletic,3,1,2,2,4,2,1
Oldham Athletic,1,1,2,2,2,0,0.5
Oldham Athletic,2,0,2,2,2,2,1
Oldham Athletic,4,1,2,2,5,3,1
Oldham Athletic,2,0,2,2,2,2,1
Oldham Athletic,1,1,2,2,2,0,0.5
Oldham Athletic,1,0,2,2,1,1,1
Oldham Athletic,2,0,2,2,2,2,1
Oldham Athletic,2,1,2,2,3,1,1
Oldham Athletic,4,0,2,2,4,4,1
Oldham Athletic,2,2,2,2,4,0,0.5
Oldham Athletic,6,0,2,2,6,6,1
Oldham Athletic,2,0,2,2,2,2,1
Oldham Athletic,0,1,2,2,1,-1,0
Oldham Athletic,1,0,2,2,1,1,1
Oldham Athletic,2,0,2,2,2,2,1
Oldham Athletic,2,1,2,2,3,1,1
Stockport County,2,1,2,2,3,1,1
Stockport County,3,2,2,2,5,1,1
Stockport County,1,0,2,2,1,1,1
Stockport County,1,0,2,2,1,1,1
Stockport County,0,1,2,2,1,-1,0
Stockport County,2,1,2,2,3,1,1
Stockport County,2,0,2,2,2,2,1
Stockport County,1,0,2,2,1,1,1
Stockport County,1,2,2,2,3,-1,0
Stockport County,0,1,2,2,1,-1,0
Stockport County,4,2,2,2,6,2,1
Stockport County,0,1,2,2,1,-1,0
Stockport County,3,1,2,2,4,2,1
Stockport County,1,0,2,2,1,1,1
Stockport County,1,1,2,2,2,0,0.5
Stockport County,1,3,2,2,4,-2,0
Stockport County,1,3,2,2,4,-2,0
Stockport County,0,0,2,2,0,0,0.5
Stockport County,1,0,2,2,1,1,1
Tottenham Hotspur,4,0,2,2,4,4,1
Tottenham Hotspur,4,0,2,2,4,4,1
Tottenham Hotspur,4,1,2,2,5,3,1
Tottenham Hotspur,2,1,2,2,3,1,1
Tottenham Hotspur,3,0,2,2,3,3,1
Tottenham Hotspur,4,2,2,2,6,2,1
Tottenham Hotspur,4,0,2,2,4,4,1
Tottenham Hotspur,0,0,2,2,0,0,0.5
Tottenham Hotspur,1,0,2,2,1,1,1
Tottenham Hotspur,1,1,2,2,2,0,0.5
Tottenham Hotspur,3,3,2,2,6,0,0.5
Tottenham Hotspur,2,0,2,2,2,2,1
Tottenham Hotspur,0,0,2,2,0,0,0.5
Tottenham Hotspur,3,0,2,2,3,3,1
Tottenham Hotspur,0,1,2,2,1,-1,0
Tottenham Hotspur,3,0,2,2,3,3,1
Tottenham Hotspur,0,0,2,2,0,0,0.5
Tottenham Hotspur,1,3,2,2,4,-2,0
Tottenham Hotspur,3,0,2,2,3,3,1
West Bromwich Albion,1,1,2,2,2,0,0.5
West Bromwich Albion,1,1,2,2,2,0,0.5
West Bromwich Albion,5,1,2,2,6,4,1
West Bromwich Albion,2,0,2,2,2,2,1
West Bromwich Albion,1,0,2,2,1,1,1
West Bromwich Albion,0,0,2,2,0,0,0.5
West Bromwich Albion,2,2,2,2,4,0,0.5
West Bromwich Albion,2,0,2,2,2,2,1
West Bromwich Albion,1,1,2,2,2,0,0.5
West Bromwich Albion,2,0,2,2,2,2,1
West Bromwich Albion,1,0,2,2,1,1,1
West Bromwich Albion,7,0,2,2,7,7,1
West Bromwich Albion,1,0,2,2,1,1,1
West Bromwich Albion,2,1,2,2,3,1,1
West Bromwich Albion,1,0,2,2,1,1,1
West Bromwich Albion,1,0,2,2,1,1,1
West Bromwich Albion,2,0,2,2,2,2,1
West Bromwich Albion,3,0,2,2,3,3,1
West Bromwich Albion,0,2,2,2,2,-2,0
Wolverhampton Wanderers,2,0,2,2,2,2,1
Wolverhampton Wanderers,2,0,2,2,2,2,1
Wolverhampton Wanderers,2,2,2,2,4,0,0.5
Wolverhampton Wanderers,1,2,2,2,3,-1,0
Wolverhampton Wanderers,1,1,2,2,2,0,0.5
Wolverhampton Wanderers,2,1,2,2,3,1,1
Wolverhampton Wanderers,3,0,2,2,3,3,1
Wolverhampton Wanderers,1,1,2,2,2,0,0.5
Wolverhampton Wanderers,0,1,2,2,1,-1,0
Wolverhampton Wanderers,4,0,2,2,4,4,1
Wolverhampton Wanderers,0,0,2,2,0,0,0.5
Wolverhampton Wanderers,0,0,2,2,0,0,0.5
Wolverhampton Wanderers,3,0,2,2,3,3,1
Wolverhampton Wanderers,2,1,2,2,3,1,1
Wolverhampton Wanderers,5,1,2,2,6,4,1
Wolverhampton Wanderers,1,1,2,2,2,0,0.5
Wolverhampton Wanderers,2,0,2,2,2,2,1
Wolverhampton Wanderers,1,0,2,2,1,1,1
Wolverhampton Wanderers,0,1,2,2,1,-1,0
Arsenal,1,0,1,1,1,1,1
Arsenal,0,1,1,1,1,-1,0
Arsenal,2,0,1,1,2,2,1
Arsenal,0,1,1,1,1,-1,0
Arsenal,2,2,1,1,4,0,0.5
Arsenal,0,0,1,1,0,0,0.5
Arsenal,3,2,1,1,5,1,1
Arsenal,1,0,1,1,1,1,1
Arsenal,1,1,1,1,2,0,0.5
Arsenal,0,0,1,1,0,0,0.5
Arsenal,3,0,1,1,3,3,1
Arsenal,0,3,1,1,3,-3,0
Arsenal,0,1,1,1,1,-1,0
Arsenal,1,2,1,1,3,-1,0
Arsenal,1,3,1,1,4,-2,0
Arsenal,0,0,1,1,0,0,0.5
Arsenal,0,1,1,1,1,-1,0
Arsenal,1,2,1,1,3,-1,0
Arsenal,1,0,1,1,1,1,1
Aston Villa,5,1,1,1,6,4,1
Aston Villa,4,3,1,1,7,1,1
Aston Villa,3,1,1,1,4,2,1
Aston Villa,3,1,1,1,4,2,1
Aston Villa,1,0,1,1,1,1,1
Aston Villa,4,1,1,1,5,3,1
Aston Villa,4,1,1,1,5,3,1
Aston Villa,3,1,1,1,4,2,1
Aston Villa,3,1,1,1,4,2,1
Aston Villa,7,1,1,1,8,6,1
Aston Villa,4,2,1,1,6,2,1
Aston Villa,4,0,1,1,4,4,1
Aston Villa,0,0,1,1,0,0,0.5
Aston Villa,1,1,1,1,2,0,0.5
Aston Villa,3,0,1,1,3,3,1
Aston Villa,2,1,1,1,3,1,1
Aston Villa,5,0,1,1,5,5,1
Aston Villa,3,2,1,1,5,1,1
Aston Villa,3,2,1,1,5,1,1
Blackburn Rovers,7,0,1,1,7,7,1
Blackburn Rovers,3,2,1,1,5,1,1
Blackburn Rovers,4,2,1,1,6,2,1
Blackburn Rovers,2,0,1,1,2,2,1
Blackburn Rovers,5,2,1,1,7,3,1
Blackburn Rovers,5,1,1,1,6,4,1
Blackburn Rovers,1,0,1,1,1,1,1
Blackburn Rovers,2,1,1,1,3,1,1
Blackburn Rovers,1,1,1,1,2,0,0.5
Blackburn Rovers,3,2,1,1,5,1,1
Blackburn Rovers,1,1,1,1,2,0,0.5
Blackburn Rovers,2,0,1,1,2,2,1
Blackburn Rovers,2,2,1,1,4,0,0.5
Blackburn Rovers,2,0,1,1,2,2,1
Blackburn Rovers,2,2,1,1,4,0,0.5
Blackburn Rovers,3,1,1,1,4,2,1
Blackburn Rovers,0,0,1,1,0,0,0.5
Blackburn Rovers,0,0,1,1,0,0,0.5
Blackburn Rovers,2,0,1,1,2,2,1
Bolton Wanderers,3,0,1,1,3,3,1
Bolton Wanderers,1,2,1,1,3,-1,0
Bolton Wanderers,1,2,1,1,3,-1,0
Bolton Wanderers,1,1,1,1,2,0,0.5
Bolton Wanderers,4,2,1,1,6,2,1
Bolton Wanderers,1,3,1,1,4,-2,0
Bolton Wanderers,5,2,1,1,7,3,1
Bolton Wanderers,0,1,1,1,1,-1,0
Bolton Wanderers,1,2,1,1,3,-1,0
Bolton Wanderers,2,3,1,1,5,-1,0
Bolton Wanderers,1,1,1,1,2,0,0.5
Bolton Wanderers,0,4,1,1,4,-4,0
Bolton Wanderers,2,1,1,1,3,1,1
Bolton Wanderers,3,4,1,1,7,-1,0
Bolton Wanderers,3,1,1,1,4,2,1
Bolton Wanderers,1,0,1,1,1,1,1
Bolton Wanderers,0,2,1,1,2,-2,0
Bolton Wanderers,2,1,1,1,3,1,1
Bolton Wanderers,0,2,1,1,2,-2,0
Bradford City,0,1,1,1,1,-1,0
Bradford City,1,2,1,1,3,-1,0
Bradford City,2,0,1,1,2,2,1
Bradford City,1,0,1,1,1,1,1
Bradford City,3,1,1,1,4,2,1
Bradford City,0,0,1,1,0,0,0.5
Bradford City,4,1,1,1,5,3,1
Bradford City,2,0,1,1,2,2,1
Bradford City,1,2,1,1,3,-1,0
Bradford City,0,2,1,1,2,-2,0
Bradford City,4,1,1,1,5,3,1
Bradford City,3,3,1,1,6,0,0.5
Bradford City,1,1,1,1,2,0,0.5
Bradford City,2,1,1,1,3,1,1
Bradford City,2,0,1,1,2,2,1
Bradford City,2,0,1,1,2,2,1
Bradford City,2,0,1,1,2,2,1
Bradford City,3,1,1,1,4,2,1
Bradford City,5,1,1,1,6,4,1
Bristol City,0,1,1,1,1,-1,0
Bristol City,0,0,1,1,0,0,0.5
Bristol City,2,2,1,1,4,0,0.5
Bristol City,1,0,1,1,1,1,1
Bristol City,2,0,1,1,2,2,1
Bristol City,1,1,1,1,2,0,0.5
Bristol City,1,0,1,1,1,1,1
Bristol City,3,1,1,1,4,2,1
Bristol City,0,1,1,1,1,-1,0
Bristol City,2,1,1,1,3,1,1
Bristol City,4,1,1,1,5,3,1
Bristol City,0,3,1,1,3,-3,0
Bristol City,4,0,1,1,4,4,1
Bristol City,3,1,1,1,4,2,1
Bristol City,2,0,1,1,2,2,1
Bristol City,0,2,1,1,2,-2,0
Bristol City,1,1,1,1,2,0,0.5
Bristol City,2,3,1,1,5,-1,0
Bristol City,0,0,1,1,0,0,0.5
Bury,1,2,1,1,3,-1,0
Bury,0,2,1,1,2,-2,0
Bury,2,1,1,1,3,1,1
Bury,1,2,1,1,3,-1,0
Bury,3,4,1,1,7,-1,0
Bury,1,2,1,1,3,-1,0
Bury,4,2,1,1,6,2,1
Bury,2,2,1,1,4,0,0.5
Bury,1,2,1,1,3,-1,0
Bury,1,1,1,1,2,0,0.5
Bury,2,1,1,1,3,1,1
Bury,1,2,1,1,3,-1,0
Bury,4,1,1,1,5,3,1
Bury,1,1,1,1,2,0,0.5
Bury,3,1,1,1,4,2,1
Bury,2,0,1,1,2,2,1
Bury,3,2,1,1,5,1,1
Bury,0,1,1,1,1,-1,0
Bury,3,1,1,1,4,2,1
Chelsea,0,1,1,1,1,-1,0
Chelsea,0,0,1,1,0,0,0.5
Chelsea,3,1,1,1,4,2,1
Chelsea,3,2,1,1,5,1,1
Chelsea,0,3,1,1,3,-3,0
Chelsea,4,1,1,1,5,3,1
Chelsea,2,0,1,1,2,2,1
Chelsea,0,1,1,1,1,-1,0
Chelsea,2,1,1,1,3,1,1
Chelsea,1,1,1,1,2,0,0.5
Chelsea,2,1,1,1,3,1,1
Chelsea,2,1,1,1,3,1,1
Chelsea,0,1,1,1,1,-1,0
Chelsea,2,2,1,1,4,0,0.5
Chelsea,2,0,1,1,2,2,1
Chelsea,2,2,1,1,4,0,0.5
Chelsea,4,1,1,1,5,3,1
Chelsea,1,4,1,1,5,-3,0
Chelsea,2,1,1,1,3,1,1
Everton,1,0,1,1,1,1,1
Everton,0,0,1,1,0,0,0.5
Everton,0,2,1,1,2,-2,0
Everton,3,1,1,1,4,2,1
Everton,1,1,1,1,2,0,0.5
Everton,1,0,1,1,1,1,1
Everton,3,0,1,1,3,3,1
Everton,2,2,1,1,4,0,0.5
Everton,2,3,1,1,5,-1,0
Everton,3,3,1,1,6,0,0.5
Everton,1,1,1,1,2,0,0.5
Everton,1,4,1,1,5,-3,0
Everton,0,4,1,1,4,-4,0
Everton,2,0,1,1,2,2,1
Everton,2,1,1,1,3,1,1
Everton,1,2,1,1,3,-1,0
Everton,1,1,1,1,2,0,0.5
Everton,2,1,1,1,3,1,1
Everton,4,2,1,1,6,2,1
Liverpool,5,1,1,1,6,4,1
Liverpool,2,0,1,1,2,2,1
Liverpool,3,1,1,1,4,2,1
Liverpool,3,0,1,1,3,3,1
Liverpool,1,0,1,1,1,1,1
Liverpool,0,1,1,1,1,-1,0
Liverpool,2,2,1,1,4,0,0.5
Liverpool,5,1,1,1,6,4,1
Liverpool,0,1,1,1,1,-1,0
Liverpool,3,2,1,1,5,1,1
Liverpool,0,0,1,1,0,0,0.5
Liverpool,6,5,1,1,11,1,1
Liverpool,7,3,1,1,10,4,1
Liverpool,2,1,1,1,3,1,1
Liverpool,2,0,1,1,2,2,1
Liverpool,0,0,1,1,0,0,0.5
Liverpool,3,1,1,1,4,2,1
Liverpool,1,4,1,1,5,-3,0
Liverpool,2,0,1,1,2,2,1
Manchester United,1,0,1,1,1,1,1
Manchester United,2,0,1,1,2,2,1
Manchester United,2,0,1,1,2,2,1
Manchester United,5,0,1,1,5,5,1
Manchester United,1,0,1,1,1,1,1
Manchester United,2,1,1,1,3,1,1
Manchester United,2,0,1,1,2,2,1
Manchester United,2,0,1,1,2,2,1
Manchester United,3,2,1,1,5,1,1
Manchester United,3,4,1,1,7,-1,0
Manchester United,4,1,1,1,5,3,1
Manchester United,1,1,1,1,2,0,0.5
Manchester United,2,6,1,1,8,-4,0
Manchester United,2,1,1,1,3,1,1
Manchester United,1,1,1,1,2,0,0.5
Manchester United,1,0,1,1,1,1,1
Manchester United,0,3,1,1,3,-3,0
Manchester United,2,0,1,1,2,2,1
Manchester United,5,0,1,1,5,5,1
Middlesbrough,5,2,1,1,7,3,1
Middlesbrough,3,2,1,1,5,1,1
Middlesbrough,1,3,1,1,4,-2,0
Middlesbrough,1,2,1,1,3,-1,0
Middlesbrough,3,7,1,1,10,-4,0
Middlesbrough,0,0,1,1,0,0,0.5
Middlesbrough,0,5,1,1,5,-5,0
Middlesbrough,0,1,1,1,1,-1,0
Middlesbrough,1,1,1,1,2,0,0.5
Middlesbrough,2,2,1,1,4,0,0.5
Middlesbrough,1,2,1,1,3,-1,0
Middlesbrough,1,1,1,1,2,0,0.5
Middlesbrough,2,1,1,1,3,1,1
Middlesbrough,2,0,1,1,2,2,1
Middlesbrough,1,0,1,1,1,1,1
Middlesbrough,0,2,1,1,2,-2,0
Middlesbrough,4,0,1,1,4,4,1
Middlesbrough,3,2,1,1,5,1,1
Middlesbrough,4,3,1,1,7,1,1
Newcastle United,1,1,1,1,2,0,0.5
Newcastle United,1,0,1,1,1,1,1
Newcastle United,4,1,1,1,5,3,1
Newcastle United,1,0,1,1,1,1,1
Newcastle United,1,0,1,1,1,1,1
Newcastle United,3,1,1,1,4,2,1
Newcastle United,2,2,1,1,4,0,0.5
Newcastle United,1,0,1,1,1,1,1
Newcastle United,1,2,1,1,3,-1,0
Newcastle United,1,3,1,1,4,-2,0
Newcastle United,3,4,1,1,7,-1,0
Newcastle United,2,0,1,1,2,2,1
Newcastle United,1,2,1,1,3,-1,0
Newcastle United,1,3,1,1,4,-2,0
Newcastle United,5,2,1,1,7,3,1
Newcastle United,0,0,1,1,0,0,0.5
Newcastle United,3,1,1,1,4,2,1
Newcastle United,1,0,1,1,1,1,1
Newcastle United,1,0,1,1,1,1,1
Nottingham Forest,1,1,1,1,2,0,0.5
Nottingham Forest,1,4,1,1,5,-3,0
Nottingham Forest,0,4,1,1,4,-4,0
Nottingham Forest,2,0,1,1,2,2,1
Nottingham Forest,1,1,1,1,2,0,0.5
Nottingham Forest,0,0,1,1,0,0,0.5
Nottingham Forest,3,3,1,1,6,0,0.5
Nottingham Forest,0,0,1,1,0,0,0.5
Nottingham Forest,1,0,1,1,1,1,1
Nottingham Forest,1,4,1,1,5,-3,0
Nottingham Forest,2,0,1,1,2,2,1
Nottingham Forest,0,1,1,1,1,-1,0
Nottingham Forest,0,1,1,1,1,-1,0
Nottingham Forest,2,1,1,1,3,1,1
Nottingham Forest,0,0,1,1,0,0,0.5
Nottingham Forest,2,3,1,1,5,-1,0
Nottingham Forest,0,6,1,1,6,-6,0
Nottingham Forest,1,3,1,1,4,-2,0
Nottingham Forest,2,2,1,1,4,0,0.5
Notts County,5,1,1,1,6,4,1
Notts County,2,3,1,1,5,-1,0
Notts County,2,2,1,1,4,0,0.5
Notts County,0,0,1,1,0,0,0.5
Notts County,3,2,1,1,5,1,1
Notts County,0,2,1,1,2,-2,0
Notts County,3,1,1,1,4,2,1
Notts County,2,1,1,1,3,1,1
Notts County,2,3,1,1,5,-1,0
Notts County,3,1,1,1,4,2,1
Notts County,3,2,1,1,5,1,1
Notts County,2,1,1,1,3,1,1
Notts County,2,2,1,1,4,0,0.5
Notts County,4,1,1,1,5,3,1
Notts County,3,1,1,1,4,2,1
Notts County,1,2,1,1,3,-1,0
Notts County,0,0,1,1,0,0,0.5
Notts County,1,1,1,1,2,0,0.5
Notts County,3,0,1,1,3,3,1
Preston North End,3,4,1,1,7,-1,0
Preston North End,1,0,1,1,1,1,1
Preston North End,3,2,1,1,5,1,1
Preston North End,1,0,1,1,1,1,1
Preston North End,2,2,1,1,4,0,0.5
Preston North End,3,0,1,1,3,3,1
Preston North End,2,1,1,1,3,1,1
Preston North End,2,0,1,1,2,2,1
Preston North End,0,1,1,1,1,-1,0
Preston North End,2,0,1,1,2,2,1
Preston North End,1,0,1,1,1,1,1
Preston North End,1,0,1,1,1,1,1
Preston North End,4,0,1,1,4,4,1
Preston North End,0,1,1,1,1,-1,0
Preston North End,4,0,1,1,4,4,1
Preston North End,1,1,1,1,2,0,0.5
Preston North End,1,0,1,1,1,1,1
Preston North End,1,0,1,1,1,1,1
Preston North End,4,1,1,1,5,3,1
Sheffield United,2,0,1,1,2,2,1
Sheffield United,0,1,1,1,1,-1,0
Sheffield United,3,0,1,1,3,3,1
Sheffield United,2,2,1,1,4,0,0.5
Sheffield United,1,2,1,1,3,-1,0
Sheffield United,4,0,1,1,4,4,1
Sheffield United,2,0,1,1,2,2,1
Sheffield United,0,0,1,1,0,0,0.5
Sheffield United,3,0,1,1,3,3,1
Sheffield United,4,2,1,1,6,2,1
Sheffield United,0,1,1,1,1,-1,0
Sheffield United,2,0,1,1,2,2,1
Sheffield United,4,0,1,1,4,4,1
Sheffield United,1,4,1,1,5,-3,0
Sheffield United,2,2,1,1,4,0,0.5
Sheffield United,5,1,1,1,6,4,1
Sheffield United,3,3,1,1,6,0,0.5
Sheffield United,3,0,1,1,3,3,1
Sheffield United,1,1,1,1,2,0,0.5
Sheffield Wednesday,1,1,1,1,2,0,0.5
Sheffield Wednesday,3,2,1,1,5,1,1
Sheffield Wednesday,2,1,1,1,3,1,1
Sheffield Wednesday,0,0,1,1,0,0,0.5
Sheffield Wednesday,2,1,1,1,3,1,1
Sheffield Wednesday,2,0,1,1,2,2,1
Sheffield Wednesday,1,4,1,1,5,-3,0
Sheffield Wednesday,4,1,1,1,5,3,1
Sheffield Wednesday,1,3,1,1,4,-2,0
Sheffield Wednesday,3,0,1,1,3,3,1
Sheffield Wednesday,4,1,1,1,5,3,1
Sheffield Wednesday,1,5,1,1,6,-4,0
Sheffield Wednesday,3,1,1,1,4,2,1
Sheffield Wednesday,4,3,1,1,7,1,1
Sheffield Wednesday,0,0,1,1,0,0,0.5
Sheffield Wednesday,4,1,1,1,5,3,1
Sheffield Wednesday,1,3,1,1,4,-2,0
Sheffield Wednesday,1,0,1,1,1,1,1
Sheffield Wednesday,1,1,1,1,2,0,0.5
Sunderland,6,2,1,1,8,4,1
Sunderland,1,1,1,1,2,0,0.5
Sunderland,0,0,1,1,0,0,0.5
Sunderland,3,0,1,1,3,3,1
Sunderland,3,0,1,1,3,3,1
Sunderland,4,0,1,1,4,4,1
Sunderland,2,3,1,1,5,-1,0
Sunderland,4,0,1,1,4,4,1
Sunderland,0,1,1,1,1,-1,0
Sunderland,2,1,1,1,3,1,1
Sunderland,3,0,1,1,3,3,1
Sunderland,2,2,1,1,4,0,0.5
Sunderland,0,2,1,1,2,-2,0
Sunderland,2,1,1,1,3,1,1
Sunderland,0,3,1,1,3,-3,0
Sunderland,2,1,1,1,3,1,1
Sunderland,1,0,1,1,1,1,1
Sunderland,2,0,1,1,2,2,1
Sunderland,3,1,1,1,4,2,1
Tottenham Hotspur,1,1,1,1,2,0,0.5
Tottenham Hotspur,1,1,1,1,2,0,0.5
Tottenham Hotspur,4,0,1,1,4,4,1
Tottenham Hotspur,1,1,1,1,2,0,0.5
Tottenham Hotspur,0,0,1,1,0,0,0.5
Tottenham Hotspur,3,2,1,1,5,1,1
Tottenham Hotspur,1,0,1,1,1,1,1
Tottenham Hotspur,2,1,1,1,3,1,1
Tottenham Hotspur,3,0,1,1,3,3,1
Tottenham Hotspur,1,0,1,1,1,1,1
Tottenham Hotspur,2,2,1,1,4,0,0.5
Tottenham Hotspur,1,3,1,1,4,-2,0
Tottenham Hotspur,0,4,1,1,4,-4,0
Tottenham Hotspur,2,2,1,1,4,0,0.5
Tottenham Hotspur,1,3,1,1,4,-2,0
Tottenham Hotspur,2,1,1,1,3,1,1
Tottenham Hotspur,2,1,1,1,3,1,1
Tottenham Hotspur,3,0,1,1,3,3,1
Tottenham Hotspur,5,1,1,1,6,4,1
Barnsley,5,1,2,2,6,4,1
Barnsley,1,0,2,2,1,1,1
Barnsley,4,0,2,2,4,4,1
Barnsley,0,0,2,2,0,0,0.5
Barnsley,5,1,2,2,6,4,1
Barnsley,2,1,2,2,3,1,1
Barnsley,4,1,2,2,5,3,1
Barnsley,3,0,2,2,3,3,1
Barnsley,2,1,2,2,3,1,1
Barnsley,1,2,2,2,3,-1,0
Barnsley,1,1,2,2,2,0,0.5
Barnsley,3,1,2,2,4,2,1
Barnsley,2,1,2,2,3,1,1
Barnsley,2,1,2,2,3,1,1
Barnsley,1,1,2,2,2,0,0.5
Barnsley,2,1,2,2,3,1,1
Barnsley,1,0,2,2,1,1,1
Barnsley,2,1,2,2,3,1,1
Barnsley,7,1,2,2,8,6,1
Birmingham City,2,1,2,2,3,1,1
Birmingham City,1,2,2,2,3,-1,0
Birmingham City,0,1,2,2,1,-1,0
Birmingham City,2,1,2,2,3,1,1
Birmingham City,1,3,2,2,4,-2,0
Birmingham City,1,1,2,2,2,0,0.5
Birmingham City,5,0,2,2,5,5,1
Birmingham City,2,2,2,2,4,0,0.5
Birmingham City,2,4,2,2,6,-2,0
Birmingham City,0,2,2,2,2,-2,0
Birmingham City,1,2,2,2,3,-1,0
Birmingham City,2,1,2,2,3,1,1
Birmingham City,1,2,2,2,3,-1,0
Birmingham City,1,0,2,2,1,1,1
Birmingham City,1,1,2,2,2,0,0.5
Birmingham City,2,2,2,2,4,0,0.5
Birmingham City,3,0,2,2,3,3,1
Birmingham City,0,1,2,2,1,-1,0
Birmingham City,1,0,2,2,1,1,1
Blackpool,0,0,2,2,0,0,0.5
Blackpool,2,0,2,2,2,2,1
Blackpool,0,0,2,2,0,0,0.5
Blackpool,2,3,2,2,5,-1,0
Blackpool,1,1,2,2,2,0,0.5
Blackpool,1,1,2,2,2,0,0.5
Blackpool,0,2,2,2,2,-2,0
Blackpool,1,1,2,2,2,0,0.5
Blackpool,1,0,2,2,1,1,1
Blackpool,1,2,2,2,3,-1,0
Blackpool,3,1,2,2,4,2,1
Blackpool,0,1,2,2,1,-1,0
Blackpool,2,2,2,2,4,0,0.5
Blackpool,3,0,2,2,3,3,1
Blackpool,0,0,2,2,0,0,0.5
Blackpool,1,3,2,2,4,-2,0
Blackpool,2,0,2,2,2,2,1
Blackpool,2,1,2,2,3,1,1
Blackpool,2,0,2,2,2,2,1
Bradford Park Avenue,2,0,2,2,2,2,1
Bradford Park Avenue,5,0,2,2,5,5,1
Bradford Park Avenue,2,1,2,2,3,1,1
Bradford Park Avenue,3,1,2,2,4,2,1
Bradford Park Avenue,1,2,2,2,3,-1,0
Bradford Park Avenue,3,0,2,2,3,3,1
Bradford Park Avenue,2,0,2,2,2,2,1
Bradford Park Avenue,3,3,2,2,6,0,0.5
Bradford Park Avenue,6,1,2,2,7,5,1
Bradford Park Avenue,0,1,2,2,1,-1,0
Bradford Park Avenue,4,2,2,2,6,2,1
Bradford Park Avenue,1,3,2,2,4,-2,0
Bradford Park Avenue,3,1,2,2,4,2,1
Bradford Park Avenue,4,0,2,2,4,4,1
Bradford Park Avenue,2,0,2,2,2,2,1
Bradford Park Avenue,1,6,2,2,7,-5,0
Bradford Park Avenue,2,4,2,2,6,-2,0
Bradford Park Avenue,1,0,2,2,1,1,1
Bradford Park Avenue,2,3,2,2,5,-1,0
Burnley,2,0,2,2,2,2,1
Burnley,2,0,2,2,2,2,1
Burnley,5,1,2,2,6,4,1
Burnley,1,0,2,2,1,1,1
Burnley,1,2,2,2,3,-1,0
Burnley,2,0,2,2,2,2,1
Burnley,2,1,2,2,3,1,1
Burnley,0,1,2,2,1,-1,0
Burnley,3,1,2,2,4,2,1
Burnley,0,1,2,2,1,-1,0
Burnley,3,0,2,2,3,3,1
Burnley,5,2,2,2,7,3,1
Burnley,2,0,2,2,2,2,1
Burnley,3,0,2,2,3,3,1
Burnley,3,3,2,2,6,0,0.5
Burnley,1,2,2,2,3,-1,0
Burnley,2,2,2,2,4,0,0.5
Burnley,2,3,2,2,5,-1,0
Burnley,4,2,2,2,6,2,1
Derby County,2,1,2,2,3,1,1
Derby County,3,1,2,2,4,2,1
Derby County,2,1,2,2,3,1,1
Derby County,1,2,2,2,3,-1,0
Derby County,5,2,2,2,7,3,1
Derby County,3,1,2,2,4,2,1
Derby County,2,2,2,2,4,0,0.5
Derby County,2,1,2,2,3,1,1
Derby County,6,0,2,2,6,6,1
Derby County,4,0,2,2,4,4,1
Derby County,1,0,2,2,1,1,1
Derby County,0,1,2,2,1,-1,0
Derby County,1,0,2,2,1,1,1
Derby County,2,0,2,2,2,2,1
Derby County,3,1,2,2,4,2,1
Derby County,1,1,2,2,2,0,0.5
Derby County,1,0,2,2,1,1,1
Derby County,2,1,2,2,3,1,1
Derby County,5,0,2,2,5,5,1
Fulham,3,0,2,2,3,3,1
Fulham,0,0,2,2,0,0,0.5
Fulham,0,1,2,2,1,-1,0
Fulham,3,1,2,2,4,2,1
Fulham,2,1,2,2,3,1,1
Fulham,0,0,2,2,0,0,0.5
Fulham,0,1,2,2,1,-1,0
Fulham,2,0,2,2,2,2,1
Fulham,3,2,2,2,5,1,1
Fulham,3,1,2,2,4,2,1
Fulham,5,1,2,2,6,4,1
Fulham,2,0,2,2,2,2,1
Fulham,0,0,2,2,0,0,0.5
Fulham,1,1,2,2,2,0,0.5
Fulham,1,1,2,2,2,0,0.5
Fulham,1,1,2,2,2,0,0.5
Fulham,2,0,2,2,2,2,1
Fulham,0,2,2,2,2,-2,0
Fulham,0,0,2,2,0,0,0.5
Gainsborough Trinity,0,0,2,2,0,0,0.5
Gainsborough Trinity,1,0,2,2,1,1,1
Gainsborough Trinity,3,1,2,2,4,2,1
Gainsborough Trinity,3,1,2,2,4,2,1
Gainsborough Trinity,2,0,2,2,2,2,1
Gainsborough Trinity,2,4,2,2,6,-2,0
Gainsborough Trinity,2,0,2,2,2,2,1
Gainsborough Trinity,1,3,2,2,4,-2,0
Gainsborough Trinity,1,1,2,2,2,0,0.5
Gainsborough Trinity,0,1,2,2,1,-1,0
Gainsborough Trinity,2,0,2,2,2,2,1
Gainsborough Trinity,0,1,2,2,1,-1,0
Gainsborough Trinity,0,1,2,2,1,-1,0
Gainsborough Trinity,0,0,2,2,0,0,0.5
Gainsborough Trinity,1,3,2,2,4,-2,0
Gainsborough Trinity,0,2,2,2,2,-2,0
Gainsborough Trinity,1,0,2,2,1,1,1
Gainsborough Trinity,3,1,2,2,4,2,1
Gainsborough Trinity,0,2,2,2,2,-2,0
Glossop North End,3,0,2,2,3,3,1
Glossop North End,4,1,2,2,5,3,1
Glossop North End,2,3,2,2,5,-1,0
Glossop North End,3,1,2,2,4,2,1
Glossop North End,2,0,2,2,2,2,1
Glossop North End,1,1,2,2,2,0,0.5
Glossop North End,0,1,2,2,1,-1,0
Glossop North End,4,0,2,2,4,4,1
Glossop North End,3,0,2,2,3,3,1
Glossop North End,2,1,2,2,3,1,1
Glossop North End,2,1,2,2,3,1,1
Glossop North End,1,0,2,2,1,1,1
Glossop North End,3,1,2,2,4,2,1
Glossop North End,0,1,2,2,1,-1,0
Glossop North End,0,3,2,2,3,-3,0
Glossop North End,6,2,2,2,8,4,1
Glossop North End,1,0,2,2,1,1,1
Glossop North End,3,2,2,2,5,1,1
Glossop North End,2,0,2,2,2,2,1
Grimsby Town,7,0,2,2,7,7,1
Grimsby Town,0,2,2,2,2,-2,0
Grimsby Town,0,1,2,2,1,-1,0
Grimsby Town,0,1,2,2,1,-1,0
Grimsby Town,5,3,2,2,8,2,1
Grimsby Town,1,1,2,2,2,0,0.5
Grimsby Town,0,2,2,2,2,-2,0
Grimsby Town,2,1,2,2,3,1,1
Grimsby Town,4,0,2,2,4,4,1
Grimsby Town,2,3,2,2,5,-1,0
Grimsby Town,3,1,2,2,4,2,1
Grimsby Town,0,0,2,2,0,0,0.5
Grimsby Town,2,0,2,2,2,2,1
Grimsby Town,1,2,2,2,3,-1,0
Grimsby Town,0,1,2,2,1,-1,0
Grimsby Town,0,0,2,2,0,0,0.5
Grimsby Town,0,1,2,2,1,-1,0
Grimsby Town,3,0,2,2,3,3,1
Grimsby Town,1,0,2,2,1,1,1
Hull City,1,0,2,2,1,1,1
Hull City,7,0,2,2,7,7,1
Hull City,1,2,2,2,3,-1,0
Hull City,2,1,2,2,3,1,1
Hull City,3,2,2,2,5,1,1
Hull City,0,0,2,2,0,0,0.5
Hull City,3,2,2,2,5,1,1
Hull City,5,1,2,2,6,4,1
Hull City,4,2,2,2,6,2,1
Hull City,5,1,2,2,6,4,1
Hull City,3,1,2,2,4,2,1
Hull City,2,1,2,2,3,1,1
Hull City,3,0,2,2,3,3,1
Hull City,0,0,2,2,0,0,0.5
Hull City,1,2,2,2,3,-1,0
Hull City,4,0,2,2,4,4,1
Hull City,1,1,2,2,2,0,0.5
Hull City,5,1,2,2,6,4,1
Hull City,2,2,2,2,4,0,0.5
Leeds City,0,7,2,2,7,-7,0
Leeds City,2,1,2,2,3,1,1
Leeds City,3,2,2,2,5,1,1
Leeds City,2,3,2,2,5,-1,0
Leeds City,1,0,2,2,1,1,1
Leeds City,2,1,2,2,3,1,1
Leeds City,2,2,2,2,4,0,0.5
Leeds City,0,0,2,2,0,0,0.5
Leeds City,1,2,2,2,3,-1,0
Leeds City,3,1,2,2,4,2,1
Leeds City,1,1,2,2,2,0,0.5
Leeds City,1,1,2,2,2,0,0.5
Leeds City,2,1,2,2,3,1,1
Leeds City,5,0,2,2,5,5,1
Leeds City,1,3,2,2,4,-2,0
Leeds City,3,5,2,2,8,-2,0
Leeds City,0,2,2,2,2,-2,0
Leeds City,0,1,2,2,1,-1,0
Leeds City,1,0,2,2,1,1,1
Leicester City,1,1,2,2,2,0,0.5
Leicester City,3,1,2,2,4,2,1
Leicester City,3,2,2,2,5,1,1
Leicester City,3,0,2,2,3,3,1
Leicester City,1,1,2,2,2,0,0.5
Leicester City,6,0,2,2,6,6,1
Leicester City,2,3,2,2,5,-1,0
Leicester City,9,1,2,2,10,8,1
Leicester City,3,1,2,2,4,2,1
Leicester City,3,1,2,2,4,2,1
Leicester City,3,1,2,2,4,2,1
Leicester City,6,2,2,2,8,4,1
Leicester City,4,0,2,2,4,4,1
Leicester City,4,1,2,2,5,3,1
Leicester City,1,3,2,2,4,-2,0
Leicester City,3,0,2,2,3,3,1
Leicester City,1,0,2,2,1,1,1
Leicester City,2,1,2,2,3,1,1
Leicester City,2,1,2,2,3,1,1
Leyton Orient,4,0,2,2,4,4,1
Leyton Orient,3,0,2,2,3,3,1
Leyton Orient,2,1,2,2,3,1,1
Leyton Orient,1,0,2,2,1,1,1
Leyton Orient,2,1,2,2,3,1,1
Leyton Orient,0,2,2,2,2,-2,0
Leyton Orient,0,0,2,2,0,0,0.5
Leyton Orient,2,0,2,2,2,2,1
Leyton Orient,0,0,2,2,0,0,0.5
Leyton Orient,0,0,2,2,0,0,0.5
Leyton Orient,0,0,2,2,0,0,0.5
Leyton Orient,0,2,2,2,2,-2,0
Leyton Orient,3,0,2,2,3,3,1
Leyton Orient,1,2,2,2,3,-1,0
Leyton Orient,3,2,2,2,5,1,1
Leyton Orient,1,2,2,2,3,-1,0
Leyton Orient,2,0,2,2,2,2,1
Leyton Orient,1,3,2,2,4,-2,0
Leyton Orient,1,0,2,2,1,1,1
Lincoln City,2,1,2,2,3,1,1
Lincoln City,3,2,2,2,5,1,1
Lincoln City,2,2,2,2,4,0,0.5
Lincoln City,1,1,2,2,2,0,0.5
Lincoln City,0,0,2,2,0,0,0.5
Lincoln City,2,3,2,2,5,-1,0
Lincoln City,2,2,2,2,4,0,0.5
Lincoln City,4,0,2,2,4,4,1
Lincoln City,1,2,2,2,3,-1,0
Lincoln City,0,0,2,2,0,0,0.5
Lincoln City,1,3,2,2,4,-2,0
Lincoln City,0,0,2,2,0,0,0.5
Lincoln City,3,1,2,2,4,2,1
Lincoln City,4,0,2,2,4,4,1
Lincoln City,0,2,2,2,2,-2,0
Lincoln City,0,2,2,2,2,-2,0
Lincoln City,1,0,2,2,1,1,1
Lincoln City,0,3,2,2,3,-3,0
Lincoln City,1,0,2,2,1,1,1
Manchester City,0,0,2,2,0,0,0.5
Manchester City,3,0,2,2,3,3,1
Manchester City,1,2,2,2,3,-1,0
Manchester City,3,1,2,2,4,2,1
Manchester City,4,0,2,2,4,4,1
Manchester City,2,1,2,2,3,1,1
Manchester City,3,1,2,2,4,2,1
Manchester City,3,1,2,2,4,2,1
Manchester City,3,3,2,2,6,0,0.5
Manchester City,2,0,2,2,2,2,1
Manchester City,3,0,2,2,3,3,1
Manchester City,3,0,2,2,3,3,1
Manchester City,2,0,2,2,2,2,1
Manchester City,2,1,2,2,3,1,1
Manchester City,6,2,2,2,8,4,1
Manchester City,0,2,2,2,2,-2,0
Manchester City,2,1,2,2,3,1,1
Manchester City,3,2,2,2,5,1,1
Manchester City,6,0,2,2,6,6,1
Oldham Athletic,5,0,2,2,5,5,1
Oldham Athletic,1,1,2,2,2,0,0.5
Oldham Athletic,2,0,2,2,2,2,1
Oldham Athletic,1,1,2,2,2,0,0.5
Oldham Athletic,1,0,2,2,1,1,1
Oldham Athletic,4,0,2,2,4,4,1
Oldham Athletic,0,1,2,2,1,-1,0
Oldham Athletic,2,0,2,2,2,2,1
Oldham Athletic,1,0,2,2,1,1,1
Oldham Athletic,4,1,2,2,5,3,1
Oldham Athletic,3,0,2,2,3,3,1
Oldham Athletic,2,1,2,2,3,1,1
Oldham Athletic,2,1,2,2,3,1,1
Oldham Athletic,5,0,2,2,5,5,1
Oldham Athletic,6,1,2,2,7,5,1
Oldham Athletic,1,0,2,2,1,1,1
Oldham Athletic,3,0,2,2,3,3,1
Oldham Athletic,1,2,2,2,3,-1,0
Oldham Athletic,3,0,2,2,3,3,1
Stockport County,5,0,2,2,5,5,1
Stockport County,1,1,2,2,2,0,0.5
Stockport County,2,0,2,2,2,2,1
Stockport County,2,1,2,2,3,1,1
Stockport County,1,1,2,2,2,0,0.5
Stockport County,1,1,2,2,2,0,0.5
Stockport County,0,2,2,2,2,-2,0
Stockport County,3,0,2,2,3,3,1
Stockport County,5,0,2,2,5,5,1
Stockport County,2,1,2,2,3,1,1
Stockport County,1,5,2,2,6,-4,0
Stockport County,0,0,2,2,0,0,0.5
Stockport County,6,2,2,2,8,4,1
Stockport County,3,0,2,2,3,3,1
Stockport County,1,1,2,2,2,0,0.5
Stockport County,1,2,2,2,3,-1,0
Stockport County,2,0,2,2,2,2,1
Stockport County,0,2,2,2,2,-2,0
Stockport County,1,1,2,2,2,0,0.5
West Bromwich Albion,4,3,2,2,7,1,1
West Bromwich Albion,3,1,2,2,4,2,1
West Bromwich Albion,0,3,2,2,3,-3,0
West Bromwich Albion,1,0,2,2,1,1,1
West Bromwich Albion,1,2,2,2,3,-1,0
West Bromwich Albion,0,0,2,2,0,0,0.5
West Bromwich Albion,3,2,2,2,5,1,1
West Bromwich Albion,5,0,2,2,5,5,1
West Bromwich Albion,0,0,2,2,0,0,0.5
West Bromwich Albion,4,3,2,2,7,1,1
West Bromwich Albion,0,2,2,2,2,-2,0
West Bromwich Albion,3,1,2,2,4,2,1
West Bromwich Albion,1,2,2,2,3,-1,0
West Bromwich Albion,3,0,2,2,3,3,1
West Bromwich Albion,1,1,2,2,2,0,0.5
West Bromwich Albion,0,0,2,2,0,0,0.5
West Bromwich Albion,1,1,2,2,2,0,0.5
West Bromwich Albion,0,1,2,2,1,-1,0
West Bromwich Albion,0,1,2,2,1,-1,0
Wolverhampton Wanderers,1,0,2,2,1,1,1
Wolverhampton Wanderers,4,2,2,2,6,2,1
Wolverhampton Wanderers,2,1,2,2,3,1,1
Wolverhampton Wanderers,0,2,2,2,2,-2,0
Wolverhampton Wanderers,3,1,2,2,4,2,1
Wolverhampton Wanderers,2,3,2,2,5,-1,0
Wolverhampton Wanderers,1,1,2,2,2,0,0.5
Wolverhampton Wanderers,0,0,2,2,0,0,0.5
Wolverhampton Wanderers,3,1,2,2,4,2,1
Wolverhampton Wanderers,8,1,2,2,9,7,1
Wolverhampton Wanderers,2,2,2,2,4,0,0.5
Wolverhampton Wanderers,5,0,2,2,5,5,1
Wolverhampton Wanderers,4,1,2,2,5,3,1
Wolverhampton Wanderers,3,1,2,2,4,2,1
Wolverhampton Wanderers,4,2,2,2,6,2,1
Wolverhampton Wanderers,3,2,2,2,5,1,1
Wolverhampton Wanderers,1,0,2,2,1,1,1
Wolverhampton Wanderers,2,1,2,2,3,1,1
Wolverhampton Wanderers,3,1,2,2,4,2,1
Arsenal,1,1,1,1,2,0,0.5
Arsenal,4,1,1,1,5,3,1
Arsenal,0,0,1,1,0,0,0.5
Arsenal,3,0,1,1,3,3,1
Arsenal,3,2,1,1,5,1,1
Arsenal,1,0,1,1,1,1,1
Arsenal,0,0,1,1,0,0,0.5
Arsenal,0,1,1,1,1,-1,0
Arsenal,1,2,1,1,3,-1,0
Arsenal,0,2,1,1,2,-2,0
Arsenal,1,2,1,1,3,-1,0
Arsenal,3,2,1,1,5,1,1
Arsenal,2,1,1,1,3,1,1
Arsenal,0,0,1,1,0,0,0.5
Arsenal,2,0,1,1,2,2,1
Arsenal,0,0,1,1,0,0,0.5
Arsenal,1,0,1,1,1,1,1
Arsenal,0,0,1,1,0,0,0.5
Arsenal,2,0,1,1,2,2,1
Aston Villa,3,0,1,1,3,3,1
Aston Villa,2,2,1,1,4,0,0.5
Aston Villa,4,1,1,1,5,3,1
Aston Villa,2,0,1,1,2,2,1
Aston Villa,4,1,1,1,5,3,1
Aston Villa,2,1,1,1,3,1,1
Aston Villa,1,1,1,1,2,0,0.5
Aston Villa,2,1,1,1,3,1,1
Aston Villa,4,2,1,1,6,2,1
Aston Villa,5,0,1,1,5,5,1
Aston Villa,3,2,1,1,5,1,1
Aston Villa,3,1,1,1,4,2,1
Aston Villa,3,1,1,1,4,2,1
Aston Villa,1,1,1,1,2,0,0.5
Aston Villa,0,2,1,1,2,-2,0
Aston Villa,3,0,1,1,3,3,1
Aston Villa,2,1,1,1,3,1,1
Aston Villa,2,1,1,1,3,1,1
Aston Villa,4,0,1,1,4,4,1
Blackburn Rovers,1,0,1,1,1,1,1
Blackburn Rovers,0,0,1,1,0,0,0.5
Blackburn Rovers,3,0,1,1,3,3,1
Blackburn Rovers,2,0,1,1,2,2,1
Blackburn Rovers,6,2,1,1,8,4,1
Blackburn Rovers,0,1,1,1,1,-1,0
Blackburn Rovers,1,2,1,1,3,-1,0
Blackburn Rovers,2,0,1,1,2,2,1
Blackburn Rovers,1,0,1,1,1,1,1
Blackburn Rovers,5,1,1,1,6,4,1
Blackburn Rovers,3,1,1,1,4,2,1
Blackburn Rovers,4,1,1,1,5,3,1
Blackburn Rovers,1,1,1,1,2,0,0.5
Blackburn Rovers,1,0,1,1,1,1,1
Blackburn Rovers,0,1,1,1,1,-1,0
Blackburn Rovers,1,2,1,1,3,-1,0
Blackburn Rovers,6,1,1,1,7,5,1
Blackburn Rovers,0,1,1,1,1,-1,0
Blackburn Rovers,3,0,1,1,3,3,1
Bradford City,3,0,1,1,3,3,1
Bradford City,1,2,1,1,3,-1,0
Bradford City,1,0,1,1,1,1,1
Bradford City,3,1,1,1,4,2,1
Bradford City,2,2,1,1,4,0,0.5
Bradford City,3,1,1,1,4,2,1
Bradford City,1,3,1,1,4,-2,0
Bradford City,1,0,1,1,1,1,1
Bradford City,1,0,1,1,1,1,1
Bradford City,1,0,1,1,1,1,1
Bradford City,1,0,1,1,1,1,1
Bradford City,2,1,1,1,3,1,1
Bradford City,0,1,1,1,1,-1,0
Bradford City,1,2,1,1,3,-1,0
Bradford City,1,0,1,1,1,1,1
Bradford City,0,1,1,1,1,-1,0
Bradford City,5,2,1,1,7,3,1
Bradford City,3,0,1,1,3,3,1
Bradford City,3,0,1,1,3,3,1
Bristol City,0,1,1,1,1,-1,0
Bristol City,1,2,1,1,3,-1,0
Bristol City,1,0,1,1,1,1,1
Bristol City,0,2,1,1,2,-2,0
Bristol City,2,0,1,1,2,2,1
Bristol City,0,1,1,1,1,-1,0
Bristol City,1,1,1,1,2,0,0.5
Bristol City,2,1,1,1,3,1,1
Bristol City,0,1,1,1,1,-1,0
Bristol City,3,2,1,1,5,1,1
Bristol City,1,0,1,1,1,1,1
Bristol City,5,1,1,1,6,4,1
Bristol City,1,0,1,1,1,1,1
Bristol City,3,2,1,1,5,1,1
Bristol City,0,0,1,1,0,0,0.5
Bristol City,0,2,1,1,2,-2,0
Bristol City,2,2,1,1,4,0,0.5
Bristol City,1,1,1,1,2,0,0.5
Bristol City,0,2,1,1,2,-2,0
Bury,1,1,1,1,2,0,0.5
Bury,1,0,1,1,1,1,1
Bury,2,2,1,1,4,0,0.5
Bury,0,1,1,1,1,-1,0
Bury,2,1,1,1,3,1,1
Bury,0,0,1,1,0,0,0.5
Bury,3,0,1,1,3,3,1
Bury,5,2,1,1,7,3,1
Bury,0,3,1,1,3,-3,0
Bury,4,2,1,1,6,2,1
Bury,1,1,1,1,2,0,0.5
Bury,1,0,1,1,1,1,1
Bury,0,0,1,1,0,0,0.5
Bury,2,2,1,1,4,0,0.5
Bury,1,0,1,1,1,1,1
Bury,1,1,1,1,2,0,0.5
Bury,1,1,1,1,2,0,0.5
Bury,0,0,1,1,0,0,0.5
Bury,2,1,1,1,3,1,1
Everton,2,0,1,1,2,2,1
Everton,0,1,1,1,1,-1,0
Everton,6,1,1,1,7,5,1
Everton,0,0,1,1,0,0,0.5
Everton,4,3,1,1,7,1,1
Everton,2,1,1,1,3,1,1
Everton,0,1,1,1,1,-1,0
Everton,1,0,1,1,1,1,1
Everton,0,1,1,1,1,-1,0
Everton,2,0,1,1,2,2,1
Everton,1,5,1,1,6,-4,0
Everton,2,1,1,1,3,1,1
Everton,5,0,1,1,5,5,1
Everton,1,0,1,1,1,1,1
Everton,2,0,1,1,2,2,1
Everton,1,0,1,1,1,1,1
Everton,1,1,1,1,2,0,0.5
Everton,2,2,1,1,4,0,0.5
Everton,2,0,1,1,2,2,1
Liverpool,1,1,1,1,2,0,0.5
Liverpool,3,1,1,1,4,2,1
Liverpool,2,2,1,1,4,0,0.5
Liverpool,1,2,1,1,3,-1,0
Liverpool,4,0,1,1,4,4,1
Liverpool,2,0,1,1,2,2,1
Liverpool,0,2,1,1,2,-2,0
Liverpool,1,1,1,1,2,0,0.5
Liverpool,3,2,1,1,5,1,1
Liverpool,3,0,1,1,3,3,1
Liverpool,3,0,1,1,3,3,1
Liverpool,2,3,1,1,5,-1,0
Liverpool,2,1,1,1,3,1,1
Liverpool,1,0,1,1,1,1,1
Liverpool,3,0,1,1,3,3,1
Liverpool,2,0,1,1,2,2,1
Liverpool,3,0,1,1,3,3,1
Liverpool,1,2,1,1,3,-1,0
Liverpool,1,2,1,1,3,-1,0
Manchester City,1,1,1,1,2,0,0.5
Manchester City,1,1,1,1,2,0,0.5
Manchester City,0,0,1,1,0,0,0.5
Manchester City,1,3,1,1,4,-2,0
Manchester City,1,2,1,1,3,-1,0
Manchester City,5,1,1,1,6,4,1
Manchester City,2,1,1,1,3,1,1
Manchester City,1,2,1,1,3,-1,0
Manchester City,1,1,1,1,2,0,0.5
Manchester City,2,1,1,1,3,1,1
Manchester City,2,0,1,1,2,2,1
Manchester City,1,0,1,1,1,1,1
Manchester City,0,1,1,1,1,-1,0
Manchester City,2,0,1,1,2,2,1
Manchester City,0,2,1,1,2,-2,0
Manchester City,0,4,1,1,4,-4,0
Manchester City,1,2,1,1,3,-1,0
Manchester City,3,3,1,1,6,0,0.5
Manchester City,2,1,1,1,3,1,1
Manchester United,5,0,1,1,5,5,1
Manchester United,2,0,1,1,2,2,1
Manchester United,3,2,1,1,5,1,1
Manchester United,1,0,1,1,1,1,1
Manchester United,3,1,1,1,4,2,1
Manchester United,3,2,1,1,5,1,1
Manchester United,2,2,1,1,4,0,0.5
Manchester United,2,0,1,1,2,2,1
Manchester United,2,1,1,1,3,1,1
Manchester United,1,2,1,1,3,-1,0
Manchester United,2,0,1,1,2,2,1
Manchester United,4,2,1,1,6,2,1
Manchester United,0,0,1,1,0,0,0.5
Manchester United,0,0,1,1,0,0,0.5
Manchester United,5,0,1,1,5,5,1
Manchester United,1,1,1,1,2,0,0.5
Manchester United,3,2,1,1,5,1,1
Manchester United,5,1,1,1,6,4,1
Manchester United,3,2,1,1,5,1,1
Middlesbrough,1,1,1,1,2,0,0.5
Middlesbrough,0,1,1,1,1,-1,0
Middlesbrough,2,3,1,1,5,-1,0
Middlesbrough,3,2,1,1,5,1,1
Middlesbrough,3,0,1,1,3,3,1
Middlesbrough,2,1,1,1,3,1,1
Middlesbrough,1,0,1,1,1,1,1
Middlesbrough,2,2,1,1,4,0,0.5
Middlesbrough,0,0,1,1,0,0,0.5
Middlesbrough,2,2,1,1,4,0,0.5
Middlesbrough,0,2,1,1,2,-2,0
Middlesbrough,2,2,1,1,4,0,0.5
Middlesbrough,4,1,1,1,5,3,1
Middlesbrough,1,2,1,1,3,-1,0
Middlesbrough,2,0,1,1,2,2,1
Middlesbrough,3,1,1,1,4,2,1
Middlesbrough,0,1,1,1,1,-1,0
Middlesbrough,1,0,1,1,1,1,1
Middlesbrough,2,0,1,1,2,2,1
Newcastle United,0,1,1,1,1,-1,0
Newcastle United,1,0,1,1,1,1,1
Newcastle United,2,2,1,1,4,0,0.5
Newcastle United,6,1,1,1,7,5,1
Newcastle United,0,1,1,1,1,-1,0
Newcastle United,5,1,1,1,6,4,1
Newcastle United,1,0,1,1,1,1,1
Newcastle United,6,1,1,1,7,5,1
Newcastle United,3,3,1,1,6,0,0.5
Newcastle United,0,1,1,1,1,-1,0
Newcastle United,0,0,1,1,0,0,0.5
Newcastle United,4,1,1,1,5,3,1
Newcastle United,2,0,1,1,2,2,1
Newcastle United,3,0,1,1,3,3,1
Newcastle United,1,1,1,1,2,0,0.5
Newcastle United,1,1,1,1,2,0,0.5
Newcastle United,0,2,1,1,2,-2,0
Newcastle United,1,1,1,1,2,0,0.5
Newcastle United,1,1,1,1,2,0,0.5
Nottingham Forest,2,3,1,1,5,-1,0
Nottingham Forest,3,1,1,1,4,2,1
Nottingham Forest,5,2,1,1,7,3,1
Nottingham Forest,0,2,1,1,2,-2,0
Nottingham Forest,3,3,1,1,6,0,0.5
Nottingham Forest,1,2,1,1,3,-1,0
Nottingham Forest,1,1,1,1,2,0,0.5
Nottingham Forest,2,0,1,1,2,2,1
Nottingham Forest,0,0,1,1,0,0,0.5
Nottingham Forest,2,1,1,1,3,1,1
Nottingham Forest,1,1,1,1,2,0,0.5
Nottingham Forest,0,1,1,1,1,-1,0
Nottingham Forest,0,2,1,1,2,-2,0
Nottingham Forest,4,1,1,1,5,3,1
Nottingham Forest,1,3,1,1,4,-2,0
Nottingham Forest,1,2,1,1,3,-1,0
Nottingham Forest,0,1,1,1,1,-1,0
Nottingham Forest,1,3,1,1,4,-2,0
Nottingham Forest,1,2,1,1,3,-1,0
Notts County,0,2,1,1,2,-2,0
Notts County,1,2,1,1,3,-1,0
Notts County,2,0,1,1,2,2,1
Notts County,1,1,1,1,2,0,0.5
Notts County,2,0,1,1,2,2,1
Notts County,1,0,1,1,1,1,1
Notts County,0,0,1,1,0,0,0.5
Notts County,1,0,1,1,1,1,1
Notts County,0,1,1,1,1,-1,0
Notts County,1,0,1,1,1,1,1
Notts County,1,0,1,1,1,1,1
Notts County,2,2,1,1,4,0,0.5
Notts County,1,1,1,1,2,0,0.5
Notts County,1,0,1,1,1,1,1
Notts County,3,3,1,1,6,0,0.5
Notts County,0,3,1,1,3,-3,0
Notts County,2,0,1,1,2,2,1
Notts County,1,1,1,1,2,0,0.5
Notts County,1,0,1,1,1,1,1
Oldham Athletic,3,0,1,1,3,3,1
Oldham Athletic,1,1,1,1,2,0,0.5
Oldham Athletic,2,0,1,1,2,2,1
Oldham Athletic,1,0,1,1,1,1,1
Oldham Athletic,1,0,1,1,1,1,1
Oldham Athletic,0,0,1,1,0,0,0.5
Oldham Athletic,2,0,1,1,2,2,1
Oldham Athletic,3,1,1,1,4,2,1
Oldham Athletic,1,1,1,1,2,0,0.5
Oldham Athletic,1,3,1,1,4,-2,0
Oldham Athletic,1,1,1,1,2,0,0.5
Oldham Athletic,0,2,1,1,2,-2,0
Oldham Athletic,2,0,1,1,2,2,1
Oldham Athletic,2,1,1,1,3,1,1
Oldham Athletic,2,1,1,1,3,1,1
Oldham Athletic,3,0,1,1,3,3,1
Oldham Athletic,1,0,1,1,1,1,1
Oldham Athletic,2,1,1,1,3,1,1
Oldham Athletic,2,0,1,1,2,2,1
Preston North End,4,1,1,1,5,3,1
Preston North End,0,1,1,1,1,-1,0
Preston North End,0,0,1,1,0,0,0.5
Preston North End,2,0,1,1,2,2,1
Preston North End,4,0,1,1,4,4,1
Preston North End,2,0,1,1,2,2,1
Preston North End,0,2,1,1,2,-2,0
Preston North End,2,1,1,1,3,1,1
Preston North End,1,1,1,1,2,0,0.5
Preston North End,0,2,1,1,2,-2,0
Preston North End,1,1,1,1,2,0,0.5
Preston North End,2,1,1,1,3,1,1
Preston North End,0,2,1,1,2,-2,0
Preston North End,2,0,1,1,2,2,1
Preston North End,1,1,1,1,2,0,0.5
Preston North End,1,1,1,1,2,0,0.5
Preston North End,1,3,1,1,4,-2,0
Preston North End,0,2,1,1,2,-2,0
Preston North End,2,0,1,1,2,2,1
Sheffield United,3,2,1,1,5,1,1
Sheffield United,2,1,1,1,3,1,1
Sheffield United,1,1,1,1,2,0,0.5
Sheffield United,0,1,1,1,1,-1,0
Sheffield United,0,4,1,1,4,-4,0
Sheffield United,3,0,1,1,3,3,1
Sheffield United,0,1,1,1,1,-1,0
Sheffield United,2,0,1,1,2,2,1
Sheffield United,2,2,1,1,4,0,0.5
Sheffield United,2,0,1,1,2,2,1
Sheffield United,2,1,1,1,3,1,1
Sheffield United,0,0,1,1,0,0,0.5
Sheffield United,0,1,1,1,1,-1,0
Sheffield United,0,2,1,1,2,-2,0
Sheffield United,1,2,1,1,3,-1,0
Sheffield United,5,0,1,1,5,5,1
Sheffield United,0,1,1,1,1,-1,0
Sheffield United,1,2,1,1,3,-1,0
Sheffield United,3,0,1,1,3,3,1
Sheffield Wednesday,0,0,1,1,0,0,0.5
Sheffield Wednesday,1,0,1,1,1,1,1
Sheffield Wednesday,1,0,1,1,1,1,1
Sheffield Wednesday,0,1,1,1,1,-1,0
Sheffield Wednesday,2,1,1,1,3,1,1
Sheffield Wednesday,1,0,1,1,1,1,1
Sheffield Wednesday,0,2,1,1,2,-2,0
Sheffield Wednesday,1,0,1,1,1,1,1
Sheffield Wednesday,4,1,1,1,5,3,1
Sheffield Wednesday,0,0,1,1,0,0,0.5
Sheffield Wednesday,1,1,1,1,2,0,0.5
Sheffield Wednesday,0,2,1,1,2,-2,0
Sheffield Wednesday,5,2,1,1,7,3,1
Sheffield Wednesday,1,3,1,1,4,-2,0
Sheffield Wednesday,2,0,1,1,2,2,1
Sheffield Wednesday,0,0,1,1,0,0,0.5
Sheffield Wednesday,2,0,1,1,2,2,1
Sheffield Wednesday,1,1,1,1,2,0,0.5
Sheffield Wednesday,2,1,1,1,3,1,1
Sunderland,2,2,1,1,4,0,0.5
Sunderland,3,2,1,1,5,1,1
Sunderland,2,2,1,1,4,0,0.5
Sunderland,1,1,1,1,2,0,0.5
Sunderland,3,1,1,1,4,2,1
Sunderland,4,1,1,1,5,3,1
Sunderland,4,0,1,1,4,4,1
Sunderland,4,0,1,1,4,4,1
Sunderland,4,0,1,1,4,4,1
Sunderland,1,2,1,1,3,-1,0
Sunderland,3,1,1,1,4,2,1
Sunderland,2,1,1,1,3,1,1
Sunderland,2,2,1,1,4,0,0.5
Sunderland,1,1,1,1,2,0,0.5
Sunderland,2,1,1,1,3,1,1
Sunderland,1,1,1,1,2,0,0.5
Sunderland,0,2,1,1,2,-2,0
Sunderland,1,2,1,1,3,-1,0
Sunderland,4,0,1,1,4,4,1
Tottenham Hotspur,3,1,1,1,4,2,1
Tottenham Hotspur,1,2,1,1,3,-1,0
Tottenham Hotspur,2,2,1,1,4,0,0.5
Tottenham Hotspur,2,0,1,1,2,2,1
Tottenham Hotspur,3,2,1,1,5,1,1
Tottenham Hotspur,5,0,1,1,5,5,1
Tottenham Hotspur,0,1,1,1,1,-1,0
Tottenham Hotspur,1,0,1,1,1,1,1
Tottenham Hotspur,1,1,1,1,2,0,0.5
Tottenham Hotspur,2,2,1,1,4,0,0.5
Tottenham Hotspur,6,2,1,1,8,4,1
Tottenham Hotspur,1,2,1,1,3,-1,0
Tottenham Hotspur,1,4,1,1,5,-3,0
Tottenham Hotspur,3,0,1,1,3,3,1
Tottenham Hotspur,2,0,1,1,2,2,1
Tottenham Hotspur,1,1,1,1,2,0,0.5
Tottenham Hotspur,2,1,1,1,3,1,1
Tottenham Hotspur,3,1,1,1,4,2,1
Tottenham Hotspur,1,1,1,1,2,0,0.5
Barnsley,2,3,2,2,5,-1,0
Barnsley,1,2,2,2,3,-1,0
Barnsley,0,0,2,2,0,0,0.5
Barnsley,7,0,2,2,7,7,1
Barnsley,0,1,2,2,1,-1,0
Barnsley,3,2,2,2,5,1,1
Barnsley,0,2,2,2,2,-2,0
Barnsley,4,2,2,2,6,2,1
Barnsley,2,2,2,2,4,0,0.5
Barnsley,4,0,2,2,4,4,1
Barnsley,1,2,2,2,3,-1,0
Barnsley,0,1,2,2,1,-1,0
Barnsley,4,0,2,2,4,4,1
Barnsley,1,1,2,2,2,0,0.5
Barnsley,1,2,2,2,3,-1,0
Barnsley,2,2,2,2,4,0,0.5
Barnsley,1,1,2,2,2,0,0.5
Barnsley,1,1,2,2,2,0,0.5
Barnsley,2,2,2,2,4,0,0.5
Birmingham City,1,0,2,2,1,1,1
Birmingham City,2,0,2,2,2,2,1
Birmingham City,2,1,2,2,3,1,1
Birmingham City,1,0,2,2,1,1,1
Birmingham City,1,1,2,2,2,0,0.5
Birmingham City,2,1,2,2,3,1,1
Birmingham City,2,0,2,2,2,2,1
Birmingham City,1,1,2,2,2,0,0.5
Birmingham City,1,1,2,2,2,0,0.5
Birmingham City,1,2,2,2,3,-1,0
Birmingham City,2,1,2,2,3,1,1
Birmingham City,1,0,2,2,1,1,1
Birmingham City,2,1,2,2,3,1,1
Birmingham City,1,0,2,2,1,1,1
Birmingham City,0,1,2,2,1,-1,0
Birmingham City,0,1,2,2,1,-1,0
Birmingham City,1,3,2,2,4,-2,0
Birmingham City,1,1,2,2,2,0,0.5
Birmingham City,1,3,2,2,4,-2,0
Blackpool,1,0,2,2,1,1,1
Blackpool,3,1,2,2,4,2,1
Blackpool,1,1,2,2,2,0,0.5
Blackpool,4,1,2,2,5,3,1
Blackpool,1,0,2,2,1,1,1
Blackpool,0,2,2,2,2,-2,0
Blackpool,0,1,2,2,1,-1,0
Blackpool,1,2,2,2,3,-1,0
Blackpool,1,1,2,2,2,0,0.5
Blackpool,1,0,2,2,1,1,1
Blackpool,1,1,2,2,2,0,0.5
Blackpool,2,0,2,2,2,2,1
Blackpool,1,2,2,2,3,-1,0
Blackpool,2,0,2,2,2,2,1
Blackpool,1,1,2,2,2,0,0.5
Blackpool,5,1,2,2,6,4,1
Blackpool,2,1,2,2,3,1,1
Blackpool,0,0,2,2,0,0,0.5
Blackpool,2,0,2,2,2,2,1
Bolton Wanderers,4,0,2,2,4,4,1
Bolton Wanderers,5,1,2,2,6,4,1
Bolton Wanderers,1,0,2,2,1,1,1
Bolton Wanderers,1,0,2,2,1,1,1
Bolton Wanderers,1,1,2,2,2,0,0.5
Bolton Wanderers,2,0,2,2,2,2,1
Bolton Wanderers,2,1,2,2,3,1,1
Bolton Wanderers,2,0,2,2,2,2,1
Bolton Wanderers,3,0,2,2,3,3,1
Bolton Wanderers,4,0,2,2,4,4,1
Bolton Wanderers,3,1,2,2,4,2,1
Bolton Wanderers,2,1,2,2,3,1,1
Bolton Wanderers,3,0,2,2,3,3,1
Bolton Wanderers,6,2,2,2,8,4,1
Bolton Wanderers,2,0,2,2,2,2,1
Bolton Wanderers,3,1,2,2,4,2,1
Bolton Wanderers,2,2,2,2,4,0,0.5
Bolton Wanderers,3,1,2,2,4,2,1
Bolton Wanderers,4,1,2,2,5,3,1
Bradford Park Avenue,2,3,2,2,5,-1,0
Bradford Park Avenue,2,2,2,2,4,0,0.5
Bradford Park Avenue,1,0,2,2,1,1,1
Bradford Park Avenue,1,1,2,2,2,0,0.5
Bradford Park Avenue,1,1,2,2,2,0,0.5
Bradford Park Avenue,2,1,2,2,3,1,1
Bradford Park Avenue,2,1,2,2,3,1,1
Bradford Park Avenue,1,0,2,2,1,1,1
Bradford Park Avenue,5,0,2,2,5,5,1
Bradford Park Avenue,6,0,2,2,6,6,1
Bradford Park Avenue,0,1,2,2,1,-1,0
Bradford Park Avenue,2,0,2,2,2,2,1
Bradford Park Avenue,0,2,2,2,2,-2,0
Bradford Park Avenue,3,1,2,2,4,2,1
Bradford Park Avenue,3,0,2,2,3,3,1
Bradford Park Avenue,6,0,2,2,6,6,1
Bradford Park Avenue,3,2,2,2,5,1,1
Bradford Park Avenue,3,3,2,2,6,0,0.5
Bradford Park Avenue,1,0,2,2,1,1,1
Burnley,0,0,2,2,0,0,0.5
Burnley,2,2,2,2,4,0,0.5
Burnley,1,1,2,2,2,0,0.5
Burnley,1,3,2,2,4,-2,0
Burnley,1,1,2,2,2,0,0.5
Burnley,1,1,2,2,2,0,0.5
Burnley,2,1,2,2,3,1,1
Burnley,1,0,2,2,1,1,1
Burnley,1,1,2,2,2,0,0.5
Burnley,0,0,2,2,0,0,0.5
Burnley,2,1,2,2,3,1,1
Burnley,0,0,2,2,0,0,0.5
Burnley,4,1,2,2,5,3,1
Burnley,2,1,2,2,3,1,1
Burnley,2,0,2,2,2,2,1
Burnley,3,1,2,2,4,2,1
Burnley,5,3,2,2,8,2,1
Burnley,2,0,2,2,2,2,1
Burnley,1,1,2,2,2,0,0.5
Chelsea,3,1,2,2,4,2,1
Chelsea,2,2,2,2,4,0,0.5
Chelsea,0,0,2,2,0,0,0.5
Chelsea,3,0,2,2,3,3,1
Chelsea,3,0,2,2,3,3,1
Chelsea,3,0,2,2,3,3,1
Chelsea,3,2,2,2,5,1,1
Chelsea,2,0,2,2,2,2,1
Chelsea,3,0,2,2,3,3,1
Chelsea,2,0,2,2,2,2,1
Chelsea,2,0,2,2,2,2,1
Chelsea,2,0,2,2,2,2,1
Chelsea,4,1,2,2,5,3,1
Chelsea,2,0,2,2,2,2,1
Chelsea,1,0,2,2,1,1,1
Chelsea,7,0,2,2,7,7,1
Chelsea,2,0,2,2,2,2,1
Chelsea,2,1,2,2,3,1,1
Chelsea,2,0,2,2,2,2,1
Derby County,5,1,2,2,6,4,1
Derby County,1,0,2,2,1,1,1
Derby County,1,1,2,2,2,0,0.5
Derby County,2,2,2,2,4,0,0.5
Derby County,4,2,2,2,6,2,1
Derby County,3,0,2,2,3,3,1
Derby County,1,4,2,2,5,-3,0
Derby County,2,2,2,2,4,0,0.5
Derby County,4,0,2,2,4,4,1
Derby County,2,1,2,2,3,1,1
Derby County,1,1,2,2,2,0,0.5
Derby County,2,3,2,2,5,-1,0
Derby County,2,2,2,2,4,0,0.5
Derby County,3,0,2,2,3,3,1
Derby County,3,1,2,2,4,2,1
Derby County,5,0,2,2,5,5,1
Derby County,4,1,2,2,5,3,1
Derby County,1,3,2,2,4,-2,0
Derby County,2,0,2,2,2,2,1
Fulham,0,2,2,2,2,-2,0
Fulham,3,0,2,2,3,3,1
Fulham,2,1,2,2,3,1,1
Fulham,2,0,2,2,2,2,1
Fulham,4,0,2,2,4,4,1
Fulham,3,0,2,2,3,3,1
Fulham,1,0,2,2,1,1,1
Fulham,3,1,2,2,4,2,1
Fulham,1,0,2,2,1,1,1
Fulham,2,2,2,2,4,0,0.5
Fulham,2,1,2,2,3,1,1
Fulham,0,1,2,2,1,-1,0
Fulham,2,1,2,2,3,1,1
Fulham,3,1,2,2,4,2,1
Fulham,1,1,2,2,2,0,0.5
Fulham,0,0,2,2,0,0,0.5
Fulham,6,2,2,2,8,4,1
Fulham,0,1,2,2,1,-1,0
Fulham,0,1,2,2,1,-1,0
Gainsborough Trinity,1,1,2,2,2,0,0.5
Gainsborough Trinity,1,0,2,2,1,1,1
Gainsborough Trinity,2,0,2,2,2,2,1
Gainsborough Trinity,1,0,2,2,1,1,1
Gainsborough Trinity,1,2,2,2,3,-1,0
Gainsborough Trinity,1,2,2,2,3,-1,0
Gainsborough Trinity,3,1,2,2,4,2,1
Gainsborough Trinity,0,0,2,2,0,0,0.5
Gainsborough Trinity,0,1,2,2,1,-1,0
Gainsborough Trinity,3,0,2,2,3,3,1
Gainsborough Trinity,3,1,2,2,4,2,1
Gainsborough Trinity,1,1,2,2,2,0,0.5
Gainsborough Trinity,1,2,2,2,3,-1,0
Gainsborough Trinity,2,0,2,2,2,2,1
Gainsborough Trinity,3,1,2,2,4,2,1
Gainsborough Trinity,1,0,2,2,1,1,1
Gainsborough Trinity,0,0,2,2,0,0,0.5
Gainsborough Trinity,1,1,2,2,2,0,0.5
Gainsborough Trinity,1,3,2,2,4,-2,0
Glossop North End,1,1,2,2,2,0,0.5
Glossop North End,2,1,2,2,3,1,1
Glossop North End,3,1,2,2,4,2,1
Glossop North End,1,2,2,2,3,-1,0
Glossop North End,0,1,2,2,1,-1,0
Glossop North End,1,1,2,2,2,0,0.5
Glossop North End,2,1,2,2,3,1,1
Glossop North End,2,2,2,2,4,0,0.5
Glossop North End,2,1,2,2,3,1,1
Glossop North End,3,1,2,2,4,2,1
Glossop North End,5,2,2,2,7,3,1
Glossop North End,0,0,2,2,0,0,0.5
Glossop North End,2,1,2,2,3,1,1
Glossop North End,1,0,2,2,1,1,1
Glossop North End,1,3,2,2,4,-2,0
Glossop North End,2,0,2,2,2,2,1
Glossop North End,3,0,2,2,3,3,1
Glossop North End,0,2,2,2,2,-2,0
Glossop North End,5,1,2,2,6,4,1
Huddersfield Town,2,0,2,2,2,2,1
Huddersfield Town,7,1,2,2,8,6,1
Huddersfield Town,2,2,2,2,4,0,0.5
Huddersfield Town,1,1,2,2,2,0,0.5
Huddersfield Town,0,0,2,2,0,0,0.5
Huddersfield Town,0,1,2,2,1,-1,0
Huddersfield Town,3,1,2,2,4,2,1
Huddersfield Town,0,3,2,2,3,-3,0
Huddersfield Town,1,2,2,2,3,-1,0
Huddersfield Town,2,1,2,2,3,1,1
Huddersfield Town,1,0,2,2,1,1,1
Huddersfield Town,2,0,2,2,2,2,1
Huddersfield Town,3,2,2,2,5,1,1
Huddersfield Town,1,2,2,2,3,-1,0
Huddersfield Town,2,0,2,2,2,2,1
Huddersfield Town,1,1,2,2,2,0,0.5
Huddersfield Town,4,1,2,2,5,3,1
Huddersfield Town,0,2,2,2,2,-2,0
Huddersfield Town,3,1,2,2,4,2,1
Hull City,5,1,2,2,6,4,1
Hull City,4,1,2,2,5,3,1
Hull City,1,1,2,2,2,0,0.5
Hull City,1,1,2,2,2,0,0.5
Hull City,2,2,2,2,4,0,0.5
Hull City,3,0,2,2,3,3,1
Hull City,1,1,2,2,2,0,0.5
Hull City,2,0,2,2,2,2,1
Hull City,0,0,2,2,0,0,0.5
Hull City,3,2,2,2,5,1,1
Hull City,1,0,2,2,1,1,1
Hull City,2,2,2,2,4,0,0.5
Hull City,1,1,2,2,2,0,0.5
Hull City,2,2,2,2,4,0,0.5
Hull City,1,2,2,2,3,-1,0
Hull City,2,1,2,2,3,1,1
Hull City,4,1,2,2,5,3,1
Hull City,1,1,2,2,2,0,0.5
Hull City,2,2,2,2,4,0,0.5
Leeds City,0,0,2,2,0,0,0.5
Leeds City,1,1,2,2,2,0,0.5
Leeds City,1,2,2,2,3,-1,0
Leeds City,1,0,2,2,1,1,1
Leeds City,2,0,2,2,2,2,1
Leeds City,0,0,2,2,0,0,0.5
Leeds City,3,3,2,2,6,0,0.5
Leeds City,3,2,2,2,5,1,1
Leeds City,3,1,2,2,4,2,1
Leeds City,4,0,2,2,4,4,1
Leeds City,0,2,2,2,2,-2,0
Leeds City,5,2,2,2,7,3,1
Leeds City,1,0,2,2,1,1,1
Leeds City,2,3,2,2,5,-1,0
Leeds City,1,0,2,2,1,1,1
Leeds City,0,1,2,2,1,-1,0
Leeds City,4,0,2,2,4,4,1
Leeds City,3,1,2,2,4,2,1
Leeds City,1,0,2,2,1,1,1
Leicester City,1,1,2,2,2,0,0.5
Leicester City,2,0,2,2,2,2,1
Leicester City,2,0,2,2,2,2,1
Leicester City,5,0,2,2,5,5,1
Leicester City,2,0,2,2,2,2,1
Leicester City,1,1,2,2,2,0,0.5
Leicester City,1,0,2,2,1,1,1
Leicester City,1,2,2,2,3,-1,0
Leicester City,3,2,2,2,5,1,1
Leicester City,1,0,2,2,1,1,1
Leicester City,1,1,2,2,2,0,0.5
Leicester City,2,1,2,2,3,1,1
Leicester City,0,2,2,2,2,-2,0
Leicester City,2,1,2,2,3,1,1
Leicester City,2,1,2,2,3,1,1
Leicester City,2,0,2,2,2,2,1
Leicester City,5,1,2,2,6,4,1
Leicester City,2,3,2,2,5,-1,0
Leicester City,2,3,2,2,5,-1,0
Leyton Orient,3,0,2,2,3,3,1
Leyton Orient,2,1,2,2,3,1,1
Leyton Orient,2,1,2,2,3,1,1
Leyton Orient,0,0,2,2,0,0,0.5
Leyton Orient,1,0,2,2,1,1,1
Leyton Orient,0,2,2,2,2,-2,0
Leyton Orient,0,0,2,2,0,0,0.5
Leyton Orient,1,0,2,2,1,1,1
Leyton Orient,1,0,2,2,1,1,1
Leyton Orient,1,0,2,2,1,1,1
Leyton Orient,4,0,2,2,4,4,1
Leyton Orient,2,0,2,2,2,2,1
Leyton Orient,1,1,2,2,2,0,0.5
Leyton Orient,1,0,2,2,1,1,1
Leyton Orient,3,1,2,2,4,2,1
Leyton Orient,2,0,2,2,2,2,1
Leyton Orient,1,0,2,2,1,1,1
Leyton Orient,0,0,2,2,0,0,0.5
Leyton Orient,3,1,2,2,4,2,1
Lincoln City,1,0,2,2,1,1,1
Lincoln City,0,1,2,2,1,-1,0
Lincoln City,0,1,2,2,1,-1,0
Lincoln City,1,3,2,2,4,-2,0
Lincoln City,0,0,2,2,0,0,0.5
Lincoln City,1,0,2,2,1,1,1
Lincoln City,0,0,2,2,0,0,0.5
Lincoln City,0,2,2,2,2,-2,0
Lincoln City,1,0,2,2,1,1,1
Lincoln City,0,0,2,2,0,0,0.5
Lincoln City,2,2,2,2,4,0,0.5
Lincoln City,2,2,2,2,4,0,0.5
Lincoln City,1,4,2,2,5,-3,0
Lincoln City,1,1,2,2,2,0,0.5
Lincoln City,2,0,2,2,2,2,1
Lincoln City,0,0,2,2,0,0,0.5
Lincoln City,2,0,2,2,2,2,1
Lincoln City,1,2,2,2,3,-1,0
Lincoln City,1,5,2,2,6,-4,0
Stockport County,2,2,2,2,4,0,0.5
Stockport County,3,1,2,2,4,2,1
Stockport County,1,3,2,2,4,-2,0
Stockport County,0,1,2,2,1,-1,0
Stockport County,1,0,2,2,1,1,1
Stockport County,4,2,2,2,6,2,1
Stockport County,2,2,2,2,4,0,0.5
Stockport County,3,2,2,2,5,1,1
Stockport County,1,1,2,2,2,0,0.5
Stockport County,1,0,2,2,1,1,1
Stockport County,2,1,2,2,3,1,1
Stockport County,1,0,2,2,1,1,1
Stockport County,1,1,2,2,2,0,0.5
Stockport County,0,4,2,2,4,-4,0
Stockport County,1,0,2,2,1,1,1
Stockport County,0,3,2,2,3,-3,0
Stockport County,3,2,2,2,5,1,1
Stockport County,0,1,2,2,1,-1,0
Stockport County,1,0,2,2,1,1,1
West Bromwich Albion,3,3,2,2,6,0,0.5
West Bromwich Albion,1,0,2,2,1,1,1
West Bromwich Albion,0,1,2,2,1,-1,0
West Bromwich Albion,2,0,2,2,2,2,1
West Bromwich Albion,3,0,2,2,3,3,1
West Bromwich Albion,2,1,2,2,3,1,1
West Bromwich Albion,1,3,2,2,4,-2,0
West Bromwich Albion,1,1,2,2,2,0,0.5
West Bromwich Albion,2,1,2,2,3,1,1
West Bromwich Albion,2,1,2,2,3,1,1
West Bromwich Albion,3,1,2,2,4,2,1
West Bromwich Albion,1,0,2,2,1,1,1
West Bromwich Albion,0,2,2,2,2,-2,0
West Bromwich Albion,2,0,2,2,2,2,1
West Bromwich Albion,5,1,2,2,6,4,1
West Bromwich Albion,3,0,2,2,3,3,1
West Bromwich Albion,3,0,2,2,3,3,1
West Bromwich Albion,4,2,2,2,6,2,1
West Bromwich Albion,2,1,2,2,3,1,1
Wolverhampton Wanderers,1,0,2,2,1,1,1
Wolverhampton Wanderers,3,1,2,2,4,2,1
Wolverhampton Wanderers,0,3,2,2,3,-3,0
Wolverhampton Wanderers,3,0,2,2,3,3,1
Wolverhampton Wanderers,0,0,2,2,0,0,0.5
Wolverhampton Wanderers,1,0,2,2,1,1,1
Wolverhampton Wanderers,0,0,2,2,0,0,0.5
Wolverhampton Wanderers,1,2,2,2,3,-1,0
Wolverhampton Wanderers,5,1,2,2,6,4,1
Wolverhampton Wanderers,1,1,2,2,2,0,0.5
Wolverhampton Wanderers,2,0,2,2,2,2,1
Wolverhampton Wanderers,0,3,2,2,3,-3,0
Wolverhampton Wanderers,0,0,2,2,0,0,0.5
Wolverhampton Wanderers,3,1,2,2,4,2,1
Wolverhampton Wanderers,1,0,2,2,1,1,1
Wolverhampton Wanderers,1,0,2,2,1,1,1
Wolverhampton Wanderers,2,1,2,2,3,1,1
Wolverhampton Wanderers,0,0,2,2,0,0,0.5
Wolverhampton Wanderers,2,3,2,2,5,-1,0
Arsenal,2,2,1,1,4,0,0.5
Arsenal,5,1,1,1,6,4,1
Arsenal,3,0,1,1,3,3,1
Arsenal,2,0,1,1,2,2,1
Arsenal,1,0,1,1,1,1,1
Arsenal,0,1,1,1,1,-1,0
Arsenal,2,2,1,1,4,0,0.5
Arsenal,2,0,1,1,2,2,1
Arsenal,2,1,1,1,3,1,1
Arsenal,3,1,1,1,4,2,1
Arsenal,2,0,1,1,2,2,1
Arsenal,0,3,1,1,3,-3,0
Arsenal,1,1,1,1,2,0,0.5
Arsenal,4,1,1,1,5,3,1
Arsenal,3,1,1,1,4,2,1
Arsenal,0,2,1,1,2,-2,0
Arsenal,3,0,1,1,3,3,1
Arsenal,3,1,1,1,4,2,1
Arsenal,0,2,1,1,2,-2,0
Aston Villa,4,1,1,1,5,3,1
Aston Villa,0,3,1,1,3,-3,0
Aston Villa,0,1,1,1,1,-1,0
Aston Villa,0,0,1,1,0,0,0.5
Aston Villa,5,2,1,1,7,3,1
Aston Villa,3,0,1,1,3,3,1
Aston Villa,5,0,1,1,5,5,1
Aston Villa,3,1,1,1,4,2,1
Aston Villa,6,0,1,1,6,6,1
Aston Villa,2,1,1,1,3,1,1
Aston Villa,2,0,1,1,2,2,1
Aston Villa,5,1,1,1,6,4,1
Aston Villa,6,1,1,1,7,5,1
Aston Villa,1,0,1,1,1,1,1
Aston Villa,1,0,1,1,1,1,1
Aston Villa,2,3,1,1,5,-1,0
Aston Villa,1,3,1,1,4,-2,0
Aston Villa,2,2,1,1,4,0,0.5
Aston Villa,0,3,1,1,3,-3,0
Blackburn Rovers,4,0,1,1,4,4,1
Blackburn Rovers,3,1,1,1,4,2,1
Blackburn Rovers,2,0,1,1,2,2,1
Blackburn Rovers,3,1,1,1,4,2,1
Blackburn Rovers,2,0,1,1,2,2,1
Blackburn Rovers,2,1,1,1,3,1,1
Blackburn Rovers,1,0,1,1,1,1,1
Blackburn Rovers,2,0,1,1,2,2,1
Blackburn Rovers,2,2,1,1,4,0,0.5
Blackburn Rovers,2,1,1,1,3,1,1
Blackburn Rovers,1,1,1,1,2,0,0.5
Blackburn Rovers,0,0,1,1,0,0,0.5
Blackburn Rovers,1,0,1,1,1,1,1
Blackburn Rovers,3,0,1,1,3,3,1
Blackburn Rovers,1,0,1,1,1,1,1
Blackburn Rovers,0,0,1,1,0,0,0.5
Blackburn Rovers,2,2,1,1,4,0,0.5
Blackburn Rovers,0,0,1,1,0,0,0.5
Blackburn Rovers,4,1,1,1,5,3,1
Bolton Wanderers,2,2,1,1,4,0,0.5
Bolton Wanderers,3,0,1,1,3,3,1
Bolton Wanderers,2,0,1,1,2,2,1
Bolton Wanderers,2,0,1,1,2,2,1
Bolton Wanderers,1,0,1,1,1,1,1
Bolton Wanderers,1,2,1,1,3,-1,0
Bolton Wanderers,2,1,1,1,3,1,1
Bolton Wanderers,2,1,1,1,3,1,1
Bolton Wanderers,1,1,1,1,2,0,0.5
Bolton Wanderers,1,0,1,1,1,1,1
Bolton Wanderers,0,2,1,1,2,-2,0
Bolton Wanderers,3,0,1,1,3,3,1
Bolton Wanderers,2,1,1,1,3,1,1
Bolton Wanderers,3,0,1,1,3,3,1
Bolton Wanderers,0,3,1,1,3,-3,0
Bolton Wanderers,4,2,1,1,6,2,1
Bolton Wanderers,3,0,1,1,3,3,1
Bolton Wanderers,1,0,1,1,1,1,1
Bolton Wanderers,2,0,1,1,2,2,1
Bradford City,1,1,1,1,2,0,0.5
Bradford City,2,1,1,1,3,1,1
Bradford City,1,0,1,1,1,1,1
Bradford City,1,0,1,1,1,1,1
Bradford City,1,0,1,1,1,1,1
Bradford City,1,0,1,1,1,1,1
Bradford City,0,2,1,1,2,-2,0
Bradford City,4,1,1,1,5,3,1
Bradford City,0,1,1,1,1,-1,0
Bradford City,2,1,1,1,3,1,1
Bradford City,1,1,1,1,2,0,0.5
Bradford City,2,3,1,1,5,-1,0
Bradford City,0,0,1,1,0,0,0.5
Bradford City,0,1,1,1,1,-1,0
Bradford City,1,0,1,1,1,1,1
Bradford City,5,1,1,1,6,4,1
Bradford City,2,1,1,1,3,1,1
Bradford City,3,0,1,1,3,3,1
Bradford City,4,1,1,1,5,3,1
Bury,3,1,1,1,4,2,1
Bury,1,1,1,1,2,0,0.5
Bury,1,2,1,1,3,-1,0
Bury,1,3,1,1,4,-2,0
Bury,2,0,1,1,2,2,1
Bury,1,2,1,1,3,-1,0
Bury,2,2,1,1,4,0,0.5
Bury,1,2,1,1,3,-1,0
Bury,0,1,1,1,1,-1,0
Bury,0,2,1,1,2,-2,0
Bury,2,1,1,1,3,1,1
Bury,0,1,1,1,1,-1,0
Bury,1,1,1,1,2,0,0.5
Bury,0,0,1,1,0,0,0.5
Bury,3,1,1,1,4,2,1
Bury,2,2,1,1,4,0,0.5
Bury,0,2,1,1,2,-2,0
Bury,2,1,1,1,3,1,1
Bury,1,0,1,1,1,1,1
Everton,1,0,1,1,1,1,1
Everton,1,1,1,1,2,0,0.5
Everton,1,3,1,1,4,-2,0
Everton,1,0,1,1,1,1,1
Everton,1,0,1,1,1,1,1
Everton,1,1,1,1,2,0,0.5
Everton,2,1,1,1,3,1,1
Everton,1,0,1,1,1,1,1
Everton,4,0,1,1,4,4,1
Everton,1,0,1,1,1,1,1
Everton,2,0,1,1,2,2,1
Everton,1,1,1,1,2,0,0.5
Everton,1,1,1,1,2,0,0.5
Everton,1,0,1,1,1,1,1
Everton,3,2,1,1,5,1,1
Everton,1,0,1,1,1,1,1
Everton,1,0,1,1,1,1,1
Everton,2,2,1,1,4,0,0.5
Everton,3,0,1,1,3,3,1
Liverpool,4,1,1,1,5,3,1
Liverpool,1,2,1,1,3,-1,0
Liverpool,1,2,1,1,3,-1,0
Liverpool,1,0,1,1,1,1,1
Liverpool,1,0,1,1,1,1,1
Liverpool,1,1,1,1,2,0,0.5
Liverpool,1,3,1,1,4,-2,0
Liverpool,2,2,1,1,4,0,0.5
Liverpool,3,2,1,1,5,1,1
Liverpool,1,1,1,1,2,0,0.5
Liverpool,0,1,1,1,1,-1,0
Liverpool,3,0,1,1,3,3,1
Liverpool,1,0,1,1,1,1,1
Liverpool,0,1,1,1,1,-1,0
Liverpool,2,0,1,1,2,2,1
Liverpool,1,1,1,1,2,0,0.5
Liverpool,2,1,1,1,3,1,1
Liverpool,1,2,1,1,3,-1,0
Liverpool,1,3,1,1,4,-2,0
Manchester City,3,3,1,1,6,0,0.5
Manchester City,2,6,1,1,8,-4,0
Manchester City,3,0,1,1,3,3,1
Manchester City,3,1,1,1,4,2,1
Manchester City,4,0,1,1,4,4,1
Manchester City,2,0,1,1,2,2,1
Manchester City,4,0,1,1,4,4,1
Manchester City,2,3,1,1,5,-1,0
Manchester City,0,0,1,1,0,0,0.5
Manchester City,2,0,1,1,2,2,1
Manchester City,1,1,1,1,2,0,0.5
Manchester City,4,0,1,1,4,4,1
Manchester City,1,3,1,1,4,-2,0
Manchester City,0,0,1,1,0,0,0.5
Manchester City,0,0,1,1,0,0,0.5
Manchester City,4,0,1,1,4,4,1
Manchester City,2,0,1,1,2,2,1
Manchester City,2,1,1,1,3,1,1
Manchester City,0,2,1,1,2,-2,0
Manchester United,2,0,1,1,2,2,1
Manchester United,3,1,1,1,4,2,1
Manchester United,3,1,1,1,4,2,1
Manchester United,2,0,1,1,2,2,1
Manchester United,0,1,1,1,1,-1,0
Manchester United,0,0,1,1,0,0,0.5
Manchester United,2,1,1,1,3,1,1
Manchester United,1,1,1,1,2,0,0.5
Manchester United,0,0,1,1,0,0,0.5
Manchester United,3,4,1,1,7,-1,0
Manchester United,0,2,1,1,2,-2,0
Manchester United,2,0,1,1,2,2,1
Manchester United,3,1,1,1,4,2,1
Manchester United,0,0,1,1,0,0,0.5
Manchester United,1,0,1,1,1,1,1
Manchester United,3,1,1,1,4,2,1
Manchester United,2,2,1,1,4,0,0.5
Manchester United,1,2,1,1,3,-1,0
Manchester United,1,2,1,1,3,-1,0
Middlesbrough,0,2,1,1,2,-2,0
Middlesbrough,1,2,1,1,3,-1,0
Middlesbrough,2,1,1,1,3,1,1
Middlesbrough,1,0,1,1,1,1,1
Middlesbrough,1,0,1,1,1,1,1
Middlesbrough,1,1,1,1,2,0,0.5
Middlesbrough,0,0,1,1,0,0,0.5
Middlesbrough,3,2,1,1,5,1,1
Middlesbrough,3,1,1,1,4,2,1
Middlesbrough,3,0,1,1,3,3,1
Middlesbrough,1,1,1,1,2,0,0.5
Middlesbrough,4,0,1,1,4,4,1
Middlesbrough,3,0,1,1,3,3,1
Middlesbrough,4,2,1,1,6,2,1
Middlesbrough,1,1,1,1,2,0,0.5
Middlesbrough,1,1,1,1,2,0,0.5
Middlesbrough,3,3,1,1,6,0,0.5
Middlesbrough,2,0,1,1,2,2,1
Middlesbrough,1,0,1,1,1,1,1
Newcastle United,1,2,1,1,3,-1,0
Newcastle United,6,2,1,1,8,4,1
Newcastle United,4,2,1,1,6,2,1
Newcastle United,5,2,1,1,7,3,1
Newcastle United,0,2,1,1,2,-2,0
Newcastle United,3,2,1,1,5,1,1
Newcastle United,2,0,1,1,2,2,1
Newcastle United,1,1,1,1,2,0,0.5
Newcastle United,1,0,1,1,1,1,1
Newcastle United,2,3,1,1,5,-1,0
Newcastle United,0,1,1,1,1,-1,0
Newcastle United,3,2,1,1,5,1,1
Newcastle United,1,1,1,1,2,0,0.5
Newcastle United,1,0,1,1,1,1,1
Newcastle United,2,2,1,1,4,0,0.5
Newcastle United,0,2,1,1,2,-2,0
Newcastle United,3,1,1,1,4,2,1
Newcastle United,2,0,1,1,2,2,1
Newcastle United,0,0,1,1,0,0,0.5
Notts County,3,1,1,1,4,2,1
Notts County,2,0,1,1,2,2,1
Notts County,1,3,1,1,4,-2,0
Notts County,3,2,1,1,5,1,1
Notts County,0,0,1,1,0,0,0.5
Notts County,2,0,1,1,2,2,1
Notts County,0,1,1,1,1,-1,0
Notts County,0,0,1,1,0,0,0.5
Notts County,0,1,1,1,1,-1,0
Notts County,0,1,1,1,1,-1,0
Notts County,2,1,1,1,3,1,1
Notts County,1,4,1,1,5,-3,0
Notts County,1,1,1,1,2,0,0.5
Notts County,1,2,1,1,3,-1,0
Notts County,2,0,1,1,2,2,1
Notts County,1,0,1,1,1,1,1
Notts County,3,1,1,1,4,2,1
Notts County,2,2,1,1,4,0,0.5
Notts County,2,0,1,1,2,2,1
Oldham Athletic,0,0,1,1,0,0,0.5
Oldham Athletic,1,2,1,1,3,-1,0
Oldham Athletic,0,1,1,1,1,-1,0
Oldham Athletic,3,1,1,1,4,2,1
Oldham Athletic,3,0,1,1,3,3,1
Oldham Athletic,2,0,1,1,2,2,1
Oldham Athletic,3,0,1,1,3,3,1
Oldham Athletic,0,1,1,1,1,-1,0
Oldham Athletic,4,1,1,1,5,3,1
Oldham Athletic,2,2,1,1,4,0,0.5
Oldham Athletic,2,0,1,1,2,2,1
Oldham Athletic,2,4,1,1,6,-2,0
Oldham Athletic,1,2,1,1,3,-1,0
Oldham Athletic,1,0,1,1,1,1,1
Oldham Athletic,2,3,1,1,5,-1,0
Oldham Athletic,1,0,1,1,1,1,1
Oldham Athletic,0,0,1,1,0,0,0.5
Oldham Athletic,2,1,1,1,3,1,1
Oldham Athletic,3,1,1,1,4,2,1
Preston North End,0,1,1,1,1,-1,0
Preston North End,4,1,1,1,5,3,1
Preston North End,2,2,1,1,4,0,0.5
Preston North End,1,2,1,1,3,-1,0
Preston North End,2,2,1,1,4,0,0.5
Preston North End,1,0,1,1,1,1,1
Preston North End,2,1,1,1,3,1,1
Preston North End,2,1,1,1,3,1,1
Preston North End,2,1,1,1,3,1,1
Preston North End,0,0,1,1,0,0,0.5
Preston North End,0,3,1,1,3,-3,0
Preston North End,2,1,1,1,3,1,1
Preston North End,2,1,1,1,3,1,1
Preston North End,0,1,1,1,1,-1,0
Preston North End,3,0,1,1,3,3,1
Preston North End,2,3,1,1,5,-1,0
Preston North End,0,3,1,1,3,-3,0
Preston North End,0,1,1,1,1,-1,0
Preston North End,1,1,1,1,2,0,0.5
Sheffield United,2,1,1,1,3,1,1
Sheffield United,0,1,1,1,1,-1,0
Sheffield United,1,1,1,1,2,0,0.5
Sheffield United,0,5,1,1,5,-5,0
Sheffield United,7,3,1,1,10,4,1
Sheffield United,4,0,1,1,4,4,1
Sheffield United,2,1,1,1,3,1,1
Sheffield United,3,1,1,1,4,2,1
Sheffield United,6,2,1,1,8,4,1
Sheffield United,6,1,1,1,7,5,1
Sheffield United,1,1,1,1,2,0,0.5
Sheffield United,2,1,1,1,3,1,1
Sheffield United,1,3,1,1,4,-2,0
Sheffield United,4,0,1,1,4,4,1
Sheffield United,4,2,1,1,6,2,1
Sheffield United,1,1,1,1,2,0,0.5
Sheffield United,1,2,1,1,3,-1,0
Sheffield United,1,2,1,1,3,-1,0
Sheffield United,1,1,1,1,2,0,0.5
Sheffield Wednesday,3,0,1,1,3,3,1
Sheffield Wednesday,3,0,1,1,3,3,1
Sheffield Wednesday,1,1,1,1,2,0,0.5
Sheffield Wednesday,0,1,1,1,1,-1,0
Sheffield Wednesday,4,2,1,1,6,2,1
Sheffield Wednesday,2,1,1,1,3,1,1
Sheffield Wednesday,1,3,1,1,4,-2,0
Sheffield Wednesday,2,2,1,1,4,0,0.5
Sheffield Wednesday,3,0,1,1,3,3,1
Sheffield Wednesday,3,0,1,1,3,3,1
Sheffield Wednesday,0,2,1,1,2,-2,0
Sheffield Wednesday,1,2,1,1,3,-1,0
Sheffield Wednesday,3,0,1,1,3,3,1
Sheffield Wednesday,1,0,1,1,1,1,1
Sheffield Wednesday,0,1,1,1,1,-1,0
Sheffield Wednesday,1,1,1,1,2,0,0.5
Sheffield Wednesday,8,0,1,1,8,8,1
Sheffield Wednesday,4,0,1,1,4,4,1
Sheffield Wednesday,4,1,1,1,5,3,1
Sunderland,1,0,1,1,1,1,1
Sunderland,2,2,1,1,4,0,0.5
Sunderland,3,0,1,1,3,3,1
Sunderland,0,1,1,1,1,-1,0
Sunderland,1,1,1,1,2,0,0.5
Sunderland,1,0,1,1,1,1,1
Sunderland,4,0,1,1,4,4,1
Sunderland,1,2,1,1,3,-1,0
Sunderland,1,1,1,1,2,0,0.5
Sunderland,5,0,1,1,5,5,1
Sunderland,1,0,1,1,1,1,1
Sunderland,1,2,1,1,3,-1,0
Sunderland,5,0,1,1,5,5,1
Sunderland,4,2,1,1,6,2,1
Sunderland,3,0,1,1,3,3,1
Sunderland,0,0,1,1,0,0,0.5
Sunderland,0,0,1,1,0,0,0.5
Sunderland,1,1,1,1,2,0,0.5
Sunderland,3,2,1,1,5,1,1
Tottenham Hotspur,5,0,1,1,5,5,1
Tottenham Hotspur,2,1,1,1,3,1,1
Tottenham Hotspur,0,2,1,1,2,-2,0
Tottenham Hotspur,1,0,1,1,1,1,1
Tottenham Hotspur,2,3,1,1,5,-1,0
Tottenham Hotspur,2,1,1,1,3,1,1
Tottenham Hotspur,0,1,1,1,1,-1,0
Tottenham Hotspur,2,0,1,1,2,2,1
Tottenham Hotspur,0,2,1,1,2,-2,0
Tottenham Hotspur,1,1,1,1,2,0,0.5
Tottenham Hotspur,2,1,1,1,3,1,1
Tottenham Hotspur,1,2,1,1,3,-1,0
Tottenham Hotspur,2,2,1,1,4,0,0.5
Tottenham Hotspur,4,0,1,1,4,4,1
Tottenham Hotspur,6,2,1,1,8,4,1
Tottenham Hotspur,1,1,1,1,2,0,0.5
Tottenham Hotspur,3,1,1,1,4,2,1
Tottenham Hotspur,0,0,1,1,0,0,0.5
Tottenham Hotspur,1,0,1,1,1,1,1
West Bromwich Albion,1,1,1,1,2,0,0.5
West Bromwich Albion,2,2,1,1,4,0,0.5
West Bromwich Albion,2,0,1,1,2,2,1
West Bromwich Albion,0,0,1,1,0,0,0.5
West Bromwich Albion,0,0,1,1,0,0,0.5
West Bromwich Albion,2,0,1,1,2,2,1
West Bromwich Albion,1,0,1,1,1,1,1
West Bromwich Albion,1,0,1,1,1,1,1
West Bromwich Albion,1,1,1,1,2,0,0.5
West Bromwich Albion,1,0,1,1,1,1,1
West Bromwich Albion,3,1,1,1,4,2,1
West Bromwich Albion,3,1,1,1,4,2,1
West Bromwich Albion,2,1,1,1,3,1,1
West Bromwich Albion,0,0,1,1,0,0,0.5
West Bromwich Albion,0,2,1,1,2,-2,0
West Bromwich Albion,0,1,1,1,1,-1,0
West Bromwich Albion,1,5,1,1,6,-4,0
West Bromwich Albion,1,0,1,1,1,1,1
West Bromwich Albion,2,0,1,1,2,2,1
Barnsley,1,0,2,2,1,1,1
Barnsley,1,0,2,2,1,1,1
Barnsley,1,0,2,2,1,1,1
Barnsley,4,1,2,2,5,3,1
Barnsley,1,1,2,2,2,0,0.5
Barnsley,0,2,2,2,2,-2,0
Barnsley,0,2,2,2,2,-2,0
Barnsley,2,2,2,2,4,0,0.5
Barnsley,4,0,2,2,4,4,1
Barnsley,1,0,2,2,1,1,1
Barnsley,2,2,2,2,4,0,0.5
Barnsley,0,0,2,2,0,0,0.5
Barnsley,1,2,2,2,3,-1,0
Barnsley,3,4,2,2,7,-1,0
Barnsley,0,0,2,2,0,0,0.5
Barnsley,2,1,2,2,3,1,1
Barnsley,1,0,2,2,1,1,1
Barnsley,2,1,2,2,3,1,1
Barnsley,2,1,2,2,3,1,1
Birmingham City,1,3,2,2,4,-2,0
Birmingham City,2,1,2,2,3,1,1
Birmingham City,2,3,2,2,5,-1,0
Birmingham City,0,0,2,2,0,0,0.5
Birmingham City,4,0,2,2,4,4,1
Birmingham City,1,4,2,2,5,-3,0
Birmingham City,0,4,2,2,4,-4,0
Birmingham City,1,3,2,2,4,-2,0
Birmingham City,2,2,2,2,4,0,0.5
Birmingham City,2,0,2,2,2,2,1
Birmingham City,2,2,2,2,4,0,0.5
Birmingham City,1,0,2,2,1,1,1
Birmingham City,5,1,2,2,6,4,1
Birmingham City,4,3,2,2,7,1,1
Birmingham City,4,0,2,2,4,4,1
Birmingham City,4,0,2,2,4,4,1
Birmingham City,4,2,2,2,6,2,1
Birmingham City,2,0,2,2,2,2,1
Birmingham City,3,1,2,2,4,2,1
Blackpool,0,0,2,2,0,0,0.5
Blackpool,1,0,2,2,1,1,1
Blackpool,0,4,2,2,4,-4,0
Blackpool,1,0,2,2,1,1,1
Blackpool,0,0,2,2,0,0,0.5
Blackpool,1,0,2,2,1,1,1
Blackpool,1,0,2,2,1,1,1
Blackpool,3,1,2,2,4,2,1
Blackpool,0,0,2,2,0,0,0.5
Blackpool,2,0,2,2,2,2,1
Blackpool,1,2,2,2,3,-1,0
Blackpool,3,1,2,2,4,2,1
Blackpool,3,2,2,2,5,1,1
Blackpool,3,0,2,2,3,3,1
Blackpool,1,1,2,2,2,0,0.5
Blackpool,1,0,2,2,1,1,1
Blackpool,2,0,2,2,2,2,1
Blackpool,0,1,2,2,1,-1,0
Blackpool,1,0,2,2,1,1,1
Bradford Park Avenue,1,0,2,2,1,1,1
Bradford Park Avenue,3,0,2,2,3,3,1
Bradford Park Avenue,0,0,2,2,0,0,0.5
Bradford Park Avenue,0,1,2,2,1,-1,0
Bradford Park Avenue,2,1,2,2,3,1,1
Bradford Park Avenue,1,1,2,2,2,0,0.5
Bradford Park Avenue,0,1,2,2,1,-1,0
Bradford Park Avenue,0,2,2,2,2,-2,0
Bradford Park Avenue,5,0,2,2,5,5,1
Bradford Park Avenue,1,1,2,2,2,0,0.5
Bradford Park Avenue,4,1,2,2,5,3,1
Bradford Park Avenue,3,1,2,2,4,2,1
Bradford Park Avenue,3,1,2,2,4,2,1
Bradford Park Avenue,1,1,2,2,2,0,0.5
Bradford Park Avenue,1,1,2,2,2,0,0.5
Bradford Park Avenue,2,1,2,2,3,1,1
Bradford Park Avenue,2,1,2,2,3,1,1
Bradford Park Avenue,1,0,2,2,1,1,1
Bradford Park Avenue,0,2,2,2,2,-2,0
Bristol City,0,1,2,2,1,-1,0
Bristol City,2,1,2,2,3,1,1
Bristol City,2,0,2,2,2,2,1
Bristol City,1,0,2,2,1,1,1
Bristol City,0,3,2,2,3,-3,0
Bristol City,1,1,2,2,2,0,0.5
Bristol City,1,1,2,2,2,0,0.5
Bristol City,1,0,2,2,1,1,1
Bristol City,2,0,2,2,2,2,1
Bristol City,2,0,2,2,2,2,1
Bristol City,3,0,2,2,3,3,1
Bristol City,3,2,2,2,5,1,1
Bristol City,0,0,2,2,0,0,0.5
Bristol City,4,1,2,2,5,3,1
Bristol City,0,1,2,2,1,-1,0
Bristol City,1,0,2,2,1,1,1
Bristol City,2,2,2,2,4,0,0.5
Bristol City,2,1,2,2,3,1,1
Bristol City,0,3,2,2,3,-3,0
Burnley,3,0,2,2,3,3,1
Burnley,1,1,2,2,2,0,0.5
Burnley,1,1,2,2,2,0,0.5
Burnley,3,1,2,2,4,2,1
Burnley,4,2,2,2,6,2,1
Burnley,2,2,2,2,4,0,0.5
Burnley,0,0,2,2,0,0,0.5
Burnley,5,1,2,2,6,4,1
Burnley,2,0,2,2,2,2,1
Burnley,4,0,2,2,4,4,1
Burnley,1,1,2,2,2,0,0.5
Burnley,3,0,2,2,3,3,1
Burnley,5,1,2,2,6,4,1
Burnley,4,2,2,2,6,2,1
Burnley,3,0,2,2,3,3,1
Burnley,1,0,2,2,1,1,1
Burnley,2,0,2,2,2,2,1
Burnley,4,1,2,2,5,3,1
Burnley,2,1,2,2,3,1,1
Chelsea,2,1,2,2,3,1,1
Chelsea,0,2,2,2,2,-2,0
Chelsea,4,1,2,2,5,3,1
Chelsea,1,0,2,2,1,1,1
Chelsea,2,2,2,2,4,0,0.5
Chelsea,0,2,2,2,2,-2,0
Chelsea,1,0,2,2,1,1,1
Chelsea,1,0,2,2,1,1,1
Chelsea,1,0,2,2,1,1,1
Chelsea,1,0,2,2,1,1,1
Chelsea,4,1,2,2,5,3,1
Chelsea,3,1,2,2,4,2,1
Chelsea,1,0,2,2,1,1,1
Chelsea,4,2,2,2,6,2,1
Chelsea,2,1,2,2,3,1,1
Chelsea,3,0,2,2,3,3,1
Chelsea,2,0,2,2,2,2,1
Chelsea,0,0,2,2,0,0,0.5
Chelsea,4,0,2,2,4,4,1
Derby County,0,0,2,2,0,0,0.5
Derby County,0,1,2,2,1,-1,0
Derby County,5,1,2,2,6,4,1
Derby County,1,0,2,2,1,1,1
Derby County,3,0,2,2,3,3,1
Derby County,2,0,2,2,2,2,1
Derby County,2,0,2,2,2,2,1
Derby County,6,1,2,2,7,5,1
Derby County,4,0,2,2,4,4,1
Derby County,5,0,2,2,5,5,1
Derby County,2,1,2,2,3,1,1
Derby County,4,2,2,2,6,2,1
Derby County,2,3,2,2,5,-1,0
Derby County,5,2,2,2,7,3,1
Derby County,5,0,2,2,5,5,1
Derby County,5,1,2,2,6,4,1
Derby County,1,0,2,2,1,1,1
Derby County,2,0,2,2,2,2,1
Derby County,1,1,2,2,2,0,0.5
Fulham,2,2,2,2,4,0,0.5
Fulham,2,1,2,2,3,1,1
Fulham,3,0,2,2,3,3,1
Fulham,2,0,2,2,2,2,1
Fulham,2,1,2,2,3,1,1
Fulham,3,4,2,2,7,-1,0
Fulham,0,1,2,2,1,-1,0
Fulham,0,0,2,2,0,0,0.5
Fulham,7,1,2,2,8,6,1
Fulham,0,2,2,2,2,-2,0
Fulham,1,3,2,2,4,-2,0
Fulham,3,1,2,2,4,2,1
Fulham,0,1,2,2,1,-1,0
Fulham,7,2,2,2,9,5,1
Fulham,4,1,2,2,5,3,1
Fulham,0,2,2,2,2,-2,0
Fulham,2,0,2,2,2,2,1
Fulham,3,1,2,2,4,2,1
Fulham,1,1,2,2,2,0,0.5
Gainsborough Trinity,1,2,2,2,3,-1,0
Gainsborough Trinity,0,0,2,2,0,0,0.5
Gainsborough Trinity,0,0,2,2,0,0,0.5
Gainsborough Trinity,0,0,2,2,0,0,0.5
Gainsborough Trinity,2,3,2,2,5,-1,0
Gainsborough Trinity,1,0,2,2,1,1,1
Gainsborough Trinity,0,2,2,2,2,-2,0
Gainsborough Trinity,1,1,2,2,2,0,0.5
Gainsborough Trinity,0,1,2,2,1,-1,0
Gainsborough Trinity,1,1,2,2,2,0,0.5
Gainsborough Trinity,2,3,2,2,5,-1,0
Gainsborough Trinity,5,0,2,2,5,5,1
Gainsborough Trinity,0,3,2,2,3,-3,0
Gainsborough Trinity,2,1,2,2,3,1,1
Gainsborough Trinity,0,1,2,2,1,-1,0
Gainsborough Trinity,0,2,2,2,2,-2,0
Gainsborough Trinity,1,2,2,2,3,-1,0
Gainsborough Trinity,0,0,2,2,0,0,0.5
Gainsborough Trinity,1,0,2,2,1,1,1
Glossop North End,0,2,2,2,2,-2,0
Glossop North End,2,0,2,2,2,2,1
Glossop North End,1,1,2,2,2,0,0.5
Glossop North End,0,0,2,2,0,0,0.5
Glossop North End,3,0,2,2,3,3,1
Glossop North End,1,3,2,2,4,-2,0
Glossop North End,1,2,2,2,3,-1,0
Glossop North End,3,1,2,2,4,2,1
Glossop North End,1,1,2,2,2,0,0.5
Glossop North End,1,1,2,2,2,0,0.5
Glossop North End,5,2,2,2,7,3,1
Glossop North End,2,3,2,2,5,-1,0
Glossop North End,1,1,2,2,2,0,0.5
Glossop North End,2,1,2,2,3,1,1
Glossop North End,6,0,2,2,6,6,1
Glossop North End,3,3,2,2,6,0,0.5
Glossop North End,0,0,2,2,0,0,0.5
Glossop North End,1,1,2,2,2,0,0.5
Glossop North End,0,1,2,2,1,-1,0
Grimsby Town,0,0,2,2,0,0,0.5
Grimsby Town,1,0,2,2,1,1,1
Grimsby Town,1,0,2,2,1,1,1
Grimsby Town,0,0,2,2,0,0,0.5
Grimsby Town,3,0,2,2,3,3,1
Grimsby Town,1,0,2,2,1,1,1
Grimsby Town,2,1,2,2,3,1,1
Grimsby Town,0,3,2,2,3,-3,0
Grimsby Town,1,0,2,2,1,1,1
Grimsby Town,3,3,2,2,6,0,0.5
Grimsby Town,0,0,2,2,0,0,0.5
Grimsby Town,1,2,2,2,3,-1,0
Grimsby Town,1,0,2,2,1,1,1
Grimsby Town,1,2,2,2,3,-1,0
Grimsby Town,4,0,2,2,4,4,1
Grimsby Town,2,1,2,2,3,1,1
Grimsby Town,1,4,2,2,5,-3,0
Grimsby Town,2,2,2,2,4,0,0.5
Grimsby Town,0,0,2,2,0,0,0.5
Huddersfield Town,2,1,2,2,3,1,1
Huddersfield Town,3,2,2,2,5,1,1
Huddersfield Town,4,0,2,2,4,4,1
Huddersfield Town,3,1,2,2,4,2,1
Huddersfield Town,1,2,2,2,3,-1,0
Huddersfield Town,1,1,2,2,2,0,0.5
Huddersfield Town,1,3,2,2,4,-2,0
Huddersfield Town,0,0,2,2,0,0,0.5
Huddersfield Town,2,0,2,2,2,2,1
Huddersfield Town,2,2,2,2,4,0,0.5
Huddersfield Town,3,1,2,2,4,2,1
Huddersfield Town,2,0,2,2,2,2,1
Huddersfield Town,0,2,2,2,2,-2,0
Huddersfield Town,1,2,2,2,3,-1,0
Huddersfield Town,1,2,2,2,3,-1,0
Huddersfield Town,0,0,2,2,0,0,0.5
Huddersfield Town,1,2,2,2,3,-1,0
Huddersfield Town,2,0,2,2,2,2,1
Huddersfield Town,1,1,2,2,2,0,0.5
Hull City,0,0,2,2,0,0,0.5
Hull City,4,0,2,2,4,4,1
Hull City,3,0,2,2,3,3,1
Hull City,5,1,2,2,6,4,1
Hull City,3,0,2,2,3,3,1
Hull City,4,1,2,2,5,3,1
Hull City,1,0,2,2,1,1,1
Hull City,0,0,2,2,0,0,0.5
Hull City,2,3,2,2,5,-1,0
Hull City,1,1,2,2,2,0,0.5
Hull City,2,0,2,2,2,2,1
Hull City,1,0,2,2,1,1,1
Hull City,0,1,2,2,1,-1,0
Hull City,1,0,2,2,1,1,1
Hull City,4,1,2,2,5,3,1
Hull City,0,2,2,2,2,-2,0
Hull City,2,1,2,2,3,1,1
Hull City,0,2,2,2,2,-2,0
Hull City,3,0,2,2,3,3,1
Leeds City,3,2,2,2,5,1,1
Leeds City,0,0,2,2,0,0,0.5
Leeds City,1,0,2,2,1,1,1
Leeds City,1,2,2,2,3,-1,0
Leeds City,3,1,2,2,4,2,1
Leeds City,1,5,2,2,6,-4,0
Leeds City,0,0,2,2,0,0,0.5
Leeds City,0,1,2,2,1,-1,0
Leeds City,0,2,2,2,2,-2,0
Leeds City,0,0,2,2,0,0,0.5
Leeds City,2,1,2,2,3,1,1
Leeds City,1,2,2,2,3,-1,0
Leeds City,2,0,2,2,2,2,1
Leeds City,0,0,2,2,0,0,0.5
Leeds City,2,1,2,2,3,1,1
Leeds City,0,2,2,2,2,-2,0
Leeds City,3,1,2,2,4,2,1
Leeds City,1,1,2,2,2,0,0.5
Leeds City,1,1,2,2,2,0,0.5
Leicester City,0,0,2,2,0,0,0.5
Leicester City,5,2,2,2,7,3,1
Leicester City,4,0,2,2,4,4,1
Leicester City,3,0,2,2,3,3,1
Leicester City,2,0,2,2,2,2,1
Leicester City,3,2,2,2,5,1,1
Leicester City,2,0,2,2,2,2,1
Leicester City,0,1,2,2,1,-1,0
Leicester City,2,5,2,2,7,-3,0
Leicester City,2,0,2,2,2,2,1
Leicester City,1,0,2,2,1,1,1
Leicester City,0,2,2,2,2,-2,0
Leicester City,0,2,2,2,2,-2,0
Leicester City,3,0,2,2,3,3,1
Leicester City,2,1,2,2,3,1,1
Leicester City,2,0,2,2,2,2,1
Leicester City,1,1,2,2,2,0,0.5
Leicester City,1,1,2,2,2,0,0.5
Leicester City,1,1,2,2,2,0,0.5
Leyton Orient,2,0,2,2,2,2,1
Leyton Orient,2,0,2,2,2,2,1
Leyton Orient,2,0,2,2,2,2,1
Leyton Orient,2,0,2,2,2,2,1
Leyton Orient,4,0,2,2,4,4,1
Leyton Orient,1,2,2,2,3,-1,0
Leyton Orient,1,4,2,2,5,-3,0
Leyton Orient,3,0,2,2,3,3,1
Leyton Orient,4,0,2,2,4,4,1
Leyton Orient,3,0,2,2,3,3,1
Leyton Orient,2,1,2,2,3,1,1
Leyton Orient,1,0,2,2,1,1,1
Leyton Orient,2,1,2,2,3,1,1
Leyton Orient,4,0,2,2,4,4,1
Leyton Orient,2,1,2,2,3,1,1
Leyton Orient,4,1,2,2,5,3,1
Leyton Orient,0,2,2,2,2,-2,0
Leyton Orient,4,2,2,2,6,2,1
Leyton Orient,1,0,2,2,1,1,1
Nottingham Forest,0,2,2,2,2,-2,0
Nottingham Forest,0,1,2,2,1,-1,0
Nottingham Forest,2,1,2,2,3,1,1
Nottingham Forest,2,1,2,2,3,1,1
Nottingham Forest,2,0,2,2,2,2,1
Nottingham Forest,0,1,2,2,1,-1,0
Nottingham Forest,2,3,2,2,5,-1,0
Nottingham Forest,1,3,2,2,4,-2,0
Nottingham Forest,1,1,2,2,2,0,0.5
Nottingham Forest,2,0,2,2,2,2,1
Nottingham Forest,0,1,2,2,1,-1,0
Nottingham Forest,1,0,2,2,1,1,1
Nottingham Forest,3,0,2,2,3,3,1
Nottingham Forest,0,0,2,2,0,0,0.5
Nottingham Forest,2,1,2,2,3,1,1
Nottingham Forest,4,1,2,2,5,3,1
Nottingham Forest,3,0,2,2,3,3,1
Nottingham Forest,1,2,2,2,3,-1,0
Nottingham Forest,0,0,2,2,0,0,0.5
Stockport County,1,1,2,2,2,0,0.5
Stockport County,2,0,2,2,2,2,1
Stockport County,1,2,2,2,3,-1,0
Stockport County,1,0,2,2,1,1,1
Stockport County,1,0,2,2,1,1,1
Stockport County,0,1,2,2,1,-1,0
Stockport County,0,1,2,2,1,-1,0
Stockport County,4,0,2,2,4,4,1
Stockport County,2,1,2,2,3,1,1
Stockport County,0,3,2,2,3,-3,0
Stockport County,3,0,2,2,3,3,1
Stockport County,3,0,2,2,3,3,1
Stockport County,3,1,2,2,4,2,1
Stockport County,1,1,2,2,2,0,0.5
Stockport County,3,3,2,2,6,0,0.5
Stockport County,2,3,2,2,5,-1,0
Stockport County,1,1,2,2,2,0,0.5
Stockport County,2,2,2,2,4,0,0.5
Stockport County,1,2,2,2,3,-1,0
Wolverhampton Wanderers,5,0,2,2,5,5,1
Wolverhampton Wanderers,1,0,2,2,1,1,1
Wolverhampton Wanderers,3,0,2,2,3,3,1
Wolverhampton Wanderers,1,1,2,2,2,0,0.5
Wolverhampton Wanderers,3,1,2,2,4,2,1
Wolverhampton Wanderers,2,0,2,2,2,2,1
Wolverhampton Wanderers,3,1,2,2,4,2,1
Wolverhampton Wanderers,0,1,2,2,1,-1,0
Wolverhampton Wanderers,0,0,2,2,0,0,0.5
Wolverhampton Wanderers,1,0,2,2,1,1,1
Wolverhampton Wanderers,1,1,2,2,2,0,0.5
Wolverhampton Wanderers,1,2,2,2,3,-1,0
Wolverhampton Wanderers,1,2,2,2,3,-1,0
Wolverhampton Wanderers,8,0,2,2,8,8,1
Wolverhampton Wanderers,5,0,2,2,5,5,1
Wolverhampton Wanderers,1,0,2,2,1,1,1
Wolverhampton Wanderers,0,1,2,2,1,-1,0
Wolverhampton Wanderers,1,0,2,2,1,1,1
Wolverhampton Wanderers,4,0,2,2,4,4,1
Arsenal,0,3,1,1,3,-3,0
Arsenal,0,1,1,1,1,-1,0
Arsenal,1,2,1,1,3,-1,0
Arsenal,1,1,1,1,2,0,0.5
Arsenal,0,1,1,1,1,-1,0
Arsenal,1,2,1,1,3,-1,0
Arsenal,0,0,1,1,0,0,0.5
Arsenal,1,1,1,1,2,0,0.5
Arsenal,0,4,1,1,4,-4,0
Arsenal,0,0,1,1,0,0,0.5
Arsenal,1,1,1,1,2,0,0.5
Arsenal,1,1,1,1,2,0,0.5
Arsenal,0,0,1,1,0,0,0.5
Arsenal,0,0,1,1,0,0,0.5
Arsenal,1,3,1,1,4,-2,0
Arsenal,2,5,1,1,7,-3,0
Arsenal,1,3,1,1,4,-2,0
Arsenal,0,3,1,1,3,-3,0
Arsenal,1,0,1,1,1,1,1
Aston Villa,4,1,1,1,5,3,1
Aston Villa,1,1,1,1,2,0,0.5
Aston Villa,1,1,1,1,2,0,0.5
Aston Villa,3,1,1,1,4,2,1
Aston Villa,1,0,1,1,1,1,1
Aston Villa,5,1,1,1,6,4,1
Aston Villa,1,1,1,1,2,0,0.5
Aston Villa,1,3,1,1,4,-2,0
Aston Villa,2,0,1,1,2,2,1
Aston Villa,4,2,1,1,6,2,1
Aston Villa,5,1,1,1,6,4,1
Aston Villa,3,1,1,1,4,2,1
Aston Villa,1,0,1,1,1,1,1
Aston Villa,7,1,1,1,8,6,1
Aston Villa,4,2,1,1,6,2,1
Aston Villa,10,0,1,1,10,10,1
Aston Villa,1,1,1,1,2,0,0.5
Aston Villa,1,0,1,1,1,1,1
Aston Villa,2,4,1,1,6,-2,0
Blackburn Rovers,1,1,1,1,2,0,0.5
Blackburn Rovers,2,2,1,1,4,0,0.5
Blackburn Rovers,6,0,1,1,6,6,1
Blackburn Rovers,5,0,1,1,5,5,1
Blackburn Rovers,1,1,1,1,2,0,0.5
Blackburn Rovers,0,1,1,1,1,-1,0
Blackburn Rovers,1,2,1,1,3,-1,0
Blackburn Rovers,5,1,1,1,6,4,1
Blackburn Rovers,2,2,1,1,4,0,0.5
Blackburn Rovers,0,0,1,1,0,0,0.5
Blackburn Rovers,5,2,1,1,7,3,1
Blackburn Rovers,2,0,1,1,2,2,1
Blackburn Rovers,2,1,1,1,3,1,1
Blackburn Rovers,7,1,1,1,8,6,1
Blackburn Rovers,3,1,1,1,4,2,1
Blackburn Rovers,0,1,1,1,1,-1,0
Blackburn Rovers,4,0,1,1,4,4,1
Blackburn Rovers,6,1,1,1,7,5,1
Blackburn Rovers,2,4,1,1,6,-2,0
Bolton Wanderers,5,1,1,1,6,4,1
Bolton Wanderers,2,3,1,1,5,-1,0
Bolton Wanderers,1,1,1,1,2,0,0.5
Bolton Wanderers,2,0,1,1,2,2,1
Bolton Wanderers,1,0,1,1,1,1,1
Bolton Wanderers,1,1,1,1,2,0,0.5
Bolton Wanderers,0,0,1,1,0,0,0.5
Bolton Wanderers,1,1,1,1,2,0,0.5
Bolton Wanderers,2,2,1,1,4,0,0.5
Bolton Wanderers,2,1,1,1,3,1,1
Bolton Wanderers,3,2,1,1,5,1,1
Bolton Wanderers,1,2,1,1,3,-1,0
Bolton Wanderers,0,0,1,1,0,0,0.5
Bolton Wanderers,3,0,1,1,3,3,1
Bolton Wanderers,4,2,1,1,6,2,1
Bolton Wanderers,3,0,1,1,3,3,1
Bolton Wanderers,1,3,1,1,4,-2,0
Bolton Wanderers,2,0,1,1,2,2,1
Bolton Wanderers,2,1,1,1,3,1,1
Bradford City,3,1,1,1,4,2,1
Bradford City,1,1,1,1,2,0,0.5
Bradford City,0,2,1,1,2,-2,0
Bradford City,4,1,1,1,5,3,1
Bradford City,2,2,1,1,4,0,0.5
Bradford City,2,3,1,1,5,-1,0
Bradford City,4,1,1,1,5,3,1
Bradford City,2,0,1,1,2,2,1
Bradford City,2,1,1,1,3,1,1
Bradford City,1,0,1,1,1,1,1
Bradford City,1,2,1,1,3,-1,0
Bradford City,2,0,1,1,2,2,1
Bradford City,1,0,1,1,1,1,1
Bradford City,0,0,1,1,0,0,0.5
Bradford City,3,1,1,1,4,2,1
Bradford City,0,0,1,1,0,0,0.5
Bradford City,1,5,1,1,6,-4,0
Bradford City,3,1,1,1,4,2,1
Bradford City,1,1,1,1,2,0,0.5
Chelsea,1,1,1,1,2,0,0.5
Chelsea,1,2,1,1,3,-1,0
Chelsea,1,6,1,1,7,-5,0
Chelsea,2,3,1,1,5,-1,0
Chelsea,0,3,1,1,3,-3,0
Chelsea,3,1,1,1,4,2,1
Chelsea,1,3,1,1,4,-2,0
Chelsea,1,2,1,1,3,-1,0
Chelsea,2,1,1,1,3,1,1
Chelsea,1,4,1,1,5,-3,0
Chelsea,2,3,1,1,5,-1,0
Chelsea,1,0,1,1,1,1,1
Chelsea,5,2,1,1,7,3,1
Chelsea,1,1,1,1,2,0,0.5
Chelsea,4,2,1,1,6,2,1
Chelsea,0,4,1,1,4,-4,0
Chelsea,2,0,1,1,2,2,1
Chelsea,1,0,1,1,1,1,1
Chelsea,0,2,1,1,2,-2,0
Derby County,4,1,1,1,5,3,1
Derby County,0,1,1,1,1,-1,0
Derby County,1,1,1,1,2,0,0.5
Derby County,3,3,1,1,6,0,0.5
Derby County,4,0,1,1,4,4,1
Derby County,3,1,1,1,4,2,1
Derby County,1,4,1,1,5,-3,0
Derby County,4,2,1,1,6,2,1
Derby County,2,0,1,1,2,2,1
Derby County,2,1,1,1,3,1,1
Derby County,0,2,1,1,2,-2,0
Derby County,2,1,1,1,3,1,1
Derby County,1,0,1,1,1,1,1
Derby County,1,2,1,1,3,-1,0
Derby County,5,1,1,1,6,4,1
Derby County,1,4,1,1,5,-3,0
Derby County,0,3,1,1,3,-3,0
Derby County,5,0,1,1,5,5,1
Derby County,1,2,1,1,3,-1,0
Everton,3,0,1,1,3,3,1
Everton,0,1,1,1,1,-1,0
Everton,2,1,1,1,3,1,1
Everton,2,3,1,1,5,-1,0
Everton,2,1,1,1,3,1,1
Everton,1,0,1,1,1,1,1
Everton,2,2,1,1,4,0,0.5
Everton,0,2,1,1,2,-2,0
Everton,0,0,1,1,0,0,0.5
Everton,4,1,1,1,5,3,1
Everton,1,0,1,1,1,1,1
Everton,0,6,1,1,6,-6,0
Everton,4,0,1,1,4,4,1
Everton,2,3,1,1,5,-1,0
Everton,0,1,1,1,1,-1,0
Everton,3,1,1,1,4,2,1
Everton,0,4,1,1,4,-4,0
Everton,1,2,1,1,3,-1,0
Everton,1,3,1,1,4,-2,0
Liverpool,3,0,1,1,3,3,1
Liverpool,2,0,1,1,2,2,1
Liverpool,4,1,1,1,5,3,1
Liverpool,5,0,1,1,5,5,1
Liverpool,2,1,1,1,3,1,1
Liverpool,1,2,1,1,3,-1,0
Liverpool,2,1,1,1,3,1,1
Liverpool,0,2,1,1,2,-2,0
Liverpool,1,2,1,1,3,-1,0
Liverpool,0,2,1,1,2,-2,0
Liverpool,4,2,1,1,6,2,1
Liverpool,2,1,1,1,3,1,1
Liverpool,0,0,1,1,0,0,0.5
Liverpool,2,0,1,1,2,2,1
Liverpool,2,2,1,1,4,0,0.5
Liverpool,2,1,1,1,3,1,1
Liverpool,2,5,1,1,7,-3,0
Liverpool,4,1,1,1,5,3,1
Liverpool,2,1,1,1,3,1,1
Manchester City,0,1,1,1,1,-1,0
Manchester City,1,0,1,1,1,1,1
Manchester City,3,1,1,1,4,2,1
Manchester City,2,0,1,1,2,2,1
Manchester City,1,3,1,1,4,-2,0
Manchester City,2,0,1,1,2,2,1
Manchester City,1,1,1,1,2,0,0.5
Manchester City,1,0,1,1,1,1,1
Manchester City,4,1,1,1,5,3,1
Manchester City,0,2,1,1,2,-2,0
Manchester City,3,0,1,1,3,3,1
Manchester City,0,1,1,1,1,-1,0
Manchester City,4,0,1,1,4,4,1
Manchester City,2,0,1,1,2,2,1
Manchester City,3,0,1,1,3,3,1
Manchester City,2,2,1,1,4,0,0.5
Manchester City,1,0,1,1,1,1,1
Manchester City,2,2,1,1,4,0,0.5
Manchester City,2,1,1,1,3,1,1
Manchester United,2,0,1,1,2,2,1
Manchester United,4,0,1,1,4,4,1
Manchester United,1,1,1,1,2,0,0.5
Manchester United,2,1,1,1,3,1,1
Manchester United,2,0,1,1,2,2,1
Manchester United,4,2,1,1,6,2,1
Manchester United,4,0,1,1,4,4,1
Manchester United,2,0,1,1,2,2,1
Manchester United,3,1,1,1,4,2,1
Manchester United,0,1,1,1,1,-1,0
Manchester United,2,3,1,1,5,-1,0
Manchester United,3,0,1,1,3,3,1
Manchester United,2,1,1,1,3,1,1
Manchester United,0,0,1,1,0,0,0.5
Manchester United,4,0,1,1,4,4,1
Manchester United,2,0,1,1,2,2,1
Manchester United,1,3,1,1,4,-2,0
Manchester United,2,0,1,1,2,2,1
Manchester United,1,1,1,1,2,0,0.5
Middlesbrough,2,0,1,1,2,2,1
Middlesbrough,1,1,1,1,2,0,0.5
Middlesbrough,0,0,1,1,0,0,0.5
Middlesbrough,4,0,1,1,4,4,1
Middlesbrough,1,1,1,1,2,0,0.5
Middlesbrough,0,3,1,1,3,-3,0
Middlesbrough,4,1,1,1,5,3,1
Middlesbrough,0,0,1,1,0,0,0.5
Middlesbrough,3,4,1,1,7,-1,0
Middlesbrough,0,0,1,1,0,0,0.5
Middlesbrough,3,2,1,1,5,1,1
Middlesbrough,0,0,1,1,0,0,0.5
Middlesbrough,1,1,1,1,2,0,0.5
Middlesbrough,2,2,1,1,4,0,0.5
Middlesbrough,4,1,1,1,5,3,1
Middlesbrough,0,2,1,1,2,-2,0
Middlesbrough,0,2,1,1,2,-2,0
Middlesbrough,1,1,1,1,2,0,0.5
Middlesbrough,3,1,1,1,4,2,1
Newcastle United,3,1,1,1,4,2,1
Newcastle United,2,3,1,1,5,-1,0
Newcastle United,0,1,1,1,1,-1,0
Newcastle United,2,1,1,1,3,1,1
Newcastle United,1,1,1,1,2,0,0.5
Newcastle United,3,2,1,1,5,1,1
Newcastle United,2,4,1,1,6,-2,0
Newcastle United,2,0,1,1,2,2,1
Newcastle United,0,0,1,1,0,0,0.5
Newcastle United,0,1,1,1,1,-1,0
Newcastle United,1,3,1,1,4,-2,0
Newcastle United,3,1,1,1,4,2,1
Newcastle United,0,0,1,1,0,0,0.5
Newcastle United,4,1,1,1,5,3,1
Newcastle United,1,2,1,1,3,-1,0
Newcastle United,1,0,1,1,1,1,1
Newcastle United,1,1,1,1,2,0,0.5
Newcastle United,3,0,1,1,3,3,1
Newcastle United,1,1,1,1,2,0,0.5
Notts County,2,1,1,1,3,1,1
Notts County,1,1,1,1,2,0,0.5
Notts County,3,1,1,1,4,2,1
Notts County,1,0,1,1,1,1,1
Notts County,1,1,1,1,2,0,0.5
Notts County,0,0,1,1,0,0,0.5
Notts County,0,1,1,1,1,-1,0
Notts County,0,1,1,1,1,-1,0
Notts County,3,0,1,1,3,3,1
Notts County,0,1,1,1,1,-1,0
Notts County,1,2,1,1,3,-1,0
Notts County,1,3,1,1,4,-2,0
Notts County,0,1,1,1,1,-1,0
Notts County,2,1,1,1,3,1,1
Notts County,0,1,1,1,1,-1,0
Notts County,1,2,1,1,3,-1,0
Notts County,2,1,1,1,3,1,1
Notts County,0,1,1,1,1,-1,0
Notts County,1,1,1,1,2,0,0.5
Oldham Athletic,0,0,1,1,0,0,0.5
Oldham Athletic,2,2,1,1,4,0,0.5
Oldham Athletic,0,0,1,1,0,0,0.5
Oldham Athletic,2,3,1,1,5,-1,0
Oldham Athletic,0,0,1,1,0,0,0.5
Oldham Athletic,3,2,1,1,5,1,1
Oldham Athletic,2,2,1,1,4,0,0.5
Oldham Athletic,2,0,1,1,2,2,1
Oldham Athletic,3,1,1,1,4,2,1
Oldham Athletic,2,1,1,1,3,1,1
Oldham Athletic,0,0,1,1,0,0,0.5
Oldham Athletic,1,0,1,1,1,1,1
Oldham Athletic,1,0,1,1,1,1,1
Oldham Athletic,4,0,1,1,4,4,1
Oldham Athletic,2,0,1,1,2,2,1
Oldham Athletic,2,0,1,1,2,2,1
Oldham Athletic,3,0,1,1,3,3,1
Oldham Athletic,4,1,1,1,5,3,1
Oldham Athletic,0,0,1,1,0,0,0.5
Sheffield United,1,3,1,1,4,-2,0
Sheffield United,3,2,1,1,5,1,1
Sheffield United,0,0,1,1,0,0,0.5
Sheffield United,0,2,1,1,2,-2,0
Sheffield United,3,2,1,1,5,1,1
Sheffield United,3,3,1,1,6,0,0.5
Sheffield United,4,1,1,1,5,3,1
Sheffield United,4,1,1,1,5,3,1
Sheffield United,4,1,1,1,5,3,1
Sheffield United,1,1,1,1,2,0,0.5
Sheffield United,2,1,1,1,3,1,1
Sheffield United,1,0,1,1,1,1,1
Sheffield United,1,1,1,1,2,0,0.5
Sheffield United,2,0,1,1,2,2,1
Sheffield United,1,1,1,1,2,0,0.5
Sheffield United,0,2,1,1,2,-2,0
Sheffield United,1,3,1,1,4,-2,0
Sheffield United,4,0,1,1,4,4,1
Sheffield United,1,0,1,1,1,1,1
Sheffield Wednesday,2,0,1,1,2,2,1
Sheffield Wednesday,1,1,1,1,2,0,0.5
Sheffield Wednesday,2,1,1,1,3,1,1
Sheffield Wednesday,2,2,1,1,4,0,0.5
Sheffield Wednesday,6,0,1,1,6,6,1
Sheffield Wednesday,3,2,1,1,5,1,1
Sheffield Wednesday,3,3,1,1,6,0,0.5
Sheffield Wednesday,1,2,1,1,3,-1,0
Sheffield Wednesday,1,0,1,1,1,1,1
Sheffield Wednesday,1,0,1,1,1,1,1
Sheffield Wednesday,3,3,1,1,6,0,0.5
Sheffield Wednesday,3,1,1,1,4,2,1
Sheffield Wednesday,1,2,1,1,3,-1,0
Sheffield Wednesday,3,1,1,1,4,2,1
Sheffield Wednesday,5,0,1,1,5,5,1
Sheffield Wednesday,1,0,1,1,1,1,1
Sheffield Wednesday,1,2,1,1,3,-1,0
Sheffield Wednesday,2,1,1,1,3,1,1
Sheffield Wednesday,3,2,1,1,5,1,1
Sunderland,4,1,1,1,5,3,1
Sunderland,3,1,1,1,4,2,1
Sunderland,2,4,1,1,6,-2,0
Sunderland,2,1,1,1,3,1,1
Sunderland,1,0,1,1,1,1,1
Sunderland,4,0,1,1,4,4,1
Sunderland,0,2,1,1,2,-2,0
Sunderland,3,1,1,1,4,2,1
Sunderland,7,0,1,1,7,7,1
Sunderland,1,0,1,1,1,1,1
Sunderland,3,1,1,1,4,2,1
Sunderland,4,0,1,1,4,4,1
Sunderland,2,0,1,1,2,2,1
Sunderland,4,0,1,1,4,4,1
Sunderland,1,1,1,1,2,0,0.5
Sunderland,1,0,1,1,1,1,1
Sunderland,0,2,1,1,2,-2,0
Sunderland,2,2,1,1,4,0,0.5
Sunderland,3,1,1,1,4,2,1
Tottenham Hotspur,1,1,1,1,2,0,0.5
Tottenham Hotspur,3,3,1,1,6,0,0.5
Tottenham Hotspur,0,1,1,1,1,-1,0
Tottenham Hotspur,0,1,1,1,1,-1,0
Tottenham Hotspur,2,1,1,1,3,1,1
Tottenham Hotspur,1,0,1,1,1,1,1
Tottenham Hotspur,1,2,1,1,3,-1,0
Tottenham Hotspur,0,2,1,1,2,-2,0
Tottenham Hotspur,1,0,1,1,1,1,1
Tottenham Hotspur,4,0,1,1,4,4,1
Tottenham Hotspur,1,1,1,1,2,0,0.5
Tottenham Hotspur,5,3,1,1,8,2,1
Tottenham Hotspur,1,0,1,1,1,1,1
Tottenham Hotspur,0,3,1,1,3,-3,0
Tottenham Hotspur,1,0,1,1,1,1,1
Tottenham Hotspur,1,0,1,1,1,1,1
Tottenham Hotspur,2,4,1,1,6,-2,0
Tottenham Hotspur,1,2,1,1,3,-1,0
Tottenham Hotspur,3,1,1,1,4,2,1
West Bromwich Albion,2,1,1,1,3,1,1
West Bromwich Albion,2,2,1,1,4,0,0.5
West Bromwich Albion,1,1,1,1,2,0,0.5
West Bromwich Albion,2,2,1,1,4,0,0.5
West Bromwich Albion,1,1,1,1,2,0,0.5
West Bromwich Albion,0,1,1,1,1,-1,0
West Bromwich Albion,0,0,1,1,0,0,0.5
West Bromwich Albion,0,0,1,1,0,0,0.5
West Bromwich Albion,3,1,1,1,4,2,1
West Bromwich Albion,0,2,1,1,2,-2,0
West Bromwich Albion,1,2,1,1,3,-1,0
West Bromwich Albion,2,0,1,1,2,2,1
West Bromwich Albion,1,0,1,1,1,1,1
West Bromwich Albion,2,0,1,1,2,2,1
West Bromwich Albion,2,3,1,1,5,-1,0
West Bromwich Albion,3,1,1,1,4,2,1
West Bromwich Albion,1,1,1,1,2,0,0.5
West Bromwich Albion,3,1,1,1,4,2,1
West Bromwich Albion,4,1,1,1,5,3,1
Barnsley,1,0,2,2,1,1,1
Barnsley,5,3,2,2,8,2,1
Barnsley,4,0,2,2,4,4,1
Barnsley,7,1,2,2,8,6,1
Barnsley,1,4,2,2,5,-3,0
Barnsley,4,3,2,2,7,1,1
Barnsley,2,1,2,2,3,1,1
Barnsley,2,1,2,2,3,1,1
Barnsley,3,0,2,2,3,3,1
Barnsley,2,0,2,2,2,2,1
Barnsley,2,1,2,2,3,1,1
Barnsley,2,0,2,2,2,2,1
Barnsley,1,0,2,2,1,1,1
Barnsley,0,0,2,2,0,0,0.5
Barnsley,4,0,2,2,4,4,1
Barnsley,1,0,2,2,1,1,1
Barnsley,1,1,2,2,2,0,0.5
Barnsley,1,1,2,2,2,0,0.5
Barnsley,3,2,2,2,5,1,1
Birmingham City,3,1,2,2,4,2,1
Birmingham City,3,2,2,2,5,1,1
Birmingham City,1,1,2,2,2,0,0.5
Birmingham City,3,0,2,2,3,3,1
Birmingham City,3,0,2,2,3,3,1
Birmingham City,1,2,2,2,3,-1,0
Birmingham City,2,1,2,2,3,1,1
Birmingham City,0,0,2,2,0,0,0.5
Birmingham City,2,1,2,2,3,1,1
Birmingham City,3,2,2,2,5,1,1
Birmingham City,3,1,2,2,4,2,1
Birmingham City,2,2,2,2,4,0,0.5
Birmingham City,5,1,2,2,6,4,1
Birmingham City,1,1,2,2,2,0,0.5
Birmingham City,4,1,2,2,5,3,1
Birmingham City,2,0,2,2,2,2,1
Birmingham City,0,1,2,2,1,-1,0
Birmingham City,1,1,2,2,2,0,0.5
Birmingham City,0,0,2,2,0,0,0.5
Blackpool,0,1,2,2,1,-1,0
Blackpool,2,0,2,2,2,2,1
Blackpool,0,2,2,2,2,-2,0
Blackpool,1,1,2,2,2,0,0.5
Blackpool,0,2,2,2,2,-2,0
Blackpool,2,1,2,2,3,1,1
Blackpool,2,0,2,2,2,2,1
Blackpool,1,1,2,2,2,0,0.5
Blackpool,2,1,2,2,3,1,1
Blackpool,2,1,2,2,3,1,1
Blackpool,1,2,2,2,3,-1,0
Blackpool,0,3,2,2,3,-3,0
Blackpool,2,1,2,2,3,1,1
Blackpool,2,0,2,2,2,2,1
Blackpool,1,1,2,2,2,0,0.5
Blackpool,2,1,2,2,3,1,1
Blackpool,0,1,2,2,1,-1,0
Blackpool,1,1,2,2,2,0,0.5
Blackpool,1,2,2,2,3,-1,0
Bradford Park Avenue,0,0,2,2,0,0,0.5
Bradford Park Avenue,0,0,2,2,0,0,0.5
Bradford Park Avenue,4,2,2,2,6,2,1
Bradford Park Avenue,4,1,2,2,5,3,1
Bradford Park Avenue,2,3,2,2,5,-1,0
Bradford Park Avenue,3,1,2,2,4,2,1
Bradford Park Avenue,2,3,2,2,5,-1,0
Bradford Park Avenue,5,0,2,2,5,5,1
Bradford Park Avenue,3,0,2,2,3,3,1
Bradford Park Avenue,2,1,2,2,3,1,1
Bradford Park Avenue,2,0,2,2,2,2,1
Bradford Park Avenue,0,1,2,2,1,-1,0
Bradford Park Avenue,2,2,2,2,4,0,0.5
Bradford Park Avenue,3,0,2,2,3,3,1
Bradford Park Avenue,3,0,2,2,3,3,1
Bradford Park Avenue,3,1,2,2,4,2,1
Bradford Park Avenue,0,0,2,2,0,0,0.5
Bradford Park Avenue,4,2,2,2,6,2,1
Bradford Park Avenue,5,1,2,2,6,4,1
Bristol City,3,0,2,2,3,3,1
Bristol City,0,3,2,2,3,-3,0
Bristol City,0,0,2,2,0,0,0.5
Bristol City,0,0,2,2,0,0,0.5
Bristol City,3,3,2,2,6,0,0.5
Bristol City,1,5,2,2,6,-4,0
Bristol City,2,1,2,2,3,1,1
Bristol City,3,3,2,2,6,0,0.5
Bristol City,2,2,2,2,4,0,0.5
Bristol City,0,0,2,2,0,0,0.5
Bristol City,1,1,2,2,2,0,0.5
Bristol City,1,1,2,2,2,0,0.5
Bristol City,1,0,2,2,1,1,1
Bristol City,1,0,2,2,1,1,1
Bristol City,2,0,2,2,2,2,1
Bristol City,1,2,2,2,3,-1,0
Bristol City,1,1,2,2,2,0,0.5
Bristol City,7,2,2,2,9,5,1
Bristol City,3,1,2,2,4,2,1
Burnley,0,1,2,2,1,-1,0
Burnley,3,0,2,2,3,3,1
Burnley,4,0,2,2,4,4,1
Burnley,5,1,2,2,6,4,1
Burnley,2,2,2,2,4,0,0.5
Burnley,3,1,2,2,4,2,1
Burnley,5,0,2,2,5,5,1
Burnley,2,1,2,2,3,1,1
Burnley,3,2,2,2,5,1,1
Burnley,4,0,2,2,4,4,1
Burnley,0,0,2,2,0,0,0.5
Burnley,2,2,2,2,4,0,0.5
Burnley,5,1,2,2,6,4,1
Burnley,5,0,2,2,5,5,1
Burnley,3,1,2,2,4,2,1
Burnley,3,5,2,2,8,-2,0
Burnley,2,2,2,2,4,0,0.5
Burnley,3,2,2,2,5,1,1
Burnley,4,2,2,2,6,2,1
Bury,2,0,2,2,2,2,1
Bury,3,0,2,2,3,3,1
Bury,1,1,2,2,2,0,0.5
Bury,2,0,2,2,2,2,1
Bury,0,1,2,2,1,-1,0
Bury,1,1,2,2,2,0,0.5
Bury,1,0,2,2,1,1,1
Bury,4,1,2,2,5,3,1
Bury,4,2,2,2,6,2,1
Bury,0,2,2,2,2,-2,0
Bury,3,0,2,2,3,3,1
Bury,1,1,2,2,2,0,0.5
Bury,2,2,2,2,4,0,0.5
Bury,0,0,2,2,0,0,0.5
Bury,0,3,2,2,3,-3,0
Bury,2,0,2,2,2,2,1
Bury,0,0,2,2,0,0,0.5
Bury,2,0,2,2,2,2,1
Bury,1,0,2,2,1,1,1
Fulham,1,1,2,2,2,0,0.5
Fulham,3,2,2,2,5,1,1
Fulham,4,2,2,2,6,2,1
Fulham,3,1,2,2,4,2,1
Fulham,0,0,2,2,0,0,0.5
Fulham,4,2,2,2,6,2,1
Fulham,3,1,2,2,4,2,1
Fulham,2,0,2,2,2,2,1
Fulham,0,1,2,2,1,-1,0
Fulham,2,0,2,2,2,2,1
Fulham,2,0,2,2,2,2,1
Fulham,4,0,2,2,4,4,1
Fulham,1,1,2,2,2,0,0.5
Fulham,1,1,2,2,2,0,0.5
Fulham,3,1,2,2,4,2,1
Fulham,0,0,2,2,0,0,0.5
Fulham,3,1,2,2,4,2,1
Fulham,7,0,2,2,7,7,1
Fulham,4,2,2,2,6,2,1
Glossop North End,1,0,2,2,1,1,1
Glossop North End,0,2,2,2,2,-2,0
Glossop North End,2,0,2,2,2,2,1
Glossop North End,4,3,2,2,7,1,1
Glossop North End,3,1,2,2,4,2,1
Glossop North End,1,3,2,2,4,-2,0
Glossop North End,1,1,2,2,2,0,0.5
Glossop North End,2,0,2,2,2,2,1
Glossop North End,2,0,2,2,2,2,1
Glossop North End,1,0,2,2,1,1,1
Glossop North End,0,3,2,2,3,-3,0
Glossop North End,2,1,2,2,3,1,1
Glossop North End,3,0,2,2,3,3,1
Glossop North End,3,0,2,2,3,3,1
Glossop North End,0,1,2,2,1,-1,0
Glossop North End,4,3,2,2,7,1,1
Glossop North End,2,3,2,2,5,-1,0
Glossop North End,2,2,2,2,4,0,0.5
Glossop North End,1,3,2,2,4,-2,0
Grimsby Town,1,1,2,2,2,0,0.5
Grimsby Town,2,2,2,2,4,0,0.5
Grimsby Town,1,1,2,2,2,0,0.5
Grimsby Town,3,0,2,2,3,3,1
Grimsby Town,3,0,2,2,3,3,1
Grimsby Town,2,0,2,2,2,2,1
Grimsby Town,4,0,2,2,4,4,1
Grimsby Town,2,1,2,2,3,1,1
Grimsby Town,0,0,2,2,0,0,0.5
Grimsby Town,0,0,2,2,0,0,0.5
Grimsby Town,2,0,2,2,2,2,1
Grimsby Town,3,2,2,2,5,1,1
Grimsby Town,2,0,2,2,2,2,1
Grimsby Town,1,2,2,2,3,-1,0
Grimsby Town,0,0,2,2,0,0,0.5
Grimsby Town,0,0,2,2,0,0,0.5
Grimsby Town,0,0,2,2,0,0,0.5
Grimsby Town,4,1,2,2,5,3,1
Grimsby Town,2,1,2,2,3,1,1
Huddersfield Town,2,0,2,2,2,2,1
Huddersfield Town,0,0,2,2,0,0,0.5
Huddersfield Town,3,0,2,2,3,3,1
Huddersfield Town,2,0,2,2,2,2,1
Huddersfield Town,5,0,2,2,5,5,1
Huddersfield Town,1,0,2,2,1,1,1
Huddersfield Town,4,0,2,2,4,4,1
Huddersfield Town,5,1,2,2,6,4,1
Huddersfield Town,6,0,2,2,6,6,1
Huddersfield Town,0,2,2,2,2,-2,0
Huddersfield Town,5,2,2,2,7,3,1
Huddersfield Town,1,0,2,2,1,1,1
Huddersfield Town,3,0,2,2,3,3,1
Huddersfield Town,0,0,2,2,0,0,0.5
Huddersfield Town,5,1,2,2,6,4,1
Huddersfield Town,1,1,2,2,2,0,0.5
Huddersfield Town,1,1,2,2,2,0,0.5
Huddersfield Town,3,3,2,2,6,0,0.5
Huddersfield Town,2,1,2,2,3,1,1
Hull City,0,1,2,2,1,-1,0
Hull City,1,2,2,2,3,-1,0
Hull City,4,1,2,2,5,3,1
Hull City,5,0,2,2,5,5,1
Hull City,3,1,2,2,4,2,1
Hull City,0,0,2,2,0,0,0.5
Hull City,2,0,2,2,2,2,1
Hull City,0,1,2,2,1,-1,0
Hull City,2,0,2,2,2,2,1
Hull City,5,0,2,2,5,5,1
Hull City,1,3,2,2,4,-2,0
Hull City,6,2,2,2,8,4,1
Hull City,2,0,2,2,2,2,1
Hull City,2,1,2,2,3,1,1
Hull City,2,0,2,2,2,2,1
Hull City,2,1,2,2,3,1,1
Hull City,2,2,2,2,4,0,0.5
Hull City,3,2,2,2,5,1,1
Hull City,0,1,2,2,1,-1,0
Leeds City,2,0,2,2,2,2,1
Leeds City,4,0,2,2,4,4,1
Leeds City,0,2,2,2,2,-2,0
Leeds City,2,0,2,2,2,2,1
Leeds City,1,1,2,2,2,0,0.5
Leeds City,4,1,2,2,5,3,1
Leeds City,4,2,2,2,6,2,1
Leeds City,2,3,2,2,5,-1,0
Leeds City,4,0,2,2,4,4,1
Leeds City,1,2,2,2,3,-1,0
Leeds City,0,3,2,2,3,-3,0
Leeds City,1,0,2,2,1,1,1
Leeds City,5,1,2,2,6,4,1
Leeds City,3,1,2,2,4,2,1
Leeds City,2,2,2,2,4,0,0.5
Leeds City,1,0,2,2,1,1,1
Leeds City,5,1,2,2,6,4,1
Leeds City,2,1,2,2,3,1,1
Leeds City,2,2,2,2,4,0,0.5
Leicester City,1,0,2,2,1,1,1
Leicester City,1,2,2,2,3,-1,0
Leicester City,5,1,2,2,6,4,1
Leicester City,3,0,2,2,3,3,1
Leicester City,3,1,2,2,4,2,1
Leicester City,2,3,2,2,5,-1,0
Leicester City,3,0,2,2,3,3,1
Leicester City,1,0,2,2,1,1,1
Leicester City,1,4,2,2,5,-3,0
Leicester City,1,0,2,2,1,1,1
Leicester City,0,0,2,2,0,0,0.5
Leicester City,3,2,2,2,5,1,1
Leicester City,1,1,2,2,2,0,0.5
Leicester City,1,0,2,2,1,1,1
Leicester City,1,0,2,2,1,1,1
Leicester City,3,1,2,2,4,2,1
Leicester City,0,3,2,2,3,-3,0
Leicester City,4,1,2,2,5,3,1
Leicester City,0,1,2,2,1,-1,0
Leyton Orient,2,2,2,2,4,0,0.5
Leyton Orient,0,2,2,2,2,-2,0
Leyton Orient,1,0,2,2,1,1,1
Leyton Orient,1,0,2,2,1,1,1
Leyton Orient,0,0,2,2,0,0,0.5
Leyton Orient,2,0,2,2,2,2,1
Leyton Orient,1,2,2,2,3,-1,0
Leyton Orient,2,1,2,2,3,1,1
Leyton Orient,1,0,2,2,1,1,1
Leyton Orient,1,3,2,2,4,-2,0
Leyton Orient,1,1,2,2,2,0,0.5
Leyton Orient,2,1,2,2,3,1,1
Leyton Orient,2,0,2,2,2,2,1
Leyton Orient,1,1,2,2,2,0,0.5
Leyton Orient,1,2,2,2,3,-1,0
Leyton Orient,2,2,2,2,4,0,0.5
Leyton Orient,1,2,2,2,3,-1,0
Leyton Orient,4,1,2,2,5,3,1
Leyton Orient,0,0,2,2,0,0,0.5
Lincoln City,2,0,2,2,2,2,1
Lincoln City,0,1,2,2,1,-1,0
Lincoln City,1,0,2,2,1,1,1
Lincoln City,1,1,2,2,2,0,0.5
Lincoln City,2,0,2,2,2,2,1
Lincoln City,1,3,2,2,4,-2,0
Lincoln City,0,1,2,2,1,-1,0
Lincoln City,3,0,2,2,3,3,1
Lincoln City,0,0,2,2,0,0,0.5
Lincoln City,3,0,2,2,3,3,1
Lincoln City,3,1,2,2,4,2,1
Lincoln City,1,1,2,2,2,0,0.5
Lincoln City,3,3,2,2,6,0,0.5
Lincoln City,3,0,2,2,3,3,1
Lincoln City,1,1,2,2,2,0,0.5
Lincoln City,2,1,2,2,3,1,1
Lincoln City,0,0,2,2,0,0,0.5
Lincoln City,3,2,2,2,5,1,1
Lincoln City,2,1,2,2,3,1,1
Nottingham Forest,2,0,2,2,2,2,1
Nottingham Forest,3,1,2,2,4,2,1
Nottingham Forest,1,1,2,2,2,0,0.5
Nottingham Forest,1,2,2,2,3,-1,0
Nottingham Forest,4,1,2,2,5,3,1
Nottingham Forest,2,1,2,2,3,1,1
Nottingham Forest,1,1,2,2,2,0,0.5
Nottingham Forest,2,4,2,2,6,-2,0
Nottingham Forest,3,2,2,2,5,1,1
Nottingham Forest,1,2,2,2,3,-1,0
Nottingham Forest,0,1,2,2,1,-1,0
Nottingham Forest,5,0,2,2,5,5,1
Nottingham Forest,1,2,2,2,3,-1,0
Nottingham Forest,4,2,2,2,6,2,1
Nottingham Forest,0,0,2,2,0,0,0.5
Nottingham Forest,1,2,2,2,3,-1,0
Nottingham Forest,0,2,2,2,2,-2,0
Nottingham Forest,2,1,2,2,3,1,1
Nottingham Forest,2,0,2,2,2,2,1
Preston North End,4,0,2,2,4,4,1
Preston North End,1,0,2,2,1,1,1
Preston North End,2,1,2,2,3,1,1
Preston North End,4,2,2,2,6,2,1
Preston North End,5,1,2,2,6,4,1
Preston North End,1,1,2,2,2,0,0.5
Preston North End,2,0,2,2,2,2,1
Preston North End,1,0,2,2,1,1,1
Preston North End,2,0,2,2,2,2,1
Preston North End,2,0,2,2,2,2,1
Preston North End,2,1,2,2,3,1,1
Preston North End,1,0,2,2,1,1,1
Preston North End,3,2,2,2,5,1,1
Preston North End,1,0,2,2,1,1,1
Preston North End,0,1,2,2,1,-1,0
Preston North End,0,0,2,2,0,0,0.5
Preston North End,1,1,2,2,2,0,0.5
Preston North End,1,1,2,2,2,0,0.5
Preston North End,1,1,2,2,2,0,0.5
Stockport County,0,3,2,2,3,-3,0
Stockport County,0,1,2,2,1,-1,0
Stockport County,2,0,2,2,2,2,1
Stockport County,1,0,2,2,1,1,1
Stockport County,0,1,2,2,1,-1,0
Stockport County,0,1,2,2,1,-1,0
Stockport County,1,2,2,2,3,-1,0
Stockport County,1,0,2,2,1,1,1
Stockport County,1,1,2,2,2,0,0.5
Stockport County,1,1,2,2,2,0,0.5
Stockport County,3,1,2,2,4,2,1
Stockport County,3,3,2,2,6,0,0.5
Stockport County,6,0,2,2,6,6,1
Stockport County,1,2,2,2,3,-1,0
Stockport County,2,0,2,2,2,2,1
Stockport County,2,4,2,2,6,-2,0
Stockport County,2,1,2,2,3,1,1
Stockport County,1,1,2,2,2,0,0.5
Stockport County,5,1,2,2,6,4,1
Wolverhampton Wanderers,3,0,2,2,3,3,1
Wolverhampton Wanderers,2,2,2,2,4,0,0.5
Wolverhampton Wanderers,4,0,2,2,4,4,1
Wolverhampton Wanderers,0,0,2,2,0,0,0.5
Wolverhampton Wanderers,1,1,2,2,2,0,0.5
Wolverhampton Wanderers,0,2,2,2,2,-2,0
Wolverhampton Wanderers,3,1,2,2,4,2,1
Wolverhampton Wanderers,2,1,2,2,3,1,1
Wolverhampton Wanderers,3,1,2,2,4,2,1
Wolverhampton Wanderers,3,0,2,2,3,3,1
Wolverhampton Wanderers,2,0,2,2,2,2,1
Wolverhampton Wanderers,0,1,2,2,1,-1,0
Wolverhampton Wanderers,2,2,2,2,4,0,0.5
Wolverhampton Wanderers,1,1,2,2,2,0,0.5
Wolverhampton Wanderers,1,1,2,2,2,0,0.5
Wolverhampton Wanderers,2,0,2,2,2,2,1
Wolverhampton Wanderers,2,3,2,2,5,-1,0
Wolverhampton Wanderers,2,0,2,2,2,2,1
Wolverhampton Wanderers,1,0,2,2,1,1,1
Aston Villa,1,3,1,1,4,-2,0
Aston Villa,1,0,1,1,1,1,1
Aston Villa,0,1,1,1,1,-1,0
Aston Villa,1,0,1,1,1,1,1
Aston Villa,1,2,1,1,3,-1,0
Aston Villa,3,2,1,1,5,1,1
Aston Villa,3,1,1,1,4,2,1
Aston Villa,2,1,1,1,3,1,1
Aston Villa,1,1,1,1,2,0,0.5
Aston Villa,3,1,1,1,4,2,1
Aston Villa,1,3,1,1,4,-2,0
Aston Villa,1,3,1,1,4,-2,0
Aston Villa,0,0,1,1,0,0,0.5
Aston Villa,3,0,1,1,3,3,1
Aston Villa,3,0,1,1,3,3,1
Aston Villa,2,0,1,1,2,2,1
Aston Villa,5,0,1,1,5,5,1
Aston Villa,3,3,1,1,6,0,0.5
Aston Villa,2,0,1,1,2,2,1
Blackburn Rovers,0,0,1,1,0,0,0.5
Blackburn Rovers,3,2,1,1,5,1,1
Blackburn Rovers,0,0,1,1,0,0,0.5
Blackburn Rovers,0,0,1,1,0,0,0.5
Blackburn Rovers,3,1,1,1,4,2,1
Blackburn Rovers,3,1,1,1,4,2,1
Blackburn Rovers,6,0,1,1,6,6,1
Blackburn Rovers,6,2,1,1,8,4,1
Blackburn Rovers,2,1,1,1,3,1,1
Blackburn Rovers,0,1,1,1,1,-1,0
Blackburn Rovers,6,0,1,1,6,6,1
Blackburn Rovers,3,0,1,1,3,3,1
Blackburn Rovers,2,1,1,1,3,1,1
Blackburn Rovers,5,0,1,1,5,5,1
Blackburn Rovers,3,2,1,1,5,1,1
Blackburn Rovers,3,2,1,1,5,1,1
Blackburn Rovers,3,1,1,1,4,2,1
Blackburn Rovers,1,1,1,1,2,0,0.5
Blackburn Rovers,2,0,1,1,2,2,1
Bolton Wanderers,3,0,1,1,3,3,1
Bolton Wanderers,1,0,1,1,1,1,1
Bolton Wanderers,3,0,1,1,3,3,1
Bolton Wanderers,0,0,1,1,0,0,0.5
Bolton Wanderers,1,1,1,1,2,0,0.5
Bolton Wanderers,3,1,1,1,4,2,1
Bolton Wanderers,0,0,1,1,0,0,0.5
Bolton Wanderers,2,1,1,1,3,1,1
Bolton Wanderers,3,0,1,1,3,3,1
Bolton Wanderers,6,1,1,1,7,5,1
Bolton Wanderers,1,1,1,1,2,0,0.5
Bolton Wanderers,3,1,1,1,4,2,1
Bolton Wanderers,6,2,1,1,8,4,1
Bolton Wanderers,0,3,1,1,3,-3,0
Bolton Wanderers,3,1,1,1,4,2,1
Bolton Wanderers,0,1,1,1,1,-1,0
Bolton Wanderers,2,1,1,1,3,1,1
Bolton Wanderers,3,0,1,1,3,3,1
Bolton Wanderers,1,0,1,1,1,1,1
Bradford City,0,0,1,1,0,0,0.5
Bradford City,0,2,1,1,2,-2,0
Bradford City,5,1,1,1,6,4,1
Bradford City,1,1,1,1,2,0,0.5
Bradford City,0,0,1,1,0,0,0.5
Bradford City,0,0,1,1,0,0,0.5
Bradford City,0,1,1,1,1,-1,0
Bradford City,1,0,1,1,1,1,1
Bradford City,3,2,1,1,5,1,1
Bradford City,1,1,1,1,2,0,0.5
Bradford City,2,3,1,1,5,-1,0
Bradford City,2,0,1,1,2,2,1
Bradford City,0,1,1,1,1,-1,0
Bradford City,0,0,1,1,0,0,0.5
Bradford City,2,1,1,1,3,1,1
Bradford City,3,1,1,1,4,2,1
Bradford City,0,2,1,1,2,-2,0
Bradford City,2,1,1,1,3,1,1
Bradford City,1,0,1,1,1,1,1
Burnley,4,0,1,1,4,4,1
Burnley,1,2,1,1,3,-1,0
Burnley,2,2,1,1,4,0,0.5
Burnley,2,2,1,1,4,0,0.5
Burnley,6,1,1,1,7,5,1
Burnley,5,1,1,1,6,4,1
Burnley,2,0,1,1,2,2,1
Burnley,5,2,1,1,7,3,1
Burnley,2,0,1,1,2,2,1
Burnley,1,2,1,1,3,-1,0
Burnley,1,2,1,1,3,-1,0
Burnley,1,0,1,1,1,1,1
Burnley,2,0,1,1,2,2,1
Burnley,3,4,1,1,7,-1,0
Burnley,0,0,1,1,0,0,0.5
Burnley,3,0,1,1,3,3,1
Burnley,0,1,1,1,1,-1,0
Burnley,3,1,1,1,4,2,1
Burnley,0,0,1,1,0,0,0.5
Chelsea,0,3,1,1,3,-3,0
Chelsea,2,0,1,1,2,2,1
Chelsea,2,1,1,1,3,1,1
Chelsea,2,1,1,1,3,1,1
Chelsea,0,0,1,1,0,0,0.5
Chelsea,2,1,1,1,3,1,1
Chelsea,2,0,1,1,2,2,1
Chelsea,3,0,1,1,3,3,1
Chelsea,1,0,1,1,1,1,1
Chelsea,0,2,1,1,2,-2,0
Chelsea,3,2,1,1,5,1,1
Chelsea,0,1,1,1,1,-1,0
Chelsea,2,1,1,1,3,1,1
Chelsea,2,0,1,1,2,2,1
Chelsea,2,0,1,1,2,2,1
Chelsea,2,1,1,1,3,1,1
Chelsea,1,1,1,1,2,0,0.5
Chelsea,1,3,1,1,4,-2,0
Chelsea,1,1,1,1,2,0,0.5
Derby County,0,2,1,1,2,-2,0
Derby County,2,3,1,1,5,-1,0
Derby County,3,3,1,1,6,0,0.5
Derby County,3,1,1,1,4,2,1
Derby County,3,1,1,1,4,2,1
Derby County,0,1,1,1,1,-1,0
Derby County,1,0,1,1,1,1,1
Derby County,1,1,1,1,2,0,0.5
Derby County,2,4,1,1,6,-2,0
Derby County,4,2,1,1,6,2,1
Derby County,2,2,1,1,4,0,0.5
Derby County,2,0,1,1,2,2,1
Derby County,1,2,1,1,3,-1,0
Derby County,0,1,1,1,1,-1,0
Derby County,3,5,1,1,8,-2,0
Derby County,1,1,1,1,2,0,0.5
Derby County,1,1,1,1,2,0,0.5
Derby County,4,0,1,1,4,4,1
Derby County,1,2,1,1,3,-1,0
Everton,1,4,1,1,5,-3,0
Everton,0,0,1,1,0,0,0.5
Everton,1,1,1,1,2,0,0.5
Everton,1,1,1,1,2,0,0.5
Everton,1,1,1,1,2,0,0.5
Everton,0,0,1,1,0,0,0.5
Everton,5,0,1,1,5,5,1
Everton,1,2,1,1,3,-1,0
Everton,1,0,1,1,1,1,1
Everton,5,0,1,1,5,5,1
Everton,2,0,1,1,2,2,1
Everton,2,0,1,1,2,2,1
Everton,0,2,1,1,2,-2,0
Everton,2,0,1,1,2,2,1
Everton,5,0,1,1,5,5,1
Everton,1,1,1,1,2,0,0.5
Everton,1,5,1,1,6,-4,0
Everton,1,1,1,1,2,0,0.5
Everton,2,0,1,1,2,2,1
Liverpool,0,1,1,1,1,-1,0
Liverpool,3,3,1,1,6,0,0.5
Liverpool,2,1,1,1,3,1,1
Liverpool,0,1,1,1,1,-1,0
Liverpool,1,1,1,1,2,0,0.5
Liverpool,3,0,1,1,3,3,1
Liverpool,1,0,1,1,1,1,1
Liverpool,1,2,1,1,3,-1,0
Liverpool,4,2,1,1,6,2,1
Liverpool,1,2,1,1,3,-1,0
Liverpool,2,1,1,1,3,1,1
Liverpool,0,0,1,1,0,0,0.5
Liverpool,0,3,1,1,3,-3,0
Liverpool,3,1,1,1,4,2,1
Liverpool,2,1,1,1,3,1,1
Liverpool,1,2,1,1,3,-1,0
Liverpool,1,3,1,1,4,-2,0
Liverpool,2,1,1,1,3,1,1
Liverpool,0,0,1,1,0,0,0.5
Manchester City,3,1,1,1,4,2,1
Manchester City,1,2,1,1,3,-1,0
Manchester City,0,1,1,1,1,-1,0
Manchester City,1,0,1,1,1,1,1
Manchester City,4,1,1,1,5,3,1
Manchester City,2,1,1,1,3,1,1
Manchester City,1,2,1,1,3,-1,0
Manchester City,1,1,1,1,2,0,0.5
Manchester City,1,0,1,1,1,1,1
Manchester City,0,2,1,1,2,-2,0
Manchester City,1,1,1,1,2,0,0.5
Manchester City,0,1,1,1,1,-1,0
Manchester City,2,1,1,1,3,1,1
Manchester City,1,1,1,1,2,0,0.5
Manchester City,2,1,1,1,3,1,1
Manchester City,1,2,1,1,3,-1,0
Manchester City,3,1,1,1,4,2,1
Manchester City,2,1,1,1,3,1,1
Manchester City,2,3,1,1,5,-1,0
Manchester United,0,6,1,1,6,-6,0
Manchester United,0,0,1,1,0,0,0.5
Manchester United,0,1,1,1,1,-1,0
Manchester United,1,1,1,1,2,0,0.5
Manchester United,0,1,1,1,1,-1,0
Manchester United,0,1,1,1,1,-1,0
Manchester United,3,3,1,1,6,0,0.5
Manchester United,0,1,1,1,1,-1,0
Manchester United,3,0,1,1,3,3,1
Manchester United,0,1,1,1,1,-1,0
Manchester United,0,1,1,1,1,-1,0
Manchester United,2,2,1,1,4,0,0.5
Manchester United,4,1,1,1,5,3,1
Manchester United,3,0,1,1,3,3,1
Manchester United,2,1,1,1,3,1,1
Manchester United,2,1,1,1,3,1,1
Manchester United,3,1,1,1,4,2,1
Manchester United,3,1,1,1,4,2,1
Manchester United,1,0,1,1,1,1,1
Middlesbrough,5,2,1,1,7,3,1
Middlesbrough,3,0,1,1,3,3,1
Middlesbrough,2,3,1,1,5,-1,0
Middlesbrough,1,1,1,1,2,0,0.5
Middlesbrough,2,1,1,1,3,1,1
Middlesbrough,2,0,1,1,2,2,1
Middlesbrough,3,2,1,1,5,1,1
Middlesbrough,2,0,1,1,2,2,1
Middlesbrough,4,0,1,1,4,4,1
Middlesbrough,2,0,1,1,2,2,1
Middlesbrough,3,1,1,1,4,2,1
Middlesbrough,3,0,1,1,3,3,1
Middlesbrough,0,0,1,1,0,0,0.5
Middlesbrough,4,1,1,1,5,3,1
Middlesbrough,2,3,1,1,5,-1,0
Middlesbrough,5,2,1,1,7,3,1
Middlesbrough,3,4,1,1,7,-1,0
Middlesbrough,6,0,1,1,6,6,1
Middlesbrough,3,0,1,1,3,3,1
Newcastle United,2,2,1,1,4,0,0.5
Newcastle United,0,0,1,1,0,0,0.5
Newcastle United,4,3,1,1,7,1,1
Newcastle United,0,0,1,1,0,0,0.5
Newcastle United,3,1,1,1,4,2,1
Newcastle United,1,0,1,1,1,1,1
Newcastle United,1,1,1,1,2,0,0.5
Newcastle United,0,1,1,1,1,-1,0
Newcastle United,1,2,1,1,3,-1,0
Newcastle United,0,1,1,1,1,-1,0
Newcastle United,0,1,1,1,1,-1,0
Newcastle United,1,0,1,1,1,1,1
Newcastle United,0,0,1,1,0,0,0.5
Newcastle United,2,0,1,1,2,2,1
Newcastle United,2,1,1,1,3,1,1
Newcastle United,3,1,1,1,4,2,1
Newcastle United,2,1,1,1,3,1,1
Newcastle United,2,0,1,1,2,2,1
Newcastle United,3,3,1,1,6,0,0.5
Oldham Athletic,0,1,1,1,1,-1,0
Oldham Athletic,1,1,1,1,2,0,0.5
Oldham Athletic,2,0,1,1,2,2,1
Oldham Athletic,3,1,1,1,4,2,1
Oldham Athletic,1,1,1,1,2,0,0.5
Oldham Athletic,3,2,1,1,5,1,1
Oldham Athletic,0,0,1,1,0,0,0.5
Oldham Athletic,2,0,1,1,2,2,1
Oldham Athletic,2,2,1,1,4,0,0.5
Oldham Athletic,1,3,1,1,4,-2,0
Oldham Athletic,2,2,1,1,4,0,0.5
Oldham Athletic,3,0,1,1,3,3,1
Oldham Athletic,3,0,1,1,3,3,1
Oldham Athletic,1,0,1,1,1,1,1
Oldham Athletic,1,2,1,1,3,-1,0
Oldham Athletic,2,0,1,1,2,2,1
Oldham Athletic,2,1,1,1,3,1,1
Oldham Athletic,3,0,1,1,3,3,1
Oldham Athletic,2,0,1,1,2,2,1
Preston North End,3,2,1,1,5,1,1
Preston North End,1,5,1,1,6,-4,0
Preston North End,1,1,1,1,2,0,0.5
Preston North End,2,1,1,1,3,1,1
Preston North End,2,1,1,1,3,1,1
Preston North End,3,3,1,1,6,0,0.5
Preston North End,2,0,1,1,2,2,1
Preston North End,1,0,1,1,1,1,1
Preston North End,0,1,1,1,1,-1,0
Preston North End,2,2,1,1,4,0,0.5
Preston North End,4,2,1,1,6,2,1
Preston North End,4,1,1,1,5,3,1
Preston North End,4,1,1,1,5,3,1
Preston North End,0,1,1,1,1,-1,0
Preston North End,2,4,1,1,6,-2,0
Preston North End,5,0,1,1,5,5,1
Preston North End,2,2,1,1,4,0,0.5
Preston North End,1,2,1,1,3,-1,0
Preston North End,0,2,1,1,2,-2,0
Sheffield United,3,0,1,1,3,3,1
Sheffield United,1,1,1,1,2,0,0.5
Sheffield United,2,0,1,1,2,2,1
Sheffield United,1,1,1,1,2,0,0.5
Sheffield United,5,0,1,1,5,5,1
Sheffield United,3,2,1,1,5,1,1
Sheffield United,2,2,1,1,4,0,0.5
Sheffield United,4,1,1,1,5,3,1
Sheffield United,0,1,1,1,1,-1,0
Sheffield United,1,3,1,1,4,-2,0
Sheffield United,2,0,1,1,2,2,1
Sheffield United,3,1,1,1,4,2,1
Sheffield United,2,0,1,1,2,2,1
Sheffield United,2,1,1,1,3,1,1
Sheffield United,2,0,1,1,2,2,1
Sheffield United,0,1,1,1,1,-1,0
Sheffield United,1,0,1,1,1,1,1
Sheffield United,1,4,1,1,5,-3,0
Sheffield United,1,1,1,1,2,0,0.5
Sheffield Wednesday,2,3,1,1,5,-1,0
Sheffield Wednesday,3,1,1,1,4,2,1
Sheffield Wednesday,1,1,1,1,2,0,0.5
Sheffield Wednesday,1,3,1,1,4,-2,0
Sheffield Wednesday,2,6,1,1,8,-4,0
Sheffield Wednesday,3,0,1,1,3,3,1
Sheffield Wednesday,1,3,1,1,4,-2,0
Sheffield Wednesday,2,2,1,1,4,0,0.5
Sheffield Wednesday,4,1,1,1,5,3,1
Sheffield Wednesday,2,2,1,1,4,0,0.5
Sheffield Wednesday,1,3,1,1,4,-2,0
Sheffield Wednesday,2,0,1,1,2,2,1
Sheffield Wednesday,0,0,1,1,0,0,0.5
Sheffield Wednesday,1,2,1,1,3,-1,0
Sheffield Wednesday,2,1,1,1,3,1,1
Sheffield Wednesday,2,1,1,1,3,1,1
Sheffield Wednesday,2,1,1,1,3,1,1
Sheffield Wednesday,2,0,1,1,2,2,1
Sheffield Wednesday,1,4,1,1,5,-3,0
Sunderland,2,0,1,1,2,2,1
Sunderland,2,1,1,1,3,1,1
Sunderland,3,2,1,1,5,1,1
Sunderland,0,1,1,1,1,-1,0
Sunderland,1,1,1,1,2,0,0.5
Sunderland,2,0,1,1,2,2,1
Sunderland,1,0,1,1,1,1,1
Sunderland,5,2,1,1,7,3,1
Sunderland,1,2,1,1,3,-1,0
Sunderland,0,0,1,1,0,0,0.5
Sunderland,2,0,1,1,2,2,1
Sunderland,4,2,1,1,6,2,1
Sunderland,1,2,1,1,3,-1,0
Sunderland,2,0,1,1,2,2,1
Sunderland,3,1,1,1,4,2,1
Sunderland,1,2,1,1,3,-1,0
Sunderland,0,1,1,1,1,-1,0
Sunderland,2,0,1,1,2,2,1
Sunderland,0,0,1,1,0,0,0.5
Tottenham Hotspur,0,2,1,1,2,-2,0
Tottenham Hotspur,3,3,1,1,6,0,0.5
Tottenham Hotspur,3,0,1,1,3,3,1
Tottenham Hotspur,0,0,1,1,0,0,0.5
Tottenham Hotspur,2,0,1,1,2,2,1
Tottenham Hotspur,1,2,1,1,3,-1,0
Tottenham Hotspur,1,1,1,1,2,0,0.5
Tottenham Hotspur,4,1,1,1,5,3,1
Tottenham Hotspur,0,0,1,1,0,0,0.5
Tottenham Hotspur,3,1,1,1,4,2,1
Tottenham Hotspur,2,1,1,1,3,1,1
Tottenham Hotspur,0,1,1,1,1,-1,0
Tottenham Hotspur,0,0,1,1,0,0,0.5
Tottenham Hotspur,3,1,1,1,4,2,1
Tottenham Hotspur,1,0,1,1,1,1,1
Tottenham Hotspur,2,1,1,1,3,1,1
Tottenham Hotspur,1,1,1,1,2,0,0.5
Tottenham Hotspur,1,4,1,1,5,-3,0
Tottenham Hotspur,3,0,1,1,3,3,1
West Bromwich Albion,1,0,1,1,1,1,1
West Bromwich Albion,2,0,1,1,2,2,1
West Bromwich Albion,1,1,1,1,2,0,0.5
West Bromwich Albion,2,1,1,1,3,1,1
West Bromwich Albion,4,1,1,1,5,3,1
West Bromwich Albion,3,1,1,1,4,2,1
West Bromwich Albion,2,1,1,1,3,1,1
West Bromwich Albion,1,1,1,1,2,0,0.5
West Bromwich Albion,0,1,1,1,1,-1,0
West Bromwich Albion,0,0,1,1,0,0,0.5
West Bromwich Albion,2,1,1,1,3,1,1
West Bromwich Albion,2,1,1,1,3,1,1
West Bromwich Albion,1,1,1,1,2,0,0.5
West Bromwich Albion,2,2,1,1,4,0,0.5
West Bromwich Albion,1,0,1,1,1,1,1
West Bromwich Albion,2,1,1,1,3,1,1
West Bromwich Albion,1,1,1,1,2,0,0.5
West Bromwich Albion,2,1,1,1,3,1,1
West Bromwich Albion,1,1,1,1,2,0,0.5
Arsenal,1,0,2,2,1,1,1
Arsenal,1,0,2,2,1,1,1
Arsenal,2,1,2,2,3,1,1
Arsenal,2,0,2,2,2,2,1
Arsenal,1,1,2,2,2,0,0.5
Arsenal,0,1,2,2,1,-1,0
Arsenal,2,0,2,2,2,2,1
Arsenal,2,0,2,2,2,2,1
Arsenal,2,0,2,2,2,2,1
Arsenal,0,1,2,2,1,-1,0
Arsenal,0,0,2,2,0,0,0.5
Arsenal,1,0,2,2,1,1,1
Arsenal,2,1,2,2,3,1,1
Arsenal,2,2,2,2,4,0,0.5
Arsenal,3,0,2,2,3,3,1
Arsenal,3,2,2,2,5,1,1
Arsenal,3,0,2,2,3,3,1
Arsenal,4,0,2,2,4,4,1
Arsenal,3,1,2,2,4,2,1
Barnsley,1,0,2,2,1,1,1
Barnsley,1,1,2,2,2,0,0.5
Barnsley,2,1,2,2,3,1,1
Barnsley,1,2,2,2,3,-1,0
Barnsley,3,0,2,2,3,3,1
Barnsley,2,0,2,2,2,2,1
Barnsley,1,0,2,2,1,1,1
Barnsley,2,0,2,2,2,2,1
Barnsley,3,1,2,2,4,2,1
Barnsley,2,1,2,2,3,1,1
Barnsley,0,2,2,2,2,-2,0
Barnsley,1,4,2,2,5,-3,0
Barnsley,3,0,2,2,3,3,1
Barnsley,2,1,2,2,3,1,1
Barnsley,1,0,2,2,1,1,1
Barnsley,5,0,2,2,5,5,1
Barnsley,0,1,2,2,1,-1,0
Barnsley,1,0,2,2,1,1,1
Barnsley,2,1,2,2,3,1,1
Birmingham City,2,0,2,2,2,2,1
Birmingham City,0,0,2,2,0,0,0.5
Birmingham City,0,0,2,2,0,0,0.5
Birmingham City,1,2,2,2,3,-1,0
Birmingham City,2,2,2,2,4,0,0.5
Birmingham City,1,0,2,2,1,1,1
Birmingham City,0,1,2,2,1,-1,0
Birmingham City,6,0,2,2,6,6,1
Birmingham City,1,2,2,2,3,-1,0
Birmingham City,1,4,2,2,5,-3,0
Birmingham City,1,1,2,2,2,0,0.5
Birmingham City,0,2,2,2,2,-2,0
Birmingham City,1,0,2,2,1,1,1
Birmingham City,2,0,2,2,2,2,1
Birmingham City,2,0,2,2,2,2,1
Birmingham City,2,0,2,2,2,2,1
Birmingham City,2,1,2,2,3,1,1
Birmingham City,3,2,2,2,5,1,1
Birmingham City,4,1,2,2,5,3,1
Blackpool,1,1,2,2,2,0,0.5
Blackpool,3,1,2,2,4,2,1
Blackpool,2,2,2,2,4,0,0.5
Blackpool,2,1,2,2,3,1,1
Blackpool,0,1,2,2,1,-1,0
Blackpool,0,1,2,2,1,-1,0
Blackpool,1,1,2,2,2,0,0.5
Blackpool,1,1,2,2,2,0,0.5
Blackpool,1,1,2,2,2,0,0.5
Blackpool,0,1,2,2,1,-1,0
Blackpool,2,2,2,2,4,0,0.5
Blackpool,2,2,2,2,4,0,0.5
Blackpool,1,0,2,2,1,1,1
Blackpool,0,0,2,2,0,0,0.5
Blackpool,2,1,2,2,3,1,1
Blackpool,2,1,2,2,3,1,1
Blackpool,0,0,2,2,0,0,0.5
Blackpool,2,2,2,2,4,0,0.5
Blackpool,2,0,2,2,2,2,1
Bradford Park Avenue,2,3,2,2,5,-1,0
Bradford Park Avenue,1,1,2,2,2,0,0.5
Bradford Park Avenue,5,1,2,2,6,4,1
Bradford Park Avenue,4,1,2,2,5,3,1
Bradford Park Avenue,4,3,2,2,7,1,1
Bradford Park Avenue,3,1,2,2,4,2,1
Bradford Park Avenue,1,0,2,2,1,1,1
Bradford Park Avenue,2,1,2,2,3,1,1
Bradford Park Avenue,3,0,2,2,3,3,1
Bradford Park Avenue,2,1,2,2,3,1,1
Bradford Park Avenue,2,0,2,2,2,2,1
Bradford Park Avenue,3,1,2,2,4,2,1
Bradford Park Avenue,3,2,2,2,5,1,1
Bradford Park Avenue,1,0,2,2,1,1,1
Bradford Park Avenue,3,0,2,2,3,3,1
Bradford Park Avenue,4,0,2,2,4,4,1
Bradford Park Avenue,0,3,2,2,3,-3,0
Bradford Park Avenue,0,2,2,2,2,-2,0
Bradford Park Avenue,1,0,2,2,1,1,1
Bristol City,1,1,2,2,2,0,0.5
Bristol City,1,1,2,2,2,0,0.5
Bristol City,1,2,2,2,3,-1,0
Bristol City,1,0,2,2,1,1,1
Bristol City,2,0,2,2,2,2,1
Bristol City,2,0,2,2,2,2,1
Bristol City,0,1,2,2,1,-1,0
Bristol City,4,1,2,2,5,3,1
Bristol City,1,0,2,2,1,1,1
Bristol City,1,0,2,2,1,1,1
Bristol City,2,1,2,2,3,1,1
Bristol City,1,1,2,2,2,0,0.5
Bristol City,1,0,2,2,1,1,1
Bristol City,3,0,2,2,3,3,1
Bristol City,4,1,2,2,5,3,1
Bristol City,1,0,2,2,1,1,1
Bristol City,1,1,2,2,2,0,0.5
Bristol City,5,0,2,2,5,5,1
Bristol City,0,0,2,2,0,0,0.5
Bury,1,1,2,2,2,0,0.5
Bury,4,0,2,2,4,4,1
Bury,3,1,2,2,4,2,1
Bury,1,0,2,2,1,1,1
Bury,0,0,2,2,0,0,0.5
Bury,3,1,2,2,4,2,1
Bury,1,0,2,2,1,1,1
Bury,1,0,2,2,1,1,1
Bury,3,1,2,2,4,2,1
Bury,2,1,2,2,3,1,1
Bury,2,0,2,2,2,2,1
Bury,1,1,2,2,2,0,0.5
Bury,1,1,2,2,2,0,0.5
Bury,0,0,2,2,0,0,0.5
Bury,1,0,2,2,1,1,1
Bury,1,0,2,2,1,1,1
Bury,3,3,2,2,6,0,0.5
Bury,1,0,2,2,1,1,1
Bury,1,4,2,2,5,-3,0
Fulham,6,1,2,2,7,5,1
Fulham,1,2,2,2,3,-1,0
Fulham,1,0,2,2,1,1,1
Fulham,0,0,2,2,0,0,0.5
Fulham,1,6,2,2,7,-5,0
Fulham,3,1,2,2,4,2,1
Fulham,1,1,2,2,2,0,0.5
Fulham,2,1,2,2,3,1,1
Fulham,2,2,2,2,4,0,0.5
Fulham,1,0,2,2,1,1,1
Fulham,0,1,2,2,1,-1,0
Fulham,0,1,2,2,1,-1,0
Fulham,1,2,2,2,3,-1,0
Fulham,2,0,2,2,2,2,1
Fulham,4,0,2,2,4,4,1
Fulham,2,0,2,2,2,2,1
Fulham,1,2,2,2,3,-1,0
Fulham,2,0,2,2,2,2,1
Fulham,1,0,2,2,1,1,1
Glossop North End,0,2,2,2,2,-2,0
Glossop North End,5,1,2,2,6,4,1
Glossop North End,4,1,2,2,5,3,1
Glossop North End,1,2,2,2,3,-1,0
Glossop North End,2,1,2,2,3,1,1
Glossop North End,1,1,2,2,2,0,0.5
Glossop North End,2,1,2,2,3,1,1
Glossop North End,0,1,2,2,1,-1,0
Glossop North End,3,0,2,2,3,3,1
Glossop North End,2,3,2,2,5,-1,0
Glossop North End,2,1,2,2,3,1,1
Glossop North End,1,1,2,2,2,0,0.5
Glossop North End,0,2,2,2,2,-2,0
Glossop North End,0,3,2,2,3,-3,0
Glossop North End,4,0,2,2,4,4,1
Glossop North End,3,0,2,2,3,3,1
Glossop North End,0,1,2,2,1,-1,0
Glossop North End,1,1,2,2,2,0,0.5
Glossop North End,1,2,2,2,3,-1,0
Grimsby Town,1,1,2,2,2,0,0.5
Grimsby Town,1,1,2,2,2,0,0.5
Grimsby Town,0,2,2,2,2,-2,0
Grimsby Town,2,0,2,2,2,2,1
Grimsby Town,0,0,2,2,0,0,0.5
Grimsby Town,1,0,2,2,1,1,1
Grimsby Town,1,0,2,2,1,1,1
Grimsby Town,0,3,2,2,3,-3,0
Grimsby Town,3,0,2,2,3,3,1
Grimsby Town,2,1,2,2,3,1,1
Grimsby Town,1,3,2,2,4,-2,0
Grimsby Town,0,1,2,2,1,-1,0
Grimsby Town,3,0,2,2,3,3,1
Grimsby Town,2,0,2,2,2,2,1
Grimsby Town,1,3,2,2,4,-2,0
Grimsby Town,3,0,2,2,3,3,1
Grimsby Town,0,0,2,2,0,0,0.5
Grimsby Town,2,0,2,2,2,2,1
Grimsby Town,1,0,2,2,1,1,1
Huddersfield Town,1,2,2,2,3,-1,0
Huddersfield Town,3,1,2,2,4,2,1
Huddersfield Town,7,0,2,2,7,7,1
Huddersfield Town,1,0,2,2,1,1,1
Huddersfield Town,0,1,2,2,1,-1,0
Huddersfield Town,1,2,2,2,3,-1,0
Huddersfield Town,1,1,2,2,2,0,0.5
Huddersfield Town,3,1,2,2,4,2,1
Huddersfield Town,2,1,2,2,3,1,1
Huddersfield Town,1,2,2,2,3,-1,0
Huddersfield Town,0,3,2,2,3,-3,0
Huddersfield Town,1,1,2,2,2,0,0.5
Huddersfield Town,1,2,2,2,3,-1,0
Huddersfield Town,1,0,2,2,1,1,1
Huddersfield Town,2,1,2,2,3,1,1
Huddersfield Town,1,1,2,2,2,0,0.5
Huddersfield Town,2,1,2,2,3,1,1
Huddersfield Town,0,2,2,2,2,-2,0
Huddersfield Town,0,0,2,2,0,0,0.5
Hull City,1,2,2,2,3,-1,0
Hull City,0,1,2,2,1,-1,0
Hull City,0,0,2,2,0,0,0.5
Hull City,0,0,2,2,0,0,0.5
Hull City,1,3,2,2,4,-2,0
Hull City,0,1,2,2,1,-1,0
Hull City,0,1,2,2,1,-1,0
Hull City,1,1,2,2,2,0,0.5
Hull City,3,0,2,2,3,3,1
Hull City,2,1,2,2,3,1,1
Hull City,4,1,2,2,5,3,1
Hull City,1,0,2,2,1,1,1
Hull City,0,0,2,2,0,0,0.5
Hull City,2,0,2,2,2,2,1
Hull City,1,1,2,2,2,0,0.5
Hull City,1,0,2,2,1,1,1
Hull City,2,0,2,2,2,2,1
Hull City,3,0,2,2,3,3,1
Hull City,7,1,2,2,8,6,1
Leeds City,0,0,2,2,0,0,0.5
Leeds City,3,0,2,2,3,3,1
Leeds City,3,2,2,2,5,1,1
Leeds City,2,1,2,2,3,1,1
Leeds City,5,1,2,2,6,4,1
Leeds City,1,0,2,2,1,1,1
Leeds City,2,1,2,2,3,1,1
Leeds City,2,1,2,2,3,1,1
Leeds City,3,0,2,2,3,3,1
Leeds City,4,1,2,2,5,3,1
Leeds City,5,1,2,2,6,4,1
Leeds City,1,2,2,2,3,-1,0
Leeds City,2,1,2,2,3,1,1
Leeds City,0,0,2,2,0,0,0.5
Leeds City,1,0,2,2,1,1,1
Leeds City,8,0,2,2,8,8,1
Leeds City,2,4,2,2,6,-2,0
Leeds City,5,1,2,2,6,4,1
Leeds City,5,0,2,2,5,5,1
Leicester City,1,2,2,2,3,-1,0
Leicester City,0,2,2,2,2,-2,0
Leicester City,0,0,2,2,0,0,0.5
Leicester City,0,1,2,2,1,-1,0
Leicester City,2,3,2,2,5,-1,0
Leicester City,3,0,2,2,3,3,1
Leicester City,0,0,2,2,0,0,0.5
Leicester City,3,0,2,2,3,3,1
Leicester City,1,3,2,2,4,-2,0
Leicester City,2,0,2,2,2,2,1
Leicester City,0,1,2,2,1,-1,0
Leicester City,0,4,2,2,4,-4,0
Leicester City,5,1,2,2,6,4,1
Leicester City,1,0,2,2,1,1,1
Leicester City,2,0,2,2,2,2,1
Leicester City,5,1,2,2,6,4,1
Leicester City,0,2,2,2,2,-2,0
Leicester City,2,5,2,2,7,-3,0
Leicester City,2,3,2,2,5,-1,0
Leyton Orient,1,0,2,2,1,1,1
Leyton Orient,1,0,2,2,1,1,1
Leyton Orient,2,2,2,2,4,0,0.5
Leyton Orient,2,0,2,2,2,2,1
Leyton Orient,1,0,2,2,1,1,1
Leyton Orient,5,2,2,2,7,3,1
Leyton Orient,1,0,2,2,1,1,1
Leyton Orient,1,0,2,2,1,1,1
Leyton Orient,5,1,2,2,6,4,1
Leyton Orient,0,0,2,2,0,0,0.5
Leyton Orient,0,0,2,2,0,0,0.5
Leyton Orient,3,0,2,2,3,3,1
Leyton Orient,3,1,2,2,4,2,1
Leyton Orient,1,0,2,2,1,1,1
Leyton Orient,5,1,2,2,6,4,1
Leyton Orient,3,1,2,2,4,2,1
Leyton Orient,1,0,2,2,1,1,1
Leyton Orient,1,1,2,2,2,0,0.5
Leyton Orient,2,2,2,2,4,0,0.5
Lincoln City,5,2,2,2,7,3,1
Lincoln City,2,2,2,2,4,0,0.5
Lincoln City,1,1,2,2,2,0,0.5
Lincoln City,1,2,2,2,3,-1,0
Lincoln City,0,3,2,2,3,-3,0
Lincoln City,2,1,2,2,3,1,1
Lincoln City,1,0,2,2,1,1,1
Lincoln City,0,1,2,2,1,-1,0
Lincoln City,1,5,2,2,6,-4,0
Lincoln City,1,3,2,2,4,-2,0
Lincoln City,3,0,2,2,3,3,1
Lincoln City,0,0,2,2,0,0,0.5
Lincoln City,1,0,2,2,1,1,1
Lincoln City,3,0,2,2,3,3,1
Lincoln City,0,0,2,2,0,0,0.5
Lincoln City,1,0,2,2,1,1,1
Lincoln City,0,0,2,2,0,0,0.5
Lincoln City,0,3,2,2,3,-3,0
Lincoln City,1,0,2,2,1,1,1
Nottingham Forest,0,0,2,2,0,0,0.5
Nottingham Forest,0,2,2,2,2,-2,0
Nottingham Forest,3,1,2,2,4,2,1
Nottingham Forest,3,0,2,2,3,3,1
Nottingham Forest,1,0,2,2,1,1,1
Nottingham Forest,1,1,2,2,2,0,0.5
Nottingham Forest,1,1,2,2,2,0,0.5
Nottingham Forest,1,1,2,2,2,0,0.5
Nottingham Forest,1,2,2,2,3,-1,0
Nottingham Forest,4,1,2,2,5,3,1
Nottingham Forest,1,1,2,2,2,0,0.5
Nottingham Forest,1,2,2,2,3,-1,0
Nottingham Forest,2,1,2,2,3,1,1
Nottingham Forest,1,3,2,2,4,-2,0
Nottingham Forest,1,1,2,2,2,0,0.5
Nottingham Forest,2,1,2,2,3,1,1
Nottingham Forest,1,0,2,2,1,1,1
Nottingham Forest,2,2,2,2,4,0,0.5
Nottingham Forest,1,3,2,2,4,-2,0
Notts County,1,0,2,2,1,1,1
Notts County,3,1,2,2,4,2,1
Notts County,5,1,2,2,6,4,1
Notts County,2,0,2,2,2,2,1
Notts County,2,3,2,2,5,-1,0
Notts County,4,0,2,2,4,4,1
Notts County,2,0,2,2,2,2,1
Notts County,4,0,2,2,4,4,1
Notts County,2,2,2,2,4,0,0.5
Notts County,4,0,2,2,4,4,1
Notts County,3,0,2,2,3,3,1
Notts County,4,1,2,2,5,3,1
Notts County,4,0,2,2,4,4,1
Notts County,4,1,2,2,5,3,1
Notts County,3,0,2,2,3,3,1
Notts County,2,1,2,2,3,1,1
Notts County,2,2,2,2,4,0,0.5
Notts County,2,1,2,2,3,1,1
Notts County,2,0,2,2,2,2,1
Stockport County,2,0,2,2,2,2,1
Stockport County,1,1,2,2,2,0,0.5
Stockport County,2,0,2,2,2,2,1
Stockport County,0,0,2,2,0,0,0.5
Stockport County,3,1,2,2,4,2,1
Stockport County,5,1,2,2,6,4,1
Stockport County,3,0,2,2,3,3,1
Stockport County,1,3,2,2,4,-2,0
Stockport County,1,1,2,2,2,0,0.5
Stockport County,2,2,2,2,4,0,0.5
Stockport County,0,0,2,2,0,0,0.5
Stockport County,2,1,2,2,3,1,1
Stockport County,2,1,2,2,3,1,1
Stockport County,3,0,2,2,3,3,1
Stockport County,0,1,2,2,1,-1,0
Stockport County,2,3,2,2,5,-1,0
Stockport County,2,1,2,2,3,1,1
Stockport County,1,2,2,2,3,-1,0
Stockport County,0,0,2,2,0,0,0.5
Wolverhampton Wanderers,1,2,2,2,3,-1,0
Wolverhampton Wanderers,0,1,2,2,1,-1,0
Wolverhampton Wanderers,1,0,2,2,1,1,1
Wolverhampton Wanderers,1,0,2,2,1,1,1
Wolverhampton Wanderers,1,0,2,2,1,1,1
Wolverhampton Wanderers,0,2,2,2,2,-2,0
Wolverhampton Wanderers,3,0,2,2,3,3,1
Wolverhampton Wanderers,1,0,2,2,1,1,1
Wolverhampton Wanderers,1,0,2,2,1,1,1
Wolverhampton Wanderers,4,1,2,2,5,3,1
Wolverhampton Wanderers,2,2,2,2,4,0,0.5
Wolverhampton Wanderers,1,0,2,2,1,1,1
Wolverhampton Wanderers,1,3,2,2,4,-2,0
Wolverhampton Wanderers,2,1,2,2,3,1,1
Wolverhampton Wanderers,2,1,2,2,3,1,1
Wolverhampton Wanderers,1,0,2,2,1,1,1
Wolverhampton Wanderers,4,1,2,2,5,3,1
Wolverhampton Wanderers,4,1,2,2,5,3,1
Wolverhampton Wanderers,3,1,2,2,4,2,1
Aston Villa,2,1,1,1,3,1,1
Aston Villa,1,7,1,1,8,-6,0
Aston Villa,0,0,1,1,0,0,0.5
Aston Villa,1,2,1,1,3,-1,0
Aston Villa,3,3,1,1,6,0,0.5
Aston Villa,2,1,1,1,3,1,1
Aston Villa,1,5,1,1,6,-4,0
Aston Villa,6,2,1,1,8,4,1
Aston Villa,4,1,1,1,5,3,1
Aston Villa,3,3,1,1,6,0,0.5
Aston Villa,5,0,1,1,5,5,1
Aston Villa,2,1,1,1,3,1,1
Aston Villa,2,1,1,1,3,1,1
Aston Villa,0,0,1,1,0,0,0.5
Aston Villa,1,0,1,1,1,1,1
Aston Villa,0,0,1,1,0,0,0.5
Aston Villa,1,3,1,1,4,-2,0
Aston Villa,3,1,1,1,4,2,1
Aston Villa,2,1,1,1,3,1,1
Blackburn Rovers,1,2,1,1,3,-1,0
Blackburn Rovers,2,2,1,1,4,0,0.5
Blackburn Rovers,2,1,1,1,3,1,1
Blackburn Rovers,2,2,1,1,4,0,0.5
Blackburn Rovers,6,0,1,1,6,6,1
Blackburn Rovers,3,2,1,1,5,1,1
Blackburn Rovers,2,1,1,1,3,1,1
Blackburn Rovers,4,2,1,1,6,2,1
Blackburn Rovers,0,1,1,1,1,-1,0
Blackburn Rovers,3,3,1,1,6,0,0.5
Blackburn Rovers,4,0,1,1,4,4,1
Blackburn Rovers,2,3,1,1,5,-1,0
Blackburn Rovers,5,1,1,1,6,4,1
Blackburn Rovers,4,1,1,1,5,3,1
Blackburn Rovers,1,2,1,1,3,-1,0
Blackburn Rovers,1,1,1,1,2,0,0.5
Blackburn Rovers,3,1,1,1,4,2,1
Blackburn Rovers,4,1,1,1,5,3,1
Blackburn Rovers,2,1,1,1,3,1,1
Bolton Wanderers,2,2,1,1,4,0,0.5
Bolton Wanderers,3,2,1,1,5,1,1
Bolton Wanderers,3,5,1,1,8,-2,0
Bolton Wanderers,3,2,1,1,5,1,1
Bolton Wanderers,3,1,1,1,4,2,1
Bolton Wanderers,3,1,1,1,4,2,1
Bolton Wanderers,0,0,1,1,0,0,0.5
Bolton Wanderers,0,1,1,1,1,-1,0
Bolton Wanderers,2,3,1,1,5,-1,0
Bolton Wanderers,3,0,1,1,3,3,1
Bolton Wanderers,4,0,1,1,4,4,1
Bolton Wanderers,0,0,1,1,0,0,0.5
Bolton Wanderers,1,2,1,1,3,-1,0
Bolton Wanderers,2,0,1,1,2,2,1
Bolton Wanderers,0,1,1,1,1,-1,0
Bolton Wanderers,0,3,1,1,3,-3,0
Bolton Wanderers,1,1,1,1,2,0,0.5
Bolton Wanderers,4,2,1,1,6,2,1
Bolton Wanderers,1,1,1,1,2,0,0.5
Bradford City,3,0,1,1,3,3,1
Bradford City,3,0,1,1,3,3,1
Bradford City,4,2,1,1,6,2,1
Bradford City,3,2,1,1,5,1,1
Bradford City,0,0,1,1,0,0,0.5
Bradford City,2,2,1,1,4,0,0.5
Bradford City,0,1,1,1,1,-1,0
Bradford City,3,2,1,1,5,1,1
Bradford City,0,0,1,1,0,0,0.5
Bradford City,4,2,1,1,6,2,1
Bradford City,1,1,1,1,2,0,0.5
Bradford City,1,1,1,1,2,0,0.5
Bradford City,3,1,1,1,4,2,1
Bradford City,1,0,1,1,1,1,1
Bradford City,1,1,1,1,2,0,0.5
Bradford City,1,0,1,1,1,1,1
Bradford City,3,1,1,1,4,2,1
Bradford City,2,2,1,1,4,0,0.5
Bradford City,5,0,1,1,5,5,1
Bradford Park Avenue,2,2,1,1,4,0,0.5
Bradford Park Avenue,1,2,1,1,3,-1,0
Bradford Park Avenue,1,2,1,1,3,-1,0
Bradford Park Avenue,3,0,1,1,3,3,1
Bradford Park Avenue,2,2,1,1,4,0,0.5
Bradford Park Avenue,3,0,1,1,3,3,1
Bradford Park Avenue,1,2,1,1,3,-1,0
Bradford Park Avenue,1,0,1,1,1,1,1
Bradford Park Avenue,3,1,1,1,4,2,1
Bradford Park Avenue,5,0,1,1,5,5,1
Bradford Park Avenue,2,0,1,1,2,2,1
Bradford Park Avenue,1,0,1,1,1,1,1
Bradford Park Avenue,3,1,1,1,4,2,1
Bradford Park Avenue,1,1,1,1,2,0,0.5
Bradford Park Avenue,2,0,1,1,2,2,1
Bradford Park Avenue,1,1,1,1,2,0,0.5
Bradford Park Avenue,2,1,1,1,3,1,1
Bradford Park Avenue,5,1,1,1,6,4,1
Bradford Park Avenue,1,4,1,1,5,-3,0
Burnley,2,1,1,1,3,1,1
Burnley,3,2,1,1,5,1,1
Burnley,5,0,1,1,5,5,1
Burnley,0,1,1,1,1,-1,0
Burnley,2,0,1,1,2,2,1
Burnley,2,0,1,1,2,2,1
Burnley,1,0,1,1,1,1,1
Burnley,3,0,1,1,3,3,1
Burnley,1,2,1,1,3,-1,0
Burnley,3,0,1,1,3,3,1
Burnley,4,0,1,1,4,4,1
Burnley,2,0,1,1,2,2,1
Burnley,0,0,1,1,0,0,0.5
Burnley,2,3,1,1,5,-1,0
Burnley,1,2,1,1,3,-1,0
Burnley,2,3,1,1,5,-1,0
Burnley,2,1,1,1,3,1,1
Burnley,3,1,1,1,4,2,1
Burnley,0,2,1,1,2,-2,0
Chelsea,3,1,1,1,4,2,1
Chelsea,1,3,1,1,4,-2,0
Chelsea,2,1,1,1,3,1,1
Chelsea,2,0,1,1,2,2,1
Chelsea,0,1,1,1,1,-1,0
Chelsea,1,4,1,1,5,-3,0
Chelsea,2,0,1,1,2,2,1
Chelsea,3,1,1,1,4,2,1
Chelsea,0,0,1,1,0,0,0.5
Chelsea,1,3,1,1,4,-2,0
Chelsea,2,2,1,1,4,0,0.5
Chelsea,0,3,1,1,3,-3,0
Chelsea,4,1,1,1,5,3,1
Chelsea,2,2,1,1,4,0,0.5
Chelsea,1,1,1,1,2,0,0.5
Chelsea,0,0,1,1,0,0,0.5
Chelsea,3,0,1,1,3,3,1
Chelsea,1,1,1,1,2,0,0.5
Chelsea,4,1,1,1,5,3,1
Everton,0,0,1,1,0,0,0.5
Everton,1,3,1,1,4,-2,0
Everton,5,3,1,1,8,2,1
Everton,1,1,1,1,2,0,0.5
Everton,4,1,1,1,5,3,1
Everton,0,2,1,1,2,-2,0
Everton,2,2,1,1,4,0,0.5
Everton,1,3,1,1,4,-2,0
Everton,4,1,1,1,5,3,1
Everton,4,2,1,1,6,2,1
Everton,2,3,1,1,5,-1,0
Everton,3,0,1,1,3,3,1
Everton,4,0,1,1,4,4,1
Everton,3,4,1,1,7,-1,0
Everton,0,0,1,1,0,0,0.5
Everton,0,1,1,1,1,-1,0
Everton,7,1,1,1,8,6,1
Everton,1,1,1,1,2,0,0.5
Everton,2,1,1,1,3,1,1
Liverpool,3,6,1,1,9,-3,0
Liverpool,3,0,1,1,3,3,1
Liverpool,4,3,1,1,7,1,1
Liverpool,2,1,1,1,3,1,1
Liverpool,2,1,1,1,3,1,1
Liverpool,3,0,1,1,3,3,1
Liverpool,3,3,1,1,6,0,0.5
Liverpool,0,5,1,1,5,-5,0
Liverpool,3,2,1,1,5,1,1
Liverpool,1,1,1,1,2,0,0.5
Liverpool,1,1,1,1,2,0,0.5
Liverpool,2,2,1,1,4,0,0.5
Liverpool,1,1,1,1,2,0,0.5
Liverpool,1,2,1,1,3,-1,0
Liverpool,2,1,1,1,3,1,1
Liverpool,2,1,1,1,3,1,1
Liverpool,2,1,1,1,3,1,1
Liverpool,7,2,1,1,9,5,1
Liverpool,3,1,1,1,4,2,1
Manchester City,1,0,1,1,1,1,1
Manchester City,1,3,1,1,4,-2,0
Manchester City,2,1,1,1,3,1,1
Manchester City,4,1,1,1,5,3,1
Manchester City,2,3,1,1,5,-1,0
Manchester City,1,0,1,1,1,1,1
Manchester City,2,1,1,1,3,1,1
Manchester City,0,1,1,1,1,-1,0
Manchester City,1,1,1,1,2,0,0.5
Manchester City,1,1,1,1,2,0,0.5
Manchester City,1,1,1,1,2,0,0.5
Manchester City,1,1,1,1,2,0,0.5
Manchester City,0,0,1,1,0,0,0.5
Manchester City,0,0,1,1,0,0,0.5
Manchester City,0,0,1,1,0,0,0.5
Manchester City,4,0,1,1,4,4,1
Manchester City,2,0,1,1,2,2,1
Manchester City,2,1,1,1,3,1,1
Manchester City,4,0,1,1,4,4,1
Manchester United,1,0,1,1,1,1,1
Manchester United,2,0,1,1,2,2,1
Manchester United,4,1,1,1,5,3,1
Manchester United,1,0,1,1,1,1,1
Manchester United,1,2,1,1,3,-1,0
Manchester United,0,2,1,1,2,-2,0
Manchester United,2,2,1,1,4,0,0.5
Manchester United,1,2,1,1,3,-1,0
Manchester United,2,0,1,1,2,2,1
Manchester United,0,0,1,1,0,0,0.5
Manchester United,2,2,1,1,4,0,0.5
Manchester United,1,0,1,1,1,1,1
Manchester United,2,2,1,1,4,0,0.5
Manchester United,1,3,1,1,4,-2,0
Manchester United,1,2,1,1,3,-1,0
Manchester United,2,0,1,1,2,2,1
Manchester United,3,0,1,1,3,3,1
Manchester United,1,1,1,1,2,0,0.5
Manchester United,0,0,1,1,0,0,0.5
Middlesbrough,1,1,1,1,2,0,0.5
Middlesbrough,1,4,1,1,5,-3,0
Middlesbrough,0,0,1,1,0,0,0.5
Middlesbrough,3,0,1,1,3,3,1
Middlesbrough,1,3,1,1,4,-2,0
Middlesbrough,1,1,1,1,2,0,0.5
Middlesbrough,3,0,1,1,3,3,1
Middlesbrough,5,1,1,1,6,4,1
Middlesbrough,3,0,1,1,3,3,1
Middlesbrough,1,0,1,1,1,1,1
Middlesbrough,1,1,1,1,2,0,0.5
Middlesbrough,1,1,1,1,2,0,0.5
Middlesbrough,1,0,1,1,1,1,1
Middlesbrough,4,1,1,1,5,3,1
Middlesbrough,2,2,1,1,4,0,0.5
Middlesbrough,3,1,1,1,4,2,1
Middlesbrough,2,3,1,1,5,-1,0
Middlesbrough,7,5,1,1,12,2,1
Middlesbrough,2,0,1,1,2,2,1
Newcastle United,3,0,1,1,3,3,1
Newcastle United,2,1,1,1,3,1,1
Newcastle United,1,2,1,1,3,-1,0
Newcastle United,1,0,1,1,1,1,1
Newcastle United,1,1,1,1,2,0,0.5
Newcastle United,1,2,1,1,3,-1,0
Newcastle United,2,0,1,1,2,2,1
Newcastle United,0,1,1,1,1,-1,0
Newcastle United,0,0,1,1,0,0,0.5
Newcastle United,2,1,1,1,3,1,1
Newcastle United,2,0,1,1,2,2,1
Newcastle United,1,2,1,1,3,-1,0
Newcastle United,1,1,1,1,2,0,0.5
Newcastle United,1,2,1,1,3,-1,0
Newcastle United,4,3,1,1,7,1,1
Newcastle United,0,0,1,1,0,0,0.5
Newcastle United,2,5,1,1,7,-3,0
Newcastle United,4,0,1,1,4,4,1
Newcastle United,1,2,1,1,3,-1,0
Notts County,1,1,1,1,2,0,0.5
Notts County,1,1,1,1,2,0,0.5
Notts County,0,0,1,1,0,0,0.5
Notts County,0,0,1,1,0,0,0.5
Notts County,1,2,1,1,3,-1,0
Notts County,0,0,1,1,0,0,0.5
Notts County,2,0,1,1,2,2,1
Notts County,0,0,1,1,0,0,0.5
Notts County,3,1,1,1,4,2,1
Notts County,0,2,1,1,2,-2,0
Notts County,4,2,1,1,6,2,1
Notts County,5,1,1,1,6,4,1
Notts County,1,0,1,1,1,1,1
Notts County,2,1,1,1,3,1,1
Notts County,3,1,1,1,4,2,1
Notts County,1,2,1,1,3,-1,0
Notts County,2,1,1,1,3,1,1
Notts County,1,2,1,1,3,-1,0
Notts County,1,1,1,1,2,0,0.5
Oldham Athletic,3,3,1,1,6,0,0.5
Oldham Athletic,3,2,1,1,5,1,1
Oldham Athletic,5,3,1,1,8,2,1
Oldham Athletic,1,0,1,1,1,1,1
Oldham Athletic,6,2,1,1,8,4,1
Oldham Athletic,1,2,1,1,3,-1,0
Oldham Athletic,0,0,1,1,0,0,0.5
Oldham Athletic,1,1,1,1,2,0,0.5
Oldham Athletic,0,2,1,1,2,-2,0
Oldham Athletic,0,0,1,1,0,0,0.5
Oldham Athletic,1,0,1,1,1,1,1
Oldham Athletic,5,1,1,1,6,4,1
Oldham Athletic,1,0,1,1,1,1,1
Oldham Athletic,2,0,1,1,2,2,1
Oldham Athletic,3,0,1,1,3,3,1
Oldham Athletic,5,2,1,1,7,3,1
Oldham Athletic,4,5,1,1,9,-1,0
Oldham Athletic,4,1,1,1,5,3,1
Oldham Athletic,1,1,1,1,2,0,0.5
Sheffield United,3,0,1,1,3,3,1
Sheffield United,1,2,1,1,3,-1,0
Sheffield United,3,1,1,1,4,2,1
Sheffield United,1,1,1,1,2,0,0.5
Sheffield United,3,2,1,1,5,1,1
Sheffield United,1,0,1,1,1,1,1
Sheffield United,1,1,1,1,2,0,0.5
Sheffield United,1,0,1,1,1,1,1
Sheffield United,2,1,1,1,3,1,1
Sheffield United,0,0,1,1,0,0,0.5
Sheffield United,3,1,1,1,4,2,1
Sheffield United,0,1,1,1,1,-1,0
Sheffield United,1,0,1,1,1,1,1
Sheffield United,1,0,1,1,1,1,1
Sheffield United,3,0,1,1,3,3,1
Sheffield United,0,1,1,1,1,-1,0
Sheffield United,1,1,1,1,2,0,0.5
Sheffield United,1,1,1,1,2,0,0.5
Sheffield United,2,0,1,1,2,2,1
Sheffield Wednesday,5,2,1,1,7,3,1
Sheffield Wednesday,1,1,1,1,2,0,0.5
Sheffield Wednesday,7,0,1,1,7,7,1
Sheffield Wednesday,3,3,1,1,6,0,0.5
Sheffield Wednesday,6,0,1,1,6,6,1
Sheffield Wednesday,0,0,1,1,0,0,0.5
Sheffield Wednesday,3,2,1,1,5,1,1
Sheffield Wednesday,1,4,1,1,5,-3,0
Sheffield Wednesday,2,1,1,1,3,1,1
Sheffield Wednesday,2,1,1,1,3,1,1
Sheffield Wednesday,1,0,1,1,1,1,1
Sheffield Wednesday,3,1,1,1,4,2,1
Sheffield Wednesday,2,1,1,1,3,1,1
Sheffield Wednesday,0,0,1,1,0,0,0.5
Sheffield Wednesday,2,2,1,1,4,0,0.5
Sheffield Wednesday,1,1,1,1,2,0,0.5
Sheffield Wednesday,1,2,1,1,3,-1,0
Sheffield Wednesday,3,2,1,1,5,1,1
Sheffield Wednesday,0,0,1,1,0,0,0.5
Sunderland,4,0,1,1,4,4,1
Sunderland,5,1,1,1,6,4,1
Sunderland,4,3,1,1,7,1,1
Sunderland,1,1,1,1,2,0,0.5
Sunderland,3,3,1,1,6,0,0.5
Sunderland,2,1,1,1,3,1,1
Sunderland,2,1,1,1,3,1,1
Sunderland,0,3,1,1,3,-3,0
Sunderland,2,2,1,1,4,0,0.5
Sunderland,0,2,1,1,2,-2,0
Sunderland,1,0,1,1,1,1,1
Sunderland,4,1,1,1,5,3,1
Sunderland,2,4,1,1,6,-2,0
Sunderland,3,1,1,1,4,2,1
Sunderland,1,2,1,1,3,-1,0
Sunderland,3,2,1,1,5,1,1
Sunderland,3,1,1,1,4,2,1
Sunderland,5,0,1,1,5,5,1
Sunderland,1,2,1,1,3,-1,0
Tottenham Hotspur,0,2,1,1,2,-2,0
Tottenham Hotspur,0,4,1,1,4,-4,0
Tottenham Hotspur,4,2,1,1,6,2,1
Tottenham Hotspur,0,0,1,1,0,0,0.5
Tottenham Hotspur,3,0,1,1,3,3,1
Tottenham Hotspur,1,3,1,1,4,-2,0
Tottenham Hotspur,1,1,1,1,2,0,0.5
Tottenham Hotspur,1,3,1,1,4,-2,0
Tottenham Hotspur,1,1,1,1,2,0,0.5
Tottenham Hotspur,2,2,1,1,4,0,0.5
Tottenham Hotspur,2,0,1,1,2,2,1
Tottenham Hotspur,3,3,1,1,6,0,0.5
Tottenham Hotspur,0,0,1,1,0,0,0.5
Tottenham Hotspur,2,0,1,1,2,2,1
Tottenham Hotspur,1,0,1,1,1,1,1
Tottenham Hotspur,1,1,1,1,2,0,0.5
Tottenham Hotspur,6,1,1,1,7,5,1
Tottenham Hotspur,0,6,1,1,6,-6,0
Tottenham Hotspur,2,0,1,1,2,2,1
West Bromwich Albion,2,0,1,1,2,2,1
West Bromwich Albion,0,0,1,1,0,0,0.5
West Bromwich Albion,3,0,1,1,3,3,1
West Bromwich Albion,3,0,1,1,3,3,1
West Bromwich Albion,1,0,1,1,1,1,1
West Bromwich Albion,3,0,1,1,3,3,1
West Bromwich Albion,2,0,1,1,2,2,1
West Bromwich Albion,1,2,1,1,3,-1,0
West Bromwich Albion,4,0,1,1,4,4,1
West Bromwich Albion,0,1,1,1,1,-1,0
West Bromwich Albion,0,0,1,1,0,0,0.5
West Bromwich Albion,1,0,1,1,1,1,1
West Bromwich Albion,2,0,1,1,2,2,1
West Bromwich Albion,4,1,1,1,5,3,1
West Bromwich Albion,0,0,1,1,0,0,0.5
West Bromwich Albion,1,1,1,1,2,0,0.5
West Bromwich Albion,0,0,1,1,0,0,0.5
West Bromwich Albion,1,2,1,1,3,-1,0
West Bromwich Albion,3,2,1,1,5,1,1
Arsenal,1,0,2,2,1,1,1
Arsenal,1,0,2,2,1,1,1
Arsenal,2,0,2,2,2,2,1
Arsenal,3,0,2,2,3,3,1
Arsenal,3,1,2,2,4,2,1
Arsenal,1,2,2,2,3,-1,0
Arsenal,3,0,2,2,3,3,1
Arsenal,3,0,2,2,3,3,1
Arsenal,6,0,2,2,6,6,1
Arsenal,0,3,2,2,3,-3,0
Arsenal,2,1,2,2,3,1,1
Arsenal,2,0,2,2,2,2,1
Arsenal,6,0,2,2,6,6,1
Arsenal,2,1,2,2,3,1,1
Arsenal,1,1,2,2,2,0,0.5
Arsenal,7,0,2,2,7,7,1
Arsenal,1,2,2,2,3,-1,0
Arsenal,3,1,2,2,4,2,1
Arsenal,5,1,2,2,6,4,1
Barnsley,1,0,2,2,1,1,1
Barnsley,2,1,2,2,3,1,1
Barnsley,1,2,2,2,3,-1,0
Barnsley,2,1,2,2,3,1,1
Barnsley,2,0,2,2,2,2,1
Barnsley,1,0,2,2,1,1,1
Barnsley,2,2,2,2,4,0,0.5
Barnsley,2,0,2,2,2,2,1
Barnsley,0,0,2,2,0,0,0.5
Barnsley,1,0,2,2,1,1,1
Barnsley,1,0,2,2,1,1,1
Barnsley,2,1,2,2,3,1,1
Barnsley,1,0,2,2,1,1,1
Barnsley,1,0,2,2,1,1,1
Barnsley,3,1,2,2,4,2,1
Barnsley,3,0,2,2,3,3,1
Barnsley,2,1,2,2,3,1,1
Barnsley,2,0,2,2,2,2,1
Barnsley,2,1,2,2,3,1,1
Birmingham City,3,0,2,2,3,3,1
Birmingham City,2,0,2,2,2,2,1
Birmingham City,3,0,2,2,3,3,1
Birmingham City,1,1,2,2,2,0,0.5
Birmingham City,1,0,2,2,1,1,1
Birmingham City,0,2,2,2,2,-2,0
Birmingham City,1,0,2,2,1,1,1
Birmingham City,11,1,2,2,12,10,1
Birmingham City,3,0,2,2,3,3,1
Birmingham City,1,0,2,2,1,1,1
Birmingham City,2,2,2,2,4,0,0.5
Birmingham City,6,3,2,2,9,3,1
Birmingham City,2,0,2,2,2,2,1
Birmingham City,1,0,2,2,1,1,1
Birmingham City,2,0,2,2,2,2,1
Birmingham City,3,0,2,2,3,3,1
Birmingham City,1,1,2,2,2,0,0.5
Birmingham City,0,1,2,2,1,-1,0
Birmingham City,1,2,2,2,3,-1,0
Blackpool,0,2,2,2,2,-2,0
Blackpool,1,1,2,2,2,0,0.5
Blackpool,3,1,2,2,4,2,1
Blackpool,2,0,2,2,2,2,1
Blackpool,3,4,2,2,7,-1,0
Blackpool,2,1,2,2,3,1,1
Blackpool,2,2,2,2,4,0,0.5
Blackpool,3,0,2,2,3,3,1
Blackpool,5,0,2,2,5,5,1
Blackpool,3,2,2,2,5,1,1
Blackpool,1,2,2,2,3,-1,0
Blackpool,1,0,2,2,1,1,1
Blackpool,1,2,2,2,3,-1,0
Blackpool,5,1,2,2,6,4,1
Blackpool,0,0,2,2,0,0,0.5
Blackpool,3,0,2,2,3,3,1
Blackpool,0,2,2,2,2,-2,0
Blackpool,4,2,2,2,6,2,1
Blackpool,1,0,2,2,1,1,1
Bristol City,1,1,2,2,2,0,0.5
Bristol City,3,1,2,2,4,2,1
Bristol City,2,3,2,2,5,-1,0
Bristol City,2,1,2,2,3,1,1
Bristol City,1,0,2,2,1,1,1
Bristol City,2,3,2,2,5,-1,0
Bristol City,0,0,2,2,0,0,0.5
Bristol City,3,1,2,2,4,2,1
Bristol City,7,0,2,2,7,7,1
Bristol City,0,1,2,2,1,-1,0
Bristol City,5,2,2,2,7,3,1
Bristol City,1,0,2,2,1,1,1
Bristol City,1,0,2,2,1,1,1
Bristol City,3,0,2,2,3,3,1
Bristol City,2,1,2,2,3,1,1
Bristol City,1,2,2,2,3,-1,0
Bristol City,4,0,2,2,4,4,1
Bristol City,0,2,2,2,2,-2,0
Bristol City,0,1,2,2,1,-1,0
Bury,3,1,2,2,4,2,1
Bury,1,2,2,2,3,-1,0
Bury,1,3,2,2,4,-2,0
Bury,2,2,2,2,4,0,0.5
Bury,2,1,2,2,3,1,1
Bury,2,0,2,2,2,2,1
Bury,1,0,2,2,1,1,1
Bury,5,0,2,2,5,5,1
Bury,2,2,2,2,4,0,0.5
Bury,3,1,2,2,4,2,1
Bury,0,1,2,2,1,-1,0
Bury,0,0,2,2,0,0,0.5
Bury,3,1,2,2,4,2,1
Bury,3,0,2,2,3,3,1
Bury,1,1,2,2,2,0,0.5
Bury,4,2,2,2,6,2,1
Bury,0,0,2,2,0,0,0.5
Bury,2,1,2,2,3,1,1
Bury,4,1,2,2,5,3,1
Derby County,4,0,2,2,4,4,1
Derby County,7,0,2,2,7,7,1
Derby County,1,0,2,2,1,1,1
Derby County,5,0,2,2,5,5,1
Derby County,1,0,2,2,1,1,1
Derby County,2,1,2,2,3,1,1
Derby County,1,1,2,2,2,0,0.5
Derby County,1,1,2,2,2,0,0.5
Derby County,1,1,2,2,2,0,0.5
Derby County,1,0,2,2,1,1,1
Derby County,4,1,2,2,5,3,1
Derby County,1,2,2,2,3,-1,0
Derby County,1,0,2,2,1,1,1
Derby County,0,3,2,2,3,-3,0
Derby County,3,0,2,2,3,3,1
Derby County,1,0,2,2,1,1,1
Derby County,2,0,2,2,2,2,1
Derby County,1,0,2,2,1,1,1
Derby County,3,1,2,2,4,2,1
Fulham,0,1,2,2,1,-1,0
Fulham,2,0,2,2,2,2,1
Fulham,2,3,2,2,5,-1,0
Fulham,0,1,2,2,1,-1,0
Fulham,1,2,2,2,3,-1,0
Fulham,6,3,2,2,9,3,1
Fulham,2,0,2,2,2,2,1
Fulham,2,0,2,2,2,2,1
Fulham,2,1,2,2,3,1,1
Fulham,2,3,2,2,5,-1,0
Fulham,4,1,2,2,5,3,1
Fulham,1,0,2,2,1,1,1
Fulham,1,0,2,2,1,1,1
Fulham,4,0,2,2,4,4,1
Fulham,3,1,2,2,4,2,1
Fulham,2,1,2,2,3,1,1
Fulham,0,2,2,2,2,-2,0
Fulham,1,0,2,2,1,1,1
Fulham,0,1,2,2,1,-1,0
Glossop North End,0,4,2,2,4,-4,0
Glossop North End,0,1,2,2,1,-1,0
Glossop North End,3,3,2,2,6,0,0.5
Glossop North End,1,3,2,2,4,-2,0
Glossop North End,2,1,2,2,3,1,1
Glossop North End,3,0,2,2,3,3,1
Glossop North End,1,1,2,2,2,0,0.5
Glossop North End,1,0,2,2,1,1,1
Glossop North End,0,0,2,2,0,0,0.5
Glossop North End,2,2,2,2,4,0,0.5
Glossop North End,0,5,2,2,5,-5,0
Glossop North End,0,3,2,2,3,-3,0
Glossop North End,2,3,2,2,5,-1,0
Glossop North End,3,1,2,2,4,2,1
Glossop North End,1,2,2,2,3,-1,0
Glossop North End,1,0,2,2,1,1,1
Glossop North End,0,1,2,2,1,-1,0
Glossop North End,1,1,2,2,2,0,0.5
Glossop North End,0,2,2,2,2,-2,0
Grimsby Town,1,0,2,2,1,1,1
Grimsby Town,2,3,2,2,5,-1,0
Grimsby Town,1,0,2,2,1,1,1
Grimsby Town,2,0,2,2,2,2,1
Grimsby Town,2,3,2,2,5,-1,0
Grimsby Town,1,0,2,2,1,1,1
Grimsby Town,1,2,2,2,3,-1,0
Grimsby Town,1,1,2,2,2,0,0.5
Grimsby Town,1,0,2,2,1,1,1
Grimsby Town,0,0,2,2,0,0,0.5
Grimsby Town,1,1,2,2,2,0,0.5
Grimsby Town,2,5,2,2,7,-3,0
Grimsby Town,1,0,2,2,1,1,1
Grimsby Town,2,1,2,2,3,1,1
Grimsby Town,5,1,2,2,6,4,1
Grimsby Town,4,0,2,2,4,4,1
Grimsby Town,2,2,2,2,4,0,0.5
Grimsby Town,6,1,2,2,7,5,1
Grimsby Town,1,4,2,2,5,-3,0
Huddersfield Town,3,0,2,2,3,3,1
Huddersfield Town,1,0,2,2,1,1,1
Huddersfield Town,0,0,2,2,0,0,0.5
Huddersfield Town,5,0,2,2,5,5,1
Huddersfield Town,5,3,2,2,8,2,1
Huddersfield Town,0,1,2,2,1,-1,0
Huddersfield Town,0,0,2,2,0,0,0.5
Huddersfield Town,2,2,2,2,4,0,0.5
Huddersfield Town,0,1,2,2,1,-1,0
Huddersfield Town,3,1,2,2,4,2,1
Huddersfield Town,1,0,2,2,1,1,1
Huddersfield Town,1,0,2,2,1,1,1
Huddersfield Town,3,1,2,2,4,2,1
Huddersfield Town,1,1,2,2,2,0,0.5
Huddersfield Town,0,1,2,2,1,-1,0
Huddersfield Town,4,0,2,2,4,4,1
Huddersfield Town,3,1,2,2,4,2,1
Huddersfield Town,2,1,2,2,3,1,1
Huddersfield Town,2,0,2,2,2,2,1
Hull City,1,0,2,2,1,1,1
Hull City,2,1,2,2,3,1,1
Hull City,0,0,2,2,0,0,0.5
Hull City,1,3,2,2,4,-2,0
Hull City,1,1,2,2,2,0,0.5
Hull City,3,1,2,2,4,2,1
Hull City,1,0,2,2,1,1,1
Hull City,2,0,2,2,2,2,1
Hull City,2,0,2,2,2,2,1
Hull City,4,1,2,2,5,3,1
Hull City,0,4,2,2,4,-4,0
Hull City,2,6,2,2,8,-4,0
Hull City,2,1,2,2,3,1,1
Hull City,0,1,2,2,1,-1,0
Hull City,6,1,2,2,7,5,1
Hull City,3,1,2,2,4,2,1
Hull City,0,1,2,2,1,-1,0
Hull City,1,0,2,2,1,1,1
Hull City,5,1,2,2,6,4,1
Leeds City,2,2,2,2,4,0,0.5
Leeds City,0,2,2,2,2,-2,0
Leeds City,2,0,2,2,2,2,1
Leeds City,2,0,2,2,2,2,1
Leeds City,1,1,2,2,2,0,0.5
Leeds City,2,1,2,2,3,1,1
Leeds City,3,5,2,2,8,-2,0
Leeds City,0,1,2,2,1,-1,0
Leeds City,3,0,2,2,3,3,1
Leeds City,5,0,2,2,5,5,1
Leeds City,1,0,2,2,1,1,1
Leeds City,2,3,2,2,5,-1,0
Leeds City,7,2,2,2,9,5,1
Leeds City,0,1,2,2,1,-1,0
Leeds City,3,1,2,2,4,2,1
Leeds City,4,0,2,2,4,4,1
Leeds City,0,0,2,2,0,0,0.5
Leeds City,1,3,2,2,4,-2,0
Leeds City,2,3,2,2,5,-1,0
Leicester City,1,4,2,2,5,-3,0
Leicester City,0,1,2,2,1,-1,0
Leicester City,1,0,2,2,1,1,1
Leicester City,2,2,2,2,4,0,0.5
Leicester City,1,3,2,2,4,-2,0
Leicester City,1,3,2,2,4,-2,0
Leicester City,0,6,2,2,6,-6,0
Leicester City,0,2,2,2,2,-2,0
Leicester City,3,2,2,2,5,1,1
Leicester City,2,0,2,2,2,2,1
Leicester City,1,2,2,2,3,-1,0
Leicester City,1,1,2,2,2,0,0.5
Leicester City,5,1,2,2,6,4,1
Leicester City,1,1,2,2,2,0,0.5
Leicester City,2,2,2,2,4,0,0.5
Leicester City,3,1,2,2,4,2,1
Leicester City,2,3,2,2,5,-1,0
Leicester City,5,4,2,2,9,1,1
Leicester City,0,3,2,2,3,-3,0
Leyton Orient,1,0,2,2,1,1,1
Leyton Orient,4,2,2,2,6,2,1
Leyton Orient,1,1,2,2,2,0,0.5
Leyton Orient,2,0,2,2,2,2,1
Leyton Orient,2,0,2,2,2,2,1
Leyton Orient,2,2,2,2,4,0,0.5
Leyton Orient,0,1,2,2,1,-1,0
Leyton Orient,2,1,2,2,3,1,1
Leyton Orient,5,2,2,2,7,3,1
Leyton Orient,2,1,2,2,3,1,1
Leyton Orient,3,1,2,2,4,2,1
Leyton Orient,0,3,2,2,3,-3,0
Leyton Orient,2,0,2,2,2,2,1
Leyton Orient,2,0,2,2,2,2,1
Leyton Orient,3,1,2,2,4,2,1
Leyton Orient,0,0,2,2,0,0,0.5
Leyton Orient,1,1,2,2,2,0,0.5
Leyton Orient,3,0,2,2,3,3,1
Leyton Orient,1,1,2,2,2,0,0.5
Lincoln City,1,0,2,2,1,1,1
Lincoln City,3,0,2,2,3,3,1
Lincoln City,0,1,2,2,1,-1,0
Lincoln City,0,1,2,2,1,-1,0
Lincoln City,3,1,2,2,4,2,1
Lincoln City,2,3,2,2,5,-1,0
Lincoln City,0,0,2,2,0,0,0.5
Lincoln City,3,1,2,2,4,2,1
Lincoln City,2,1,2,2,3,1,1
Lincoln City,2,1,2,2,3,1,1
Lincoln City,1,1,2,2,2,0,0.5
Lincoln City,0,3,2,2,3,-3,0
Lincoln City,0,1,2,2,1,-1,0
Lincoln City,2,3,2,2,5,-1,0
Lincoln City,1,0,2,2,1,1,1
Lincoln City,2,1,2,2,3,1,1
Lincoln City,3,1,2,2,4,2,1
Lincoln City,2,2,2,2,4,0,0.5
Lincoln City,2,2,2,2,4,0,0.5
Nottingham Forest,1,1,2,2,2,0,0.5
Nottingham Forest,2,1,2,2,3,1,1
Nottingham Forest,1,1,2,2,2,0,0.5
Nottingham Forest,2,1,2,2,3,1,1
Nottingham Forest,0,1,2,2,1,-1,0
Nottingham Forest,1,1,2,2,2,0,0.5
Nottingham Forest,2,2,2,2,4,0,0.5
Nottingham Forest,2,2,2,2,4,0,0.5
Nottingham Forest,1,0,2,2,1,1,1
Nottingham Forest,4,2,2,2,6,2,1
Nottingham Forest,3,2,2,2,5,1,1
Nottingham Forest,1,0,2,2,1,1,1
Nottingham Forest,3,1,2,2,4,2,1
Nottingham Forest,1,3,2,2,4,-2,0
Nottingham Forest,0,1,2,2,1,-1,0
Nottingham Forest,3,2,2,2,5,1,1
Nottingham Forest,1,1,2,2,2,0,0.5
Nottingham Forest,1,1,2,2,2,0,0.5
Nottingham Forest,3,1,2,2,4,2,1
Preston North End,3,0,2,2,3,3,1
Preston North End,5,2,2,2,7,3,1
Preston North End,2,0,2,2,2,2,1
Preston North End,1,0,2,2,1,1,1
Preston North End,4,1,2,2,5,3,1
Preston North End,2,0,2,2,2,2,1
Preston North End,1,3,2,2,4,-2,0
Preston North End,2,1,2,2,3,1,1
Preston North End,1,0,2,2,1,1,1
Preston North End,3,0,2,2,3,3,1
Preston North End,1,1,2,2,2,0,0.5
Preston North End,2,1,2,2,3,1,1
Preston North End,2,0,2,2,2,2,1
Preston North End,1,0,2,2,1,1,1
Preston North End,2,2,2,2,4,0,0.5
Preston North End,0,0,2,2,0,0,0.5
Preston North End,2,2,2,2,4,0,0.5
Preston North End,2,0,2,2,2,2,1
Preston North End,5,3,2,2,8,2,1
Stockport County,1,1,2,2,2,0,0.5
Stockport County,1,2,2,2,3,-1,0
Stockport County,3,1,2,2,4,2,1
Stockport County,0,2,2,2,2,-2,0
Stockport County,2,2,2,2,4,0,0.5
Stockport County,1,0,2,2,1,1,1
Stockport County,3,2,2,2,5,1,1
Stockport County,0,2,2,2,2,-2,0
Stockport County,2,1,2,2,3,1,1
Stockport County,1,1,2,2,2,0,0.5
Stockport County,2,1,2,2,3,1,1
Stockport County,3,0,2,2,3,3,1
Stockport County,3,1,2,2,4,2,1
Stockport County,3,0,2,2,3,3,1
Stockport County,2,0,2,2,2,2,1
Stockport County,1,0,2,2,1,1,1
Stockport County,1,0,2,2,1,1,1
Stockport County,2,1,2,2,3,1,1
Stockport County,2,2,2,2,4,0,0.5
Wolverhampton Wanderers,1,0,2,2,1,1,1
Wolverhampton Wanderers,4,1,2,2,5,3,1
Wolverhampton Wanderers,0,0,2,2,0,0,0.5
Wolverhampton Wanderers,2,0,2,2,2,2,1
Wolverhampton Wanderers,2,2,2,2,4,0,0.5
Wolverhampton Wanderers,1,1,2,2,2,0,0.5
Wolverhampton Wanderers,0,1,2,2,1,-1,0
Wolverhampton Wanderers,2,0,2,2,2,2,1
Wolverhampton Wanderers,4,0,2,2,4,4,1
Wolverhampton Wanderers,0,1,2,2,1,-1,0
Wolverhampton Wanderers,4,1,2,2,5,3,1
Wolverhampton Wanderers,1,2,2,2,3,-1,0
Wolverhampton Wanderers,5,1,2,2,6,4,1
Wolverhampton Wanderers,7,0,2,2,7,7,1
Wolverhampton Wanderers,0,0,2,2,0,0,0.5
Wolverhampton Wanderers,3,1,2,2,4,2,1
Wolverhampton Wanderers,5,1,2,2,6,4,1
Wolverhampton Wanderers,2,0,2,2,2,2,1
Wolverhampton Wanderers,4,1,2,2,5,3,1
Arsenal,0,1,1,1,1,-1,0
Arsenal,0,1,1,1,1,-1,0
Arsenal,2,2,1,1,4,0,0.5
Arsenal,1,2,1,1,3,-1,0
Arsenal,3,0,1,1,3,3,1
Arsenal,2,0,1,1,2,2,1
Arsenal,1,1,1,1,2,0,0.5
Arsenal,1,0,1,1,1,1,1
Arsenal,1,1,1,1,2,0,0.5
Arsenal,1,0,1,1,1,1,1
Arsenal,2,2,1,1,4,0,0.5
Arsenal,0,3,1,1,3,-3,0
Arsenal,2,1,1,1,3,1,1
Arsenal,0,1,1,1,1,-1,0
Arsenal,3,1,1,1,4,2,1
Arsenal,3,2,1,1,5,1,1
Arsenal,0,0,1,1,0,0,0.5
Arsenal,3,0,1,1,3,3,1
Arsenal,3,1,1,1,4,2,1
Arsenal,3,2,1,1,5,1,1
Arsenal,1,0,1,1,1,1,1
Aston Villa,2,1,1,1,3,1,1
Aston Villa,1,2,1,1,3,-1,0
Aston Villa,3,6,1,1,9,-3,0
Aston Villa,3,1,1,1,4,2,1
Aston Villa,1,0,1,1,1,1,1
Aston Villa,2,2,1,1,4,0,0.5
Aston Villa,5,2,1,1,7,3,1
Aston Villa,2,2,1,1,4,0,0.5
Aston Villa,2,2,1,1,4,0,0.5
Aston Villa,0,1,1,1,1,-1,0
Aston Villa,0,1,1,1,1,-1,0
Aston Villa,2,0,1,1,2,2,1
Aston Villa,5,3,1,1,8,2,1
Aston Villa,4,0,1,1,4,4,1
Aston Villa,3,1,1,1,4,2,1
Aston Villa,3,0,1,1,3,3,1
Aston Villa,2,4,1,1,6,-2,0
Aston Villa,4,0,1,1,4,4,1
Aston Villa,3,1,1,1,4,2,1
Aston Villa,0,3,1,1,3,-3,0
Aston Villa,2,4,1,1,6,-2,0
Blackburn Rovers,2,2,1,1,4,0,0.5
Blackburn Rovers,5,1,1,1,6,4,1
Blackburn Rovers,2,2,1,1,4,0,0.5
Blackburn Rovers,4,1,1,1,5,3,1
Blackburn Rovers,3,3,1,1,6,0,0.5
Blackburn Rovers,2,3,1,1,5,-1,0
Blackburn Rovers,3,1,1,1,4,2,1
Blackburn Rovers,2,0,1,1,2,2,1
Blackburn Rovers,3,2,1,1,5,1,1
Blackburn Rovers,0,2,1,1,2,-2,0
Blackburn Rovers,1,4,1,1,5,-3,0
Blackburn Rovers,5,0,1,1,5,5,1
Blackburn Rovers,0,2,1,1,2,-2,0
Blackburn Rovers,2,0,1,1,2,2,1
Blackburn Rovers,1,1,1,1,2,0,0.5
Blackburn Rovers,0,1,1,1,1,-1,0
Blackburn Rovers,4,0,1,1,4,4,1
Blackburn Rovers,4,0,1,1,4,4,1
Blackburn Rovers,1,0,1,1,1,1,1
Blackburn Rovers,3,0,1,1,3,3,1
Blackburn Rovers,1,5,1,1,6,-4,0
Bolton Wanderers,2,2,1,1,4,0,0.5
Bolton Wanderers,2,1,1,1,3,1,1
Bolton Wanderers,2,1,1,1,3,1,1
Bolton Wanderers,1,1,1,1,2,0,0.5
Bolton Wanderers,1,2,1,1,3,-1,0
Bolton Wanderers,1,1,1,1,2,0,0.5
Bolton Wanderers,1,2,1,1,3,-1,0
Bolton Wanderers,3,0,1,1,3,3,1
Bolton Wanderers,0,2,1,1,2,-2,0
Bolton Wanderers,0,3,1,1,3,-3,0
Bolton Wanderers,6,2,1,1,8,4,1
Bolton Wanderers,3,5,1,1,8,-2,0
Bolton Wanderers,2,1,1,1,3,1,1
Bolton Wanderers,0,3,1,1,3,-3,0
Bolton Wanderers,1,0,1,1,1,1,1
Bolton Wanderers,1,0,1,1,1,1,1
Bolton Wanderers,4,1,1,1,5,3,1
Bolton Wanderers,1,0,1,1,1,1,1
Bolton Wanderers,2,0,1,1,2,2,1
Bolton Wanderers,1,0,1,1,1,1,1
Bolton Wanderers,1,2,1,1,3,-1,0
Bradford City,1,1,1,1,2,0,0.5
Bradford City,3,1,1,1,4,2,1
Bradford City,3,1,1,1,4,2,1
Bradford City,0,1,1,1,1,-1,0
Bradford City,0,0,1,1,0,0,0.5
Bradford City,2,1,1,1,3,1,1
Bradford City,3,1,1,1,4,2,1
Bradford City,3,1,1,1,4,2,1
Bradford City,3,3,1,1,6,0,0.5
Bradford City,1,3,1,1,4,-2,0
Bradford City,1,0,1,1,1,1,1
Bradford City,2,1,1,1,3,1,1
Bradford City,0,1,1,1,1,-1,0
Bradford City,1,0,1,1,1,1,1
Bradford City,3,4,1,1,7,-1,0
Bradford City,1,1,1,1,2,0,0.5
Bradford City,2,2,1,1,4,0,0.5
Bradford City,1,2,1,1,3,-1,0
Bradford City,1,1,1,1,2,0,0.5
Bradford City,2,0,1,1,2,2,1
Bradford City,3,0,1,1,3,3,1
Bradford Park Avenue,0,0,1,1,0,0,0.5
Bradford Park Avenue,6,1,1,1,7,5,1
Bradford Park Avenue,5,2,1,1,7,3,1
Bradford Park Avenue,2,0,1,1,2,2,1
Bradford Park Avenue,0,0,1,1,0,0,0.5
Bradford Park Avenue,0,1,1,1,1,-1,0
Bradford Park Avenue,1,0,1,1,1,1,1
Bradford Park Avenue,1,1,1,1,2,0,0.5
Bradford Park Avenue,0,2,1,1,2,-2,0
Bradford Park Avenue,1,2,1,1,3,-1,0
Bradford Park Avenue,2,1,1,1,3,1,1
Bradford Park Avenue,1,4,1,1,5,-3,0
Bradford Park Avenue,1,1,1,1,2,0,0.5
Bradford Park Avenue,0,1,1,1,1,-1,0
Bradford Park Avenue,0,1,1,1,1,-1,0
Bradford Park Avenue,2,0,1,1,2,2,1
Bradford Park Avenue,3,3,1,1,6,0,0.5
Bradford Park Avenue,1,0,1,1,1,1,1
Bradford Park Avenue,3,0,1,1,3,3,1
Bradford Park Avenue,2,2,1,1,4,0,0.5
Bradford Park Avenue,0,4,1,1,4,-4,0
Burnley,2,1,1,1,3,1,1
Burnley,0,0,1,1,0,0,0.5
Burnley,3,1,1,1,4,2,1
Burnley,2,1,1,1,3,1,1
Burnley,1,1,1,1,2,0,0.5
Burnley,2,6,1,1,8,-4,0
Burnley,2,3,1,1,5,-1,0
Burnley,2,0,1,1,2,2,1
Burnley,5,0,1,1,5,5,1
Burnley,1,2,1,1,3,-1,0
Burnley,2,0,1,1,2,2,1
Burnley,2,1,1,1,3,1,1
Burnley,5,3,1,1,8,2,1
Burnley,1,0,1,1,1,1,1
Burnley,2,1,1,1,3,1,1
Burnley,2,1,1,1,3,1,1
Burnley,1,1,1,1,2,0,0.5
Burnley,2,2,1,1,4,0,0.5
Burnley,2,0,1,1,2,2,1
Burnley,2,1,1,1,3,1,1
Burnley,2,2,1,1,4,0,0.5
Chelsea,3,1,1,1,4,2,1
Chelsea,2,1,1,1,3,1,1
Chelsea,2,1,1,1,3,1,1
Chelsea,2,3,1,1,5,-1,0
Chelsea,1,0,1,1,1,1,1
Chelsea,4,0,1,1,4,4,1
Chelsea,0,1,1,1,1,-1,0
Chelsea,0,0,1,1,0,0,0.5
Chelsea,0,1,1,1,1,-1,0
Chelsea,1,0,1,1,1,1,1
Chelsea,1,0,1,1,1,1,1
Chelsea,1,0,1,1,1,1,1
Chelsea,3,1,1,1,4,2,1
Chelsea,0,0,1,1,0,0,0.5
Chelsea,2,0,1,1,2,2,1
Chelsea,1,0,1,1,1,1,1
Chelsea,4,0,1,1,4,4,1
Chelsea,1,0,1,1,1,1,1
Chelsea,1,1,1,1,2,0,0.5
Chelsea,2,0,1,1,2,2,1
Chelsea,2,0,1,1,2,2,1
Derby County,2,1,1,1,3,1,1
Derby County,1,0,1,1,1,1,1
Derby County,0,0,1,1,0,0,0.5
Derby County,1,2,1,1,3,-1,0
Derby County,3,0,1,1,3,3,1
Derby County,0,0,1,1,0,0,0.5
Derby County,0,2,1,1,2,-2,0
Derby County,5,0,1,1,5,5,1
Derby County,2,1,1,1,3,1,1
Derby County,3,0,1,1,3,3,1
Derby County,0,0,1,1,0,0,0.5
Derby County,1,1,1,1,2,0,0.5
Derby County,1,2,1,1,3,-1,0
Derby County,1,0,1,1,1,1,1
Derby County,3,1,1,1,4,2,1
Derby County,1,1,1,1,2,0,0.5
Derby County,2,0,1,1,2,2,1
Derby County,5,1,1,1,6,4,1
Derby County,2,1,1,1,3,1,1
Derby County,3,1,1,1,4,2,1
Derby County,0,4,1,1,4,-4,0
Everton,2,3,1,1,5,-1,0
Everton,1,1,1,1,2,0,0.5
Everton,3,0,1,1,3,3,1
Everton,3,3,1,1,6,0,0.5
Everton,4,1,1,1,5,3,1
Everton,2,0,1,1,2,2,1
Everton,2,2,1,1,4,0,0.5
Everton,2,3,1,1,5,-1,0
Everton,4,0,1,1,4,4,1
Everton,0,0,1,1,0,0,0.5
Everton,2,0,1,1,2,2,1
Everton,0,0,1,1,0,0,0.5
Everton,5,2,1,1,7,3,1
Everton,4,0,1,1,4,4,1
Everton,1,2,1,1,3,-1,0
Everton,0,2,1,1,2,-2,0
Everton,0,1,1,1,1,-1,0
Everton,3,0,1,1,3,3,1
Everton,1,1,1,1,2,0,0.5
Everton,1,3,1,1,4,-2,0
Everton,2,5,1,1,7,-3,0
Liverpool,2,3,1,1,5,-1,0
Liverpool,2,1,1,1,3,1,1
Liverpool,3,0,1,1,3,3,1
Liverpool,2,0,1,1,2,2,1
Liverpool,2,1,1,1,3,1,1
Liverpool,3,3,1,1,6,0,0.5
Liverpool,0,1,1,1,1,-1,0
Liverpool,0,1,1,1,1,-1,0
Liverpool,3,0,1,1,3,3,1
Liverpool,3,1,1,1,4,2,1
Liverpool,1,0,1,1,1,1,1
Liverpool,0,0,1,1,0,0,0.5
Liverpool,1,0,1,1,1,1,1
Liverpool,1,1,1,1,2,0,0.5
Liverpool,3,0,1,1,3,3,1
Liverpool,2,2,1,1,4,0,0.5
Liverpool,1,2,1,1,3,-1,0
Liverpool,2,0,1,1,2,2,1
Liverpool,1,0,1,1,1,1,1
Liverpool,3,2,1,1,5,1,1
Liverpool,0,0,1,1,0,0,0.5
Manchester City,4,1,1,1,5,3,1
Manchester City,2,2,1,1,4,0,0.5
Manchester City,8,2,1,1,10,6,1
Manchester City,1,4,1,1,5,-3,0
Manchester City,1,0,1,1,1,1,1
Manchester City,4,1,1,1,5,3,1
Manchester City,3,1,1,1,4,2,1
Manchester City,1,0,1,1,1,1,1
Manchester City,3,1,1,1,4,2,1
Manchester City,1,1,1,1,2,0,0.5
Manchester City,2,1,1,1,3,1,1
Manchester City,3,3,1,1,6,0,0.5
Manchester City,1,0,1,1,1,1,1
Manchester City,0,0,1,1,0,0,0.5
Manchester City,4,1,1,1,5,3,1
Manchester City,3,1,1,1,4,2,1
Manchester City,1,0,1,1,1,1,1
Manchester City,3,3,1,1,6,0,0.5
Manchester City,4,2,1,1,6,2,1
Manchester City,1,0,1,1,1,1,1
Manchester City,2,3,1,1,5,-1,0
Manchester United,0,1,1,1,1,-1,0
Manchester United,1,2,1,1,3,-1,0
Manchester United,1,1,1,1,2,0,0.5
Manchester United,1,1,1,1,2,0,0.5
Manchester United,0,0,1,1,0,0,0.5
Manchester United,0,1,1,1,1,-1,0
Manchester United,0,1,1,1,1,-1,0
Manchester United,0,2,1,1,2,-2,0
Manchester United,0,2,1,1,2,-2,0
Manchester United,1,0,1,1,1,1,1
Manchester United,0,0,1,1,0,0,0.5
Manchester United,1,0,1,1,1,1,1
Manchester United,1,1,1,1,2,0,0.5
Manchester United,2,1,1,1,3,1,1
Manchester United,0,0,1,1,0,0,0.5
Manchester United,1,1,1,1,2,0,0.5
Manchester United,5,1,1,1,6,4,1
Manchester United,3,0,1,1,3,3,1
Manchester United,0,0,1,1,0,0,0.5
Manchester United,2,0,1,1,2,2,1
Manchester United,1,2,1,1,3,-1,0
Middlesbrough,1,0,1,1,1,1,1
Middlesbrough,1,4,1,1,5,-3,0
Middlesbrough,2,2,1,1,4,0,0.5
Middlesbrough,1,3,1,1,4,-2,0
Middlesbrough,4,0,1,1,4,4,1
Middlesbrough,1,2,1,1,3,-1,0
Middlesbrough,4,0,1,1,4,4,1
Middlesbrough,0,0,1,1,0,0,0.5
Middlesbrough,2,0,1,1,2,2,1
Middlesbrough,1,1,1,1,2,0,0.5
Middlesbrough,3,2,1,1,5,1,1
Middlesbrough,0,2,1,1,2,-2,0
Middlesbrough,1,1,1,1,2,0,0.5
Middlesbrough,0,1,1,1,1,-1,0
Middlesbrough,5,2,1,1,7,3,1
Middlesbrough,1,0,1,1,1,1,1
Middlesbrough,4,1,1,1,5,3,1
Middlesbrough,1,0,1,1,1,1,1
Middlesbrough,3,0,1,1,3,3,1
Middlesbrough,0,2,1,1,2,-2,0
Middlesbrough,0,0,1,1,0,0,0.5
Newcastle United,3,1,1,1,4,2,1
Newcastle United,2,0,1,1,2,2,1
Newcastle United,0,0,1,1,0,0,0.5
Newcastle United,0,1,1,1,1,-1,0
Newcastle United,0,1,1,1,1,-1,0
Newcastle United,4,0,1,1,4,4,1
Newcastle United,0,0,1,1,0,0,0.5
Newcastle United,3,0,1,1,3,3,1
Newcastle United,0,0,1,1,0,0,0.5
Newcastle United,3,0,1,1,3,3,1
Newcastle United,3,0,1,1,3,3,1
Newcastle United,3,0,1,1,3,3,1
Newcastle United,2,1,1,1,3,1,1
Newcastle United,0,0,1,1,0,0,0.5
Newcastle United,2,1,1,1,3,1,1
Newcastle United,0,1,1,1,1,-1,0
Newcastle United,1,0,1,1,1,1,1
Newcastle United,2,1,1,1,3,1,1
Newcastle United,1,1,1,1,2,0,0.5
Newcastle United,2,3,1,1,5,-1,0
Newcastle United,0,2,1,1,2,-2,0
Notts County,2,2,1,1,4,0,0.5
Notts County,2,1,1,1,3,1,1
Notts County,5,0,1,1,5,5,1
Notts County,2,2,1,1,4,0,0.5
Notts County,5,2,1,1,7,3,1
Notts County,0,2,1,1,2,-2,0
Notts County,2,0,1,1,2,2,1
Notts County,0,1,1,1,1,-1,0
Notts County,2,2,1,1,4,0,0.5
Notts County,1,1,1,1,2,0,0.5
Notts County,1,0,1,1,1,1,1
Notts County,4,1,1,1,5,3,1
Notts County,0,2,1,1,2,-2,0
Notts County,1,1,1,1,2,0,0.5
Notts County,0,0,1,1,0,0,0.5
Notts County,2,1,1,1,3,1,1
Notts County,1,2,1,1,3,-1,0
Notts County,2,2,1,1,4,0,0.5
Notts County,3,1,1,1,4,2,1
Notts County,2,2,1,1,4,0,0.5
Notts County,2,0,1,1,2,2,1
Oldham Athletic,3,0,1,1,3,3,1
Oldham Athletic,0,3,1,1,3,-3,0
Oldham Athletic,0,0,1,1,0,0,0.5
Oldham Athletic,2,0,1,1,2,2,1
Oldham Athletic,0,1,1,1,1,-1,0
Oldham Athletic,2,2,1,1,4,0,0.5
Oldham Athletic,1,0,1,1,1,1,1
Oldham Athletic,1,0,1,1,1,1,1
Oldham Athletic,3,0,1,1,3,3,1
Oldham Athletic,4,1,1,1,5,3,1
Oldham Athletic,1,1,1,1,2,0,0.5
Oldham Athletic,1,3,1,1,4,-2,0
Oldham Athletic,0,3,1,1,3,-3,0
Oldham Athletic,1,2,1,1,3,-1,0
Oldham Athletic,1,0,1,1,1,1,1
Oldham Athletic,0,0,1,1,0,0,0.5
Oldham Athletic,4,1,1,1,5,3,1
Oldham Athletic,4,0,1,1,4,4,1
Oldham Athletic,1,0,1,1,1,1,1
Oldham Athletic,2,1,1,1,3,1,1
Oldham Athletic,2,1,1,1,3,1,1
Preston North End,1,1,1,1,2,0,0.5
Preston North End,3,0,1,1,3,3,1
Preston North End,0,0,1,1,0,0,0.5
Preston North End,1,1,1,1,2,0,0.5
Preston North End,1,5,1,1,6,-4,0
Preston North End,0,3,1,1,3,-3,0
Preston North End,0,1,1,1,1,-1,0
Preston North End,3,1,1,1,4,2,1
Preston North End,1,1,1,1,2,0,0.5
Preston North End,1,1,1,1,2,0,0.5
Preston North End,2,1,1,1,3,1,1
Preston North End,1,1,1,1,2,0,0.5
Preston North End,2,3,1,1,5,-1,0
Preston North End,3,1,1,1,4,2,1
Preston North End,2,3,1,1,5,-1,0
Preston North End,2,0,1,1,2,2,1
Preston North End,2,1,1,1,3,1,1
Preston North End,2,0,1,1,2,2,1
Preston North End,3,0,1,1,3,3,1
Preston North End,5,2,1,1,7,3,1
Preston North End,0,1,1,1,1,-1,0
Sheffield United,2,0,1,1,2,2,1
Sheffield United,1,2,1,1,3,-1,0
Sheffield United,2,0,1,1,2,2,1
Sheffield United,3,2,1,1,5,1,1
Sheffield United,0,0,1,1,0,0,0.5
Sheffield United,2,2,1,1,4,0,0.5
Sheffield United,1,3,1,1,4,-2,0
Sheffield United,3,1,1,1,4,2,1
Sheffield United,0,0,1,1,0,0,0.5
Sheffield United,1,1,1,1,2,0,0.5
Sheffield United,3,2,1,1,5,1,1
Sheffield United,3,1,1,1,4,2,1
Sheffield United,2,2,1,1,4,0,0.5
Sheffield United,5,1,1,1,6,4,1
Sheffield United,2,1,1,1,3,1,1
Sheffield United,3,0,1,1,3,3,1
Sheffield United,1,0,1,1,1,1,1
Sheffield United,2,1,1,1,3,1,1
Sheffield United,3,0,1,1,3,3,1
Sheffield United,3,1,1,1,4,2,1
Sheffield United,1,0,1,1,1,1,1
Sheffield Wednesday,1,2,1,1,3,-1,0
Sheffield Wednesday,0,1,1,1,1,-1,0
Sheffield Wednesday,0,0,1,1,0,0,0.5
Sheffield Wednesday,0,2,1,1,2,-2,0
Sheffield Wednesday,1,0,1,1,1,1,1
Sheffield Wednesday,0,1,1,1,1,-1,0
Sheffield Wednesday,3,1,1,1,4,2,1
Sheffield Wednesday,0,2,1,1,2,-2,0
Sheffield Wednesday,2,0,1,1,2,2,1
Sheffield Wednesday,1,0,1,1,1,1,1
Sheffield Wednesday,2,2,1,1,4,0,0.5
Sheffield Wednesday,0,0,1,1,0,0,0.5
Sheffield Wednesday,1,3,1,1,4,-2,0
Sheffield Wednesday,0,1,1,1,1,-1,0
Sheffield Wednesday,0,1,1,1,1,-1,0
Sheffield Wednesday,0,0,1,1,0,0,0.5
Sheffield Wednesday,1,0,1,1,1,1,1
Sheffield Wednesday,0,1,1,1,1,-1,0
Sheffield Wednesday,2,1,1,1,3,1,1
Sheffield Wednesday,0,2,1,1,2,-2,0
Sheffield Wednesday,0,3,1,1,3,-3,0
Sunderland,1,1,1,1,2,0,0.5
Sunderland,2,1,1,1,3,1,1
Sunderland,2,0,1,1,2,2,1
Sunderland,2,0,1,1,2,2,1
Sunderland,2,0,1,1,2,2,1
Sunderland,2,0,1,1,2,2,1
Sunderland,3,0,1,1,3,3,1
Sunderland,3,2,1,1,5,1,1
Sunderland,2,1,1,1,3,1,1
Sunderland,2,3,1,1,5,-1,0
Sunderland,0,1,1,1,1,-1,0
Sunderland,2,1,1,1,3,1,1
Sunderland,3,0,1,1,3,3,1
Sunderland,1,1,1,1,2,0,0.5
Sunderland,2,0,1,1,2,2,1
Sunderland,3,1,1,1,4,2,1
Sunderland,3,0,1,1,3,3,1
Sunderland,1,0,1,1,1,1,1
Sunderland,3,2,1,1,5,1,1
Sunderland,2,1,1,1,3,1,1
Sunderland,4,1,1,1,5,3,1
West Bromwich Albion,1,0,1,1,1,1,1
West Bromwich Albion,1,2,1,1,3,-1,0
West Bromwich Albion,5,2,1,1,7,3,1
West Bromwich Albion,4,1,1,1,5,3,1
West Bromwich Albion,4,1,1,1,5,3,1
West Bromwich Albion,3,1,1,1,4,2,1
West Bromwich Albion,4,1,1,1,5,3,1
West Bromwich Albion,4,0,1,1,4,4,1
West Bromwich Albion,3,0,1,1,3,3,1
West Bromwich Albion,4,3,1,1,7,1,1
West Bromwich Albion,1,1,1,1,2,0,0.5
West Bromwich Albion,2,0,1,1,2,2,1
West Bromwich Albion,2,1,1,1,3,1,1
West Bromwich Albion,4,1,1,1,5,3,1
West Bromwich Albion,3,0,1,1,3,3,1
West Bromwich Albion,8,0,1,1,8,8,1
West Bromwich Albion,3,1,1,1,4,2,1
West Bromwich Albion,4,1,1,1,5,3,1
West Bromwich Albion,0,2,1,1,2,-2,0
West Bromwich Albion,1,3,1,1,4,-2,0
West Bromwich Albion,4,0,1,1,4,4,1
Barnsley,0,5,2,2,5,-5,0
Barnsley,1,1,2,2,2,0,0.5
Barnsley,0,0,2,2,0,0,0.5
Barnsley,1,3,2,2,4,-2,0
Barnsley,1,0,2,2,1,1,1
Barnsley,4,1,2,2,5,3,1
Barnsley,0,1,2,2,1,-1,0
Barnsley,3,3,2,2,6,0,0.5
Barnsley,2,3,2,2,5,-1,0
Barnsley,0,1,2,2,1,-1,0
Barnsley,2,1,2,2,3,1,1
Barnsley,5,3,2,2,8,2,1
Barnsley,2,2,2,2,4,0,0.5
Barnsley,1,0,2,2,1,1,1
Barnsley,4,0,2,2,4,4,1
Barnsley,0,1,2,2,1,-1,0
Barnsley,0,0,2,2,0,0,0.5
Barnsley,1,2,2,2,3,-1,0
Barnsley,3,0,2,2,3,3,1
Barnsley,7,0,2,2,7,7,1
Barnsley,4,1,2,2,5,3,1
Birmingham City,0,0,2,2,0,0,0.5
Birmingham City,4,2,2,2,6,2,1
Birmingham City,1,0,2,2,1,1,1
Birmingham City,0,2,2,2,2,-2,0
Birmingham City,4,1,2,2,5,3,1
Birmingham City,2,0,2,2,2,2,1
Birmingham City,4,0,2,2,4,4,1
Birmingham City,4,2,2,2,6,2,1
Birmingham City,4,1,2,2,5,3,1
Birmingham City,0,1,2,2,1,-1,0
Birmingham City,2,1,2,2,3,1,1
Birmingham City,7,0,2,2,7,7,1
Birmingham City,8,0,2,2,8,8,1
Birmingham City,3,0,2,2,3,3,1
Birmingham City,2,2,2,2,4,0,0.5
Birmingham City,4,0,2,2,4,4,1
Birmingham City,1,1,2,2,2,0,0.5
Birmingham City,2,1,2,2,3,1,1
Birmingham City,0,1,2,2,1,-1,0
Birmingham City,0,1,2,2,1,-1,0
Birmingham City,2,0,2,2,2,2,1
Blackpool,0,2,2,2,2,-2,0
Blackpool,3,0,2,2,3,3,1
Blackpool,0,0,2,2,0,0,0.5
Blackpool,1,0,2,2,1,1,1
Blackpool,2,0,2,2,2,2,1
Blackpool,1,1,2,2,2,0,0.5
Blackpool,2,0,2,2,2,2,1
Blackpool,0,3,2,2,3,-3,0
Blackpool,2,1,2,2,3,1,1
Blackpool,4,2,2,2,6,2,1
Blackpool,3,0,2,2,3,3,1
Blackpool,3,0,2,2,3,3,1
Blackpool,6,0,2,2,6,6,1
Blackpool,3,2,2,2,5,1,1
Blackpool,5,1,2,2,6,4,1
Blackpool,0,3,2,2,3,-3,0
Blackpool,1,0,2,2,1,1,1
Blackpool,3,1,2,2,4,2,1
Blackpool,0,1,2,2,1,-1,0
Blackpool,0,0,2,2,0,0,0.5
Blackpool,1,1,2,2,2,0,0.5
Bristol City,3,1,2,2,4,2,1
Bristol City,1,1,2,2,2,0,0.5
Bristol City,0,0,2,2,0,0,0.5
Bristol City,1,0,2,2,1,1,1
Bristol City,1,0,2,2,1,1,1
Bristol City,0,3,2,2,3,-3,0
Bristol City,3,1,2,2,4,2,1
Bristol City,2,1,2,2,3,1,1
Bristol City,2,2,2,2,4,0,0.5
Bristol City,0,0,2,2,0,0,0.5
Bristol City,1,1,2,2,2,0,0.5
Bristol City,6,0,2,2,6,6,1
Bristol City,0,0,2,2,0,0,0.5
Bristol City,1,1,2,2,2,0,0.5
Bristol City,2,1,2,2,3,1,1
Bristol City,3,1,2,2,4,2,1
Bristol City,1,0,2,2,1,1,1
Bristol City,1,2,2,2,3,-1,0
Bristol City,1,2,2,2,3,-1,0
Bristol City,0,0,2,2,0,0,0.5
Bristol City,1,1,2,2,2,0,0.5
Bury,2,0,2,2,2,2,1
Bury,1,0,2,2,1,1,1
Bury,1,2,2,2,3,-1,0
Bury,0,1,2,2,1,-1,0
Bury,2,2,2,2,4,0,0.5
Bury,2,2,2,2,4,0,0.5
Bury,1,1,2,2,2,0,0.5
Bury,2,0,2,2,2,2,1
Bury,2,0,2,2,2,2,1
Bury,1,0,2,2,1,1,1
Bury,3,0,2,2,3,3,1
Bury,3,0,2,2,3,3,1
Bury,1,1,2,2,2,0,0.5
Bury,2,1,2,2,3,1,1
Bury,4,1,2,2,5,3,1
Bury,2,1,2,2,3,1,1
Bury,0,2,2,2,2,-2,0
Bury,1,0,2,2,1,1,1
Bury,2,1,2,2,3,1,1
Bury,1,0,2,2,1,1,1
Bury,2,0,2,2,2,2,1
Coventry City,1,0,2,2,1,1,1
Coventry City,1,3,2,2,4,-2,0
Coventry City,0,0,2,2,0,0,0.5
Coventry City,0,0,2,2,0,0,0.5
Coventry City,2,1,2,2,3,1,1
Coventry City,0,1,2,2,1,-1,0
Coventry City,2,0,2,2,2,2,1
Coventry City,0,2,2,2,2,-2,0
Coventry City,0,1,2,2,1,-1,0
Coventry City,0,4,2,2,4,-4,0
Coventry City,1,2,2,2,3,-1,0
Coventry City,0,0,2,2,0,0,0.5
Coventry City,2,0,2,2,2,2,1
Coventry City,4,2,2,2,6,2,1
Coventry City,1,1,2,2,2,0,0.5
Coventry City,1,1,2,2,2,0,0.5
Coventry City,1,1,2,2,2,0,0.5
Coventry City,3,2,2,2,5,1,1
Coventry City,0,5,2,2,5,-5,0
Coventry City,0,0,2,2,0,0,0.5
Coventry City,1,0,2,2,1,1,1
Fulham,1,1,2,2,2,0,0.5
Fulham,1,2,2,2,3,-1,0
Fulham,1,2,2,2,3,-1,0
Fulham,1,1,2,2,2,0,0.5
Fulham,1,0,2,2,1,1,1
Fulham,0,0,2,2,0,0,0.5
Fulham,2,1,2,2,3,1,1
Fulham,2,2,2,2,4,0,0.5
Fulham,1,0,2,2,1,1,1
Fulham,5,0,2,2,5,5,1
Fulham,2,1,2,2,3,1,1
Fulham,3,0,2,2,3,3,1
Fulham,1,0,2,2,1,1,1
Fulham,4,0,2,2,4,4,1
Fulham,3,0,2,2,3,3,1
Fulham,1,0,2,2,1,1,1
Fulham,4,1,2,2,5,3,1
Fulham,0,0,2,2,0,0,0.5
Fulham,1,4,2,2,5,-3,0
Fulham,1,2,2,2,3,-1,0
Fulham,1,1,2,2,2,0,0.5
Grimsby Town,1,1,2,2,2,0,0.5
Grimsby Town,0,3,2,2,3,-3,0
Grimsby Town,1,1,2,2,2,0,0.5
Grimsby Town,2,2,2,2,4,0,0.5
Grimsby Town,1,2,2,2,3,-1,0
Grimsby Town,0,1,2,2,1,-1,0
Grimsby Town,0,2,2,2,2,-2,0
Grimsby Town,1,0,2,2,1,1,1
Grimsby Town,2,1,2,2,3,1,1
Grimsby Town,1,2,2,2,3,-1,0
Grimsby Town,2,0,2,2,2,2,1
Grimsby Town,2,2,2,2,4,0,0.5
Grimsby Town,1,0,2,2,1,1,1
Grimsby Town,2,0,2,2,2,2,1
Grimsby Town,0,1,2,2,1,-1,0
Grimsby Town,3,1,2,2,4,2,1
Grimsby Town,0,3,2,2,3,-3,0
Grimsby Town,2,0,2,2,2,2,1
Grimsby Town,2,0,2,2,2,2,1
Grimsby Town,0,1,2,2,1,-1,0
Grimsby Town,0,1,2,2,1,-1,0
Huddersfield Town,4,1,2,2,5,3,1
Huddersfield Town,0,0,2,2,0,0,0.5
Huddersfield Town,1,3,2,2,4,-2,0
Huddersfield Town,1,0,2,2,1,1,1
Huddersfield Town,5,0,2,2,5,5,1
Huddersfield Town,5,0,2,2,5,5,1
Huddersfield Town,3,0,2,2,3,3,1
Huddersfield Town,3,0,2,2,3,3,1
Huddersfield Town,2,0,2,2,2,2,1
Huddersfield Town,0,0,2,2,0,0,0.5
Huddersfield Town,2,1,2,2,3,1,1
Huddersfield Town,4,2,2,2,6,2,1
Huddersfield Town,2,1,2,2,3,1,1
Huddersfield Town,4,1,2,2,5,3,1
Huddersfield Town,7,1,2,2,8,6,1
Huddersfield Town,2,2,2,2,4,0,0.5
Huddersfield Town,5,0,2,2,5,5,1
Huddersfield Town,3,0,2,2,3,3,1
Huddersfield Town,1,1,2,2,2,0,0.5
Huddersfield Town,2,0,2,2,2,2,1
Huddersfield Town,2,0,2,2,2,2,1
Hull City,3,1,2,2,4,2,1
Hull City,0,0,2,2,0,0,0.5
Hull City,0,1,2,2,1,-1,0
Hull City,0,0,2,2,0,0,0.5
Hull City,4,2,2,2,6,2,1
Hull City,0,1,2,2,1,-1,0
Hull City,2,0,2,2,2,2,1
Hull City,4,1,2,2,5,3,1
Hull City,1,4,2,2,5,-3,0
Hull City,1,1,2,2,2,0,0.5
Hull City,5,1,2,2,6,4,1
Hull City,3,1,2,2,4,2,1
Hull City,5,2,2,2,7,3,1
Hull City,2,0,2,2,2,2,1
Hull City,1,0,2,2,1,1,1
Hull City,3,0,2,2,3,3,1
Hull City,4,1,2,2,5,3,1
Hull City,3,0,2,2,3,3,1
Hull City,1,3,2,2,4,-2,0
Hull City,1,1,2,2,2,0,0.5
Hull City,10,3,2,2,13,7,1
Leeds City,1,0,2,2,1,1,1
Leeds City,3,0,2,2,3,3,1
Leeds City,1,2,2,2,3,-1,0
Leeds City,1,1,2,2,2,0,0.5
Leicester City,0,0,2,2,0,0,0.5
Leicester City,1,0,2,2,1,1,1
Leicester City,2,3,2,2,5,-1,0
Leicester City,2,1,2,2,3,1,1
Leicester City,0,5,2,2,5,-5,0
Leicester City,1,0,2,2,1,1,1
Leicester City,3,2,2,2,5,1,1
Leicester City,2,0,2,2,2,2,1
Leicester City,0,4,2,2,4,-4,0
Leicester City,3,2,2,2,5,1,1
Leicester City,1,1,2,2,2,0,0.5
Leicester City,4,0,2,2,4,4,1
Leicester City,0,0,2,2,0,0,0.5
Leicester City,0,1,2,2,1,-1,0
Leicester City,1,1,2,2,2,0,0.5
Leicester City,0,0,2,2,0,0,0.5
Leicester City,0,2,2,2,2,-2,0
Leicester City,3,1,2,2,4,2,1
Leicester City,2,4,2,2,6,-2,0
Leicester City,0,0,2,2,0,0,0.5
Leicester City,1,2,2,2,3,-1,0
Leyton Orient,2,0,2,2,2,2,1
Leyton Orient,2,1,2,2,3,1,1
Leyton Orient,3,0,2,2,3,3,1
Leyton Orient,1,0,2,2,1,1,1
Leyton Orient,2,1,2,2,3,1,1
Leyton Orient,2,2,2,2,4,0,0.5
Leyton Orient,0,1,2,2,1,-1,0
Leyton Orient,3,0,2,2,3,3,1
Leyton Orient,0,1,2,2,1,-1,0
Leyton Orient,2,2,2,2,4,0,0.5
Leyton Orient,3,0,2,2,3,3,1
Leyton Orient,1,0,2,2,1,1,1
Leyton Orient,1,0,2,2,1,1,1
Leyton Orient,2,1,2,2,3,1,1
Leyton Orient,1,2,2,2,3,-1,0
Leyton Orient,4,0,2,2,4,4,1
Leyton Orient,2,1,2,2,3,1,1
Leyton Orient,2,1,2,2,3,1,1
Leyton Orient,0,4,2,2,4,-4,0
Leyton Orient,1,0,2,2,1,1,1
Leyton Orient,0,0,2,2,0,0,0.5
Lincoln City,0,4,2,2,4,-4,0
Lincoln City,2,2,2,2,4,0,0.5
Lincoln City,0,3,2,2,3,-3,0
Lincoln City,0,0,2,2,0,0,0.5
Lincoln City,2,1,2,2,3,1,1
Lincoln City,4,1,2,2,5,3,1
Lincoln City,0,1,2,2,1,-1,0
Lincoln City,2,0,2,2,2,2,1
Lincoln City,1,3,2,2,4,-2,0
Lincoln City,2,0,2,2,2,2,1
Lincoln City,0,3,2,2,3,-3,0
Lincoln City,2,1,2,2,3,1,1
Lincoln City,1,4,2,2,5,-3,0
Lincoln City,0,0,2,2,0,0,0.5
Lincoln City,0,0,2,2,0,0,0.5
Lincoln City,1,1,2,2,2,0,0.5
Lincoln City,2,0,2,2,2,2,1
Lincoln City,2,1,2,2,3,1,1
Lincoln City,1,1,2,2,2,0,0.5
Lincoln City,1,4,2,2,5,-3,0
Lincoln City,4,0,2,2,4,4,1
Nottingham Forest,0,1,2,2,1,-1,0
Nottingham Forest,1,2,2,2,3,-1,0
Nottingham Forest,2,0,2,2,2,2,1
Nottingham Forest,1,2,2,2,3,-1,0
Nottingham Forest,1,0,2,2,1,1,1
Nottingham Forest,2,1,2,2,3,1,1
Nottingham Forest,0,3,2,2,3,-3,0
Nottingham Forest,2,0,2,2,2,2,1
Nottingham Forest,1,2,2,2,3,-1,0
Nottingham Forest,0,2,2,2,2,-2,0
Nottingham Forest,0,0,2,2,0,0,0.5
Nottingham Forest,2,1,2,2,3,1,1
Nottingham Forest,2,1,2,2,3,1,1
Nottingham Forest,0,1,2,2,1,-1,0
Nottingham Forest,4,1,2,2,5,3,1
Nottingham Forest,0,0,2,2,0,0,0.5
Nottingham Forest,1,1,2,2,2,0,0.5
Nottingham Forest,0,2,2,2,2,-2,0
Nottingham Forest,1,1,2,2,2,0,0.5
Nottingham Forest,2,1,2,2,3,1,1
Nottingham Forest,1,0,2,2,1,1,1
Port Vale,0,2,2,2,2,-2,0
Port Vale,1,3,2,2,4,-2,0
Port Vale,3,1,2,2,4,2,1
Port Vale,2,2,2,2,4,0,0.5
Port Vale,3,4,2,2,7,-1,0
Port Vale,2,1,2,2,3,1,1
Port Vale,0,0,2,2,0,0,0.5
Port Vale,1,2,2,2,3,-1,0
Port Vale,4,2,2,2,6,2,1
Port Vale,1,0,2,2,1,1,1
Port Vale,4,1,2,2,5,3,1
Port Vale,4,2,2,2,6,2,1
Port Vale,1,0,2,2,1,1,1
Port Vale,2,0,2,2,2,2,1
Port Vale,0,3,2,2,3,-3,0
Port Vale,0,1,2,2,1,-1,0
Port Vale,1,0,2,2,1,1,1
Rotherham County,1,0,2,2,1,1,1
Rotherham County,0,3,2,2,3,-3,0
Rotherham County,1,2,2,2,3,-1,0
Rotherham County,2,2,2,2,4,0,0.5
Rotherham County,1,2,2,2,3,-1,0
Rotherham County,4,3,2,2,7,1,1
Rotherham County,1,1,2,2,2,0,0.5
Rotherham County,3,1,2,2,4,2,1
Rotherham County,1,3,2,2,4,-2,0
Rotherham County,1,2,2,2,3,-1,0
Rotherham County,1,0,2,2,1,1,1
Rotherham County,3,1,2,2,4,2,1
Rotherham County,3,0,2,2,3,3,1
Rotherham County,2,0,2,2,2,2,1
Rotherham County,2,2,2,2,4,0,0.5
Rotherham County,1,0,2,2,1,1,1
Rotherham County,1,0,2,2,1,1,1
Rotherham County,1,3,2,2,4,-2,0
Rotherham County,1,1,2,2,2,0,0.5
Rotherham County,0,1,2,2,1,-1,0
Rotherham County,2,0,2,2,2,2,1
South Shields,0,0,2,2,0,0,0.5
South Shields,1,0,2,2,1,1,1
South Shields,6,0,2,2,6,6,1
South Shields,0,2,2,2,2,-2,0
South Shields,0,0,2,2,0,0,0.5
South Shields,1,0,2,2,1,1,1
South Shields,2,0,2,2,2,2,1
South Shields,2,0,2,2,2,2,1
South Shields,1,2,2,2,3,-1,0
South Shields,7,1,2,2,8,6,1
South Shields,2,0,2,2,2,2,1
South Shields,2,0,2,2,2,2,1
South Shields,2,2,2,2,4,0,0.5
South Shields,5,2,2,2,7,3,1
South Shields,2,0,2,2,2,2,1
South Shields,6,2,2,2,8,4,1
South Shields,3,2,2,2,5,1,1
South Shields,2,2,2,2,4,0,0.5
South Shields,0,3,2,2,3,-3,0
South Shields,3,0,2,2,3,3,1
South Shields,0,0,2,2,0,0,0.5
Stockport County,1,0,2,2,1,1,1
Stockport County,2,1,2,2,3,1,1
Stockport County,0,0,2,2,0,0,0.5
Stockport County,2,3,2,2,5,-1,0
Stockport County,1,1,2,2,2,0,0.5
Stockport County,1,1,2,2,2,0,0.5
Stockport County,2,1,2,2,3,1,1
Stockport County,1,2,2,2,3,-1,0
Stockport County,1,2,2,2,3,-1,0
Stockport County,3,1,2,2,4,2,1
Stockport County,0,2,2,2,2,-2,0
Stockport County,3,1,2,2,4,2,1
Stockport County,3,0,2,2,3,3,1
Stockport County,0,0,2,2,0,0,0.5
Stockport County,0,4,2,2,4,-4,0
Stockport County,4,1,2,2,5,3,1
Stockport County,1,0,2,2,1,1,1
Stockport County,3,1,2,2,4,2,1
Stockport County,1,2,2,2,3,-1,0
Stockport County,1,0,2,2,1,1,1
Stockport County,4,1,2,2,5,3,1
Stoke City,2,0,2,2,2,2,1
Stoke City,0,1,2,2,1,-1,0
Stoke City,2,0,2,2,2,2,1
Stoke City,2,0,2,2,2,2,1
Stoke City,1,1,2,2,2,0,0.5
Stoke City,6,1,2,2,7,5,1
Stoke City,1,0,2,2,1,1,1
Stoke City,3,0,2,2,3,3,1
Stoke City,0,1,2,2,1,-1,0
Stoke City,3,1,2,2,4,2,1
Stoke City,3,0,2,2,3,3,1
Stoke City,2,0,2,2,2,2,1
Stoke City,1,3,2,2,4,-2,0
Stoke City,0,2,2,2,2,-2,0
Stoke City,0,0,2,2,0,0,0.5
Stoke City,3,0,2,2,3,3,1
Stoke City,0,0,2,2,0,0,0.5
Stoke City,2,1,2,2,3,1,1
Stoke City,1,3,2,2,4,-2,0
Stoke City,2,1,2,2,3,1,1
Stoke City,3,0,2,2,3,3,1
Tottenham Hotspur,4,0,2,2,4,4,1
Tottenham Hotspur,0,0,2,2,0,0,0.5
Tottenham Hotspur,2,2,2,2,4,0,0.5
Tottenham Hotspur,2,0,2,2,2,2,1
Tottenham Hotspur,2,1,2,2,3,1,1
Tottenham Hotspur,4,1,2,2,5,3,1
Tottenham Hotspur,4,0,2,2,4,4,1
Tottenham Hotspur,3,1,2,2,4,2,1
Tottenham Hotspur,2,0,2,2,2,2,1
Tottenham Hotspur,4,0,2,2,4,4,1
Tottenham Hotspur,4,0,2,2,4,4,1
Tottenham Hotspur,2,1,2,2,3,1,1
Tottenham Hotspur,6,1,2,2,7,5,1
Tottenham Hotspur,5,2,2,2,7,3,1
Tottenham Hotspur,2,0,2,2,2,2,1
Tottenham Hotspur,2,0,2,2,2,2,1
Tottenham Hotspur,2,0,2,2,2,2,1
Tottenham Hotspur,2,0,2,2,2,2,1
Tottenham Hotspur,2,0,2,2,2,2,1
Tottenham Hotspur,2,0,2,2,2,2,1
Tottenham Hotspur,4,2,2,2,6,2,1
West Ham United,0,2,2,2,2,-2,0
West Ham United,1,2,2,2,3,-1,0
West Ham United,1,0,2,2,1,1,1
West Ham United,2,0,2,2,2,2,1
West Ham United,1,0,2,2,1,1,1
West Ham United,2,0,2,2,2,2,1
West Ham United,0,1,2,2,1,-1,0
West Ham United,1,0,2,2,1,1,1
West Ham United,1,1,2,2,2,0,0.5
West Ham United,2,1,2,2,3,1,1
West Ham United,1,0,2,2,1,1,1
West Ham United,0,1,2,2,1,-1,0
West Ham United,1,1,2,2,2,0,0.5
West Ham United,5,1,2,2,6,4,1
West Ham United,3,1,2,2,4,2,1
West Ham United,2,1,2,2,3,1,1
West Ham United,1,0,2,2,1,1,1
West Ham United,3,0,2,2,3,3,1
West Ham United,1,1,2,2,2,0,0.5
West Ham United,2,1,2,2,3,1,1
West Ham United,4,0,2,2,4,4,1
Wolverhampton Wanderers,2,4,2,2,6,-2,0
Wolverhampton Wanderers,0,2,2,2,2,-2,0
Wolverhampton Wanderers,0,3,2,2,3,-3,0
Wolverhampton Wanderers,3,1,2,2,4,2,1
Wolverhampton Wanderers,0,1,2,2,1,-1,0
Wolverhampton Wanderers,2,0,2,2,2,2,1
Wolverhampton Wanderers,2,1,2,2,3,1,1
Wolverhampton Wanderers,6,1,2,2,7,5,1
Wolverhampton Wanderers,2,3,2,2,5,-1,0
Wolverhampton Wanderers,4,2,2,2,6,2,1
Wolverhampton Wanderers,2,4,2,2,6,-2,0
Wolverhampton Wanderers,1,1,2,2,2,0,0.5
Wolverhampton Wanderers,1,2,2,2,3,-1,0
Wolverhampton Wanderers,4,0,2,2,4,4,1
Wolverhampton Wanderers,4,0,2,2,4,4,1
Wolverhampton Wanderers,0,1,2,2,1,-1,0
Wolverhampton Wanderers,0,0,2,2,0,0,0.5
Wolverhampton Wanderers,2,2,2,2,4,0,0.5
Wolverhampton Wanderers,4,0,2,2,4,4,1
Wolverhampton Wanderers,1,3,2,2,4,-2,0
Wolverhampton Wanderers,1,1,2,2,2,0,0.5
Arsenal,0,1,1,1,1,-1,0
Arsenal,2,0,1,1,2,2,1
Arsenal,0,0,1,1,0,0,0.5
Arsenal,1,2,1,1,3,-1,0
Arsenal,2,1,1,1,3,1,1
Arsenal,1,1,1,1,2,0,0.5
Arsenal,1,1,1,1,2,0,0.5
Arsenal,2,0,1,1,2,2,1
Arsenal,1,1,1,1,2,0,0.5
Arsenal,2,0,1,1,2,2,1
Arsenal,0,0,1,1,0,0,0.5
Arsenal,2,1,1,1,3,1,1
Arsenal,2,0,1,1,2,2,1
Arsenal,2,2,1,1,4,0,0.5
Arsenal,1,1,1,1,2,0,0.5
Arsenal,2,2,1,1,4,0,0.5
Arsenal,2,1,1,1,3,1,1
Arsenal,2,6,1,1,8,-4,0
Arsenal,1,2,1,1,3,-1,0
Arsenal,3,2,1,1,5,1,1
Arsenal,2,1,1,1,3,1,1
Aston Villa,5,0,1,1,5,5,1
Aston Villa,3,0,1,1,3,3,1
Aston Villa,2,0,1,1,2,2,1
Aston Villa,1,2,1,1,3,-1,0
Aston Villa,4,1,1,1,5,3,1
Aston Villa,0,0,1,1,0,0,0.5
Aston Villa,3,0,1,1,3,3,1
Aston Villa,1,0,1,1,1,1,1
Aston Villa,1,3,1,1,4,-2,0
Aston Villa,0,0,1,1,0,0,0.5
Aston Villa,0,2,1,1,2,-2,0
Aston Villa,3,1,1,1,4,2,1
Aston Villa,3,4,1,1,7,-1,0
Aston Villa,0,1,1,1,1,-1,0
Aston Villa,0,0,1,1,0,0,0.5
Aston Villa,3,0,1,1,3,3,1
Aston Villa,1,0,1,1,1,1,1
Aston Villa,4,0,1,1,4,4,1
Aston Villa,1,5,1,1,6,-4,0
Aston Villa,4,2,1,1,6,2,1
Aston Villa,0,0,1,1,0,0,0.5
Blackburn Rovers,2,2,1,1,4,0,0.5
Blackburn Rovers,0,1,1,1,1,-1,0
Blackburn Rovers,2,2,1,1,4,0,0.5
Blackburn Rovers,2,3,1,1,5,-1,0
Blackburn Rovers,1,0,1,1,1,1,1
Blackburn Rovers,1,3,1,1,4,-2,0
Blackburn Rovers,0,0,1,1,0,0,0.5
Blackburn Rovers,2,0,1,1,2,2,1
Blackburn Rovers,0,0,1,1,0,0,0.5
Blackburn Rovers,1,2,1,1,3,-1,0
Blackburn Rovers,1,1,1,1,2,0,0.5
Blackburn Rovers,0,2,1,1,2,-2,0
Blackburn Rovers,2,0,1,1,2,2,1
Blackburn Rovers,3,2,1,1,5,1,1
Blackburn Rovers,3,3,1,1,6,0,0.5
Blackburn Rovers,5,1,1,1,6,4,1
Blackburn Rovers,2,2,1,1,4,0,0.5
Blackburn Rovers,1,1,1,1,2,0,0.5
Blackburn Rovers,2,0,1,1,2,2,1
Blackburn Rovers,1,1,1,1,2,0,0.5
Blackburn Rovers,5,1,1,1,6,4,1
Bolton Wanderers,1,1,1,1,2,0,0.5
Bolton Wanderers,5,0,1,1,5,5,1
Bolton Wanderers,2,1,1,1,3,1,1
Bolton Wanderers,1,1,1,1,2,0,0.5
Bolton Wanderers,2,0,1,1,2,2,1
Bolton Wanderers,1,1,1,1,2,0,0.5
Bolton Wanderers,3,1,1,1,4,2,1
Bolton Wanderers,1,0,1,1,1,1,1
Bolton Wanderers,4,2,1,1,6,2,1
Bolton Wanderers,3,1,1,1,4,2,1
Bolton Wanderers,1,0,1,1,1,1,1
Bolton Wanderers,3,0,1,1,3,3,1
Bolton Wanderers,1,1,1,1,2,0,0.5
Bolton Wanderers,6,2,1,1,8,4,1
Bolton Wanderers,3,1,1,1,4,2,1
Bolton Wanderers,1,1,1,1,2,0,0.5
Bolton Wanderers,3,0,1,1,3,3,1
Bolton Wanderers,2,2,1,1,4,0,0.5
Bolton Wanderers,6,2,1,1,8,4,1
Bolton Wanderers,1,0,1,1,1,1,1
Bolton Wanderers,3,0,1,1,3,3,1
Bradford City,3,1,1,1,4,2,1
Bradford City,3,0,1,1,3,3,1
Bradford City,3,4,1,1,7,-1,0
Bradford City,2,2,1,1,4,0,0.5
Bradford City,2,1,1,1,3,1,1
Bradford City,2,0,1,1,2,2,1
Bradford City,1,1,1,1,2,0,0.5
Bradford City,2,2,1,1,4,0,0.5
Bradford City,2,2,1,1,4,0,0.5
Bradford City,0,2,1,1,2,-2,0
Bradford City,0,0,1,1,0,0,0.5
Bradford City,1,2,1,1,3,-1,0
Bradford City,1,1,1,1,2,0,0.5
Bradford City,0,1,1,1,1,-1,0
Bradford City,1,1,1,1,2,0,0.5
Bradford City,1,3,1,1,4,-2,0
Bradford City,6,2,1,1,8,4,1
Bradford City,4,0,1,1,4,4,1
Bradford City,2,2,1,1,4,0,0.5
Bradford City,1,0,1,1,1,1,1
Bradford City,1,1,1,1,2,0,0.5
Bradford Park Avenue,0,1,1,1,1,-1,0
Bradford Park Avenue,4,0,1,1,4,4,1
Bradford Park Avenue,1,1,1,1,2,0,0.5
Bradford Park Avenue,2,1,1,1,3,1,1
Bradford Park Avenue,1,2,1,1,3,-1,0
Bradford Park Avenue,1,3,1,1,4,-2,0
Bradford Park Avenue,0,2,1,1,2,-2,0
Bradford Park Avenue,2,1,1,1,3,1,1
Bradford Park Avenue,3,3,1,1,6,0,0.5
Bradford Park Avenue,1,1,1,1,2,0,0.5
Bradford Park Avenue,1,3,1,1,4,-2,0
Bradford Park Avenue,1,2,1,1,3,-1,0
Bradford Park Avenue,2,4,1,1,6,-2,0
Bradford Park Avenue,3,0,1,1,3,3,1
Bradford Park Avenue,0,2,1,1,2,-2,0
Bradford Park Avenue,2,1,1,1,3,1,1
Bradford Park Avenue,1,3,1,1,4,-2,0
Bradford Park Avenue,2,0,1,1,2,2,1
Bradford Park Avenue,1,1,1,1,2,0,0.5
Bradford Park Avenue,1,1,1,1,2,0,0.5
Bradford Park Avenue,0,3,1,1,3,-3,0
Burnley,1,0,1,1,1,1,1
Burnley,7,1,1,1,8,6,1
Burnley,4,1,1,1,5,3,1
Burnley,3,1,1,1,4,2,1
Burnley,1,4,1,1,5,-3,0
Burnley,1,0,1,1,1,1,1
Burnley,4,0,1,1,4,4,1
Burnley,2,1,1,1,3,1,1
Burnley,1,1,1,1,2,0,0.5
Burnley,3,0,1,1,3,3,1
Burnley,1,0,1,1,1,1,1
Burnley,2,1,1,1,3,1,1
Burnley,1,0,1,1,1,1,1
Burnley,2,1,1,1,3,1,1
Burnley,3,1,1,1,4,2,1
Burnley,7,1,1,1,8,6,1
Burnley,2,0,1,1,2,2,1
Burnley,6,0,1,1,6,6,1
Burnley,2,2,1,1,4,0,0.5
Burnley,2,0,1,1,2,2,1
Burnley,1,1,1,1,2,0,0.5
Chelsea,1,2,1,1,3,-1,0
Chelsea,5,1,1,1,6,4,1
Chelsea,1,2,1,1,3,-1,0
Chelsea,1,0,1,1,1,1,1
Chelsea,3,1,1,1,4,2,1
Chelsea,4,1,1,1,5,3,1
Chelsea,1,1,1,1,2,0,0.5
Chelsea,1,1,1,1,2,0,0.5
Chelsea,0,1,1,1,1,-1,0
Chelsea,1,1,1,1,2,0,0.5
Chelsea,1,1,1,1,2,0,0.5
Chelsea,2,1,1,1,3,1,1
Chelsea,1,2,1,1,3,-1,0
Chelsea,1,1,1,1,2,0,0.5
Chelsea,2,0,1,1,2,2,1
Chelsea,1,1,1,1,2,0,0.5
Chelsea,1,1,1,1,2,0,0.5
Chelsea,2,1,1,1,3,1,1
Chelsea,3,1,1,1,4,2,1
Chelsea,0,4,1,1,4,-4,0
Chelsea,3,0,1,1,3,3,1
Derby County,1,1,1,1,2,0,0.5
Derby County,2,3,1,1,5,-1,0
Derby County,0,1,1,1,1,-1,0
Derby County,0,0,1,1,0,0,0.5
Derby County,1,1,1,1,2,0,0.5
Derby County,1,0,1,1,1,1,1
Derby County,0,0,1,1,0,0,0.5
Derby County,0,0,1,1,0,0,0.5
Derby County,2,4,1,1,6,-2,0
Derby County,2,1,1,1,3,1,1
Derby County,0,0,1,1,0,0,0.5
Derby County,3,0,1,1,3,3,1
Derby County,1,1,1,1,2,0,0.5
Derby County,0,1,1,1,1,-1,0
Derby County,0,1,1,1,1,-1,0
Derby County,3,3,1,1,6,0,0.5
Derby County,1,1,1,1,2,0,0.5
Derby County,1,1,1,1,2,0,0.5
Derby County,0,1,1,1,1,-1,0
Derby County,2,2,1,1,4,0,0.5
Derby County,1,1,1,1,2,0,0.5
Everton,2,4,1,1,6,-2,0
Everton,1,1,1,1,2,0,0.5
Everton,2,1,1,1,3,1,1
Everton,2,3,1,1,5,-1,0
Everton,2,2,1,1,4,0,0.5
Everton,1,1,1,1,2,0,0.5
Everton,1,1,1,1,2,0,0.5
Everton,5,1,1,1,6,4,1
Everton,3,1,1,1,4,2,1
Everton,0,0,1,1,0,0,0.5
Everton,0,3,1,1,3,-3,0
Everton,3,0,1,1,3,3,1
Everton,2,0,1,1,2,2,1
Everton,2,1,1,1,3,1,1
Everton,3,1,1,1,4,2,1
Everton,5,2,1,1,7,3,1
Everton,0,1,1,1,1,-1,0
Everton,3,0,1,1,3,3,1
Everton,1,1,1,1,2,0,0.5
Everton,0,0,1,1,0,0,0.5
Everton,2,2,1,1,4,0,0.5
Huddersfield Town,0,4,1,1,4,-4,0
Huddersfield Town,1,0,1,1,1,1,1
Huddersfield Town,0,0,1,1,0,0,0.5
Huddersfield Town,0,0,1,1,0,0,0.5
Huddersfield Town,1,0,1,1,1,1,1
Huddersfield Town,0,0,1,1,0,0,0.5
Huddersfield Town,1,0,1,1,1,1,1
Huddersfield Town,2,0,1,1,2,2,1
Huddersfield Town,2,0,1,1,2,2,1
Huddersfield Town,0,1,1,1,1,-1,0
Huddersfield Town,1,2,1,1,3,-1,0
Huddersfield Town,0,1,1,1,1,-1,0
Huddersfield Town,5,2,1,1,7,3,1
Huddersfield Town,0,1,1,1,1,-1,0
Huddersfield Town,1,3,1,1,4,-2,0
Huddersfield Town,3,1,1,1,4,2,1
Huddersfield Town,1,0,1,1,1,1,1
Huddersfield Town,1,0,1,1,1,1,1
Huddersfield Town,0,0,1,1,0,0,0.5
Huddersfield Town,2,0,1,1,2,2,1
Huddersfield Town,5,1,1,1,6,4,1
Liverpool,3,0,1,1,3,3,1
Liverpool,4,1,1,1,5,3,1
Liverpool,2,0,1,1,2,2,1
Liverpool,2,3,1,1,5,-1,0
Liverpool,2,1,1,1,3,1,1
Liverpool,0,1,1,1,1,-1,0
Liverpool,0,0,1,1,0,0,0.5
Liverpool,2,1,1,1,3,1,1
Liverpool,1,1,1,1,2,0,0.5
Liverpool,1,0,1,1,1,1,1
Liverpool,4,1,1,1,5,3,1
Liverpool,4,2,1,1,6,2,1
Liverpool,2,0,1,1,2,2,1
Liverpool,0,0,1,1,0,0,0.5
Liverpool,0,1,1,1,1,-1,0
Liverpool,5,2,1,1,7,3,1
Liverpool,6,0,1,1,6,6,1
Liverpool,2,2,1,1,4,0,0.5
Liverpool,0,0,1,1,0,0,0.5
Liverpool,1,1,1,1,2,0,0.5
Liverpool,0,0,1,1,0,0,0.5
Manchester City,3,1,1,1,4,2,1
Manchester City,3,1,1,1,4,2,1
Manchester City,0,0,1,1,0,0,0.5
Manchester City,3,1,1,1,4,2,1
Manchester City,1,0,1,1,1,1,1
Manchester City,1,0,1,1,1,1,1
Manchester City,3,0,1,1,3,3,1
Manchester City,1,0,1,1,1,1,1
Manchester City,0,0,1,1,0,0,0.5
Manchester City,2,0,1,1,2,2,1
Manchester City,3,2,1,1,5,1,1
Manchester City,3,2,1,1,5,1,1
Manchester City,3,0,1,1,3,3,1
Manchester City,2,1,1,1,3,1,1
Manchester City,3,1,1,1,4,2,1
Manchester City,3,1,1,1,4,2,1
Manchester City,5,1,1,1,6,4,1
Manchester City,2,1,1,1,3,1,1
Manchester City,3,1,1,1,4,2,1
Manchester City,2,0,1,1,2,2,1
Manchester City,4,0,1,1,4,4,1
Manchester United,1,1,1,1,2,0,0.5
Manchester United,1,3,1,1,4,-2,0
Manchester United,0,1,1,1,1,-1,0
Manchester United,2,3,1,1,5,-1,0
Manchester United,1,1,1,1,2,0,0.5
Manchester United,5,1,1,1,6,4,1
Manchester United,0,3,1,1,3,-3,0
Manchester United,3,1,1,1,4,2,1
Manchester United,3,0,1,1,3,3,1
Manchester United,1,2,1,1,3,-1,0
Manchester United,2,0,1,1,2,2,1
Manchester United,1,1,1,1,2,0,0.5
Manchester United,1,1,1,1,2,0,0.5
Manchester United,0,1,1,1,1,-1,0
Manchester United,2,0,1,1,2,2,1
Manchester United,4,1,1,1,5,3,1
Manchester United,1,0,1,1,1,1,1
Manchester United,2,1,1,1,3,1,1
Manchester United,3,0,1,1,3,3,1
Manchester United,0,1,1,1,1,-1,0
Manchester United,1,4,1,1,5,-3,0
Middlesbrough,2,1,1,1,3,1,1
Middlesbrough,1,4,1,1,5,-3,0
Middlesbrough,1,1,1,1,2,0,0.5
Middlesbrough,4,1,1,1,5,3,1
Middlesbrough,2,1,1,1,3,1,1
Middlesbrough,2,1,1,1,3,1,1
Middlesbrough,0,0,1,1,0,0,0.5
Middlesbrough,0,0,1,1,0,0,0.5
Middlesbrough,1,0,1,1,1,1,1
Middlesbrough,3,1,1,1,4,2,1
Middlesbrough,2,0,1,1,2,2,1
Middlesbrough,0,1,1,1,1,-1,0
Middlesbrough,3,1,1,1,4,2,1
Middlesbrough,2,4,1,1,6,-2,0
Middlesbrough,0,0,1,1,0,0,0.5
Middlesbrough,1,2,1,1,3,-1,0
Middlesbrough,0,0,1,1,0,0,0.5
Middlesbrough,2,2,1,1,4,0,0.5
Middlesbrough,2,0,1,1,2,2,1
Middlesbrough,1,0,1,1,1,1,1
Middlesbrough,0,1,1,1,1,-1,0
Newcastle United,1,0,1,1,1,1,1
Newcastle United,2,1,1,1,3,1,1
Newcastle United,1,2,1,1,3,-1,0
Newcastle United,1,0,1,1,1,1,1
Newcastle United,4,0,1,1,4,4,1
Newcastle United,2,1,1,1,3,1,1
Newcastle United,1,2,1,1,3,-1,0
Newcastle United,1,0,1,1,1,1,1
Newcastle United,0,1,1,1,1,-1,0
Newcastle United,2,0,1,1,2,2,1
Newcastle United,1,0,1,1,1,1,1
Newcastle United,2,0,1,1,2,2,1
Newcastle United,1,1,1,1,2,0,0.5
Newcastle United,6,3,1,1,9,3,1
Newcastle United,2,0,1,1,2,2,1
Newcastle United,1,2,1,1,3,-1,0
Newcastle United,4,2,1,1,6,2,1
Newcastle United,3,0,1,1,3,3,1
Newcastle United,6,1,1,1,7,5,1
Newcastle United,1,1,1,1,2,0,0.5
Newcastle United,1,1,1,1,2,0,0.5
Oldham Athletic,1,1,1,1,2,0,0.5
Oldham Athletic,1,1,1,1,2,0,0.5
Oldham Athletic,1,0,1,1,1,1,1
Oldham Athletic,0,0,1,1,0,0,0.5
Oldham Athletic,2,0,1,1,2,2,1
Oldham Athletic,1,0,1,1,1,1,1
Oldham Athletic,2,2,1,1,4,0,0.5
Oldham Athletic,1,2,1,1,3,-1,0
Oldham Athletic,2,1,1,1,3,1,1
Oldham Athletic,0,1,1,1,1,-1,0
Oldham Athletic,1,2,1,1,3,-1,0
Oldham Athletic,0,0,1,1,0,0,0.5
Oldham Athletic,2,0,1,1,2,2,1
Oldham Athletic,2,2,1,1,4,0,0.5
Oldham Athletic,3,3,1,1,6,0,0.5
Oldham Athletic,0,0,1,1,0,0,0.5
Oldham Athletic,0,2,1,1,2,-2,0
Oldham Athletic,0,0,1,1,0,0,0.5
Oldham Athletic,2,1,1,1,3,1,1
Oldham Athletic,2,5,1,1,7,-3,0
Oldham Athletic,0,3,1,1,3,-3,0
Preston North End,0,1,1,1,1,-1,0
Preston North End,6,1,1,1,7,5,1
Preston North End,4,2,1,1,6,2,1
Preston North End,1,2,1,1,3,-1,0
Preston North End,1,1,1,1,2,0,0.5
Preston North End,3,3,1,1,6,0,0.5
Preston North End,0,3,1,1,3,-3,0
Preston North End,0,1,1,1,1,-1,0
Preston North End,2,1,1,1,3,1,1
Preston North End,1,0,1,1,1,1,1
Preston North End,0,1,1,1,1,-1,0
Preston North End,2,3,1,1,5,-1,0
Preston North End,0,1,1,1,1,-1,0
Preston North End,0,0,1,1,0,0,0.5
Preston North End,2,0,1,1,2,2,1
Preston North End,3,2,1,1,5,1,1
Preston North End,4,0,1,1,4,4,1
Preston North End,2,0,1,1,2,2,1
Preston North End,1,1,1,1,2,0,0.5
Preston North End,4,1,1,1,5,3,1
Preston North End,2,1,1,1,3,1,1
Sheffield United,1,1,1,1,2,0,0.5
Sheffield United,0,0,1,1,0,0,0.5
Sheffield United,1,1,1,1,2,0,0.5
Sheffield United,2,2,1,1,4,0,0.5
Sheffield United,4,1,1,1,5,3,1
Sheffield United,2,0,1,1,2,2,1
Sheffield United,1,1,1,1,2,0,0.5
Sheffield United,0,1,1,1,1,-1,0
Sheffield United,0,1,1,1,1,-1,0
Sheffield United,2,0,1,1,2,2,1
Sheffield United,1,1,1,1,2,0,0.5
Sheffield United,0,1,1,1,1,-1,0
Sheffield United,1,1,1,1,2,0,0.5
Sheffield United,0,0,1,1,0,0,0.5
Sheffield United,1,1,1,1,2,0,0.5
Sheffield United,0,3,1,1,3,-3,0
Sheffield United,3,0,1,1,3,3,1
Sheffield United,1,0,1,1,1,1,1
Sheffield United,1,1,1,1,2,0,0.5
Sheffield United,1,1,1,1,2,0,0.5
Sheffield United,0,2,1,1,2,-2,0
Sunderland,5,1,1,1,6,4,1
Sunderland,0,1,1,1,1,-1,0
Sunderland,2,0,1,1,2,2,1
Sunderland,0,0,1,1,0,0,0.5
Sunderland,0,0,1,1,0,0,0.5
Sunderland,5,1,1,1,6,4,1
Sunderland,1,0,1,1,1,1,1
Sunderland,1,0,1,1,1,1,1
Sunderland,3,0,1,1,3,3,1
Sunderland,0,2,1,1,2,-2,0
Sunderland,2,1,1,1,3,1,1
Sunderland,2,1,1,1,3,1,1
Sunderland,1,0,1,1,1,1,1
Sunderland,2,3,1,1,5,-1,0
Sunderland,1,2,1,1,3,-1,0
Sunderland,0,2,1,1,2,-2,0
Sunderland,1,1,1,1,2,0,0.5
Sunderland,2,2,1,1,4,0,0.5
Sunderland,3,1,1,1,4,2,1
Sunderland,0,1,1,1,1,-1,0
Sunderland,3,0,1,1,3,3,1
Tottenham Hotspur,2,1,1,1,3,1,1
Tottenham Hotspur,1,2,1,1,3,-1,0
Tottenham Hotspur,1,2,1,1,3,-1,0
Tottenham Hotspur,5,2,1,1,7,3,1
Tottenham Hotspur,2,0,1,1,2,2,1
Tottenham Hotspur,2,0,1,1,2,2,1
Tottenham Hotspur,1,2,1,1,3,-1,0
Tottenham Hotspur,5,0,1,1,5,5,1
Tottenham Hotspur,2,0,1,1,2,2,1
Tottenham Hotspur,2,0,1,1,2,2,1
Tottenham Hotspur,1,0,1,1,1,1,1
Tottenham Hotspur,1,0,1,1,1,1,1
Tottenham Hotspur,2,0,1,1,2,2,1
Tottenham Hotspur,4,1,1,1,5,3,1
Tottenham Hotspur,2,2,1,1,4,0,0.5
Tottenham Hotspur,2,0,1,1,2,2,1
Tottenham Hotspur,5,1,1,1,6,4,1
Tottenham Hotspur,1,2,1,1,3,-1,0
Tottenham Hotspur,4,1,1,1,5,3,1
Tottenham Hotspur,0,0,1,1,0,0,0.5
Tottenham Hotspur,1,0,1,1,1,1,1
West Bromwich Albion,3,4,1,1,7,-1,0
West Bromwich Albion,2,1,1,1,3,1,1
West Bromwich Albion,1,1,1,1,2,0,0.5
West Bromwich Albion,2,1,1,1,3,1,1
West Bromwich Albion,2,0,1,1,2,2,1
West Bromwich Albion,0,1,1,1,1,-1,0
West Bromwich Albion,2,0,1,1,2,2,1
West Bromwich Albion,1,1,1,1,2,0,0.5
West Bromwich Albion,3,0,1,1,3,3,1
West Bromwich Albion,1,2,1,1,3,-1,0
West Bromwich Albion,3,0,1,1,3,3,1
West Bromwich Albion,1,1,1,1,2,0,0.5
West Bromwich Albion,2,2,1,1,4,0,0.5
West Bromwich Albion,0,2,1,1,2,-2,0
West Bromwich Albion,0,1,1,1,1,-1,0
West Bromwich Albion,0,0,1,1,0,0,0.5
West Bromwich Albion,0,0,1,1,0,0,0.5
West Bromwich Albion,0,3,1,1,3,-3,0
West Bromwich Albion,1,1,1,1,2,0,0.5
West Bromwich Albion,4,1,1,1,5,3,1
West Bromwich Albion,3,1,1,1,4,2,1
Barnsley,1,1,2,2,2,0,0.5
Barnsley,0,1,2,2,1,-1,0
Barnsley,1,1,2,2,2,0,0.5
Barnsley,5,0,2,2,5,5,1
Barnsley,0,2,2,2,2,-2,0
Barnsley,2,2,2,2,4,0,0.5
Barnsley,3,1,2,2,4,2,1
Barnsley,0,0,2,2,0,0,0.5
Barnsley,1,1,2,2,2,0,0.5
Barnsley,2,1,2,2,3,1,1
Barnsley,1,0,2,2,1,1,1
Barnsley,0,0,2,2,0,0,0.5
Barnsley,2,2,2,2,4,0,0.5
Barnsley,3,0,2,2,3,3,1
Barnsley,2,1,2,2,3,1,1
Barnsley,0,0,2,2,0,0,0.5
Barnsley,1,1,2,2,2,0,0.5
Barnsley,2,0,2,2,2,2,1
Barnsley,1,0,2,2,1,1,1
Barnsley,1,1,2,2,2,0,0.5
Barnsley,3,2,2,2,5,1,1
Birmingham City,1,3,2,2,4,-2,0
Birmingham City,3,0,2,2,3,3,1
Birmingham City,0,0,2,2,0,0,0.5
Birmingham City,4,0,2,2,4,4,1
Birmingham City,1,1,2,2,2,0,0.5
Birmingham City,3,2,2,2,5,1,1
Birmingham City,1,0,2,2,1,1,1
Birmingham City,5,1,2,2,6,4,1
Birmingham City,1,0,2,2,1,1,1
Birmingham City,5,0,2,2,5,5,1
Birmingham City,0,0,2,2,0,0,0.5
Birmingham City,3,0,2,2,3,3,1
Birmingham City,2,1,2,2,3,1,1
Birmingham City,4,0,2,2,4,4,1
Birmingham City,3,2,2,2,5,1,1
Birmingham City,4,0,2,2,4,4,1
Birmingham City,1,1,2,2,2,0,0.5
Birmingham City,5,0,2,2,5,5,1
Birmingham City,3,0,2,2,3,3,1
Birmingham City,2,1,2,2,3,1,1
Birmingham City,4,1,2,2,5,3,1
Blackpool,1,0,2,2,1,1,1
Blackpool,3,0,2,2,3,3,1
Blackpool,1,2,2,2,3,-1,0
Blackpool,0,1,2,2,1,-1,0
Blackpool,2,4,2,2,6,-2,0
Blackpool,4,0,2,2,4,4,1
Blackpool,1,0,2,2,1,1,1
Blackpool,1,2,2,2,3,-1,0
Blackpool,1,0,2,2,1,1,1
Blackpool,2,0,2,2,2,2,1
Blackpool,2,2,2,2,4,0,0.5
Blackpool,1,0,2,2,1,1,1
Blackpool,0,2,2,2,2,-2,0
Blackpool,1,0,2,2,1,1,1
Blackpool,0,1,2,2,1,-1,0
Blackpool,1,1,2,2,2,0,0.5
Blackpool,3,2,2,2,5,1,1
Blackpool,1,1,2,2,2,0,0.5
Blackpool,3,1,2,2,4,2,1
Blackpool,1,0,2,2,1,1,1
Blackpool,3,0,2,2,3,3,1
Bristol City,1,0,2,2,1,1,1
Bristol City,0,1,2,2,1,-1,0
Bristol City,1,1,2,2,2,0,0.5
Bristol City,1,0,2,2,1,1,1
Bristol City,0,0,2,2,0,0,0.5
Bristol City,2,0,2,2,2,2,1
Bristol City,2,0,2,2,2,2,1
Bristol City,2,1,2,2,3,1,1
Bristol City,0,0,2,2,0,0,0.5
Bristol City,1,0,2,2,1,1,1
Bristol City,2,0,2,2,2,2,1
Bristol City,1,0,2,2,1,1,1
Bristol City,0,1,2,2,1,-1,0
Bristol City,3,0,2,2,3,3,1
Bristol City,2,4,2,2,6,-2,0
Bristol City,0,1,2,2,1,-1,0
Bristol City,4,2,2,2,6,2,1
Bristol City,5,1,2,2,6,4,1
Bristol City,5,0,2,2,5,5,1
Bristol City,1,0,2,2,1,1,1
Bristol City,2,0,2,2,2,2,1
Bury,0,0,2,2,0,0,0.5
Bury,0,1,2,2,1,-1,0
Bury,2,2,2,2,4,0,0.5
Bury,2,0,2,2,2,2,1
Bury,3,1,2,2,4,2,1
Bury,2,0,2,2,2,2,1
Bury,1,1,2,2,2,0,0.5
Bury,0,0,2,2,0,0,0.5
Bury,1,1,2,2,2,0,0.5
Bury,4,0,2,2,4,4,1
Bury,0,1,2,2,1,-1,0
Bury,2,2,2,2,4,0,0.5
Bury,0,1,2,2,1,-1,0
Bury,1,0,2,2,1,1,1
Bury,1,0,2,2,1,1,1
Bury,1,1,2,2,2,0,0.5
Bury,1,0,2,2,1,1,1
Bury,1,1,2,2,2,0,0.5
Bury,3,0,2,2,3,3,1
Bury,1,0,2,2,1,1,1
Bury,3,1,2,2,4,2,1
Cardiff City,3,2,2,2,5,1,1
Cardiff City,2,1,2,2,3,1,1
Cardiff City,0,0,2,2,0,0,0.5
Cardiff City,1,0,2,2,1,1,1
Cardiff City,2,1,2,2,3,1,1
Cardiff City,0,1,2,2,1,-1,0
Cardiff City,3,0,2,2,3,3,1
Cardiff City,0,0,2,2,0,0,0.5
Cardiff City,1,0,2,2,1,1,1
Cardiff City,2,0,2,2,2,2,1
Cardiff City,0,0,2,2,0,0,0.5
Cardiff City,3,0,2,2,3,3,1
Cardiff City,1,1,2,2,2,0,0.5
Cardiff City,1,2,2,2,3,-1,0
Cardiff City,1,0,2,2,1,1,1
Cardiff City,1,0,2,2,1,1,1
Cardiff City,1,0,2,2,1,1,1
Cardiff City,3,0,2,2,3,3,1
Cardiff City,0,1,2,2,1,-1,0
Cardiff City,0,0,2,2,0,0,0.5
Cardiff City,2,0,2,2,2,2,1
Coventry City,3,1,2,2,4,2,1
Coventry City,0,4,2,2,4,-4,0
Coventry City,0,2,2,2,2,-2,0
Coventry City,2,1,2,2,3,1,1
Coventry City,1,0,2,2,1,1,1
Coventry City,2,4,2,2,6,-2,0
Coventry City,0,2,2,2,2,-2,0
Coventry City,3,2,2,2,5,1,1
Coventry City,1,1,2,2,2,0,0.5
Coventry City,1,0,2,2,1,1,1
Coventry City,1,1,2,2,2,0,0.5
Coventry City,0,0,2,2,0,0,0.5
Coventry City,1,1,2,2,2,0,0.5
Coventry City,0,0,2,2,0,0,0.5
Coventry City,0,1,2,2,1,-1,0
Coventry City,2,3,2,2,5,-1,0
Coventry City,1,0,2,2,1,1,1
Coventry City,1,1,2,2,2,0,0.5
Coventry City,1,0,2,2,1,1,1
Coventry City,0,1,2,2,1,-1,0
Coventry City,4,0,2,2,4,4,1
Fulham,1,0,2,2,1,1,1
Fulham,5,0,2,2,5,5,1
Fulham,1,2,2,2,3,-1,0
Fulham,3,0,2,2,3,3,1
Fulham,0,0,2,2,0,0,0.5
Fulham,0,3,2,2,3,-3,0
Fulham,2,0,2,2,2,2,1
Fulham,3,0,2,2,3,3,1
Fulham,1,0,2,2,1,1,1
Fulham,1,1,2,2,2,0,0.5
Fulham,1,0,2,2,1,1,1
Fulham,2,1,2,2,3,1,1
Fulham,3,1,2,2,4,2,1
Fulham,1,0,2,2,1,1,1
Fulham,1,0,2,2,1,1,1
Fulham,2,0,2,2,2,2,1
Fulham,0,0,2,2,0,0,0.5
Fulham,3,1,2,2,4,2,1
Fulham,1,3,2,2,4,-2,0
Fulham,0,0,2,2,0,0,0.5
Fulham,2,0,2,2,2,2,1
Hull City,3,0,2,2,3,3,1
Hull City,1,0,2,2,1,1,1
Hull City,2,1,2,2,3,1,1
Hull City,2,0,2,2,2,2,1
Hull City,1,1,2,2,2,0,0.5
Hull City,2,0,2,2,2,2,1
Hull City,1,1,2,2,2,0,0.5
Hull City,0,0,2,2,0,0,0.5
Hull City,0,1,2,2,1,-1,0
Hull City,1,1,2,2,2,0,0.5
Hull City,3,0,2,2,3,3,1
Hull City,0,3,2,2,3,-3,0
Hull City,1,1,2,2,2,0,0.5
Hull City,1,1,2,2,2,0,0.5
Hull City,1,1,2,2,2,0,0.5
Hull City,1,1,2,2,2,0,0.5
Hull City,0,2,2,2,2,-2,0
Hull City,1,1,2,2,2,0,0.5
Hull City,1,1,2,2,2,0,0.5
Hull City,2,1,2,2,3,1,1
Hull City,0,1,2,2,1,-1,0
Leeds United,0,0,2,2,0,0,0.5
Leeds United,1,0,2,2,1,1,1
Leeds United,2,0,2,2,2,2,1
Leeds United,0,1,2,2,1,-1,0
Leeds United,1,0,2,2,1,1,1
Leeds United,1,2,2,2,3,-1,0
Leeds United,4,0,2,2,4,4,1
Leeds United,0,0,2,2,0,0,0.5
Leeds United,1,1,2,2,2,0,0.5
Leeds United,3,1,2,2,4,2,1
Leeds United,2,1,2,2,3,1,1
Leeds United,1,1,2,2,2,0,0.5
Leeds United,3,0,2,2,3,3,1
Leeds United,3,1,2,2,4,2,1
Leeds United,1,0,2,2,1,1,1
Leeds United,2,0,2,2,2,2,1
Leeds United,1,2,2,2,3,-1,0
Leeds United,0,2,2,2,2,-2,0
Leeds United,0,0,2,2,0,0,0.5
Leeds United,1,2,2,2,3,-1,0
Leeds United,3,0,2,2,3,3,1
Leicester City,2,0,2,2,2,2,1
Leicester City,3,0,2,2,3,3,1
Leicester City,0,1,2,2,1,-1,0
Leicester City,0,0,2,2,0,0,0.5
Leicester City,4,0,2,2,4,4,1
Leicester City,2,0,2,2,2,2,1
Leicester City,0,1,2,2,1,-1,0
Leicester City,1,1,2,2,2,0,0.5
Leicester City,0,0,2,2,0,0,0.5
Leicester City,1,1,2,2,2,0,0.5
Leicester City,2,1,2,2,3,1,1
Leicester City,2,0,2,2,2,2,1
Leicester City,0,3,2,2,3,-3,0
Leicester City,0,0,2,2,0,0,0.5
Leicester City,1,1,2,2,2,0,0.5
Leicester City,2,1,2,2,3,1,1
Leicester City,2,0,2,2,2,2,1
Leicester City,0,0,2,2,0,0,0.5
Leicester City,3,1,2,2,4,2,1
Leicester City,1,0,2,2,1,1,1
Leicester City,0,0,2,2,0,0,0.5
Leyton Orient,3,2,2,2,5,1,1
Leyton Orient,1,1,2,2,2,0,0.5
Leyton Orient,0,0,2,2,0,0,0.5
Leyton Orient,0,0,2,2,0,0,0.5
Leyton Orient,1,0,2,2,1,1,1
Leyton Orient,2,0,2,2,2,2,1
Leyton Orient,0,0,2,2,0,0,0.5
Leyton Orient,3,0,2,2,3,3,1
Leyton Orient,1,1,2,2,2,0,0.5
Leyton Orient,1,0,2,2,1,1,1
Leyton Orient,2,0,2,2,2,2,1
Leyton Orient,2,1,2,2,3,1,1
Leyton Orient,3,0,2,2,3,3,1
Leyton Orient,0,0,2,2,0,0,0.5
Leyton Orient,2,0,2,2,2,2,1
Leyton Orient,1,0,2,2,1,1,1
Leyton Orient,1,0,2,2,1,1,1
Leyton Orient,5,0,2,2,5,5,1
Leyton Orient,3,2,2,2,5,1,1
Leyton Orient,0,1,2,2,1,-1,0
Leyton Orient,0,1,2,2,1,-1,0
Nottingham Forest,0,0,2,2,0,0,0.5
Nottingham Forest,1,1,2,2,2,0,0.5
Nottingham Forest,3,1,2,2,4,2,1
Nottingham Forest,0,1,2,2,1,-1,0
Nottingham Forest,4,2,2,2,6,2,1
Nottingham Forest,1,2,2,2,3,-1,0
Nottingham Forest,0,2,2,2,2,-2,0
Nottingham Forest,5,1,2,2,6,4,1
Nottingham Forest,2,0,2,2,2,2,1
Nottingham Forest,1,0,2,2,1,1,1
Nottingham Forest,1,2,2,2,3,-1,0
Nottingham Forest,1,1,2,2,2,0,0.5
Nottingham Forest,1,0,2,2,1,1,1
Nottingham Forest,1,4,2,2,5,-3,0
Nottingham Forest,6,1,2,2,7,5,1
Nottingham Forest,4,2,2,2,6,2,1
Nottingham Forest,1,2,2,2,3,-1,0
Nottingham Forest,1,1,2,2,2,0,0.5
Nottingham Forest,2,2,2,2,4,0,0.5
Nottingham Forest,1,0,2,2,1,1,1
Nottingham Forest,1,1,2,2,2,0,0.5
Notts County,1,0,2,2,1,1,1
Notts County,0,0,2,2,0,0,0.5
Notts County,1,2,2,2,3,-1,0
Notts County,2,2,2,2,4,0,0.5
Notts County,2,1,2,2,3,1,1
Notts County,1,2,2,2,3,-1,0
Notts County,1,1,2,2,2,0,0.5
Notts County,2,1,2,2,3,1,1
Notts County,4,1,2,2,5,3,1
Notts County,1,2,2,2,3,-1,0
Notts County,1,1,2,2,2,0,0.5
Notts County,3,1,2,2,4,2,1
Notts County,2,0,2,2,2,2,1
Notts County,0,1,2,2,1,-1,0
Notts County,1,0,2,2,1,1,1
Notts County,3,0,2,2,3,3,1
Notts County,2,0,2,2,2,2,1
Notts County,3,0,2,2,3,3,1
Notts County,3,0,2,2,3,3,1
Notts County,1,1,2,2,2,0,0.5
Notts County,2,1,2,2,3,1,1
Port Vale,1,1,2,2,2,0,0.5
Port Vale,0,2,2,2,2,-2,0
Port Vale,0,1,2,2,1,-1,0
Port Vale,0,2,2,2,2,-2,0
Port Vale,3,0,2,2,3,3,1
Port Vale,0,0,2,2,0,0,0.5
Port Vale,0,0,2,2,0,0,0.5
Port Vale,0,0,2,2,0,0,0.5
Port Vale,4,0,2,2,4,4,1
Port Vale,2,0,2,2,2,2,1
Port Vale,0,0,2,2,0,0,0.5
Port Vale,4,0,2,2,4,4,1
Port Vale,0,1,2,2,1,-1,0
Port Vale,1,2,2,2,3,-1,0
Port Vale,1,1,2,2,2,0,0.5
Port Vale,1,0,2,2,1,1,1
Port Vale,0,2,2,2,2,-2,0
Port Vale,6,1,2,2,7,5,1
Port Vale,2,1,2,2,3,1,1
Port Vale,1,2,2,2,3,-1,0
Port Vale,2,3,2,2,5,-1,0
Rotherham County,1,0,2,2,1,1,1
Rotherham County,1,1,2,2,2,0,0.5
Rotherham County,0,2,2,2,2,-2,0
Rotherham County,0,0,2,2,0,0,0.5
Rotherham County,0,5,2,2,5,-5,0
Rotherham County,2,0,2,2,2,2,1
Rotherham County,2,3,2,2,5,-1,0
Rotherham County,2,0,2,2,2,2,1
Rotherham County,1,1,2,2,2,0,0.5
Rotherham County,0,2,2,2,2,-2,0
Rotherham County,1,1,2,2,2,0,0.5
Rotherham County,0,0,2,2,0,0,0.5
Rotherham County,0,0,2,2,0,0,0.5
Rotherham County,0,0,2,2,0,0,0.5
Rotherham County,1,1,2,2,2,0,0.5
Rotherham County,2,0,2,2,2,2,1
Rotherham County,5,4,2,2,9,1,1
Rotherham County,1,0,2,2,1,1,1
Rotherham County,1,1,2,2,2,0,0.5
Rotherham County,2,0,2,2,2,2,1
Rotherham County,1,0,2,2,1,1,1
Sheffield Wednesday,0,0,2,2,0,0,0.5
Sheffield Wednesday,1,2,2,2,3,-1,0
Sheffield Wednesday,0,1,2,2,1,-1,0
Sheffield Wednesday,2,2,2,2,4,0,0.5
Sheffield Wednesday,2,0,2,2,2,2,1
Sheffield Wednesday,0,1,2,2,1,-1,0
Sheffield Wednesday,3,0,2,2,3,3,1
Sheffield Wednesday,3,0,2,2,3,3,1
Sheffield Wednesday,3,0,2,2,3,3,1
Sheffield Wednesday,2,0,2,2,2,2,1
Sheffield Wednesday,0,0,2,2,0,0,0.5
Sheffield Wednesday,1,1,2,2,2,0,0.5
Sheffield Wednesday,0,0,2,2,0,0,0.5
Sheffield Wednesday,1,1,2,2,2,0,0.5
Sheffield Wednesday,1,0,2,2,1,1,1
Sheffield Wednesday,2,0,2,2,2,2,1
Sheffield Wednesday,1,1,2,2,2,0,0.5
Sheffield Wednesday,2,1,2,2,3,1,1
Sheffield Wednesday,1,3,2,2,4,-2,0
Sheffield Wednesday,0,1,2,2,1,-1,0
Sheffield Wednesday,6,0,2,2,6,6,1
South Shields,3,2,2,2,5,1,1
South Shields,3,0,2,2,3,3,1
South Shields,1,0,2,2,1,1,1
South Shields,0,0,2,2,0,0,0.5
South Shields,2,0,2,2,2,2,1
South Shields,0,1,2,2,1,-1,0
South Shields,4,1,2,2,5,3,1
South Shields,3,0,2,2,3,3,1
South Shields,0,0,2,2,0,0,0.5
South Shields,3,0,2,2,3,3,1
South Shields,4,3,2,2,7,1,1
South Shields,3,0,2,2,3,3,1
South Shields,0,1,2,2,1,-1,0
South Shields,1,0,2,2,1,1,1
South Shields,6,1,2,2,7,5,1
South Shields,1,0,2,2,1,1,1
South Shields,2,3,2,2,5,-1,0
South Shields,3,1,2,2,4,2,1
South Shields,1,1,2,2,2,0,0.5
South Shields,0,0,2,2,0,0,0.5
South Shields,1,2,2,2,3,-1,0
Stockport County,3,2,2,2,5,1,1
Stockport County,0,3,2,2,3,-3,0
Stockport County,2,2,2,2,4,0,0.5
Stockport County,0,2,2,2,2,-2,0
Stockport County,1,2,2,2,3,-1,0
Stockport County,2,5,2,2,7,-3,0
Stockport County,3,0,2,2,3,3,1
Stockport County,1,1,2,2,2,0,0.5
Stockport County,2,2,2,2,4,0,0.5
Stockport County,3,1,2,2,4,2,1
Stockport County,0,0,2,2,0,0,0.5
Stockport County,6,0,2,2,6,6,1
Stockport County,1,0,2,2,1,1,1
Stockport County,1,0,2,2,1,1,1
Stockport County,0,0,2,2,0,0,0.5
Stockport County,0,1,2,2,1,-1,0
Stockport County,0,1,2,2,1,-1,0
Stockport County,0,0,2,2,0,0,0.5
Stockport County,2,0,2,2,2,2,1
Stockport County,2,0,2,2,2,2,1
Stockport County,1,2,2,2,3,-1,0
Stoke City,3,2,2,2,5,1,1
Stoke City,1,2,2,2,3,-1,0
Stoke City,1,1,2,2,2,0,0.5
Stoke City,0,0,2,2,0,0,0.5
Stoke City,0,1,2,2,1,-1,0
Stoke City,0,0,2,2,0,0,0.5
Stoke City,4,1,2,2,5,3,1
Stoke City,1,2,2,2,3,-1,0
Stoke City,1,3,2,2,4,-2,0
Stoke City,4,0,2,2,4,4,1
Stoke City,1,1,2,2,2,0,0.5
Stoke City,0,1,2,2,1,-1,0
Stoke City,4,0,2,2,4,4,1
Stoke City,1,0,2,2,1,1,1
Stoke City,0,1,2,2,1,-1,0
Stoke City,2,0,2,2,2,2,1
Stoke City,0,1,2,2,1,-1,0
Stoke City,0,0,2,2,0,0,0.5
Stoke City,1,0,2,2,1,1,1
Stoke City,1,0,2,2,1,1,1
Stoke City,1,0,2,2,1,1,1
West Ham United,2,1,2,2,3,1,1
West Ham United,1,1,2,2,2,0,0.5
West Ham United,1,1,2,2,2,0,0.5
West Ham United,1,0,2,2,1,1,1
West Ham United,0,1,2,2,1,-1,0
West Ham United,1,1,2,2,2,0,0.5
West Ham United,7,0,2,2,7,7,1
West Ham United,2,0,2,2,2,2,1
West Ham United,1,1,2,2,2,0,0.5
West Ham United,3,0,2,2,3,3,1
West Ham United,0,1,2,2,1,-1,0
West Ham United,1,0,2,2,1,1,1
West Ham United,3,0,2,2,3,3,1
West Ham United,0,2,2,2,2,-2,0
West Ham United,1,1,2,2,2,0,0.5
West Ham United,1,0,2,2,1,1,1
West Ham United,4,0,2,2,4,4,1
West Ham United,2,1,2,2,3,1,1
West Ham United,5,0,2,2,5,5,1
West Ham United,1,0,2,2,1,1,1
West Ham United,1,0,2,2,1,1,1
Wolverhampton Wanderers,1,1,2,2,2,0,0.5
Wolverhampton Wanderers,0,3,2,2,3,-3,0
Wolverhampton Wanderers,3,1,2,2,4,2,1
Wolverhampton Wanderers,0,0,2,2,0,0,0.5
Wolverhampton Wanderers,2,1,2,2,3,1,1
Wolverhampton Wanderers,1,3,2,2,4,-2,0
Wolverhampton Wanderers,1,0,2,2,1,1,1
Wolverhampton Wanderers,1,0,2,2,1,1,1
Wolverhampton Wanderers,1,3,2,2,4,-2,0
Wolverhampton Wanderers,3,0,2,2,3,3,1
Wolverhampton Wanderers,3,0,2,2,3,3,1
Wolverhampton Wanderers,0,2,2,2,2,-2,0
Wolverhampton Wanderers,2,1,2,2,3,1,1
Wolverhampton Wanderers,1,0,2,2,1,1,1
Wolverhampton Wanderers,2,2,2,2,4,0,0.5
Wolverhampton Wanderers,3,0,2,2,3,3,1
Wolverhampton Wanderers,1,2,2,2,3,-1,0
Wolverhampton Wanderers,3,0,2,2,3,3,1
Wolverhampton Wanderers,2,0,2,2,2,2,1
Wolverhampton Wanderers,3,3,2,2,6,0,0.5
Wolverhampton Wanderers,1,2,2,2,3,-1,0
Brentford,2,0,3,3,2,2,1
Brentford,0,0,3,3,0,0,0.5
Brentford,0,4,3,3,4,-4,0
Brentford,0,0,3,3,0,0,0.5
Brentford,3,3,3,3,6,0,0.5
Brentford,5,0,3,3,5,5,1
Brentford,1,0,3,3,1,1,1
Brentford,0,0,3,3,0,0,0.5
Brentford,1,0,3,3,1,1,1
Brentford,2,2,3,3,4,0,0.5
Brentford,1,1,3,3,2,0,0.5
Brentford,3,1,3,3,4,2,1
Brentford,0,0,3,3,0,0,0.5
Brentford,1,2,3,3,3,-1,0
Brentford,0,2,3,3,2,-2,0
Brentford,3,2,3,3,5,1,1
Brentford,1,1,3,3,2,0,0.5
Brentford,2,2,3,3,4,0,0.5
Brentford,1,2,3,3,3,-1,0
Brentford,0,1,3,3,1,-1,0
Brentford,1,0,3,3,1,1,1
Brighton & Hove Albion,4,0,3,3,4,4,1
Brighton & Hove Albion,2,0,3,3,2,2,1
Brighton & Hove Albion,0,2,3,3,2,-2,0
Brighton & Hove Albion,1,1,3,3,2,0,0.5
Brighton & Hove Albion,1,0,3,3,1,1,1
Brighton & Hove Albion,1,3,3,3,4,-2,0
Brighton & Hove Albion,1,1,3,3,2,0,0.5
Brighton & Hove Albion,0,0,3,3,0,0,0.5
Brighton & Hove Albion,1,0,3,3,1,1,1
Brighton & Hove Albion,1,0,3,3,1,1,1
Brighton & Hove Albion,3,2,3,3,5,1,1
Brighton & Hove Albion,2,0,3,3,2,2,1
Brighton & Hove Albion,1,0,3,3,1,1,1
Brighton & Hove Albion,3,0,3,3,3,3,1
Brighton & Hove Albion,2,1,3,3,3,1,1
Brighton & Hove Albion,2,2,3,3,4,0,0.5
Brighton & Hove Albion,1,1,3,3,2,0,0.5
Brighton & Hove Albion,1,0,3,3,1,1,1
Brighton & Hove Albion,1,1,3,3,2,0,0.5
Brighton & Hove Albion,0,3,3,3,3,-3,0
Brighton & Hove Albion,0,3,3,3,3,-3,0
Bristol Rovers,2,1,3,3,3,1,1
Bristol Rovers,3,1,3,3,4,2,1
Bristol Rovers,2,1,3,3,3,1,1
Bristol Rovers,5,0,3,3,5,5,1
Bristol Rovers,2,0,3,3,2,2,1
Bristol Rovers,2,0,3,3,2,2,1
Bristol Rovers,5,0,3,3,5,5,1
Bristol Rovers,1,1,3,3,2,0,0.5
Bristol Rovers,1,2,3,3,3,-1,0
Bristol Rovers,3,2,3,3,5,1,1
Bristol Rovers,4,2,3,3,6,2,1
Bristol Rovers,2,2,3,3,4,0,0.5
Bristol Rovers,2,0,3,3,2,2,1
Bristol Rovers,2,2,3,3,4,0,0.5
Bristol Rovers,3,0,3,3,3,3,1
Bristol Rovers,3,2,3,3,5,1,1
Bristol Rovers,1,2,3,3,3,-1,0
Bristol Rovers,2,1,3,3,3,1,1
Bristol Rovers,1,2,3,3,3,-1,0
Bristol Rovers,3,1,3,3,4,2,1
Bristol Rovers,2,0,3,3,2,2,1
Crystal Palace,4,2,3,3,6,2,1
Crystal Palace,3,2,3,3,5,1,1
Crystal Palace,3,0,3,3,3,3,1
Crystal Palace,2,1,3,3,3,1,1
Crystal Palace,4,1,3,3,5,3,1
Crystal Palace,2,0,3,3,2,2,1
Crystal Palace,2,1,3,3,3,1,1
Crystal Palace,3,0,3,3,3,3,1
Crystal Palace,3,2,3,3,5,1,1
Crystal Palace,2,0,3,3,2,2,1
Crystal Palace,5,1,3,3,6,4,1
Crystal Palace,1,0,3,3,1,1,1
Crystal Palace,0,0,3,3,0,0,0.5
Crystal Palace,3,0,3,3,3,3,1
Crystal Palace,0,0,3,3,0,0,0.5
Crystal Palace,2,0,3,3,2,2,1
Crystal Palace,1,1,3,3,2,0,0.5
Crystal Palace,2,3,3,3,5,-1,0
Crystal Palace,0,1,3,3,1,-1,0
Crystal Palace,1,0,3,3,1,1,1
Crystal Palace,2,2,3,3,4,0,0.5
Exeter City,3,0,3,3,3,3,1
Exeter City,1,0,3,3,1,1,1
Exeter City,1,0,3,3,1,1,1
Exeter City,1,1,3,3,2,0,0.5
Exeter City,2,1,3,3,3,1,1
Exeter City,1,1,3,3,2,0,0.5
Exeter City,1,0,3,3,1,1,1
Exeter City,3,3,3,3,6,0,0.5
Exeter City,4,0,3,3,4,4,1
Exeter City,0,1,3,3,1,-1,0
Exeter City,4,0,3,3,4,4,1
Exeter City,1,1,3,3,2,0,0.5
Exeter City,1,1,3,3,2,0,0.5
Exeter City,0,0,3,3,0,0,0.5
Exeter City,0,1,3,3,1,-1,0
Exeter City,0,1,3,3,1,-1,0
Exeter City,1,0,3,3,1,1,1
Exeter City,0,0,3,3,0,0,0.5
Exeter City,1,2,3,3,3,-1,0
Exeter City,1,0,3,3,1,1,1
Exeter City,1,2,3,3,3,-1,0
Gillingham,1,3,3,3,4,-2,0
Gillingham,1,0,3,3,1,1,1
Gillingham,1,0,3,3,1,1,1
Gillingham,0,1,3,3,1,-1,0
Gillingham,2,1,3,3,3,1,1
Gillingham,2,1,3,3,3,1,1
Gillingham,0,0,3,3,0,0,0.5
Gillingham,0,0,3,3,0,0,0.5
Gillingham,0,0,3,3,0,0,0.5
Gillingham,1,4,3,3,5,-3,0
Gillingham,2,5,3,3,7,-3,0
Gillingham,0,0,3,3,0,0,0.5
Gillingham,0,1,3,3,1,-1,0
Gillingham,1,1,3,3,2,0,0.5
Gillingham,1,2,3,3,3,-1,0
Gillingham,1,0,3,3,1,1,1
Gillingham,1,1,3,3,2,0,0.5
Gillingham,1,1,3,3,2,0,0.5
Gillingham,2,1,3,3,3,1,1
Gillingham,1,1,3,3,2,0,0.5
Gillingham,1,1,3,3,2,0,0.5
Grimsby Town,2,0,3,3,2,2,1
Grimsby Town,2,2,3,3,4,0,0.5
Grimsby Town,3,1,3,3,4,2,1
Grimsby Town,1,0,3,3,1,1,1
Grimsby Town,2,0,3,3,2,2,1
Grimsby Town,2,0,3,3,2,2,1
Grimsby Town,0,1,3,3,1,-1,0
Grimsby Town,1,1,3,3,2,0,0.5
Grimsby Town,0,2,3,3,2,-2,0
Grimsby Town,1,1,3,3,2,0,0.5
Grimsby Town,2,0,3,3,2,2,1
Grimsby Town,1,1,3,3,2,0,0.5
Grimsby Town,1,1,3,3,2,0,0.5
Grimsby Town,0,3,3,3,3,-3,0
Grimsby Town,2,1,3,3,3,1,1
Grimsby Town,2,0,3,3,2,2,1
Grimsby Town,3,0,3,3,3,3,1
Grimsby Town,1,0,3,3,1,1,1
Grimsby Town,0,2,3,3,2,-2,0
Grimsby Town,3,0,3,3,3,3,1
Grimsby Town,3,0,3,3,3,3,1
Luton Town,2,0,3,3,2,2,1
Luton Town,3,2,3,3,5,1,1
Luton Town,1,2,3,3,3,-1,0
Luton Town,2,2,3,3,4,0,0.5
Luton Town,3,0,3,3,3,3,1
Luton Town,5,0,3,3,5,5,1
Luton Town,3,1,3,3,4,2,1
Luton Town,1,0,3,3,1,1,1
Luton Town,0,0,3,3,0,0,0.5
Luton Town,2,2,3,3,4,0,0.5
Luton Town,3,1,3,3,4,2,1
Luton Town,4,0,3,3,4,4,1
Luton Town,1,1,3,3,2,0,0.5
Luton Town,2,2,3,3,4,0,0.5
Luton Town,2,1,3,3,3,1,1
Luton Town,6,0,3,3,6,6,1
Luton Town,1,1,3,3,2,0,0.5
Luton Town,4,0,3,3,4,4,1
Luton Town,3,0,3,3,3,3,1
Luton Town,2,0,3,3,2,2,1
Luton Town,1,0,3,3,1,1,1
Merthyr Town,3,1,3,3,4,2,1
Merthyr Town,4,1,3,3,5,3,1
Merthyr Town,2,2,3,3,4,0,0.5
Merthyr Town,2,1,3,3,3,1,1
Merthyr Town,7,1,3,3,8,6,1
Merthyr Town,6,1,3,3,7,5,1
Merthyr Town,3,1,3,3,4,2,1
Merthyr Town,4,1,3,3,5,3,1
Merthyr Town,0,1,3,3,1,-1,0
Merthyr Town,1,2,3,3,3,-1,0
Merthyr Town,1,0,3,3,1,1,1
Merthyr Town,0,0,3,3,0,0,0.5
Merthyr Town,0,0,3,3,0,0,0.5
Merthyr Town,2,1,3,3,3,1,1
Merthyr Town,3,1,3,3,4,2,1
Merthyr Town,1,0,3,3,1,1,1
Merthyr Town,1,1,3,3,2,0,0.5
Merthyr Town,2,0,3,3,2,2,1
Merthyr Town,0,3,3,3,3,-3,0
Merthyr Town,2,2,3,3,4,0,0.5
Merthyr Town,2,0,3,3,2,2,1
Millwall,0,0,3,3,0,0,0.5
Millwall,0,1,3,3,1,-1,0
Millwall,2,0,3,3,2,2,1
Millwall,0,1,3,3,1,-1,0
Millwall,2,0,3,3,2,2,1
Millwall,4,0,3,3,4,4,1
Millwall,0,1,3,3,1,-1,0
Millwall,0,0,3,3,0,0,0.5
Millwall,0,0,3,3,0,0,0.5
Millwall,1,0,3,3,1,1,1
Millwall,1,0,3,3,1,1,1
Millwall,2,0,3,3,2,2,1
Millwall,0,0,3,3,0,0,0.5
Millwall,1,0,3,3,1,1,1
Millwall,0,0,3,3,0,0,0.5
Millwall,2,0,3,3,2,2,1
Millwall,0,1,3,3,1,-1,0
Millwall,4,2,3,3,6,2,1
Millwall,0,2,3,3,2,-2,0
Millwall,5,0,3,3,5,5,1
Millwall,1,0,3,3,1,1,1
Newport County,3,1,3,3,4,2,1
Newport County,0,4,3,3,4,-4,0
Newport County,0,2,3,3,2,-2,0
Newport County,0,1,3,3,1,-1,0
Newport County,2,0,3,3,2,2,1
Newport County,1,0,3,3,1,1,1
Newport County,2,1,3,3,3,1,1
Newport County,2,0,3,3,2,2,1
Newport County,0,3,3,3,3,-3,0
Newport County,3,1,3,3,4,2,1
Newport County,1,1,3,3,2,0,0.5
Newport County,2,0,3,3,2,2,1
Newport County,0,0,3,3,0,0,0.5
Newport County,1,0,3,3,1,1,1
Newport County,1,3,3,3,4,-2,0
Newport County,0,1,3,3,1,-1,0
Newport County,0,0,3,3,0,0,0.5
Newport County,1,1,3,3,2,0,0.5
Newport County,1,1,3,3,2,0,0.5
Newport County,0,1,3,3,1,-1,0
Newport County,0,2,3,3,2,-2,0
Northampton Town,6,2,3,3,8,4,1
Northampton Town,1,0,3,3,1,1,1
Northampton Town,1,2,3,3,3,-1,0
Northampton Town,2,2,3,3,4,0,0.5
Northampton Town,3,3,3,3,6,0,0.5
Northampton Town,2,0,3,3,2,2,1
Northampton Town,4,1,3,3,5,3,1
Northampton Town,1,0,3,3,1,1,1
Northampton Town,2,2,3,3,4,0,0.5
Northampton Town,0,2,3,3,2,-2,0
Northampton Town,0,2,3,3,2,-2,0
Northampton Town,1,0,3,3,1,1,1
Northampton Town,1,1,3,3,2,0,0.5
Northampton Town,1,0,3,3,1,1,1
Northampton Town,0,3,3,3,3,-3,0
Northampton Town,1,0,3,3,1,1,1
Northampton Town,2,0,3,3,2,2,1
Northampton Town,1,0,3,3,1,1,1
Northampton Town,2,0,3,3,2,2,1
Northampton Town,1,2,3,3,3,-1,0
Northampton Town,0,1,3,3,1,-1,0
Norwich City,0,0,3,3,0,0,0.5
Norwich City,3,0,3,3,3,3,1
Norwich City,1,1,3,3,2,0,0.5
Norwich City,0,1,3,3,1,-1,0
Norwich City,0,0,3,3,0,0,0.5
Norwich City,2,1,3,3,3,1,1
Norwich City,0,0,3,3,0,0,0.5
Norwich City,3,0,3,3,3,3,1
Norwich City,0,0,3,3,0,0,0.5
Norwich City,2,0,3,3,2,2,1
Norwich City,3,0,3,3,3,3,1
Norwich City,3,3,3,3,6,0,0.5
Norwich City,0,0,3,3,0,0,0.5
Norwich City,2,2,3,3,4,0,0.5
Norwich City,2,0,3,3,2,2,1
Norwich City,2,0,3,3,2,2,1
Norwich City,0,1,3,3,1,-1,0
Norwich City,3,1,3,3,4,2,1
Norwich City,1,1,3,3,2,0,0.5
Norwich City,3,2,3,3,5,1,1
Norwich City,1,1,3,3,2,0,0.5
Plymouth Argyle,1,0,3,3,1,1,1
Plymouth Argyle,5,0,3,3,5,5,1
Plymouth Argyle,2,1,3,3,3,1,1
Plymouth Argyle,0,1,3,3,1,-1,0
Plymouth Argyle,0,0,3,3,0,0,0.5
Plymouth Argyle,3,1,3,3,4,2,1
Plymouth Argyle,0,0,3,3,0,0,0.5
Plymouth Argyle,1,0,3,3,1,1,1
Plymouth Argyle,2,1,3,3,3,1,1
Plymouth Argyle,0,2,3,3,2,-2,0
Plymouth Argyle,5,1,3,3,6,4,1
Plymouth Argyle,0,2,3,3,2,-2,0
Plymouth Argyle,1,1,3,3,2,0,0.5
Plymouth Argyle,2,0,3,3,2,2,1
Plymouth Argyle,1,0,3,3,1,1,1
Plymouth Argyle,1,1,3,3,2,0,0.5
Plymouth Argyle,0,0,3,3,0,0,0.5
Plymouth Argyle,0,0,3,3,0,0,0.5
Plymouth Argyle,1,0,3,3,1,1,1
Plymouth Argyle,0,0,3,3,0,0,0.5
Plymouth Argyle,0,2,3,3,2,-2,0
Portsmouth,0,2,3,3,2,-2,0
Portsmouth,3,0,3,3,3,3,1
Portsmouth,1,0,3,3,1,1,1
Portsmouth,0,0,3,3,0,0,0.5
Portsmouth,2,1,3,3,3,1,1
Portsmouth,2,2,3,3,4,0,0.5
Portsmouth,2,1,3,3,3,1,1
Portsmouth,3,0,3,3,3,3,1
Portsmouth,0,0,3,3,0,0,0.5
Portsmouth,0,0,3,3,0,0,0.5
Portsmouth,0,2,3,3,2,-2,0
Portsmouth,2,0,3,3,2,2,1
Portsmouth,2,1,3,3,3,1,1
Portsmouth,1,1,3,3,2,0,0.5
Portsmouth,0,0,3,3,0,0,0.5
Portsmouth,2,2,3,3,4,0,0.5
Portsmouth,0,1,3,3,1,-1,0
Portsmouth,3,0,3,3,3,3,1
Portsmouth,3,0,3,3,3,3,1
Portsmouth,1,1,3,3,2,0,0.5
Portsmouth,1,0,3,3,1,1,1
Queens Park Rangers,1,0,3,3,1,1,1
Queens Park Rangers,4,0,3,3,4,4,1
Queens Park Rangers,2,1,3,3,3,1,1
Queens Park Rangers,3,0,3,3,3,3,1
Queens Park Rangers,2,1,3,3,3,1,1
Queens Park Rangers,0,1,3,3,1,-1,0
Queens Park Rangers,2,0,3,3,2,2,1
Queens Park Rangers,4,1,3,3,5,3,1
Queens Park Rangers,4,2,3,3,6,2,1
Queens Park Rangers,0,0,3,3,0,0,0.5
Queens Park Rangers,2,0,3,3,2,2,1
Queens Park Rangers,1,2,3,3,3,-1,0
Queens Park Rangers,2,0,3,3,2,2,1
Queens Park Rangers,4,0,3,3,4,4,1
Queens Park Rangers,0,0,3,3,0,0,0.5
Queens Park Rangers,2,0,3,3,2,2,1
Queens Park Rangers,0,0,3,3,0,0,0.5
Queens Park Rangers,2,0,3,3,2,2,1
Queens Park Rangers,1,1,3,3,2,0,0.5
Queens Park Rangers,1,0,3,3,1,1,1
Queens Park Rangers,1,2,3,3,3,-1,0
Reading,2,1,3,3,3,1,1
Reading,0,1,3,3,1,-1,0
Reading,2,1,3,3,3,1,1
Reading,1,0,3,3,1,1,1
Reading,0,1,3,3,1,-1,0
Reading,1,2,3,3,3,-1,0
Reading,4,1,3,3,5,3,1
Reading,0,1,3,3,1,-1,0
Reading,2,0,3,3,2,2,1
Reading,0,1,3,3,1,-1,0
Reading,4,0,3,3,4,4,1
Reading,4,0,3,3,4,4,1
Reading,0,1,3,3,1,-1,0
Reading,1,1,3,3,2,0,0.5
Reading,1,0,3,3,1,1,1
Reading,0,0,3,3,0,0,0.5
Reading,0,4,3,3,4,-4,0
Reading,1,1,3,3,2,0,0.5
Reading,1,3,3,3,4,-2,0
Reading,2,3,3,3,5,-1,0
Reading,0,0,3,3,0,0,0.5
Southampton,3,0,3,3,3,3,1
Southampton,1,0,3,3,1,1,1
Southampton,4,0,3,3,4,4,1
Southampton,1,1,3,3,2,0,0.5
Southampton,3,0,3,3,3,3,1
Southampton,3,0,3,3,3,3,1
Southampton,0,1,3,3,1,-1,0
Southampton,1,1,3,3,2,0,0.5
Southampton,5,0,3,3,5,5,1
Southampton,1,1,3,3,2,0,0.5
Southampton,0,0,3,3,0,0,0.5
Southampton,3,1,3,3,4,2,1
Southampton,1,0,3,3,1,1,1
Southampton,1,0,3,3,1,1,1
Southampton,2,0,3,3,2,2,1
Southampton,2,2,3,3,4,0,0.5
Southampton,1,2,3,3,3,-1,0
Southampton,3,0,3,3,3,3,1
Southampton,3,0,3,3,3,3,1
Southampton,4,0,3,3,4,4,1
Southampton,4,1,3,3,5,3,1
Southend United,4,1,3,3,5,3,1
Southend United,2,0,3,3,2,2,1
Southend United,1,0,3,3,1,1,1
Southend United,0,2,3,3,2,-2,0
Southend United,0,0,3,3,0,0,0.5
Southend United,1,0,3,3,1,1,1
Southend United,3,1,3,3,4,2,1
Southend United,1,1,3,3,2,0,0.5
Southend United,0,1,3,3,1,-1,0
Southend United,1,2,3,3,3,-1,0
Southend United,2,1,3,3,3,1,1
Southend United,1,2,3,3,3,-1,0
Southend United,3,1,3,3,4,2,1
Southend United,2,1,3,3,3,1,1
Southend United,2,1,3,3,3,1,1
Southend United,1,0,3,3,1,1,1
Southend United,1,0,3,3,1,1,1
Southend United,1,0,3,3,1,1,1
Southend United,1,2,3,3,3,-1,0
Southend United,1,3,3,3,4,-2,0
Southend United,4,1,3,3,5,3,1
Swansea City,1,1,3,3,2,0,0.5
Swansea City,0,0,3,3,0,0,0.5
Swansea City,2,2,3,3,4,0,0.5
Swansea City,0,0,3,3,0,0,0.5
Swansea City,2,1,3,3,3,1,1
Swansea City,2,0,3,3,2,2,1
Swansea City,3,1,3,3,4,2,1
Swansea City,1,1,3,3,2,0,0.5
Swansea City,1,0,3,3,1,1,1
Swansea City,0,0,3,3,0,0,0.5
Swansea City,1,2,3,3,3,-1,0
Swansea City,2,2,3,3,4,0,0.5
Swansea City,5,2,3,3,7,3,1
Swansea City,3,0,3,3,3,3,1
Swansea City,0,0,3,3,0,0,0.5
Swansea City,1,3,3,3,4,-2,0
Swansea City,2,1,3,3,3,1,1
Swansea City,1,1,3,3,2,0,0.5
Swansea City,2,0,3,3,2,2,1
Swansea City,1,1,3,3,2,0,0.5
Swansea City,2,1,3,3,3,1,1
Swindon Town,1,0,3,3,1,1,1
Swindon Town,2,0,3,3,2,2,1
Swindon Town,2,1,3,3,3,1,1
Swindon Town,1,3,3,3,4,-2,0
Swindon Town,1,1,3,3,2,0,0.5
Swindon Town,1,1,3,3,2,0,0.5
Swindon Town,0,0,3,3,0,0,0.5
Swindon Town,9,1,3,3,10,8,1
Swindon Town,3,0,3,3,3,3,1
Swindon Town,4,1,3,3,5,3,1
Swindon Town,5,0,3,3,5,5,1
Swindon Town,2,1,3,3,3,1,1
Swindon Town,4,2,3,3,6,2,1
Swindon Town,1,1,3,3,2,0,0.5
Swindon Town,5,2,3,3,7,3,1
Swindon Town,0,1,3,3,1,-1,0
Swindon Town,2,0,3,3,2,2,1
Swindon Town,3,2,3,3,5,1,1
Swindon Town,3,0,3,3,3,3,1
Swindon Town,0,0,3,3,0,0,0.5
Swindon Town,2,0,3,3,2,2,1
Watford,1,0,3,3,1,1,1
Watford,1,0,3,3,1,1,1
Watford,2,1,3,3,3,1,1
Watford,1,1,3,3,2,0,0.5
Watford,0,0,3,3,0,0,0.5
Watford,3,1,3,3,4,2,1
Watford,4,2,3,3,6,2,1
Watford,1,0,3,3,1,1,1
Watford,1,0,3,3,1,1,1
Watford,1,0,3,3,1,1,1
Watford,5,1,3,3,6,4,1
Watford,7,1,3,3,8,6,1
Watford,2,0,3,3,2,2,1
Watford,1,1,3,3,2,0,0.5
Watford,3,2,3,3,5,1,1
Watford,0,2,3,3,2,-2,0
Watford,1,2,3,3,3,-1,0
Watford,0,0,3,3,0,0,0.5
Watford,3,0,3,3,3,3,1
Watford,3,0,3,3,3,3,1
Watford,0,1,3,3,1,-1,0
Arsenal,2,0,1,1,2,2,1
Arsenal,5,2,1,1,7,3,1
Arsenal,1,1,1,1,2,0,0.5
Arsenal,1,1,1,1,2,0,0.5
Arsenal,1,0,1,1,1,1,1
Arsenal,0,0,1,1,0,0,0.5
Arsenal,0,0,1,1,0,0,0.5
Arsenal,1,0,1,1,1,1,1
Arsenal,1,0,1,1,1,1,1
Arsenal,1,3,1,1,4,-2,0
Arsenal,1,0,1,1,1,1,1
Arsenal,0,1,1,1,1,-1,0
Arsenal,3,1,1,1,4,2,1
Arsenal,2,2,1,1,4,0,0.5
Arsenal,2,1,1,1,3,1,1
Arsenal,0,1,1,1,1,-1,0
Arsenal,1,0,1,1,1,1,1
Arsenal,1,2,1,1,3,-1,0
Arsenal,1,2,1,1,3,-1,0
Arsenal,1,0,1,1,1,1,1
Arsenal,2,2,1,1,4,0,0.5
Aston Villa,2,0,1,1,2,2,1
Aston Villa,1,1,1,1,2,0,0.5
Aston Villa,1,1,1,1,2,0,0.5
Aston Villa,2,1,1,1,3,1,1
Aston Villa,7,1,1,1,8,6,1
Aston Villa,2,0,1,1,2,2,1
Aston Villa,2,1,1,1,3,1,1
Aston Villa,1,4,1,1,5,-3,0
Aston Villa,2,1,1,1,3,1,1
Aston Villa,2,0,1,1,2,2,1
Aston Villa,1,1,1,1,2,0,0.5
Aston Villa,4,0,1,1,4,4,1
Aston Villa,3,1,1,1,4,2,1
Aston Villa,6,2,1,1,8,4,1
Aston Villa,1,0,1,1,1,1,1
Aston Villa,2,0,1,1,2,2,1
Aston Villa,2,0,1,1,2,2,1
Aston Villa,5,3,1,1,8,2,1
Aston Villa,2,0,1,1,2,2,1
Aston Villa,2,1,1,1,3,1,1
Aston Villa,0,1,1,1,1,-1,0
Birmingham City,0,1,1,1,1,-1,0
Birmingham City,1,0,1,1,1,1,1
Birmingham City,1,0,1,1,1,1,1
Birmingham City,1,1,1,1,2,0,0.5
Birmingham City,1,0,1,1,1,1,1
Birmingham City,2,3,1,1,5,-1,0
Birmingham City,0,1,1,1,1,-1,0
Birmingham City,5,1,1,1,6,4,1
Birmingham City,1,1,1,1,2,0,0.5
Birmingham City,0,2,1,1,2,-2,0
Birmingham City,0,2,1,1,2,-2,0
Birmingham City,3,1,1,1,4,2,1
Birmingham City,0,1,1,1,1,-1,0
Birmingham City,4,3,1,1,7,1,1
Birmingham City,0,4,1,1,4,-4,0
Birmingham City,3,0,1,1,3,3,1
Birmingham City,0,2,1,1,2,-2,0
Birmingham City,2,1,1,1,3,1,1
Birmingham City,1,0,1,1,1,1,1
Birmingham City,0,3,1,1,3,-3,0
Birmingham City,0,2,1,1,2,-2,0
Blackburn Rovers,0,1,1,1,1,-1,0
Blackburn Rovers,1,2,1,1,3,-1,0
Blackburn Rovers,1,1,1,1,2,0,0.5
Blackburn Rovers,1,2,1,1,3,-1,0
Blackburn Rovers,3,1,1,1,4,2,1
Blackburn Rovers,3,2,1,1,5,1,1
Blackburn Rovers,1,3,1,1,4,-2,0
Blackburn Rovers,1,1,1,1,2,0,0.5
Blackburn Rovers,2,2,1,1,4,0,0.5
Blackburn Rovers,2,0,1,1,2,2,1
Blackburn Rovers,0,0,1,1,0,0,0.5
Blackburn Rovers,3,1,1,1,4,2,1
Blackburn Rovers,3,0,1,1,3,3,1
Blackburn Rovers,2,2,1,1,4,0,0.5
Blackburn Rovers,0,2,1,1,2,-2,0
Blackburn Rovers,3,2,1,1,5,1,1
Blackburn Rovers,3,0,1,1,3,3,1
Blackburn Rovers,2,3,1,1,5,-1,0
Blackburn Rovers,1,2,1,1,3,-1,0
Blackburn Rovers,1,1,1,1,2,0,0.5
Blackburn Rovers,2,3,1,1,5,-1,0
Bolton Wanderers,1,0,1,1,1,1,1
Bolton Wanderers,1,0,1,1,1,1,1
Bolton Wanderers,1,2,1,1,3,-1,0
Bolton Wanderers,1,1,1,1,2,0,0.5
Bolton Wanderers,3,3,1,1,6,0,0.5
Bolton Wanderers,0,1,1,1,1,-1,0
Bolton Wanderers,1,2,1,1,3,-1,0
Bolton Wanderers,0,2,1,1,2,-2,0
Bolton Wanderers,1,0,1,1,1,1,1
Bolton Wanderers,3,1,1,1,4,2,1
Bolton Wanderers,1,3,1,1,4,-2,0
Bolton Wanderers,5,0,1,1,5,5,1
Bolton Wanderers,1,0,1,1,1,1,1
Bolton Wanderers,4,2,1,1,6,2,1
Bolton Wanderers,3,2,1,1,5,1,1
Bolton Wanderers,5,1,1,1,6,4,1
Bolton Wanderers,2,2,1,1,4,0,0.5
Bolton Wanderers,3,1,1,1,4,2,1
Bolton Wanderers,1,1,1,1,2,0,0.5
Bolton Wanderers,1,0,1,1,1,1,1
Bolton Wanderers,2,0,1,1,2,2,1
Bradford City,0,2,1,1,2,-2,0
Bradford City,3,2,1,1,5,1,1
Bradford City,1,2,1,1,3,-1,0
Bradford City,1,1,1,1,2,0,0.5
Bradford City,4,3,1,1,7,1,1
Bradford City,0,4,1,1,4,-4,0
Bradford City,1,0,1,1,1,1,1
Bradford City,0,1,1,1,1,-1,0
Bradford City,3,1,1,1,4,2,1
Bradford City,4,0,1,1,4,4,1
Bradford City,0,0,1,1,0,0,0.5
Bradford City,1,2,1,1,3,-1,0
Bradford City,2,1,1,1,3,1,1
Bradford City,0,2,1,1,2,-2,0
Bradford City,2,3,1,1,5,-1,0
Bradford City,3,0,1,1,3,3,1
Bradford City,1,0,1,1,1,1,1
Bradford City,1,1,1,1,2,0,0.5
Bradford City,0,0,1,1,0,0,0.5
Bradford City,0,4,1,1,4,-4,0
Bradford City,1,1,1,1,2,0,0.5
Burnley,1,0,1,1,1,1,1
Burnley,2,1,1,1,3,1,1
Burnley,3,1,1,1,4,2,1
Burnley,1,2,1,1,3,-1,0
Burnley,2,0,1,1,2,2,1
Burnley,4,0,1,1,4,4,1
Burnley,1,1,1,1,2,0,0.5
Burnley,5,0,1,1,5,5,1
Burnley,2,0,1,1,2,2,1
Burnley,1,0,1,1,1,1,1
Burnley,1,1,1,1,2,0,0.5
Burnley,5,2,1,1,7,3,1
Burnley,4,2,1,1,6,2,1
Burnley,3,1,1,1,4,2,1
Burnley,2,0,1,1,2,2,1
Burnley,0,1,1,1,1,-1,0
Burnley,3,3,1,1,6,0,0.5
Burnley,2,1,1,1,3,1,1
Burnley,2,0,1,1,2,2,1
Burnley,1,0,1,1,1,1,1
Burnley,4,2,1,1,6,2,1
Cardiff City,4,3,1,1,7,1,1
Cardiff City,0,4,1,1,4,-4,0
Cardiff City,3,1,1,1,4,2,1
Cardiff City,1,3,1,1,4,-2,0
Cardiff City,1,2,1,1,3,-1,0
Cardiff City,6,3,1,1,9,3,1
Cardiff City,4,2,1,1,6,2,1
Cardiff City,2,0,1,1,2,2,1
Cardiff City,2,1,1,1,3,1,1
Cardiff City,0,0,1,1,0,0,0.5
Cardiff City,2,0,1,1,2,2,1
Cardiff City,0,2,1,1,2,-2,0
Cardiff City,3,1,1,1,4,2,1
Cardiff City,3,1,1,1,4,2,1
Cardiff City,1,0,1,1,1,1,1
Cardiff City,0,1,1,1,1,-1,0
Cardiff City,3,0,1,1,3,3,1
Cardiff City,1,1,1,1,2,0,0.5
Cardiff City,2,0,1,1,2,2,1
Cardiff City,0,1,1,1,1,-1,0
Cardiff City,2,0,1,1,2,2,1
Chelsea,0,2,1,1,2,-2,0
Chelsea,1,0,1,1,1,1,1
Chelsea,1,2,1,1,3,-1,0
Chelsea,1,0,1,1,1,1,1
Chelsea,0,3,1,1,3,-3,0
Chelsea,1,0,1,1,1,1,1
Chelsea,4,1,1,1,5,3,1
Chelsea,1,0,1,1,1,1,1
Chelsea,1,0,1,1,1,1,1
Chelsea,1,0,1,1,1,1,1
Chelsea,0,1,1,1,1,-1,0
Chelsea,0,0,1,1,0,0,0.5
Chelsea,0,0,1,1,0,0,0.5
Chelsea,1,1,1,1,2,0,0.5
Chelsea,1,1,1,1,2,0,0.5
Chelsea,1,0,1,1,1,1,1
Chelsea,0,0,1,1,0,0,0.5
Chelsea,0,2,1,1,2,-2,0
Chelsea,1,0,1,1,1,1,1
Chelsea,1,2,1,1,3,-1,0
Chelsea,1,1,1,1,2,0,0.5
Everton,1,1,1,1,2,0,0.5
Everton,3,2,1,1,5,1,1
Everton,2,1,1,1,3,1,1
Everton,2,0,1,1,2,2,1
Everton,1,0,1,1,1,1,1
Everton,2,0,1,1,2,2,1
Everton,2,0,1,1,2,2,1
Everton,0,1,1,1,1,-1,0
Everton,2,3,1,1,5,-1,0
Everton,6,2,1,1,8,4,1
Everton,1,1,1,1,2,0,0.5
Everton,2,2,1,1,4,0,0.5
Everton,5,0,1,1,5,5,1
Everton,4,1,1,1,5,3,1
Everton,2,3,1,1,5,-1,0
Everton,2,2,1,1,4,0,0.5
Everton,0,0,1,1,0,0,0.5
Everton,1,1,1,1,2,0,0.5
Everton,3,0,1,1,3,3,1
Everton,0,0,1,1,0,0,0.5
Everton,1,2,1,1,3,-1,0
Huddersfield Town,2,0,1,1,2,2,1
Huddersfield Town,1,0,1,1,1,1,1
Huddersfield Town,1,0,1,1,1,1,1
Huddersfield Town,3,0,1,1,3,3,1
Huddersfield Town,3,0,1,1,3,3,1
Huddersfield Town,1,2,1,1,3,-1,0
Huddersfield Town,1,0,1,1,1,1,1
Huddersfield Town,0,1,1,1,1,-1,0
Huddersfield Town,2,0,1,1,2,2,1
Huddersfield Town,1,2,1,1,3,-1,0
Huddersfield Town,0,1,1,1,1,-1,0
Huddersfield Town,2,0,1,1,2,2,1
Huddersfield Town,1,1,1,1,2,0,0.5
Huddersfield Town,2,1,1,1,3,1,1
Huddersfield Town,1,2,1,1,3,-1,0
Huddersfield Town,1,0,1,1,1,1,1
Huddersfield Town,6,0,1,1,6,6,1
Huddersfield Town,1,1,1,1,2,0,0.5
Huddersfield Town,1,2,1,1,3,-1,0
Huddersfield Town,1,1,1,1,2,0,0.5
Huddersfield Town,2,0,1,1,2,2,1
Liverpool,4,0,1,1,4,4,1
Liverpool,2,0,1,1,2,2,1
Liverpool,1,0,1,1,1,1,1
Liverpool,2,0,1,1,2,2,1
Liverpool,0,2,1,1,2,-2,0
Liverpool,2,1,1,1,3,1,1
Liverpool,2,1,1,1,3,1,1
Liverpool,5,1,1,1,6,4,1
Liverpool,1,1,1,1,2,0,0.5
Liverpool,1,1,1,1,2,0,0.5
Liverpool,2,0,1,1,2,2,1
Liverpool,3,2,1,1,5,1,1
Liverpool,2,1,1,1,3,1,1
Liverpool,4,0,1,1,4,4,1
Liverpool,1,0,1,1,1,1,1
Liverpool,2,0,1,1,2,2,1
Liverpool,4,0,1,1,4,4,1
Liverpool,1,1,1,1,2,0,0.5
Liverpool,2,1,1,1,3,1,1
Liverpool,1,1,1,1,2,0,0.5
Liverpool,1,2,1,1,3,-1,0
Manchester City,2,0,1,1,2,2,1
Manchester City,2,1,1,1,3,1,1
Manchester City,1,0,1,1,1,1,1
Manchester City,1,1,1,1,2,0,0.5
Manchester City,2,3,1,1,5,-1,0
Manchester City,3,2,1,1,5,1,1
Manchester City,2,0,1,1,2,2,1
Manchester City,1,1,1,1,2,0,0.5
Manchester City,0,0,1,1,0,0,0.5
Manchester City,2,1,1,1,3,1,1
Manchester City,2,1,1,1,3,1,1
Manchester City,1,1,1,1,2,0,0.5
Manchester City,4,1,1,1,5,3,1
Manchester City,2,2,1,1,4,0,0.5
Manchester City,1,0,1,1,1,1,1
Manchester City,2,1,1,1,3,1,1
Manchester City,2,0,1,1,2,2,1
Manchester City,2,2,1,1,4,0,0.5
Manchester City,3,0,1,1,3,3,1
Manchester City,3,3,1,1,6,0,0.5
Manchester City,6,1,1,1,7,5,1
Manchester United,1,0,1,1,1,1,1
Manchester United,1,0,1,1,1,1,1
Manchester United,1,1,1,1,2,0,0.5
Manchester United,0,1,1,1,1,-1,0
Manchester United,0,1,1,1,1,-1,0
Manchester United,1,1,1,1,2,0,0.5
Manchester United,0,1,1,1,1,-1,0
Manchester United,1,1,1,1,2,0,0.5
Manchester United,0,0,1,1,0,0,0.5
Manchester United,2,1,1,1,3,1,1
Manchester United,1,1,1,1,2,0,0.5
Manchester United,0,0,1,1,0,0,0.5
Manchester United,3,1,1,1,4,2,1
Manchester United,3,5,1,1,8,-2,0
Manchester United,0,1,1,1,1,-1,0
Manchester United,0,3,1,1,3,-3,0
Manchester United,1,1,1,1,2,0,0.5
Manchester United,3,2,1,1,5,1,1
Manchester United,3,1,1,1,4,2,1
Manchester United,2,1,1,1,3,1,1
Manchester United,2,3,1,1,5,-1,0
Middlesbrough,4,2,1,1,6,2,1
Middlesbrough,5,0,1,1,5,5,1
Middlesbrough,1,1,1,1,2,0,0.5
Middlesbrough,0,1,1,1,1,-1,0
Middlesbrough,4,2,1,1,6,2,1
Middlesbrough,1,2,1,1,3,-1,0
Middlesbrough,4,1,1,1,5,3,1
Middlesbrough,0,0,1,1,0,0,0.5
Middlesbrough,0,1,1,1,1,-1,0
Middlesbrough,3,1,1,1,4,2,1
Middlesbrough,5,1,1,1,6,4,1
Middlesbrough,3,1,1,1,4,2,1
Middlesbrough,4,1,1,1,5,3,1
Middlesbrough,2,0,1,1,2,2,1
Middlesbrough,1,1,1,1,2,0,0.5
Middlesbrough,1,1,1,1,2,0,0.5
Middlesbrough,1,0,1,1,1,1,1
Middlesbrough,1,1,1,1,2,0,0.5
Middlesbrough,3,0,1,1,3,3,1
Middlesbrough,0,0,1,1,0,0,0.5
Middlesbrough,3,2,1,1,5,1,1
Newcastle United,3,1,1,1,4,2,1
Newcastle United,1,2,1,1,3,-1,0
Newcastle United,0,1,1,1,1,-1,0
Newcastle United,2,0,1,1,2,2,1
Newcastle United,2,1,1,1,3,1,1
Newcastle United,1,2,1,1,3,-1,0
Newcastle United,2,1,1,1,3,1,1
Newcastle United,0,0,1,1,0,0,0.5
Newcastle United,1,0,1,1,1,1,1
Newcastle United,3,0,1,1,3,3,1
Newcastle United,1,2,1,1,3,-1,0
Newcastle United,1,1,1,1,2,0,0.5
Newcastle United,5,1,1,1,6,4,1
Newcastle United,3,0,1,1,3,3,1
Newcastle United,0,0,1,1,0,0,0.5
Newcastle United,1,1,1,1,2,0,0.5
Newcastle United,3,1,1,1,4,2,1
Newcastle United,2,1,1,1,3,1,1
Newcastle United,2,2,1,1,4,0,0.5
Newcastle United,0,2,1,1,2,-2,0
Newcastle United,3,0,1,1,3,3,1
Oldham Athletic,2,1,1,1,3,1,1
Oldham Athletic,3,1,1,1,4,2,1
Oldham Athletic,0,1,1,1,1,-1,0
Oldham Athletic,1,1,1,1,2,0,0.5
Oldham Athletic,0,0,1,1,0,0,0.5
Oldham Athletic,0,0,1,1,0,0,0.5
Oldham Athletic,0,1,1,1,1,-1,0
Oldham Athletic,2,1,1,1,3,1,1
Oldham Athletic,0,3,1,1,3,-3,0
Oldham Athletic,0,0,1,1,0,0,0.5
Oldham Athletic,1,1,1,1,2,0,0.5
Oldham Athletic,4,0,1,1,4,4,1
Oldham Athletic,0,1,1,1,1,-1,0
Oldham Athletic,1,1,1,1,2,0,0.5
Oldham Athletic,0,1,1,1,1,-1,0
Oldham Athletic,0,0,1,1,0,0,0.5
Oldham Athletic,2,0,1,1,2,2,1
Oldham Athletic,0,2,1,1,2,-2,0
Oldham Athletic,3,0,1,1,3,3,1
Oldham Athletic,1,0,1,1,1,1,1
Oldham Athletic,1,0,1,1,1,1,1
Preston North End,3,2,1,1,5,1,1
Preston North End,1,0,1,1,1,1,1
Preston North End,2,2,1,1,4,0,0.5
Preston North End,2,1,1,1,3,1,1
Preston North End,3,1,1,1,4,2,1
Preston North End,2,1,1,1,3,1,1
Preston North End,2,1,1,1,3,1,1
Preston North End,1,1,1,1,2,0,0.5
Preston North End,2,0,1,1,2,2,1
Preston North End,1,0,1,1,1,1,1
Preston North End,1,1,1,1,2,0,0.5
Preston North End,1,1,1,1,2,0,0.5
Preston North End,1,0,1,1,1,1,1
Preston North End,3,2,1,1,5,1,1
Preston North End,1,1,1,1,2,0,0.5
Preston North End,2,0,1,1,2,2,1
Preston North End,0,0,1,1,0,0,0.5
Preston North End,3,0,1,1,3,3,1
Preston North End,1,1,1,1,2,0,0.5
Preston North End,1,2,1,1,3,-1,0
Preston North End,0,3,1,1,3,-3,0
Sheffield United,4,1,1,1,5,3,1
Sheffield United,2,3,1,1,5,-1,0
Sheffield United,1,2,1,1,3,-1,0
Sheffield United,0,1,1,1,1,-1,0
Sheffield United,1,0,1,1,1,1,1
Sheffield United,1,0,1,1,1,1,1
Sheffield United,0,1,1,1,1,-1,0
Sheffield United,0,2,1,1,2,-2,0
Sheffield United,1,2,1,1,3,-1,0
Sheffield United,1,0,1,1,1,1,1
Sheffield United,1,1,1,1,2,0,0.5
Sheffield United,0,1,1,1,1,-1,0
Sheffield United,1,0,1,1,1,1,1
Sheffield United,3,0,1,1,3,3,1
Sheffield United,6,1,1,1,7,5,1
Sheffield United,1,1,1,1,2,0,0.5
Sheffield United,1,0,1,1,1,1,1
Sheffield United,3,0,1,1,3,3,1
Sheffield United,4,1,1,1,5,3,1
Sheffield United,1,0,1,1,1,1,1
Sheffield United,0,0,1,1,0,0,0.5
Sunderland,1,0,1,1,1,1,1
Sunderland,1,4,1,1,5,-3,0
Sunderland,2,1,1,1,3,1,1
Sunderland,3,1,1,1,4,2,1
Sunderland,6,2,1,1,8,4,1
Sunderland,0,0,1,1,0,0,0.5
Sunderland,3,2,1,1,5,1,1
Sunderland,4,1,1,1,5,3,1
Sunderland,1,2,1,1,3,-1,0
Sunderland,1,2,1,1,3,-1,0
Sunderland,2,2,1,1,4,0,0.5
Sunderland,3,0,1,1,3,3,1
Sunderland,2,3,1,1,5,-1,0
Sunderland,2,1,1,1,3,1,1
Sunderland,1,1,1,1,2,0,0.5
Sunderland,0,0,1,1,0,0,0.5
Sunderland,5,1,1,1,6,4,1
Sunderland,1,0,1,1,1,1,1
Sunderland,1,0,1,1,1,1,1
Sunderland,2,0,1,1,2,2,1
Sunderland,5,0,1,1,5,5,1
Tottenham Hotspur,2,0,1,1,2,2,1
Tottenham Hotspur,3,1,1,1,4,2,1
Tottenham Hotspur,2,1,1,1,3,1,1
Tottenham Hotspur,2,1,1,1,3,1,1
Tottenham Hotspur,1,2,1,1,3,-1,0
Tottenham Hotspur,1,0,1,1,1,1,1
Tottenham Hotspur,1,1,1,1,2,0,0.5
Tottenham Hotspur,4,1,1,1,5,3,1
Tottenham Hotspur,0,0,1,1,0,0,0.5
Tottenham Hotspur,2,0,1,1,2,2,1
Tottenham Hotspur,1,0,1,1,1,1,1
Tottenham Hotspur,0,1,1,1,1,-1,0
Tottenham Hotspur,3,1,1,1,4,2,1
Tottenham Hotspur,2,2,1,1,4,0,0.5
Tottenham Hotspur,2,4,1,1,6,-2,0
Tottenham Hotspur,4,0,1,1,4,4,1
Tottenham Hotspur,3,1,1,1,4,2,1
Tottenham Hotspur,5,0,1,1,5,5,1
Tottenham Hotspur,2,1,1,1,3,1,1
Tottenham Hotspur,1,0,1,1,1,1,1
Tottenham Hotspur,2,0,1,1,2,2,1
West Bromwich Albion,0,3,1,1,3,-3,0
West Bromwich Albion,0,1,1,1,1,-1,0
West Bromwich Albion,1,0,1,1,1,1,1
West Bromwich Albion,0,2,1,1,2,-2,0
West Bromwich Albion,0,1,1,1,1,-1,0
West Bromwich Albion,1,1,1,1,2,0,0.5
West Bromwich Albion,2,0,1,1,2,2,1
West Bromwich Albion,2,2,1,1,4,0,0.5
West Bromwich Albion,2,2,1,1,4,0,0.5
West Bromwich Albion,1,1,1,1,2,0,0.5
West Bromwich Albion,3,2,1,1,5,1,1
West Bromwich Albion,1,4,1,1,5,-3,0
West Bromwich Albion,2,0,1,1,2,2,1
West Bromwich Albion,0,0,1,1,0,0,0.5
West Bromwich Albion,0,0,1,1,0,0,0.5
West Bromwich Albion,1,2,1,1,3,-1,0
West Bromwich Albion,0,1,1,1,1,-1,0
West Bromwich Albion,2,0,1,1,2,2,1
West Bromwich Albion,3,0,1,1,3,3,1
West Bromwich Albion,2,1,1,1,3,1,1
West Bromwich Albion,3,0,1,1,3,3,1
Barnsley,3,2,2,2,5,1,1
Barnsley,2,0,2,2,2,2,1
Barnsley,1,1,2,2,2,0,0.5
Barnsley,3,0,2,2,3,3,1
Barnsley,0,1,2,2,1,-1,0
Barnsley,3,1,2,2,4,2,1
Barnsley,2,1,2,2,3,1,1
Barnsley,2,1,2,2,3,1,1
Barnsley,4,1,2,2,5,3,1
Barnsley,2,2,2,2,4,0,0.5
Barnsley,0,0,2,2,0,0,0.5
Barnsley,4,0,2,2,4,4,1
Barnsley,2,0,2,2,2,2,1
Barnsley,3,0,2,2,3,3,1
Barnsley,3,2,2,2,5,1,1
Barnsley,0,1,2,2,1,-1,0
Barnsley,2,0,2,2,2,2,1
Barnsley,2,1,2,2,3,1,1
Barnsley,2,2,2,2,4,0,0.5
Barnsley,1,1,2,2,2,0,0.5
Barnsley,2,1,2,2,3,1,1
Blackpool,1,0,2,2,1,1,1
Blackpool,1,1,2,2,2,0,0.5
Blackpool,2,0,2,2,2,2,1
Blackpool,0,1,2,2,1,-1,0
Blackpool,2,1,2,2,3,1,1
Blackpool,1,3,2,2,4,-2,0
Blackpool,4,2,2,2,6,2,1
Blackpool,0,2,2,2,2,-2,0
Blackpool,0,1,2,2,1,-1,0
Blackpool,1,3,2,2,4,-2,0
Blackpool,2,0,2,2,2,2,1
Blackpool,2,0,2,2,2,2,1
Blackpool,2,1,2,2,3,1,1
Blackpool,1,2,2,2,3,-1,0
Blackpool,0,1,2,2,1,-1,0
Blackpool,3,1,2,2,4,2,1
Blackpool,0,2,2,2,2,-2,0
Blackpool,4,0,2,2,4,4,1
Blackpool,3,2,2,2,5,1,1
Blackpool,3,1,2,2,4,2,1
Blackpool,1,3,2,2,4,-2,0
Bradford Park Avenue,2,3,2,2,5,-1,0
Bradford Park Avenue,0,0,2,2,0,0,0.5
Bradford Park Avenue,2,1,2,2,3,1,1
Bradford Park Avenue,1,1,2,2,2,0,0.5
Bradford Park Avenue,1,2,2,2,3,-1,0
Bradford Park Avenue,0,0,2,2,0,0,0.5
Bradford Park Avenue,5,1,2,2,6,4,1
Bradford Park Avenue,1,2,2,2,3,-1,0
Bradford Park Avenue,1,1,2,2,2,0,0.5
Bradford Park Avenue,0,1,2,2,1,-1,0
Bradford Park Avenue,0,1,2,2,1,-1,0
Bradford Park Avenue,3,1,2,2,4,2,1
Bradford Park Avenue,1,0,2,2,1,1,1
Bradford Park Avenue,2,1,2,2,3,1,1
Bradford Park Avenue,2,0,2,2,2,2,1
Bradford Park Avenue,4,2,2,2,6,2,1
Bradford Park Avenue,2,1,2,2,3,1,1
Bradford Park Avenue,1,0,2,2,1,1,1
Bradford Park Avenue,2,4,2,2,6,-2,0
Bradford Park Avenue,2,0,2,2,2,2,1
Bradford Park Avenue,0,0,2,2,0,0,0.5
Bristol City,3,0,2,2,3,3,1
Bristol City,0,1,2,2,1,-1,0
Bristol City,1,0,2,2,1,1,1
Bristol City,2,0,2,2,2,2,1
Bristol City,0,2,2,2,2,-2,0
Bristol City,1,2,2,2,3,-1,0
Bristol City,1,2,2,2,3,-1,0
Bristol City,1,0,2,2,1,1,1
Bristol City,1,0,2,2,1,1,1
Bristol City,0,0,2,2,0,0,0.5
Bristol City,1,1,2,2,2,0,0.5
Bristol City,2,1,2,2,3,1,1
Bristol City,0,1,2,2,1,-1,0
Bristol City,2,2,2,2,4,0,0.5
Bristol City,2,1,2,2,3,1,1
Bristol City,1,2,2,2,3,-1,0
Bristol City,3,1,2,2,4,2,1
Bristol City,0,1,2,2,1,-1,0
Bristol City,2,0,2,2,2,2,1
Bristol City,0,1,2,2,1,-1,0
Bristol City,2,0,2,2,2,2,1
Bury,1,2,2,2,3,-1,0
Bury,3,0,2,2,3,3,1
Bury,2,2,2,2,4,0,0.5
Bury,5,0,2,2,5,5,1
Bury,3,2,2,2,5,1,1
Bury,1,2,2,2,3,-1,0
Bury,2,0,2,2,2,2,1
Bury,1,0,2,2,1,1,1
Bury,4,0,2,2,4,4,1
Bury,2,1,2,2,3,1,1
Bury,0,1,2,2,1,-1,0
Bury,0,0,2,2,0,0,0.5
Bury,1,2,2,2,3,-1,0
Bury,1,0,2,2,1,1,1
Bury,5,2,2,2,7,3,1
Bury,0,0,2,2,0,0,0.5
Bury,1,2,2,2,3,-1,0
Bury,1,0,2,2,1,1,1
Bury,0,1,2,2,1,-1,0
Bury,0,1,2,2,1,-1,0
Bury,2,1,2,2,3,1,1
Coventry City,0,1,2,2,1,-1,0
Coventry City,0,1,2,2,1,-1,0
Coventry City,2,2,2,2,4,0,0.5
Coventry City,1,1,2,2,2,0,0.5
Coventry City,1,2,2,2,3,-1,0
Coventry City,1,1,2,2,2,0,0.5
Coventry City,1,2,2,2,3,-1,0
Coventry City,2,0,2,2,2,2,1
Coventry City,2,0,2,2,2,2,1
Coventry City,1,0,2,2,1,1,1
Coventry City,0,0,2,2,0,0,0.5
Coventry City,1,2,2,2,3,-1,0
Coventry City,0,1,2,2,1,-1,0
Coventry City,4,2,2,2,6,2,1
Coventry City,4,1,2,2,5,3,1
Coventry City,4,0,2,2,4,4,1
Coventry City,2,2,2,2,4,0,0.5
Coventry City,0,1,2,2,1,-1,0
Coventry City,0,1,2,2,1,-1,0
Coventry City,2,0,2,2,2,2,1
Coventry City,3,1,2,2,4,2,1
Crystal Palace,0,1,2,2,1,-1,0
Crystal Palace,1,0,2,2,1,1,1
Crystal Palace,1,1,2,2,2,0,0.5
Crystal Palace,1,1,2,2,2,0,0.5
Crystal Palace,4,1,2,2,5,3,1
Crystal Palace,1,1,2,2,2,0,0.5
Crystal Palace,3,1,2,2,4,2,1
Crystal Palace,2,0,2,2,2,2,1
Crystal Palace,0,2,2,2,2,-2,0
Crystal Palace,1,2,2,2,3,-1,0
Crystal Palace,1,0,2,2,1,1,1
Crystal Palace,1,0,2,2,1,1,1
Crystal Palace,4,1,2,2,5,3,1
Crystal Palace,1,0,2,2,1,1,1
Crystal Palace,0,0,2,2,0,0,0.5
Crystal Palace,2,0,2,2,2,2,1
Crystal Palace,2,2,2,2,4,0,0.5
Crystal Palace,1,2,2,2,3,-1,0
Crystal Palace,0,2,2,2,2,-2,0
Crystal Palace,1,2,2,2,3,-1,0
Crystal Palace,1,1,2,2,2,0,0.5
Derby County,1,0,2,2,1,1,1
Derby County,1,0,2,2,1,1,1
Derby County,1,3,2,2,4,-2,0
Derby County,5,1,2,2,6,4,1
Derby County,1,0,2,2,1,1,1
Derby County,1,0,2,2,1,1,1
Derby County,2,0,2,2,2,2,1
Derby County,1,1,2,2,2,0,0.5
Derby County,0,0,2,2,0,0,0.5
Derby County,2,0,2,2,2,2,1
Derby County,0,1,2,2,1,-1,0
Derby County,3,0,2,2,3,3,1
Derby County,1,2,2,2,3,-1,0
Derby County,1,1,2,2,2,0,0.5
Derby County,3,2,2,2,5,1,1
Derby County,4,0,2,2,4,4,1
Derby County,0,1,2,2,1,-1,0
Derby County,0,2,2,2,2,-2,0
Derby County,2,4,2,2,6,-2,0
Derby County,3,1,2,2,4,2,1
Derby County,2,3,2,2,5,-1,0
Fulham,0,0,2,2,0,0,0.5
Fulham,1,0,2,2,1,1,1
Fulham,2,1,2,2,3,1,1
Fulham,0,0,2,2,0,0,0.5
Fulham,0,1,2,2,1,-1,0
Fulham,5,0,2,2,5,5,1
Fulham,1,1,2,2,2,0,0.5
Fulham,2,2,2,2,4,0,0.5
Fulham,6,0,2,2,6,6,1
Fulham,0,1,2,2,1,-1,0
Fulham,0,0,2,2,0,0,0.5
Fulham,2,0,2,2,2,2,1
Fulham,2,0,2,2,2,2,1
Fulham,4,0,2,2,4,4,1
Fulham,1,0,2,2,1,1,1
Fulham,4,0,2,2,4,4,1
Fulham,3,1,2,2,4,2,1
Fulham,3,0,2,2,3,3,1
Fulham,2,1,2,2,3,1,1
Fulham,2,0,2,2,2,2,1
Fulham,1,0,2,2,1,1,1
Hull City,1,3,2,2,4,-2,0
Hull City,2,0,2,2,2,2,1
Hull City,3,0,2,2,3,3,1
Hull City,1,0,2,2,1,1,1
Hull City,1,1,2,2,2,0,0.5
Hull City,2,0,2,2,2,2,1
Hull City,1,0,2,2,1,1,1
Hull City,1,1,2,2,2,0,0.5
Hull City,2,1,2,2,3,1,1
Hull City,1,0,2,2,1,1,1
Hull City,5,2,2,2,7,3,1
Hull City,2,1,2,2,3,1,1
Hull City,0,1,2,2,1,-1,0
Hull City,2,0,2,2,2,2,1
Hull City,2,0,2,2,2,2,1
Hull City,0,1,2,2,1,-1,0
Hull City,0,0,2,2,0,0,0.5
Hull City,1,1,2,2,2,0,0.5
Hull City,7,1,2,2,8,6,1
Hull City,0,0,2,2,0,0,0.5
Hull City,2,0,2,2,2,2,1
Leeds United,4,0,2,2,4,4,1
Leeds United,0,0,2,2,0,0,0.5
Leeds United,3,0,2,2,3,3,1
Leeds United,3,0,2,2,3,3,1
Leeds United,2,0,2,2,2,2,1
Leeds United,5,2,2,2,7,3,1
Leeds United,0,0,2,2,0,0,0.5
Leeds United,2,1,2,2,3,1,1
Leeds United,2,0,2,2,2,2,1
Leeds United,0,2,2,2,2,-2,0
Leeds United,3,0,2,2,3,3,1
Leeds United,2,0,2,2,2,2,1
Leeds United,0,0,2,2,0,0,0.5
Leeds United,1,1,2,2,2,0,0.5
Leeds United,2,1,2,2,3,1,1
Leeds United,0,2,2,2,2,-2,0
Leeds United,1,1,2,2,2,0,0.5
Leeds United,0,0,2,2,0,0,0.5
Leeds United,1,2,2,2,3,-1,0
Leeds United,0,0,2,2,0,0,0.5
Leeds United,0,0,2,2,0,0,0.5
Leicester City,1,0,2,2,1,1,1
Leicester City,1,0,2,2,1,1,1
Leicester City,2,1,2,2,3,1,1
Leicester City,4,1,2,2,5,3,1
Leicester City,0,0,2,2,0,0,0.5
Leicester City,1,1,2,2,2,0,0.5
Leicester City,2,0,2,2,2,2,1
Leicester City,1,1,2,2,2,0,0.5
Leicester City,1,2,2,2,3,-1,0
Leicester City,0,1,2,2,1,-1,0
Leicester City,0,0,2,2,0,0,0.5
Leicester City,1,0,2,2,1,1,1
Leicester City,2,2,2,2,4,0,0.5
Leicester City,3,0,2,2,3,3,1
Leicester City,3,0,2,2,3,3,1
Leicester City,1,0,2,2,1,1,1
Leicester City,1,1,2,2,2,0,0.5
Leicester City,1,0,2,2,1,1,1
Leicester City,3,4,2,2,7,-1,0
Leicester City,2,1,2,2,3,1,1
Leicester City,0,1,2,2,1,-1,0
Leyton Orient,2,1,2,2,3,1,1
Leyton Orient,3,0,2,2,3,3,1
Leyton Orient,1,0,2,2,1,1,1
Leyton Orient,0,1,2,2,1,-1,0
Leyton Orient,3,1,2,2,4,2,1
Leyton Orient,4,0,2,2,4,4,1
Leyton Orient,0,0,2,2,0,0,0.5
Leyton Orient,3,2,2,2,5,1,1
Leyton Orient,4,2,2,2,6,2,1
Leyton Orient,0,2,2,2,2,-2,0
Leyton Orient,4,2,2,2,6,2,1
Leyton Orient,0,0,2,2,0,0,0.5
Leyton Orient,1,2,2,2,3,-1,0
Leyton Orient,2,1,2,2,3,1,1
Leyton Orient,2,0,2,2,2,2,1
Leyton Orient,1,2,2,2,3,-1,0
Leyton Orient,1,1,2,2,2,0,0.5
Leyton Orient,0,1,2,2,1,-1,0
Leyton Orient,1,0,2,2,1,1,1
Leyton Orient,0,0,2,2,0,0,0.5
Leyton Orient,1,0,2,2,1,1,1
Nottingham Forest,1,1,2,2,2,0,0.5
Nottingham Forest,0,0,2,2,0,0,0.5
Nottingham Forest,4,1,2,2,5,3,1
Nottingham Forest,1,0,2,2,1,1,1
Nottingham Forest,1,2,2,2,3,-1,0
Nottingham Forest,1,0,2,2,1,1,1
Nottingham Forest,2,1,2,2,3,1,1
Nottingham Forest,3,0,2,2,3,3,1
Nottingham Forest,0,0,2,2,0,0,0.5
Nottingham Forest,3,2,2,2,5,1,1
Nottingham Forest,1,0,2,2,1,1,1
Nottingham Forest,0,0,2,2,0,0,0.5
Nottingham Forest,2,0,2,2,2,2,1
Nottingham Forest,0,0,2,2,0,0,0.5
Nottingham Forest,1,1,2,2,2,0,0.5
Nottingham Forest,1,0,2,2,1,1,1
Nottingham Forest,2,0,2,2,2,2,1
Nottingham Forest,1,0,2,2,1,1,1
Nottingham Forest,3,1,2,2,4,2,1
Nottingham Forest,2,0,2,2,2,2,1
Nottingham Forest,0,0,2,2,0,0,0.5
Notts County,1,4,2,2,5,-3,0
Notts County,2,1,2,2,3,1,1
Notts County,3,0,2,2,3,3,1
Notts County,0,2,2,2,2,-2,0
Notts County,1,1,2,2,2,0,0.5
Notts County,1,1,2,2,2,0,0.5
Notts County,3,2,2,2,5,1,1
Notts County,1,2,2,2,3,-1,0
Notts County,3,0,2,2,3,3,1
Notts County,2,0,2,2,2,2,1
Notts County,4,1,2,2,5,3,1
Notts County,0,0,2,2,0,0,0.5
Notts County,0,0,2,2,0,0,0.5
Notts County,1,1,2,2,2,0,0.5
Notts County,1,2,2,2,3,-1,0
Notts County,2,0,2,2,2,2,1
Notts County,2,0,2,2,2,2,1
Notts County,2,0,2,2,2,2,1
Notts County,0,0,2,2,0,0,0.5
Notts County,1,1,2,2,2,0,0.5
Notts County,4,0,2,2,4,4,1
Port Vale,2,3,2,2,5,-1,0
Port Vale,1,0,2,2,1,1,1
Port Vale,1,0,2,2,1,1,1
Port Vale,3,1,2,2,4,2,1
Port Vale,5,2,2,2,7,3,1
Port Vale,1,2,2,2,3,-1,0
Port Vale,3,0,2,2,3,3,1
Port Vale,1,1,2,2,2,0,0.5
Port Vale,1,1,2,2,2,0,0.5
Port Vale,1,0,2,2,1,1,1
Port Vale,0,1,2,2,1,-1,0
Port Vale,1,1,2,2,2,0,0.5
Port Vale,3,0,2,2,3,3,1
Port Vale,0,2,2,2,2,-2,0
Port Vale,0,0,2,2,0,0,0.5
Port Vale,1,0,2,2,1,1,1
Port Vale,1,0,2,2,1,1,1
Port Vale,1,1,2,2,2,0,0.5
Port Vale,0,1,2,2,1,-1,0
Port Vale,2,1,2,2,3,1,1
Port Vale,0,2,2,2,2,-2,0
Rotherham County,0,0,2,2,0,0,0.5
Rotherham County,0,1,2,2,1,-1,0
Rotherham County,2,0,2,2,2,2,1
Rotherham County,0,0,2,2,0,0,0.5
Rotherham County,1,1,2,2,2,0,0.5
Rotherham County,0,0,2,2,0,0,0.5
Rotherham County,1,1,2,2,2,0,0.5
Rotherham County,2,0,2,2,2,2,1
Rotherham County,1,0,2,2,1,1,1
Rotherham County,2,0,2,2,2,2,1
Rotherham County,1,0,2,2,1,1,1
Rotherham County,0,0,2,2,0,0,0.5
Rotherham County,2,0,2,2,2,2,1
Rotherham County,0,1,2,2,1,-1,0
Rotherham County,3,0,2,2,3,3,1
Rotherham County,0,1,2,2,1,-1,0
Rotherham County,0,0,2,2,0,0,0.5
Rotherham County,1,1,2,2,2,0,0.5
Rotherham County,0,0,2,2,0,0,0.5
Rotherham County,0,1,2,2,1,-1,0
Rotherham County,1,0,2,2,1,1,1
Sheffield Wednesday,2,3,2,2,5,-1,0
Sheffield Wednesday,5,1,2,2,6,4,1
Sheffield Wednesday,2,1,2,2,3,1,1
Sheffield Wednesday,1,0,2,2,1,1,1
Sheffield Wednesday,4,1,2,2,5,3,1
Sheffield Wednesday,3,2,2,2,5,1,1
Sheffield Wednesday,1,0,2,2,1,1,1
Sheffield Wednesday,1,1,2,2,2,0,0.5
Sheffield Wednesday,1,4,2,2,5,-3,0
Sheffield Wednesday,0,0,2,2,0,0,0.5
Sheffield Wednesday,2,1,2,2,3,1,1
Sheffield Wednesday,1,0,2,2,1,1,1
Sheffield Wednesday,0,0,2,2,0,0,0.5
Sheffield Wednesday,0,4,2,2,4,-4,0
Sheffield Wednesday,0,0,2,2,0,0,0.5
Sheffield Wednesday,2,0,2,2,2,2,1
Sheffield Wednesday,1,0,2,2,1,1,1
Sheffield Wednesday,0,3,2,2,3,-3,0
Sheffield Wednesday,0,1,2,2,1,-1,0
Sheffield Wednesday,2,1,2,2,3,1,1
Sheffield Wednesday,3,1,2,2,4,2,1
South Shields,5,2,2,2,7,3,1
South Shields,2,1,2,2,3,1,1
South Shields,1,0,2,2,1,1,1
South Shields,2,0,2,2,2,2,1
South Shields,1,1,2,2,2,0,0.5
South Shields,2,1,2,2,3,1,1
South Shields,1,1,2,2,2,0,0.5
South Shields,3,1,2,2,4,2,1
South Shields,1,0,2,2,1,1,1
South Shields,1,0,2,2,1,1,1
South Shields,0,1,2,2,1,-1,0
South Shields,1,0,2,2,1,1,1
South Shields,1,1,2,2,2,0,0.5
South Shields,0,0,2,2,0,0,0.5
South Shields,0,0,2,2,0,0,0.5
South Shields,0,1,2,2,1,-1,0
South Shields,2,0,2,2,2,2,1
South Shields,0,0,2,2,0,0,0.5
South Shields,1,1,2,2,2,0,0.5
South Shields,1,0,2,2,1,1,1
South Shields,0,2,2,2,2,-2,0
Stoke City,1,0,2,2,1,1,1
Stoke City,1,1,2,2,2,0,0.5
Stoke City,0,1,2,2,1,-1,0
Stoke City,3,0,2,2,3,3,1
Stoke City,1,0,2,2,1,1,1
Stoke City,2,2,2,2,4,0,0.5
Stoke City,5,1,2,2,6,4,1
Stoke City,1,1,2,2,2,0,0.5
Stoke City,3,0,2,2,3,3,1
Stoke City,0,0,2,2,0,0,0.5
Stoke City,3,0,2,2,3,3,1
Stoke City,1,1,2,2,2,0,0.5
Stoke City,0,0,2,2,0,0,0.5
Stoke City,1,1,2,2,2,0,0.5
Stoke City,0,0,2,2,0,0,0.5
Stoke City,0,0,2,2,0,0,0.5
Stoke City,1,1,2,2,2,0,0.5
Stoke City,1,1,2,2,2,0,0.5
Stoke City,2,1,2,2,3,1,1
Stoke City,2,0,2,2,2,2,1
Stoke City,3,0,2,2,3,3,1
West Ham United,4,0,2,2,4,4,1
West Ham United,0,2,2,2,2,-2,0
West Ham United,1,0,2,2,1,1,1
West Ham United,3,0,2,2,3,3,1
West Ham United,3,2,2,2,5,1,1
West Ham United,3,0,2,2,3,3,1
West Ham United,2,0,2,2,2,2,1
West Ham United,3,1,2,2,4,2,1
West Ham United,1,0,2,2,1,1,1
West Ham United,1,1,2,2,2,0,0.5
West Ham United,1,1,2,2,2,0,0.5
West Ham United,1,0,2,2,1,1,1
West Ham United,1,2,2,2,3,-1,0
West Ham United,1,0,2,2,1,1,1
West Ham United,2,1,2,2,3,1,1
West Ham United,3,0,2,2,3,3,1
West Ham United,1,2,2,2,3,-1,0
West Ham United,2,0,2,2,2,2,1
West Ham United,1,1,2,2,2,0,0.5
West Ham United,3,0,2,2,3,3,1
West Ham United,2,0,2,2,2,2,1
Wolverhampton Wanderers,2,0,2,2,2,2,1
Wolverhampton Wanderers,4,0,2,2,4,4,1
Wolverhampton Wanderers,5,0,2,2,5,5,1
Wolverhampton Wanderers,2,2,2,2,4,0,0.5
Wolverhampton Wanderers,1,1,2,2,2,0,0.5
Wolverhampton Wanderers,1,0,2,2,1,1,1
Wolverhampton Wanderers,0,1,2,2,1,-1,0
Wolverhampton Wanderers,0,3,2,2,3,-3,0
Wolverhampton Wanderers,0,0,2,2,0,0,0.5
Wolverhampton Wanderers,0,2,2,2,2,-2,0
Wolverhampton Wanderers,0,0,2,2,0,0,0.5
Wolverhampton Wanderers,1,1,2,2,2,0,0.5
Wolverhampton Wanderers,0,2,2,2,2,-2,0
Wolverhampton Wanderers,2,0,2,2,2,2,1
Wolverhampton Wanderers,1,2,2,2,3,-1,0
Wolverhampton Wanderers,2,0,2,2,2,2,1
Wolverhampton Wanderers,3,1,2,2,4,2,1
Wolverhampton Wanderers,0,0,2,2,0,0,0.5
Wolverhampton Wanderers,3,2,2,2,5,1,1
Wolverhampton Wanderers,1,1,2,2,2,0,0.5
Wolverhampton Wanderers,0,1,2,2,1,-1,0
Accrington Stanley,3,0,3a,3,3,3,1
Accrington Stanley,3,0,3a,3,3,3,1
Accrington Stanley,3,1,3a,3,4,2,1
Accrington Stanley,2,0,3a,3,2,2,1
Accrington Stanley,1,0,3a,3,1,1,1
Accrington Stanley,5,1,3a,3,6,4,1
Accrington Stanley,1,0,3a,3,1,1,1
Accrington Stanley,1,2,3a,3,3,-1,0
Accrington Stanley,4,1,3a,3,5,3,1
Accrington Stanley,2,0,3a,3,2,2,1
Accrington Stanley,4,1,3a,3,5,3,1
Accrington Stanley,4,0,3a,3,4,4,1
Accrington Stanley,1,2,3a,3,3,-1,0
Accrington Stanley,4,1,3a,3,5,3,1
Accrington Stanley,1,3,3a,3,4,-2,0
Accrington Stanley,3,0,3a,3,3,3,1
Accrington Stanley,3,3,3a,3,6,0,0.5
Accrington Stanley,4,0,3a,3,4,4,1
Accrington Stanley,1,0,3a,3,1,1,1
Ashington,2,1,3a,3,3,1,1
Ashington,0,2,3a,3,2,-2,0
Ashington,1,0,3a,3,1,1,1
Ashington,0,1,3a,3,1,-1,0
Ashington,1,0,3a,3,1,1,1
Ashington,1,0,3a,3,1,1,1
Ashington,1,0,3a,3,1,1,1
Ashington,3,1,3a,3,4,2,1
Ashington,4,1,3a,3,5,3,1
Ashington,4,2,3a,3,6,2,1
Ashington,4,0,3a,3,4,4,1
Ashington,7,3,3a,3,10,4,1
Ashington,2,2,3a,3,4,0,0.5
Ashington,2,3,3a,3,5,-1,0
Ashington,2,0,3a,3,2,2,1
Ashington,1,0,3a,3,1,1,1
Ashington,2,3,3a,3,5,-1,0
Ashington,3,1,3a,3,4,2,1
Ashington,2,2,3a,3,4,0,0.5
Barrow,3,1,3a,3,4,2,1
Barrow,2,0,3a,3,2,2,1
Barrow,1,0,3a,3,1,1,1
Barrow,1,2,3a,3,3,-1,0
Barrow,0,2,3a,3,2,-2,0
Barrow,0,1,3a,3,1,-1,0
Barrow,2,2,3a,3,4,0,0.5
Barrow,1,1,3a,3,2,0,0.5
Barrow,0,1,3a,3,1,-1,0
Barrow,2,0,3a,3,2,2,1
Barrow,0,2,3a,3,2,-2,0
Barrow,1,0,3a,3,1,1,1
Barrow,2,1,3a,3,3,1,1
Barrow,2,1,3a,3,3,1,1
Barrow,0,2,3a,3,2,-2,0
Barrow,2,0,3a,3,2,2,1
Barrow,3,0,3a,3,3,3,1
Barrow,2,0,3a,3,2,2,1
Barrow,5,2,3a,3,7,3,1
Chesterfield,0,1,3a,3,1,-1,0
Chesterfield,0,1,3a,3,1,-1,0
Chesterfield,2,0,3a,3,2,2,1
Chesterfield,1,1,3a,3,2,0,0.5
Chesterfield,0,3,3a,3,3,-3,0
Chesterfield,2,1,3a,3,3,1,1
Chesterfield,4,1,3a,3,5,3,1
Chesterfield,2,0,3a,3,2,2,1
Chesterfield,2,1,3a,3,3,1,1
Chesterfield,3,0,3a,3,3,3,1
Chesterfield,1,2,3a,3,3,-1,0
Chesterfield,2,1,3a,3,3,1,1
Chesterfield,2,1,3a,3,3,1,1
Chesterfield,4,0,3a,3,4,4,1
Chesterfield,0,1,3a,3,1,-1,0
Chesterfield,3,0,3a,3,3,3,1
Chesterfield,1,0,3a,3,1,1,1
Chesterfield,1,1,3a,3,2,0,0.5
Chesterfield,3,0,3a,3,3,3,1
Crewe Alexandra,2,1,3a,3,3,1,1
Crewe Alexandra,1,2,3a,3,3,-1,0
Crewe Alexandra,2,1,3a,3,3,1,1
Crewe Alexandra,1,2,3a,3,3,-1,0
Crewe Alexandra,7,3,3a,3,10,4,1
Crewe Alexandra,3,2,3a,3,5,1,1
Crewe Alexandra,1,2,3a,3,3,-1,0
Crewe Alexandra,2,1,3a,3,3,1,1
Crewe Alexandra,2,0,3a,3,2,2,1
Crewe Alexandra,0,2,3a,3,2,-2,0
Crewe Alexandra,2,1,3a,3,3,1,1
Crewe Alexandra,2,0,3a,3,2,2,1
Crewe Alexandra,1,0,3a,3,1,1,1
Crewe Alexandra,5,1,3a,3,6,4,1
Crewe Alexandra,0,1,3a,3,1,-1,0
Crewe Alexandra,1,1,3a,3,2,0,0.5
Crewe Alexandra,2,0,3a,3,2,2,1
Crewe Alexandra,2,1,3a,3,3,1,1
Crewe Alexandra,3,0,3a,3,3,3,1
Darlington,3,0,3a,3,3,3,1
Darlington,5,0,3a,3,5,5,1
Darlington,3,0,3a,3,3,3,1
Darlington,7,0,3a,3,7,7,1
Darlington,0,1,3a,3,1,-1,0
Darlington,2,2,3a,3,4,0,0.5
Darlington,2,0,3a,3,2,2,1
Darlington,2,0,3a,3,2,2,1
Darlington,0,0,3a,3,0,0,0.5
Darlington,4,2,3a,3,6,2,1
Darlington,0,1,3a,3,1,-1,0
Darlington,2,1,3a,3,3,1,1
Darlington,3,0,3a,3,3,3,1
Darlington,3,0,3a,3,3,3,1
Darlington,1,0,3a,3,1,1,1
Darlington,4,0,3a,3,4,4,1
Darlington,5,0,3a,3,5,5,1
Darlington,3,0,3a,3,3,3,1
Darlington,3,0,3a,3,3,3,1
Durham City,3,1,3a,3,4,2,1
Durham City,1,0,3a,3,1,1,1
Durham City,2,0,3a,3,2,2,1
Durham City,3,1,3a,3,4,2,1
Durham City,4,2,3a,3,6,2,1
Durham City,3,7,3a,3,10,-4,0
Durham City,1,2,3a,3,3,-1,0
Durham City,3,1,3a,3,4,2,1
Durham City,0,1,3a,3,1,-1,0
Durham City,2,0,3a,3,2,2,1
Durham City,2,0,3a,3,2,2,1
Durham City,0,2,3a,3,2,-2,0
Durham City,2,0,3a,3,2,2,1
Durham City,3,1,3a,3,4,2,1
Durham City,0,2,3a,3,2,-2,0
Durham City,3,0,3a,3,3,3,1
Durham City,2,0,3a,3,2,2,1
Durham City,6,0,3a,3,6,6,1
Durham City,3,0,3a,3,3,3,1
Grimsby Town,2,1,3a,3,3,1,1
Grimsby Town,6,1,3a,3,7,5,1
Grimsby Town,4,0,3a,3,4,4,1
Grimsby Town,2,2,3a,3,4,0,0.5
Grimsby Town,3,0,3a,3,3,3,1
Grimsby Town,3,1,3a,3,4,2,1
Grimsby Town,5,2,3a,3,7,3,1
Grimsby Town,4,1,3a,3,5,3,1
Grimsby Town,2,0,3a,3,2,2,1
Grimsby Town,3,1,3a,3,4,2,1
Grimsby Town,3,1,3a,3,4,2,1
Grimsby Town,3,0,3a,3,3,3,1
Grimsby Town,0,0,3a,3,0,0,0.5
Grimsby Town,1,1,3a,3,2,0,0.5
Grimsby Town,2,1,3a,3,3,1,1
Grimsby Town,5,1,3a,3,6,4,1
Grimsby Town,3,1,3a,3,4,2,1
Grimsby Town,1,1,3a,3,2,0,0.5
Grimsby Town,2,0,3a,3,2,2,1
Halifax Town,2,1,3a,3,3,1,1
Halifax Town,2,0,3a,3,2,2,1
Halifax Town,3,2,3a,3,5,1,1
Halifax Town,1,2,3a,3,3,-1,0
Halifax Town,5,5,3a,3,10,0,0.5
Halifax Town,5,1,3a,3,6,4,1
Halifax Town,3,2,3a,3,5,1,1
Halifax Town,2,0,3a,3,2,2,1
Halifax Town,3,0,3a,3,3,3,1
Halifax Town,1,2,3a,3,3,-1,0
Halifax Town,3,1,3a,3,4,2,1
Halifax Town,1,1,3a,3,2,0,0.5
Halifax Town,1,1,3a,3,2,0,0.5
Halifax Town,2,3,3a,3,5,-1,0
Halifax Town,1,0,3a,3,1,1,1
Halifax Town,0,2,3a,3,2,-2,0
Halifax Town,1,3,3a,3,4,-2,0
Halifax Town,1,2,3a,3,3,-1,0
Halifax Town,0,0,3a,3,0,0,0.5
Hartlepool United,2,1,3a,3,3,1,1
Hartlepool United,2,1,3a,3,3,1,1
Hartlepool United,3,1,3a,3,4,2,1
Hartlepool United,7,0,3a,3,7,7,1
Hartlepool United,1,0,3a,3,1,1,1
Hartlepool United,0,0,3a,3,0,0,0.5
Hartlepool United,0,1,3a,3,1,-1,0
Hartlepool United,0,0,3a,3,0,0,0.5
Hartlepool United,4,0,3a,3,4,4,1
Hartlepool United,1,1,3a,3,2,0,0.5
Hartlepool United,6,1,3a,3,7,5,1
Hartlepool United,5,3,3a,3,8,2,1
Hartlepool United,1,0,3a,3,1,1,1
Hartlepool United,0,1,3a,3,1,-1,0
Hartlepool United,0,0,3a,3,0,0,0.5
Hartlepool United,0,0,3a,3,0,0,0.5
Hartlepool United,1,0,3a,3,1,1,1
Hartlepool United,0,0,3a,3,0,0,0.5
Hartlepool United,0,1,3a,3,1,-1,0
Lincoln City,1,1,3a,3,2,0,0.5
Lincoln City,4,1,3a,3,5,3,1
Lincoln City,1,0,3a,3,1,1,1
Lincoln City,2,1,3a,3,3,1,1
Lincoln City,2,3,3a,3,5,-1,0
Lincoln City,0,2,3a,3,2,-2,0
Lincoln City,3,0,3a,3,3,3,1
Lincoln City,0,2,3a,3,2,-2,0
Lincoln City,3,1,3a,3,4,2,1
Lincoln City,1,1,3a,3,2,0,0.5
Lincoln City,0,2,3a,3,2,-2,0
Lincoln City,1,2,3a,3,3,-1,0
Lincoln City,3,1,3a,3,4,2,1
Lincoln City,2,1,3a,3,3,1,1
Lincoln City,0,1,3a,3,1,-1,0
Lincoln City,4,1,3a,3,5,3,1
Lincoln City,1,0,3a,3,1,1,1
Lincoln City,3,0,3a,3,3,3,1
Lincoln City,1,0,3a,3,1,1,1
Nelson,0,1,3a,3,1,-1,0
Nelson,0,2,3a,3,2,-2,0
Nelson,1,1,3a,3,2,0,0.5
Nelson,2,0,3a,3,2,2,1
Nelson,1,2,3a,3,3,-1,0
Nelson,1,1,3a,3,2,0,0.5
Nelson,3,5,3a,3,8,-2,0
Nelson,3,0,3a,3,3,3,1
Nelson,0,0,3a,3,0,0,0.5
Nelson,0,4,3a,3,4,-4,0
Nelson,0,0,3a,3,0,0,0.5
Nelson,4,1,3a,3,5,3,1
Nelson,3,2,3a,3,5,1,1
Nelson,1,0,3a,3,1,1,1
Nelson,2,2,3a,3,4,0,0.5
Nelson,0,0,3a,3,0,0,0.5
Nelson,1,0,3a,3,1,1,1
Nelson,1,2,3a,3,3,-1,0
Nelson,4,0,3a,3,4,4,1
Rochdale,6,3,3a,3,9,3,1
Rochdale,2,1,3a,3,3,1,1
Rochdale,0,1,3a,3,1,-1,0
Rochdale,0,1,3a,3,1,-1,0
Rochdale,2,0,3a,3,2,2,1
Rochdale,0,2,3a,3,2,-2,0
Rochdale,1,0,3a,3,1,1,1
Rochdale,0,2,3a,3,2,-2,0
Rochdale,3,3,3a,3,6,0,0.5
Rochdale,0,1,3a,3,1,-1,0
Rochdale,0,2,3a,3,2,-2,0
Rochdale,2,2,3a,3,4,0,0.5
Rochdale,0,1,3a,3,1,-1,0
Rochdale,2,1,3a,3,3,1,1
Rochdale,0,1,3a,3,1,-1,0
Rochdale,2,1,3a,3,3,1,1
Rochdale,7,0,3a,3,7,7,1
Rochdale,4,2,3a,3,6,2,1
Rochdale,3,0,3a,3,3,3,1
Southport,1,1,3a,3,2,0,0.5
Southport,0,0,3a,3,0,0,0.5
Southport,1,0,3a,3,1,1,1
Southport,3,0,3a,3,3,3,1
Southport,2,0,3a,3,2,2,1
Southport,3,1,3a,3,4,2,1
Southport,1,1,3a,3,2,0,0.5
Southport,7,1,3a,3,8,6,1
Southport,3,0,3a,3,3,3,1
Southport,3,0,3a,3,3,3,1
Southport,0,0,3a,3,0,0,0.5
Southport,0,1,3a,3,1,-1,0
Southport,2,1,3a,3,3,1,1
Southport,5,1,3a,3,6,4,1
Southport,2,1,3a,3,3,1,1
Southport,1,1,3a,3,2,0,0.5
Southport,3,0,3a,3,3,3,1
Southport,1,1,3a,3,2,0,0.5
Southport,1,2,3a,3,3,-1,0
Stalybridge Celtic,3,1,3a,3,4,2,1
Stalybridge Celtic,2,0,3a,3,2,2,1
Stalybridge Celtic,3,0,3a,3,3,3,1
Stalybridge Celtic,6,0,3a,3,6,6,1
Stalybridge Celtic,2,2,3a,3,4,0,0.5
Stalybridge Celtic,1,0,3a,3,1,1,1
Stalybridge Celtic,4,3,3a,3,7,1,1
Stalybridge Celtic,3,0,3a,3,3,3,1
Stalybridge Celtic,2,1,3a,3,3,1,1
Stalybridge Celtic,1,3,3a,3,4,-2,0
Stalybridge Celtic,2,0,3a,3,2,2,1
Stalybridge Celtic,2,0,3a,3,2,2,1
Stalybridge Celtic,1,0,3a,3,1,1,1
Stalybridge Celtic,0,0,3a,3,0,0,0.5
Stalybridge Celtic,0,4,3a,3,4,-4,0
Stalybridge Celtic,4,0,3a,3,4,4,1
Stalybridge Celtic,2,0,3a,3,2,2,1
Stalybridge Celtic,0,0,3a,3,0,0,0.5
Stalybridge Celtic,4,1,3a,3,5,3,1
Stockport County,2,1,3a,3,3,1,1
Stockport County,3,2,3a,3,5,1,1
Stockport County,2,0,3a,3,2,2,1
Stockport County,2,1,3a,3,3,1,1
Stockport County,1,1,3a,3,2,0,0.5
Stockport County,1,0,3a,3,1,1,1
Stockport County,4,0,3a,3,4,4,1
Stockport County,0,1,3a,3,1,-1,0
Stockport County,0,0,3a,3,0,0,0.5
Stockport County,1,0,3a,3,1,1,1
Stockport County,2,2,3a,3,4,0,0.5
Stockport County,3,0,3a,3,3,3,1
Stockport County,3,0,3a,3,3,3,1
Stockport County,2,1,3a,3,3,1,1
Stockport County,4,0,3a,3,4,4,1
Stockport County,0,0,3a,3,0,0,0.5
Stockport County,3,1,3a,3,4,2,1
Stockport County,3,0,3a,3,3,3,1
Stockport County,0,0,3a,3,0,0,0.5
Tranmere Rovers,2,4,3a,3,6,-2,0
Tranmere Rovers,2,3,3a,3,5,-1,0
Tranmere Rovers,2,2,3a,3,4,0,0.5
Tranmere Rovers,2,0,3a,3,2,2,1
Tranmere Rovers,4,1,3a,3,5,3,1
Tranmere Rovers,0,1,3a,3,1,-1,0
Tranmere Rovers,3,3,3a,3,6,0,0.5
Tranmere Rovers,2,2,3a,3,4,0,0.5
Tranmere Rovers,2,2,3a,3,4,0,0.5
Tranmere Rovers,1,2,3a,3,3,-1,0
Tranmere Rovers,4,0,3a,3,4,4,1
Tranmere Rovers,4,0,3a,3,4,4,1
Tranmere Rovers,7,0,3a,3,7,7,1
Tranmere Rovers,0,1,3a,3,1,-1,0
Tranmere Rovers,4,1,3a,3,5,3,1
Tranmere Rovers,0,2,3a,3,2,-2,0
Tranmere Rovers,0,1,3a,3,1,-1,0
Tranmere Rovers,2,0,3a,3,2,2,1
Tranmere Rovers,0,0,3a,3,0,0,0.5
Walsall,6,1,3a,3,7,5,1
Walsall,6,2,3a,3,8,4,1
Walsall,3,1,3a,3,4,2,1
Walsall,2,1,3a,3,3,1,1
Walsall,1,0,3a,3,1,1,1
Walsall,0,1,3a,3,1,-1,0
Walsall,2,0,3a,3,2,2,1
Walsall,2,1,3a,3,3,1,1
Walsall,4,1,3a,3,5,3,1
Walsall,3,1,3a,3,4,2,1
Walsall,3,0,3a,3,3,3,1
Walsall,2,0,3a,3,2,2,1
Walsall,4,0,3a,3,4,4,1
Walsall,4,1,3a,3,5,3,1
Walsall,2,2,3a,3,4,0,0.5
Walsall,0,2,3a,3,2,-2,0
Walsall,2,0,3a,3,2,2,1
Walsall,4,1,3a,3,5,3,1
Walsall,2,2,3a,3,4,0,0.5
Wigan Borough,0,1,3a,3,1,-1,0
Wigan Borough,1,1,3a,3,2,0,0.5
Wigan Borough,1,2,3a,3,3,-1,0
Wigan Borough,1,2,3a,3,3,-1,0
Wigan Borough,2,0,3a,3,2,2,1
Wigan Borough,3,3,3a,3,6,0,0.5
Wigan Borough,2,0,3a,3,2,2,1
Wigan Borough,1,1,3a,3,2,0,0.5
Wigan Borough,4,3,3a,3,7,1,1
Wigan Borough,1,0,3a,3,1,1,1
Wigan Borough,3,1,3a,3,4,2,1
Wigan Borough,1,4,3a,3,5,-3,0
Wigan Borough,3,2,3a,3,5,1,1
Wigan Borough,3,2,3a,3,5,1,1
Wigan Borough,0,2,3a,3,2,-2,0
Wigan Borough,0,1,3a,3,1,-1,0
Wigan Borough,0,0,3a,3,0,0,0.5
Wigan Borough,4,2,3a,3,6,2,1
Wigan Borough,2,1,3a,3,3,1,1
Wrexham,2,1,3a,3,3,1,1
Wrexham,2,0,3a,3,2,2,1
Wrexham,0,0,3a,3,0,0,0.5
Wrexham,6,1,3a,3,7,5,1
Wrexham,1,0,3a,3,1,1,1
Wrexham,1,1,3a,3,2,0,0.5
Wrexham,3,1,3a,3,4,2,1
Wrexham,0,1,3a,3,1,-1,0
Wrexham,5,1,3a,3,6,4,1
Wrexham,0,2,3a,3,2,-2,0
Wrexham,3,1,3a,3,4,2,1
Wrexham,4,2,3a,3,6,2,1
Wrexham,1,1,3a,3,2,0,0.5
Wrexham,2,0,3a,3,2,2,1
Wrexham,2,0,3a,3,2,2,1
Wrexham,0,0,3a,3,0,0,0.5
Wrexham,1,3,3a,3,4,-2,0
Wrexham,4,0,3a,3,4,4,1
Wrexham,3,2,3a,3,5,1,1
Aberdare Athletic,2,0,3b,3,2,2,1
Aberdare Athletic,2,0,3b,3,2,2,1
Aberdare Athletic,2,0,3b,3,2,2,1
Aberdare Athletic,3,3,3b,3,6,0,0.5
Aberdare Athletic,0,2,3b,3,2,-2,0
Aberdare Athletic,6,1,3b,3,7,5,1
Aberdare Athletic,2,0,3b,3,2,2,1
Aberdare Athletic,0,0,3b,3,0,0,0.5
Aberdare Athletic,0,0,3b,3,0,0,0.5
Aberdare Athletic,3,0,3b,3,3,3,1
Aberdare Athletic,4,2,3b,3,6,2,1
Aberdare Athletic,1,2,3b,3,3,-1,0
Aberdare Athletic,0,0,3b,3,0,0,0.5
Aberdare Athletic,0,0,3b,3,0,0,0.5
Aberdare Athletic,4,2,3b,3,6,2,1
Aberdare Athletic,0,1,3b,3,1,-1,0
Aberdare Athletic,0,1,3b,3,1,-1,0
Aberdare Athletic,1,1,3b,3,2,0,0.5
Aberdare Athletic,2,1,3b,3,3,1,1
Aberdare Athletic,3,2,3b,3,5,1,1
Aberdare Athletic,3,0,3b,3,3,3,1
Brentford,2,1,3b,3,3,1,1
Brentford,4,0,3b,3,4,4,1
Brentford,4,2,3b,3,6,2,1
Brentford,0,2,3b,3,2,-2,0
Brentford,5,2,3b,3,7,3,1
Brentford,0,1,3b,3,1,-1,0
Brentford,0,2,3b,3,2,-2,0
Brentford,0,1,3b,3,1,-1,0
Brentford,1,0,3b,3,1,1,1
Brentford,1,0,3b,3,1,1,1
Brentford,1,0,3b,3,1,1,1
Brentford,2,1,3b,3,3,1,1
Brentford,3,1,3b,3,4,2,1
Brentford,2,2,3b,3,4,0,0.5
Brentford,5,1,3b,3,6,4,1
Brentford,2,0,3b,3,2,2,1
Brentford,1,0,3b,3,1,1,1
Brentford,1,0,3b,3,1,1,1
Brentford,3,0,3b,3,3,3,1
Brentford,3,0,3b,3,3,3,1
Brentford,1,1,3b,3,2,0,0.5
Brighton & Hove Albion,1,2,3b,3,3,-1,0
Brighton & Hove Albion,2,1,3b,3,3,1,1
Brighton & Hove Albion,3,1,3b,3,4,2,1
Brighton & Hove Albion,2,0,3b,3,2,2,1
Brighton & Hove Albion,3,1,3b,3,4,2,1
Brighton & Hove Albion,0,1,3b,3,1,-1,0
Brighton & Hove Albion,1,1,3b,3,2,0,0.5
Brighton & Hove Albion,1,3,3b,3,4,-2,0
Brighton & Hove Albion,0,1,3b,3,1,-1,0
Brighton & Hove Albion,3,0,3b,3,3,3,1
Brighton & Hove Albion,7,0,3b,3,7,7,1
Brighton & Hove Albion,0,2,3b,3,2,-2,0
Brighton & Hove Albion,1,1,3b,3,2,0,0.5
Brighton & Hove Albion,3,0,3b,3,3,3,1
Brighton & Hove Albion,2,1,3b,3,3,1,1
Brighton & Hove Albion,1,1,3b,3,2,0,0.5
Brighton & Hove Albion,0,1,3b,3,1,-1,0
Brighton & Hove Albion,0,0,3b,3,0,0,0.5
Brighton & Hove Albion,0,0,3b,3,0,0,0.5
Brighton & Hove Albion,2,1,3b,3,3,1,1
Brighton & Hove Albion,1,1,3b,3,2,0,0.5
Bristol Rovers,5,1,3b,3,6,4,1
Bristol Rovers,0,0,3b,3,0,0,0.5
Bristol Rovers,1,2,3b,3,3,-1,0
Bristol Rovers,4,2,3b,3,6,2,1
Bristol Rovers,1,3,3b,3,4,-2,0
Bristol Rovers,0,3,3b,3,3,-3,0
Bristol Rovers,2,0,3b,3,2,2,1
Bristol Rovers,2,0,3b,3,2,2,1
Bristol Rovers,0,0,3b,3,0,0,0.5
Bristol Rovers,3,4,3b,3,7,-1,0
Bristol Rovers,2,0,3b,3,2,2,1
Bristol Rovers,4,2,3b,3,6,2,1
Bristol Rovers,1,3,3b,3,4,-2,0
Bristol Rovers,1,1,3b,3,2,0,0.5
Bristol Rovers,1,1,3b,3,2,0,0.5
Bristol Rovers,2,0,3b,3,2,2,1
Bristol Rovers,0,0,3b,3,0,0,0.5
Bristol Rovers,1,0,3b,3,1,1,1
Bristol Rovers,0,0,3b,3,0,0,0.5
Bristol Rovers,1,1,3b,3,2,0,0.5
Bristol Rovers,1,1,3b,3,2,0,0.5
Charlton Athletic,2,1,3b,3,3,1,1
Charlton Athletic,1,1,3b,3,2,0,0.5
Charlton Athletic,1,0,3b,3,1,1,1
Charlton Athletic,2,0,3b,3,2,2,1
Charlton Athletic,1,0,3b,3,1,1,1
Charlton Athletic,0,0,3b,3,0,0,0.5
Charlton Athletic,0,1,3b,3,1,-1,0
Charlton Athletic,1,0,3b,3,1,1,1
Charlton Athletic,2,1,3b,3,3,1,1
Charlton Athletic,1,1,3b,3,2,0,0.5
Charlton Athletic,2,2,3b,3,4,0,0.5
Charlton Athletic,2,1,3b,3,3,1,1
Charlton Athletic,0,0,3b,3,0,0,0.5
Charlton Athletic,1,2,3b,3,3,-1,0
Charlton Athletic,1,1,3b,3,2,0,0.5
Charlton Athletic,0,1,3b,3,1,-1,0
Charlton Athletic,1,2,3b,3,3,-1,0
Charlton Athletic,4,0,3b,3,4,4,1
Charlton Athletic,1,0,3b,3,1,1,1
Charlton Athletic,4,5,3b,3,9,-1,0
Charlton Athletic,1,0,3b,3,1,1,1
Exeter City,0,1,3b,3,1,-1,0
Exeter City,1,0,3b,3,1,1,1
Exeter City,0,3,3b,3,3,-3,0
Exeter City,2,2,3b,3,4,0,0.5
Exeter City,1,0,3b,3,1,1,1
Exeter City,1,1,3b,3,2,0,0.5
Exeter City,0,1,3b,3,1,-1,0
Exeter City,1,0,3b,3,1,1,1
Exeter City,1,0,3b,3,1,1,1
Exeter City,2,2,3b,3,4,0,0.5
Exeter City,2,0,3b,3,2,2,1
Exeter City,2,0,3b,3,2,2,1
Exeter City,0,2,3b,3,2,-2,0
Exeter City,1,4,3b,3,5,-3,0
Exeter City,0,1,3b,3,1,-1,0
Exeter City,1,3,3b,3,4,-2,0
Exeter City,0,0,3b,3,0,0,0.5
Exeter City,4,1,3b,3,5,3,1
Exeter City,1,1,3b,3,2,0,0.5
Exeter City,1,4,3b,3,5,-3,0
Exeter City,1,3,3b,3,4,-2,0
Gillingham,3,1,3b,3,4,2,1
Gillingham,0,0,3b,3,0,0,0.5
Gillingham,1,0,3b,3,1,1,1
Gillingham,3,2,3b,3,5,1,1
Gillingham,2,0,3b,3,2,2,1
Gillingham,3,0,3b,3,3,3,1
Gillingham,0,1,3b,3,1,-1,0
Gillingham,5,0,3b,3,5,5,1
Gillingham,0,1,3b,3,1,-1,0
Gillingham,0,2,3b,3,2,-2,0
Gillingham,3,2,3b,3,5,1,1
Gillingham,5,2,3b,3,7,3,1
Gillingham,1,2,3b,3,3,-1,0
Gillingham,1,2,3b,3,3,-1,0
Gillingham,1,2,3b,3,3,-1,0
Gillingham,2,0,3b,3,2,2,1
Gillingham,2,0,3b,3,2,2,1
Gillingham,1,0,3b,3,1,1,1
Gillingham,0,0,3b,3,0,0,0.5
Gillingham,2,2,3b,3,4,0,0.5
Gillingham,1,1,3b,3,2,0,0.5
Luton Town,1,2,3b,3,3,-1,0
Luton Town,3,0,3b,3,3,3,1
Luton Town,2,0,3b,3,2,2,1
Luton Town,1,2,3b,3,3,-1,0
Luton Town,2,0,3b,3,2,2,1
Luton Town,4,0,3b,3,4,4,1
Luton Town,7,0,3b,3,7,7,1
Luton Town,3,0,3b,3,3,3,1
Luton Town,1,0,3b,3,1,1,1
Luton Town,4,0,3b,3,4,4,1
Luton Town,3,0,3b,3,3,3,1
Luton Town,2,1,3b,3,3,1,1
Luton Town,1,0,3b,3,1,1,1
Luton Town,1,0,3b,3,1,1,1
Luton Town,3,1,3b,3,4,2,1
Luton Town,0,1,3b,3,1,-1,0
Luton Town,0,0,3b,3,0,0,0.5
Luton Town,3,0,3b,3,3,3,1
Luton Town,3,0,3b,3,3,3,1
Luton Town,2,1,3b,3,3,1,1
Luton Town,1,1,3b,3,2,0,0.5
Merthyr Town,0,1,3b,3,1,-1,0
Merthyr Town,2,0,3b,3,2,2,1
Merthyr Town,2,1,3b,3,3,1,1
Merthyr Town,0,2,3b,3,2,-2,0
Merthyr Town,1,0,3b,3,1,1,1
Merthyr Town,0,0,3b,3,0,0,0.5
Merthyr Town,2,0,3b,3,2,2,1
Merthyr Town,2,0,3b,3,2,2,1
Merthyr Town,3,1,3b,3,4,2,1
Merthyr Town,2,1,3b,3,3,1,1
Merthyr Town,2,1,3b,3,3,1,1
Merthyr Town,3,0,3b,3,3,3,1
Merthyr Town,0,1,3b,3,1,-1,0
Merthyr Town,2,1,3b,3,3,1,1
Arsenal,3,1,1,1,4,2,1
Burnley,3,2,1,1,5,1,1
Hull City,3,3,1,1,6,0,0.5
Leicester City,4,2,1,1,6,2,1
Swansea City,3,0,1,1,3,3,1
Watford,3,2,1,1,5,1,1
Chelsea,1,0,1,1,1,1,1
Liverpool,2,2,1,1,4,0,0.5
Manchester United,1,0,1,1,1,1,1
Southampton,1,0,1,1,1,1,1
AFC Bournemouth,1,0,1,1,1,1,1
Everton,2,1,1,1,3,1,1
Crystal Palace,1,2,1,1,3,-1,0
Manchester City,2,0,1,1,2,2,1
Middlesbrough,0,3,1,1,3,-3,0
Stoke City,0,0,1,1,0,0,0.5
Sunderland,0,1,1,1,1,-1,0
Tottenham Hotspur,3,0,1,1,3,3,1
West Bromwich Albion,3,1,1,1,4,2,1
West Ham United,1,0,1,1,1,1,1
Crystal Palace,0,1,1,1,1,-1,0
Middlesbrough,3,0,1,1,3,3,1
Stoke City,2,2,1,1,4,0,0.5
Sunderland,1,0,1,1,1,1,1
West Bromwich Albion,0,2,1,1,2,-2,0
West Ham United,1,0,1,1,1,1,1
AFC Bournemouth,1,3,1,1,4,-2,0
Manchester City,2,1,1,1,3,1,1
Tottenham Hotspur,2,1,1,1,3,1,1
Everton,0,1,1,1,1,-1,0
Arsenal,1,0,1,1,1,1,1
Burnley,1,0,1,1,1,1,1
Chelsea,3,0,1,1,3,3,1
Hull City,0,3,1,1,3,-3,0
Leicester City,0,2,1,1,2,-2,0
Manchester United,3,1,1,1,4,2,1
Swansea City,1,4,1,1,5,-3,0
Watford,1,1,1,1,2,0,0.5
Liverpool,4,1,1,1,5,3,1
Southampton,1,4,1,1,5,-3,0
Hull City,2,2,1,1,4,0,0.5
Burnley,4,1,1,1,5,3,1
Chelsea,4,2,1,1,6,2,1
Leicester City,1,0,1,1,1,1,1
Liverpool,1,0,1,1,1,1,1
Manchester United,2,1,1,1,3,1,1
Southampton,1,2,1,1,3,-1,0
Swansea City,0,3,1,1,3,-3,0
Arsenal,2,0,1,1,2,2,1
Watford,1,4,1,1,5,-3,0
Everton,3,0,1,1,3,3,1
Manchester City,2,1,1,1,3,1,1
Middlesbrough,0,0,1,1,0,0,0.5
Sunderland,2,2,1,1,4,0,0.5
West Bromwich Albion,3,1,1,1,4,2,1
West Ham United,0,2,1,1,2,-2,0
AFC Bournemouth,3,3,1,1,6,0,0.5
Crystal Palace,1,2,1,1,3,-1,0
Stoke City,2,0,1,1,2,2,1
Tottenham Hotspur,2,0,1,1,2,2,1
Burnley,1,0,1,1,1,1,1
Hull City,3,1,1,1,4,2,1
Leicester City,0,3,1,1,3,-3,0
Sunderland,1,3,1,1,4,-2,0
Swansea City,0,4,1,1,4,-4,0
Tottenham Hotspur,4,0,1,1,4,4,1
Watford,0,0,1,1,0,0,0.5
West Ham United,3,0,1,1,3,3,1
Everton,4,0,1,1,4,4,1
Manchester United,1,1,1,1,2,0,0.5
AFC Bournemouth,2,2,1,1,4,0,0.5
Crystal Palace,0,1,1,1,1,-1,0
Liverpool,2,3,1,1,5,-1,0
Manchester City,2,2,1,1,4,0,0.5
Middlesbrough,1,3,1,1,4,-2,0
Stoke City,1,1,1,1,2,0,0.5
West Bromwich Albion,2,0,1,1,2,2,1
Arsenal,2,1,1,1,3,1,1
Chelsea,2,0,1,1,2,2,1
Southampton,3,0,1,1,3,3,1
Arsenal,1,2,1,1,3,-1,0
AFC Bournemouth,0,2,1,1,2,-2,0
Burnley,1,0,1,1,1,1,1
Liverpool,1,1,1,1,2,0,0.5
Middlesbrough,1,1,1,1,2,0,0.5
Sunderland,0,0,1,1,0,0,0.5
Swansea City,2,1,1,1,3,1,1
Manchester United,0,0,1,1,0,0,0.5
Stoke City,1,1,1,1,2,0,0.5
West Ham United,0,4,1,1,4,-4,0
Chelsea,3,1,1,1,4,2,1
Crystal Palace,0,4,1,1,4,-4,0
Everton,6,3,1,1,9,3,1
Hull City,2,0,1,1,2,2,1
Southampton,1,3,1,1,4,-2,0
Tottenham Hotspur,1,0,1,1,1,1,1
Watford,2,1,1,1,3,1,1
West Bromwich Albion,1,0,1,1,1,1,1
Leicester City,0,3,1,1,3,-3,0
Manchester City,2,1,1,1,3,1,1
Arsenal,2,0,1,1,2,2,1
Liverpool,2,0,1,1,2,2,1
Manchester United,2,0,1,1,2,2,1
Middlesbrough,0,0,1,1,0,0,0.5
Stoke City,1,0,1,1,1,1,1
Sunderland,0,4,1,1,4,-4,0
West Ham United,2,2,1,1,4,0,0.5
Burnley,1,1,1,1,2,0,0.5
Swansea City,2,0,1,1,2,2,1
AFC Bournemouth,0,2,1,1,2,-2,0
Chelsea,3,1,1,1,4,2,1
Crystal Palace,1,0,1,1,1,1,1
Everton,2,0,1,1,2,2,1
Hull City,1,1,1,1,2,0,0.5
Watford,1,1,1,1,2,0,0.5
West Bromwich Albion,2,1,1,1,3,1,1
Tottenham Hotspur,4,0,1,1,4,4,1
Leicester City,3,1,1,1,4,2,1
Leicester City,3,1,1,1,4,2,1
Liverpool,3,1,1,1,4,2,1
Manchester United,1,1,1,1,2,0,0.5
Stoke City,2,0,1,1,2,2,1
Swansea City,3,2,1,1,5,1,1
Watford,3,4,1,1,7,-1,0
West Bromwich Albion,0,2,1,1,2,-2,0
Sunderland,0,2,1,1,2,-2,0
Tottenham Hotspur,3,2,1,1,5,1,1
West Ham United,1,2,1,1,3,-1,0
Manchester City,0,0,1,1,0,0,0.5
AFC Bournemouth,3,2,1,1,5,1,1
Everton,3,0,1,1,3,3,1
Hull City,2,1,1,1,3,1,1
Liverpool,2,1,1,1,3,1,1
AFC Bournemouth,2,0,1,1,2,2,1
Crystal Palace,1,0,1,1,1,1,1
Everton,4,0,1,1,4,4,1
Stoke City,1,2,1,1,3,-1,0
Sunderland,0,0,1,1,0,0,0.5
West Bromwich Albion,3,1,1,1,4,2,1
West Ham United,2,3,1,1,5,-1,0
Manchester City,1,1,1,1,2,0,0.5
Middlesbrough,1,3,1,1,4,-2,0
Tottenham Hotspur,2,1,1,1,3,1,1
Burnley,0,2,1,1,2,-2,0
Chelsea,1,2,1,1,3,-1,0
Hull City,2,1,1,1,3,1,1
Leicester City,2,0,1,1,2,2,1
Liverpool,3,1,1,1,4,2,1
Manchester United,0,0,1,1,0,0,0.5
Southampton,0,0,1,1,0,0,0.5
Watford,1,0,1,1,1,1,1
Arsenal,2,2,1,1,4,0,0.5
Swansea City,0,0,1,1,0,0,0.5
Burnley,1,0,1,1,1,1,1
Leicester City,2,0,1,1,2,2,1
Manchester United,1,1,1,1,2,0,0.5
Watford,2,0,1,1,2,2,1
Arsenal,3,0,1,1,3,3,1
Chelsea,2,1,1,1,3,1,1
Hull City,4,2,1,1,6,2,1
Liverpool,2,2,1,1,4,0,0.5
Southampton,3,1,1,1,4,2,1
Swansea City,1,3,1,1,4,-2,0
AFC Bournemouth,1,3,1,1,4,-2,0
Manchester City,3,1,1,1,4,2,1
Middlesbrough,0,0,1,1,0,0,0.5
Stoke City,1,2,1,1,3,-1,0
Tottenham Hotspur,4,0,1,1,4,4,1
West Bromwich Albion,0,1,1,1,1,-1,0
West Ham United,1,0,1,1,1,1,1
Everton,4,2,1,1,6,2,1
Sunderland,0,3,1,1,3,-3,0
Crystal Palace,3,0,1,1,3,3,1
Crystal Palace,2,2,1,1,4,0,0.5
Everton,3,1,1,1,4,2,1
Southampton,0,3,1,1,3,-3,0
Stoke City,3,1,1,1,4,2,1
Sunderland,2,2,1,1,4,0,0.5
Tottenham Hotspur,4,0,1,1,4,4,1
Watford,1,0,1,1,1,1,1
Manchester United,2,0,1,1,2,2,1
West Bromwich Albion,0,1,1,1,1,-1,0
Middlesbrough,1,2,1,1,3,-1,0
AFC Bournemouth,4,0,1,1,4,4,1
Hull City,2,0,1,1,2,2,1
Swansea City,2,0,1,1,2,2,1
West Ham United,0,0,1,1,0,0,0.5
Burnley,0,2,1,1,2,-2,0
Liverpool,1,2,1,1,3,-1,0
Chelsea,4,2,1,1,6,2,1
Arsenal,1,0,1,1,1,1,1
Crystal Palace,0,1,1,1,1,-1,0
Middlesbrough,1,0,1,1,1,1,1
Manchester City,0,0,1,1,0,0,0.5
Crystal Palace,0,2,1,1,2,-2,0
Southampton,0,0,1,1,0,0,0.5
Stoke City,0,0,1,1,0,0,0.5
Sunderland,0,1,1,1,1,-1,0
West Bromwich Albion,0,1,1,1,1,-1,0
Everton,0,3,1,1,3,-3,0
Manchester United,1,1,1,1,2,0,0.5
Middlesbrough,2,2,1,1,4,0,0.5
Tottenham Hotspur,2,0,1,1,2,2,1
Watford,0,1,1,1,1,-1,0
West Ham United,1,0,1,1,1,1,1
AFC Bournemouth,2,2,1,1,4,0,0.5
Burnley,2,2,1,1,4,0,0.5
Hull City,0,2,1,1,2,-2,0
Leicester City,3,0,1,1,3,3,1
Manchester City,5,0,1,1,5,5,1
Swansea City,1,0,1,1,1,1,1
Arsenal,2,0,1,1,2,2,1
Liverpool,0,0,1,1,0,0,0.5
Chelsea,3,0,1,1,3,3,1
Southampton,0,2,1,1,2,-2,0
Fulham,1,0,2,2,1,1,1
Birmingham City,0,0,2,2,0,0,0.5
Blackburn Rovers,1,4,2,2,5,-3,0
Bristol City,2,1,2,2,3,1,1
Derby County,0,0,2,2,0,0,0.5
Huddersfield Town,2,1,2,2,3,1,1
Ipswich Town,4,2,2,2,6,2,1
Nottingham Forest,4,3,2,2,7,1,1
Reading,1,0,2,2,1,1,1
Rotherham United,2,2,2,2,4,0,0.5
Queens Park Rangers,3,0,2,2,3,3,1
Sheffield Wednesday,1,0,2,2,1,1,1
Brighton & Hove Albion,3,0,2,2,3,3,1
Aston Villa,3,0,2,2,3,3,1
Barnsley,2,0,2,2,2,2,1
Brentford,2,0,2,2,2,2,1
Burton Albion,1,2,2,2,3,-1,0
Leeds United,1,2,2,2,3,-1,0
Newcastle United,1,2,2,2,3,-1,0
Norwich City,0,0,2,2,0,0,0.5
Preston North End,1,2,2,2,3,-1,0
Wigan Athletic,3,0,2,2,3,3,1
Wolverhampton Wanderers,2,0,2,2,2,2,1
Cardiff City,0,2,2,2,2,-2,0
Aston Villa,1,1,2,2,2,0,0.5
Brentford,1,0,2,2,1,1,1
Brighton & Hove Albion,3,0,2,2,3,3,1
Burton Albion,3,1,2,2,4,2,1
Leeds United,1,1,2,2,2,0,0.5
Norwich City,1,0,2,2,1,1,1
Preston North End,0,1,2,2,1,-1,0
Wigan Athletic,1,1,2,2,2,0,0.5
Wolverhampton Wanderers,0,0,2,2,0,0,0.5
Barnsley,3,2,2,2,5,1,1
Cardiff City,2,1,2,2,3,1,1
Newcastle United,4,1,2,2,5,3,1
Birmingham City,1,3,2,2,4,-2,0
Blackburn Rovers,2,2,2,2,4,0,0.5
Bristol City,0,1,2,2,1,-1,0
Derby County,0,0,2,2,0,0,0.5
Fulham,2,2,2,2,4,0,0.5
Huddersfield Town,2,1,2,2,3,1,1
Nottingham Forest,4,3,2,2,7,1,1
Queens Park Rangers,0,2,2,2,2,-2,0
Reading,2,2,2,2,4,0,0.5
Rotherham United,1,0,2,2,1,1,1
Sheffield Wednesday,0,2,2,2,2,-2,0
Ipswich Town,1,1,2,2,2,0,0.5
Burton Albion,1,0,2,2,1,1,1
Barnsley,4,0,2,2,4,4,1
Birmingham City,3,0,2,2,3,3,1
Blackburn Rovers,0,1,2,2,1,-1,0
Brentford,1,1,2,2,2,0,0.5
Bristol City,3,1,2,2,4,2,1
Cardiff City,0,1,2,2,1,-1,0
Huddersfield Town,1,0,2,2,1,1,1
Ipswich Town,1,0,2,2,1,1,1
Newcastle United,2,0,2,2,2,2,1
Nottingham Forest,3,1,2,2,4,2,1
Wigan Athletic,0,1,2,2,1,-1,0
Reading,2,1,2,2,3,1,1
Brighton & Hove Albion,0,2,2,2,2,-2,0
Derby County,0,2,2,2,2,-2,0
Fulham,0,1,2,2,1,-1,0
Leeds United,0,1,2,2,1,-1,0
Norwich City,3,2,2,2,5,1,1
Preston North End,1,2,2,2,3,-1,0
Queens Park Rangers,1,1,2,2,2,0,0.5
Rotherham United,2,2,2,2,4,0,0.5
Sheffield Wednesday,2,1,2,2,3,1,1
Wolverhampton Wanderers,1,1,2,2,2,0,0.5
Aston Villa,2,2,2,2,4,0,0.5
Brighton & Hove Albion,1,0,2,2,1,1,1
Derby County,0,1,2,2,1,-1,0
Fulham,1,1,2,2,2,0,0.5
Leeds United,2,1,2,2,3,1,1
Norwich City,2,1,2,2,3,1,1
Preston North End,3,0,2,2,3,3,1
Queens Park Rangers,0,6,2,2,6,-6,0
Reading,0,0,2,2,0,0,0.5
Sheffield Wednesday,3,2,2,2,5,1,1
Wolverhampton Wanderers,0,4,2,2,4,-4,0
Aston Villa,1,1,2,2,2,0,0.5
Rotherham United,2,2,2,2,4,0,0.5
Barnsley,1,2,2,2,3,-1,0
Birmingham City,2,1,2,2,3,1,1
Blackburn Rovers,4,2,2,2,6,2,1
Brentford,5,0,2,2,5,5,1
Bristol City,1,1,2,2,2,0,0.5
Burton Albion,0,1,2,2,1,-1,0
Cardiff City,0,2,2,2,2,-2,0
Huddersfield Town,2,1,2,2,3,1,1
Ipswich Town,0,0,2,2,0,0,0.5
Newcastle United,0,2,2,2,2,-2,0
Nottingham Forest,1,2,2,2,3,-1,0
Wigan Athletic,0,0,2,2,0,0,0.5
Preston North End,1,0,2,2,1,1,1
Aston Villa,1,1,2,2,2,0,0.5
Brighton & Hove Albion,2,0,2,2,2,2,1
Derby County,1,2,2,2,3,-1,0
Fulham,0,4,2,2,4,-4,0
Leeds United,1,0,2,2,1,1,1
Norwich City,3,1,2,2,4,2,1
Queens Park Rangers,1,1,2,2,2,0,0.5
Reading,1,0,2,2,1,1,1
Rotherham United,1,2,2,2,3,-1,0
Sheffield Wednesday,2,1,2,2,3,1,1
Wolverhampton Wanderers,3,1,2,2,4,2,1
Barnsley,1,1,2,2,2,0,0.5
Birmingham City,2,2,2,2,4,0,0.5
Blackburn Rovers,0,1,2,2,1,-1,0
Brentford,4,1,2,2,5,3,1
Bristol City,1,0,2,2,1,1,1
Burton Albion,1,1,2,2,2,0,0.5
Cardiff City,0,2,2,2,2,-2,0
Huddersfield Town,2,1,2,2,3,1,1
Ipswich Town,0,0,2,2,0,0,0.5
Nottingham Forest,1,1,2,2,2,0,0.5
Wigan Athletic,2,1,2,2,3,1,1
Newcastle United,4,3,2,2,7,1,1
Birmingham City,1,0,2,2,1,1,1
Brentford,0,0,2,2,0,0,0.5
Bristol City,2,1,2,2,3,1,1
Burton Albion,2,0,2,2,2,2,1
Fulham,1,2,2,2,3,-1,0
Ipswich Town,0,1,2,2,1,-1,0
Leeds United,2,1,2,2,3,1,1
Preston North End,2,0,2,2,2,2,1
Reading,1,1,2,2,2,0,0.5
Rotherham United,0,1,2,2,1,-1,0
Sheffield Wednesday,1,2,2,2,3,-1,0
Wolverhampton Wanderers,1,2,2,2,3,-1,0
Cardiff City,2,1,2,2,3,1,1
Nottingham Forest,3,1,2,2,4,2,1
Aston Villa,1,1,2,2,2,0,0.5
Barnsley,2,4,2,2,6,-2,0
Blackburn Rovers,0,0,2,2,0,0,0.5
Brighton & Hove Albion,2,2,2,2,4,0,0.5
Derby County,1,0,2,2,1,1,1
Newcastle United,3,1,2,2,4,2,1
Norwich City,3,1,2,2,4,2,1
Queens Park Rangers,1,1,2,2,2,0,0.5
Wigan Athletic,0,0,2,2,0,0,0.5
Huddersfield Town,0,1,2,2,1,-1,0
Barnsley,0,2,2,2,2,-2,0
Birmingham City,4,2,2,2,6,2,1
Blackburn Rovers,2,1,2,2,3,1,1
Brighton & Hove Albion,1,0,2,2,1,1,1
Derby County,0,0,2,2,0,0,0.5
Fulham,2,2,2,2,4,0,0.5
Ipswich Town,2,0,2,2,2,2,1
Leeds United,1,1,2,2,2,0,0.5
Queens Park Rangers,1,0,2,2,1,1,1
Reading,1,2,2,2,3,-1,0
Cardiff City,1,1,2,2,2,0,0.5
Preston North End,3,1,2,2,4,2,1
Burton Albion,2,0,2,2,2,2,1
Aston Villa,1,0,2,2,1,1,1
Brentford,0,2,2,2,2,-2,0
Bristol City,1,0,2,2,1,1,1
Huddersfield Town,1,0,2,2,1,1,1
Newcastle United,3,0,2,2,3,3,1
Norwich City,0,1,2,2,1,-1,0
Nottingham Forest,1,2,2,2,3,-1,0
Rotherham United,0,1,2,2,1,-1,0
Sheffield Wednesday,1,0,2,2,1,1,1
Wigan Athletic,0,1,2,2,1,-1,0
Wolverhampton Wanderers,0,1,2,2,1,-1,0
Queens Park Rangers,0,2,2,2,2,-2,0
Barnsley,2,2,2,2,4,0,0.5
Blackburn Rovers,1,1,2,2,2,0,0.5
Brighton & Hove Albion,5,0,2,2,5,5,1
Cardiff City,0,1,2,2,1,-1,0
Derby County,2,0,2,2,2,2,1
Fulham,5,0,2,2,5,5,1
Ipswich Town,2,2,2,2,4,0,0.5
Leeds United,2,0,2,2,2,2,1
Preston North End,1,2,2,2,3,-1,0
Reading,2,0,2,2,2,2,1
Birmingham City,1,1,2,2,2,0,0.5
Brentford,0,2,2,2,2,-2,0
Aston Villa,2,1,2,2,3,1,1
Bristol City,0,2,2,2,2,-2,0
Burton Albion,0,0,2,2,0,0,0.5
Huddersfield Town,1,1,2,2,2,0,0.5
Newcastle United,2,1,2,2,3,1,1
Norwich City,2,3,2,2,5,-1,0
Nottingham Forest,1,1,2,2,2,0,0.5
Rotherham United,1,3,2,2,4,-2,0
Sheffield Wednesday,1,2,2,2,3,-1,0
Wigan Athletic,0,3,2,2,3,-3,0
Wolverhampton Wanderers,2,3,2,2,5,-1,0
Brighton & Hove Albion,1,1,2,2,2,0,0.5
Barnsley,0,0,2,2,0,0,0.5
Birmingham City,1,0,2,2,1,1,1
Blackburn Rovers,3,2,2,2,5,1,1
Cardiff City,3,2,2,2,5,1,1
Derby County,3,0,2,2,3,3,1
Fulham,1,1,2,2,2,0,0.5
Ipswich Town,0,2,2,2,2,-2,0
Preston North End,0,0,2,2,0,0,0.5
Queens Park Rangers,2,1,2,2,3,1,1
Reading,3,0,2,2,3,3,1
Leeds United,0,2,2,2,2,-2,0
Barnsley,2,5,2,2,7,-3,0
Aston Villa,3,1,2,2,4,2,1
Brentford,1,2,2,2,3,-1,0
Brighton & Hove Albion,2,1,2,2,3,1,1
Derby County,1,0,2,2,1,1,1
Ipswich Town,3,0,2,2,3,3,1
Newcastle United,0,1,2,2,1,-1,0
Preston North End,1,1,2,2,2,0,0.5
Reading,2,1,2,2,3,1,1
Rotherham United,1,2,2,2,3,-1,0
Wolverhampton Wanderers,0,2,2,2,2,-2,0
Huddersfield Town,1,2,2,2,3,-1,0
Queens Park Rangers,1,2,2,2,3,-1,0
Nottingham Forest,2,1,2,2,3,1,1
Birmingham City,0,3,2,2,3,-3,0
Blackburn Rovers,1,1,2,2,2,0,0.5
Bristol City,2,0,2,2,2,2,1
Burton Albion,2,1,2,2,3,1,1
Cardiff City,0,0,2,2,0,0,0.5
Fulham,5,0,2,2,5,5,1
Leeds United,2,0,2,2,2,2,1
Norwich City,5,0,2,2,5,5,1
Sheffield Wednesday,2,1,2,2,3,1,1
Wigan Athletic,0,1,2,2,1,-1,0
Brighton & Hove Albion,2,0,2,2,2,2,1
Aston Villa,1,0,2,2,1,1,1
Barnsley,2,1,2,2,3,1,1
Brentford,2,1,2,2,3,1,1
Huddersfield Town,2,1,2,2,3,1,1
Ipswich Town,1,1,2,2,2,0,0.5
Newcastle United,4,0,2,2,4,4,1
Preston North End,3,2,2,2,5,1,1
Reading,2,1,2,2,3,1,1
Rotherham United,1,0,2,2,1,1,1
Wolverhampton Wanderers,4,4,2,2,8,0,0.5
Derby County,3,0,2,2,3,3,1
Birmingham City,2,1,2,2,3,1,1
Blackburn Rovers,2,3,2,2,5,-1,0
Bristol City,0,1,2,2,1,-1,0
Burton Albion,0,1,2,2,1,-1,0
Cardiff City,2,1,2,2,3,1,1
Fulham,2,1,2,2,3,1,1
Leeds United,2,0,2,2,2,2,1
Norwich City,1,0,2,2,1,1,1
Sheffield Wednesday,2,0,2,2,2,2,1
Nottingham Forest,1,1,2,2,2,0,0.5
Queens Park Rangers,0,1,2,2,1,-1,0
Wigan Athletic,0,2,2,2,2,-2,0
Norwich City,1,2,2,2,3,-1,0
Birmingham City,1,2,2,2,3,-1,0
Blackburn Rovers,2,3,2,2,5,-1,0
Bristol City,1,2,2,2,3,-1,0
Burton Albion,1,2,2,2,3,-1,0
Cardiff City,3,4,2,2,7,-1,0
Fulham,2,2,2,2,4,0,0.5
Leeds United,1,0,2,2,1,1,1
Nottingham Forest,0,2,2,2,2,-2,0
Sheffield Wednesday,1,0,2,2,1,1,1
Wigan Athletic,2,3,2,2,5,-1,0
Queens Park Rangers,0,1,2,2,1,-1,0
Aston Villa,2,1,2,2,3,1,1
Barnsley,2,0,2,2,2,2,1
Brentford,2,2,2,2,4,0,0.5
Huddersfield Town,2,1,2,2,3,1,1
Ipswich Town,0,2,2,2,2,-2,0
Newcastle United,0,1,2,2,1,-1,0
Preston North End,1,4,2,2,5,-3,0
Reading,3,1,2,2,4,2,1
Rotherham United,3,2,2,2,5,1,1
Wolverhampton Wanderers,3,2,2,2,5,1,1
Brighton & Hove Albion,3,0,2,2,3,3,1
Derby County,1,0,2,2,1,1,1
Aston Villa,1,1,2,2,2,0,0.5
Rotherham United,1,2,2,2,3,-1,0
Ipswich Town,2,1,2,2,3,1,1
Newcastle United,3,1,2,2,4,2,1
Barnsley,2,2,2,2,4,0,0.5
Brentford,0,0,2,2,0,0,0.5
Derby County,0,0,2,2,0,0,0.5
Huddersfield Town,1,1,2,2,2,0,0.5
Preston North End,1,1,2,2,2,0,0.5
Wolverhampton Wanderers,1,2,2,2,3,-1,0
Birmingham City,1,3,2,2,4,-2,0
Blackburn Rovers,1,0,2,2,1,1,1
Bristol City,2,3,2,2,5,-1,0
Burton Albion,0,1,2,2,1,-1,0
Cardiff City,1,0,2,2,1,1,1
Fulham,1,2,2,2,3,-1,0
Leeds United,3,0,2,2,3,3,1
Norwich City,3,0,2,2,3,3,1
Nottingham Forest,0,1,2,2,1,-1,0
Queens Park Rangers,2,1,2,2,3,1,1
Sheffield Wednesday,0,0,2,2,0,0,0.5
Wigan Athletic,0,1,2,2,1,-1,0
Reading,0,1,2,2,1,-1,0
Leeds United,1,0,2,2,1,1,1
Birmingham City,0,0,2,2,0,0,0.5
Brentford,1,2,2,2,3,-1,0
Bristol City,2,3,2,2,5,-1,0
Burton Albion,0,2,2,2,2,-2,0
Fulham,2,0,2,2,2,2,1
Ipswich Town,3,2,2,2,5,1,1
Preston North End,2,0,2,2,2,2,1
Rotherham United,2,1,2,2,3,1,1
Sheffield Wednesday,2,0,2,2,2,2,1
Wolverhampton Wanderers,1,0,2,2,1,1,1
Brighton & Hove Albion,2,1,2,2,3,1,1
Aston Villa,2,2,2,2,4,0,0.5
Barnsley,3,2,2,2,5,1,1
Blackburn Rovers,1,1,2,2,2,0,0.5
Cardiff City,1,0,2,2,1,1,1
Derby County,3,2,2,2,5,1,1
Huddersfield Town,2,0,2,2,2,2,1
Newcastle United,4,0,2,2,4,4,1
Norwich City,3,1,2,2,4,2,1
Nottingham Forest,1,0,2,2,1,1,1
Queens Park Rangers,1,1,2,2,2,0,0.5
Wigan Athletic,2,1,2,2,3,1,1
Brighton & Hove Albion,1,0,2,2,1,1,1
Reading,1,0,2,2,1,1,1
Leeds United,2,0,2,2,2,2,1
Norwich City,2,0,2,2,2,2,1
Preston North End,1,1,2,2,2,0,0.5
Queens Park Rangers,1,2,2,2,3,-1,0
Reading,2,1,2,2,3,1,1
Rotherham United,0,1,2,2,1,-1,0
Barnsley,1,3,2,2,4,-2,0
Birmingham City,0,1,2,2,1,-1,0
Brentford,3,0,2,2,3,3,1
Bristol City,2,2,2,2,4,0,0.5
Cardiff City,2,0,2,2,2,2,1
Ipswich Town,0,3,2,2,3,-3,0
Nottingham Forest,2,0,2,2,2,2,1
Blackburn Rovers,1,2,2,2,3,-1,0
Burton Albion,0,2,2,2,2,-2,0
Newcastle United,2,2,2,2,4,0,0.5
Huddersfield Town,3,1,2,2,4,2,1
Wigan Athletic,0,1,2,2,1,-1,0
Barnsley,0,0,2,2,0,0,0.5
Birmingham City,1,0,2,2,1,1,1
Blackburn Rovers,1,0,2,2,1,1,1
Bristol City,1,0,2,2,1,1,1
Burton Albion,2,1,2,2,3,1,1
Cardiff City,0,1,2,2,1,-1,0
Ipswich Town,2,2,2,2,4,0,0.5
Newcastle United,1,0,2,2,1,1,1
Nottingham Forest,2,1,2,2,3,1,1
Brentford,3,3,2,2,6,0,0.5
Huddersfield Town,2,1,2,2,3,1,1
Wigan Athletic,2,2,2,2,4,0,0.5
Sheffield Wednesday,3,0,2,2,3,3,1
Aston Villa,0,1,2,2,1,-1,0
Brighton & Hove Albion,4,1,2,2,5,3,1
Derby County,3,3,2,2,6,0,0.5
Fulham,3,2,2,2,5,1,1
Leeds United,0,2,2,2,2,-2,0
Norwich City,5,1,2,2,6,4,1
Preston North End,4,2,2,2,6,2,1
Queens Park Rangers,1,2,2,2,3,-1,0
Reading,0,0,2,2,0,0,0.5
Rotherham United,1,1,2,2,2,0,0.5
Wolverhampton Wanderers,0,1,2,2,1,-1,0
Aston Villa,1,3,2,2,4,-2,0
Brighton & Hove Albion,1,1,2,2,2,0,0.5
Derby County,3,4,2,2,7,-1,0
Fulham,3,2,2,2,5,1,1
Leeds United,2,1,2,2,3,1,1
Norwich City,2,2,2,2,4,0,0.5
Preston North End,2,1,2,2,3,1,1
Reading,3,2,2,2,5,1,1
Rotherham United,2,3,2,2,5,-1,0
Sheffield Wednesday,2,1,2,2,3,1,1
Wolverhampton Wanderers,0,1,2,2,1,-1,0
Barnsley,0,2,2,2,2,-2,0
Birmingham City,1,4,2,2,5,-3,0
Burton Albion,2,1,2,2,3,1,1
Cardiff City,5,0,2,2,5,5,1
Ipswich Town,1,1,2,2,2,0,0.5
Nottingham Forest,1,2,2,2,3,-1,0
Wigan Athletic,0,0,2,2,0,0,0.5
Newcastle United,2,0,2,2,2,2,1
Derby County,0,0,2,2,0,0,0.5
Huddersfield Town,1,0,2,2,1,1,1
Queens Park Rangers,2,1,2,2,3,1,1
Sheffield Wednesday,1,2,2,2,3,-1,0
Bristol City,0,2,2,2,2,-2,0
Burton Albion,1,1,2,2,2,0,0.5
Wolverhampton Wanderers,1,2,2,2,3,-1,0
Aston Villa,1,0,2,2,1,1,1
Barnsley,1,1,2,2,2,0,0.5
Brentford,4,2,2,2,6,2,1
Brighton & Hove Albion,3,0,2,2,3,3,1
Cardiff City,2,2,2,2,4,0,0.5
Leeds United,1,0,2,2,1,1,1
Newcastle United,2,2,2,2,4,0,0.5
Preston North End,2,1,2,2,3,1,1
Wigan Athletic,0,0,2,2,0,0,0.5
Norwich City,1,1,2,2,2,0,0.5
Aston Villa,2,0,2,2,2,2,1
Blackburn Rovers,1,0,2,2,1,1,1
Brighton & Hove Albion,1,2,2,2,3,-1,0
Birmingham City,1,3,2,2,4,-2,0
Blackburn Rovers,1,0,2,2,1,1,1
Bristol City,0,0,2,2,0,0,0.5
Derby County,2,1,2,2,3,1,1
Fulham,3,1,2,2,4,2,1
Huddersfield Town,1,3,2,2,4,-2,0
Ipswich Town,1,1,2,2,2,0,0.5
Nottingham Forest,3,0,2,2,3,3,1
Queens Park Rangers,2,1,2,2,3,1,1
Reading,2,1,2,2,3,1,1
Rotherham United,0,2,2,2,2,-2,0
Sheffield Wednesday,5,1,2,2,6,4,1
Birmingham City,0,1,2,2,1,-1,0
Blackburn Rovers,1,1,2,2,2,0,0.5
Bristol City,1,1,2,2,2,0,0.5
Derby County,1,1,2,2,2,0,0.5
Fulham,1,1,2,2,2,0,0.5
Huddersfield Town,1,0,2,2,1,1,1
Ipswich Town,0,0,2,2,0,0,0.5
Nottingham Forest,2,3,2,2,5,-1,0
Queens Park Rangers,2,1,2,2,3,1,1
Reading,0,0,2,2,0,0,0.5
Rotherham United,0,2,2,2,2,-2,0
Sheffield Wednesday,1,1,2,2,2,0,0.5
Brighton & Hove Albion,3,0,2,2,3,3,1
Aston Villa,2,0,2,2,2,2,1
Barnsley,1,1,2,2,2,0,0.5
Brentford,0,1,2,2,1,-1,0
Burton Albion,1,0,2,2,1,1,1
Cardiff City,1,1,2,2,2,0,0.5
Leeds United,0,0,2,2,0,0,0.5
Newcastle United,1,3,2,2,4,-2,0
Norwich City,2,2,2,2,4,0,0.5
Preston North End,3,0,2,2,3,3,1
Wigan Athletic,0,1,2,2,1,-1,0
Wolverhampton Wanderers,1,0,2,2,1,1,1
Brentford,1,2,2,2,3,-1,0
Fulham,2,2,2,2,4,0,0.5
Bristol City,4,0,2,2,4,4,1
Sheffield Wednesday,0,2,2,2,2,-2,0
Birmingham City,0,0,2,2,0,0,0.5
Blackburn Rovers,2,2,2,2,4,0,0.5
Burton Albion,3,5,2,2,8,-2,0
Cardiff City,3,1,2,2,4,2,1
Fulham,1,3,2,2,4,-2,0
Leeds United,2,0,2,2,2,2,1
Norwich City,2,0,2,2,2,2,1
Nottingham Forest,2,2,2,2,4,0,0.5
Queens Park Rangers,5,1,2,2,6,4,1
Wigan Athletic,0,2,2,2,2,-2,0
Derby County,1,0,2,2,1,1,1
Aston Villa,2,0,2,2,2,2,1
Barnsley,1,1,2,2,2,0,0.5
Brentford,2,0,2,2,2,2,1
Brighton & Hove Albion,1,0,2,2,1,1,1
Huddersfield Town,0,1,2,2,1,-1,0
Ipswich Town,1,1,2,2,2,0,0.5
Newcastle United,2,1,2,2,3,1,1
Preston North End,1,1,2,2,2,0,0.5
Reading,1,0,2,2,1,1,1
Rotherham United,0,1,2,2,1,-1,0
Wolverhampton Wanderers,3,1,2,2,4,2,1
Aston Villa,1,0,2,2,1,1,1
Barnsley,0,0,2,2,0,0,0.5
Brentford,2,0,2,2,2,2,1
Brighton & Hove Albion,3,1,2,2,4,2,1
Derby County,4,2,2,2,6,2,1
Ipswich Town,3,0,2,2,3,3,1
Preston North End,5,0,2,2,5,5,1
Reading,3,1,2,2,4,2,1
Rotherham United,0,2,2,2,2,-2,0
Wolverhampton Wanderers,1,0,2,2,1,1,1
Huddersfield Town,3,0,2,2,3,3,1
Newcastle United,1,0,2,2,1,1,1
Queens Park Rangers,1,2,2,2,3,-1,0
Birmingham City,1,2,2,2,3,-1,0
Blackburn Rovers,0,2,2,2,2,-2,0
Bristol City,3,1,2,2,4,2,1
Burton Albion,1,1,2,2,2,0,0.5
Cardiff City,2,1,2,2,3,1,1
Fulham,3,1,2,2,4,2,1
Leeds United,3,0,2,2,3,3,1
Norwich City,7,1,2,2,8,6,1
Nottingham Forest,2,0,2,2,2,2,1
Sheffield Wednesday,2,1,2,2,3,1,1
Wigan Athletic,3,2,2,2,5,1,1
Wigan Athletic,3,2,2,2,5,1,1
Brentford,4,0,2,2,4,4,1
Bristol City,2,1,2,2,3,1,1
Burton Albion,1,2,2,2,3,-1,0
Huddersfield Town,3,2,2,2,5,1,1
Newcastle United,1,1,2,2,2,0,0.5
Norwich City,1,3,2,2,4,-2,0
Nottingham Forest,0,1,2,2,1,-1,0
Rotherham United,1,1,2,2,2,0,0.5
Sheffield Wednesday,1,0,2,2,1,1,1
Wolverhampton Wanderers,0,2,2,2,2,-2,0
Aston Villa,1,3,2,2,4,-2,0
Barnsley,1,1,2,2,2,0,0.5
Birmingham City,0,2,2,2,2,-2,0
Blackburn Rovers,1,1,2,2,2,0,0.5
Brighton & Hove Albion,2,1,2,2,3,1,1
Cardiff City,1,0,2,2,1,1,1
Derby County,1,1,2,2,2,0,0.5
Fulham,3,1,2,2,4,2,1
Ipswich Town,3,1,2,2,4,2,1
Leeds United,0,1,2,2,1,-1,0
Preston North End,1,3,2,2,4,-2,0
Queens Park Rangers,1,2,2,2,3,-1,0
Reading,2,1,2,2,3,1,1
Norwich City,2,0,2,2,2,2,1
Brentford,3,1,2,2,4,2,1
Bristol City,3,2,2,2,5,1,1
Burton Albion,2,1,2,2,3,1,1
Huddersfield Town,1,4,2,2,5,-3,0
Nottingham Forest,3,2,2,2,5,1,1
Rotherham United,1,0,2,2,1,1,1
Sheffield Wednesday,2,1,2,2,3,1,1
Wigan Athletic,0,0,2,2,0,0,0.5
Wolverhampton Wanderers,0,0,2,2,0,0,0.5
Aston Villa,1,0,2,2,1,1,1
Newcastle United,4,1,2,2,5,3,1
Wolverhampton Wanderers,0,1,2,2,1,-1,0
Cardiff City,0,2,2,2,2,-2,0
Barnsley,1,1,2,2,2,0,0.5
Birmingham City,2,0,2,2,2,2,1
Blackburn Rovers,1,0,2,2,1,1,1
Brighton & Hove Albion,0,1,2,2,1,-1,0
Derby County,3,1,2,2,4,2,1
Fulham,1,1,2,2,2,0,0.5
Ipswich Town,0,1,2,2,1,-1,0
Leeds United,3,3,2,2,6,0,0.5
Preston North End,1,1,2,2,2,0,0.5
Queens Park Rangers,2,0,2,2,2,2,1
Reading,1,0,2,2,1,1,1
Aston Villa,1,1,2,2,2,0,0.5
Brentford,1,3,2,2,4,-2,0
Bristol City,0,1,2,2,1,-1,0
Burton Albion,2,4,2,2,6,-2,0
Huddersfield Town,0,3,2,2,3,-3,0
Newcastle United,3,0,2,2,3,3,1
Norwich City,4,0,2,2,4,4,1
Nottingham Forest,3,0,2,2,3,3,1
Rotherham United,1,1,2,2,2,0,0.5
Sheffield Wednesday,1,2,2,2,3,-1,0
Wigan Athletic,1,1,2,2,2,0,0.5
Wolverhampton Wanderers,1,0,2,2,1,1,1
Bolton Wanderers,1,0,3,3,1,1,1
Bradford City,0,0,3,3,0,0,0.5
Bury,2,0,3,3,2,2,1
Millwall,3,0,3,3,3,3,1
Northampton Town,1,1,3,3,2,0,0.5
Oxford United,1,1,3,3,2,0,0.5
Rochdale,2,3,3,3,5,-1,0
Scunthorpe United,3,1,3,3,4,2,1
Shrewsbury Town,0,1,3,3,1,-1,0
Southend United,1,3,3,3,4,-2,0
Swindon Town,1,0,3,3,1,1,1
Walsall,3,1,3,3,4,2,1
AFC Wimbledon,1,2,3,3,3,-1,0
Charlton Athletic,1,1,3,3,2,0,0.5
Chesterfield,3,1,3,3,4,2,1
Coventry City,0,0,3,3,0,0,0.5
Fleetwood Town,2,2,3,3,4,0,0.5
Gillingham,2,1,3,3,3,1,1
Milton Keynes Dons,2,2,3,3,4,0,0.5
Oldham Athletic,0,0,3,3,0,0,0.5
Peterborough United,0,1,3,3,1,-1,0
Port Vale,2,0,3,3,2,2,1
Sheffield United,1,1,3,3,2,0,0.5
Bristol Rovers,2,1,3,3,3,1,1
AFC Wimbledon,1,2,3,3,3,-1,0
Charlton Athletic,3,0,3,3,3,3,1
Chesterfield,2,0,3,3,2,2,1
Coventry City,0,0,3,3,0,0,0.5
Gillingham,1,1,3,3,2,0,0.5
Milton Keynes Dons,1,2,3,3,3,-1,0
Oldham Athletic,0,0,3,3,0,0,0.5
Peterborough United,5,1,3,3,6,4,1
Port Vale,1,0,3,3,1,1,1
Sheffield United,0,3,3,3,3,-3,0
Bristol Rovers,1,2,3,3,3,-1,0
Fleetwood Town,2,0,3,3,2,2,1
Bolton Wanderers,2,1,3,3,3,1,1
Bradford City,3,1,3,3,4,2,1
Bury,0,1,3,3,1,-1,0
Millwall,2,1,3,3,3,1,1
Northampton Town,0,0,3,3,0,0,0.5
Oxford United,2,1,3,3,3,1,1
Rochdale,0,1,3,3,1,-1,0
Scunthorpe United,5,0,3,3,5,5,1
Shrewsbury Town,2,1,3,3,3,1,1
Southend United,1,1,3,3,2,0,0.5
Swindon Town,1,0,3,3,1,1,1
Walsall,1,2,3,3,3,-1,0
Bradford City,1,1,3,3,2,0,0.5
Charlton Athletic,1,1,3,3,2,0,0.5
Chesterfield,1,3,3,3,4,-2,0
Coventry City,1,1,3,3,2,0,0.5
Milton Keynes Dons,0,2,3,3,2,-2,0
Port Vale,3,1,3,3,4,2,1
Rochdale,1,1,3,3,2,0,0.5
Sheffield United,2,1,3,3,3,1,1
Shrewsbury Town,2,3,3,3,5,-1,0
Southend United,0,2,3,3,2,-2,0
Walsall,3,3,3,3,6,0,0.5
AFC Wimbledon,2,1,3,3,3,1,1
Bolton Wanderers,1,1,3,3,2,0,0.5
Bury,4,1,3,3,5,3,1
Fleetwood Town,2,0,3,3,2,2,1
Millwall,1,1,3,3,2,0,0.5
Oldham Athletic,2,3,3,3,5,-1,0
Oxford United,1,0,3,3,1,1,1
Peterborough United,2,2,3,3,4,0,0.5
Gillingham,1,2,3,3,3,-1,0
Northampton Town,3,2,3,3,5,1,1
AFC Wimbledon,2,3,3,3,5,-1,0
Bolton Wanderers,1,1,3,3,2,0,0.5
Bristol Rovers,2,2,3,3,4,0,0.5
Bury,2,1,3,3,3,1,1
Fleetwood Town,2,2,3,3,4,0,0.5
Gillingham,1,1,3,3,2,0,0.5
Millwall,1,1,3,3,2,0,0.5
Northampton Town,2,0,3,3,2,2,1
Oldham Athletic,0,0,3,3,0,0,0.5
Oxford United,2,0,3,3,2,2,1
Peterborough United,2,2,3,3,4,0,0.5
Scunthorpe United,4,0,3,3,4,4,1
Bristol Rovers,1,1,3,3,2,0,0.5
Bradford City,1,1,3,3,2,0,0.5
Charlton Athletic,1,2,3,3,3,-1,0
Chesterfield,3,1,3,3,4,2,1
Coventry City,0,0,3,3,0,0,0.5
Milton Keynes Dons,0,0,3,3,0,0,0.5
Port Vale,2,1,3,3,3,1,1
Rochdale,2,1,3,3,3,1,1
Sheffield United,1,0,3,3,1,1,1
Shrewsbury Town,0,1,3,3,1,-1,0
Southend United,3,1,3,3,4,2,1
Swindon Town,1,2,3,3,3,-1,0
Walsall,1,0,3,3,1,1,1
Scunthorpe United,0,0,3,3,0,0,0.5
Swindon Town,1,2,3,3,3,-1,0
AFC Wimbledon,1,1,3,3,2,0,0.5
Bolton Wanderers,0,0,3,3,0,0,0.5
Bristol Rovers,2,1,3,3,3,1,1
Bury,2,1,3,3,3,1,1
Fleetwood Town,1,4,3,3,5,-3,0
Gillingham,2,1,3,3,3,1,1
Millwall,2,3,3,3,5,-1,0
Northampton Town,4,0,3,3,4,4,1
Oldham Athletic,0,2,3,3,2,-2,0
Oxford United,1,1,3,3,2,0,0.5
Peterborough United,1,1,3,3,2,0,0.5
Scunthorpe United,2,2,3,3,4,0,0.5
Bradford City,2,1,3,3,3,1,1
Charlton Athletic,1,1,3,3,2,0,0.5
Chesterfield,3,3,3,3,6,0,0.5
Milton Keynes Dons,1,3,3,3,4,-2,0
Port Vale,3,1,3,3,4,2,1
Rochdale,1,0,3,3,1,1,1
Sheffield United,1,0,3,3,1,1,1
Shrewsbury Town,1,1,3,3,2,0,0.5
Southend United,2,1,3,3,3,1,1
Swindon Town,1,3,3,3,4,-2,0
Walsall,1,4,3,3,5,-3,0
Coventry City,2,2,3,3,4,0,0.5
AFC Wimbledon,2,0,3,3,2,2,1
Bolton Wanderers,0,2,3,3,2,-2,0
Bury,1,2,3,3,3,-1,0
Charlton Athletic,0,1,3,3,1,-1,0
Chesterfield,0,1,3,3,1,-1,0
Fleetwood Town,1,1,3,3,2,0,0.5
Northampton Town,2,3,3,3,5,-1,0
Oldham Athletic,0,2,3,3,2,-2,0
Port Vale,0,2,3,3,2,-2,0
Shrewsbury Town,1,1,3,3,2,0,0.5
Southend United,1,1,3,3,2,0,0.5
Walsall,2,1,3,3,3,1,1
Bradford City,2,0,3,3,2,2,1
Gillingham,1,2,3,3,3,-1,0
Peterborough United,3,1,3,3,4,2,1
Rochdale,3,0,3,3,3,3,1
Scunthorpe United,1,1,3,3,2,0,0.5
Swindon Town,0,1,3,3,1,-1,0
Milton Keynes Dons,0,1,3,3,1,-1,0
Oxford United,1,3,3,3,4,-2,0
AFC Wimbledon,0,0,3,3,0,0,0.5
Bolton Wanderers,2,0,3,3,2,2,1
Bristol Rovers,2,1,3,3,3,1,1
Charlton Athletic,3,0,3,3,3,3,1
Fleetwood Town,2,0,3,3,2,2,1
Northampton Town,1,3,3,3,4,-2,0
Oxford United,1,0,3,3,1,1,1
Rochdale,2,0,3,3,2,2,1
Scunthorpe United,2,1,3,3,3,1,1
Sheffield United,4,0,3,3,4,4,1
Southend United,1,0,3,3,1,1,1
Walsall,3,2,3,3,5,1,1
Bradford City,1,1,3,3,2,0,0.5
Bury,1,2,3,3,3,-1,0
Chesterfield,0,1,3,3,1,-1,0
Coventry City,2,1,3,3,3,1,1
Gillingham,1,1,3,3,2,0,0.5
Millwall,0,2,3,3,2,-2,0
Milton Keynes Dons,3,3,3,3,6,0,0.5
Oldham Athletic,2,0,3,3,2,2,1
Peterborough United,3,0,3,3,3,3,1
Port Vale,1,1,3,3,2,0,0.5
Shrewsbury Town,0,3,3,3,3,-3,0
Swindon Town,3,0,3,3,3,3,1
Bradford City,3,3,3,3,6,0,0.5
Chesterfield,0,3,3,3,3,-3,0
Coventry City,2,0,3,3,2,2,1
Gillingham,1,1,3,3,2,0,0.5
Millwall,2,1,3,3,3,1,1
Milton Keynes Dons,0,3,3,3,3,-3,0
Oldham Athletic,0,2,3,3,2,-2,0
Peterborough United,0,1,3,3,1,-1,0
Port Vale,2,2,3,3,4,0,0.5
Shrewsbury Town,2,4,3,3,6,-2,0
Swindon Town,0,2,3,3,2,-2,0
Bury,0,2,3,3,2,-2,0
AFC Wimbledon,2,3,3,3,5,-1,0
Bolton Wanderers,3,1,3,3,4,2,1
Bristol Rovers,1,2,3,3,3,-1,0
Charlton Athletic,1,0,3,3,1,1,1
Fleetwood Town,2,1,3,3,3,1,1
Northampton Town,3,2,3,3,5,1,1
Oxford United,1,2,3,3,3,-1,0
Rochdale,1,0,3,3,1,1,1
Scunthorpe United,4,1,3,3,5,3,1
Sheffield United,2,1,3,3,3,1,1
Southend United,1,1,3,3,2,0,0.5
Walsall,1,1,3,3,2,0,0.5
Bristol Rovers,2,1,3,3,3,1,1
Coventry City,2,0,3,3,2,2,1
Bradford City,4,0,3,3,4,4,1
Bury,1,4,3,3,5,-3,0
Coventry City,0,1,3,3,1,-1,0
Gillingham,2,1,3,3,3,1,1
Millwall,4,0,3,3,4,4,1
Milton Keynes Dons,1,1,3,3,2,0,0.5
Oldham Athletic,0,0,3,3,0,0,0.5
Port Vale,2,1,3,3,3,1,1
Shrewsbury Town,2,0,3,3,2,2,1
Swindon Town,3,0,3,3,3,3,1
Chesterfield,1,4,3,3,5,-3,0
Peterborough United,1,0,3,3,1,1,1
AFC Wimbledon,5,1,3,3,6,4,1
Bolton Wanderers,2,0,3,3,2,2,1
Bristol Rovers,0,0,3,3,0,0,0.5
Charlton Athletic,2,0,3,3,2,2,1
Fleetwood Town,2,1,3,3,3,1,1
Northampton Town,0,1,3,3,1,-1,0
Oxford United,4,1,3,3,5,3,1
Rochdale,4,0,3,3,4,4,1
Scunthorpe United,1,0,3,3,1,1,1
Sheffield United,2,1,3,3,3,1,1
Southend United,3,0,3,3,3,3,1
Walsall,1,2,3,3,3,-1,0
Bolton Wanderers,1,0,3,3,1,1,1
Bradford City,1,0,3,3,1,1,1
Bristol Rovers,1,5,3,3,6,-4,0
Fleetwood Town,3,0,3,3,3,3,1
Millwall,0,0,3,3,0,0,0.5
Milton Keynes Dons,2,3,3,3,5,-1,0
Oxford United,1,0,3,3,1,1,1
Peterborough United,0,2,3,3,2,-2,0
Port Vale,2,2,3,3,4,0,0.5
Rochdale,4,0,3,3,4,4,1
Sheffield United,1,0,3,3,1,1,1
Southend United,1,1,3,3,2,0,0.5
AFC Wimbledon,2,2,3,3,4,0,0.5
Bury,2,3,3,3,5,-1,0
Charlton Athletic,1,1,3,3,2,0,0.5
Chesterfield,3,2,3,3,5,1,1
Coventry City,1,2,3,3,3,-1,0
Gillingham,3,0,3,3,3,3,1
Northampton Town,0,1,3,3,1,-1,0
Scunthorpe United,1,1,3,3,2,0,0.5
Shrewsbury Town,0,0,3,3,0,0,0.5
Swindon Town,1,0,3,3,1,1,1
Walsall,0,0,3,3,0,0,0.5
Sheffield United,0,1,3,3,1,-1,0
Bradford City,0,0,3,3,0,0,0.5
Bristol Rovers,4,2,3,3,6,2,1
Fleetwood Town,2,1,3,3,3,1,1
Millwall,0,1,3,3,1,-1,0
Milton Keynes Dons,1,0,3,3,1,1,1
Oxford United,1,1,3,3,2,0,0.5
Peterborough United,5,2,3,3,7,3,1
Port Vale,2,3,3,3,5,-1,0
Rochdale,3,2,3,3,5,1,1
Sheffield United,4,0,3,3,4,4,1
Southend United,3,1,3,3,4,2,1
Bolton Wanderers,4,0,3,3,4,4,1
Coventry City,1,2,3,3,3,-1,0
AFC Wimbledon,4,0,3,3,4,4,1
Bury,2,3,3,3,5,-1,0
Charlton Athletic,0,2,3,3,2,-2,0
Chesterfield,1,0,3,3,1,1,1
Gillingham,1,0,3,3,1,1,1
Northampton Town,2,3,3,3,5,-1,0
Oldham Athletic,0,2,3,3,2,-2,0
Scunthorpe United,3,0,3,3,3,3,1
Shrewsbury Town,2,0,3,3,2,2,1
Swindon Town,1,1,3,3,2,0,0.5
Walsall,1,1,3,3,2,0,0.5
Millwall,3,1,3,3,4,2,1
Bolton Wanderers,2,1,3,3,3,1,1
Bradford City,0,0,3,3,0,0,0.5
Bristol Rovers,4,1,3,3,5,3,1
Fleetwood Town,0,0,3,3,0,0,0.5
Millwall,2,0,3,3,2,2,1
Milton Keynes Dons,0,1,3,3,1,-1,0
Oxford United,0,1,3,3,1,-1,0
Peterborough United,1,1,3,3,2,0,0.5
Port Vale,0,1,3,3,1,-1,0
Rochdale,3,0,3,3,3,3,1
Sheffield United,2,0,3,3,2,2,1
Southend United,3,0,3,3,3,3,1
Millwall,2,1,3,3,3,1,1
Milton Keynes Dons,3,2,3,3,5,1,1
Port Vale,1,0,3,3,1,1,1
Rochdale,2,1,3,3,3,1,1
Bolton Wanderers,2,1,3,3,3,1,1
Bradford City,1,1,3,3,2,0,0.5
Bristol Rovers,2,0,3,3,2,2,1
Fleetwood Town,1,0,3,3,1,1,1
Oxford United,0,0,3,3,0,0,0.5
Peterborough United,1,1,3,3,2,0,0.5
Sheffield United,1,0,3,3,1,1,1
Southend United,1,1,3,3,2,0,0.5
AFC Wimbledon,2,2,3,3,4,0,0.5
Bury,1,3,3,3,4,-2,0
Charlton Athletic,4,1,3,3,5,3,1
Chesterfield,0,0,3,3,0,0,0.5
Coventry City,2,2,3,3,4,0,0.5
Gillingham,0,1,3,3,1,-1,0
Northampton Town,1,2,3,3,3,-1,0
Oldham Athletic,0,0,3,3,0,0,0.5
Scunthorpe United,1,1,3,3,2,0,0.5
Shrewsbury Town,0,1,3,3,1,-1,0
Swindon Town,0,0,3,3,0,0,0.5
Walsall,0,2,3,3,2,-2,0
Bradford City,2,0,3,3,2,2,1
Bristol Rovers,5,0,3,3,5,5,1
Scunthorpe United,3,2,3,3,5,1,1
Southend United,2,4,3,3,6,-2,0
Swindon Town,1,1,3,3,2,0,0.5
AFC Wimbledon,2,1,3,3,3,1,1
Bolton Wanderers,1,2,3,3,3,-1,0
Bury,5,1,3,3,6,4,1
Charlton Athletic,0,0,3,3,0,0,0.5
Chesterfield,1,0,3,3,1,1,1
Fleetwood Town,3,1,3,3,4,2,1
Northampton Town,1,2,3,3,3,-1,0
Oldham Athletic,1,0,3,3,1,1,1
Shrewsbury Town,1,0,3,3,1,1,1
Southend United,2,1,3,3,3,1,1
Walsall,4,1,3,3,5,3,1
Port Vale,2,2,3,3,4,0,0.5
Bradford City,1,1,3,3,2,0,0.5
Chesterfield,0,0,3,3,0,0,0.5
Coventry City,0,1,3,3,1,-1,0
Milton Keynes Dons,5,3,3,3,8,2,1
Rochdale,0,4,3,3,4,-4,0
Sheffield United,2,2,3,3,4,0,0.5
Shrewsbury Town,1,0,3,3,1,1,1
Swindon Town,0,1,3,3,1,-1,0
Walsall,3,1,3,3,4,2,1
Oldham Athletic,2,0,3,3,2,2,1
Sheffield United,0,2,3,3,2,-2,0
Bolton Wanderers,1,2,3,3,3,-1,0
Bristol Rovers,1,0,3,3,1,1,1
Bury,3,3,3,3,6,0,0.5
Fleetwood Town,1,1,3,3,2,0,0.5
Gillingham,1,1,3,3,2,0,0.5
Northampton Town,3,0,3,3,3,3,1
Oldham Athletic,1,2,3,3,3,-1,0
Peterborough United,0,4,3,3,4,-4,0
Scunthorpe United,3,2,3,3,5,1,1
Millwall,0,0,3,3,0,0,0.5
Bradford City,2,2,3,3,4,0,0.5
Charlton Athletic,1,1,3,3,2,0,0.5
Chesterfield,0,1,3,3,1,-1,0
Coventry City,0,2,3,3,2,-2,0
Milton Keynes Dons,1,1,3,3,2,0,0.5
Port Vale,0,3,3,3,3,-3,0
Rochdale,0,0,3,3,0,0,0.5
Sheffield United,4,0,3,3,4,4,1
Shrewsbury Town,2,1,3,3,3,1,1
Southend United,3,1,3,3,4,2,1
Walsall,2,1,3,3,3,1,1
Swindon Town,1,2,3,3,3,-1,0
Milton Keynes Dons,1,0,3,3,1,1,1
AFC Wimbledon,1,1,3,3,2,0,0.5
Bolton Wanderers,4,1,3,3,5,3,1
Bristol Rovers,1,1,3,3,2,0,0.5
Bury,1,0,3,3,1,1,1
Fleetwood Town,0,0,3,3,0,0,0.5
Gillingham,1,1,3,3,2,0,0.5
Millwall,1,0,3,3,1,1,1
Northampton Town,3,1,3,3,4,2,1
Oldham Athletic,3,2,3,3,5,1,1
Oxford United,1,0,3,3,1,1,1
Peterborough United,0,1,3,3,1,-1,0
Scunthorpe United,0,1,3,3,1,-1,0
AFC Wimbledon,1,1,3,3,2,0,0.5
Bolton Wanderers,1,0,3,3,1,1,1
Bristol Rovers,0,0,3,3,0,0,0.5
Bury,0,0,3,3,0,0,0.5
Fleetwood Town,2,1,3,3,3,1,1
Gillingham,1,1,3,3,2,0,0.5
Millwall,2,0,3,3,2,2,1
Northampton Town,2,1,3,3,3,1,1
Oldham Athletic,1,0,3,3,1,1,1
Oxford United,0,2,3,3,2,-2,0
Peterborough United,2,1,3,3,3,1,1
Scunthorpe United,0,0,3,3,0,0,0.5
Bradford City,2,2,3,3,4,0,0.5
Chesterfield,1,2,3,3,3,-1,0
Coventry City,2,1,3,3,3,1,1
Milton Keynes Dons,0,1,3,3,1,-1,0
Port Vale,1,1,3,3,2,0,0.5
Rochdale,3,3,3,3,6,0,0.5
Sheffield United,1,1,3,3,2,0,0.5
Shrewsbury Town,2,1,3,3,3,1,1
Southend United,2,2,3,3,4,0,0.5
Swindon Town,0,0,3,3,0,0,0.5
Walsall,2,0,3,3,2,2,1
Charlton Athletic,0,1,3,3,1,-1,0
Gillingham,2,2,3,3,4,0,0.5
Millwall,0,0,3,3,0,0,0.5
Peterborough United,1,4,3,3,5,-3,0
AFC Wimbledon,1,0,3,3,1,1,1
Bristol Rovers,1,1,3,3,2,0,0.5
Charlton Athletic,0,1,3,3,1,-1,0
Chesterfield,0,4,3,3,4,-4,0
Coventry City,1,3,3,3,4,-2,0
Fleetwood Town,3,0,3,3,3,3,1
Gillingham,2,1,3,3,3,1,1
Milton Keynes Dons,2,1,3,3,3,1,1
Oldham Athletic,0,0,3,3,0,0,0.5
Peterborough United,3,1,3,3,4,2,1
Port Vale,1,2,3,3,3,-1,0
Sheffield United,2,0,3,3,2,2,1
Bolton Wanderers,1,1,3,3,2,0,0.5
Bradford City,2,2,3,3,4,0,0.5
Bury,2,1,3,3,3,1,1
Millwall,1,0,3,3,1,1,1
Northampton Town,1,2,3,3,3,-1,0
Scunthorpe United,1,2,3,3,3,-1,0
Shrewsbury Town,4,3,3,3,7,1,1
Swindon Town,3,1,3,3,4,2,1
Bolton Wanderers,1,1,3,3,2,0,0.5
Bradford City,1,0,3,3,1,1,1
Bury,1,2,3,3,3,-1,0
Millwall,2,1,3,3,3,1,1
Northampton Town,2,1,3,3,3,1,1
Oxford United,0,2,3,3,2,-2,0
Rochdale,3,3,3,3,6,0,0.5
Scunthorpe United,0,2,3,3,2,-2,0
Shrewsbury Town,0,0,3,3,0,0,0.5
Southend United,1,1,3,3,2,0,0.5
Swindon Town,0,1,3,3,1,-1,0
Walsall,2,0,3,3,2,2,1
Charlton Athletic,2,1,3,3,3,1,1
Oxford United,2,3,3,3,5,-1,0
Walsall,1,0,3,3,1,1,1
AFC Wimbledon,0,1,3,3,1,-1,0
Bristol Rovers,2,0,3,3,2,2,1
Charlton Athletic,1,1,3,3,2,0,0.5
Chesterfield,1,1,3,3,2,0,0.5
Coventry City,0,2,3,3,2,-2,0
Fleetwood Town,2,4,3,3,6,-2,0
Gillingham,3,2,3,3,5,1,1
Milton Keynes Dons,2,2,3,3,4,0,0.5
Oldham Athletic,0,0,3,3,0,0,0.5
Peterborough United,1,2,3,3,3,-1,0
Port Vale,3,2,3,3,5,1,1
AFC Wimbledon,2,0,3,3,2,2,1
Bury,3,0,3,3,3,3,1
Charlton Athletic,1,1,3,3,2,0,0.5
Chesterfield,3,3,3,3,6,0,0.5
Coventry City,0,2,3,3,2,-2,0
Gillingham,0,4,3,3,4,-4,0
Northampton Town,2,1,3,3,3,1,1
Oldham Athletic,2,1,3,3,3,1,1
Scunthorpe United,2,1,3,3,3,1,1
Swindon Town,2,4,3,3,6,-2,0
Walsall,0,1,3,3,1,-1,0
Port Vale,2,1,3,3,3,1,1
Bolton Wanderers,2,1,3,3,3,1,1
Bradford City,2,1,3,3,3,1,1
Bristol Rovers,2,1,3,3,3,1,1
Fleetwood Town,0,0,3,3,0,0,0.5
Millwall,0,0,3,3,0,0,0.5
Milton Keynes Dons,1,0,3,3,1,1,1
Oxford United,2,1,3,3,3,1,1
Peterborough United,1,1,3,3,2,0,0.5
Rochdale,4,1,3,3,5,3,1
Sheffield United,2,1,3,3,3,1,1
Southend United,3,2,3,3,5,1,1
Coventry City,2,1,3,3,3,1,1
Oxford United,2,4,3,3,6,-2,0
Rochdale,3,3,3,3,6,0,0.5
AFC Wimbledon,0,2,3,3,2,-2,0
Bury,0,0,3,3,0,0,0.5
Chesterfield,1,3,3,3,4,-2,0
Coventry City,1,0,3,3,1,1,1
Gillingham,0,1,3,3,1,-1,0
Northampton Town,0,0,3,3,0,0,0.5
Oldham Athletic,1,1,3,3,2,0,0.5
Port Vale,0,0,3,3,0,0,0.5
Shrewsbury Town,0,2,3,3,2,-2,0
Swindon Town,1,0,3,3,1,1,1
Scunthorpe United,3,2,3,3,5,1,1
AFC Wimbledon,3,1,3,3,4,2,1
Oxford United,5,1,3,3,6,4,1
Sheffield United,2,0,3,3,2,2,1
Bolton Wanderers,0,0,3,3,0,0,0.5
Bradford City,1,0,3,3,1,1,1
Bristol Rovers,2,0,3,3,2,2,1
Fleetwood Town,0,1,3,3,1,-1,0
Millwall,3,1,3,3,4,2,1
Milton Keynes Dons,3,2,3,3,5,1,1
Peterborough United,2,0,3,3,2,2,1
Port Vale,2,0,3,3,2,2,1
Rochdale,1,1,3,3,2,0,0.5
Southend United,3,0,3,3,3,3,1
Charlton Athletic,0,2,3,3,2,-2,0
Rochdale,3,0,3,3,3,3,1
Shrewsbury Town,1,2,3,3,3,-1,0
Southend United,0,1,3,3,1,-1,0
Oxford United,1,3,3,3,4,-2,0
Sheffield United,2,0,3,3,2,2,1
AFC Wimbledon,0,1,3,3,1,-1,0
Bury,0,2,3,3,2,-2,0
Charlton Athletic,2,1,3,3,3,1,1
Chesterfield,1,0,3,3,1,1,1
Coventry City,1,0,3,3,1,1,1
Gillingham,1,1,3,3,2,0,0.5
Northampton Town,1,2,3,3,3,-1,0
Oldham Athletic,2,0,3,3,2,2,1
Scunthorpe United,1,0,3,3,1,1,1
Shrewsbury Town,1,0,3,3,1,1,1
Swindon Town,1,1,3,3,2,0,0.5
Walsall,1,1,3,3,2,0,0.5
Bury,0,1,3,3,1,-1,0
Bradford City,1,0,3,3,1,1,1
Chesterfield,0,4,3,3,4,-4,0
Coventry City,1,1,3,3,2,0,0.5
Gillingham,3,1,3,3,4,2,1
Millwall,3,0,3,3,3,3,1
Milton Keynes Dons,0,1,3,3,1,-1,0
Peterborough United,1,2,3,3,3,-1,0
Port Vale,0,3,3,3,3,-3,0
Shrewsbury Town,1,1,3,3,2,0,0.5
Swindon Town,0,0,3,3,0,0,0.5
Oldham Athletic,1,0,3,3,1,1,1
AFC Wimbledon,0,0,3,3,0,0,0.5
Bristol Rovers,1,0,3,3,1,1,1
Charlton Athletic,3,0,3,3,3,3,1
Fleetwood Town,1,0,3,3,1,1,1
Northampton Town,1,1,3,3,2,0,0.5
Oxford United,2,0,3,3,2,2,1
Rochdale,2,0,3,3,2,2,1
Scunthorpe United,3,1,3,3,4,2,1
Sheffield United,3,0,3,3,3,3,1
Southend United,1,2,3,3,3,-1,0
Walsall,1,0,3,3,1,1,1
Bolton Wanderers,0,0,3,3,0,0,0.5
Bradford City,3,0,3,3,3,3,1
Bury,3,0,3,3,3,3,1
Chesterfield,1,2,3,3,3,-1,0
Coventry City,1,0,3,3,1,1,1
Gillingham,2,3,3,3,5,-1,0
Millwall,0,3,3,3,3,-3,0
Milton Keynes Dons,0,3,3,3,3,-3,0
Oldham Athletic,1,1,3,3,2,0,0.5
Peterborough United,4,2,3,3,6,2,1
Port Vale,0,2,3,3,2,-2,0
Shrewsbury Town,1,0,3,3,1,1,1
Swindon Town,1,2,3,3,3,-1,0
Walsall,0,1,3,3,1,-1,0
AFC Wimbledon,0,0,3,3,0,0,0.5
Bolton Wanderers,3,0,3,3,3,3,1
Bristol Rovers,3,4,3,3,7,-1,0
Charlton Athletic,3,0,3,3,3,3,1
Fleetwood Town,0,0,3,3,0,0,0.5
Northampton Town,0,0,3,3,0,0,0.5
Oxford United,2,0,3,3,2,2,1
Rochdale,1,1,3,3,2,0,0.5
Scunthorpe United,3,1,3,3,4,2,1
Sheffield United,3,2,3,3,5,1,1
Southend United,1,0,3,3,1,1,1
Walsall,1,4,3,3,5,-3,0
Accrington,3,2,4,4,5,1,1
Blackpool,2,0,4,4,2,2,1
Cambridge United,1,1,4,4,2,0,0.5
Cheltenham,1,1,4,4,2,0,0.5
Crawley Town,1,0,4,4,1,1,1
Grimsby Town,2,0,4,4,2,2,1
Hartlepool United,1,1,4,4,2,0,0.5
Newport County,2,3,4,4,5,-1,0
Plymouth Argyle,0,3,4,4,3,-3,0
Portsmouth,1,1,4,4,2,0,0.5
Stevenage Borough,1,2,4,4,3,-1,0
Yeovil,2,0,4,4,2,2,1
Barnet,2,0,4,4,2,2,1
Carlisle United,1,0,4,4,1,1,1
Colchester United,2,0,4,4,2,2,1
Crewe Alexandra,0,0,4,4,0,0,0.5
Doncaster Rovers,1,1,4,4,2,0,0.5
Exeter City,1,2,4,4,3,-1,0
Leyton Orient,0,1,4,4,1,-1,0
Luton Town,1,1,4,4,2,0,0.5
Mansfield Town,1,1,4,4,2,0,0.5
Morecambe,2,1,4,4,3,1,1
Notts County,1,1,4,4,2,0,0.5
Wycombe Wanderers,2,1,4,4,3,1,1
Barnet,1,1,4,4,2,0,0.5
Carlisle United,1,1,4,4,2,0,0.5
Colchester United,3,2,4,4,5,1,1
Crewe Alexandra,3,3,4,4,6,0,0.5
Doncaster Rovers,1,0,4,4,1,1,1
Exeter City,0,1,4,4,1,-1,0
Leyton Orient,3,0,4,4,3,3,1
Luton Town,2,1,4,4,3,1,1
Mansfield Town,1,0,4,4,1,1,1
Morecambe,2,0,4,4,2,2,1
Notts County,1,2,4,4,3,-1,0
Wycombe Wanderers,1,1,4,4,2,0,0.5
Accrington,1,2,4,4,3,-1,0
Blackpool,0,0,4,4,0,0,0.5
Cambridge United,2,2,4,4,4,0,0.5
Cheltenham,0,1,4,4,1,-1,0
Crawley Town,1,1,4,4,2,0,0.5
Grimsby Town,1,2,4,4,3,-1,0
Hartlepool United,1,2,4,4,3,-1,0
Newport County,1,1,4,4,2,0,0.5
Plymouth Argyle,2,0,4,4,2,2,1
Portsmouth,2,0,4,4,2,2,1
Stevenage Borough,2,1,4,4,3,1,1
Yeovil,0,1,4,4,1,-1,0
Accrington,2,3,4,4,5,-1,0
Barnet,0,1,4,4,1,-1,0
Blackpool,0,1,4,4,1,-1,0
Cambridge United,0,3,4,4,3,-3,0
Cheltenham,2,0,4,4,2,2,1
Crawley Town,1,3,4,4,4,-2,0
Doncaster Rovers,4,1,4,4,5,3,1
Exeter City,0,1,4,4,1,-1,0
Grimsby Town,5,2,4,4,7,3,1
Hartlepool United,2,2,4,4,4,0,0.5
Leyton Orient,1,2,4,4,3,-1,0
Wycombe Wanderers,0,2,4,4,2,-2,0
Carlisle United,1,1,4,4,2,0,0.5
Colchester United,2,3,4,4,5,-1,0
Crewe Alexandra,2,1,4,4,3,1,1
Luton Town,4,1,4,4,5,3,1
Mansfield Town,0,0,4,4,0,0,0.5
Morecambe,1,2,4,4,3,-1,0
Notts County,2,2,4,4,4,0,0.5
Plymouth Argyle,1,0,4,4,1,1,1
Portsmouth,3,0,4,4,3,3,1
Stevenage Borough,6,1,4,4,7,5,1
Yeovil,0,3,4,4,3,-3,0
Carlisle United,2,2,4,4,4,0,0.5
Colchester United,3,2,4,4,5,1,1
Crewe Alexandra,2,0,4,4,2,2,1
Luton Town,1,2,4,4,3,-1,0
Mansfield Town,0,1,4,4,1,-1,0
Morecambe,1,5,4,4,6,-4,0
Newport County,2,2,4,4,4,0,0.5
Notts County,0,2,4,4,2,-2,0
Plymouth Argyle,2,1,4,4,3,1,1
Portsmouth,4,2,4,4,6,2,1
Stevenage Borough,2,1,4,4,3,1,1
Yeovil,1,2,4,4,3,-1,0
Accrington,1,0,4,4,1,1,1
Barnet,1,1,4,4,2,0,0.5
Blackpool,2,2,4,4,4,0,0.5
Cambridge United,1,2,4,4,3,-1,0
Cheltenham,2,3,4,4,5,-1,0
Crawley Town,2,0,4,4,2,2,1
Doncaster Rovers,2,0,4,4,2,2,1
Exeter City,0,2,4,4,2,-2,0
Grimsby Town,0,2,4,4,2,-2,0
Hartlepool United,0,0,4,4,0,0,0.5
Leyton Orient,0,1,4,4,1,-1,0
Wycombe Wanderers,1,0,4,4,1,1,1
Carlisle United,1,0,4,4,1,1,1
Colchester United,1,2,4,4,3,-1,0
Crewe Alexandra,1,1,4,4,2,0,0.5
Luton Town,3,1,4,4,4,2,1
Mansfield Town,0,1,4,4,1,-1,0
Morecambe,2,3,4,4,5,-1,0
Newport County,1,2,4,4,3,-1,0
Notts County,3,1,4,4,4,2,1
Plymouth Argyle,1,1,4,4,2,0,0.5
Portsmouth,5,1,4,4,6,4,1
Stevenage Borough,0,2,4,4,2,-2,0
Yeovil,4,2,4,4,6,2,1
Accrington,1,1,4,4,2,0,0.5
Barnet,2,2,4,4,4,0,0.5
Blackpool,3,1,4,4,4,2,1
Cambridge United,1,0,4,4,1,1,1
Cheltenham,0,0,4,4,0,0,0.5
Crawley Town,1,1,4,4,2,0,0.5
Doncaster Rovers,2,2,4,4,4,0,0.5
Exeter City,0,2,4,4,2,-2,0
Grimsby Town,1,0,4,4,1,1,1
Hartlepool United,1,1,4,4,2,0,0.5
Leyton Orient,0,2,4,4,2,-2,0
Wycombe Wanderers,5,1,4,4,6,4,1
Barnet,0,0,4,4,0,0,0.5
Cambridge United,2,1,4,4,3,1,1
Carlisle United,2,0,4,4,2,2,1
Cheltenham,1,1,4,4,2,0,0.5
Crawley Town,1,0,4,4,1,1,1
Crewe Alexandra,1,1,4,4,2,0,0.5
Grimsby Town,0,3,4,4,3,-3,0
Plymouth Argyle,4,1,4,4,5,3,1
Portsmouth,1,2,4,4,3,-1,0
Wycombe Wanderers,1,0,4,4,1,1,1
Accrington,1,1,4,4,2,0,0.5
Blackpool,1,1,4,4,2,0,0.5
Colchester United,0,0,4,4,0,0,0.5
Doncaster Rovers,3,2,4,4,5,1,1
Exeter City,0,0,4,4,0,0,0.5
Hartlepool United,1,1,4,4,2,0,0.5
Leyton Orient,0,1,4,4,1,-1,0
Luton Town,1,1,4,4,2,0,0.5
Mansfield Town,3,1,4,4,4,2,1
Morecambe,0,3,4,4,3,-3,0
Stevenage Borough,1,2,4,4,3,-1,0
Yeovil,1,0,4,4,1,1,1
Notts County,1,2,4,4,3,-1,0
Accrington,2,1,4,4,3,1,1
Barnet,1,4,4,4,5,-3,0
Cambridge United,0,1,4,4,1,-1,0
Carlisle United,3,2,4,4,5,1,1
Cheltenham,2,1,4,4,3,1,1
Doncaster Rovers,1,0,4,4,1,1,1
Leyton Orient,1,2,4,4,3,-1,0
Mansfield Town,1,1,4,4,2,0,0.5
Morecambe,0,2,4,4,2,-2,0
Notts County,1,1,4,4,2,0,0.5
Plymouth Argyle,2,2,4,4,4,0,0.5
Yeovil,1,0,4,4,1,1,1
Blackpool,4,2,4,4,6,2,1
Colchester United,2,2,4,4,4,0,0.5
Crawley Town,0,0,4,4,0,0,0.5
Crewe Alexandra,0,1,4,4,1,-1,0
Exeter City,1,2,4,4,3,-1,0
Grimsby Town,0,1,4,4,1,-1,0
Hartlepool United,1,3,4,4,4,-2,0
Luton Town,1,1,4,4,2,0,0.5
Newport County,1,3,4,4,4,-2,0
Portsmouth,1,2,4,4,3,-1,0
Stevenage Borough,1,2,4,4,3,-1,0
Wycombe Wanderers,0,2,4,4,2,-2,0
Newport County,2,2,4,4,4,0,0.5
Accrington,1,3,4,4,4,-2,0
Barnet,3,2,4,4,5,1,1
Cambridge United,0,1,4,4,1,-1,0
Carlisle United,3,1,4,4,4,2,1
Cheltenham,2,2,4,4,4,0,0.5
Doncaster Rovers,2,2,4,4,4,0,0.5
Leyton Orient,0,2,4,4,2,-2,0
Mansfield Town,1,2,4,4,3,-1,0
Morecambe,0,3,4,4,3,-3,0
Notts County,0,0,4,4,0,0,0.5
Plymouth Argyle,2,1,4,4,3,1,1
Yeovil,0,0,4,4,0,0,0.5
Blackpool,4,0,4,4,4,4,1
Colchester United,0,3,4,4,3,-3,0
Crawley Town,1,3,4,4,4,-2,0
Crewe Alexandra,1,2,4,4,3,-1,0
Exeter City,1,3,4,4,4,-2,0
Grimsby Town,2,2,4,4,4,0,0.5
Hartlepool United,2,0,4,4,2,2,1
Luton Town,1,0,4,4,1,1,1
Newport County,2,0,4,4,2,2,1
Portsmouth,4,0,4,4,4,4,1
Stevenage Borough,2,2,4,4,4,0,0.5
Wycombe Wanderers,2,0,4,4,2,2,1
Accrington,0,1,4,4,1,-1,0
Barnet,0,0,4,4,0,0,0.5
Cambridge United,1,2,4,4,3,-1,0
Carlisle United,3,2,4,4,5,1,1
Cheltenham,1,1,4,4,2,0,0.5
Doncaster Rovers,2,1,4,4,3,1,1
Leyton Orient,1,2,4,4,3,-1,0
Mansfield Town,3,1,4,4,4,2,1
Morecambe,0,2,4,4,2,-2,0
Notts County,0,3,4,4,3,-3,0
Plymouth Argyle,0,3,4,4,3,-3,0
Yeovil,2,1,4,4,3,1,1
Cheltenham,0,3,4,4,3,-3,0
Crewe Alexandra,2,1,4,4,3,1,1
Grimsby Town,2,2,4,4,4,0,0.5
Hartlepool United,2,0,4,4,2,2,1
Leyton Orient,0,1,4,4,1,-1,0
Luton Town,1,3,4,4,4,-2,0
Mansfield Town,1,0,4,4,1,1,1
Newport County,0,1,4,4,1,-1,0
Notts County,0,1,4,4,1,-1,0
Plymouth Argyle,0,2,4,4,2,-2,0
Accrington,1,1,4,4,2,0,0.5
Barnet,3,2,4,4,5,1,1
Blackpool,4,1,4,4,5,3,1
Cambridge United,3,1,4,4,4,2,1
Carlisle United,5,2,4,4,7,3,1
Colchester United,4,0,4,4,4,4,1
Crawley Town,3,2,4,4,5,1,1
Doncaster Rovers,3,1,4,4,4,2,1
Exeter City,0,0,4,4,0,0,0.5
Morecambe,2,1,4,4,3,1,1
Portsmouth,1,2,4,4,3,-1,0
Wycombe Wanderers,2,0,4,4,2,2,1
Stevenage Borough,3,4,4,4,7,-1,0
Yeovil,5,0,4,4,5,5,1
Newport County,0,2,4,4,2,-2,0
Cheltenham,1,3,4,4,4,-2,0
Crewe Alexandra,0,2,4,4,2,-2,0
Grimsby Town,0,1,4,4,1,-1,0
Hartlepool United,0,5,4,4,5,-5,0
Leyton Orient,1,0,4,4,1,1,1
Luton Town,1,1,4,4,2,0,0.5
Mansfield Town,0,0,4,4,0,0,0.5
Notts County,0,2,4,4,2,-2,0
Plymouth Argyle,2,0,4,4,2,2,1
Stevenage Borough,0,2,4,4,2,-2,0
Yeovil,0,1,4,4,1,-1,0
Accrington,0,1,4,4,1,-1,0
Barnet,1,2,4,4,3,-1,0
Blackpool,0,2,4,4,2,-2,0
Cambridge United,2,1,4,4,3,1,1
Carlisle United,2,1,4,4,3,1,1
Colchester United,2,1,4,4,3,1,1
Crawley Town,3,1,4,4,4,2,1
Doncaster Rovers,1,0,4,4,1,1,1
Exeter City,2,0,4,4,2,2,1
Morecambe,1,2,4,4,3,-1,0
Portsmouth,0,0,4,4,0,0,0.5
Wycombe Wanderers,1,0,4,4,1,1,1
Cheltenham,1,2,4,4,3,-1,0
Crewe Alexandra,1,1,4,4,2,0,0.5
Grimsby Town,2,0,4,4,2,2,1
Hartlepool United,0,1,4,4,1,-1,0
Leyton Orient,3,2,4,4,5,1,1
Luton Town,0,1,4,4,1,-1,0
Mansfield Town,0,1,4,4,1,-1,0
Newport County,2,3,4,4,5,-1,0
Notts County,0,1,4,4,1,-1,0
Plymouth Argyle,3,3,4,4,6,0,0.5
Stevenage Borough,1,2,4,4,3,-1,0
Yeovil,0,0,4,4,0,0,0.5
Cheltenham,0,1,4,4,1,-1,0
Hartlepool United,3,2,4,4,5,1,1
Yeovil,0,0,4,4,0,0,0.5
Crewe Alexandra,0,1,4,4,1,-1,0
Grimsby Town,0,0,4,4,0,0,0.5
Leyton Orient,1,1,4,4,2,0,0.5
Luton Town,3,1,4,4,4,2,1
Mansfield Town,1,1,4,4,2,0,0.5
Newport County,1,4,4,4,5,-3,0
Notts County,2,3,4,4,5,-1,0
Plymouth Argyle,2,0,4,4,2,2,1
Stevenage Borough,2,4,4,4,6,-2,0
Accrington,2,2,4,4,4,0,0.5
Barnet,1,0,4,4,1,1,1
Blackpool,0,1,4,4,1,-1,0
Cambridge United,4,0,4,4,4,4,1
Carlisle United,1,3,4,4,4,-2,0
Colchester United,2,0,4,4,2,2,1
Crawley Town,2,0,4,4,2,2,1
Doncaster Rovers,1,0,4,4,1,1,1
Exeter City,4,0,4,4,4,4,1
Morecambe,0,0,4,4,0,0,0.5
Portsmouth,1,0,4,4,1,1,1
Wycombe Wanderers,2,1,4,4,3,1,1
Doncaster Rovers,3,1,4,4,4,2,1
Colchester United,4,1,4,4,5,3,1
Hartlepool United,0,1,4,4,1,-1,0
Leyton Orient,1,3,4,4,4,-2,0
Mansfield Town,3,0,4,4,3,3,1
Morecambe,4,1,4,4,5,3,1
Stevenage Borough,3,1,4,4,4,2,1
Barnet,1,3,4,4,4,-2,0
Cambridge United,0,0,4,4,0,0,0.5
Carlisle United,1,1,4,4,2,0,0.5
Cheltenham,3,0,4,4,3,3,1
Crawley Town,1,0,4,4,1,1,1
Crewe Alexandra,1,2,4,4,3,-1,0
Grimsby Town,0,3,4,4,3,-3,0
Newport County,1,1,4,4,2,0,0.5
Notts County,0,0,4,4,0,0,0.5
Plymouth Argyle,4,2,4,4,6,2,1
Portsmouth,2,1,4,4,3,1,1
Wycombe Wanderers,1,1,4,4,2,0,0.5
Accrington,1,1,4,4,2,0,0.5
Barnet,0,0,4,4,0,0,0.5
Blackpool,2,2,4,4,4,0,0.5
Cambridge United,1,3,4,4,4,-2,0
Cheltenham,1,2,4,4,3,-1,0
Doncaster Rovers,3,1,4,4,4,2,1
Exeter City,3,0,4,4,3,3,1
Grimsby Town,2,0,4,4,2,2,1
Hartlepool United,2,0,4,4,2,2,1
Wycombe Wanderers,1,1,4,4,2,0,0.5
Carlisle United,1,1,4,4,2,0,0.5
Crewe Alexandra,0,0,4,4,0,0,0.5
Luton Town,2,0,4,4,2,2,1
Mansfield Town,2,0,4,4,2,2,1
Newport County,3,1,4,4,4,2,1
Notts County,2,1,4,4,3,1,1
Portsmouth,0,1,4,4,1,-1,0
Stevenage Borough,2,0,4,4,2,2,1
Yeovil,0,3,4,4,3,-3,0
Exeter City,4,2,4,4,6,2,1
Luton Town,2,3,4,4,5,-1,0
Yeovil,2,1,4,4,3,1,1
Accrington,2,0,4,4,2,2,1
Barnet,0,2,4,4,2,-2,0
Blackpool,1,1,4,4,2,0,0.5
Cambridge United,0,1,4,4,1,-1,0
Cheltenham,1,1,4,4,2,0,0.5
Crawley Town,1,2,4,4,3,-1,0
Doncaster Rovers,1,1,4,4,2,0,0.5
Exeter City,4,0,4,4,4,4,1
Grimsby Town,1,1,4,4,2,0,0.5
Hartlepool United,1,1,4,4,2,0,0.5
Leyton Orient,1,2,4,4,3,-1,0
Wycombe Wanderers,1,0,4,4,1,1,1
Blackpool,0,0,4,4,0,0,0.5
Leyton Orient,0,1,4,4,1,-1,0
Newport County,0,0,4,4,0,0,0.5
Carlisle United,1,4,4,4,5,-3,0
Colchester United,2,1,4,4,3,1,1
Crewe Alexandra,5,0,4,4,5,5,1
Luton Town,2,1,4,4,3,1,1
Mansfield Town,4,0,4,4,4,4,1
Morecambe,2,0,4,4,2,2,1
Notts County,2,1,4,4,3,1,1
Plymouth Argyle,3,0,4,4,3,3,1
Portsmouth,2,0,4,4,2,2,1
Stevenage Borough,3,0,4,4,3,3,1
Yeovil,1,1,4,4,2,0,0.5
Carlisle United,2,1,4,4,3,1,1
Colchester United,2,3,4,4,5,-1,0
Crewe Alexandra,2,1,4,4,3,1,1
Luton Town,3,0,4,4,3,3,1
Mansfield Town,4,4,4,4,8,0,0.5
Morecambe,0,1,4,4,1,-1,0
Newport County,0,0,4,4,0,0,0.5
Notts County,2,2,4,4,4,0,0.5
Plymouth Argyle,2,3,4,4,5,-1,0
Portsmouth,2,0,4,4,2,2,1
Stevenage Borough,2,1,4,4,3,1,1
Yeovil,1,1,4,4,2,0,0.5
Accrington,2,1,4,4,3,1,1
Barnet,1,1,4,4,2,0,0.5
Blackpool,2,2,4,4,4,0,0.5
Cambridge United,3,2,4,4,5,1,1
Cheltenham,2,0,4,4,2,2,1
Crawley Town,1,3,4,4,4,-2,0
Doncaster Rovers,1,1,4,4,2,0,0.5
Exeter City,1,1,4,4,2,0,0.5
Grimsby Town,3,0,4,4,3,3,1
Hartlepool United,1,1,4,4,2,0,0.5
Leyton Orient,2,3,4,4,5,-1,0
Wycombe Wanderers,1,2,4,4,3,-1,0
Colchester United,1,0,4,4,1,1,1
Newport County,1,1,4,4,2,0,0.5
Barnet,0,1,4,4,1,-1,0
Carlisle United,0,3,4,4,3,-3,0
Colchester United,2,1,4,4,3,1,1
Crewe Alexandra,1,2,4,4,3,-1,0
Doncaster Rovers,2,2,4,4,4,0,0.5
Exeter City,2,2,4,4,4,0,0.5
Leyton Orient,0,1,4,4,1,-1,0
Luton Town,1,1,4,4,2,0,0.5
Mansfield Town,2,1,4,4,3,1,1
Morecambe,1,0,4,4,1,1,1
Notts County,0,0,4,4,0,0,0.5
Wycombe Wanderers,1,2,4,4,3,-1,0
Accrington,2,2,4,4,4,0,0.5
Blackpool,2,2,4,4,4,0,0.5
Cambridge United,2,3,4,4,5,-1,0
Cheltenham,1,0,4,4,1,1,1
Crawley Town,1,2,4,4,3,-1,0
Grimsby Town,1,0,4,4,1,1,1
Hartlepool United,4,0,4,4,4,4,1
Plymouth Argyle,0,1,4,4,1,-1,0
Portsmouth,1,1,4,4,2,0,0.5
Stevenage Borough,4,1,4,4,5,3,1
Yeovil,0,0,4,4,0,0,0.5
Accrington,1,0,4,4,1,1,1
Blackpool,3,1,4,4,4,2,1
Cambridge United,1,1,4,4,2,0,0.5
Cheltenham,0,0,4,4,0,0,0.5
Crawley Town,0,0,4,4,0,0,0.5
Grimsby Town,1,2,4,4,3,-1,0
Hartlepool United,3,1,4,4,4,2,1
Newport County,0,4,4,4,4,-4,0
Plymouth Argyle,2,0,4,4,2,2,1
Portsmouth,0,1,4,4,1,-1,0
Stevenage Borough,3,0,4,4,3,3,1
Yeovil,0,4,4,4,4,-4,0
Crawley Town,0,2,4,4,2,-2,0
Plymouth Argyle,0,3,4,4,3,-3,0
Barnet,2,2,4,4,4,0,0.5
Carlisle United,0,3,4,4,3,-3,0
Colchester United,0,4,4,4,4,-4,0
Crewe Alexandra,1,2,4,4,3,-1,0
Doncaster Rovers,2,0,4,4,2,2,1
Exeter City,0,2,4,4,2,-2,0
Leyton Orient,0,3,4,4,3,-3,0
Luton Town,0,2,4,4,2,-2,0
Mansfield Town,0,2,4,4,2,-2,0
Morecambe,1,3,4,4,4,-2,0
Notts County,2,1,4,4,3,1,1
Wycombe Wanderers,0,0,4,4,0,0,0.5
Accrington,5,0,4,4,5,5,1
Blackpool,1,0,4,4,1,1,1
Cambridge United,0,1,4,4,1,-1,0
Carlisle United,0,0,4,4,0,0,0.5
Colchester United,2,0,4,4,2,2,1
Crawley Town,0,3,4,4,3,-3,0
Doncaster Rovers,3,1,4,4,4,2,1
Exeter City,3,0,4,4,3,3,1
Morecambe,0,1,4,4,1,-1,0
Portsmouth,4,0,4,4,4,4,1
Wycombe Wanderers,1,1,4,4,2,0,0.5
Barnet,2,2,4,4,4,0,0.5
Cheltenham,0,1,4,4,1,-1,0
Crewe Alexandra,2,0,4,4,2,2,1
Grimsby Town,1,1,4,4,2,0,0.5
Hartlepool United,0,2,4,4,2,-2,0
Leyton Orient,1,4,4,4,5,-3,0
Luton Town,1,1,4,4,2,0,0.5
Mansfield Town,2,0,4,4,2,2,1
Newport County,1,3,4,4,4,-2,0
Plymouth Argyle,1,0,4,4,1,1,1
Stevenage Borough,3,0,4,4,3,3,1
Yeovil,1,1,4,4,2,0,0.5
Notts County,1,0,4,4,1,1,1
Morecambe,1,2,4,4,3,-1,0
Newport County,1,1,4,4,2,0,0.5
Accrington,1,1,4,4,2,0,0.5
Barnet,3,1,4,4,4,2,1
Blackpool,2,1,4,4,3,1,1
Cambridge United,0,0,4,4,0,0,0.5
Carlisle United,0,2,4,4,2,-2,0
Colchester United,2,1,4,4,3,1,1
Crawley Town,3,0,4,4,3,3,1
Exeter City,3,3,4,4,6,0,0.5
Morecambe,1,3,4,4,4,-2,0
Portsmouth,2,1,4,4,3,1,1
Wycombe Wanderers,0,1,4,4,1,-1,0
Doncaster Rovers,0,1,4,4,1,-1,0
Accrington,2,0,4,4,2,2,1
Cheltenham,3,1,4,4,4,2,1
Crewe Alexandra,1,2,4,4,3,-1,0
Grimsby Town,1,5,4,4,6,-4,0
Hartlepool United,0,2,4,4,2,-2,0
Leyton Orient,0,2,4,4,2,-2,0
Luton Town,1,0,4,4,1,1,1
Mansfield Town,1,2,4,4,3,-1,0
Newport County,1,0,4,4,1,1,1
Notts County,3,1,4,4,4,2,1
Plymouth Argyle,0,1,4,4,1,-1,0
Stevenage Borough,1,0,4,4,1,1,1
Yeovil,0,2,4,4,2,-2,0
Accrington,3,2,4,4,5,1,1
Barnet,0,1,4,4,1,-1,0
Blackpool,1,3,4,4,4,-2,0
Cambridge United,3,0,4,4,3,3,1
Carlisle United,1,2,4,4,3,-1,0
Colchester United,4,0,4,4,4,4,1
Crawley Town,1,2,4,4,3,-1,0
Doncaster Rovers,1,0,4,4,1,1,1
Exeter City,0,1,4,4,1,-1,0
Morecambe,1,1,4,4,2,0,0.5
Portsmouth,3,1,4,4,4,2,1
Wycombe Wanderers,3,3,4,4,6,0,0.5
Blackpool,0,0,4,4,0,0,0.5
Colchester United,1,1,4,4,2,0,0.5
Crawley Town,0,0,4,4,0,0,0.5
Crewe Alexandra,2,2,4,4,4,0,0.5
Exeter City,2,1,4,4,3,1,1
Grimsby Town,2,1,4,4,3,1,1
Hartlepool United,1,1,4,4,2,0,0.5
Luton Town,2,2,4,4,4,0,0.5
Newport County,1,0,4,4,1,1,1
Portsmouth,1,1,4,4,2,0,0.5
Stevenage Borough,0,1,4,4,1,-1,0
Wycombe Wanderers,0,1,4,4,1,-1,0
Accrington,1,0,4,4,1,1,1
Barnet,0,2,4,4,2,-2,0
Cambridge United,1,0,4,4,1,1,1
Carlisle United,1,1,4,4,2,0,0.5
Cheltenham,2,1,4,4,3,1,1
Doncaster Rovers,0,1,4,4,1,-1,0
Leyton Orient,2,1,4,4,3,1,1
Mansfield Town,1,1,4,4,2,0,0.5
Morecambe,1,1,4,4,2,0,0.5
Notts County,1,3,4,4,4,-2,0
Plymouth Argyle,6,1,4,4,7,5,1
Yeovil,3,0,4,4,3,3,1
Blackpool,3,0,4,4,3,3,1
Colchester United,0,0,4,4,0,0,0.5
Crawley Town,3,3,4,4,6,0,0.5
Crewe Alexandra,3,0,4,4,3,3,1
Exeter City,3,1,4,4,4,2,1
Grimsby Town,4,2,4,4,6,2,1
Hartlepool United,0,2,4,4,2,-2,0
Luton Town,2,1,4,4,3,1,1
Newport County,1,0,4,4,1,1,1
Portsmouth,2,1,4,4,3,1,1
Stevenage Borough,0,1,4,4,1,-1,0
Wycombe Wanderers,2,1,4,4,3,1,1
Accrington,1,4,4,4,5,-3,0
Barnet,3,1,4,4,4,2,1
Cambridge United,2,0,4,4,2,2,1
Carlisle United,2,1,4,4,3,1,1
Cheltenham,1,0,4,4,1,1,1
Doncaster Rovers,1,3,4,4,4,-2,0
Leyton Orient,1,3,4,4,4,-2,0
Mansfield Town,0,1,4,4,1,-1,0
Morecambe,1,1,4,4,2,0,0.5
Notts County,1,0,4,4,1,1,1
Plymouth Argyle,2,1,4,4,3,1,1
Yeovil,1,1,4,4,2,0,0.5
Blackpool,3,1,4,4,4,2,1
Colchester United,2,0,4,4,2,2,1
Crawley Town,2,2,4,4,4,0,0.5
Crewe Alexandra,4,1,4,4,5,3,1
Exeter City,2,3,4,4,5,-1,0
Grimsby Town,1,1,4,4,2,0,0.5
Hartlepool United,2,1,4,4,3,1,1
Luton Town,3,1,4,4,4,2,1
Newport County,2,1,4,4,3,1,1
Portsmouth,6,1,4,4,7,5,1
Stevenage Borough,0,3,4,4,3,-3,0
Wycombe Wanderers,1,0,4,4,1,1,1
Everton,1,0,1,1,1,1,1
West Bromwich Albion,0,1,1,1,1,-1,0
AFC Bournemouth,2,1,1,1,3,1,1
Manchester City,2,1,1,1,3,1,1
Middlesbrough,1,2,1,1,3,-1,0
Stoke City,1,4,1,1,5,-3,0
Sunderland,0,2,1,1,2,-2,0
Crystal Palace,4,0,1,1,4,4,1
Tottenham Hotspur,2,1,1,1,3,1,1
West Ham United,0,4,1,1,4,-4,0
