1888,Accrington F.C.,Bolton Wanderers,2,3,1,1,5,-1,0
1888,Accrington F.C.,Everton,3,1,1,1,4,2,1
1888,Aston Villa,West Bromwich Albion,2,0,1,1,2,2,1
1888,Blackburn Rovers,Aston Villa,5,1,1,1,6,4,1
1888,Blackburn Rovers,Preston North End,2,2,1,1,4,0,0
1888,Blackburn Rovers,Wolverhampton Wanderers,2,2,1,1,4,0,0
1888,Bolton Wanderers,Blackburn Rovers,3,2,1,1,5,1,1
1888,Bolton Wanderers,Everton,6,2,1,1,8,4,1
1888,Bolton Wanderers,Stoke City,2,1,1,1,3,1,1
1888,Burnley,Accrington F.C.,2,2,1,1,4,0,0
1888,Burnley,Notts County,1,0,1,1,1,1,1
1888,Derby County,Aston Villa,5,2,1,1,7,3,1
1888,Derby County,Wolverhampton Wanderers,3,0,1,1,3,3,1
1888,Everton,Blackburn Rovers,3,1,1,1,4,2,1
1888,Notts County,Bolton Wanderers,0,4,1,1,4,-4,0
1888,Notts County,West Bromwich Albion,2,1,1,1,3,1,1
1888,Preston North End,Wolverhampton Wanderers,5,2,1,1,7,3,1
1888,Stoke City,Blackburn Rovers,2,1,1,1,3,1,1
1888,Stoke City,Preston North End,0,3,1,1,3,-3,0
1888,West Bromwich Albion,Accrington F.C.,2,2,1,1,4,0,0
1888,West Bromwich Albion,Everton,1,0,1,1,1,1,1
1888,Wolverhampton Wanderers,Aston Villa,1,1,1,1,2,0,0
1889,Accrington F.C.,Bolton Wanderers,3,1,1,1,4,2,1
1889,Accrington F.C.,Everton,5,3,1,1,8,2,1
1889,Aston Villa,West Bromwich Albion,1,0,1,1,1,1,1
1889,Blackburn Rovers,Aston Villa,7,0,1,1,7,7,1
1889,Blackburn Rovers,Derby County,4,2,1,1,6,2,1
1889,Blackburn Rovers,Preston North End,3,4,1,1,7,-1,0
1889,Bolton Wanderers,Blackburn Rovers,3,2,1,1,5,1,1
1889,Bolton Wanderers,Stoke City,5,0,1,1,5,5,1
1889,Burnley,Accrington F.C.,2,2,1,1,4,0,0
1889,Burnley,Bolton Wanderers,7,0,1,1,7,7,1
1889,Burnley,Notts County,3,0,1,1,3,3,1
1889,Derby County,Burnley,4,1,1,1,5,3,1
1889,Derby County,Preston North End,2,1,1,1,3,1,1
1889,Derby County,Wolverhampton Wanderers,3,3,1,1,6,0,0
1889,Everton,Blackburn Rovers,3,2,1,1,5,1,1
1889,Notts County,Bolton Wanderers,3,5,1,1,8,-2,0
1889,Notts County,West Bromwich Albion,1,2,1,1,3,-1,0
1889,Preston North End,Burnley,6,0,1,1,6,6,1
1889,Preston North End,Notts County,4,3,1,1,7,1,1
1889,Stoke City,Preston North End,1,2,1,1,3,-1,0
1889,West Bromwich Albion,Accrington F.C.,4,1,1,1,5,3,1
1889,West Bromwich Albion,Stoke City,2,1,1,1,3,1,1
1889,Wolverhampton Wanderers,Burnley,9,1,1,1,10,8,1
1889,Wolverhampton Wanderers,West Bromwich Albion,1,1,1,1,2,0,0
1890,Accrington F.C.,Everton,1,2,1,1,3,-1,0
1890,Accrington F.C.,Sunderland,4,1,1,1,5,3,1
1890,Aston Villa,Burnley,4,4,1,1,8,0,0
1890,Aston Villa,Notts County,3,2,1,1,5,1,1
1890,Aston Villa,West Bromwich Albion,0,4,1,1,4,-4,0
1890,Blackburn Rovers,Aston Villa,5,1,1,1,6,4,1
1890,Blackburn Rovers,Preston North End,1,0,1,1,1,1,1
1890,Burnley,Bolton Wanderers,1,2,1,1,3,-1,0
1890,Burnley,Notts County,0,1,1,1,1,-1,0
1890,Derby County,Aston Villa,5,4,1,1,9,1,1
1890,Derby County,Preston North End,1,3,1,1,4,-2,0
1890,Derby County,Wolverhampton Wanderers,9,0,1,1,9,9,1
1890,Everton,Derby County,7,0,1,1,7,7,1
1890,Notts County,Accrington F.C.,5,0,1,1,5,5,1
1890,Notts County,Everton,3,1,1,1,4,2,1
1890,Preston North End,Notts County,0,0,1,1,0,0,0
1890,Preston North End,Wolverhampton Wanderers,5,1,1,1,6,4,1
1890,Sunderland,Derby County,5,1,1,1,6,4,1
1890,West Bromwich Albion,Accrington F.C.,5,1,1,1,6,4,1
1890,West Bromwich Albion,Bolton Wanderers,2,4,1,1,6,-2,0
1890,West Bromwich Albion,Everton,1,4,1,1,5,-3,0
1890,West Bromwich Albion,Sunderland,0,4,1,1,4,-4,0
1890,Wolverhampton Wanderers,Burnley,3,1,1,1,4,2,1
1890,Wolverhampton Wanderers,Notts County,1,1,1,1,2,0,0
1890,Wolverhampton Wanderers,West Bromwich Albion,4,0,1,1,4,4,1
1891,Accrington F.C.,Derby County,1,1,1,1,2,0,0
1891,Accrington F.C.,Preston North End,1,3,1,1,4,-2,0
1891,Accrington F.C.,West Bromwich Albion,4,2,1,1,6,2,1
1891,Aston Villa,Blackburn Rovers,5,1,1,1,6,4,1
1891,Blackburn Rovers,Accrington F.C.,2,2,1,1,4,0,0
1891,Blackburn Rovers,Burnley,3,3,1,1,6,0,0
1891,Blackburn Rovers,Stoke City,5,3,1,1,8,2,1
1891,Blackburn Rovers,Wolverhampton Wanderers,2,0,1,1,2,2,1
1891,Bolton Wanderers,Preston North End,3,0,1,1,3,3,1
1891,Bolton Wanderers,West Bromwich Albion,1,1,1,1,2,0,0
1891,Burnley,Sunderland,1,2,1,1,3,-1,0
1891,Darwen,Bolton Wanderers,1,2,1,1,3,-1,0
1891,Darwen,Stoke City,9,3,1,1,12,6,1
1891,Derby County,Blackburn Rovers,1,1,1,1,2,0,0
1891,Derby County,West Bromwich Albion,1,1,1,1,2,0,0
1891,Everton,Aston Villa,5,1,1,1,6,4,1
1891,Everton,Notts County,4,0,1,1,4,4,1
1891,Everton,Sunderland,0,4,1,1,4,-4,0
1891,Notts County,Accrington F.C.,9,0,1,1,9,9,1
1891,Notts County,Bolton Wanderers,2,0,1,1,2,2,1
1891,Notts County,Derby County,2,1,1,1,3,1,1
1891,Notts County,Wolverhampton Wanderers,2,2,1,1,4,0,0
1891,Preston North End,Blackburn Rovers,3,2,1,1,5,1,1
1891,Preston North End,Notts County,6,0,1,1,6,6,1
1891,Stoke City,Aston Villa,2,3,1,1,5,-1,0
1891,Stoke City,Burnley,3,0,1,1,3,3,1
1891,Sunderland,Accrington F.C.,4,1,1,1,5,3,1
1891,Sunderland,Derby County,7,1,1,1,8,6,1
1891,Sunderland,Preston North End,4,1,1,1,5,3,1
1891,Sunderland,Wolverhampton Wanderers,5,2,1,1,7,3,1
1891,West Bromwich Albion,Blackburn Rovers,2,2,1,1,4,0,0
1891,West Bromwich Albion,Sunderland,2,5,1,1,7,-3,0
1891,Wolverhampton Wanderers,Stoke City,4,1,1,1,5,3,1
1892,Accrington F.C.,Aston Villa,1,1,1,1,2,0,0
1892,Accrington F.C.,Sunderland,0,6,1,1,6,-6,0
1892,Aston Villa,Accrington F.C.,6,4,1,1,10,2,1
1892,Aston Villa,Preston North End,3,1,1,1,4,2,1
1892,Blackburn Rovers,Accrington F.C.,3,3,1,1,6,0,0
1892,Blackburn Rovers,Preston North End,0,0,1,1,0,0,0
1892,Bolton Wanderers,Burnley,1,0,1,1,1,1,1
1892,Bolton Wanderers,Manchester United,4,1,1,1,5,3,1
1892,Bolton Wanderers,Sunderland,2,1,1,1,3,1,1
1892,Burnley,Accrington F.C.,1,3,1,1,4,-2,0
1892,Burnley,Sunderland,2,3,1,1,5,-1,0
1892,Everton,Bolton Wanderers,3,0,1,1,3,3,1
1892,Everton,Manchester United,6,0,1,1,6,6,1
1892,Everton,Sunderland,1,4,1,1,5,-3,0
1892,Manchester United,Preston North End,2,1,1,1,3,1,1
1892,Nottingham Forest,Accrington F.C.,3,0,1,1,3,3,1
1892,Nottingham Forest,Bolton Wanderers,2,0,1,1,2,2,1
1892,Nottingham Forest,Sunderland,0,5,1,1,5,-5,0
1892,Notts County,Bolton Wanderers,2,2,1,1,4,0,0
1892,Notts County,Everton,1,2,1,1,3,-1,0
1892,Notts County,Preston North End,3,1,1,1,4,2,1
1892,Preston North End,Accrington F.C.,0,0,1,1,0,0,0
1892,Preston North End,Everton,5,0,1,1,5,5,1
1892,Preston North End,Notts County,4,0,1,1,4,4,1
1892,Sheffield Wednesday,Accrington F.C.,5,2,1,1,7,3,1
1892,Sheffield Wednesday,Bolton Wanderers,4,2,1,1,6,2,1
1892,Sheffield Wednesday,Everton,0,2,1,1,2,-2,0
1892,Sheffield Wednesday,Sunderland,3,2,1,1,5,1,1
1892,Stoke City,Everton,0,1,1,1,1,-1,0
1892,Stoke City,Sunderland,0,1,1,1,1,-1,0
1892,Sunderland,Accrington F.C.,4,2,1,1,6,2,1
1892,Sunderland,Notts County,2,2,1,1,4,0,0
1892,Sunderland,Stoke City,3,1,1,1,4,2,1
1892,West Bromwich Albion,Accrington F.C.,4,0,1,1,4,4,1
1892,West Bromwich Albion,Everton,3,0,1,1,3,3,1
1892,West Bromwich Albion,Notts County,4,2,1,1,6,2,1
1892,Wolverhampton Wanderers,Bolton Wanderers,1,2,1,1,3,-1,0
1892,Wolverhampton Wanderers,Everton,2,4,1,1,6,-2,0
1892,Wolverhampton Wanderers,Stoke City,1,0,1,1,1,1,1
1892,Birmingham City,Bootle,6,2,2,2,8,4,1
1892,Birmingham City,Darwen,3,2,2,2,5,1,1
1892,Birmingham City,Manchester City,3,2,2,2,5,1,1
1892,Bootle,Burton Swifts,3,2,2,2,5,1,1
1892,Bootle,Grimsby Town,3,1,2,2,4,2,1
1892,Crewe Alexandra,Birmingham City,1,3,2,2,4,-2,0
1892,Crewe Alexandra,Sheffield United,0,4,2,2,4,-4,0
1892,Darwen,Bootle,3,0,2,2,3,3,1
1892,Darwen,Grimsby Town,6,1,2,2,7,5,1
1892,Darwen,Northwich Victoria,3,1,2,2,4,2,1
1892,Grimsby Town,Burton Swifts,4,0,2,2,4,4,1
1892,Grimsby Town,Port Vale,2,0,2,2,2,2,1
1892,Lincoln City,Manchester City,2,1,2,2,3,1,1
1892,Lincoln City,Sheffield United,1,0,2,2,1,1,1
1892,Manchester City,Bootle,7,0,2,2,7,7,1
1892,Manchester City,Walsall,2,0,2,2,2,2,1
1892,Northwich Victoria,Burton Swifts,2,1,2,2,3,1,1
1892,Northwich Victoria,Grimsby Town,5,3,2,2,8,2,1
1892,Northwich Victoria,Port Vale,2,4,2,2,6,-2,0
1892,Port Vale,Crewe Alexandra,4,1,2,2,5,3,1
1892,Port Vale,Lincoln City,1,2,2,2,3,-1,0
1892,Sheffield United,Darwen,2,0,2,2,2,2,1
1892,Sheffield United,Manchester City,2,1,2,2,3,1,1
1892,Walsall,Grimsby Town,3,1,2,2,4,2,1
1892,Walsall,Northwich Victoria,2,3,2,2,5,-1,0
1893,Aston Villa,Darwen,9,0,1,1,9,9,1
1893,Blackburn Rovers,Darwen,4,1,1,1,5,3,1
1893,Bolton Wanderers,Darwen,1,0,1,1,1,1,1
1893,Bolton Wanderers,Sheffield United,0,1,1,1,1,-1,0
1893,Bolton Wanderers,Sunderland,2,0,1,1,2,2,1
1893,Burnley,Aston Villa,3,6,1,1,9,-3,0
1893,Burnley,Darwen,5,1,1,1,6,4,1
1893,Burnley,Manchester United,4,1,1,1,5,3,1
1893,Burnley,Sheffield United,4,1,1,1,5,3,1
1893,Darwen,Burnley,0,0,1,1,0,0,0
1893,Darwen,Sheffield United,3,3,1,1,6,0,0
1893,Darwen,Sunderland,0,3,1,1,3,-3,0
1893,Derby County,Sheffield United,2,1,1,1,3,1,1
1893,Everton,Burnley,4,3,1,1,7,1,1
1893,Everton,Sheffield United,2,3,1,1,5,-1,0
1893,Everton,Sunderland,7,1,1,1,8,6,1
1893,Manchester United,Aston Villa,1,3,1,1,4,-2,0
1893,Manchester United,Burnley,3,2,1,1,5,1,1
1893,Manchester United,Everton,0,3,1,1,3,-3,0
1893,Manchester United,Sunderland,2,4,1,1,6,-2,0
1893,Nottingham Forest,Burnley,5,0,1,1,5,5,1
1893,Nottingham Forest,Sheffield United,1,1,1,1,2,0,0
1893,Preston North End,Aston Villa,2,5,1,1,7,-3,0
1893,Preston North End,Burnley,1,2,1,1,3,-1,0
1893,Preston North End,Sunderland,1,2,1,1,3,-1,0
1893,Sheffield United,Aston Villa,3,0,1,1,3,3,1
1893,Sheffield United,Everton,0,3,1,1,3,-3,0
1893,Sheffield Wednesday,Preston North End,3,0,1,1,3,3,1
1893,Sunderland,Aston Villa,1,1,1,1,2,0,0
1893,Sunderland,Everton,1,0,1,1,1,1,1
1893,Sunderland,Preston North End,6,3,1,1,9,3,1
1893,West Bromwich Albion,Preston North End,2,0,1,1,2,2,1
1893,Wolverhampton Wanderers,Aston Villa,3,0,1,1,3,3,1
1893,Wolverhampton Wanderers,Stoke City,4,2,1,1,6,2,1
1893,Arsenal,Grimsby Town,3,1,2,2,4,2,1
1893,Arsenal,Rotherham Town,3,0,2,2,3,3,1
1893,Birmingham City,Lincoln City,6,0,2,2,6,6,1
1893,Burton Swifts,Port Vale,5,3,2,2,8,2,1
1893,Crewe Alexandra,Arsenal,0,0,2,2,0,0,0
1893,Crewe Alexandra,Manchester City,1,1,2,2,2,0,0
1893,Crewe Alexandra,Northwich Victoria,3,0,2,2,3,3,1
1893,Crewe Alexandra,Rotherham Town,2,0,2,2,2,2,1
1893,Grimsby Town,Walsall,5,2,2,2,7,3,1
1893,Lincoln City,Burton Swifts,1,1,2,2,2,0,0
1893,Lincoln City,Liverpool,1,1,2,2,2,0,0
1893,Lincoln City,Port Vale,2,2,2,2,4,0,0
1893,Liverpool,Crewe Alexandra,2,0,2,2,2,2,1
1893,Liverpool,Manchester City,3,0,2,2,3,3,1
1893,Liverpool,Northwich Victoria,4,0,2,2,4,4,1
1893,Manchester City,Birmingham City,0,1,2,2,1,-1,0
1893,Manchester City,Grimsby Town,4,1,2,2,5,3,1
1893,Manchester City,Middlesbrough Ironopolis,6,1,2,2,7,5,1
1893,Manchester City,Notts County,0,0,2,2,0,0,0
1893,Newcastle United,Northwich Victoria,3,0,2,2,3,3,1
1893,Newcastle United,Rotherham Town,4,0,2,2,4,4,1
1893,Northwich Victoria,Birmingham City,0,7,2,2,7,-7,0
1893,Northwich Victoria,Walsall,1,0,2,2,1,1,1
1893,Notts County,Lincoln City,1,2,2,2,3,-1,0
1893,Notts County,Middlesbrough Ironopolis,3,0,2,2,3,3,1
1893,Port Vale,Arsenal,2,1,2,2,3,1,1
1893,Port Vale,Liverpool,2,2,2,2,4,0,0
1893,Rotherham Town,Manchester City,1,3,2,2,4,-2,0
1893,Rotherham Town,Walsall,3,2,2,2,5,1,1
1893,Walsall,Burton Swifts,3,4,2,2,7,-1,0
1893,Walsall,Notts County,2,1,2,2,3,1,1
1894,Aston Villa,Birmingham City,2,1,1,1,3,1,1
1894,Birmingham City,Burnley,1,0,1,1,1,1,1
1894,Birmingham City,Sunderland,1,1,1,1,2,0,0
1894,Blackburn Rovers,Aston Villa,1,3,1,1,4,-2,0
1894,Blackburn Rovers,Sunderland,1,1,1,1,2,0,0
1894,Bolton Wanderers,Aston Villa,4,3,1,1,7,1,1
1894,Bolton Wanderers,Liverpool,1,0,1,1,1,1,1
1894,Bolton Wanderers,Sheffield United,6,2,1,1,8,4,1
1894,Burnley,Bolton Wanderers,1,0,1,1,1,1,1
1894,Burnley,Sunderland,0,3,1,1,3,-3,0
1894,Derby County,Bolton Wanderers,2,2,1,1,4,0,0
1894,Derby County,Sheffield United,4,1,1,1,5,3,1
1894,Everton,Aston Villa,4,2,1,1,6,2,1
1894,Everton,Bolton Wanderers,3,1,1,1,4,2,1
1894,Everton,Sheffield United,1,1,1,1,2,0,0
1894,Everton,Sunderland,2,2,1,1,4,0,0
1894,Liverpool,Everton,2,2,1,1,4,0,0
1894,Nottingham Forest,Aston Villa,2,1,1,1,3,1,1
1894,Nottingham Forest,Bolton Wanderers,3,3,1,1,6,0,0
1894,Nottingham Forest,Sheffield United,3,0,1,1,3,3,1
1894,Nottingham Forest,Sunderland,2,1,1,1,3,1,1
1894,Preston North End,Aston Villa,0,1,1,1,1,-1,0
1894,Preston North End,Sheffield United,2,1,1,1,3,1,1
1894,Sheffield United,Bolton Wanderers,5,0,1,1,5,5,1
1894,Sheffield Wednesday,Aston Villa,1,0,1,1,1,1,1
1894,Sheffield Wednesday,Bolton Wanderers,2,1,1,1,3,1,1
1894,Stoke City,Everton,1,3,1,1,4,-2,0
1894,Stoke City,Preston North End,2,1,1,1,3,1,1
1894,Sunderland,Aston Villa,4,4,1,1,8,0,0
1894,Sunderland,Everton,2,1,1,1,3,1,1
1894,West Bromwich Albion,Bolton Wanderers,1,1,1,1,2,0,0
1894,West Bromwich Albion,Everton,1,4,1,1,5,-3,0
1894,West Bromwich Albion,Preston North End,4,5,1,1,9,-1,0
1894,West Bromwich Albion,Stoke City,3,2,1,1,5,1,1
1894,Wolverhampton Wanderers,Everton,1,0,1,1,1,1,1
1894,Wolverhampton Wanderers,Stoke City,0,0,1,1,0,0,0
1894,Arsenal,Burton Swifts,3,0,2,2,3,3,1
1894,Arsenal,Crewe Alexandra,7,0,2,2,7,7,1
1894,Arsenal,Manchester United,3,2,2,2,5,1,1
1894,Burton Swifts,Arsenal,3,0,2,2,3,3,1
1894,Burton Swifts,Manchester United,1,2,2,2,3,-1,0
1894,Burton Swifts,Port Vale,1,0,2,2,1,1,1
1894,Burton Wanderers,Arsenal,2,1,2,2,3,1,1
1894,Burton Wanderers,Leicester City,1,1,2,2,2,0,0
1894,Burton Wanderers,Port Vale,4,0,2,2,4,4,1
1894,Bury,Leicester City,4,1,2,2,5,3,1
1894,Bury,Manchester United,2,1,2,2,3,1,1
1894,Bury,Port Vale,4,0,2,2,4,4,1
1894,Crewe Alexandra,Arsenal,0,0,2,2,0,0,0
1894,Crewe Alexandra,Manchester United,0,2,2,2,2,-2,0
1894,Crewe Alexandra,Port Vale,2,2,2,2,4,0,0
1894,Darwen,Bury,0,1,2,2,1,-1,0
1894,Darwen,Leicester City,8,2,2,2,10,6,1
1894,Grimsby Town,Arsenal,4,2,2,2,6,2,1
1894,Grimsby Town,Manchester United,2,1,2,2,3,1,1
1894,Leicester City,Grimsby Town,1,0,2,2,1,1,1
1894,Leicester City,Manchester United,2,3,2,2,5,-1,0
1894,Leicester City,Port Vale,2,1,2,2,3,1,1
1894,Lincoln City,Arsenal,5,2,2,2,7,3,1
1894,Lincoln City,Bury,1,3,2,2,4,-2,0
1894,Lincoln City,Manchester United,3,0,2,2,3,3,1
1894,Manchester City,Arsenal,4,1,2,2,5,3,1
1894,Manchester City,Bury,3,3,2,2,6,0,0
1894,Manchester City,Manchester United,2,5,2,2,7,-3,0
1894,Manchester United,Bury,2,2,2,2,4,0,0
1894,Manchester United,Manchester City,4,1,2,2,5,3,1
1894,Manchester United,Port Vale,3,0,2,2,3,3,1
1894,Newcastle United,Arsenal,2,4,2,2,6,-2,0
1894,Newcastle United,Grimsby Town,1,4,2,2,5,-3,0
1894,Newcastle United,Manchester City,5,4,2,2,9,1,1
1894,Notts County,Arsenal,2,2,2,2,4,0,0
1894,Notts County,Bury,2,1,2,2,3,1,1
1894,Port Vale,Bury,1,2,2,2,3,-1,0
1894,Port Vale,Manchester City,1,2,2,2,3,-1,0
1894,Rotherham Town,Arsenal,1,2,2,2,3,-1,0
1894,Rotherham Town,Bury,2,3,2,2,5,-1,0
1894,Rotherham Town,Notts County,1,2,2,2,3,-1,0
1894,Walsall,Grimsby Town,4,3,2,2,7,1,1
1894,Walsall,Notts County,2,1,2,2,3,1,1
1895,Aston Villa,Burnley,5,1,1,1,6,4,1
1895,Aston Villa,Everton,4,3,1,1,7,1,1
1895,Aston Villa,Sunderland,2,1,1,1,3,1,1
1895,Birmingham City,Everton,0,3,1,1,3,-3,0
1895,Birmingham City,Sunderland,0,1,1,1,1,-1,0
1895,Blackburn Rovers,Sheffield United,1,0,1,1,1,1,1
1895,Blackburn Rovers,Sunderland,2,4,1,1,6,-2,0
1895,Bolton Wanderers,Aston Villa,2,2,1,1,4,0,0
1895,Bolton Wanderers,Everton,3,1,1,1,4,2,1
1895,Burnley,Aston Villa,3,4,1,1,7,-1,0
1895,Burnley,Sheffield United,5,0,1,1,5,5,1
1895,Burnley,Sunderland,0,0,1,1,0,0,0
1895,Bury,Aston Villa,5,3,1,1,8,2,1
1895,Bury,Everton,1,1,1,1,2,0,0
1895,Bury,Sheffield United,1,0,1,1,1,1,1
1895,Bury,Sunderland,1,2,1,1,3,-1,0
1895,Derby County,Aston Villa,2,2,1,1,4,0,0
1895,Derby County,Everton,2,1,1,1,3,1,1
1895,Derby County,Sunderland,2,0,1,1,2,2,1
1895,Everton,Sunderland,1,0,1,1,1,1,1
1895,Nottingham Forest,Aston Villa,0,2,1,1,2,-2,0
1895,Nottingham Forest,Sheffield United,3,1,1,1,4,2,1
1895,Preston North End,Aston Villa,4,3,1,1,7,1,1
1895,Preston North End,Bolton Wanderers,1,0,1,1,1,1,1
1895,Sheffield United,Derby County,1,1,1,1,2,0,0
1895,Sheffield United,Sunderland,1,2,1,1,3,-1,0
1895,Sheffield Wednesday,Bolton Wanderers,1,1,1,1,2,0,0
1895,Sheffield Wednesday,Derby County,0,4,1,1,4,-4,0
1895,Sheffield Wednesday,Preston North End,1,1,1,1,2,0,0
1895,Sheffield Wednesday,Sunderland,3,0,1,1,3,3,1
1895,Stoke City,Bolton Wanderers,2,0,1,1,2,2,1
1895,Stoke City,Derby County,2,1,1,1,3,1,1
1895,Stoke City,Preston North End,4,0,1,1,4,4,1
1895,Stoke City,Sunderland,5,0,1,1,5,5,1
1895,Sunderland,Bolton Wanderers,1,0,1,1,1,1,1
1895,Sunderland,Derby County,2,2,1,1,4,0,0
1895,West Bromwich Albion,Bolton Wanderers,2,3,1,1,5,-1,0
1895,West Bromwich Albion,Derby County,0,0,1,1,0,0,0
1895,West Bromwich Albion,Preston North End,1,2,1,1,3,-1,0
1895,West Bromwich Albion,Stoke City,1,0,1,1,1,1,1
1895,Wolverhampton Wanderers,Bolton Wanderers,5,0,1,1,5,5,1
1895,Wolverhampton Wanderers,Derby County,2,0,1,1,2,2,1
1895,Wolverhampton Wanderers,Preston North End,2,1,1,1,3,1,1
1895,Wolverhampton Wanderers,Stoke City,1,0,1,1,1,1,1
1895,Arsenal,Darwen,1,3,2,2,4,-2,0
1895,Arsenal,Lincoln City,4,0,2,2,4,4,1
1895,Arsenal,Manchester City,0,1,2,2,1,-1,0
1895,Burton Swifts,Arsenal,3,2,2,2,5,1,1
1895,Burton Swifts,Manchester City,1,4,2,2,5,-3,0
1895,Burton Swifts,Notts County,0,0,2,2,0,0,0
1895,Burton Wanderers,Lincoln City,4,1,2,2,5,3,1
1895,Crewe Alexandra,Darwen,3,1,2,2,4,2,1
1895,Crewe Alexandra,Lincoln City,2,2,2,2,4,0,0
1895,Darwen,Arsenal,1,1,2,2,2,0,0
1895,Darwen,Crewe Alexandra,6,1,2,2,7,5,1
1895,Darwen,Lincoln City,5,0,2,2,5,5,1
1895,Darwen,Manchester City,2,3,2,2,5,-1,0
1895,Grimsby Town,Arsenal,1,1,2,2,2,0,0
1895,Grimsby Town,Crewe Alexandra,2,0,2,2,2,2,1
1895,Grimsby Town,Manchester City,5,0,2,2,5,5,1
1895,Leicester City,Crewe Alexandra,4,1,2,2,5,3,1
1895,Leicester City,Manchester City,1,2,2,2,3,-1,0
1895,Leicester City,Notts County,2,1,2,2,3,1,1
1895,Lincoln City,Crewe Alexandra,6,2,2,2,8,4,1
1895,Lincoln City,Notts County,2,3,2,2,5,-1,0
1895,Liverpool,Arsenal,3,0,2,2,3,3,1
1895,Liverpool,Crewe Alexandra,6,1,2,2,7,5,1
1895,Liverpool,Leicester City,3,1,2,2,4,2,1
1895,Liverpool,Manchester City,3,1,2,2,4,2,1
1895,Liverpool,Notts County,3,0,2,2,3,3,1
1895,Loughborough,Crewe Alexandra,4,1,2,2,5,3,1
1895,Loughborough,Manchester City,2,4,2,2,6,-2,0
1895,Loughborough,Notts County,1,3,2,2,4,-2,0
1895,Manchester City,Arsenal,1,0,2,2,1,1,1
1895,Manchester City,Crewe Alexandra,4,0,2,2,4,4,1
1895,Manchester City,Loughborough,5,1,2,2,6,4,1
1895,Manchester City,Notts County,2,0,2,2,2,2,1
1895,Manchester United,Arsenal,5,1,2,2,6,4,1
1895,Manchester United,Crewe Alexandra,5,0,2,2,5,5,1
1895,Manchester United,Leicester City,2,0,2,2,2,2,1
1895,Newcastle United,Arsenal,3,1,2,2,4,2,1
1895,Newcastle United,Leicester City,1,0,2,2,1,1,1
1895,Newcastle United,Notts County,5,1,2,2,6,4,1
1895,Notts County,Arsenal,3,4,2,2,7,-1,0
1895,Notts County,Loughborough,2,0,2,2,2,2,1
1895,Port Vale,Arsenal,0,2,2,2,2,-2,0
1895,Port Vale,Crewe Alexandra,2,1,2,2,3,1,1
1895,Port Vale,Leicester City,1,1,2,2,2,0,0
1895,Port Vale,Loughborough,1,1,2,2,2,0,0
1895,Rotherham Town,Arsenal,3,0,2,2,3,3,1
1895,Rotherham Town,Crewe Alexandra,4,0,2,2,4,4,1
1895,Rotherham Town,Leicester City,2,0,2,2,2,2,1
1895,Rotherham Town,Loughborough,4,0,2,2,4,4,1
1895,Rotherham Town,Newcastle United,1,1,2,2,2,0,0
1896,Aston Villa,Blackburn Rovers,3,0,1,1,3,3,1
1896,Blackburn Rovers,Aston Villa,1,5,1,1,6,-4,0
1896,Bolton Wanderers,Sheffield United,0,2,1,1,2,-2,0
1896,Burnley,Bury,1,0,1,1,1,1,1
1896,Burnley,Sheffield United,1,1,1,1,2,0,0
1896,Burnley,Sunderland,1,1,1,1,2,0,0
1896,Bury,Burnley,1,1,1,1,2,0,0
1896,Derby County,Aston Villa,1,3,1,1,4,-2,0
1896,Derby County,Burnley,3,2,1,1,5,1,1
1896,Derby County,Liverpool,3,2,1,1,5,1,1
1896,Derby County,Sunderland,1,0,1,1,1,1,1
1896,Liverpool,Aston Villa,3,3,1,1,6,0,0
1896,Liverpool,Everton,0,0,1,1,0,0,0
1896,Liverpool,Sunderland,3,0,1,1,3,3,1
1896,Nottingham Forest,Aston Villa,2,4,1,1,6,-2,0
1896,Nottingham Forest,Burnley,4,1,1,1,5,3,1
1896,Nottingham Forest,Everton,3,0,1,1,3,3,1
1896,Preston North End,Burnley,5,3,1,1,8,2,1
1896,Sheffield United,Aston Villa,0,0,1,1,0,0,0
1896,Sheffield United,Everton,1,2,1,1,3,-1,0
1896,Sheffield United,Preston North End,0,2,1,1,2,-2,0
1896,Sheffield Wednesday,Everton,4,1,1,1,5,3,1
1896,Sheffield Wednesday,Sunderland,0,0,1,1,0,0,0
1896,Stoke City,Sunderland,0,1,1,1,1,-1,0
1896,Sunderland,Everton,1,1,1,1,2,0,0
1896,Sunderland,Preston North End,1,1,1,1,2,0,0
1896,West Bromwich Albion,Aston Villa,3,1,1,1,4,2,1
1896,West Bromwich Albion,Burnley,3,0,1,1,3,3,1
1896,West Bromwich Albion,Preston North End,1,1,1,1,2,0,0
1896,Wolverhampton Wanderers,Preston North End,1,1,1,1,2,0,0
1896,Wolverhampton Wanderers,Stoke City,1,2,1,1,3,-1,0
1896,Arsenal,Newcastle United,5,1,2,2,6,4,1
1896,Birmingham City,Burton Wanderers,3,2,2,2,5,1,1
1896,Birmingham City,Newcastle United,3,1,2,2,4,2,1
1896,Blackpool,Burton Wanderers,5,0,2,2,5,5,1
1896,Blackpool,Loughborough,4,1,2,2,5,3,1
1896,Blackpool,Newcastle United,4,1,2,2,5,3,1
1896,Burton Swifts,Arsenal,1,2,2,2,3,-1,0
1896,Burton Wanderers,Burton Swifts,1,0,2,2,1,1,1
1896,Burton Wanderers,Newcastle United,0,1,2,2,1,-1,0
1896,Darwen,Arsenal,4,1,2,2,5,3,1
1896,Darwen,Loughborough,5,1,2,2,6,4,1
1896,Gainsborough Trinity,Burton Swifts,4,1,2,2,5,3,1
1896,Grimsby Town,Arsenal,3,1,2,2,4,2,1
1896,Grimsby Town,Burton Swifts,3,0,2,2,3,3,1
1896,Grimsby Town,Loughborough,8,1,2,2,9,7,1
1896,Leicester City,Arsenal,6,3,2,2,9,3,1
1896,Leicester City,Gainsborough Trinity,0,0,2,2,0,0,0
1896,Lincoln City,Gainsborough Trinity,0,2,2,2,2,-2,0
1896,Lincoln City,Loughborough,0,2,2,2,2,-2,0
1896,Loughborough,Burton Swifts,0,2,2,2,2,-2,0
1896,Loughborough,Lincoln City,3,0,2,2,3,3,1
1896,Loughborough,Newcastle United,3,0,2,2,3,3,1
1896,Manchester City,Newcastle United,1,2,2,2,3,-1,0
1896,Manchester United,Lincoln City,3,1,2,2,4,2,1
1896,Newcastle United,Lincoln City,2,1,2,2,3,1,1
1896,Newcastle United,Manchester United,2,0,2,2,2,2,1
1896,Notts County,Arsenal,7,4,2,2,11,3,1
1896,Notts County,Gainsborough Trinity,2,0,2,2,2,2,1
1896,Notts County,Manchester United,3,0,2,2,3,3,1
1896,Walsall,Arsenal,5,3,2,2,8,2,1
1896,Walsall,Burton Swifts,5,2,2,2,7,3,1
1896,Walsall,Gainsborough Trinity,1,1,2,2,2,0,0
1896,Walsall,Lincoln City,5,0,2,2,5,5,1
1896,Walsall,Manchester United,2,3,2,2,5,-1,0
1897,Aston Villa,Blackburn Rovers,5,1,1,1,6,4,1
1897,Aston Villa,Nottingham Forest,2,0,1,1,2,2,1
1897,Aston Villa,Sheffield United,1,2,1,1,3,-1,0
1897,Blackburn Rovers,Derby County,1,1,1,1,2,0,0
1897,Blackburn Rovers,Nottingham Forest,1,1,1,1,2,0,0
1897,Blackburn Rovers,Sheffield United,1,1,1,1,2,0,0
1897,Blackburn Rovers,Sunderland,2,1,1,1,3,1,1
1897,Bolton Wanderers,Derby County,3,3,1,1,6,0,0
1897,Bolton Wanderers,Sunderland,1,0,1,1,1,1,1
1897,Bury,Derby County,4,0,1,1,4,4,1
1897,Derby County,Aston Villa,3,1,1,1,4,2,1
1897,Derby County,Sheffield United,1,1,1,1,2,0,0
1897,Derby County,Sunderland,2,2,1,1,4,0,0
1897,Everton,Aston Villa,2,1,1,1,3,1,1
1897,Everton,Bury,4,2,1,1,6,2,1
1897,Everton,Nottingham Forest,2,0,1,1,2,2,1
1897,Everton,Sheffield United,1,4,1,1,5,-3,0
1897,Everton,Sunderland,2,0,1,1,2,2,1
1897,Liverpool,Bury,2,2,1,1,4,0,0
1897,Liverpool,Sheffield United,0,4,1,1,4,-4,0
1897,Liverpool,Sunderland,0,2,1,1,2,-2,0
1897,Nottingham Forest,Liverpool,2,3,1,1,5,-1,0
1897,Nottingham Forest,Sheffield United,1,1,1,1,2,0,0
1897,Notts County,Bury,2,1,1,1,3,1,1
1897,Notts County,Liverpool,3,2,1,1,5,1,1
1897,Notts County,Sheffield United,1,3,1,1,4,-2,0
1897,Notts County,Sunderland,0,1,1,1,1,-1,0
1897,Preston North End,Liverpool,1,1,1,1,2,0,0
1897,Preston North End,Sheffield United,1,3,1,1,4,-2,0
1897,Preston North End,Sunderland,2,0,1,1,2,2,1
1897,Sheffield United,Aston Villa,1,0,1,1,1,1,1
1897,Sheffield United,Bury,1,1,1,1,2,0,0
1897,Sheffield United,Liverpool,1,2,1,1,3,-1,0
1897,Sheffield United,Preston North End,2,1,1,1,3,1,1
1897,Sheffield Wednesday,Aston Villa,3,0,1,1,3,3,1
1897,Sheffield Wednesday,Bury,3,0,1,1,3,3,1
1897,Stoke City,Preston North End,1,2,1,1,3,-1,0
1897,Stoke City,Sunderland,0,1,1,1,1,-1,0
1897,Sunderland,Bury,2,1,1,1,3,1,1
1897,Sunderland,Liverpool,1,0,1,1,1,1,1
1897,Sunderland,Stoke City,4,0,1,1,4,4,1
1897,West Bromwich Albion,Bury,1,0,1,1,1,1,1
1897,West Bromwich Albion,Preston North End,3,1,1,1,4,2,1
1897,Arsenal,Birmingham City,4,2,2,2,6,2,1
1897,Arsenal,Burton Swifts,3,0,2,2,3,3,1
1897,Arsenal,Grimsby Town,4,1,2,2,5,3,1
1897,Arsenal,Loughborough,4,0,2,2,4,4,1
1897,Birmingham City,Arsenal,2,1,2,2,3,1,1
1897,Birmingham City,Manchester United,2,1,2,2,3,1,1
1897,Blackpool,Loughborough,4,0,2,2,4,4,1
1897,Burnley,Burton Swifts,2,0,2,2,2,2,1
1897,Burnley,Grimsby Town,6,0,2,2,6,6,1
1897,Burnley,Loughborough,9,3,2,2,12,6,1
1897,Burnley,Manchester United,6,3,2,2,9,3,1
1897,Burton Swifts,Grimsby Town,4,0,2,2,4,4,1
1897,Burton Swifts,Loughborough,3,0,2,2,3,3,1
1897,Burton Swifts,Manchester United,0,4,2,2,4,-4,0
1897,Darwen,Arsenal,1,4,2,2,5,-3,0
1897,Gainsborough Trinity,Arsenal,1,0,2,2,1,1,1
1897,Gainsborough Trinity,Burnley,0,0,2,2,0,0,0
1897,Gainsborough Trinity,Grimsby Town,2,0,2,2,2,2,1
1897,Grimsby Town,Arsenal,1,4,2,2,5,-3,0
1897,Grimsby Town,Burnley,2,1,2,2,3,1,1
1897,Grimsby Town,Loughborough,7,0,2,2,7,7,1
1897,Leicester City,Gainsborough Trinity,3,1,2,2,4,2,1
1897,Leicester City,Loughborough,4,0,2,2,4,4,1
1897,Lincoln City,Gainsborough Trinity,2,1,2,2,3,1,1
1897,Lincoln City,Loughborough,2,3,2,2,5,-1,0
1897,Loughborough,Arsenal,1,3,2,2,4,-2,0
1897,Loughborough,Gainsborough Trinity,0,5,2,2,5,-5,0
1897,Loughborough,Lincoln City,4,2,2,2,6,2,1
1897,Luton Town,Arsenal,0,2,2,2,2,-2,0
1897,Luton Town,Gainsborough Trinity,4,0,2,2,4,4,1
1897,Luton Town,Lincoln City,9,3,2,2,12,6,1
1897,Manchester City,Arsenal,4,1,2,2,5,3,1
1897,Manchester City,Lincoln City,3,1,2,2,4,2,1
1897,Manchester City,Manchester United,0,1,2,2,1,-1,0
1897,Manchester United,Burnley,0,0,2,2,0,0,0
1897,Newcastle United,Gainsborough Trinity,5,2,2,2,7,3,1
1897,Newcastle United,Lincoln City,3,0,2,2,3,3,1
1897,Walsall,Burnley,1,2,2,2,3,-1,0
1897,Walsall,Lincoln City,3,1,2,2,4,2,1
1897,Walsall,Manchester City,2,2,2,2,4,0,0
1898,Aston Villa,Bury,3,2,1,1,5,1,1
1898,Aston Villa,Liverpool,5,0,1,1,5,5,1
1898,Aston Villa,West Bromwich Albion,7,1,1,1,8,6,1
1898,Blackburn Rovers,Bolton Wanderers,4,1,1,1,5,3,1
1898,Blackburn Rovers,Derby County,3,0,1,1,3,3,1
1898,Blackburn Rovers,Newcastle United,4,2,1,1,6,2,1
1898,Blackburn Rovers,Preston North End,2,2,1,1,4,0,0
1898,Blackburn Rovers,Stoke City,4,1,1,1,5,3,1
1898,Blackburn Rovers,Wolverhampton Wanderers,2,2,1,1,4,0,0
1898,Bolton Wanderers,Everton,2,4,1,1,6,-2,0
1898,Bolton Wanderers,Sheffield United,3,0,1,1,3,3,1
1898,Burnley,Aston Villa,2,4,1,1,6,-2,0
1898,Burnley,Bury,2,1,1,1,3,1,1
1898,Burnley,Liverpool,2,1,1,1,3,1,1
1898,Burnley,Notts County,1,1,1,1,2,0,0
1898,Burnley,Sheffield Wednesday,5,0,1,1,5,5,1
1898,Burnley,West Bromwich Albion,1,1,1,1,2,0,0
1898,Bury,Blackburn Rovers,3,2,1,1,5,1,1
1898,Bury,Newcastle United,1,1,1,1,2,0,0
1898,Bury,Stoke City,5,2,1,1,7,3,1
1898,Bury,Wolverhampton Wanderers,0,2,1,1,2,-2,0
1898,Derby County,Bolton Wanderers,1,1,1,1,2,0,0
1898,Everton,Liverpool,1,2,1,1,3,-1,0
1898,Everton,Sheffield Wednesday,2,0,1,1,2,2,1
1898,Liverpool,Wolverhampton Wanderers,1,0,1,1,1,1,1
1898,Newcastle United,Bolton Wanderers,4,1,1,1,5,3,1
1898,Newcastle United,Derby County,2,0,1,1,2,2,1
1898,Nottingham Forest,Everton,0,0,1,1,0,0,0
1898,Nottingham Forest,Sheffield Wednesday,1,1,1,1,2,0,0
1898,Notts County,Blackburn Rovers,5,3,1,1,8,2,1
1898,Notts County,Bury,4,1,1,1,5,3,1
1898,Notts County,Liverpool,1,1,1,1,2,0,0
1898,Notts County,Preston North End,1,0,1,1,1,1,1
1898,Notts County,Stoke City,2,0,1,1,2,2,1
1898,Notts County,Wolverhampton Wanderers,0,2,1,1,2,-2,0
1898,Preston North End,Derby County,3,1,1,1,4,2,1
1898,Sheffield United,Aston Villa,1,3,1,1,4,-2,0
1898,Sheffield United,Everton,1,1,1,1,2,0,0
1898,Sheffield Wednesday,Bury,3,2,1,1,5,1,1
1898,Sheffield Wednesday,Liverpool,0,3,1,1,3,-3,0
1898,Sheffield Wednesday,Wolverhampton Wanderers,3,0,1,1,3,3,1
1898,Stoke City,Derby County,0,0,1,1,0,0,0
1898,Sunderland,Nottingham Forest,1,1,1,1,2,0,0
1898,Sunderland,Sheffield United,1,0,1,1,1,1,1
1898,Sunderland,West Bromwich Albion,2,0,1,1,2,2,1
1898,West Bromwich Albion,Bury,2,0,1,1,2,2,1
1898,West Bromwich Albion,Sheffield Wednesday,2,0,1,1,2,2,1
1898,West Bromwich Albion,Wolverhampton Wanderers,1,2,1,1,3,-1,0
1898,Wolverhampton Wanderers,Bolton Wanderers,1,0,1,1,1,1,1
1898,Barnsley,Loughborough,9,0,2,2,9,9,1
1898,Barnsley,Manchester United,0,2,2,2,2,-2,0
1898,Birmingham City,Leicester City,0,3,2,2,3,-3,0
1898,Birmingham City,New Brighton Tower,3,2,2,2,5,1,1
1898,Blackpool,Burton Swifts,3,0,2,2,3,3,1
1898,Blackpool,Glossop North End,1,2,2,2,3,-1,0
1898,Blackpool,Lincoln City,3,0,2,2,3,3,1
1898,Blackpool,Manchester City,2,4,2,2,6,-2,0
1898,Blackpool,Port Vale,0,4,2,2,4,-4,0
1898,Burton Swifts,Barnsley,5,0,2,2,5,5,1
1898,Burton Swifts,Darwen,4,0,2,2,4,4,1
1898,Burton Swifts,Loughborough,1,1,2,2,2,0,0
1898,Gainsborough Trinity,Arsenal,0,1,2,2,1,-1,0
1898,Gainsborough Trinity,Glossop North End,2,4,2,2,6,-2,0
1898,Gainsborough Trinity,Lincoln City,2,2,2,2,4,0,0
1898,Gainsborough Trinity,Manchester City,3,1,2,2,4,2,1
1898,Gainsborough Trinity,Port Vale,3,2,2,2,5,1,1
1898,Glossop North End,Grimsby Town,4,2,2,2,6,2,1
1898,Glossop North End,Loughborough,4,0,2,2,4,4,1
1898,Grimsby Town,Birmingham City,2,0,2,2,2,2,1
1898,Grimsby Town,Darwen,9,2,2,2,11,7,1
1898,Grimsby Town,Leicester City,1,0,2,2,1,1,1
1898,Leicester City,Arsenal,2,1,2,2,3,1,1
1898,Leicester City,Blackpool,4,0,2,2,4,4,1
1898,Lincoln City,Loughborough,6,0,2,2,6,6,1
1898,Lincoln City,Manchester United,2,0,2,2,2,2,1
1898,Loughborough,Darwen,10,0,2,2,10,10,1
1898,Loughborough,Luton Town,4,1,2,2,5,3,1
1898,Luton Town,Leicester City,1,6,2,2,7,-5,0
1898,Manchester City,Burton Swifts,6,0,2,2,6,6,1
1898,Manchester City,Lincoln City,3,1,2,2,4,2,1
1898,Manchester City,Manchester United,4,0,2,2,4,4,1
1898,Manchester United,Birmingham City,2,0,2,2,2,2,1
1898,Manchester United,Darwen,9,0,2,2,9,9,1
1898,Manchester United,Grimsby Town,3,2,2,2,5,1,1
1898,Manchester United,Loughborough,6,1,2,2,7,5,1
1898,New Brighton Tower,Blackpool,4,0,2,2,4,4,1
1898,New Brighton Tower,Gainsborough Trinity,3,2,2,2,5,1,1
1898,Port Vale,Barnsley,2,0,2,2,2,2,1
1898,Port Vale,Burton Swifts,4,1,2,2,5,3,1
1898,Port Vale,Lincoln City,2,1,2,2,3,1,1
1898,Port Vale,Manchester City,1,1,2,2,2,0,0
1898,Walsall,Darwen,10,0,2,2,10,10,1
1898,Walsall,Grimsby Town,4,1,2,2,5,3,1
1898,Walsall,Loughborough,7,0,2,2,7,7,1
1899,Aston Villa,Blackburn Rovers,3,1,1,1,4,2,1
1899,Aston Villa,Liverpool,1,0,1,1,1,1,1
1899,Aston Villa,West Bromwich Albion,0,2,1,1,2,-2,0
1899,Blackburn Rovers,Burnley,2,0,1,1,2,2,1
1899,Blackburn Rovers,Manchester City,4,3,1,1,7,1,1
1899,Blackburn Rovers,Notts County,2,0,1,1,2,2,1
1899,Blackburn Rovers,Stoke City,3,0,1,1,3,3,1
1899,Burnley,Bury,1,0,1,1,1,1,1
1899,Bury,Derby County,1,1,1,1,2,0,0
1899,Bury,Liverpool,2,1,1,1,3,1,1
1899,Bury,Nottingham Forest,2,1,1,1,3,1,1
1899,Bury,Sheffield United,2,1,1,1,3,1,1
1899,Bury,West Bromwich Albion,1,0,1,1,1,1,1
1899,Derby County,Manchester City,0,0,1,1,0,0,0
1899,Derby County,Stoke City,2,0,1,1,2,2,1
1899,Derby County,Wolverhampton Wanderers,0,2,1,1,2,-2,0
1899,Everton,Burnley,2,0,1,1,2,2,1
1899,Everton,Glossop North End,4,1,1,1,5,3,1
1899,Everton,Newcastle United,3,2,1,1,5,1,1
1899,Everton,Sunderland,1,0,1,1,1,1,1
1899,Glossop North End,Aston Villa,1,0,1,1,1,1,1
1899,Glossop North End,Bury,0,0,1,1,0,0,0
1899,Glossop North End,Nottingham Forest,3,0,1,1,3,3,1
1899,Liverpool,Derby County,0,2,1,1,2,-2,0
1899,Liverpool,Manchester City,5,2,1,1,7,3,1
1899,Liverpool,Notts County,3,1,1,1,4,2,1
1899,Liverpool,Stoke City,0,0,1,1,0,0,0
1899,Manchester City,Newcastle United,1,0,1,1,1,1,1
1899,Manchester City,Preston North End,3,1,1,1,4,2,1
1899,Newcastle United,Bury,2,1,1,1,3,1,1
1899,Newcastle United,Nottingham Forest,3,1,1,1,4,2,1
1899,Newcastle United,Sheffield United,0,0,1,1,0,0,0
1899,Newcastle United,West Bromwich Albion,4,2,1,1,6,2,1
1899,Nottingham Forest,Blackburn Rovers,3,2,1,1,5,1,1
1899,Nottingham Forest,Derby County,4,1,1,1,5,3,1
1899,Nottingham Forest,Stoke City,1,0,1,1,1,1,1
1899,Notts County,Manchester City,1,1,1,1,2,0,0
1899,Notts County,Preston North End,3,0,1,1,3,3,1
1899,Notts County,Sunderland,3,1,1,1,4,2,1
1899,Preston North End,Aston Villa,0,5,1,1,5,-5,0
1899,Preston North End,Newcastle United,4,1,1,1,5,3,1
1899,Preston North End,Sheffield United,0,1,1,1,1,-1,0
1899,Preston North End,West Bromwich Albion,5,2,1,1,7,3,1
1899,Sheffield United,Liverpool,1,2,1,1,3,-1,0
1899,Sheffield United,Nottingham Forest,3,0,1,1,3,3,1
1899,Sheffield United,Wolverhampton Wanderers,5,2,1,1,7,3,1
1899,Stoke City,Notts County,1,0,1,1,1,1,1
1899,Sunderland,Aston Villa,0,1,1,1,1,-1,0
1899,Sunderland,Bury,1,0,1,1,1,1,1
1899,West Bromwich Albion,Blackburn Rovers,1,0,1,1,1,1,1
1899,West Bromwich Albion,Nottingham Forest,8,0,1,1,8,8,1
1899,West Bromwich Albion,Sheffield United,1,2,1,1,3,-1,0
1899,Wolverhampton Wanderers,Everton,2,1,1,1,3,1,1
1899,Wolverhampton Wanderers,Manchester City,1,1,1,1,2,0,0
1899,Wolverhampton Wanderers,Notts County,2,2,1,1,4,0,0
1899,Arsenal,Grimsby Town,2,0,2,2,2,2,1
1899,Arsenal,Sheffield Wednesday,1,2,2,2,3,-1,0
1899,Barnsley,Leicester City,1,2,2,2,3,-1,0
1899,Barnsley,Luton Town,2,1,2,2,3,1,1
1899,Birmingham City,Bolton Wanderers,0,0,2,2,0,0,0
1899,Birmingham City,Gainsborough Trinity,8,1,2,2,9,7,1
1899,Bolton Wanderers,Arsenal,1,0,2,2,1,1,1
1899,Bolton Wanderers,Burton Swifts,5,0,2,2,5,5,1
1899,Bolton Wanderers,Grimsby Town,1,2,2,2,3,-1,0
1899,Bolton Wanderers,Sheffield Wednesday,1,0,2,2,1,1,1
1899,Burton Swifts,Barnsley,4,0,2,2,4,4,1
1899,Burton Swifts,New Brighton Tower,2,2,2,2,4,0,0
1899,Chesterfield,Birmingham City,0,0,2,2,0,0,0
1899,Chesterfield,Lincoln City,2,2,2,2,4,0,0
1899,Gainsborough Trinity,Bolton Wanderers,1,1,2,2,2,0,0
1899,Gainsborough Trinity,Grimsby Town,2,3,2,2,5,-1,0
1899,Gainsborough Trinity,Middlesbrough,5,0,2,2,5,5,1
1899,Gainsborough Trinity,Sheffield Wednesday,0,2,2,2,2,-2,0
1899,Grimsby Town,Barnsley,8,1,2,2,9,7,1
1899,Grimsby Town,Luton Town,3,3,2,2,6,0,0
1899,Grimsby Town,New Brighton Tower,1,2,2,2,3,-1,0
1899,Leicester City,Birmingham City,2,0,2,2,2,2,1
1899,Leicester City,Lincoln City,2,0,2,2,2,2,1
1899,Leicester City,Port Vale,2,0,2,2,2,2,1
1899,Lincoln City,Arsenal,5,0,2,2,5,5,1
1899,Lincoln City,Bolton Wanderers,1,0,2,2,1,1,1
1899,Lincoln City,Loughborough,3,2,2,2,5,1,1
1899,Loughborough,Luton Town,1,1,2,2,2,0,0
1899,Luton Town,Chesterfield,0,3,2,2,3,-3,0
1899,Luton Town,Manchester United,0,1,2,2,1,-1,0
1899,Luton Town,Port Vale,1,1,2,2,2,0,0
1899,Manchester United,Arsenal,2,0,2,2,2,2,1
1899,Manchester United,Bolton Wanderers,1,2,2,2,3,-1,0
1899,Manchester United,Gainsborough Trinity,2,2,2,2,4,0,0
1899,Manchester United,Lincoln City,1,0,2,2,1,1,1
1899,Middlesbrough,Grimsby Town,1,0,2,2,1,1,1
1899,Middlesbrough,Loughborough,3,0,2,2,3,3,1
1899,Middlesbrough,New Brighton Tower,5,2,2,2,7,3,1
1899,New Brighton Tower,Chesterfield,2,3,2,2,5,-1,0
1899,New Brighton Tower,Luton Town,5,1,2,2,6,4,1
1899,New Brighton Tower,Port Vale,2,0,2,2,2,2,1
1899,Port Vale,Bolton Wanderers,0,2,2,2,2,-2,0
1899,Port Vale,Gainsborough Trinity,1,0,2,2,1,1,1
1899,Port Vale,Lincoln City,2,0,2,2,2,2,1
1899,Sheffield Wednesday,Barnsley,5,1,2,2,6,4,1
1899,Sheffield Wednesday,Loughborough,5,0,2,2,5,5,1
1899,Sheffield Wednesday,Walsall,2,0,2,2,2,2,1
1899,Walsall,Birmingham City,1,0,2,2,1,1,1
1899,Walsall,Chesterfield,6,3,2,2,9,3,1
1899,Walsall,Luton Town,7,3,2,2,10,4,1
1899,Walsall,New Brighton Tower,2,1,2,2,3,1,1
1900,Aston Villa,Blackburn Rovers,3,3,1,1,6,0,0
1900,Aston Villa,Derby County,2,1,1,1,3,1,1
1900,Aston Villa,Notts County,1,2,1,1,3,-1,0
1900,Aston Villa,Sheffield Wednesday,2,1,1,1,3,1,1
1900,Blackburn Rovers,Newcastle United,0,0,1,1,0,0,0
1900,Blackburn Rovers,Stoke City,3,2,1,1,5,1,1
1900,Bolton Wanderers,Bury,3,2,1,1,5,1,1
1900,Bolton Wanderers,Sheffield United,0,0,1,1,0,0,0
1900,Bolton Wanderers,Sunderland,0,0,1,1,0,0,0
1900,Bury,Notts County,1,0,1,1,1,1,1
1900,Bury,Sheffield Wednesday,2,0,1,1,2,2,1
1900,Derby County,Newcastle United,1,1,1,1,2,0,0
1900,Derby County,Preston North End,0,0,1,1,0,0,0
1900,Everton,Bolton Wanderers,2,3,1,1,5,-1,0
1900,Everton,Liverpool,1,1,1,1,2,0,0
1900,Everton,Sheffield United,3,1,1,1,4,2,1
1900,Everton,Sunderland,1,0,1,1,1,1,1
1900,Liverpool,Aston Villa,5,1,1,1,6,4,1
1900,Liverpool,Bury,1,0,1,1,1,1,1
1900,Liverpool,Manchester City,3,1,1,1,4,2,1
1900,Liverpool,Notts County,1,0,1,1,1,1,1
1900,Liverpool,Sheffield Wednesday,1,1,1,1,2,0,0
1900,Liverpool,West Bromwich Albion,5,0,1,1,5,5,1
1900,Manchester City,Newcastle United,2,1,1,1,3,1,1
1900,Manchester City,Stoke City,2,0,1,1,2,2,1
1900,Manchester City,Wolverhampton Wanderers,3,2,1,1,5,1,1
1900,Newcastle United,Bolton Wanderers,3,0,1,1,3,3,1
1900,Newcastle United,Everton,1,0,1,1,1,1,1
1900,Newcastle United,Nottingham Forest,0,0,1,1,0,0,0
1900,Newcastle United,Sunderland,0,2,1,1,2,-2,0
1900,Nottingham Forest,Bury,1,1,1,1,2,0,0
1900,Nottingham Forest,Notts County,5,0,1,1,5,5,1
1900,Notts County,Derby County,2,1,1,1,3,1,1
1900,Notts County,Manchester City,0,0,1,1,0,0,0
1900,Notts County,Wolverhampton Wanderers,4,1,1,1,5,3,1
1900,Preston North End,Everton,1,2,1,1,3,-1,0
1900,Preston North End,Newcastle United,0,1,1,1,1,-1,0
1900,Preston North End,Sunderland,1,1,1,1,2,0,0
1900,Sheffield United,Bury,0,3,1,1,3,-3,0
1900,Sheffield United,Nottingham Forest,0,1,1,1,1,-1,0
1900,Sheffield United,Sheffield Wednesday,1,0,1,1,1,1,1
1900,Sheffield Wednesday,Blackburn Rovers,1,1,1,1,2,0,0
1900,Sheffield Wednesday,Manchester City,4,1,1,1,5,3,1
1900,Sheffield Wednesday,Stoke City,4,0,1,1,4,4,1
1900,Sheffield Wednesday,Wolverhampton Wanderers,2,0,1,1,2,2,1
1900,Stoke City,Everton,0,2,1,1,2,-2,0
1900,Sunderland,Aston Villa,0,0,1,1,0,0,0
1900,Sunderland,Liverpool,0,1,1,1,1,-1,0
1900,Sunderland,Nottingham Forest,0,1,1,1,1,-1,0
1900,Sunderland,Sheffield United,3,0,1,1,3,3,1
1900,Sunderland,West Bromwich Albion,3,0,1,1,3,3,1
1900,West Bromwich Albion,Manchester City,3,2,1,1,5,1,1
1900,West Bromwich Albion,Wolverhampton Wanderers,1,2,1,1,3,-1,0
1900,Wolverhampton Wanderers,Bolton Wanderers,1,1,1,1,2,0,0
1900,Wolverhampton Wanderers,Preston North End,2,2,1,1,4,0,0
1900,Arsenal,Burnley,3,1,2,2,4,2,1
1900,Arsenal,Gainsborough Trinity,2,1,2,2,3,1,1
1900,Arsenal,Leicester City,2,1,2,2,3,1,1
1900,Barnsley,Birmingham City,1,2,2,2,3,-1,0
1900,Barnsley,Lincoln City,0,0,2,2,0,0,0
1900,Barnsley,New Brighton Tower,1,1,2,2,2,0,0
1900,Birmingham City,Chesterfield,0,0,2,2,0,0,0
1900,Birmingham City,Grimsby Town,2,1,2,2,3,1,1
1900,Blackpool,Gainsborough Trinity,1,1,2,2,2,0,0
1900,Blackpool,Middlesbrough,3,0,2,2,3,3,1
1900,Blackpool,Stockport County,3,0,2,2,3,3,1
1900,Burnley,Barnsley,4,0,2,2,4,4,1
1900,Burnley,Burton Swifts,2,1,2,2,3,1,1
1900,Burnley,Glossop North End,5,1,2,2,6,4,1
1900,Burnley,Lincoln City,1,0,2,2,1,1,1
1900,Burnley,New Brighton Tower,2,1,2,2,3,1,1
1900,Burnley,Walsall,0,0,2,2,0,0,0
1900,Burton Swifts,Birmingham City,0,2,2,2,2,-2,0
1900,Chesterfield,Arsenal,0,1,2,2,1,-1,0
1900,Chesterfield,Gainsborough Trinity,2,2,2,2,4,0,0
1900,Chesterfield,Leicester City,1,0,2,2,1,1,1
1900,Chesterfield,Middlesbrough,2,3,2,2,5,-1,0
1900,Gainsborough Trinity,Barnsley,4,2,2,2,6,2,1
1900,Gainsborough Trinity,Burnley,3,0,2,2,3,3,1
1900,Gainsborough Trinity,Walsall,1,0,2,2,1,1,1
1900,Glossop North End,Burton Swifts,3,0,2,2,3,3,1
1900,Glossop North End,Grimsby Town,0,0,2,2,0,0,0
1900,Glossop North End,Port Vale,1,2,2,2,3,-1,0
1900,Grimsby Town,Arsenal,1,0,2,2,1,1,1
1900,Grimsby Town,Chesterfield,5,2,2,2,7,3,1
1900,Grimsby Town,Leicester City,4,1,2,2,5,3,1
1900,Grimsby Town,Middlesbrough,2,0,2,2,2,2,1
1900,Leicester City,Gainsborough Trinity,1,0,2,2,1,1,1
1900,Leicester City,New Brighton Tower,1,1,2,2,2,0,0
1900,Leicester City,Walsall,5,0,2,2,5,5,1
1900,Lincoln City,Manchester United,2,0,2,2,2,2,1
1900,Lincoln City,Port Vale,2,2,2,2,4,0,0
1900,Manchester United,Blackpool,4,0,2,2,4,4,1
1900,Middlesbrough,Barnsley,3,0,2,2,3,3,1
1900,Middlesbrough,Burnley,0,0,2,2,0,0,0
1900,Middlesbrough,Leicester City,2,1,2,2,3,1,1
1900,Middlesbrough,Walsall,2,1,2,2,3,1,1
1900,New Brighton Tower,Burton Swifts,3,1,2,2,4,2,1
1900,New Brighton Tower,Lincoln City,2,0,2,2,2,2,1
1900,New Brighton Tower,Port Vale,1,1,2,2,2,0,0
1900,Port Vale,Arsenal,1,0,2,2,1,1,1
1900,Port Vale,Grimsby Town,0,0,2,2,0,0,0
1900,Port Vale,Manchester United,2,0,2,2,2,2,1
1900,Stockport County,Barnsley,2,1,2,2,3,1,1
1900,Stockport County,Gainsborough Trinity,1,2,2,2,3,-1,0
1900,Walsall,Burton Swifts,1,5,2,2,6,-4,0
1900,Walsall,Glossop North End,2,1,2,2,3,1,1
1901,Aston Villa,Grimsby Town,4,1,1,1,5,3,1
1901,Aston Villa,Newcastle United,0,0,1,1,0,0,0
1901,Birmingham City,Blackburn Rovers,2,0,1,1,2,2,1
1901,Birmingham City,Derby County,5,1,1,1,6,4,1
1901,Birmingham City,Sheffield Wednesday,1,1,1,1,2,0,0
1901,Birmingham City,Wolverhampton Wanderers,1,2,1,1,3,-1,0
1901,Blackburn Rovers,Bolton Wanderers,2,0,1,1,2,2,1
1901,Blackburn Rovers,Manchester City,1,4,1,1,5,-3,0
1901,Blackburn Rovers,Stoke City,6,1,1,1,7,5,1
1901,Bolton Wanderers,Aston Villa,2,2,1,1,4,0,0
1901,Bolton Wanderers,Grimsby Town,4,0,1,1,4,4,1
1901,Bolton Wanderers,Sheffield United,1,0,1,1,1,1,1
1901,Bury,Birmingham City,2,0,1,1,2,2,1
1901,Derby County,Blackburn Rovers,1,1,1,1,2,0,0
1901,Derby County,Everton,3,1,1,1,4,2,1
1901,Derby County,Manchester City,2,0,1,1,2,2,1
1901,Everton,Aston Villa,2,3,1,1,5,-1,0
1901,Everton,Newcastle United,0,0,1,1,0,0,0
1901,Everton,Sunderland,2,0,1,1,2,2,1
1901,Grimsby Town,Birmingham City,1,0,1,1,1,1,1
1901,Grimsby Town,Bury,2,0,1,1,2,2,1
1901,Grimsby Town,Sheffield Wednesday,3,1,1,1,4,2,1
1901,Grimsby Town,Wolverhampton Wanderers,3,0,1,1,3,3,1
1901,Liverpool,Derby County,0,2,1,1,2,-2,0
1901,Liverpool,Manchester City,4,0,1,1,4,4,1
1901,Liverpool,Notts County,0,1,1,1,1,-1,0
1901,Manchester City,Aston Villa,1,0,1,1,1,1,1
1901,Manchester City,Bolton Wanderers,1,0,1,1,1,1,1
1901,Manchester City,Sunderland,0,3,1,1,3,-3,0
1901,Newcastle United,Birmingham City,2,0,1,1,2,2,1
1901,Newcastle United,Bury,1,1,1,1,2,0,0
1901,Newcastle United,Grimsby Town,5,1,1,1,6,4,1
1901,Newcastle United,Sheffield Wednesday,2,1,1,1,3,1,1
1901,Nottingham Forest,Notts County,1,0,1,1,1,1,1
1901,Notts County,Aston Villa,0,3,1,1,3,-3,0
1901,Notts County,Everton,0,2,1,1,2,-2,0
1901,Notts County,Sunderland,2,0,1,1,2,2,1
1901,Sheffield United,Birmingham City,1,4,1,1,5,-3,0
1901,Sheffield United,Bury,3,1,1,1,4,2,1
1901,Sheffield United,Newcastle United,1,0,1,1,1,1,1
1901,Sheffield United,Sheffield Wednesday,3,0,1,1,3,3,1
1901,Sheffield United,Wolverhampton Wanderers,0,0,1,1,0,0,0
1901,Sheffield Wednesday,Derby County,2,0,1,1,2,2,1
1901,Sheffield Wednesday,Liverpool,1,1,1,1,2,0,0
1901,Sheffield Wednesday,Stoke City,3,1,1,1,4,2,1
1901,Stoke City,Manchester City,3,0,1,1,3,3,1
1901,Stoke City,Sunderland,3,0,1,1,3,3,1
1901,Sunderland,Grimsby Town,3,1,1,1,4,2,1
1901,Sunderland,Sheffield United,3,1,1,1,4,2,1
1901,Wolverhampton Wanderers,Blackburn Rovers,3,1,1,1,4,2,1
1901,Wolverhampton Wanderers,Sheffield Wednesday,1,0,1,1,1,1,1
1901,Arsenal,Barnsley,2,1,2,2,3,1,1
1901,Arsenal,Burnley,4,0,2,2,4,4,1
1901,Arsenal,Middlesbrough,0,3,2,2,3,-3,0
1901,Arsenal,Stockport County,3,0,2,2,3,3,1
1901,Barnsley,Blackpool,2,0,2,2,2,2,1
1901,Barnsley,Burton United,3,2,2,2,5,1,1
1901,Barnsley,Lincoln City,2,2,2,2,4,0,0
1901,Barnsley,Port Vale,4,0,2,2,4,4,1
1901,Barnsley,West Bromwich Albion,0,2,2,2,2,-2,0
1901,Blackpool,Manchester United,2,4,2,2,6,-2,0
1901,Bristol City,Arsenal,0,3,2,2,3,-3,0
1901,Bristol City,Doncaster Rovers,3,0,2,2,3,3,1
1901,Bristol City,Stockport County,3,0,2,2,3,3,1
1901,Burnley,Burton United,0,0,2,2,0,0,0
1901,Burnley,Port Vale,4,1,2,2,5,3,1
1901,Burnley,West Bromwich Albion,0,0,2,2,0,0,0
1901,Burton United,Chesterfield,0,1,2,2,1,-1,0
1901,Burton United,Manchester United,0,0,2,2,0,0,0
1901,Burton United,Preston North End,1,1,2,2,2,0,0
1901,Chesterfield,Bristol City,1,0,2,2,1,1,1
1901,Chesterfield,Leicester City,3,3,2,2,6,0,0
1901,Chesterfield,Stockport County,8,1,2,2,9,7,1
1901,Doncaster Rovers,Burnley,3,0,2,2,3,3,1
1901,Doncaster Rovers,Lincoln City,1,1,2,2,2,0,0
1901,Doncaster Rovers,West Bromwich Albion,2,0,2,2,2,2,1
1901,Gainsborough Trinity,Glossop North End,2,1,2,2,3,1,1
1901,Glossop North End,Leicester City,1,1,2,2,2,0,0
1901,Glossop North End,Middlesbrough,1,0,2,2,1,1,1
1901,Glossop North End,Stockport County,2,1,2,2,3,1,1
1901,Leicester City,Doncaster Rovers,1,0,2,2,1,1,1
1901,Leicester City,Lincoln City,3,1,2,2,4,2,1
1901,Leicester City,Port Vale,0,1,2,2,1,-1,0
1901,Lincoln City,Blackpool,0,0,2,2,0,0,0
1901,Manchester United,Arsenal,0,1,2,2,1,-1,0
1901,Manchester United,Chesterfield,2,0,2,2,2,2,1
1901,Middlesbrough,Barnsley,2,1,2,2,3,1,1
1901,Middlesbrough,Doncaster Rovers,6,0,2,2,6,6,1
1901,Middlesbrough,Port Vale,3,0,2,2,3,3,1
1901,Middlesbrough,West Bromwich Albion,1,2,2,2,3,-1,0
1901,Port Vale,Burton United,2,1,2,2,3,1,1
1901,Port Vale,Preston North End,0,0,2,2,0,0,0
1901,Preston North End,Bristol City,0,0,2,2,0,0,0
1901,Preston North End,Chesterfield,5,0,2,2,5,5,1
1901,Stockport County,Barnsley,2,3,2,2,5,-1,0
1901,Stockport County,Doncaster Rovers,1,2,2,2,3,-1,0
1901,Stockport County,Leicester City,2,0,2,2,2,2,1
1901,Stockport County,Middlesbrough,1,3,2,2,4,-2,0
1901,Stockport County,West Bromwich Albion,0,2,2,2,2,-2,0
1901,West Bromwich Albion,Burton United,2,1,2,2,3,1,1
1901,West Bromwich Albion,Lincoln City,4,1,2,2,5,3,1
1902,Aston Villa,Blackburn Rovers,5,0,1,1,5,5,1
1902,Aston Villa,Derby County,0,0,1,1,0,0,0
1902,Aston Villa,West Bromwich Albion,0,3,1,1,3,-3,0
1902,Blackburn Rovers,Everton,3,2,1,1,5,1,1
1902,Blackburn Rovers,Notts County,1,2,1,1,3,-1,0
1902,Blackburn Rovers,Stoke City,1,1,1,1,2,0,0
1902,Bolton Wanderers,Bury,1,0,1,1,1,1,1
1902,Bolton Wanderers,Grimsby Town,0,1,1,1,1,-1,0
1902,Bolton Wanderers,Sheffield United,1,0,1,1,1,1,1
1902,Bolton Wanderers,Sunderland,2,0,1,1,2,2,1
1902,Bury,Liverpool,3,1,1,1,4,2,1
1902,Bury,Sheffield Wednesday,4,0,1,1,4,4,1
1902,Bury,West Bromwich Albion,1,2,1,1,3,-1,0
1902,Derby County,Everton,0,1,1,1,1,-1,0
1902,Derby County,Middlesbrough,3,2,1,1,5,1,1
1902,Derby County,Notts County,4,1,1,1,5,3,1
1902,Everton,Sunderland,0,3,1,1,3,-3,0
1902,Grimsby Town,Bury,2,1,1,1,3,1,1
1902,Grimsby Town,Nottingham Forest,0,1,1,1,1,-1,0
1902,Grimsby Town,West Bromwich Albion,4,0,1,1,4,4,1
1902,Liverpool,Blackburn Rovers,5,2,1,1,7,3,1
1902,Liverpool,Derby County,3,1,1,1,4,2,1
1902,Liverpool,Notts County,0,2,1,1,2,-2,0
1902,Liverpool,Stoke City,1,1,1,1,2,0,0
1902,Middlesbrough,Bolton Wanderers,4,3,1,1,7,1,1
1902,Middlesbrough,Everton,1,0,1,1,1,1,1
1902,Middlesbrough,Newcastle United,1,0,1,1,1,1,1
1902,Middlesbrough,Sheffield United,0,2,1,1,2,-2,0
1902,Newcastle United,Aston Villa,2,0,1,1,2,2,1
1902,Newcastle United,Bury,1,0,1,1,1,1,1
1902,Newcastle United,Nottingham Forest,0,2,1,1,2,-2,0
1902,Newcastle United,West Bromwich Albion,1,0,1,1,1,1,1
1902,Nottingham Forest,Blackburn Rovers,2,0,1,1,2,2,1
1902,Nottingham Forest,Liverpool,1,0,1,1,1,1,1
1902,Nottingham Forest,Stoke City,1,3,1,1,4,-2,0
1902,Notts County,Bolton Wanderers,1,3,1,1,4,-2,0
1902,Notts County,Sunderland,0,0,1,1,0,0,0
1902,Sheffield United,Aston Villa,2,4,1,1,6,-2,0
1902,Sheffield United,Bury,1,0,1,1,1,1,1
1902,Sheffield United,Sheffield Wednesday,2,3,1,1,5,-1,0
1902,Sheffield Wednesday,Derby County,0,1,1,1,1,-1,0
1902,Sheffield Wednesday,Liverpool,3,1,1,1,4,2,1
1902,Sheffield Wednesday,Nottingham Forest,1,0,1,1,1,1,1
1902,Stoke City,Middlesbrough,0,2,1,1,2,-2,0
1902,Stoke City,Sunderland,1,1,1,1,2,0,0
1902,Sunderland,Bury,3,1,1,1,4,2,1
1902,West Bromwich Albion,Blackburn Rovers,5,3,1,1,8,2,1
1902,West Bromwich Albion,Derby County,3,0,1,1,3,3,1
1902,West Bromwich Albion,Liverpool,1,2,1,1,3,-1,0
1902,West Bromwich Albion,Sheffield Wednesday,2,3,1,1,5,-1,0
1902,Wolverhampton Wanderers,Everton,1,1,1,1,2,0,0
1902,Wolverhampton Wanderers,Middlesbrough,2,0,1,1,2,2,1
1902,Wolverhampton Wanderers,Notts County,2,0,1,1,2,2,1
1902,Wolverhampton Wanderers,Stoke City,1,0,1,1,1,1,1
1902,Arsenal,Barnsley,4,0,2,2,4,4,1
1902,Arsenal,Bristol City,2,1,2,2,3,1,1
1902,Arsenal,Manchester City,1,0,2,2,1,1,1
1902,Barnsley,Leicester City,1,2,2,2,3,-1,0
1902,Barnsley,Manchester United,0,0,2,2,0,0,0
1902,Barnsley,Stockport County,2,1,2,2,3,1,1
1902,Birmingham City,Burton United,2,0,2,2,2,2,1
1902,Birmingham City,Gainsborough Trinity,1,0,2,2,1,1,1
1902,Birmingham City,Port Vale,5,1,2,2,6,4,1
1902,Blackpool,Glossop North End,2,2,2,2,4,0,0
1902,Bristol City,Doncaster Rovers,4,2,2,2,6,2,1
1902,Bristol City,Leicester City,6,1,2,2,7,5,1
1902,Bristol City,Stockport County,7,1,2,2,8,6,1
1902,Burnley,Birmingham City,2,1,2,2,3,1,1
1902,Burnley,Lincoln City,1,0,2,2,1,1,1
1902,Burton United,Blackpool,2,0,2,2,2,2,1
1902,Burton United,Glossop North End,2,1,2,2,3,1,1
1902,Chesterfield,Bristol City,3,0,2,2,3,3,1
1902,Doncaster Rovers,Gainsborough Trinity,0,0,2,2,0,0,0
1902,Doncaster Rovers,Port Vale,3,2,2,2,5,1,1
1902,Gainsborough Trinity,Arsenal,0,1,2,2,1,-1,0
1902,Gainsborough Trinity,Blackpool,0,0,2,2,0,0,0
1902,Gainsborough Trinity,Burton United,3,1,2,2,4,2,1
1902,Gainsborough Trinity,Manchester City,0,3,2,2,3,-3,0
1902,Glossop North End,Chesterfield,0,3,2,2,3,-3,0
1902,Glossop North End,Manchester United,1,3,2,2,4,-2,0
1902,Leicester City,Birmingham City,1,3,2,2,4,-2,0
1902,Leicester City,Burnley,2,1,2,2,3,1,1
1902,Leicester City,Doncaster Rovers,0,1,2,2,1,-1,0
1902,Leicester City,Lincoln City,0,0,2,2,0,0,0
1902,Lincoln City,Arsenal,2,2,2,2,4,0,0
1902,Lincoln City,Blackpool,0,2,2,2,2,-2,0
1902,Lincoln City,Burton United,4,0,2,2,4,4,1
1902,Manchester City,Bristol City,2,2,2,2,4,0,0
1902,Manchester City,Chesterfield,4,2,2,2,6,2,1
1902,Manchester United,Birmingham City,0,1,2,2,1,-1,0
1902,Manchester United,Burnley,4,0,2,2,4,4,1
1902,Manchester United,Doncaster Rovers,4,0,2,2,4,4,1
1902,Manchester United,Port Vale,2,1,2,2,3,1,1
1902,Port Vale,Blackpool,1,1,2,2,2,0,0
1902,Port Vale,Burton United,4,2,2,2,6,2,1
1902,Port Vale,Gainsborough Trinity,3,1,2,2,4,2,1
1902,Port Vale,Preston North End,0,0,2,2,0,0,0
1902,Preston North End,Bristol City,1,0,2,2,1,1,1
1902,Preston North End,Chesterfield,1,1,2,2,2,0,0
1902,Preston North End,Manchester City,0,2,2,2,2,-2,0
1902,Preston North End,Stockport County,6,1,2,2,7,5,1
1902,Stockport County,Burnley,3,0,2,2,3,3,1
1902,Stockport County,Leicester City,2,2,2,2,4,0,0
1902,Stockport County,Manchester United,2,1,2,2,3,1,1
1903,Aston Villa,Birmingham City,1,1,1,1,2,0,0
1903,Aston Villa,Derby County,3,0,1,1,3,3,1
1903,Aston Villa,West Bromwich Albion,3,1,1,1,4,2,1
1903,Birmingham City,Blackburn Rovers,2,1,1,1,3,1,1
1903,Birmingham City,Wolverhampton Wanderers,3,0,1,1,3,3,1
1903,Blackburn Rovers,Liverpool,2,3,1,1,5,-1,0
1903,Bury,Aston Villa,2,2,1,1,4,0,0
1903,Bury,Manchester City,1,3,1,1,4,-2,0
1903,Bury,Nottingham Forest,2,2,1,1,4,0,0
1903,Bury,Sheffield Wednesday,1,0,1,1,1,1,1
1903,Bury,West Bromwich Albion,2,1,1,1,3,1,1
1903,Derby County,Birmingham City,4,1,1,1,5,3,1
1903,Derby County,Stoke City,5,0,1,1,5,5,1
1903,Derby County,Wolverhampton Wanderers,2,1,1,1,3,1,1
1903,Everton,Blackburn Rovers,3,1,1,1,4,2,1
1903,Everton,Liverpool,5,2,1,1,7,3,1
1903,Everton,Newcastle United,4,1,1,1,5,3,1
1903,Everton,Sunderland,0,1,1,1,1,-1,0
1903,Liverpool,Aston Villa,1,1,1,1,2,0,0
1903,Liverpool,Nottingham Forest,0,0,1,1,0,0,0
1903,Liverpool,Sheffield Wednesday,1,3,1,1,4,-2,0
1903,Liverpool,West Bromwich Albion,1,3,1,1,4,-2,0
1903,Manchester City,Derby County,2,1,1,1,3,1,1
1903,Manchester City,Wolverhampton Wanderers,4,1,1,1,5,3,1
1903,Middlesbrough,Everton,3,0,1,1,3,3,1
1903,Middlesbrough,Newcastle United,1,3,1,1,4,-2,0
1903,Newcastle United,Aston Villa,1,1,1,1,2,0,0
1903,Newcastle United,Liverpool,1,1,1,1,2,0,0
1903,Newcastle United,West Bromwich Albion,1,0,1,1,1,1,1
1903,Nottingham Forest,Derby County,5,1,1,1,6,4,1
1903,Nottingham Forest,Notts County,0,1,1,1,1,-1,0
1903,Notts County,Middlesbrough,3,2,1,1,5,1,1
1903,Notts County,Sunderland,2,1,1,1,3,1,1
1903,Sheffield United,Bury,0,0,1,1,0,0,0
1903,Sheffield United,Liverpool,2,1,1,1,3,1,1
1903,Sheffield United,Sheffield Wednesday,1,1,1,1,2,0,0
1903,Sheffield United,West Bromwich Albion,4,0,1,1,4,4,1
1903,Sheffield Wednesday,Manchester City,1,0,1,1,1,1,1
1903,Sheffield Wednesday,Nottingham Forest,2,1,1,1,3,1,1
1903,Sheffield Wednesday,Stoke City,1,0,1,1,1,1,1
1903,Stoke City,Everton,2,3,1,1,5,-1,0
1903,Stoke City,Middlesbrough,0,0,1,1,0,0,0
1903,Stoke City,Notts County,0,2,1,1,2,-2,0
1903,Stoke City,Sunderland,3,1,1,1,4,2,1
1903,Sunderland,Bury,6,0,1,1,6,6,1
1903,Sunderland,Liverpool,2,1,1,1,3,1,1
1903,Sunderland,Newcastle United,1,1,1,1,2,0,0
1903,Sunderland,Sheffield United,2,1,1,1,3,1,1
1903,West Bromwich Albion,Birmingham City,0,1,1,1,1,-1,0
1903,West Bromwich Albion,Derby County,0,0,1,1,0,0,0
1903,West Bromwich Albion,Manchester City,2,1,1,1,3,1,1
1903,West Bromwich Albion,Nottingham Forest,1,1,1,1,2,0,0
1903,West Bromwich Albion,Sheffield Wednesday,0,1,1,1,1,-1,0
1903,West Bromwich Albion,Wolverhampton Wanderers,1,2,1,1,3,-1,0
1903,Wolverhampton Wanderers,Blackburn Rovers,1,0,1,1,1,1,1
1903,Wolverhampton Wanderers,Everton,2,2,1,1,4,0,0
1903,Wolverhampton Wanderers,Stoke City,0,0,1,1,0,0,0
1903,Arsenal,Bradford City,4,1,2,2,5,3,1
1903,Barnsley,Blackpool,2,2,2,2,4,0,0
1903,Barnsley,Grimsby Town,3,1,2,2,4,2,1
1903,Barnsley,Manchester United,0,2,2,2,2,-2,0
1903,Blackpool,Leicester City,1,2,2,2,3,-1,0
1903,Blackpool,Port Vale,1,0,2,2,1,1,1
1903,Bolton Wanderers,Lincoln City,1,2,2,2,3,-1,0
1903,Bolton Wanderers,Preston North End,0,2,2,2,2,-2,0
1903,Bradford City,Chesterfield,2,6,2,2,8,-4,0
1903,Bradford City,Grimsby Town,1,0,2,2,1,1,1
1903,Bristol City,Blackpool,5,0,2,2,5,5,1
1903,Bristol City,Leicester City,4,0,2,2,4,4,1
1903,Burnley,Arsenal,1,0,2,2,1,1,1
1903,Burnley,Burton United,2,1,2,2,3,1,1
1903,Burnley,Glossop North End,2,4,2,2,6,-2,0
1903,Burnley,Lincoln City,3,1,2,2,4,2,1
1903,Burnley,Preston North End,2,1,2,2,3,1,1
1903,Burton United,Barnsley,1,1,2,2,2,0,0
1903,Chesterfield,Gainsborough Trinity,6,1,2,2,7,5,1
1903,Chesterfield,Leicester City,2,0,2,2,2,2,1
1903,Gainsborough Trinity,Arsenal,0,2,2,2,2,-2,0
1903,Gainsborough Trinity,Bolton Wanderers,3,1,2,2,4,2,1
1903,Gainsborough Trinity,Lincoln City,0,0,2,2,0,0,0
1903,Gainsborough Trinity,Preston North End,2,0,2,2,2,2,1
1903,Glossop North End,Barnsley,7,0,2,2,7,7,1
1903,Glossop North End,Bradford City,2,0,2,2,2,2,1
1903,Glossop North End,Burton United,0,1,2,2,1,-1,0
1903,Glossop North End,Grimsby Town,1,1,2,2,2,0,0
1903,Glossop North End,Manchester United,0,5,2,2,5,-5,0
1903,Grimsby Town,Blackpool,4,0,2,2,4,4,1
1903,Grimsby Town,Bristol City,2,0,2,2,2,2,1
1903,Grimsby Town,Chesterfield,1,0,2,2,1,1,1
1903,Grimsby Town,Leicester City,4,3,2,2,7,1,1
1903,Leicester City,Bolton Wanderers,2,2,2,2,4,0,0
1903,Leicester City,Lincoln City,2,2,2,2,4,0,0
1903,Leicester City,Preston North End,1,4,2,2,5,-3,0
1903,Lincoln City,Bradford City,1,0,2,2,1,1,1
1903,Lincoln City,Glossop North End,3,1,2,2,4,2,1
1903,Lincoln City,Stockport County,3,1,2,2,4,2,1
1903,Manchester United,Port Vale,2,0,2,2,2,2,1
1903,Port Vale,Arsenal,2,3,2,2,5,-1,0
1903,Port Vale,Gainsborough Trinity,3,0,2,2,3,3,1
1903,Port Vale,Leicester City,6,2,2,2,8,4,1
1903,Preston North End,Barnsley,1,1,2,2,2,0,0
1903,Preston North End,Bradford City,4,0,2,2,4,4,1
1903,Preston North End,Stockport County,1,1,2,2,2,0,0
1903,Stockport County,Blackpool,2,1,2,2,3,1,1
1903,Stockport County,Manchester United,0,3,2,2,3,-3,0
1904,Arsenal,Aston Villa,1,0,1,1,1,1,1
1904,Arsenal,Bury,2,1,1,1,3,1,1
1904,Aston Villa,Birmingham City,2,1,1,1,3,1,1
1904,Aston Villa,Derby County,0,2,1,1,2,-2,0
1904,Aston Villa,Sheffield Wednesday,0,2,1,1,2,-2,0
1904,Birmingham City,Blackburn Rovers,2,0,1,1,2,2,1
1904,Birmingham City,Preston North End,2,0,1,1,2,2,1
1904,Birmingham City,Stoke City,0,1,1,1,1,-1,0
1904,Blackburn Rovers,Arsenal,1,1,1,1,2,0,0
1904,Blackburn Rovers,Bury,0,2,1,1,2,-2,0
1904,Blackburn Rovers,Manchester City,3,1,1,1,4,2,1
1904,Blackburn Rovers,Sunderland,2,1,1,1,3,1,1
1904,Bury,Sheffield Wednesday,1,4,1,1,5,-3,0
1904,Bury,Wolverhampton Wanderers,3,1,1,1,4,2,1
1904,Derby County,Everton,1,2,1,1,3,-1,0
1904,Derby County,Newcastle United,1,1,1,1,2,0,0
1904,Derby County,Preston North End,3,1,1,1,4,2,1
1904,Everton,Nottingham Forest,5,1,1,1,6,4,1
1904,Everton,Sheffield United,2,0,1,1,2,2,1
1904,Everton,Sunderland,0,1,1,1,1,-1,0
1904,Manchester City,Bury,3,2,1,1,5,1,1
1904,Manchester City,Middlesbrough,3,2,1,1,5,1,1
1904,Manchester City,Notts County,2,1,1,1,3,1,1
1904,Manchester City,Sheffield Wednesday,1,1,1,1,2,0,0
1904,Middlesbrough,Birmingham City,0,1,1,1,1,-1,0
1904,Middlesbrough,Derby County,2,0,1,1,2,2,1
1904,Middlesbrough,Preston North End,1,1,1,1,2,0,0
1904,Newcastle United,Arsenal,3,0,1,1,3,3,1
1904,Newcastle United,Nottingham Forest,5,1,1,1,6,4,1
1904,Newcastle United,Sunderland,1,3,1,1,4,-2,0
1904,Nottingham Forest,Bury,5,1,1,1,6,4,1
1904,Nottingham Forest,Manchester City,2,1,1,1,3,1,1
1904,Notts County,Birmingham City,0,0,1,1,0,0,0
1904,Notts County,Middlesbrough,0,0,1,1,0,0,0
1904,Preston North End,Arsenal,3,0,1,1,3,3,1
1904,Preston North End,Everton,1,1,1,1,2,0,0
1904,Preston North End,Sheffield United,4,0,1,1,4,4,1
1904,Sheffield United,Aston Villa,0,3,1,1,3,-3,0
1904,Sheffield United,Wolverhampton Wanderers,4,2,1,1,6,2,1
1904,Sheffield Wednesday,Birmingham City,3,1,1,1,4,2,1
1904,Sheffield Wednesday,Derby County,1,1,1,1,2,0,0
1904,Sheffield Wednesday,Middlesbrough,5,0,1,1,5,5,1
1904,Stoke City,Arsenal,2,0,1,1,2,2,1
1904,Stoke City,Everton,2,2,1,1,4,0,0
1904,Stoke City,Preston North End,1,1,1,1,2,0,0
1904,Sunderland,Aston Villa,2,3,1,1,5,-1,0
1904,Sunderland,Bury,2,1,1,1,3,1,1
1904,Sunderland,Manchester City,0,0,1,1,0,0,0
1904,Wolverhampton Wanderers,Derby County,2,0,1,1,2,2,1
1904,Wolverhampton Wanderers,Middlesbrough,5,3,1,1,8,2,1
1904,Wolverhampton Wanderers,Notts County,3,1,1,1,4,2,1
1904,Barnsley,Blackpool,2,1,2,2,3,1,1
1904,Barnsley,Bristol City,1,0,2,2,1,1,1
1904,Barnsley,Chesterfield,1,0,2,2,1,1,1
1904,Barnsley,Port Vale,3,0,2,2,3,3,1
1904,Blackpool,Bolton Wanderers,0,2,2,2,2,-2,0
1904,Blackpool,Grimsby Town,1,1,2,2,2,0,0
1904,Blackpool,West Bromwich Albion,0,0,2,2,0,0,0
1904,Bolton Wanderers,Bradford City,2,0,2,2,2,2,1
1904,Bradford City,Barnsley,1,2,2,2,3,-1,0
1904,Bradford City,Chesterfield,0,1,2,2,1,-1,0
1904,Bradford City,Glossop North End,1,1,2,2,2,0,0
1904,Bradford City,Lincoln City,0,0,2,2,0,0,0
1904,Bristol City,Burnley,0,0,2,2,0,0,0
1904,Bristol City,Doncaster Rovers,4,1,2,2,5,3,1
1904,Bristol City,Grimsby Town,5,0,2,2,5,5,1
1904,Bristol City,Liverpool,0,1,2,2,1,-1,0
1904,Bristol City,West Bromwich Albion,2,1,2,2,3,1,1
1904,Burnley,Burton United,1,1,2,2,2,0,0
1904,Burnley,Gainsborough Trinity,1,3,2,2,4,-2,0
1904,Burnley,Leicester City,2,0,2,2,2,2,1
1904,Burton United,Barnsley,1,2,2,2,3,-1,0
1904,Burton United,Bradford City,1,0,2,2,1,1,1
1904,Burton United,Glossop North End,2,2,2,2,4,0,0
1904,Burton United,Port Vale,2,3,2,2,5,-1,0
1904,Chesterfield,Doncaster Rovers,4,1,2,2,5,3,1
1904,Chesterfield,Grimsby Town,0,0,2,2,0,0,0
1904,Doncaster Rovers,Gainsborough Trinity,1,5,2,2,6,-4,0
1904,Gainsborough Trinity,Bradford City,3,2,2,2,5,1,1
1904,Gainsborough Trinity,Port Vale,1,0,2,2,1,1,1
1904,Glossop North End,Blackpool,0,0,2,2,0,0,0
1904,Glossop North End,Chesterfield,0,1,2,2,1,-1,0
1904,Glossop North End,West Bromwich Albion,2,1,2,2,3,1,1
1904,Grimsby Town,Bolton Wanderers,2,2,2,2,4,0,0
1904,Grimsby Town,Burnley,1,0,2,2,1,1,1
1904,Grimsby Town,Manchester United,0,1,2,2,1,-1,0
1904,Leicester City,Barnsley,2,0,2,2,2,2,1
1904,Leicester City,Lincoln City,0,1,2,2,1,-1,0
1904,Leicester City,Port Vale,3,0,2,2,3,3,1
1904,Lincoln City,Liverpool,0,2,2,2,2,-2,0
1904,Lincoln City,West Bromwich Albion,0,2,2,2,2,-2,0
1904,Liverpool,Burnley,3,0,2,2,3,3,1
1904,Liverpool,Doncaster Rovers,1,0,2,2,1,1,1
1904,Manchester United,Barnsley,4,0,2,2,4,4,1
1904,Manchester United,Leicester City,4,1,2,2,5,3,1
1904,Port Vale,Glossop North End,0,1,2,2,1,-1,0
1904,Port Vale,Lincoln City,0,1,2,2,1,-1,0
1904,West Bromwich Albion,Burnley,1,1,2,2,2,0,0
1904,West Bromwich Albion,Grimsby Town,0,2,2,2,2,-2,0
1904,West Bromwich Albion,Liverpool,0,2,2,2,2,-2,0
1905,Arsenal,Aston Villa,2,1,1,1,3,1,1
1905,Arsenal,Bolton Wanderers,0,0,1,1,0,0,0
1905,Arsenal,Everton,1,2,1,1,3,-1,0
1905,Arsenal,Middlesbrough,2,2,1,1,4,0,0
1905,Aston Villa,Manchester City,2,1,1,1,3,1,1
1905,Aston Villa,Nottingham Forest,3,1,1,1,4,2,1
1905,Aston Villa,Sheffield United,4,1,1,1,5,3,1
1905,Aston Villa,Sunderland,2,1,1,1,3,1,1
1905,Birmingham City,Aston Villa,2,0,1,1,2,2,1
1905,Birmingham City,Preston North End,1,1,1,1,2,0,0
1905,Blackburn Rovers,Arsenal,2,0,1,1,2,2,1
1905,Blackburn Rovers,Bolton Wanderers,4,1,1,1,5,3,1
1905,Blackburn Rovers,Everton,1,2,1,1,3,-1,0
1905,Blackburn Rovers,Middlesbrough,1,1,1,1,2,0,0
1905,Blackburn Rovers,Sheffield Wednesday,1,0,1,1,1,1,1
1905,Blackburn Rovers,Wolverhampton Wanderers,3,1,1,1,4,2,1
1905,Bolton Wanderers,Birmingham City,0,1,1,1,1,-1,0
1905,Bolton Wanderers,Manchester City,1,3,1,1,4,-2,0
1905,Bolton Wanderers,Nottingham Forest,6,0,1,1,6,6,1
1905,Bolton Wanderers,Sheffield United,1,2,1,1,3,-1,0
1905,Bolton Wanderers,Sunderland,6,2,1,1,8,4,1
1905,Bury,Aston Villa,0,1,1,1,1,-1,0
1905,Bury,Stoke City,3,0,1,1,3,3,1
1905,Derby County,Blackburn Rovers,1,2,1,1,3,-1,0
1905,Derby County,Notts County,1,1,1,1,2,0,0
1905,Everton,Birmingham City,1,2,1,1,3,-1,0
1905,Everton,Bury,1,2,1,1,3,-1,0
1905,Everton,Manchester City,0,3,1,1,3,-3,0
1905,Everton,Nottingham Forest,4,1,1,1,5,3,1
1905,Everton,Sunderland,3,1,1,1,4,2,1
1905,Liverpool,Bolton Wanderers,2,2,1,1,4,0,0
1905,Liverpool,Everton,1,1,1,1,2,0,0
1905,Liverpool,Newcastle United,3,0,1,1,3,3,1
1905,Liverpool,Preston North End,1,1,1,1,2,0,0
1905,Manchester City,Derby County,1,2,1,1,3,-1,0
1905,Manchester City,Notts County,5,1,1,1,6,4,1
1905,Manchester City,Sheffield Wednesday,2,1,1,1,3,1,1
1905,Manchester City,Wolverhampton Wanderers,4,0,1,1,4,4,1
1905,Middlesbrough,Birmingham City,1,0,1,1,1,1,1
1905,Middlesbrough,Liverpool,1,5,1,1,6,-4,0
1905,Middlesbrough,Sunderland,2,1,1,1,3,1,1
1905,Newcastle United,Aston Villa,3,1,1,1,4,2,1
1905,Newcastle United,Bolton Wanderers,2,1,1,1,3,1,1
1905,Newcastle United,Everton,4,2,1,1,6,2,1
1905,Newcastle United,Preston North End,1,0,1,1,1,1,1
1905,Newcastle United,Stoke City,5,0,1,1,5,5,1
1905,Nottingham Forest,Arsenal,3,1,1,1,4,2,1
1905,Nottingham Forest,Blackburn Rovers,1,2,1,1,3,-1,0
1905,Nottingham Forest,Derby County,0,0,1,1,0,0,0
1905,Nottingham Forest,Notts County,1,2,1,1,3,-1,0
1905,Nottingham Forest,Sheffield Wednesday,3,4,1,1,7,-1,0
1905,Nottingham Forest,Wolverhampton Wanderers,3,1,1,1,4,2,1
1905,Notts County,Birmingham City,0,0,1,1,0,0,0
1905,Notts County,Newcastle United,1,0,1,1,1,1,1
1905,Notts County,Sheffield United,2,3,1,1,5,-1,0
1905,Preston North End,Aston Villa,2,0,1,1,2,2,1
1905,Preston North End,Bolton Wanderers,3,0,1,1,3,3,1
1905,Preston North End,Everton,1,1,1,1,2,0,0
1905,Preston North End,Notts County,4,1,1,1,5,3,1
1905,Sheffield United,Arsenal,3,1,1,1,4,2,1
1905,Sheffield United,Blackburn Rovers,0,2,1,1,2,-2,0
1905,Sheffield United,Nottingham Forest,1,4,1,1,5,-3,0
1905,Sheffield United,Sheffield Wednesday,0,2,1,1,2,-2,0
1905,Sheffield Wednesday,Bury,1,1,1,1,2,0,0
1905,Sheffield Wednesday,Liverpool,3,2,1,1,5,1,1
1905,Stoke City,Aston Villa,0,1,1,1,1,-1,0
1905,Stoke City,Middlesbrough,1,1,1,1,2,0,0
1905,Stoke City,Sheffield Wednesday,4,0,1,1,4,4,1
1905,Sunderland,Arsenal,2,2,1,1,4,0,0
1905,Sunderland,Manchester City,2,0,1,1,2,2,1
1905,Sunderland,Sheffield United,2,0,1,1,2,2,1
1905,Wolverhampton Wanderers,Stoke City,1,2,1,1,3,-1,0
1905,Barnsley,Burton United,3,0,2,2,3,3,1
1905,Barnsley,Hull City,2,0,2,2,2,2,1
1905,Barnsley,Leyton Orient,4,1,2,2,5,3,1
1905,Blackpool,Leicester City,0,1,2,2,1,-1,0
1905,Bradford City,Bristol City,1,2,2,2,3,-1,0
1905,Bradford City,Chelsea,1,1,2,2,2,0,0
1905,Bradford City,Glossop North End,2,0,2,2,2,2,1
1905,Bradford City,Leeds City,1,0,2,2,1,1,1
1905,Bradford City,Stockport County,0,1,2,2,1,-1,0
1905,Bristol City,Gainsborough Trinity,2,0,2,2,2,2,1
1905,Bristol City,Hull City,2,1,2,2,3,1,1
1905,Bristol City,Leyton Orient,1,0,2,2,1,1,1
1905,Bristol City,Port Vale,4,0,2,2,4,4,1
1905,Burnley,Barnsley,2,1,2,2,3,1,1
1905,Burnley,Bristol City,2,2,2,2,4,0,0
1905,Burnley,Chesterfield,1,1,2,2,2,0,0
1905,Burnley,Grimsby Town,0,0,2,2,0,0,0
1905,Burton United,Glossop North End,1,0,2,2,1,1,1
1905,Chelsea,Blackpool,6,0,2,2,6,6,1
1905,Chelsea,Hull City,5,1,2,2,6,4,1
1905,Chelsea,Leyton Orient,6,1,2,2,7,5,1
1905,Chelsea,Port Vale,7,0,2,2,7,7,1
1905,Chesterfield,Bristol City,1,2,2,2,3,-1,0
1905,Chesterfield,Leicester City,3,3,2,2,6,0,0
1905,Gainsborough Trinity,Stockport County,0,0,2,2,0,0,0
1905,Glossop North End,Blackpool,4,1,2,2,5,3,1
1905,Glossop North End,Burnley,1,1,2,2,2,0,0
1905,Glossop North End,Chesterfield,2,0,2,2,2,2,1
1905,Glossop North End,Hull City,3,1,2,2,4,2,1
1905,Grimsby Town,Bristol City,1,1,2,2,2,0,0
1905,Grimsby Town,Chelsea,1,1,2,2,2,0,0
1905,Grimsby Town,Glossop North End,1,1,2,2,2,0,0
1905,Hull City,Gainsborough Trinity,2,0,2,2,2,2,1
1905,Leeds City,Blackpool,3,0,2,2,3,3,1
1905,Leeds City,Chesterfield,3,0,2,2,3,3,1
1905,Leeds City,Grimsby Town,3,0,2,2,3,3,1
1905,Leeds City,Leyton Orient,6,1,2,2,7,5,1
1905,Leeds City,Port Vale,3,1,2,2,4,2,1
1905,Leicester City,Bristol City,1,2,2,2,3,-1,0
1905,Leicester City,Chelsea,0,1,2,2,1,-1,0
1905,Leicester City,Glossop North End,2,1,2,2,3,1,1
1905,Leicester City,Leeds City,0,1,2,2,1,-1,0
1905,Leicester City,Manchester United,2,5,2,2,7,-3,0
1905,Leicester City,West Bromwich Albion,0,0,2,2,0,0,0
1905,Leyton Orient,Gainsborough Trinity,1,0,2,2,1,1,1
1905,Leyton Orient,Hull City,0,1,2,2,1,-1,0
1905,Leyton Orient,Lincoln City,3,0,2,2,3,3,1
1905,Lincoln City,Blackpool,1,1,2,2,2,0,0
1905,Lincoln City,Burnley,5,0,2,2,5,5,1
1905,Lincoln City,Chesterfield,0,1,2,2,1,-1,0
1905,Manchester United,Bristol City,5,1,2,2,6,4,1
1905,Manchester United,Chelsea,0,0,2,2,0,0,0
1905,Manchester United,Glossop North End,5,2,2,2,7,3,1
1905,Manchester United,Leeds City,0,3,2,2,3,-3,0
1905,Manchester United,Lincoln City,2,1,2,2,3,1,1
1905,Port Vale,Bradford City,2,1,2,2,3,1,1
1905,Port Vale,Burton United,4,1,2,2,5,3,1
1905,Stockport County,Blackpool,2,1,2,2,3,1,1
1905,Stockport County,Burnley,3,1,2,2,4,2,1
1905,Stockport County,Manchester United,0,1,2,2,1,-1,0
1905,West Bromwich Albion,Barnsley,5,3,2,2,8,2,1
1905,West Bromwich Albion,Chelsea,1,1,2,2,2,0,0
1905,West Bromwich Albion,Glossop North End,6,0,2,2,6,6,1
1905,West Bromwich Albion,Leeds City,2,1,2,2,3,1,1
1905,West Bromwich Albion,Lincoln City,1,1,2,2,2,0,0
1906,Arsenal,Blackburn Rovers,2,0,1,1,2,2,1
1906,Arsenal,Preston North End,1,0,1,1,1,1,1
1906,Arsenal,Stoke City,2,1,1,1,3,1,1
1906,Aston Villa,Bristol City,3,2,1,1,5,1,1
1906,Birmingham City,Arsenal,5,1,1,1,6,4,1
1906,Birmingham City,Bolton Wanderers,4,2,1,1,6,2,1
1906,Birmingham City,Derby County,2,1,1,1,3,1,1
1906,Birmingham City,Manchester City,4,0,1,1,4,4,1
1906,Birmingham City,Newcastle United,2,4,1,1,6,-2,0
1906,Birmingham City,Sunderland,2,0,1,1,2,2,1
1906,Blackburn Rovers,Birmingham City,1,0,1,1,1,1,1
1906,Blackburn Rovers,Bury,4,1,1,1,5,3,1
1906,Blackburn Rovers,Preston North End,1,1,1,1,2,0,0
1906,Bolton Wanderers,Bristol City,1,2,1,1,3,-1,0
1906,Bristol City,Arsenal,1,3,1,1,4,-2,0
1906,Bristol City,Manchester City,2,0,1,1,2,2,1
1906,Bristol City,Sunderland,1,1,1,1,2,0,0
1906,Bury,Birmingham City,1,0,1,1,1,1,1
1906,Bury,Bristol City,1,1,1,1,2,0,0
1906,Bury,Liverpool,1,3,1,1,4,-2,0
1906,Bury,Preston North End,2,0,1,1,2,2,1
1906,Bury,Stoke City,2,0,1,1,2,2,1
1906,Derby County,Everton,5,2,1,1,7,3,1
1906,Derby County,Manchester United,2,2,1,1,4,0,0
1906,Derby County,Sheffield Wednesday,1,0,1,1,1,1,1
1906,Everton,Arsenal,2,1,1,1,3,1,1
1906,Everton,Blackburn Rovers,2,0,1,1,2,2,1
1906,Everton,Bury,1,0,1,1,1,1,1
1906,Everton,Newcastle United,3,0,1,1,3,3,1
1906,Everton,Sheffield United,4,2,1,1,6,2,1
1906,Liverpool,Bristol City,2,4,1,1,6,-2,0
1906,Liverpool,Middlesbrough,2,4,1,1,6,-2,0
1906,Manchester City,Aston Villa,4,2,1,1,6,2,1
1906,Manchester United,Liverpool,0,0,1,1,0,0,0
1906,Manchester United,Newcastle United,1,3,1,1,4,-2,0
1906,Manchester United,Sheffield United,2,0,1,1,2,2,1
1906,Manchester United,Sunderland,2,0,1,1,2,2,1
1906,Middlesbrough,Birmingham City,1,0,1,1,1,1,1
1906,Middlesbrough,Bristol City,1,0,1,1,1,1,1
1906,Middlesbrough,Manchester United,2,0,1,1,2,2,1
1906,Middlesbrough,Preston North End,2,1,1,1,3,1,1
1906,Newcastle United,Bolton Wanderers,4,0,1,1,4,4,1
1906,Newcastle United,Derby County,2,0,1,1,2,2,1
1906,Newcastle United,Manchester City,2,0,1,1,2,2,1
1906,Newcastle United,Notts County,4,3,1,1,7,1,1
1906,Notts County,Middlesbrough,2,2,1,1,4,0,0
1906,Notts County,Sunderland,0,0,1,1,0,0,0
1906,Preston North End,Everton,1,1,1,1,2,0,0
1906,Preston North End,Notts County,0,0,1,1,0,0,0
1906,Preston North End,Stoke City,2,2,1,1,4,0,0
1906,Sheffield United,Aston Villa,0,0,1,1,0,0,0
1906,Sheffield United,Bolton Wanderers,2,1,1,1,3,1,1
1906,Sheffield United,Derby County,2,0,1,1,2,2,1
1906,Sheffield United,Newcastle United,0,0,1,1,0,0,0
1906,Sheffield United,Sheffield Wednesday,2,1,1,1,3,1,1
1906,Sheffield Wednesday,Blackburn Rovers,3,1,1,1,4,2,1
1906,Sheffield Wednesday,Middlesbrough,0,2,1,1,2,-2,0
1906,Sheffield Wednesday,Preston North End,2,1,1,1,3,1,1
1906,Sheffield Wednesday,Sunderland,2,1,1,1,3,1,1
1906,Stoke City,Birmingham City,3,0,1,1,3,3,1
1906,Stoke City,Bristol City,0,3,1,1,3,-3,0
1906,Stoke City,Manchester United,1,2,1,1,3,-1,0
1906,Stoke City,Notts County,1,1,1,1,2,0,0
1906,Stoke City,Sheffield Wednesday,1,1,1,1,2,0,0
1906,Sunderland,Aston Villa,2,1,1,1,3,1,1
1906,Sunderland,Bolton Wanderers,1,2,1,1,3,-1,0
1906,Sunderland,Derby County,0,2,1,1,2,-2,0
1906,Sunderland,Sheffield United,1,2,1,1,3,-1,0
1906,Barnsley,Blackpool,3,2,2,2,5,1,1
1906,Barnsley,Burton United,6,1,2,2,7,5,1
1906,Barnsley,Gainsborough Trinity,6,0,2,2,6,6,1
1906,Barnsley,Leyton Orient,3,2,2,2,5,1,1
1906,Barnsley,Port Vale,3,2,2,2,5,1,1
1906,Blackpool,Burnley,2,0,2,2,2,2,1
1906,Blackpool,Grimsby Town,4,3,2,2,7,1,1
1906,Blackpool,Nottingham Forest,1,2,2,2,3,-1,0
1906,Blackpool,West Bromwich Albion,2,1,2,2,3,1,1
1906,Bradford City,Blackpool,3,0,2,2,3,3,1
1906,Bradford City,Chelsea,6,3,2,2,9,3,1
1906,Bradford City,Glossop North End,2,1,2,2,3,1,1
1906,Burnley,Port Vale,6,0,2,2,6,6,1
1906,Burnley,Wolverhampton Wanderers,3,0,2,2,3,3,1
1906,Burton United,Bradford City,1,0,2,2,1,1,1
1906,Burton United,Grimsby Town,2,3,2,2,5,-1,0
1906,Burton United,Nottingham Forest,0,2,2,2,2,-2,0
1906,Chelsea,Blackpool,3,0,2,2,3,3,1
1906,Chelsea,Glossop North End,9,2,2,2,11,7,1
1906,Chelsea,Lincoln City,2,0,2,2,2,2,1
1906,Chelsea,Stockport County,2,0,2,2,2,2,1
1906,Chesterfield,Barnsley,3,2,2,2,5,1,1
1906,Chesterfield,Gainsborough Trinity,7,0,2,2,7,7,1
1906,Chesterfield,Leyton Orient,2,1,2,2,3,1,1
1906,Chesterfield,Port Vale,4,2,2,2,6,2,1
1906,Gainsborough Trinity,Chelsea,1,1,2,2,2,0,0
1906,Gainsborough Trinity,Grimsby Town,2,1,2,2,3,1,1
1906,Gainsborough Trinity,West Bromwich Albion,2,4,2,2,6,-2,0
1906,Glossop North End,Blackpool,0,0,2,2,0,0,0
1906,Glossop North End,Lincoln City,2,1,2,2,3,1,1
1906,Glossop North End,Stockport County,2,3,2,2,5,-1,0
1906,Grimsby Town,Burnley,1,0,2,2,1,1,1
1906,Grimsby Town,Wolverhampton Wanderers,2,1,2,2,3,1,1
1906,Hull City,Bradford City,0,3,2,2,3,-3,0
1906,Hull City,West Bromwich Albion,0,1,2,2,1,-1,0
1906,Leeds City,Gainsborough Trinity,4,0,2,2,4,4,1
1906,Leeds City,Hull City,2,2,2,2,4,0,0
1906,Leeds City,Stockport County,6,1,2,2,7,5,1
1906,Leicester City,Grimsby Town,2,0,2,2,2,2,1
1906,Leicester City,Leyton Orient,2,1,2,2,3,1,1
1906,Leyton Orient,Bradford City,1,1,2,2,2,0,0
1906,Leyton Orient,West Bromwich Albion,1,1,2,2,2,0,0
1906,Lincoln City,Burton United,2,0,2,2,2,2,1
1906,Lincoln City,Gainsborough Trinity,4,0,2,2,4,4,1
1906,Lincoln City,Leyton Orient,3,0,2,2,3,3,1
1906,Lincoln City,Stockport County,3,1,2,2,4,2,1
1906,Nottingham Forest,Burnley,2,0,2,2,2,2,1
1906,Nottingham Forest,Chesterfield,3,1,2,2,4,2,1
1906,Nottingham Forest,Grimsby Town,0,3,2,2,3,-3,0
1906,Nottingham Forest,Leicester City,2,1,2,2,3,1,1
1906,Port Vale,Glossop North End,4,1,2,2,5,3,1
1906,Port Vale,Leeds City,1,2,2,2,3,-1,0
1906,Port Vale,West Bromwich Albion,2,1,2,2,3,1,1
1906,Stockport County,Blackpool,0,0,2,2,0,0,0
1906,Stockport County,Burton United,2,0,2,2,2,2,1
1906,West Bromwich Albion,Barnsley,3,1,2,2,4,2,1
1906,West Bromwich Albion,Nottingham Forest,3,1,2,2,4,2,1
1906,Wolverhampton Wanderers,Chelsea,1,2,2,2,3,-1,0
1906,Wolverhampton Wanderers,Leeds City,3,2,2,2,5,1,1
1906,Wolverhampton Wanderers,Lincoln City,3,0,2,2,3,3,1
1906,Wolverhampton Wanderers,Stockport County,1,1,2,2,2,0,0
1907,Arsenal,Birmingham City,1,1,1,1,2,0,0
1907,Arsenal,Bristol City,0,4,1,1,4,-4,0
1907,Arsenal,Everton,2,1,1,1,3,1,1
1907,Arsenal,Manchester United,1,0,1,1,1,1,1
1907,Aston Villa,Bolton Wanderers,2,0,1,1,2,2,1
1907,Aston Villa,Chelsea,0,0,1,1,0,0,0
1907,Aston Villa,Manchester City,2,2,1,1,4,0,0
1907,Aston Villa,Newcastle United,3,3,1,1,6,0,0
1907,Birmingham City,Liverpool,1,1,1,1,2,0,0
1907,Birmingham City,Middlesbrough,1,4,1,1,5,-3,0
1907,Birmingham City,Notts County,0,0,1,1,0,0,0
1907,Birmingham City,Sheffield Wednesday,2,1,1,1,3,1,1
1907,Blackburn Rovers,Aston Villa,2,0,1,1,2,2,1
1907,Blackburn Rovers,Sheffield United,3,3,1,1,6,0,0
1907,Bolton Wanderers,Chelsea,1,2,1,1,3,-1,0
1907,Bolton Wanderers,Manchester City,2,0,1,1,2,2,1
1907,Bolton Wanderers,Preston North End,2,0,1,1,2,2,1
1907,Bolton Wanderers,Sunderland,2,3,1,1,5,-1,0
1907,Bristol City,Liverpool,2,0,1,1,2,2,1
1907,Bristol City,Middlesbrough,0,1,1,1,1,-1,0
1907,Bristol City,Notts County,2,1,1,1,3,1,1
1907,Bristol City,Sheffield Wednesday,0,2,1,1,2,-2,0
1907,Bury,Aston Villa,2,1,1,1,3,1,1
1907,Bury,Bolton Wanderers,2,2,1,1,4,0,0
1907,Bury,Manchester United,0,1,1,1,1,-1,0
1907,Chelsea,Arsenal,2,1,1,1,3,1,1
1907,Chelsea,Preston North End,0,0,1,1,0,0,0
1907,Chelsea,Sunderland,2,1,1,1,3,1,1
1907,Everton,Bristol City,0,0,1,1,0,0,0
1907,Everton,Liverpool,2,4,1,1,6,-2,0
1907,Everton,Sheffield Wednesday,0,0,1,1,0,0,0
1907,Liverpool,Aston Villa,5,0,1,1,5,5,1
1907,Liverpool,Manchester United,7,4,1,1,11,3,1
1907,Liverpool,Sheffield United,3,0,1,1,3,3,1
1907,Manchester City,Arsenal,4,0,1,1,4,4,1
1907,Manchester City,Bury,2,2,1,1,4,0,0
1907,Manchester City,Liverpool,1,1,1,1,2,0,0
1907,Manchester City,Newcastle United,1,0,1,1,1,1,1
1907,Manchester City,Preston North End,5,0,1,1,5,5,1
1907,Manchester United,Birmingham City,1,0,1,1,1,1,1
1907,Manchester United,Everton,4,3,1,1,7,1,1
1907,Manchester United,Middlesbrough,2,1,1,1,3,1,1
1907,Manchester United,Notts County,0,1,1,1,1,-1,0
1907,Middlesbrough,Chelsea,3,1,1,1,4,2,1
1907,Middlesbrough,Nottingham Forest,1,1,1,1,2,0,0
1907,Newcastle United,Arsenal,2,1,1,1,3,1,1
1907,Newcastle United,Liverpool,3,1,1,1,4,2,1
1907,Newcastle United,Preston North End,0,0,1,1,0,0,0
1907,Nottingham Forest,Birmingham City,1,1,1,1,2,0,0
1907,Nottingham Forest,Bristol City,3,1,1,1,4,2,1
1907,Nottingham Forest,Everton,5,2,1,1,7,3,1
1907,Notts County,Sheffield United,0,3,1,1,3,-3,0
1907,Preston North End,Blackburn Rovers,1,1,1,1,2,0,0
1907,Preston North End,Bury,3,1,1,1,4,2,1
1907,Preston North End,Liverpool,3,0,1,1,3,3,1
1907,Preston North End,Middlesbrough,1,1,1,1,2,0,0
1907,Preston North End,Notts County,1,0,1,1,1,1,1
1907,Preston North End,Sunderland,3,2,1,1,5,1,1
1907,Sheffield United,Birmingham City,1,0,1,1,1,1,1
1907,Sheffield United,Everton,2,0,1,1,2,2,1
1907,Sheffield United,Nottingham Forest,2,2,1,1,4,0,0
1907,Sheffield United,Sheffield Wednesday,1,3,1,1,4,-2,0
1907,Sheffield Wednesday,Aston Villa,2,3,1,1,5,-1,0
1907,Sheffield Wednesday,Bolton Wanderers,5,2,1,1,7,3,1
1907,Sheffield Wednesday,Chelsea,3,1,1,1,4,2,1
1907,Sheffield Wednesday,Newcastle United,3,1,1,1,4,2,1
1907,Sunderland,Bury,6,2,1,1,8,4,1
1907,Sunderland,Liverpool,1,0,1,1,1,1,1
1907,Sunderland,Middlesbrough,0,0,1,1,0,0,0
1907,Sunderland,Notts County,4,3,1,1,7,1,1
1907,Sunderland,Sheffield Wednesday,1,2,1,1,3,-1,0
1907,Barnsley,Burnley,2,3,2,2,5,-1,0
1907,Barnsley,Fulham,6,0,2,2,6,6,1
1907,Barnsley,Oldham Athletic,2,1,2,2,3,1,1
1907,Barnsley,West Bromwich Albion,1,3,2,2,4,-2,0
1907,Blackpool,Derby County,1,0,2,2,1,1,1
1907,Blackpool,Glossop North End,4,0,2,2,4,4,1
1907,Blackpool,Leeds City,2,3,2,2,5,-1,0
1907,Blackpool,Stoke City,1,0,2,2,1,1,1
1907,Bradford City,Barnsley,2,0,2,2,2,2,1
1907,Bradford City,Chesterfield,8,1,2,2,9,7,1
1907,Bradford City,Gainsborough Trinity,7,1,2,2,8,6,1
1907,Bradford City,Stockport County,5,0,2,2,5,5,1
1907,Bradford City,Wolverhampton Wanderers,6,2,2,2,8,4,1
1907,Burnley,Grimsby Town,5,1,2,2,6,4,1
1907,Chesterfield,Stoke City,2,4,2,2,6,-2,0
1907,Derby County,Gainsborough Trinity,5,2,2,2,7,3,1
1907,Derby County,Hull City,4,1,2,2,5,3,1
1907,Derby County,Leyton Orient,4,0,2,2,4,4,1
1907,Derby County,Wolverhampton Wanderers,3,2,2,2,5,1,1
1907,Fulham,Bradford City,0,2,2,2,2,-2,0
1907,Fulham,Derby County,0,0,2,2,0,0,0
1907,Fulham,Leicester City,5,1,2,2,6,4,1
1907,Fulham,Oldham Athletic,1,2,2,2,3,-1,0
1907,Fulham,West Bromwich Albion,1,1,2,2,2,0,0
1907,Gainsborough Trinity,Glossop North End,1,0,2,2,1,1,1
1907,Gainsborough Trinity,Leeds City,2,1,2,2,3,1,1
1907,Gainsborough Trinity,Lincoln City,5,1,2,2,6,4,1
1907,Gainsborough Trinity,Stoke City,2,0,2,2,2,2,1
1907,Glossop North End,Burnley,3,1,2,2,4,2,1
1907,Glossop North End,Hull City,5,1,2,2,6,4,1
1907,Glossop North End,Wolverhampton Wanderers,1,1,2,2,2,0,0
1907,Grimsby Town,Bradford City,0,1,2,2,1,-1,0
1907,Grimsby Town,Derby County,1,0,2,2,1,1,1
1907,Grimsby Town,Glossop North End,4,0,2,2,4,4,1
1907,Grimsby Town,Leicester City,1,1,2,2,2,0,0
1907,Hull City,Chesterfield,2,0,2,2,2,2,1
1907,Hull City,Gainsborough Trinity,0,1,2,2,1,-1,0
1907,Hull City,Lincoln City,5,3,2,2,8,2,1
1907,Hull City,Stoke City,2,1,2,2,3,1,1
1907,Leeds City,Burnley,2,2,2,2,4,0,0
1907,Leeds City,Fulham,0,1,2,2,1,-1,0
1907,Leeds City,Grimsby Town,4,1,2,2,5,3,1
1907,Leeds City,Leyton Orient,5,2,2,2,7,3,1
1907,Leeds City,Wolverhampton Wanderers,3,1,2,2,4,2,1
1907,Leicester City,Derby County,1,3,2,2,4,-2,0
1907,Leicester City,Glossop North End,3,1,2,2,4,2,1
1907,Leicester City,Leeds City,2,2,2,2,4,0,0
1907,Leicester City,West Bromwich Albion,3,0,2,2,3,3,1
1907,Leyton Orient,Hull City,1,0,2,2,1,1,1
1907,Leyton Orient,Lincoln City,2,0,2,2,2,2,1
1907,Lincoln City,Barnsley,0,2,2,2,2,-2,0
1907,Lincoln City,Burnley,1,3,2,2,4,-2,0
1907,Lincoln City,Grimsby Town,1,0,2,2,1,1,1
1907,Lincoln City,Stockport County,1,1,2,2,2,0,0
1907,Lincoln City,Wolverhampton Wanderers,3,1,2,2,4,2,1
1907,Oldham Athletic,Glossop North End,0,0,2,2,0,0,0
1907,Oldham Athletic,Leeds City,4,2,2,2,6,2,1
1907,Oldham Athletic,Lincoln City,4,0,2,2,4,4,1
1907,Oldham Athletic,West Bromwich Albion,2,1,2,2,3,1,1
1907,Stockport County,Blackpool,1,1,2,2,2,0,0
1907,Stockport County,Chesterfield,1,0,2,2,1,1,1
1907,Stoke City,Fulham,6,1,2,2,7,5,1
1907,Stoke City,Oldham Athletic,1,3,2,2,4,-2,0
1907,Stoke City,Wolverhampton Wanderers,0,0,2,2,0,0,0
1907,West Bromwich Albion,Derby County,1,0,2,2,1,1,1
1907,West Bromwich Albion,Leeds City,1,0,2,2,1,1,1
1907,West Bromwich Albion,Stoke City,1,0,2,2,1,1,1
1907,Wolverhampton Wanderers,Gainsborough Trinity,1,0,2,2,1,1,1
1907,Wolverhampton Wanderers,Stockport County,0,1,2,2,1,-1,0
1908,Arsenal,Aston Villa,0,1,1,1,1,-1,0
1908,Arsenal,Bristol City,1,1,1,1,2,0,0
1908,Arsenal,Everton,0,4,1,1,4,-4,0
1908,Arsenal,Newcastle United,1,2,1,1,3,-1,0
1908,Arsenal,Sunderland,0,4,1,1,4,-4,0
1908,Aston Villa,Chelsea,0,0,1,1,0,0,0
1908,Aston Villa,Liverpool,1,1,1,1,2,0,0
1908,Aston Villa,Middlesbrough,0,3,1,1,3,-3,0
1908,Aston Villa,Notts County,1,1,1,1,2,0,0
1908,Blackburn Rovers,Aston Villa,3,1,1,1,4,2,1
1908,Blackburn Rovers,Bury,0,1,1,1,1,-1,0
1908,Blackburn Rovers,Leicester City,3,0,1,1,3,3,1
1908,Blackburn Rovers,Manchester United,1,3,1,1,4,-2,0
1908,Bradford City,Everton,1,1,1,1,2,0,0
1908,Bradford City,Newcastle United,1,2,1,1,3,-1,0
1908,Bradford City,Sunderland,0,2,1,1,2,-2,0
1908,Bristol City,Blackburn Rovers,1,4,1,1,5,-3,0
1908,Bristol City,Chelsea,1,0,1,1,1,1,1
1908,Bristol City,Liverpool,1,0,1,1,1,1,1
1908,Bristol City,Notts County,1,0,1,1,1,1,1
1908,Bristol City,Sheffield Wednesday,1,1,1,1,2,0,0
1908,Bury,Leicester City,2,2,1,1,4,0,0
1908,Bury,Manchester United,2,2,1,1,4,0,0
1908,Bury,Sheffield United,1,2,1,1,3,-1,0
1908,Chelsea,Manchester City,1,2,1,1,3,-1,0
1908,Chelsea,Newcastle United,1,2,1,1,3,-1,0
1908,Everton,Liverpool,5,0,1,1,5,5,1
1908,Everton,Middlesbrough,1,1,1,1,2,0,0
1908,Leicester City,Aston Villa,4,2,1,1,6,2,1
1908,Leicester City,Bristol City,1,1,1,1,2,0,0
1908,Leicester City,Everton,0,2,1,1,2,-2,0
1908,Leicester City,Nottingham Forest,0,3,1,1,3,-3,0
1908,Leicester City,Sheffield United,1,1,1,1,2,0,0
1908,Liverpool,Arsenal,2,2,1,1,4,0,0
1908,Liverpool,Chelsea,2,1,1,1,3,1,1
1908,Liverpool,Manchester City,1,3,1,1,4,-2,0
1908,Liverpool,Preston North End,2,1,1,1,3,1,1
1908,Manchester City,Middlesbrough,0,0,1,1,0,0,0
1908,Manchester City,Notts County,1,0,1,1,1,1,1
1908,Manchester City,Sheffield Wednesday,4,0,1,1,4,4,1
1908,Manchester United,Bristol City,0,1,1,1,1,-1,0
1908,Manchester United,Manchester City,3,1,1,1,4,2,1
1908,Manchester United,Nottingham Forest,2,2,1,1,4,0,0
1908,Middlesbrough,Bradford City,1,0,1,1,1,1,1
1908,Middlesbrough,Liverpool,1,0,1,1,1,1,1
1908,Middlesbrough,Sunderland,0,3,1,1,3,-3,0
1908,Newcastle United,Bury,3,1,1,1,4,2,1
1908,Newcastle United,Leicester City,2,0,1,1,2,2,1
1908,Newcastle United,Notts County,1,0,1,1,1,1,1
1908,Nottingham Forest,Everton,1,2,1,1,3,-1,0
1908,Nottingham Forest,Manchester City,0,2,1,1,2,-2,0
1908,Nottingham Forest,Sheffield United,0,2,1,1,2,-2,0
1908,Notts County,Arsenal,2,1,1,1,3,1,1
1908,Notts County,Bradford City,1,1,1,1,2,0,0
1908,Notts County,Preston North End,1,0,1,1,1,1,1
1908,Preston North End,Leicester City,0,1,1,1,1,-1,0
1908,Preston North End,Nottingham Forest,1,1,1,1,2,0,0
1908,Sheffield United,Bristol City,3,1,1,1,4,2,1
1908,Sheffield Wednesday,Arsenal,6,2,1,1,8,4,1
1908,Sheffield Wednesday,Bradford City,0,2,1,1,2,-2,0
1908,Sheffield Wednesday,Chelsea,5,1,1,1,6,4,1
1908,Sheffield Wednesday,Notts County,2,0,1,1,2,2,1
1908,Sunderland,Bury,3,1,1,1,4,2,1
1908,Sunderland,Manchester United,6,1,1,1,7,5,1
1908,Sunderland,Nottingham Forest,2,1,1,1,3,1,1
1908,Sunderland,Sheffield United,3,1,1,1,4,2,1
1908,Barnsley,Blackpool,4,0,2,2,4,4,1
1908,Barnsley,Leyton Orient,3,0,2,2,3,3,1
1908,Birmingham City,Glossop North End,1,2,2,2,3,-1,0
1908,Birmingham City,Leeds City,1,0,2,2,1,1,1
1908,Birmingham City,Stockport County,4,2,2,2,6,2,1
1908,Birmingham City,Wolverhampton Wanderers,1,1,2,2,2,0,0
1908,Blackpool,Bolton Wanderers,1,2,2,2,3,-1,0
1908,Blackpool,Hull City,2,3,2,2,5,-1,0
1908,Blackpool,Oldham Athletic,1,0,2,2,1,1,1
1908,Blackpool,West Bromwich Albion,0,2,2,2,2,-2,0
1908,Bolton Wanderers,Birmingham City,2,1,2,2,3,1,1
1908,Bolton Wanderers,Leyton Orient,2,0,2,2,2,2,1
1908,Bradford Park Avenue,Bolton Wanderers,1,2,2,2,3,-1,0
1908,Bradford Park Avenue,Glossop North End,1,0,2,2,1,1,1
1908,Bradford Park Avenue,Leeds City,2,0,2,2,2,2,1
1908,Bradford Park Avenue,Stockport County,0,1,2,2,1,-1,0
1908,Burnley,Blackpool,1,1,2,2,2,0,0
1908,Burnley,Hull City,1,0,2,2,1,1,1
1908,Burnley,Oldham Athletic,1,0,2,2,1,1,1
1908,Burnley,West Bromwich Albion,0,2,2,2,2,-2,0
1908,Chesterfield,Birmingham City,4,2,2,2,6,2,1
1908,Chesterfield,Leyton Orient,2,0,2,2,2,2,1
1908,Derby County,Barnsley,0,0,2,2,0,0,0
1908,Derby County,Leeds City,5,1,2,2,6,4,1
1908,Derby County,Wolverhampton Wanderers,2,1,2,2,3,1,1
1908,Fulham,Burnley,3,0,2,2,3,3,1
1908,Gainsborough Trinity,Birmingham City,1,3,2,2,4,-2,0
1908,Gainsborough Trinity,Bradford Park Avenue,2,1,2,2,3,1,1
1908,Gainsborough Trinity,Tottenham Hotspur,0,2,2,2,2,-2,0
1908,Glossop North End,Barnsley,3,0,2,2,3,3,1
1908,Glossop North End,Gainsborough Trinity,2,2,2,2,4,0,0
1908,Glossop North End,Wolverhampton Wanderers,3,2,2,2,5,1,1
1908,Grimsby Town,Burnley,0,1,2,2,1,-1,0
1908,Grimsby Town,Hull City,0,0,2,2,0,0,0
1908,Hull City,Birmingham City,4,1,2,2,5,3,1
1908,Hull City,Derby County,4,0,2,2,4,4,1
1908,Hull City,Leyton Orient,3,2,2,2,5,1,1
1908,Leeds City,Barnsley,2,0,2,2,2,2,1
1908,Leeds City,Bolton Wanderers,1,2,2,2,3,-1,0
1908,Leeds City,Chesterfield,3,0,2,2,3,3,1
1908,Leeds City,Stockport County,2,1,2,2,3,1,1
1908,Leeds City,Wolverhampton Wanderers,5,2,2,2,7,3,1
1908,Leyton Orient,Fulham,1,1,2,2,2,0,0
1908,Leyton Orient,Grimsby Town,2,1,2,2,3,1,1
1908,Leyton Orient,West Bromwich Albion,1,0,2,2,1,1,1
1908,Oldham Athletic,Bradford Park Avenue,2,0,2,2,2,2,1
1908,Oldham Athletic,Derby County,1,1,2,2,2,0,0
1908,Oldham Athletic,Leeds City,6,0,2,2,6,6,1
1908,Oldham Athletic,Tottenham Hotspur,1,0,2,2,1,1,1
1908,Stockport County,Chesterfield,2,0,2,2,2,2,1
1908,Stockport County,Gainsborough Trinity,0,1,2,2,1,-1,0
1908,Tottenham Hotspur,Blackpool,4,1,2,2,5,3,1
1908,Tottenham Hotspur,Leyton Orient,0,1,2,2,1,-1,0
1908,West Bromwich Albion,Birmingham City,1,1,2,2,2,0,0
1908,West Bromwich Albion,Derby County,2,0,2,2,2,2,1
1908,West Bromwich Albion,Leeds City,2,1,2,2,3,1,1
1908,West Bromwich Albion,Stockport County,2,0,2,2,2,2,1
1908,Wolverhampton Wanderers,Hull City,3,0,2,2,3,3,1
1908,Wolverhampton Wanderers,West Bromwich Albion,0,1,2,2,1,-1,0
1909,Arsenal,Bolton Wanderers,2,0,1,1,2,2,1
1909,Arsenal,Liverpool,1,1,1,1,2,0,0
1909,Aston Villa,Everton,3,1,1,1,4,2,1
1909,Aston Villa,Middlesbrough,4,2,1,1,6,2,1
1909,Aston Villa,Notts County,1,1,1,1,2,0,0
1909,Blackburn Rovers,Bradford City,2,0,1,1,2,2,1
1909,Blackburn Rovers,Chelsea,1,0,1,1,1,1,1
1909,Blackburn Rovers,Manchester United,3,2,1,1,5,1,1
1909,Blackburn Rovers,Sheffield United,3,1,1,1,4,2,1
1909,Bolton Wanderers,Blackburn Rovers,1,2,1,1,3,-1,0
1909,Bolton Wanderers,Newcastle United,0,4,1,1,4,-4,0
1909,Bolton Wanderers,Preston North End,3,1,1,1,4,2,1
1909,Bradford City,Bristol City,3,1,1,1,4,2,1
1909,Bradford City,Sheffield Wednesday,2,0,1,1,2,2,1
1909,Bristol City,Chelsea,1,0,1,1,1,1,1
1909,Bristol City,Nottingham Forest,4,0,1,1,4,4,1
1909,Bury,Liverpool,1,2,1,1,3,-1,0
1909,Bury,Sunderland,0,1,1,1,1,-1,0
1909,Chelsea,Bradford City,0,3,1,1,3,-3,0
1909,Chelsea,Everton,0,1,1,1,1,-1,0
1909,Chelsea,Sheffield Wednesday,4,1,1,1,5,3,1
1909,Everton,Arsenal,1,0,1,1,1,1,1
1909,Everton,Nottingham Forest,0,4,1,1,4,-4,0
1909,Everton,Tottenham Hotspur,4,2,1,1,6,2,1
1909,Liverpool,Newcastle United,6,5,1,1,11,1,1
1909,Manchester United,Aston Villa,2,0,1,1,2,2,1
1909,Manchester United,Chelsea,2,0,1,1,2,2,1
1909,Manchester United,Middlesbrough,4,1,1,1,5,3,1
1909,Middlesbrough,Bolton Wanderers,1,2,1,1,3,-1,0
1909,Middlesbrough,Bury,0,5,1,1,5,-5,0
1909,Middlesbrough,Tottenham Hotspur,4,3,1,1,7,1,1
1909,Newcastle United,Bristol City,3,1,1,1,4,2,1
1909,Newcastle United,Everton,1,2,1,1,3,-1,0
1909,Newcastle United,Middlesbrough,2,0,1,1,2,2,1
1909,Newcastle United,Preston North End,5,2,1,1,7,3,1
1909,Newcastle United,Sunderland,1,0,1,1,1,1,1
1909,Nottingham Forest,Aston Villa,1,4,1,1,5,-3,0
1909,Nottingham Forest,Bradford City,1,1,1,1,2,0,0
1909,Nottingham Forest,Manchester United,2,0,1,1,2,2,1
1909,Nottingham Forest,Sheffield Wednesday,0,6,1,1,6,-6,0
1909,Notts County,Bury,3,1,1,1,4,2,1
1909,Notts County,Liverpool,3,1,1,1,4,2,1
1909,Preston North End,Blackburn Rovers,3,2,1,1,5,1,1
1909,Preston North End,Everton,0,1,1,1,1,-1,0
1909,Sheffield United,Aston Villa,0,1,1,1,1,-1,0
1909,Sheffield United,Bradford City,1,2,1,1,3,-1,0
1909,Sheffield United,Nottingham Forest,1,4,1,1,5,-3,0
1909,Sheffield Wednesday,Arsenal,1,1,1,1,2,0,0
1909,Sheffield Wednesday,Bolton Wanderers,0,0,1,1,0,0,0
1909,Sheffield Wednesday,Bury,1,4,1,1,5,-3,0
1909,Sheffield Wednesday,Tottenham Hotspur,1,1,1,1,2,0,0
1909,Sunderland,Blackburn Rovers,0,0,1,1,0,0,0
1909,Sunderland,Notts County,0,3,1,1,3,-3,0
1909,Tottenham Hotspur,Bradford City,0,0,1,1,0,0,0
1909,Tottenham Hotspur,Manchester United,2,2,1,1,4,0,0
1909,Barnsley,Birmingham City,5,1,2,2,6,4,1
1909,Barnsley,Burnley,0,0,2,2,0,0,0
1909,Birmingham City,Bradford Park Avenue,0,1,2,2,1,-1,0
1909,Birmingham City,Leicester City,2,1,2,2,3,1,1
1909,Birmingham City,Manchester City,1,1,2,2,2,0,0
1909,Blackpool,Birmingham City,2,0,2,2,2,2,1
1909,Blackpool,Glossop North End,1,1,2,2,2,0,0
1909,Blackpool,Leeds City,3,1,2,2,4,2,1
1909,Blackpool,Lincoln City,3,0,2,2,3,3,1
1909,Bradford Park Avenue,Gainsborough Trinity,2,0,2,2,2,2,1
1909,Bradford Park Avenue,Hull City,0,1,2,2,1,-1,0
1909,Burnley,Blackpool,5,1,2,2,6,4,1
1909,Burnley,Fulham,2,0,2,2,2,2,1
1909,Derby County,Birmingham City,3,1,2,2,4,2,1
1909,Derby County,Glossop North End,2,1,2,2,3,1,1
1909,Fulham,Barnsley,3,0,2,2,3,3,1
1909,Fulham,Leyton Orient,0,0,2,2,0,0,0
1909,Fulham,Oldham Athletic,1,1,2,2,2,0,0
1909,Fulham,Wolverhampton Wanderers,0,0,2,2,0,0,0
1909,Gainsborough Trinity,Blackpool,3,1,2,2,4,2,1
1909,Gainsborough Trinity,West Bromwich Albion,3,1,2,2,4,2,1
1909,Glossop North End,Birmingham City,4,1,2,2,5,3,1
1909,Glossop North End,Lincoln City,0,1,2,2,1,-1,0
1909,Grimsby Town,Barnsley,7,0,2,2,7,7,1
1909,Grimsby Town,Bradford Park Avenue,0,1,2,2,1,-1,0
1909,Grimsby Town,Fulham,0,2,2,2,2,-2,0
1909,Grimsby Town,Wolverhampton Wanderers,1,0,2,2,1,1,1
1909,Hull City,Derby County,0,0,2,2,0,0,0
1909,Hull City,Glossop North End,4,2,2,2,6,2,1
1909,Hull City,Leicester City,2,1,2,2,3,1,1
1909,Hull City,Manchester City,1,2,2,2,3,-1,0
1909,Leeds City,Birmingham City,2,1,2,2,3,1,1
1909,Leeds City,Hull City,1,1,2,2,2,0,0
1909,Leicester City,Barnsley,1,1,2,2,2,0,0
1909,Leicester City,Bradford Park Avenue,3,0,2,2,3,3,1
1909,Leicester City,Fulham,2,3,2,2,5,-1,0
1909,Leicester City,Grimsby Town,3,1,2,2,4,2,1
1909,Leicester City,Leyton Orient,4,0,2,2,4,4,1
1909,Leicester City,Oldham Athletic,3,0,2,2,3,3,1
1909,Leyton Orient,Derby County,0,2,2,2,2,-2,0
1909,Leyton Orient,Leeds City,0,2,2,2,2,-2,0
1909,Leyton Orient,Manchester City,3,2,2,2,5,1,1
1909,Lincoln City,Birmingham City,3,2,2,2,5,1,1
1909,Lincoln City,Burnley,0,0,2,2,0,0,0
1909,Lincoln City,Gainsborough Trinity,4,0,2,2,4,4,1
1909,Lincoln City,Stockport County,1,0,2,2,1,1,1
1909,Manchester City,Barnsley,0,0,2,2,0,0,0
1909,Manchester City,Oldham Athletic,0,2,2,2,2,-2,0
1909,Oldham Athletic,Derby County,4,0,2,2,4,4,1
1909,Oldham Athletic,Lincoln City,6,1,2,2,7,5,1
1909,Stockport County,Burnley,1,1,2,2,2,0,0
1909,West Bromwich Albion,Bradford Park Avenue,1,0,2,2,1,1,1
1909,West Bromwich Albion,Manchester City,0,0,2,2,0,0,0
1909,West Bromwich Albion,Wolverhampton Wanderers,0,1,2,2,1,-1,0
1910,Arsenal,Newcastle United,1,2,1,1,3,-1,0
1910,Arsenal,Sheffield Wednesday,1,0,1,1,1,1,1
1910,Aston Villa,Bristol City,2,0,1,1,2,2,1
1910,Aston Villa,Middlesbrough,5,0,1,1,5,5,1
1910,Aston Villa,Notts County,3,1,1,1,4,2,1
1910,Aston Villa,Sheffield United,3,0,1,1,3,3,1
1910,Blackburn Rovers,Manchester United,1,0,1,1,1,1,1
1910,Blackburn Rovers,Nottingham Forest,4,1,1,1,5,3,1
1910,Blackburn Rovers,Sunderland,0,1,1,1,1,-1,0
1910,Bradford City,Oldham Athletic,1,2,1,1,3,-1,0
1910,Bradford City,Sheffield Wednesday,5,2,1,1,7,3,1
1910,Bristol City,Arsenal,0,1,1,1,1,-1,0
1910,Bristol City,Bradford City,0,2,1,1,2,-2,0
1910,Bristol City,Notts County,1,0,1,1,1,1,1
1910,Bristol City,Sheffield United,0,2,1,1,2,-2,0
1910,Bristol City,Tottenham Hotspur,0,2,1,1,2,-2,0
1910,Bury,Blackburn Rovers,2,2,1,1,4,0,0
1910,Bury,Everton,0,0,1,1,0,0,0
1910,Bury,Nottingham Forest,1,0,1,1,1,1,1
1910,Bury,Sunderland,0,0,1,1,0,0,0
1910,Everton,Aston Villa,0,1,1,1,1,-1,0
1910,Everton,Manchester City,1,0,1,1,1,1,1
1910,Everton,Newcastle United,1,5,1,1,6,-4,0
1910,Everton,Oldham Athletic,1,0,1,1,1,1,1
1910,Everton,Sheffield Wednesday,1,1,1,1,2,0,0
1910,Liverpool,Bradford City,1,2,1,1,3,-1,0
1910,Liverpool,Middlesbrough,3,0,1,1,3,3,1
1910,Liverpool,Sheffield United,2,0,1,1,2,2,1
1910,Liverpool,Tottenham Hotspur,1,2,1,1,3,-1,0
1910,Manchester City,Blackburn Rovers,0,0,1,1,0,0,0
1910,Manchester United,Aston Villa,2,0,1,1,2,2,1
1910,Manchester United,Liverpool,2,0,1,1,2,2,1
1910,Manchester United,Oldham Athletic,0,0,1,1,0,0,0
1910,Middlesbrough,Arsenal,1,1,1,1,2,0,0
1910,Middlesbrough,Everton,1,0,1,1,1,1,1
1910,Middlesbrough,Notts County,4,1,1,1,5,3,1
1910,Newcastle United,Bury,5,1,1,1,6,4,1
1910,Newcastle United,Nottingham Forest,4,1,1,1,5,3,1
1910,Newcastle United,Preston North End,1,1,1,1,2,0,0
1910,Nottingham Forest,Aston Villa,3,1,1,1,4,2,1
1910,Nottingham Forest,Liverpool,2,0,1,1,2,2,1
1910,Nottingham Forest,Middlesbrough,1,1,1,1,2,0,0
1910,Nottingham Forest,Sheffield Wednesday,0,1,1,1,1,-1,0
1910,Notts County,Arsenal,0,2,1,1,2,-2,0
1910,Notts County,Bradford City,1,1,1,1,2,0,0
1910,Notts County,Manchester United,1,0,1,1,1,1,1
1910,Notts County,Nottingham Forest,1,1,1,1,2,0,0
1910,Oldham Athletic,Sunderland,2,1,1,1,3,1,1
1910,Preston North End,Aston Villa,0,1,1,1,1,-1,0
1910,Preston North End,Liverpool,2,1,1,1,3,1,1
1910,Preston North End,Middlesbrough,1,1,1,1,2,0,0
1910,Sheffield United,Bradford City,0,1,1,1,1,-1,0
1910,Sheffield United,Manchester United,2,0,1,1,2,2,1
1910,Sheffield United,Nottingham Forest,0,1,1,1,1,-1,0
1910,Sheffield United,Preston North End,5,0,1,1,5,5,1
1910,Sheffield Wednesday,Bury,1,0,1,1,1,1,1
1910,Sheffield Wednesday,Manchester City,4,1,1,1,5,3,1
1910,Sheffield Wednesday,Newcastle United,0,2,1,1,2,-2,0
1910,Sheffield Wednesday,Oldham Athletic,2,0,1,1,2,2,1
1910,Sunderland,Bristol City,3,1,1,1,4,2,1
1910,Sunderland,Liverpool,4,0,1,1,4,4,1
1910,Tottenham Hotspur,Bradford City,2,0,1,1,2,2,1
1910,Tottenham Hotspur,Everton,0,1,1,1,1,-1,0
1910,Tottenham Hotspur,Manchester United,2,2,1,1,4,0,0
1910,Tottenham Hotspur,Sunderland,1,1,1,1,2,0,0
1910,Barnsley,Hull City,0,1,2,2,1,-1,0
1910,Barnsley,West Bromwich Albion,1,1,2,2,2,0,0
1910,Birmingham City,Burnley,1,1,2,2,2,0,0
1910,Birmingham City,Fulham,1,1,2,2,2,0,0
1910,Birmingham City,Huddersfield Town,2,1,2,2,3,1,1
1910,Birmingham City,Leicester City,1,0,2,2,1,1,1
1910,Blackpool,Barnsley,1,0,2,2,1,1,1
1910,Blackpool,Bradford Park Avenue,4,1,2,2,5,3,1
1910,Blackpool,Derby County,0,1,2,2,1,-1,0
1910,Blackpool,Lincoln City,5,1,2,2,6,4,1
1910,Bolton Wanderers,Blackpool,1,0,2,2,1,1,1
1910,Bolton Wanderers,Gainsborough Trinity,3,0,2,2,3,3,1
1910,Bolton Wanderers,Hull City,2,1,2,2,3,1,1
1910,Bradford Park Avenue,Birmingham City,2,2,2,2,4,0,0
1910,Bradford Park Avenue,Burnley,1,1,2,2,2,0,0
1910,Bradford Park Avenue,Fulham,1,0,2,2,1,1,1
1910,Bradford Park Avenue,Leicester City,3,1,2,2,4,2,1
1910,Bradford Park Avenue,Stockport County,3,2,2,2,5,1,1
1910,Burnley,Derby County,2,1,2,2,3,1,1
1910,Burnley,Glossop North End,0,0,2,2,0,0,0
1910,Chelsea,Burnley,3,0,2,2,3,3,1
1910,Chelsea,Leyton Orient,1,0,2,2,1,1,1
1910,Chelsea,West Bromwich Albion,2,1,2,2,3,1,1
1910,Derby County,Fulham,2,2,2,2,4,0,0
1910,Derby County,Stockport County,4,1,2,2,5,3,1
1910,Fulham,Barnsley,0,2,2,2,2,-2,0
1910,Fulham,Chelsea,1,0,2,2,1,1,1
1910,Fulham,Lincoln City,0,0,2,2,0,0,0
1910,Gainsborough Trinity,Burnley,1,2,2,2,3,-1,0
1910,Gainsborough Trinity,Fulham,0,1,2,2,1,-1,0
1910,Gainsborough Trinity,Leyton Orient,3,1,2,2,4,2,1
1910,Glossop North End,Huddersfield Town,5,2,2,2,7,3,1
1910,Glossop North End,Stockport County,3,0,2,2,3,3,1
1910,Huddersfield Town,Barnsley,2,0,2,2,2,2,1
1910,Huddersfield Town,Bolton Wanderers,1,1,2,2,2,0,0
1910,Huddersfield Town,Chelsea,3,1,2,2,4,2,1
1910,Hull City,Blackpool,1,1,2,2,2,0,0
1910,Hull City,Burnley,3,0,2,2,3,3,1
1910,Hull City,Fulham,0,0,2,2,0,0,0
1910,Hull City,Huddersfield Town,2,2,2,2,4,0,0
1910,Hull City,West Bromwich Albion,1,1,2,2,2,0,0
1910,Leeds City,Birmingham City,1,1,2,2,2,0,0
1910,Leeds City,Bradford Park Avenue,2,0,2,2,2,2,1
1910,Leeds City,Derby County,3,2,2,2,5,1,1
1910,Leeds City,Leicester City,2,3,2,2,5,-1,0
1910,Leeds City,Stockport County,4,0,2,2,4,4,1
1910,Leicester City,Bolton Wanderers,5,0,2,2,5,5,1
1910,Leicester City,Chelsea,1,0,2,2,1,1,1
1910,Leicester City,Gainsborough Trinity,1,0,2,2,1,1,1
1910,Leicester City,Hull City,0,2,2,2,2,-2,0
1910,Leyton Orient,Blackpool,2,1,2,2,3,1,1
1910,Leyton Orient,Burnley,0,2,2,2,2,-2,0
1910,Lincoln City,Bradford Park Avenue,0,0,2,2,0,0,0
1910,Lincoln City,Derby County,0,2,2,2,2,-2,0
1910,Lincoln City,Glossop North End,2,2,2,2,4,0,0
1910,Stockport County,Bolton Wanderers,0,1,2,2,1,-1,0
1910,Stockport County,Chelsea,2,2,2,2,4,0,0
1910,Stockport County,Wolverhampton Wanderers,1,0,2,2,1,1,1
1910,West Bromwich Albion,Burnley,2,1,2,2,3,1,1
1910,West Bromwich Albion,Huddersfield Town,1,0,2,2,1,1,1
1910,West Bromwich Albion,Stockport County,4,2,2,2,6,2,1
1910,Wolverhampton Wanderers,Birmingham City,3,1,2,2,4,2,1
1910,Wolverhampton Wanderers,Bradford Park Avenue,0,0,2,2,0,0,0
1910,Wolverhampton Wanderers,Glossop North End,2,0,2,2,2,2,1
1910,Wolverhampton Wanderers,Leeds City,3,1,2,2,4,2,1
1911,Arsenal,Aston Villa,2,2,1,1,4,0,0
1911,Arsenal,Bradford City,2,0,1,1,2,2,1
1911,Arsenal,Middlesbrough,3,1,1,1,4,2,1
1911,Aston Villa,Bolton Wanderers,0,1,1,1,1,-1,0
1911,Aston Villa,Manchester United,6,0,1,1,6,6,1
1911,Aston Villa,Notts County,5,1,1,1,6,4,1
1911,Blackburn Rovers,Manchester City,2,0,1,1,2,2,1
1911,Blackburn Rovers,Newcastle United,1,1,1,1,2,0,0
1911,Blackburn Rovers,Preston North End,3,0,1,1,3,3,1
1911,Blackburn Rovers,Sunderland,2,2,1,1,4,0,0
1911,Bolton Wanderers,Arsenal,2,2,1,1,4,0,0
1911,Bolton Wanderers,Bradford City,2,0,1,1,2,2,1
1911,Bolton Wanderers,Middlesbrough,1,0,1,1,1,1,1
1911,Bolton Wanderers,Oldham Athletic,2,1,1,1,3,1,1
1911,Bradford City,Blackburn Rovers,1,0,1,1,1,1,1
1911,Bradford City,Everton,1,0,1,1,1,1,1
1911,Bradford City,Manchester United,0,1,1,1,1,-1,0
1911,Bury,Aston Villa,1,1,1,1,2,0,0
1911,Bury,Newcastle United,2,1,1,1,3,1,1
1911,Bury,Preston North End,0,0,1,1,0,0,0
1911,Everton,Arsenal,1,0,1,1,1,1,1
1911,Everton,Oldham Athletic,1,1,1,1,2,0,0
1911,Everton,West Bromwich Albion,3,0,1,1,3,3,1
1911,Liverpool,Bury,1,1,1,1,2,0,0
1911,Liverpool,Manchester United,3,2,1,1,5,1,1
1911,Liverpool,Notts County,3,0,1,1,3,3,1
1911,Liverpool,Tottenham Hotspur,1,2,1,1,3,-1,0
1911,Manchester City,Aston Villa,2,6,1,1,8,-4,0
1911,Manchester City,Bradford City,4,0,1,1,4,4,1
1911,Manchester City,Liverpool,2,3,1,1,5,-1,0
1911,Manchester City,Newcastle United,1,1,1,1,2,0,0
1911,Manchester United,Bolton Wanderers,2,0,1,1,2,2,1
1911,Manchester United,Sheffield Wednesday,3,1,1,1,4,2,1
1911,Middlesbrough,Blackburn Rovers,2,1,1,1,3,1,1
1911,Middlesbrough,Manchester City,3,1,1,1,4,2,1
1911,Middlesbrough,Notts County,4,0,1,1,4,4,1
1911,Middlesbrough,Sheffield United,1,1,1,1,2,0,0
1911,Newcastle United,Liverpool,1,1,1,1,2,0,0
1911,Newcastle United,Middlesbrough,0,1,1,1,1,-1,0
1911,Notts County,Arsenal,3,1,1,1,4,2,1
1911,Notts County,Bolton Wanderers,3,2,1,1,5,1,1
1911,Notts County,Everton,0,1,1,1,1,-1,0
1911,Notts County,Manchester United,0,1,1,1,1,-1,0
1911,Notts County,Oldham Athletic,1,1,1,1,2,0,0
1911,Notts County,Sheffield Wednesday,1,0,1,1,1,1,1
1911,Notts County,West Bromwich Albion,2,0,1,1,2,2,1
1911,Oldham Athletic,Newcastle United,2,4,1,1,6,-2,0
1911,Oldham Athletic,Tottenham Hotspur,2,1,1,1,3,1,1
1911,Preston North End,Aston Villa,4,1,1,1,5,3,1
1911,Preston North End,Middlesbrough,0,3,1,1,3,-3,0
1911,Preston North End,Oldham Athletic,0,1,1,1,1,-1,0
1911,Preston North End,Sunderland,0,3,1,1,3,-3,0
1911,Sheffield Wednesday,Blackburn Rovers,1,1,1,1,2,0,0
1911,Sheffield Wednesday,Bury,2,1,1,1,3,1,1
1911,Sheffield Wednesday,Manchester City,3,0,1,1,3,3,1
1911,Sheffield Wednesday,Newcastle United,1,2,1,1,3,-1,0
1911,Sheffield Wednesday,Preston North End,0,1,1,1,1,-1,0
1911,Sunderland,Aston Villa,2,2,1,1,4,0,0
1911,Sunderland,Middlesbrough,1,0,1,1,1,1,1
1911,Sunderland,Oldham Athletic,4,2,1,1,6,2,1
1911,Tottenham Hotspur,Arsenal,5,0,1,1,5,5,1
1911,Tottenham Hotspur,Everton,0,1,1,1,1,-1,0
1911,Tottenham Hotspur,Manchester United,1,1,1,1,2,0,0
1911,Tottenham Hotspur,Notts County,2,2,1,1,4,0,0
1911,Tottenham Hotspur,West Bromwich Albion,1,0,1,1,1,1,1
1911,West Bromwich Albion,Blackburn Rovers,2,0,1,1,2,2,1
1911,West Bromwich Albion,Bury,2,0,1,1,2,2,1
1911,West Bromwich Albion,Newcastle United,3,1,1,1,4,2,1
1911,West Bromwich Albion,Preston North End,0,2,1,1,2,-2,0
1911,West Bromwich Albion,Sunderland,1,0,1,1,1,1,1
1911,Barnsley,Burnley,1,1,2,2,2,0,0
1911,Barnsley,Fulham,2,2,2,2,4,0,0
1911,Barnsley,Leeds City,3,4,2,2,7,-1,0
1911,Birmingham City,Bristol City,0,0,2,2,0,0,0
1911,Birmingham City,Glossop North End,2,0,2,2,2,2,1
1911,Birmingham City,Leyton Orient,4,0,2,2,4,4,1
1911,Birmingham City,Wolverhampton Wanderers,3,1,2,2,4,2,1
1911,Blackpool,Chelsea,1,0,2,2,1,1,1
1911,Blackpool,Huddersfield Town,3,1,2,2,4,2,1
1911,Blackpool,Stockport County,0,1,2,2,1,-1,0
1911,Bradford Park Avenue,Birmingham City,3,0,2,2,3,3,1
1911,Bradford Park Avenue,Burnley,2,1,2,2,3,1,1
1911,Bristol City,Derby County,1,1,2,2,2,0,0
1911,Bristol City,Glossop North End,2,0,2,2,2,2,1
1911,Bristol City,Leyton Orient,1,0,2,2,1,1,1
1911,Burnley,Chelsea,2,2,2,2,4,0,0
1911,Burnley,Huddersfield Town,3,0,2,2,3,3,1
1911,Burnley,Leicester City,3,0,2,2,3,3,1
1911,Burnley,Stockport County,4,1,2,2,5,3,1
1911,Chelsea,Grimsby Town,4,1,2,2,5,3,1
1911,Chelsea,Nottingham Forest,2,0,2,2,2,2,1
1911,Derby County,Bradford Park Avenue,1,0,2,2,1,1,1
1911,Derby County,Chelsea,2,0,2,2,2,2,1
1911,Derby County,Glossop North End,5,0,2,2,5,5,1
1911,Derby County,Wolverhampton Wanderers,1,1,2,2,2,0,0
1911,Fulham,Blackpool,3,0,2,2,3,3,1
1911,Fulham,Burnley,3,4,2,2,7,-1,0
1911,Fulham,Huddersfield Town,3,1,2,2,4,2,1
1911,Fulham,Stockport County,3,1,2,2,4,2,1
1911,Gainsborough Trinity,Leeds City,2,1,2,2,3,1,1
1911,Glossop North End,Bradford Park Avenue,0,0,2,2,0,0,0
1911,Glossop North End,Hull City,1,1,2,2,2,0,0
1911,Glossop North End,Leyton Orient,3,3,2,2,6,0,0
1911,Glossop North End,Wolverhampton Wanderers,0,1,2,2,1,-1,0
1911,Grimsby Town,Blackpool,1,0,2,2,1,1,1
1911,Grimsby Town,Burnley,1,0,2,2,1,1,1
1911,Grimsby Town,Fulham,1,0,2,2,1,1,1
1911,Grimsby Town,Huddersfield Town,1,2,2,2,3,-1,0
1911,Grimsby Town,Leicester City,4,0,2,2,4,4,1
1911,Huddersfield Town,Derby County,0,0,2,2,0,0,0
1911,Huddersfield Town,Glossop North End,3,1,2,2,4,2,1
1911,Huddersfield Town,Nottingham Forest,1,2,2,2,3,-1,0
1911,Hull City,Bradford Park Avenue,5,1,2,2,6,4,1
1911,Hull City,Chelsea,1,0,2,2,1,1,1
1911,Hull City,Gainsborough Trinity,1,1,2,2,2,0,0
1911,Hull City,Huddersfield Town,0,1,2,2,1,-1,0
1911,Hull City,Leyton Orient,0,2,2,2,2,-2,0
1911,Leeds City,Blackpool,1,0,2,2,1,1,1
1911,Leeds City,Fulham,0,2,2,2,2,-2,0
1911,Leeds City,Grimsby Town,1,2,2,2,3,-1,0
1911,Leeds City,Leicester City,2,1,2,2,3,1,1
1911,Leeds City,Stockport County,1,1,2,2,2,0,0
1911,Leicester City,Bristol City,2,0,2,2,2,2,1
1911,Leicester City,Glossop North End,1,0,2,2,1,1,1
1911,Leicester City,Hull City,3,0,2,2,3,3,1
1911,Leyton Orient,Bradford Park Avenue,2,0,2,2,2,2,1
1911,Leyton Orient,Gainsborough Trinity,3,0,2,2,3,3,1
1911,Nottingham Forest,Blackpool,2,1,2,2,3,1,1
1911,Stockport County,Bristol City,1,0,2,2,1,1,1
1911,Stockport County,Glossop North End,3,0,2,2,3,3,1
1911,Stockport County,Hull City,1,1,2,2,2,0,0
1911,Wolverhampton Wanderers,Chelsea,3,1,2,2,4,2,1
1911,Wolverhampton Wanderers,Gainsborough Trinity,1,0,2,2,1,1,1
1912,Arsenal,Bolton Wanderers,1,2,1,1,3,-1,0
1912,Arsenal,Manchester City,0,4,1,1,4,-4,0
1912,Aston Villa,Blackburn Rovers,1,1,1,1,2,0,0
1912,Aston Villa,Chelsea,1,0,1,1,1,1,1
1912,Blackburn Rovers,Bradford City,5,0,1,1,5,5,1
1912,Blackburn Rovers,West Bromwich Albion,2,4,1,1,6,-2,0
1912,Bolton Wanderers,Blackburn Rovers,1,1,1,1,2,0,0
1912,Bolton Wanderers,Derby County,1,1,1,1,2,0,0
1912,Bolton Wanderers,Sheffield United,4,2,1,1,6,2,1
1912,Bradford City,Middlesbrough,1,2,1,1,3,-1,0
1912,Bradford City,Sunderland,1,5,1,1,6,-4,0
1912,Chelsea,Bolton Wanderers,2,3,1,1,5,-1,0
1912,Chelsea,Notts County,5,2,1,1,7,3,1
1912,Chelsea,Sheffield Wednesday,0,4,1,1,4,-4,0
1912,Derby County,Chelsea,3,1,1,1,4,2,1
1912,Derby County,Newcastle United,2,1,1,1,3,1,1
1912,Everton,Aston Villa,0,1,1,1,1,-1,0
1912,Everton,Middlesbrough,1,0,1,1,1,1,1
1912,Liverpool,Arsenal,3,0,1,1,3,3,1
1912,Liverpool,Bolton Wanderers,5,0,1,1,5,5,1
1912,Liverpool,Manchester United,0,2,1,1,2,-2,0
1912,Liverpool,Sheffield Wednesday,2,1,1,1,3,1,1
1912,Manchester City,Chelsea,2,0,1,1,2,2,1
1912,Manchester City,Liverpool,4,1,1,1,5,3,1
1912,Manchester City,Newcastle United,0,1,1,1,1,-1,0
1912,Manchester City,Sheffield United,3,0,1,1,3,3,1
1912,Manchester United,Aston Villa,4,0,1,1,4,4,1
1912,Manchester United,Bradford City,2,0,1,1,2,2,1
1912,Manchester United,Oldham Athletic,0,0,1,1,0,0,0
1912,Middlesbrough,Bolton Wanderers,4,0,1,1,4,4,1
1912,Middlesbrough,Derby County,4,1,1,1,5,3,1
1912,Middlesbrough,Manchester City,0,0,1,1,0,0,0
1912,Middlesbrough,Notts County,1,1,1,1,2,0,0
1912,Middlesbrough,West Bromwich Albion,3,1,1,1,4,2,1
1912,Newcastle United,Blackburn Rovers,0,1,1,1,1,-1,0
1912,Newcastle United,Chelsea,3,2,1,1,5,1,1
1912,Newcastle United,Liverpool,0,0,1,1,0,0,0
1912,Newcastle United,Middlesbrough,3,1,1,1,4,2,1
1912,Newcastle United,Tottenham Hotspur,3,0,1,1,3,3,1
1912,Notts County,Bradford City,1,1,1,1,2,0,0
1912,Notts County,Everton,0,1,1,1,1,-1,0
1912,Oldham Athletic,Arsenal,0,0,1,1,0,0,0
1912,Oldham Athletic,Derby County,2,2,1,1,4,0,0
1912,Oldham Athletic,Newcastle United,1,0,1,1,1,1,1
1912,Oldham Athletic,West Bromwich Albion,0,0,1,1,0,0,0
1912,Sheffield United,Liverpool,4,1,1,1,5,3,1
1912,Sheffield United,Tottenham Hotspur,4,0,1,1,4,4,1
1912,Sheffield Wednesday,Aston Villa,1,1,1,1,2,0,0
1912,Sheffield Wednesday,Bradford City,6,0,1,1,6,6,1
1912,Sheffield Wednesday,Manchester United,3,3,1,1,6,0,0
1912,Sunderland,Bolton Wanderers,2,1,1,1,3,1,1
1912,Sunderland,Derby County,0,2,1,1,2,-2,0
1912,Sunderland,Newcastle United,2,0,1,1,2,2,1
1912,Sunderland,Sheffield United,1,0,1,1,1,1,1
1912,Tottenham Hotspur,Chelsea,1,0,1,1,1,1,1
1912,Tottenham Hotspur,Liverpool,1,0,1,1,1,1,1
1912,Tottenham Hotspur,Middlesbrough,5,3,1,1,8,2,1
1912,Tottenham Hotspur,Oldham Athletic,1,0,1,1,1,1,1
1912,West Bromwich Albion,Aston Villa,2,2,1,1,4,0,0
1912,West Bromwich Albion,Bradford City,1,1,1,1,2,0,0
1912,West Bromwich Albion,Everton,0,0,1,1,0,0,0
1912,Barnsley,Fulham,2,1,2,2,3,1,1
1912,Barnsley,Huddersfield Town,2,0,2,2,2,2,1
1912,Barnsley,Leicester City,1,0,2,2,1,1,1
1912,Birmingham City,Bury,1,2,2,2,3,-1,0
1912,Birmingham City,Grimsby Town,2,1,2,2,3,1,1
1912,Birmingham City,Lincoln City,4,1,2,2,5,3,1
1912,Birmingham City,Stockport County,1,1,2,2,2,0,0
1912,Blackpool,Burnley,0,2,2,2,2,-2,0
1912,Blackpool,Hull City,1,2,2,2,3,-1,0
1912,Blackpool,Leyton Orient,2,0,2,2,2,2,1
1912,Blackpool,Preston North End,0,1,2,2,1,-1,0
1912,Bradford Park Avenue,Barnsley,0,0,2,2,0,0,0
1912,Bradford Park Avenue,Bristol City,4,1,2,2,5,3,1
1912,Bradford Park Avenue,Fulham,2,3,2,2,5,-1,0
1912,Bradford Park Avenue,Huddersfield Town,2,1,2,2,3,1,1
1912,Bradford Park Avenue,Leicester City,2,2,2,2,4,0,0
1912,Bradford Park Avenue,Nottingham Forest,3,1,2,2,4,2,1
1912,Bristol City,Blackpool,0,0,2,2,0,0,0
1912,Bristol City,Bury,1,5,2,2,6,-4,0
1912,Bristol City,Stockport County,7,2,2,2,9,5,1
1912,Burnley,Birmingham City,3,0,2,2,3,3,1
1912,Burnley,Glossop North End,2,1,2,2,3,1,1
1912,Bury,Bradford Park Avenue,2,0,2,2,2,2,1
1912,Bury,Wolverhampton Wanderers,1,0,2,2,1,1,1
1912,Fulham,Grimsby Town,0,1,2,2,1,-1,0
1912,Fulham,Leeds City,4,0,2,2,4,4,1
1912,Fulham,Stockport County,7,0,2,2,7,7,1
1912,Glossop North End,Bristol City,3,1,2,2,4,2,1
1912,Glossop North End,Fulham,2,0,2,2,2,2,1
1912,Glossop North End,Hull City,0,3,2,2,3,-3,0
1912,Glossop North End,Leyton Orient,3,0,2,2,3,3,1
1912,Glossop North End,Preston North End,2,3,2,2,5,-1,0
1912,Grimsby Town,Barnsley,1,1,2,2,2,0,0
1912,Huddersfield Town,Burnley,1,0,2,2,1,1,1
1912,Huddersfield Town,Glossop North End,6,0,2,2,6,6,1
1912,Huddersfield Town,Leeds City,1,0,2,2,1,1,1
1912,Hull City,Birmingham City,1,2,2,2,3,-1,0
1912,Hull City,Fulham,0,1,2,2,1,-1,0
1912,Hull City,Huddersfield Town,1,3,2,2,4,-2,0
1912,Hull City,Leyton Orient,2,1,2,2,3,1,1
1912,Leeds City,Bradford Park Avenue,2,0,2,2,2,2,1
1912,Leeds City,Grimsby Town,1,2,2,2,3,-1,0
1912,Leeds City,Leicester City,5,1,2,2,6,4,1
1912,Leeds City,Wolverhampton Wanderers,2,2,2,2,4,0,0
1912,Leicester City,Burnley,2,3,2,2,5,-1,0
1912,Leicester City,Hull City,3,2,2,2,5,1,1
1912,Leicester City,Stockport County,4,1,2,2,5,3,1
1912,Leyton Orient,Fulham,2,1,2,2,3,1,1
1912,Leyton Orient,Preston North End,1,2,2,2,3,-1,0
1912,Lincoln City,Bradford Park Avenue,1,1,2,2,2,0,0
1912,Lincoln City,Nottingham Forest,2,1,2,2,3,1,1
1912,Lincoln City,Wolverhampton Wanderers,2,1,2,2,3,1,1
1912,Nottingham Forest,Burnley,2,1,2,2,3,1,1
1912,Nottingham Forest,Stockport County,2,1,2,2,3,1,1
1912,Preston North End,Fulham,1,0,2,2,1,1,1
1912,Preston North End,Huddersfield Town,2,1,2,2,3,1,1
1912,Preston North End,Nottingham Forest,1,1,2,2,2,0,0
1912,Stockport County,Bradford Park Avenue,1,0,2,2,1,1,1
1912,Stockport County,Leeds City,6,0,2,2,6,6,1
1912,Wolverhampton Wanderers,Leyton Orient,1,1,2,2,2,0,0
1912,Wolverhampton Wanderers,Preston North End,2,0,2,2,2,2,1
1913,Aston Villa,Middlesbrough,1,3,1,1,4,-2,0
1913,Aston Villa,Preston North End,3,0,1,1,3,3,1
1913,Blackburn Rovers,Everton,6,0,1,1,6,6,1
1913,Bolton Wanderers,Derby County,3,1,1,1,4,2,1
1913,Bolton Wanderers,Newcastle United,3,1,1,1,4,2,1
1913,Bradford City,Blackburn Rovers,0,2,1,1,2,-2,0
1913,Bradford City,Chelsea,0,0,1,1,0,0,0
1913,Bradford City,Liverpool,1,0,1,1,1,1,1
1913,Bradford City,Middlesbrough,2,3,1,1,5,-1,0
1913,Bradford City,Preston North End,0,0,1,1,0,0,0
1913,Burnley,Bradford City,2,2,1,1,4,0,0
1913,Burnley,Everton,2,0,1,1,2,2,1
1913,Burnley,Manchester United,1,2,1,1,3,-1,0
1913,Burnley,Sheffield Wednesday,3,0,1,1,3,3,1
1913,Chelsea,Manchester City,1,0,1,1,1,1,1
1913,Chelsea,Sheffield United,2,0,1,1,2,2,1
1913,Chelsea,Tottenham Hotspur,1,3,1,1,4,-2,0
1913,Derby County,Blackburn Rovers,2,3,1,1,5,-1,0
1913,Derby County,Preston North End,0,1,1,1,1,-1,0
1913,Everton,Aston Villa,1,4,1,1,5,-3,0
1913,Everton,Bradford City,1,1,1,1,2,0,0
1913,Everton,Manchester United,5,0,1,1,5,5,1
1913,Liverpool,Bolton Wanderers,2,1,1,1,3,1,1
1913,Liverpool,Chelsea,3,0,1,1,3,3,1
1913,Liverpool,Manchester City,4,2,1,1,6,2,1
1913,Liverpool,Newcastle United,0,0,1,1,0,0,0
1913,Liverpool,Tottenham Hotspur,2,1,1,1,3,1,1
1913,Manchester City,Preston North End,1,1,1,1,2,0,0
1913,Manchester United,Aston Villa,0,6,1,1,6,-6,0
1913,Manchester United,Bradford City,1,1,1,1,2,0,0
1913,Manchester United,Oldham Athletic,4,1,1,1,5,3,1
1913,Manchester United,West Bromwich Albion,1,0,1,1,1,1,1
1913,Middlesbrough,Bolton Wanderers,2,3,1,1,5,-1,0
1913,Middlesbrough,Liverpool,4,0,1,1,4,4,1
1913,Newcastle United,Blackburn Rovers,0,0,1,1,0,0,0
1913,Newcastle United,Burnley,3,1,1,1,4,2,1
1913,Newcastle United,Manchester United,0,1,1,1,1,-1,0
1913,Oldham Athletic,Aston Villa,0,1,1,1,1,-1,0
1913,Oldham Athletic,Bradford City,3,1,1,1,4,2,1
1913,Oldham Athletic,Derby County,0,0,1,1,0,0,0
1913,Oldham Athletic,Manchester City,1,3,1,1,4,-2,0
1913,Oldham Athletic,Newcastle United,3,0,1,1,3,3,1
1913,Oldham Athletic,Sheffield Wednesday,2,0,1,1,2,2,1
1913,Oldham Athletic,West Bromwich Albion,2,0,1,1,2,2,1
1913,Preston North End,Chelsea,3,3,1,1,6,0,0
1913,Preston North End,Sheffield United,2,4,1,1,6,-2,0
1913,Preston North End,Tottenham Hotspur,1,2,1,1,3,-1,0
1913,Sheffield United,Blackburn Rovers,1,1,1,1,2,0,0
1913,Sheffield United,Everton,4,1,1,1,5,3,1
1913,Sheffield Wednesday,Derby County,1,3,1,1,4,-2,0
1913,Sunderland,Liverpool,1,2,1,1,3,-1,0
1913,Sunderland,Middlesbrough,4,2,1,1,6,2,1
1913,Sunderland,Preston North End,3,1,1,1,4,2,1
1913,Tottenham Hotspur,Blackburn Rovers,3,3,1,1,6,0,0
1913,Tottenham Hotspur,Manchester United,2,1,1,1,3,1,1
1913,West Bromwich Albion,Aston Villa,1,0,1,1,1,1,1
1913,West Bromwich Albion,Bradford City,2,1,1,1,3,1,1
1913,West Bromwich Albion,Newcastle United,1,1,1,1,2,0,0
1913,Arsenal,Grimsby Town,2,0,2,2,2,2,1
1913,Barnsley,Bristol City,3,0,2,2,3,3,1
1913,Barnsley,Notts County,0,1,2,2,1,-1,0
1913,Birmingham City,Nottingham Forest,2,0,2,2,2,2,1
1913,Birmingham City,Wolverhampton Wanderers,4,1,2,2,5,3,1
1913,Blackpool,Birmingham City,2,2,2,2,4,0,0
1913,Blackpool,Grimsby Town,1,1,2,2,2,0,0
1913,Blackpool,Leeds City,2,2,2,2,4,0,0
1913,Bradford Park Avenue,Glossop North End,2,1,2,2,3,1,1
1913,Bradford Park Avenue,Hull City,2,0,2,2,2,2,1
1913,Bristol City,Fulham,0,1,2,2,1,-1,0
1913,Bristol City,Huddersfield Town,1,0,2,2,1,1,1
1913,Bury,Birmingham City,3,1,2,2,4,2,1
1913,Bury,Bristol City,3,1,2,2,4,2,1
1913,Fulham,Hull City,0,1,2,2,1,-1,0
1913,Glossop North End,Arsenal,0,2,2,2,2,-2,0
1913,Glossop North End,Bury,2,1,2,2,3,1,1
1913,Glossop North End,Leicester City,0,2,2,2,2,-2,0
1913,Glossop North End,Nottingham Forest,3,0,2,2,3,3,1
1913,Glossop North End,Wolverhampton Wanderers,1,2,2,2,3,-1,0
1913,Grimsby Town,Birmingham City,0,2,2,2,2,-2,0
1913,Grimsby Town,Leeds City,0,1,2,2,1,-1,0
1913,Huddersfield Town,Fulham,3,1,2,2,4,2,1
1913,Huddersfield Town,Notts County,2,1,2,2,3,1,1
1913,Hull City,Leicester City,0,0,2,2,0,0,0
1913,Leeds City,Birmingham City,3,2,2,2,5,1,1
1913,Leeds City,Lincoln City,1,0,2,2,1,1,1
1913,Leicester City,Fulham,3,0,2,2,3,3,1
1913,Leicester City,Notts County,0,2,2,2,2,-2,0
1913,Leyton Orient,Arsenal,1,0,2,2,1,1,1
1913,Leyton Orient,Grimsby Town,0,0,2,2,0,0,0
1913,Leyton Orient,Leeds City,3,1,2,2,4,2,1
1913,Leyton Orient,Wolverhampton Wanderers,2,2,2,2,4,0,0
1913,Lincoln City,Glossop North End,1,5,2,2,6,-4,0
1913,Lincoln City,Leyton Orient,0,0,2,2,0,0,0
1913,Lincoln City,Stockport County,0,3,2,2,3,-3,0
1913,Nottingham Forest,Bradford Park Avenue,1,0,2,2,1,1,1
1913,Nottingham Forest,Huddersfield Town,1,1,2,2,2,0,0
1913,Nottingham Forest,Leicester City,1,3,2,2,4,-2,0
1913,Notts County,Blackpool,2,0,2,2,2,2,1
1913,Notts County,Leeds City,4,0,2,2,4,4,1
1913,Notts County,Lincoln City,2,1,2,2,3,1,1
1913,Stockport County,Bristol City,5,1,2,2,6,4,1
1913,Stockport County,Hull City,2,1,2,2,3,1,1
1913,Stockport County,Leyton Orient,0,1,2,2,1,-1,0
1913,Wolverhampton Wanderers,Barnsley,0,1,2,2,1,-1,0
1913,Wolverhampton Wanderers,Bradford Park Avenue,1,0,2,2,1,1,1
1913,Wolverhampton Wanderers,Fulham,1,0,2,2,1,1,1
1913,Wolverhampton Wanderers,Huddersfield Town,2,2,2,2,4,0,0
1913,Wolverhampton Wanderers,Nottingham Forest,4,1,2,2,5,3,1
1914,Aston Villa,Blackburn Rovers,2,1,1,1,3,1,1
1914,Aston Villa,Notts County,2,1,1,1,3,1,1
1914,Aston Villa,Sheffield Wednesday,0,0,1,1,0,0,0
1914,Blackburn Rovers,Bradford City,2,1,1,1,3,1,1
1914,Blackburn Rovers,Manchester City,0,1,1,1,1,-1,0
1914,Blackburn Rovers,Newcastle United,2,3,1,1,5,-1,0
1914,Bolton Wanderers,Blackburn Rovers,3,2,1,1,5,1,1
1914,Bolton Wanderers,Oldham Athletic,2,0,1,1,2,2,1
1914,Bolton Wanderers,Sunderland,1,1,1,1,2,0,0
1914,Bradford Park Avenue,Bolton Wanderers,1,2,1,1,3,-1,0
1914,Bradford Park Avenue,Chelsea,3,0,1,1,3,3,1
1914,Bradford Park Avenue,Manchester City,3,1,1,1,4,2,1
1914,Burnley,Blackburn Rovers,3,2,1,1,5,1,1
1914,Burnley,Bradford Park Avenue,2,0,1,1,2,2,1
1914,Burnley,Middlesbrough,4,0,1,1,4,4,1
1914,Chelsea,Aston Villa,3,1,1,1,4,2,1
1914,Chelsea,Everton,2,0,1,1,2,2,1
1914,Everton,Manchester City,4,1,1,1,5,3,1
1914,Everton,Sheffield United,0,0,1,1,0,0,0
1914,Everton,Tottenham Hotspur,1,1,1,1,2,0,0
1914,Liverpool,Blackburn Rovers,3,0,1,1,3,3,1
1914,Liverpool,Middlesbrough,1,1,1,1,2,0,0
1914,Liverpool,Oldham Athletic,1,2,1,1,3,-1,0
1914,Liverpool,Sunderland,2,1,1,1,3,1,1
1914,Manchester City,Aston Villa,1,0,1,1,1,1,1
1914,Manchester City,Bradford City,4,1,1,1,5,3,1
1914,Manchester City,Chelsea,2,1,1,1,3,1,1
1914,Manchester City,Notts County,0,0,1,1,0,0,0
1914,Manchester City,Sheffield Wednesday,4,0,1,1,4,4,1
1914,Manchester United,Burnley,0,2,1,1,2,-2,0
1914,Manchester United,Liverpool,2,0,1,1,2,2,1
1914,Manchester United,Tottenham Hotspur,1,1,1,1,2,0,0
1914,Middlesbrough,Bradford Park Avenue,1,3,1,1,4,-2,0
1914,Middlesbrough,Manchester United,1,1,1,1,2,0,0
1914,Newcastle United,Aston Villa,3,0,1,1,3,3,1
1914,Newcastle United,Chelsea,2,0,1,1,2,2,1
1914,Newcastle United,Notts County,1,1,1,1,2,0,0
1914,Notts County,Middlesbrough,5,1,1,1,6,4,1
1914,Notts County,Sheffield United,3,1,1,1,4,2,1
1914,Notts County,Tottenham Hotspur,1,2,1,1,3,-1,0
1914,Oldham Athletic,Blackburn Rovers,3,2,1,1,5,1,1
1914,Oldham Athletic,Everton,1,1,1,1,2,0,0
1914,Oldham Athletic,Manchester United,1,0,1,1,1,1,1
1914,Oldham Athletic,Sunderland,4,5,1,1,9,-1,0
1914,Sheffield United,Manchester City,0,0,1,1,0,0,0
1914,Sheffield United,Sheffield Wednesday,0,1,1,1,1,-1,0
1914,Sheffield Wednesday,Bolton Wanderers,7,0,1,1,7,7,1
1914,Sheffield Wednesday,Liverpool,2,1,1,1,3,1,1
1914,Sheffield Wednesday,Middlesbrough,3,1,1,1,4,2,1
1914,Sunderland,Bradford Park Avenue,3,3,1,1,6,0,0
1914,Sunderland,Everton,0,3,1,1,3,-3,0
1914,Sunderland,Manchester United,1,0,1,1,1,1,1
1914,Sunderland,Sheffield Wednesday,3,1,1,1,4,2,1
1914,Tottenham Hotspur,Bradford City,0,0,1,1,0,0,0
1914,Tottenham Hotspur,Chelsea,1,1,1,1,2,0,0
1914,Tottenham Hotspur,Newcastle United,0,0,1,1,0,0,0
1914,Tottenham Hotspur,Sheffield United,1,1,1,1,2,0,0
1914,Tottenham Hotspur,West Bromwich Albion,2,0,1,1,2,2,1
1914,West Bromwich Albion,Burnley,3,0,1,1,3,3,1
1914,West Bromwich Albion,Liverpool,4,0,1,1,4,4,1
1914,West Bromwich Albion,Oldham Athletic,0,0,1,1,0,0,0
1914,West Bromwich Albion,Sunderland,1,2,1,1,3,-1,0
1914,Arsenal,Birmingham City,1,0,2,2,1,1,1
1914,Arsenal,Bury,3,1,2,2,4,2,1
1914,Arsenal,Hull City,2,1,2,2,3,1,1
1914,Arsenal,Preston North End,1,2,2,2,3,-1,0
1914,Barnsley,Arsenal,1,0,2,2,1,1,1
1914,Barnsley,Fulham,2,2,2,2,4,0,0
1914,Barnsley,Nottingham Forest,3,0,2,2,3,3,1
1914,Birmingham City,Blackpool,3,0,2,2,3,3,1
1914,Birmingham City,Derby County,0,2,2,2,2,-2,0
1914,Birmingham City,Grimsby Town,3,0,2,2,3,3,1
1914,Birmingham City,Leeds City,6,3,2,2,9,3,1
1914,Birmingham City,Stockport County,0,1,2,2,1,-1,0
1914,Blackpool,Barnsley,1,1,2,2,2,0,0
1914,Blackpool,Bury,3,4,2,2,7,-1,0
1914,Blackpool,Glossop North End,3,0,2,2,3,3,1
1914,Blackpool,Hull City,1,2,2,2,3,-1,0
1914,Bristol City,Arsenal,1,1,2,2,2,0,0
1914,Bristol City,Leicester City,1,0,2,2,1,1,1
1914,Bristol City,Nottingham Forest,1,2,2,2,3,-1,0
1914,Bristol City,Wolverhampton Wanderers,0,1,2,2,1,-1,0
1914,Bury,Derby County,2,0,2,2,2,2,1
1914,Bury,Grimsby Town,2,2,2,2,4,0,0
1914,Derby County,Barnsley,7,0,2,2,7,7,1
1914,Derby County,Bristol City,1,0,2,2,1,1,1
1914,Derby County,Glossop North End,1,1,2,2,2,0,0
1914,Derby County,Preston North End,2,0,2,2,2,2,1
1914,Fulham,Arsenal,0,1,2,2,1,-1,0
1914,Fulham,Blackpool,0,1,2,2,1,-1,0
1914,Fulham,Derby County,2,0,2,2,2,2,1
1914,Fulham,Huddersfield Town,2,3,2,2,5,-1,0
1914,Fulham,Leicester City,1,0,2,2,1,1,1
1914,Glossop North End,Stockport County,1,1,2,2,2,0,0
1914,Grimsby Town,Barnsley,2,3,2,2,5,-1,0
1914,Grimsby Town,Bristol City,2,3,2,2,5,-1,0
1914,Huddersfield Town,Arsenal,3,0,2,2,3,3,1
1914,Huddersfield Town,Derby County,0,0,2,2,0,0,0
1914,Huddersfield Town,Grimsby Town,3,1,2,2,4,2,1
1914,Huddersfield Town,Nottingham Forest,4,0,2,2,4,4,1
1914,Hull City,Bury,3,1,2,2,4,2,1
1914,Hull City,Leeds City,2,6,2,2,8,-4,0
1914,Hull City,Lincoln City,6,1,2,2,7,5,1
1914,Hull City,Stockport County,1,0,2,2,1,1,1
1914,Leeds City,Huddersfield Town,1,0,2,2,1,1,1
1914,Leeds City,Preston North End,0,0,2,2,0,0,0
1914,Leicester City,Derby County,0,6,2,2,6,-6,0
1914,Leicester City,Grimsby Town,2,0,2,2,2,2,1
1914,Leicester City,Leeds City,5,1,2,2,6,4,1
1914,Leicester City,Nottingham Forest,3,1,2,2,4,2,1
1914,Leyton Orient,Birmingham City,1,1,2,2,2,0,0
1914,Leyton Orient,Bury,2,2,2,2,4,0,0
1914,Leyton Orient,Glossop North End,5,2,2,2,7,3,1
1914,Leyton Orient,Hull City,0,3,2,2,3,-3,0
1914,Leyton Orient,Lincoln City,3,1,2,2,4,2,1
1914,Lincoln City,Bristol City,3,1,2,2,4,2,1
1914,Lincoln City,Huddersfield Town,1,1,2,2,2,0,0
1914,Nottingham Forest,Blackpool,2,1,2,2,3,1,1
1914,Nottingham Forest,Grimsby Town,4,2,2,2,6,2,1
1914,Nottingham Forest,Wolverhampton Wanderers,3,1,2,2,4,2,1
1914,Preston North End,Birmingham City,2,0,2,2,2,2,1
1914,Preston North End,Bury,2,0,2,2,2,2,1
1914,Preston North End,Glossop North End,1,0,2,2,1,1,1
1914,Preston North End,Hull City,2,1,2,2,3,1,1
1914,Preston North End,Leyton Orient,2,2,2,2,4,0,0
1914,Stockport County,Fulham,0,2,2,2,2,-2,0
1914,Stockport County,Huddersfield Town,2,1,2,2,3,1,1
1914,Wolverhampton Wanderers,Arsenal,1,0,2,2,1,1,1
1914,Wolverhampton Wanderers,Blackpool,2,0,2,2,2,2,1
1914,Wolverhampton Wanderers,Derby County,0,1,2,2,1,-1,0
1914,Wolverhampton Wanderers,Lincoln City,3,1,2,2,4,2,1
1914,Wolverhampton Wanderers,Stockport County,4,1,2,2,5,3,1
1919,Arsenal,Bolton Wanderers,2,2,1,1,4,0,0
1919,Arsenal,Burnley,2,0,1,1,2,2,1
1919,Arsenal,Everton,1,1,1,1,2,0,0
1919,Arsenal,Notts County,3,1,1,1,4,2,1
1919,Arsenal,West Bromwich Albion,1,0,1,1,1,1,1
1919,Aston Villa,Burnley,2,2,1,1,4,0,0
1919,Aston Villa,Everton,2,2,1,1,4,0,0
1919,Aston Villa,Notts County,3,1,1,1,4,2,1
1919,Aston Villa,Sheffield United,4,0,1,1,4,4,1
1919,Blackburn Rovers,Bolton Wanderers,2,2,1,1,4,0,0
1919,Blackburn Rovers,Burnley,2,3,1,1,5,-1,0
1919,Blackburn Rovers,Everton,3,2,1,1,5,1,1
1919,Blackburn Rovers,Manchester United,5,0,1,1,5,5,1
1919,Blackburn Rovers,Notts County,1,1,1,1,2,0,0
1919,Blackburn Rovers,West Bromwich Albion,1,5,1,1,6,-4,0
1919,Bolton Wanderers,Blackburn Rovers,2,1,1,1,3,1,1
1919,Bolton Wanderers,Burnley,1,1,1,1,2,0,0
1919,Bolton Wanderers,Manchester United,3,5,1,1,8,-2,0
1919,Bolton Wanderers,Notts County,1,0,1,1,1,1,1
1919,Bolton Wanderers,Sheffield United,1,0,1,1,1,1,1
1919,Bradford City,Everton,3,3,1,1,6,0,0
1919,Bradford City,Manchester United,2,1,1,1,3,1,1
1919,Bradford City,Sheffield United,1,2,1,1,3,-1,0
1919,Bradford Park Avenue,Blackburn Rovers,5,2,1,1,7,3,1
1919,Bradford Park Avenue,Burnley,0,1,1,1,1,-1,0
1919,Bradford Park Avenue,Everton,0,2,1,1,2,-2,0
1919,Bradford Park Avenue,Manchester United,1,4,1,1,5,-3,0
1919,Burnley,Manchester United,2,1,1,1,3,1,1
1919,Burnley,Notts County,2,1,1,1,3,1,1
1919,Chelsea,Notts County,2,0,1,1,2,2,1
1919,Chelsea,Sheffield United,1,0,1,1,1,1,1
1919,Chelsea,West Bromwich Albion,2,0,1,1,2,2,1
1919,Derby County,Everton,2,1,1,1,3,1,1
1919,Derby County,Manchester United,1,1,1,1,2,0,0
1919,Everton,Manchester United,0,0,1,1,0,0,0
1919,Liverpool,Blackburn Rovers,3,0,1,1,3,3,1
1919,Liverpool,Notts County,3,0,1,1,3,3,1
1919,Manchester City,Blackburn Rovers,8,2,1,1,10,6,1
1919,Manchester City,Derby County,3,1,1,1,4,2,1
1919,Manchester City,Notts County,4,1,1,1,5,3,1
1919,Manchester United,Bradford Park Avenue,0,1,1,1,1,-1,0
1919,Manchester United,Notts County,0,0,1,1,0,0,0
1919,Manchester United,Sheffield United,3,0,1,1,3,3,1
1919,Middlesbrough,Derby County,2,0,1,1,2,2,1
1919,Middlesbrough,Sheffield United,1,0,1,1,1,1,1
1919,Newcastle United,Derby County,0,0,1,1,0,0,0
1919,Newcastle United,Manchester City,3,0,1,1,3,3,1
1919,Notts County,Blackburn Rovers,5,0,1,1,5,5,1
1919,Notts County,Newcastle United,0,0,1,1,0,0,0
1919,Oldham Athletic,Derby County,3,0,1,1,3,3,1
1919,Preston North End,Derby County,1,1,1,1,2,0,0
1919,Preston North End,Manchester City,1,1,1,1,2,0,0
1919,Preston North End,Sheffield United,2,0,1,1,2,2,1
1919,Sheffield United,Preston North End,2,1,1,1,3,1,1
1919,Sheffield Wednesday,Derby County,2,0,1,1,2,2,1
1919,Sheffield Wednesday,Newcastle United,0,1,1,1,1,-1,0
1919,Sheffield Wednesday,Preston North End,0,1,1,1,1,-1,0
1919,Sheffield Wednesday,West Bromwich Albion,0,3,1,1,3,-3,0
1919,Sunderland,Blackburn Rovers,2,0,1,1,2,2,1
1919,Sunderland,Bradford Park Avenue,2,0,1,1,2,2,1
1919,Sunderland,Manchester City,2,1,1,1,3,1,1
1919,Sunderland,Newcastle United,2,0,1,1,2,2,1
1919,West Bromwich Albion,Manchester City,2,0,1,1,2,2,1
1919,West Bromwich Albion,Newcastle United,3,0,1,1,3,3,1
1919,West Bromwich Albion,Preston North End,4,1,1,1,5,3,1
1919,Barnsley,Fulham,4,1,2,2,5,3,1
1919,Barnsley,Hull City,2,3,2,2,5,-1,0
1919,Barnsley,Lincoln City,5,3,2,2,8,2,1
1919,Barnsley,Stoke City,1,2,2,2,3,-1,0
1919,Birmingham City,Bristol City,1,0,2,2,1,1,1
1919,Birmingham City,Fulham,2,0,2,2,2,2,1
1919,Birmingham City,Rotherham County,2,2,2,2,4,0,0
1919,Blackpool,Bristol City,0,0,2,2,0,0,0
1919,Blackpool,Fulham,1,1,2,2,2,0,0
1919,Blackpool,Leyton Orient,3,0,2,2,3,3,1
1919,Blackpool,Stoke City,3,1,2,2,4,2,1
1919,Bristol City,Blackpool,0,0,2,2,0,0,0
1919,Bristol City,Fulham,0,3,2,2,3,-3,0
1919,Bristol City,Hull City,2,2,2,2,4,0,0
1919,Bury,Blackpool,1,2,2,2,3,-1,0
1919,Bury,Hull City,2,0,2,2,2,2,1
1919,Bury,Rotherham County,4,1,2,2,5,3,1
1919,Bury,Wolverhampton Wanderers,2,0,2,2,2,2,1
1919,Coventry City,Blackpool,0,0,2,2,0,0,0
1919,Coventry City,Leyton Orient,0,0,2,2,0,0,0
1919,Coventry City,Rotherham County,1,1,2,2,2,0,0
1919,Coventry City,Stoke City,3,2,2,2,5,1,1
1919,Coventry City,Wolverhampton Wanderers,1,0,2,2,1,1,1
1919,Fulham,Coventry City,0,0,2,2,0,0,0
1919,Fulham,Stoke City,0,0,2,2,0,0,0
1919,Fulham,Wolverhampton Wanderers,1,1,2,2,2,0,0
1919,Grimsby Town,Blackpool,1,1,2,2,2,0,0
1919,Grimsby Town,Coventry City,0,1,2,2,1,-1,0
1919,Grimsby Town,Hull City,2,1,2,2,3,1,1
1919,Huddersfield Town,Blackpool,1,3,2,2,4,-2,0
1919,Huddersfield Town,Hull City,2,0,2,2,2,2,1
1919,Hull City,Blackpool,0,1,2,2,1,-1,0
1919,Hull City,Rotherham County,1,0,2,2,1,1,1
1919,Hull City,Stoke City,3,0,2,2,3,3,1
1919,Hull City,Wolverhampton Wanderers,10,3,2,2,13,7,1
1919,Leicester City,Grimsby Town,2,0,2,2,2,2,1
1919,Leicester City,Leyton Orient,1,1,2,2,2,0,0
1919,Leicester City,West Ham United,0,0,2,2,0,0,0
1919,Leyton Orient,Birmingham City,2,1,2,2,3,1,1
1919,Leyton Orient,Grimsby Town,3,0,2,2,3,3,1
1919,Leyton Orient,Leicester City,3,0,2,2,3,3,1
1919,Leyton Orient,West Ham United,1,0,2,2,1,1,1
1919,Lincoln City,Birmingham City,2,2,2,2,4,0,0
1919,Lincoln City,Bury,2,1,2,2,3,1,1
1919,Lincoln City,Stockport County,2,0,2,2,2,2,1
1919,Nottingham Forest,Birmingham City,1,2,2,2,3,-1,0
1919,Nottingham Forest,Bury,1,0,2,2,1,1,1
1919,Nottingham Forest,Grimsby Town,2,0,2,2,2,2,1
1919,Nottingham Forest,Leicester City,0,0,2,2,0,0,0
1919,Nottingham Forest,Port Vale,0,1,2,2,1,-1,0
1919,Nottingham Forest,Stockport County,1,1,2,2,2,0,0
1919,Port Vale,Birmingham City,1,3,2,2,4,-2,0
1919,Port Vale,Leicester City,1,2,2,2,3,-1,0
1919,Port Vale,Stockport County,2,0,2,2,2,2,1
1919,Rotherham County,Huddersfield Town,1,3,2,2,4,-2,0
1919,Rotherham County,Port Vale,2,2,2,2,4,0,0
1919,South Shields,Blackpool,6,0,2,2,6,6,1
1919,South Shields,Huddersfield Town,1,2,2,2,3,-1,0
1919,South Shields,Port Vale,2,0,2,2,2,2,1
1919,South Shields,Stoke City,2,2,2,2,4,0,0
1919,Stockport County,Blackpool,0,0,2,2,0,0,0
1919,Stockport County,Coventry City,1,1,2,2,2,0,0
1919,Stockport County,Leyton Orient,3,1,2,2,4,2,1
1919,Stockport County,Port Vale,0,4,2,2,4,-4,0
1919,Stockport County,Wolverhampton Wanderers,4,1,2,2,5,3,1
1919,Stoke City,Blackpool,2,0,2,2,2,2,1
1919,Stoke City,Leyton Orient,2,0,2,2,2,2,1
1919,Stoke City,Stockport County,2,1,2,2,3,1,1
1919,Stoke City,Wolverhampton Wanderers,3,0,2,2,3,3,1
1919,Tottenham Hotspur,Blackpool,2,2,2,2,4,0,0
1919,Tottenham Hotspur,Port Vale,2,0,2,2,2,2,1
1919,West Ham United,Huddersfield Town,1,1,2,2,2,0,0
1919,West Ham United,Stockport County,3,0,2,2,3,3,1
1919,West Ham United,Wolverhampton Wanderers,4,0,2,2,4,4,1
1919,Wolverhampton Wanderers,Blackpool,0,3,2,2,3,-3,0
1919,Wolverhampton Wanderers,Leicester City,1,1,2,2,2,0,0
1919,Wolverhampton Wanderers,Nottingham Forest,4,0,2,2,4,4,1
1919,Wolverhampton Wanderers,West Ham United,1,1,2,2,2,0,0
1920,Arsenal,Everton,1,1,1,1,2,0,0
1920,Arsenal,West Bromwich Albion,2,1,1,1,3,1,1
1920,Aston Villa,West Bromwich Albion,0,0,1,1,0,0,0
1920,Blackburn Rovers,Bolton Wanderers,2,2,1,1,4,0,0
1920,Blackburn Rovers,Burnley,1,3,1,1,4,-2,0
1920,Blackburn Rovers,Everton,0,0,1,1,0,0,0
1920,Blackburn Rovers,Sheffield United,1,1,1,1,2,0,0
1920,Bolton Wanderers,Everton,4,2,1,1,6,2,1
1920,Bolton Wanderers,West Bromwich Albion,3,0,1,1,3,3,1
1920,Bradford City,Burnley,2,0,1,1,2,2,1
1920,Bradford City,Everton,2,2,1,1,4,0,0
1920,Bradford City,Sheffield United,4,0,1,1,4,4,1
1920,Bradford City,West Bromwich Albion,1,1,1,1,2,0,0
1920,Bradford Park Avenue,Blackburn Rovers,1,1,1,1,2,0,0
1920,Bradford Park Avenue,Newcastle United,0,2,1,1,2,-2,0
1920,Bradford Park Avenue,Sheffield United,2,0,1,1,2,2,1
1920,Bradford Park Avenue,West Bromwich Albion,0,3,1,1,3,-3,0
1920,Burnley,Blackburn Rovers,4,1,1,1,5,3,1
1920,Burnley,Everton,1,1,1,1,2,0,0
1920,Burnley,Manchester City,2,1,1,1,3,1,1
1920,Burnley,Sheffield United,6,0,1,1,6,6,1
1920,Burnley,West Bromwich Albion,1,1,1,1,2,0,0
1920,Chelsea,Blackburn Rovers,1,2,1,1,3,-1,0
1920,Chelsea,Manchester City,2,1,1,1,3,1,1
1920,Chelsea,Newcastle United,2,0,1,1,2,2,1
1920,Derby County,Blackburn Rovers,0,1,1,1,1,-1,0
1920,Derby County,Bradford Park Avenue,1,0,1,1,1,1,1
1920,Derby County,Everton,2,4,1,1,6,-2,0
1920,Derby County,Newcastle United,0,1,1,1,1,-1,0
1920,Everton,Blackburn Rovers,2,1,1,1,3,1,1
1920,Everton,Newcastle United,3,1,1,1,4,2,1
1920,Everton,West Bromwich Albion,2,2,1,1,4,0,0
1920,Huddersfield Town,Blackburn Rovers,0,0,1,1,0,0,0
1920,Huddersfield Town,Derby County,2,0,1,1,2,2,1
1920,Huddersfield Town,Newcastle United,1,3,1,1,4,-2,0
1920,Huddersfield Town,Sheffield United,1,0,1,1,1,1,1
1920,Liverpool,Bradford Park Avenue,0,1,1,1,1,-1,0
1920,Liverpool,Derby County,1,1,1,1,2,0,0
1920,Liverpool,Manchester City,4,2,1,1,6,2,1
1920,Manchester City,Blackburn Rovers,0,0,1,1,0,0,0
1920,Manchester City,West Bromwich Albion,4,0,1,1,4,4,1
1920,Manchester United,Bradford Park Avenue,5,1,1,1,6,4,1
1920,Manchester United,Derby County,3,0,1,1,3,3,1
1920,Manchester United,Liverpool,1,1,1,1,2,0,0
1920,Manchester United,Newcastle United,2,0,1,1,2,2,1
1920,Middlesbrough,Blackburn Rovers,1,1,1,1,2,0,0
1920,Middlesbrough,Derby County,1,0,1,1,1,1,1
1920,Middlesbrough,Newcastle United,0,0,1,1,0,0,0
1920,Middlesbrough,Sheffield United,2,2,1,1,4,0,0
1920,Middlesbrough,West Bromwich Albion,0,1,1,1,1,-1,0
1920,Newcastle United,Blackburn Rovers,1,2,1,1,3,-1,0
1920,Newcastle United,Derby County,0,1,1,1,1,-1,0
1920,Newcastle United,Liverpool,2,0,1,1,2,2,1
1920,Newcastle United,Middlesbrough,2,0,1,1,2,2,1
1920,Newcastle United,West Bromwich Albion,1,1,1,1,2,0,0
1920,Oldham Athletic,Blackburn Rovers,1,0,1,1,1,1,1
1920,Oldham Athletic,Bradford Park Avenue,1,0,1,1,1,1,1
1920,Oldham Athletic,Derby County,2,1,1,1,3,1,1
1920,Preston North End,Middlesbrough,2,0,1,1,2,2,1
1920,Preston North End,Sheffield United,2,0,1,1,2,2,1
1920,Sheffield United,Blackburn Rovers,1,1,1,1,2,0,0
1920,Sheffield United,Bradford Park Avenue,2,0,1,1,2,2,1
1920,Sheffield United,Derby County,0,1,1,1,1,-1,0
1920,Sheffield United,Preston North End,1,0,1,1,1,1,1
1920,Sunderland,Liverpool,2,1,1,1,3,1,1
1920,Sunderland,Preston North End,2,2,1,1,4,0,0
1920,Sunderland,West Bromwich Albion,3,0,1,1,3,3,1
1920,Tottenham Hotspur,Derby County,2,0,1,1,2,2,1
1920,Tottenham Hotspur,Middlesbrough,2,2,1,1,4,0,0
1920,Tottenham Hotspur,West Bromwich Albion,1,0,1,1,1,1,1
1920,West Bromwich Albion,Blackburn Rovers,1,1,1,1,2,0,0
1920,West Bromwich Albion,Middlesbrough,0,1,1,1,1,-1,0
1920,West Bromwich Albion,Tottenham Hotspur,3,1,1,1,4,2,1
1920,Barnsley,Bristol City,1,1,2,2,2,0,0
1920,Barnsley,Nottingham Forest,0,0,2,2,0,0,0
1920,Barnsley,Rotherham County,2,1,2,2,3,1,1
1920,Barnsley,Stockport County,2,0,2,2,2,2,1
1920,Birmingham City,Bristol City,0,0,2,2,0,0,0
1920,Birmingham City,Coventry City,3,2,2,2,5,1,1
1920,Birmingham City,Leeds United,1,0,2,2,1,1,1
1920,Birmingham City,Wolverhampton Wanderers,4,1,2,2,5,3,1
1920,Blackpool,Bristol City,1,2,2,2,3,-1,0
1920,Blackpool,Leeds United,1,0,2,2,1,1,1
1920,Blackpool,Stockport County,1,1,2,2,2,0,0
1920,Bristol City,Blackpool,1,1,2,2,2,0,0
1920,Bristol City,Coventry City,2,0,2,2,2,2,1
1920,Bristol City,Leeds United,0,0,2,2,0,0,0
1920,Bristol City,Rotherham County,2,4,2,2,6,-2,0
1920,Bristol City,Stockport County,5,1,2,2,6,4,1
1920,Bristol City,Wolverhampton Wanderers,2,0,2,2,2,2,1
1920,Bury,Blackpool,2,2,2,2,4,0,0
1920,Bury,Leeds United,1,1,2,2,2,0,0
1920,Bury,Nottingham Forest,2,2,2,2,4,0,0
1920,Bury,Rotherham County,1,0,2,2,1,1,1
1920,Bury,Stockport County,1,1,2,2,2,0,0
1920,Bury,Wolverhampton Wanderers,3,1,2,2,4,2,1
1920,Cardiff City,Coventry City,0,1,2,2,1,-1,0
1920,Cardiff City,Nottingham Forest,3,0,2,2,3,3,1
1920,Cardiff City,Rotherham County,1,0,2,2,1,1,1
1920,Coventry City,Cardiff City,2,4,2,2,6,-2,0
1920,Coventry City,Nottingham Forest,0,0,2,2,0,0,0
1920,Coventry City,Stockport County,1,1,2,2,2,0,0
1920,Fulham,Cardiff City,0,3,2,2,3,-3,0
1920,Fulham,Nottingham Forest,2,1,2,2,3,1,1
1920,Fulham,Rotherham County,1,0,2,2,1,1,1
1920,Hull City,Nottingham Forest,0,3,2,2,3,-3,0
1920,Hull City,Rotherham County,1,1,2,2,2,0,0
1920,Hull City,Wolverhampton Wanderers,0,1,2,2,1,-1,0
1920,Leeds United,Cardiff City,1,2,2,2,3,-1,0
1920,Leeds United,Hull City,1,1,2,2,2,0,0
1920,Leeds United,Rotherham County,1,0,2,2,1,1,1
1920,Leeds United,Stockport County,0,2,2,2,2,-2,0
1920,Leeds United,Wolverhampton Wanderers,3,0,2,2,3,3,1
1920,Leicester City,Nottingham Forest,2,0,2,2,2,2,1
1920,Leicester City,Wolverhampton Wanderers,0,0,2,2,0,0,0
1920,Leyton Orient,Blackpool,0,0,2,2,0,0,0
1920,Leyton Orient,Cardiff City,2,0,2,2,2,2,1
1920,Leyton Orient,Rotherham County,2,0,2,2,2,2,1
1920,Leyton Orient,Stockport County,5,0,2,2,5,5,1
1920,Leyton Orient,Wolverhampton Wanderers,0,1,2,2,1,-1,0
1920,Nottingham Forest,Stockport County,1,1,2,2,2,0,0
1920,Notts County,Blackpool,1,2,2,2,3,-1,0
1920,Notts County,Leyton Orient,3,1,2,2,4,2,1
1920,Port Vale,Blackpool,0,1,2,2,1,-1,0
1920,Port Vale,Hull City,4,0,2,2,4,4,1
1920,Port Vale,Rotherham County,1,1,2,2,2,0,0
1920,Rotherham County,Cardiff City,2,0,2,2,2,2,1
1920,Rotherham County,Hull City,1,1,2,2,2,0,0
1920,Rotherham County,Port Vale,1,1,2,2,2,0,0
1920,Rotherham County,Stockport County,1,0,2,2,1,1,1
1920,Sheffield Wednesday,Blackpool,0,1,2,2,1,-1,0
1920,Sheffield Wednesday,Hull City,3,0,2,2,3,3,1
1920,Sheffield Wednesday,Port Vale,1,0,2,2,1,1,1
1920,Sheffield Wednesday,Wolverhampton Wanderers,6,0,2,2,6,6,1
1920,South Shields,Blackpool,1,0,2,2,1,1,1
1920,South Shields,Cardiff City,0,1,2,2,1,-1,0
1920,South Shields,Hull City,0,0,2,2,0,0,0
1920,South Shields,Port Vale,6,1,2,2,7,5,1
1920,South Shields,Stockport County,3,1,2,2,4,2,1
1920,South Shields,Wolverhampton Wanderers,1,2,2,2,3,-1,0
1920,Stockport County,Blackpool,2,2,2,2,4,0,0
1920,Stockport County,Port Vale,0,0,2,2,0,0,0
1920,Stockport County,South Shields,0,0,2,2,0,0,0
1920,Stockport County,Wolverhampton Wanderers,1,2,2,2,3,-1,0
1920,Stoke City,Cardiff City,0,0,2,2,0,0,0
1920,Stoke City,Leyton Orient,0,1,2,2,1,-1,0
1920,Stoke City,Wolverhampton Wanderers,1,0,2,2,1,1,1
1920,West Ham United,Blackpool,1,1,2,2,2,0,0
1920,West Ham United,Port Vale,1,1,2,2,2,0,0
1920,West Ham United,South Shields,2,1,2,2,3,1,1
1920,West Ham United,Wolverhampton Wanderers,1,0,2,2,1,1,1
1920,Wolverhampton Wanderers,Leyton Orient,0,2,2,2,2,-2,0
1920,Wolverhampton Wanderers,South Shields,3,0,2,2,3,3,1
1920,Brentford,Millwall,1,0,3,3,1,1,1
1920,Brentford,Norwich City,3,1,3,3,4,2,1
1920,Brentford,Queens Park Rangers,0,2,3,3,2,-2,0
1920,Brentford,Watford,1,0,3,3,1,1,1
1920,Brighton & Hove Albion,Crystal Palace,0,2,3,3,2,-2,0
1920,Brighton & Hove Albion,Millwall,1,0,3,3,1,1,1
1920,Brighton & Hove Albion,Norwich City,2,0,3,3,2,2,1
1920,Brighton & Hove Albion,Southend United,1,0,3,3,1,1,1
1920,Brighton & Hove Albion,Watford,0,3,3,3,3,-3,0
1920,Bristol Rovers,Grimsby Town,2,0,3,3,2,2,1
1920,Bristol Rovers,Millwall,1,2,3,3,3,-1,0
1920,Bristol Rovers,Queens Park Rangers,3,0,3,3,3,3,1
1920,Bristol Rovers,Watford,2,0,3,3,2,2,1
1920,Crystal Palace,Bristol Rovers,3,0,3,3,3,3,1
1920,Crystal Palace,Millwall,3,2,3,3,5,1,1
1920,Crystal Palace,Norwich City,1,0,3,3,1,1,1
1920,Crystal Palace,Watford,2,2,3,3,4,0,0
1920,Exeter City,Grimsby Town,1,1,3,3,2,0,0
1920,Exeter City,Millwall,4,0,3,3,4,4,1
1920,Exeter City,Norwich City,1,1,3,3,2,0,0
1920,Exeter City,Southend United,0,0,3,3,0,0,0
1920,Exeter City,Watford,1,2,3,3,3,-1,0
1920,Gillingham,Bristol Rovers,1,0,3,3,1,1,1
1920,Gillingham,Grimsby Town,2,1,3,3,3,1,1
1920,Gillingham,Norwich City,0,0,3,3,0,0,0
1920,Grimsby Town,Gillingham,2,0,3,3,2,2,1
1920,Grimsby Town,Millwall,0,2,3,3,2,-2,0
1920,Grimsby Town,Queens Park Rangers,2,1,3,3,3,1,1
1920,Luton Town,Millwall,0,0,3,3,0,0,0
1920,Luton Town,Norwich City,4,0,3,3,4,4,1
1920,Luton Town,Southend United,4,0,3,3,4,4,1
1920,Luton Town,Watford,1,0,3,3,1,1,1
1920,Merthyr Town,Millwall,0,1,3,3,1,-1,0
1920,Merthyr Town,Norwich City,0,0,3,3,0,0,0
1920,Merthyr Town,Southend United,2,0,3,3,2,2,1
1920,Millwall,Merthyr Town,0,0,3,3,0,0,0
1920,Millwall,Norwich City,2,0,3,3,2,2,1
1920,Millwall,Queens Park Rangers,0,0,3,3,0,0,0
1920,Millwall,Southend United,4,2,3,3,6,2,1
1920,Millwall,Watford,1,0,3,3,1,1,1
1920,Newport County,Bristol Rovers,0,2,3,3,2,-2,0
1920,Newport County,Gillingham,1,0,3,3,1,1,1
1920,Newport County,Merthyr Town,0,3,3,3,3,-3,0
1920,Northampton Town,Merthyr Town,2,2,3,3,4,0,0
1920,Northampton Town,Queens Park Rangers,0,3,3,3,3,-3,0
1920,Northampton Town,Watford,0,1,3,3,1,-1,0
1920,Norwich City,Bristol Rovers,1,1,3,3,2,0,0
1920,Norwich City,Gillingham,2,1,3,3,3,1,1
1920,Norwich City,Merthyr Town,0,0,3,3,0,0,0
1920,Norwich City,Northampton Town,3,3,3,3,6,0,0
1920,Norwich City,Southend United,3,1,3,3,4,2,1
1920,Norwich City,Watford,1,1,3,3,2,0,0
1920,Plymouth Argyle,Bristol Rovers,2,1,3,3,3,1,1
1920,Plymouth Argyle,Northampton Town,0,2,3,3,2,-2,0
1920,Plymouth Argyle,Queens Park Rangers,1,0,3,3,1,1,1
1920,Plymouth Argyle,Watford,0,2,3,3,2,-2,0
1920,Portsmouth,Gillingham,2,2,3,3,4,0,0
1920,Queens Park Rangers,Bristol Rovers,2,1,3,3,3,1,1
1920,Queens Park Rangers,Gillingham,0,1,3,3,1,-1,0
1920,Queens Park Rangers,Merthyr Town,4,2,3,3,6,2,1
1920,Queens Park Rangers,Northampton Town,1,2,3,3,3,-1,0
1920,Queens Park Rangers,Portsmouth,0,0,3,3,0,0,0
1920,Reading,Southend United,1,1,3,3,2,0,0
1920,Reading,Watford,0,0,3,3,0,0,0
1920,Southampton,Gillingham,3,0,3,3,3,3,1
1920,Southampton,Northampton Town,3,1,3,3,4,2,1
1920,Southampton,Southend United,3,0,3,3,3,3,1
1920,Southend United,Bristol Rovers,1,0,3,3,1,1,1
1920,Southend United,Portsmouth,2,1,3,3,3,1,1
1920,Southend United,Southampton,1,0,3,3,1,1,1
1920,Swansea City,Bristol Rovers,2,2,3,3,4,0,0
1920,Swansea City,Southampton,1,1,3,3,2,0,0
1920,Swansea City,Watford,2,1,3,3,3,1,1
1920,Swindon Town,Bristol Rovers,2,1,3,3,3,1,1
1920,Swindon Town,Gillingham,1,1,3,3,2,0,0
1920,Swindon Town,Merthyr Town,3,0,3,3,3,3,1
1920,Swindon Town,Northampton Town,2,1,3,3,3,1,1
1920,Watford,Bristol Rovers,2,1,3,3,3,1,1
1920,Watford,Gillingham,3,1,3,3,4,2,1
1920,Watford,Portsmouth,3,2,3,3,5,1,1
1920,Watford,Swindon Town,0,1,3,3,1,-1,0
1921,Arsenal,Blackburn Rovers,1,1,1,1,2,0,0
1921,Arsenal,Everton,1,0,1,1,1,1,1
1921,Arsenal,Manchester City,0,1,1,1,1,-1,0
1921,Aston Villa,Manchester City,4,0,1,1,4,4,1
1921,Birmingham City,Blackburn Rovers,1,0,1,1,1,1,1
1921,Birmingham City,Burnley,2,3,1,1,5,-1,0
1921,Birmingham City,Everton,1,1,1,1,2,0,0
1921,Birmingham City,Manchester City,3,1,1,1,4,2,1
1921,Birmingham City,Sheffield United,2,1,1,1,3,1,1
1921,Blackburn Rovers,Birmingham City,1,1,1,1,2,0,0
1921,Blackburn Rovers,Newcastle United,0,2,1,1,2,-2,0
1921,Blackburn Rovers,Sheffield United,2,3,1,1,5,-1,0
1921,Bolton Wanderers,Burnley,0,1,1,1,1,-1,0
1921,Bolton Wanderers,Newcastle United,3,2,1,1,5,1,1
1921,Bolton Wanderers,West Bromwich Albion,2,0,1,1,2,2,1
1921,Bradford City,Birmingham City,1,2,1,1,3,-1,0
1921,Bradford City,Burnley,0,4,1,1,4,-4,0
1921,Bradford City,Everton,3,1,1,1,4,2,1
1921,Bradford City,West Bromwich Albion,1,1,1,1,2,0,0
1921,Burnley,Birmingham City,3,1,1,1,4,2,1
1921,Burnley,Bradford City,4,0,1,1,4,4,1
1921,Burnley,Everton,2,0,1,1,2,2,1
1921,Burnley,Manchester City,5,2,1,1,7,3,1
1921,Burnley,Newcastle United,2,0,1,1,2,2,1
1921,Cardiff City,Everton,2,1,1,1,3,1,1
1921,Cardiff City,Manchester City,0,2,1,1,2,-2,0
1921,Cardiff City,Sheffield United,1,1,1,1,2,0,0
1921,Chelsea,Birmingham City,1,2,1,1,3,-1,0
1921,Chelsea,Everton,1,0,1,1,1,1,1
1921,Chelsea,Manchester City,0,0,1,1,0,0,0
1921,Chelsea,Newcastle United,1,1,1,1,2,0,0
1921,Chelsea,Sheffield United,0,2,1,1,2,-2,0
1921,Everton,Manchester City,2,2,1,1,4,0,0
1921,Everton,West Bromwich Albion,1,2,1,1,3,-1,0
1921,Huddersfield Town,Bradford City,1,2,1,1,3,-1,0
1921,Huddersfield Town,Manchester City,2,0,1,1,2,2,1
1921,Huddersfield Town,Sheffield United,1,1,1,1,2,0,0
1921,Liverpool,Chelsea,1,1,1,1,2,0,0
1921,Liverpool,Newcastle United,1,0,1,1,1,1,1
1921,Liverpool,Sheffield United,1,1,1,1,2,0,0
1921,Manchester City,Birmingham City,1,0,1,1,1,1,1
1921,Manchester City,Bradford City,3,2,1,1,5,1,1
1921,Manchester City,Liverpool,1,1,1,1,2,0,0
1921,Manchester United,Birmingham City,1,1,1,1,2,0,0
1921,Manchester United,Bradford City,1,1,1,1,2,0,0
1921,Manchester United,Liverpool,0,0,1,1,0,0,0
1921,Manchester United,West Bromwich Albion,2,3,1,1,5,-1,0
1921,Middlesbrough,Birmingham City,1,1,1,1,2,0,0
1921,Middlesbrough,Bradford City,1,2,1,1,3,-1,0
1921,Middlesbrough,Sheffield United,1,1,1,1,2,0,0
1921,Newcastle United,Birmingham City,0,1,1,1,1,-1,0
1921,Newcastle United,Bradford City,1,2,1,1,3,-1,0
1921,Newcastle United,Liverpool,1,1,1,1,2,0,0
1921,Newcastle United,Sheffield United,2,1,1,1,3,1,1
1921,Newcastle United,West Bromwich Albion,3,0,1,1,3,3,1
1921,Oldham Athletic,Chelsea,0,3,1,1,3,-3,0
1921,Oldham Athletic,Middlesbrough,0,1,1,1,1,-1,0
1921,Oldham Athletic,Sheffield United,0,2,1,1,2,-2,0
1921,Preston North End,Birmingham City,2,2,1,1,4,0,0
1921,Preston North End,Chelsea,2,0,1,1,2,2,1
1921,Preston North End,Liverpool,1,1,1,1,2,0,0
1921,Preston North End,Middlesbrough,1,1,1,1,2,0,0
1921,Preston North End,Sheffield United,3,0,1,1,3,3,1
1921,Sheffield United,Preston North End,3,0,1,1,3,3,1
1921,Sheffield United,West Bromwich Albion,0,0,1,1,0,0,0
1921,Sunderland,Birmingham City,2,1,1,1,3,1,1
1921,Sunderland,Chelsea,1,2,1,1,3,-1,0
1921,Sunderland,Liverpool,3,0,1,1,3,3,1
1921,Sunderland,West Bromwich Albion,5,0,1,1,5,5,1
1921,Tottenham Hotspur,Bradford City,1,0,1,1,1,1,1
1921,Tottenham Hotspur,Middlesbrough,2,4,1,1,6,-2,0
1921,West Bromwich Albion,Bradford City,1,1,1,1,2,0,0
1921,Barnsley,Bristol City,1,1,2,2,2,0,0
1921,Barnsley,Leyton Orient,4,0,2,2,4,4,1
1921,Blackpool,Bristol City,2,0,2,2,2,2,1
1921,Blackpool,Hull City,0,1,2,2,1,-1,0
1921,Blackpool,Leyton Orient,2,0,2,2,2,2,1
1921,Blackpool,Port Vale,0,1,2,2,1,-1,0
1921,Bradford Park Avenue,Bristol City,2,1,2,2,3,1,1
1921,Bradford Park Avenue,Hull City,1,1,2,2,2,0,0
1921,Bradford Park Avenue,South Shields,1,0,2,2,1,1,1
1921,Bradford Park Avenue,Wolverhampton Wanderers,0,0,2,2,0,0,0
1921,Bristol City,Bradford Park Avenue,1,0,2,2,1,1,1
1921,Bristol City,Hull City,1,0,2,2,1,1,1
1921,Bristol City,Wolverhampton Wanderers,2,0,2,2,2,2,1
1921,Bury,Crystal Palace,1,2,2,2,3,-1,0
1921,Bury,Hull City,4,0,2,2,4,4,1
1921,Bury,Leyton Orient,0,0,2,2,0,0,0
1921,Bury,Port Vale,5,2,2,2,7,3,1
1921,Bury,South Shields,1,0,2,2,1,1,1
1921,Coventry City,Bradford Park Avenue,2,2,2,2,4,0,0
1921,Coventry City,Leyton Orient,1,2,2,2,3,-1,0
1921,Coventry City,Port Vale,4,1,2,2,5,3,1
1921,Coventry City,South Shields,0,1,2,2,1,-1,0
1921,Coventry City,Wolverhampton Wanderers,3,1,2,2,4,2,1
1921,Crystal Palace,Coventry City,1,1,2,2,2,0,0
1921,Crystal Palace,Hull City,0,2,2,2,2,-2,0
1921,Crystal Palace,Leyton Orient,1,0,2,2,1,1,1
1921,Crystal Palace,Port Vale,0,0,2,2,0,0,0
1921,Crystal Palace,South Shields,1,2,2,2,3,-1,0
1921,Derby County,Hull City,0,0,2,2,0,0,0
1921,Derby County,Port Vale,3,2,2,2,5,1,1
1921,Derby County,South Shields,0,2,2,2,2,-2,0
1921,Derby County,Wolverhampton Wanderers,2,3,2,2,5,-1,0
1921,Fulham,Bradford Park Avenue,2,1,2,2,3,1,1
1921,Fulham,Coventry City,5,0,2,2,5,5,1
1921,Fulham,Leyton Orient,2,0,2,2,2,2,1
1921,Fulham,Port Vale,1,0,2,2,1,1,1
1921,Fulham,Wolverhampton Wanderers,1,0,2,2,1,1,1
1921,Hull City,Bradford Park Avenue,3,0,2,2,3,3,1
1921,Hull City,Fulham,2,1,2,2,3,1,1
1921,Hull City,Leyton Orient,2,1,2,2,3,1,1
1921,Hull City,Wolverhampton Wanderers,2,0,2,2,2,2,1
1921,Leeds United,Fulham,2,0,2,2,2,2,1
1921,Leeds United,Port Vale,2,1,2,2,3,1,1
1921,Leeds United,Wolverhampton Wanderers,0,0,2,2,0,0,0
1921,Leicester City,Bradford Park Avenue,2,1,2,2,3,1,1
1921,Leicester City,Fulham,1,2,2,2,3,-1,0
1921,Leicester City,Leyton Orient,1,0,2,2,1,1,1
1921,Leicester City,Port Vale,3,0,2,2,3,3,1
1921,Leicester City,South Shields,1,0,2,2,1,1,1
1921,Leyton Orient,Coventry City,4,0,2,2,4,4,1
1921,Leyton Orient,Fulham,4,2,2,2,6,2,1
1921,Leyton Orient,Wolverhampton Wanderers,1,0,2,2,1,1,1
1921,Nottingham Forest,Bradford Park Avenue,4,1,2,2,5,3,1
1921,Nottingham Forest,Fulham,0,0,2,2,0,0,0
1921,Nottingham Forest,Leicester City,0,0,2,2,0,0,0
1921,Nottingham Forest,South Shields,1,0,2,2,1,1,1
1921,Nottingham Forest,Wolverhampton Wanderers,0,0,2,2,0,0,0
1921,Notts County,Coventry City,1,1,2,2,2,0,0
1921,Notts County,South Shields,2,0,2,2,2,2,1
1921,Port Vale,Coventry City,1,2,2,2,3,-1,0
1921,Port Vale,Leicester City,1,1,2,2,2,0,0
1921,Port Vale,Notts County,0,0,2,2,0,0,0
1921,Port Vale,South Shields,1,1,2,2,2,0,0
1921,Rotherham County,Bradford Park Avenue,2,0,2,2,2,2,1
1921,Rotherham County,Coventry City,0,0,2,2,0,0,0
1921,Rotherham County,Leicester City,0,0,2,2,0,0,0
1921,Sheffield Wednesday,Coventry City,3,2,2,2,5,1,1
1921,Sheffield Wednesday,Notts County,0,0,2,2,0,0,0
1921,Sheffield Wednesday,South Shields,0,3,2,2,3,-3,0
1921,South Shields,Bradford Park Avenue,1,0,2,2,1,1,1
1921,South Shields,Notts County,0,0,2,2,0,0,0
1921,South Shields,Wolverhampton Wanderers,0,2,2,2,2,-2,0
1921,Stoke City,Notts County,0,0,2,2,0,0,0
1921,Stoke City,Sheffield Wednesday,1,1,2,2,2,0,0
1921,West Ham United,Bradford Park Avenue,1,0,2,2,1,1,1
1921,West Ham United,Coventry City,3,0,2,2,3,3,1
1921,West Ham United,Fulham,1,0,2,2,1,1,1
1921,West Ham United,Sheffield Wednesday,2,0,2,2,2,2,1
1921,Wolverhampton Wanderers,Bradford Park Avenue,5,0,2,2,5,5,1
1921,Wolverhampton Wanderers,Sheffield Wednesday,0,0,2,2,0,0,0
1921,Accrington Stanley,Chesterfield,3,1,3a,3,4,2,1
1921,Accrington Stanley,Durham City,5,1,3a,3,6,4,1
1921,Accrington Stanley,Stockport County,1,3,3a,3,4,-2,0
1921,Accrington Stanley,Wigan Borough,4,0,3a,3,4,4,1
1921,Ashington,Halifax Town,3,1,3a,3,4,2,1
1921,Ashington,Nelson,4,0,3a,3,4,4,1
1921,Barrow,Accrington Stanley,3,1,3a,3,4,2,1
1921,Barrow,Lincoln City,2,0,3a,3,2,2,1
1921,Barrow,Southport,2,1,3a,3,3,1,1
1921,Barrow,Tranmere Rovers,2,0,3a,3,2,2,1
1921,Barrow,Wrexham,5,2,3a,3,7,3,1
1921,Chesterfield,Rochdale,2,1,3a,3,3,1,1
1921,Chesterfield,Stockport County,0,1,3a,3,1,-1,0
1921,Chesterfield,Wigan Borough,1,1,3a,3,2,0,0
1921,Crewe Alexandra,Darlington,7,3,3a,3,10,4,1
1921,Crewe Alexandra,Nelson,2,1,3a,3,3,1,1
1921,Crewe Alexandra,Walsall,2,0,3a,3,2,2,1
1921,Darlington,Accrington Stanley,3,0,3a,3,3,3,1
1921,Darlington,Grimsby Town,2,0,3a,3,2,2,1
1921,Darlington,Tranmere Rovers,4,0,3a,3,4,4,1
1921,Durham City,Darlington,3,7,3a,3,10,-4,0
1921,Durham City,Hartlepool United,0,1,3a,3,1,-1,0
1921,Grimsby Town,Ashington,6,1,3a,3,7,5,1
1921,Grimsby Town,Halifax Town,4,1,3a,3,5,3,1
1921,Grimsby Town,Walsall,3,1,3a,3,4,2,1
1921,Halifax Town,Accrington Stanley,2,1,3a,3,3,1,1
1921,Halifax Town,Lincoln City,1,2,3a,3,3,-1,0
1921,Hartlepool United,Darlington,0,0,3a,3,0,0,0
1921,Hartlepool United,Halifax Town,4,0,3a,3,4,4,1
1921,Hartlepool United,Rochdale,5,3,3a,3,8,2,1
1921,Lincoln City,Ashington,4,1,3a,3,5,3,1
1921,Lincoln City,Crewe Alexandra,2,3,3a,3,5,-1,0
1921,Lincoln City,Nelson,0,2,3a,3,2,-2,0
1921,Lincoln City,Walsall,1,0,3a,3,1,1,1
1921,Nelson,Chesterfield,2,0,3a,3,2,2,1
1921,Nelson,Hartlepool United,0,4,3a,3,4,-4,0
1921,Nelson,Tranmere Rovers,0,0,3a,3,0,0,0
1921,Rochdale,Darlington,0,2,3a,3,2,-2,0
1921,Rochdale,Halifax Town,3,3,3a,3,6,0,0
1921,Rochdale,Nelson,2,2,3a,3,4,0,0
1921,Rochdale,Wigan Borough,4,2,3a,3,6,2,1
1921,Southport,Grimsby Town,7,1,3a,3,8,6,1
1921,Southport,Lincoln City,0,0,3a,3,0,0,0
1921,Southport,Walsall,3,0,3a,3,3,3,1
1921,Stalybridge Celtic,Accrington Stanley,3,1,3a,3,4,2,1
1921,Stalybridge Celtic,Rochdale,1,0,3a,3,1,1,1
1921,Stalybridge Celtic,Wrexham,4,1,3a,3,5,3,1
1921,Stockport County,Barrow,2,0,3a,3,2,2,1
1921,Stockport County,Halifax Town,0,0,3a,3,0,0,0
1921,Stockport County,Nelson,3,0,3a,3,3,3,1
1921,Stockport County,Stalybridge Celtic,4,0,3a,3,4,4,1
1921,Stockport County,Wigan Borough,3,0,3a,3,3,3,1
1921,Walsall,Rochdale,4,0,3a,3,4,4,1
1921,Walsall,Stockport County,0,2,3a,3,2,-2,0
1921,Wigan Borough,Barrow,1,2,3a,3,3,-1,0
1921,Wigan Borough,Darlington,3,3,3a,3,6,0,0
1921,Wigan Borough,Halifax Town,4,3,3a,3,7,1,1
1921,Wigan Borough,Stalybridge Celtic,0,2,3a,3,2,-2,0
1921,Wigan Borough,Walsall,4,2,3a,3,6,2,1
1921,Brentford,Newport County,1,0,3b,3,1,1,1
1921,Brentford,Swansea City,3,0,3b,3,3,3,1
1921,Brighton & Hove Albion,Aberdare Athletic,1,2,3b,3,3,-1,0
1921,Brighton & Hove Albion,Luton Town,1,1,3b,3,2,0,0
1921,Brighton & Hove Albion,Newport County,3,0,3b,3,3,3,1
1921,Brighton & Hove Albion,Plymouth Argyle,1,1,3b,3,2,0,0
1921,Bristol Rovers,Aberdare Athletic,5,1,3b,3,6,4,1
1921,Bristol Rovers,Charlton Athletic,4,2,3b,3,6,2,1
1921,Bristol Rovers,Newport County,3,4,3b,3,7,-1,0
1921,Bristol Rovers,Plymouth Argyle,1,3,3b,3,4,-2,0
1921,Bristol Rovers,Reading,2,0,3b,3,2,2,1
1921,Bristol Rovers,Swansea City,0,0,3b,3,0,0,0
1921,Charlton Athletic,Aberdare Athletic,2,1,3b,3,3,1,1
1921,Charlton Athletic,Luton Town,0,1,3b,3,1,-1,0
1921,Charlton Athletic,Newport County,1,1,3b,3,2,0,0
1921,Charlton Athletic,Reading,0,1,3b,3,1,-1,0
1921,Charlton Athletic,Swansea City,1,0,3b,3,1,1,1
1921,Exeter City,Aberdare Athletic,0,1,3b,3,1,-1,0
1921,Exeter City,Newport County,2,2,3b,3,4,0,0
1921,Gillingham,Newport County,0,2,3b,3,2,-2,0
1921,Gillingham,Plymouth Argyle,1,2,3b,3,3,-1,0
1921,Luton Town,Gillingham,7,0,3b,3,7,7,1
1921,Luton Town,Newport County,4,0,3b,3,4,4,1
1921,Luton Town,Plymouth Argyle,1,0,3b,3,1,1,1
1921,Luton Town,Reading,0,1,3b,3,1,-1,0
1921,Merthyr Town,Aberdare Athletic,0,1,3b,3,1,-1,0
1921,Merthyr Town,Bristol Rovers,0,2,3b,3,2,-2,0
1921,Merthyr Town,Gillingham,2,0,3b,3,2,2,1
1921,Merthyr Town,Plymouth Argyle,0,1,3b,3,1,-1,0
1921,Merthyr Town,Swansea City,1,0,3b,3,1,1,1
1921,Millwall,Bristol Rovers,4,1,3b,3,5,3,1
1921,Millwall,Newport County,1,1,3b,3,2,0,0
1921,Millwall,Plymouth Argyle,1,1,3b,3,2,0,0
1921,Newport County,Aberdare Athletic,1,0,3b,3,1,1,1
1921,Newport County,Bristol Rovers,0,1,3b,3,1,-1,0
1921,Newport County,Gillingham,1,1,3b,3,2,0,0
1921,Newport County,Reading,1,0,3b,3,1,1,1
1921,Northampton Town,Bristol Rovers,2,2,3b,3,4,0,0
1921,Northampton Town,Plymouth Argyle,1,3,3b,3,4,-2,0
1921,Northampton Town,Reading,2,1,3b,3,3,1,1
1921,Norwich City,Millwall,3,1,3b,3,4,2,1
1921,Norwich City,Plymouth Argyle,1,1,3b,3,2,0,0
1921,Norwich City,Reading,4,1,3b,3,5,3,1
1921,Plymouth Argyle,Aberdare Athletic,3,0,3b,3,3,3,1
1921,Plymouth Argyle,Bristol Rovers,1,0,3b,3,1,1,1
1921,Plymouth Argyle,Gillingham,3,0,3b,3,3,3,1
1921,Plymouth Argyle,Millwall,2,0,3b,3,2,2,1
1921,Plymouth Argyle,Reading,2,0,3b,3,2,2,1
1921,Portsmouth,Aberdare Athletic,2,2,3b,3,4,0,0
1921,Portsmouth,Gillingham,4,1,3b,3,5,3,1
1921,Portsmouth,Norwich City,0,1,3b,3,1,-1,0
1921,Portsmouth,Reading,1,0,3b,3,1,1,1
1921,Queens Park Rangers,Bristol Rovers,1,2,3b,3,3,-1,0
1921,Queens Park Rangers,Millwall,6,1,3b,3,7,5,1
1921,Queens Park Rangers,Reading,1,1,3b,3,2,0,0
1921,Reading,Aberdare Athletic,0,1,3b,3,1,-1,0
1921,Reading,Gillingham,2,1,3b,3,3,1,1
1921,Reading,Millwall,1,0,3b,3,1,1,1
1921,Reading,Norwich City,2,1,3b,3,3,1,1
1921,Reading,Queens Park Rangers,0,1,3b,3,1,-1,0
1921,Southampton,Queens Park Rangers,1,1,3b,3,2,0,0
1921,Southampton,Swansea City,1,1,3b,3,2,0,0
1921,Southend United,Aberdare Athletic,3,2,3b,3,5,1,1
1921,Southend United,Bristol Rovers,3,0,3b,3,3,3,1
1921,Southend United,Millwall,1,1,3b,3,2,0,0
1921,Southend United,Norwich City,0,1,3b,3,1,-1,0
1921,Swansea City,Aberdare Athletic,1,2,3b,3,3,-1,0
1921,Swansea City,Gillingham,2,0,3b,3,2,2,1
1921,Swansea City,Southend United,1,1,3b,3,2,0,0
1921,Swindon Town,Bristol Rovers,0,1,3b,3,1,-1,0
1921,Swindon Town,Norwich City,6,1,3b,3,7,5,1
1921,Swindon Town,Queens Park Rangers,2,0,3b,3,2,2,1
1921,Swindon Town,Southend United,6,1,3b,3,7,5,1
1921,Watford,Bristol Rovers,1,0,3b,3,1,1,1
1921,Watford,Gillingham,1,0,3b,3,1,1,1
1921,Watford,Norwich City,4,2,3b,3,6,2,1
1921,Watford,Queens Park Rangers,2,2,3b,3,4,0,0
1922,Arsenal,Aston Villa,2,0,1,1,2,2,1
1922,Arsenal,Bolton Wanderers,5,0,1,1,5,5,1
1922,Arsenal,Liverpool,1,0,1,1,1,1,1
1922,Arsenal,Preston North End,1,1,1,1,2,0,0
1922,Aston Villa,Arsenal,1,1,1,1,2,0,0
1922,Aston Villa,Bolton Wanderers,2,0,1,1,2,2,1
1922,Aston Villa,Newcastle United,1,1,1,1,2,0,0
1922,Aston Villa,Sunderland,1,0,1,1,1,1,1
1922,Birmingham City,Bolton Wanderers,2,0,1,1,2,2,1
1922,Birmingham City,Chelsea,0,1,1,1,1,-1,0
1922,Birmingham City,Liverpool,0,1,1,1,1,-1,0
1922,Birmingham City,Preston North End,1,0,1,1,1,1,1
1922,Blackburn Rovers,Chelsea,0,0,1,1,0,0,0
1922,Blackburn Rovers,Liverpool,1,0,1,1,1,1,1
1922,Bolton Wanderers,Arsenal,4,1,1,1,5,3,1
1922,Bolton Wanderers,Preston North End,1,1,1,1,2,0,0
1922,Burnley,Arsenal,4,1,1,1,5,3,1
1922,Burnley,Blackburn Rovers,3,1,1,1,4,2,1
1922,Burnley,Liverpool,2,0,1,1,2,2,1
1922,Burnley,Preston North End,2,0,1,1,2,2,1
1922,Cardiff City,Arsenal,4,1,1,1,5,3,1
1922,Cardiff City,Blackburn Rovers,5,0,1,1,5,5,1
1922,Cardiff City,Chelsea,6,1,1,1,7,5,1
1922,Cardiff City,Newcastle United,5,0,1,1,5,5,1
1922,Cardiff City,Preston North End,1,0,1,1,1,1,1
1922,Cardiff City,Sunderland,2,4,1,1,6,-2,0
1922,Chelsea,Blackburn Rovers,1,1,1,1,2,0,0
1922,Chelsea,Liverpool,0,0,1,1,0,0,0
1922,Everton,Arsenal,1,0,1,1,1,1,1
1922,Everton,Sunderland,1,1,1,1,2,0,0
1922,Huddersfield Town,Arsenal,4,0,1,1,4,4,1
1922,Huddersfield Town,Liverpool,0,0,1,1,0,0,0
1922,Huddersfield Town,Newcastle United,2,0,1,1,2,2,1
1922,Huddersfield Town,Sunderland,0,1,1,1,1,-1,0
1922,Liverpool,Huddersfield Town,1,1,1,1,2,0,0
1922,Liverpool,Preston North End,5,2,1,1,7,3,1
1922,Liverpool,Sunderland,5,1,1,1,6,4,1
1922,Manchester City,Newcastle United,0,0,1,1,0,0,0
1922,Middlesbrough,Arsenal,2,0,1,1,2,2,1
1922,Middlesbrough,Blackburn Rovers,1,2,1,1,3,-1,0
1922,Middlesbrough,Cardiff City,0,1,1,1,1,-1,0
1922,Middlesbrough,Newcastle United,1,1,1,1,2,0,0
1922,Newcastle United,Cardiff City,3,1,1,1,4,2,1
1922,Newcastle United,Huddersfield Town,1,0,1,1,1,1,1
1922,Newcastle United,Middlesbrough,1,1,1,1,2,0,0
1922,Nottingham Forest,Blackburn Rovers,1,0,1,1,1,1,1
1922,Nottingham Forest,Cardiff City,3,2,1,1,5,1,1
1922,Oldham Athletic,Blackburn Rovers,1,0,1,1,1,1,1
1922,Oldham Athletic,Cardiff City,3,1,1,1,4,2,1
1922,Oldham Athletic,Huddersfield Town,0,3,1,1,3,-3,0
1922,Oldham Athletic,Middlesbrough,0,0,1,1,0,0,0
1922,Oldham Athletic,Sunderland,0,0,1,1,0,0,0
1922,Preston North End,Middlesbrough,1,2,1,1,3,-1,0
1922,Preston North End,Oldham Athletic,5,1,1,1,6,4,1
1922,Preston North End,Sunderland,2,0,1,1,2,2,1
1922,Sheffield United,Arsenal,2,1,1,1,3,1,1
1922,Sheffield United,Blackburn Rovers,1,1,1,1,2,0,0
1922,Sheffield United,Oldham Athletic,2,2,1,1,4,0,0
1922,Sheffield United,Sunderland,3,1,1,1,4,2,1
1922,Stoke City,Arsenal,1,0,1,1,1,1,1
1922,Stoke City,Oldham Athletic,2,2,1,1,4,0,0
1922,Sunderland,Arsenal,3,3,1,1,6,0,0
1922,Sunderland,Blackburn Rovers,4,3,1,1,7,1,1
1922,Sunderland,Cardiff City,2,1,1,1,3,1,1
1922,Sunderland,Huddersfield Town,1,1,1,1,2,0,0
1922,Sunderland,Middlesbrough,2,1,1,1,3,1,1
1922,Sunderland,Oldham Athletic,2,0,1,1,2,2,1
1922,Sunderland,Stoke City,2,0,1,1,2,2,1
1922,Tottenham Hotspur,Arsenal,1,2,1,1,3,-1,0
1922,Tottenham Hotspur,Blackburn Rovers,2,0,1,1,2,2,1
1922,Tottenham Hotspur,Cardiff City,1,1,1,1,2,0,0
1922,Tottenham Hotspur,Oldham Athletic,3,0,1,1,3,3,1
1922,West Bromwich Albion,Arsenal,7,0,1,1,7,7,1
1922,West Bromwich Albion,Blackburn Rovers,3,0,1,1,3,3,1
1922,West Bromwich Albion,Cardiff City,3,0,1,1,3,3,1
1922,West Bromwich Albion,Stoke City,0,1,1,1,1,-1,0
1922,Barnsley,Leicester City,0,1,2,2,1,-1,0
1922,Blackpool,Barnsley,0,1,2,2,1,-1,0
1922,Blackpool,Sheffield Wednesday,3,0,2,2,3,3,1
1922,Blackpool,Stockport County,0,0,2,2,0,0,0
1922,Bradford City,Fulham,2,1,2,2,3,1,1
1922,Bradford City,Leicester City,2,2,2,2,4,0,0
1922,Bradford City,Notts County,1,2,2,2,3,-1,0
1922,Bradford City,Sheffield Wednesday,1,1,2,2,2,0,0
1922,Bury,Leicester City,2,0,2,2,2,2,1
1922,Bury,Sheffield Wednesday,4,0,2,2,4,4,1
1922,Bury,Stockport County,2,0,2,2,2,2,1
1922,Coventry City,Barnsley,3,0,2,2,3,3,1
1922,Coventry City,Bury,3,0,2,2,3,3,1
1922,Coventry City,Fulham,1,0,2,2,1,1,1
1922,Coventry City,Leicester City,1,1,2,2,2,0,0
1922,Coventry City,Notts County,1,2,2,2,3,-1,0
1922,Coventry City,Sheffield Wednesday,1,1,2,2,2,0,0
1922,Crystal Palace,Sheffield Wednesday,2,0,2,2,2,2,1
1922,Crystal Palace,Stockport County,3,0,2,2,3,3,1
1922,Derby County,Barnsley,0,1,2,2,1,-1,0
1922,Derby County,Leicester City,2,0,2,2,2,2,1
1922,Fulham,Leicester City,2,0,2,2,2,2,1
1922,Fulham,Notts County,2,1,2,2,3,1,1
1922,Fulham,Sheffield Wednesday,1,0,2,2,1,1,1
1922,Fulham,Stockport County,3,0,2,2,3,3,1
1922,Hull City,Bury,2,2,2,2,4,0,0
1922,Hull City,Leicester City,1,3,2,2,4,-2,0
1922,Hull City,Notts County,0,2,2,2,2,-2,0
1922,Leeds United,Barnsley,1,1,2,2,2,0,0
1922,Leeds United,Bury,0,0,2,2,0,0,0
1922,Leeds United,Derby County,1,0,2,2,1,1,1
1922,Leeds United,Leicester City,0,0,2,2,0,0,0
1922,Leeds United,Notts County,3,0,2,2,3,3,1
1922,Leeds United,Stockport County,2,0,2,2,2,2,1
1922,Leicester City,Bury,2,0,2,2,2,2,1
1922,Leicester City,Derby County,0,1,2,2,1,-1,0
1922,Leicester City,Notts County,2,1,2,2,3,1,1
1922,Leicester City,Sheffield Wednesday,3,1,2,2,4,2,1
1922,Leicester City,Stockport County,2,0,2,2,2,2,1
1922,Leyton Orient,Derby County,0,0,2,2,0,0,0
1922,Leyton Orient,Leeds United,3,0,2,2,3,3,1
1922,Manchester United,Notts County,1,1,2,2,2,0,0
1922,Manchester United,Stockport County,1,0,2,2,1,1,1
1922,Notts County,Manchester United,1,6,2,2,7,-5,0
1922,Notts County,Stockport County,2,0,2,2,2,2,1
1922,Port Vale,Bury,2,0,2,2,2,2,1
1922,Port Vale,Sheffield Wednesday,2,2,2,2,4,0,0
1922,Rotherham County,Barnsley,1,1,2,2,2,0,0
1922,Rotherham County,Bury,0,0,2,2,0,0,0
1922,Rotherham County,Derby County,3,0,2,2,3,3,1
1922,Rotherham County,Leeds United,3,1,2,2,4,2,1
1922,Rotherham County,Sheffield Wednesday,1,2,2,2,3,-1,0
1922,Sheffield Wednesday,Derby County,0,0,2,2,0,0,0
1922,Sheffield Wednesday,Manchester United,1,0,2,2,1,1,1
1922,Sheffield Wednesday,Rotherham County,1,0,2,2,1,1,1
1922,Sheffield Wednesday,Stockport County,4,1,2,2,5,3,1
1922,South Shields,Barnsley,2,0,2,2,2,2,1
1922,South Shields,Derby County,3,1,2,2,4,2,1
1922,South Shields,Manchester United,0,3,2,2,3,-3,0
1922,South Shields,Stockport County,3,0,2,2,3,3,1
1922,Southampton,Barnsley,2,2,2,2,4,0,0
1922,Southampton,Bury,0,3,2,2,3,-3,0
1922,Southampton,Derby County,0,4,2,2,4,-4,0
1922,Southampton,Manchester United,0,0,2,2,0,0,0
1922,Southampton,Stockport County,1,0,2,2,1,1,1
1922,Stockport County,Barnsley,3,1,2,2,4,2,1
1922,Stockport County,Derby County,2,1,2,2,3,1,1
1922,Stockport County,Leeds United,2,1,2,2,3,1,1
1922,Stockport County,Rotherham County,1,0,2,2,1,1,1
1922,West Ham United,Barnsley,0,0,2,2,0,0,0
1922,West Ham United,Southampton,1,1,2,2,2,0,0
1922,Wolverhampton Wanderers,Barnsley,3,3,2,2,6,0,0
1922,Wolverhampton Wanderers,Derby County,0,1,2,2,1,-1,0
1922,Wolverhampton Wanderers,Leeds United,0,1,2,2,1,-1,0
1922,Accrington Stanley,Chesterfield,0,4,3a,3,4,-4,0
1922,Accrington Stanley,Durham City,3,1,3a,3,4,2,1
1922,Ashington,Bradford Park Avenue,2,1,3a,3,3,1,1
1922,Ashington,Halifax Town,3,2,3a,3,5,1,1
1922,Ashington,Stalybridge Celtic,0,3,3a,3,3,-3,0
1922,Ashington,Wigan Borough,2,1,3a,3,3,1,1
1922,Barrow,Grimsby Town,2,0,3a,3,2,2,1
1922,Barrow,Lincoln City,1,3,3a,3,4,-2,0
1922,Barrow,Walsall,0,0,3a,3,0,0,0
1922,Bradford Park Avenue,Accrington Stanley,5,1,3a,3,6,4,1
1922,Bradford Park Avenue,Hartlepool United,1,1,3a,3,2,0,0
1922,Bradford Park Avenue,Rochdale,3,0,3a,3,3,3,1
1922,Chesterfield,Darlington,0,0,3a,3,0,0,0
1922,Chesterfield,Halifax Town,3,0,3a,3,3,3,1
1922,Chesterfield,Nelson,1,2,3a,3,3,-1,0
1922,Chesterfield,Stalybridge Celtic,1,0,3a,3,1,1,1
1922,Crewe Alexandra,Ashington,3,1,3a,3,4,2,1
1922,Crewe Alexandra,Chesterfield,2,0,3a,3,2,2,1
1922,Crewe Alexandra,Grimsby Town,3,0,3a,3,3,3,1
1922,Crewe Alexandra,Southport,1,0,3a,3,1,1,1
1922,Crewe Alexandra,Walsall,0,0,3a,3,0,0,0
1922,Darlington,Bradford Park Avenue,2,0,3a,3,2,2,1
1922,Darlington,Wrexham,4,1,3a,3,5,3,1
1922,Durham City,Crewe Alexandra,2,0,3a,3,2,2,1
1922,Durham City,Stalybridge Celtic,0,0,3a,3,0,0,0
1922,Durham City,Wigan Borough,2,2,3a,3,4,0,0
1922,Grimsby Town,Ashington,7,4,3a,3,11,3,1
1922,Grimsby Town,Durham City,1,0,3a,3,1,1,1
1922,Grimsby Town,Southport,2,1,3a,3,3,1,1
1922,Grimsby Town,Walsall,1,2,3a,3,3,-1,0
1922,Halifax Town,Accrington Stanley,0,0,3a,3,0,0,0
1922,Halifax Town,Bradford Park Avenue,3,0,3a,3,3,3,1
1922,Halifax Town,Hartlepool United,3,0,3a,3,3,3,1
1922,Halifax Town,Tranmere Rovers,3,1,3a,3,4,2,1
1922,Hartlepool United,Nelson,5,1,3a,3,6,4,1
1922,Lincoln City,Ashington,2,0,3a,3,2,2,1
1922,Lincoln City,Hartlepool United,2,1,3a,3,3,1,1
1922,Lincoln City,Southport,2,0,3a,3,2,2,1
1922,Lincoln City,Walsall,0,2,3a,3,2,-2,0
1922,Nelson,Accrington Stanley,2,1,3a,3,3,1,1
1922,Nelson,Bradford Park Avenue,1,0,3a,3,1,1,1
1922,Nelson,Darlington,3,0,3a,3,3,3,1
1922,Nelson,Rochdale,1,2,3a,3,3,-1,0
1922,Nelson,Wrexham,2,0,3a,3,2,2,1
1922,Rochdale,Barrow,3,1,3a,3,4,2,1
1922,Rochdale,Grimsby Town,0,1,3a,3,1,-1,0
1922,Rochdale,Lincoln City,1,1,3a,3,2,0,0
1922,Rochdale,Wigan Borough,3,2,3a,3,5,1,1
1922,Southport,Ashington,1,0,3a,3,1,1,1
1922,Southport,Chesterfield,0,2,3a,3,2,-2,0
1922,Southport,Hartlepool United,1,0,3a,3,1,1,1
1922,Southport,Walsall,2,1,3a,3,3,1,1
1922,Stalybridge Celtic,Accrington Stanley,1,0,3a,3,1,1,1
1922,Stalybridge Celtic,Bradford Park Avenue,1,0,3a,3,1,1,1
1922,Tranmere Rovers,Grimsby Town,3,2,3a,3,5,1,1
1922,Tranmere Rovers,Southport,2,0,3a,3,2,2,1
1922,Tranmere Rovers,Wigan Borough,4,2,3a,3,6,2,1
1922,Walsall,Ashington,2,1,3a,3,3,1,1
1922,Walsall,Chesterfield,0,1,3a,3,1,-1,0
1922,Walsall,Tranmere Rovers,2,1,3a,3,3,1,1
1922,Wigan Borough,Accrington Stanley,2,0,3a,3,2,2,1
1922,Wigan Borough,Darlington,3,0,3a,3,3,3,1
1922,Wigan Borough,Halifax Town,0,1,3a,3,1,-1,0
1922,Wigan Borough,Stalybridge Celtic,3,0,3a,3,3,3,1
1922,Wigan Borough,Wrexham,1,1,3a,3,2,0,0
1922,Wrexham,Southport,1,1,3a,3,2,0,0
1922,Aberdare Athletic,Brighton & Hove Albion,0,1,3b,3,1,-1,0
1922,Aberdare Athletic,Charlton Athletic,3,1,3b,3,4,2,1
1922,Aberdare Athletic,Luton Town,2,1,3b,3,3,1,1
1922,Aberdare Athletic,Plymouth Argyle,2,2,3b,3,4,0,0
1922,Aberdare Athletic,Reading,0,0,3b,3,0,0,0
1922,Aberdare Athletic,Swindon Town,3,3,3b,3,6,0,0
1922,Brentford,Brighton & Hove Albion,1,2,3b,3,3,-1,0
1922,Brentford,Charlton Athletic,0,3,3b,3,3,-3,0
1922,Brentford,Plymouth Argyle,2,0,3b,3,2,2,1
1922,Brighton & Hove Albion,Luton Town,0,1,3b,3,1,-1,0
1922,Brighton & Hove Albion,Plymouth Argyle,1,0,3b,3,1,1,1
1922,Bristol City,Luton Town,1,0,3b,3,1,1,1
1922,Bristol City,Newport County,2,0,3b,3,2,2,1
1922,Bristol City,Swindon Town,3,1,3b,3,4,2,1
1922,Bristol Rovers,Brentford,1,1,3b,3,2,0,0
1922,Bristol Rovers,Newport County,3,1,3b,3,4,2,1
1922,Bristol Rovers,Plymouth Argyle,0,1,3b,3,1,-1,0
1922,Bristol Rovers,Reading,1,1,3b,3,2,0,0
1922,Bristol Rovers,Swindon Town,2,0,3b,3,2,2,1
1922,Charlton Athletic,Luton Town,2,1,3b,3,3,1,1
1922,Charlton Athletic,Plymouth Argyle,1,0,3b,3,1,1,1
1922,Exeter City,Luton Town,1,2,3b,3,3,-1,0
1922,Exeter City,Swindon Town,2,1,3b,3,3,1,1
1922,Gillingham,Brentford,2,0,3b,3,2,2,1
1922,Gillingham,Plymouth Argyle,1,0,3b,3,1,1,1
1922,Gillingham,Swindon Town,0,0,3b,3,0,0,0
1922,Luton Town,Gillingham,2,0,3b,3,2,2,1
1922,Luton Town,Newport County,1,0,3b,3,1,1,1
1922,Luton Town,Plymouth Argyle,2,1,3b,3,3,1,1
1922,Merthyr Town,Brentford,1,0,3b,3,1,1,1
1922,Merthyr Town,Bristol Rovers,1,1,3b,3,2,0,0
1922,Merthyr Town,Gillingham,1,0,3b,3,1,1,1
1922,Merthyr Town,Newport County,1,0,3b,3,1,1,1
1922,Merthyr Town,Plymouth Argyle,0,1,3b,3,1,-1,0
1922,Merthyr Town,Reading,1,1,3b,3,2,0,0
1922,Merthyr Town,Swindon Town,1,1,3b,3,2,0,0
1922,Millwall,Bristol Rovers,1,0,3b,3,1,1,1
1922,Millwall,Newport County,0,0,3b,3,0,0,0
1922,Millwall,Reading,0,0,3b,3,0,0,0
1922,Millwall,Swindon Town,1,1,3b,3,2,0,0
1922,Newport County,Brentford,0,1,3b,3,1,-1,0
1922,Newport County,Plymouth Argyle,1,0,3b,3,1,1,1
1922,Newport County,Swindon Town,2,2,3b,3,4,0,0
1922,Northampton Town,Brentford,1,1,3b,3,2,0,0
1922,Northampton Town,Bristol Rovers,1,0,3b,3,1,1,1
1922,Northampton Town,Plymouth Argyle,1,0,3b,3,1,1,1
1922,Northampton Town,Swindon Town,1,2,3b,3,3,-1,0
1922,Norwich City,Millwall,3,2,3b,3,5,1,1
1922,Norwich City,Swindon Town,0,0,3b,3,0,0,0
1922,Plymouth Argyle,Brentford,3,0,3b,3,3,3,1
1922,Plymouth Argyle,Millwall,1,0,3b,3,1,1,1
1922,Plymouth Argyle,Swindon Town,2,0,3b,3,2,2,1
1922,Portsmouth,Bristol Rovers,0,0,3b,3,0,0,0
1922,Portsmouth,Gillingham,6,1,3b,3,7,5,1
1922,Portsmouth,Millwall,2,0,3b,3,2,2,1
1922,Portsmouth,Norwich City,2,1,3b,3,3,1,1
1922,Queens Park Rangers,Millwall,2,3,3b,3,5,-1,0
1922,Queens Park Rangers,Reading,1,0,3b,3,1,1,1
1922,Southend United,Bristol Rovers,0,0,3b,3,0,0,0
1922,Southend United,Millwall,4,0,3b,3,4,4,1
1922,Southend United,Norwich City,3,1,3b,3,4,2,1
1922,Southend United,Queens Park Rangers,2,0,3b,3,2,2,1
1922,Southend United,Swindon Town,2,0,3b,3,2,2,1
1922,Swansea City,Brentford,0,0,3b,3,0,0,0
1922,Swansea City,Bristol Rovers,0,1,3b,3,1,-1,0
1922,Swansea City,Millwall,0,1,3b,3,1,-1,0
1922,Swansea City,Norwich City,3,1,3b,3,4,2,1
1922,Swansea City,Swindon Town,5,0,3b,3,5,5,1
1922,Swindon Town,Brentford,3,0,3b,3,3,3,1
1922,Swindon Town,Bristol Rovers,1,0,3b,3,1,1,1
1922,Swindon Town,Millwall,0,0,3b,3,0,0,0
1922,Swindon Town,Queens Park Rangers,1,0,3b,3,1,1,1
1922,Swindon Town,Swansea City,2,1,3b,3,3,1,1
1922,Watford,Brentford,2,0,3b,3,2,2,1
1922,Watford,Bristol Rovers,0,1,3b,3,1,-1,0
1922,Watford,Gillingham,5,2,3b,3,7,3,1
1922,Watford,Norwich City,2,1,3b,3,3,1,1
1922,Watford,Swansea City,2,1,3b,3,3,1,1
1923,Arsenal,Birmingham City,0,0,1,1,0,0,0
1923,Arsenal,Burnley,2,0,1,1,2,2,1
1923,Arsenal,Manchester City,1,2,1,1,3,-1,0
1923,Arsenal,Sheffield United,1,3,1,1,4,-2,0
1923,Aston Villa,Birmingham City,0,0,1,1,0,0,0
1923,Aston Villa,Burnley,1,1,1,1,2,0,0
1923,Aston Villa,Everton,1,1,1,1,2,0,0
1923,Aston Villa,Manchester City,2,0,1,1,2,2,1
1923,Aston Villa,Nottingham Forest,2,0,1,1,2,2,1
1923,Aston Villa,Sheffield United,2,2,1,1,4,0,0
1923,Aston Villa,West Bromwich Albion,4,0,1,1,4,4,1
1923,Birmingham City,Everton,0,1,1,1,1,-1,0
1923,Birmingham City,Manchester City,3,0,1,1,3,3,1
1923,Blackburn Rovers,Aston Villa,3,1,1,1,4,2,1
1923,Blackburn Rovers,Burnley,1,1,1,1,2,0,0
1923,Blackburn Rovers,Manchester City,0,1,1,1,1,-1,0
1923,Blackburn Rovers,West Bromwich Albion,4,0,1,1,4,4,1
1923,Bolton Wanderers,Aston Villa,1,0,1,1,1,1,1
1923,Bolton Wanderers,West Bromwich Albion,2,0,1,1,2,2,1
1923,Burnley,Bolton Wanderers,1,0,1,1,1,1,1
1923,Burnley,Manchester City,3,2,1,1,5,1,1
1923,Burnley,Nottingham Forest,2,4,1,1,6,-2,0
1923,Burnley,West Bromwich Albion,4,0,1,1,4,4,1
1923,Cardiff City,Everton,0,0,1,1,0,0,0
1923,Cardiff City,Manchester City,1,1,1,1,2,0,0
1923,Cardiff City,Sheffield United,3,1,1,1,4,2,1
1923,Cardiff City,West Bromwich Albion,3,0,1,1,3,3,1
1923,Chelsea,Aston Villa,0,0,1,1,0,0,0
1923,Chelsea,Everton,1,1,1,1,2,0,0
1923,Chelsea,Manchester City,3,1,1,1,4,2,1
1923,Chelsea,Nottingham Forest,1,1,1,1,2,0,0
1923,Chelsea,Sheffield United,1,1,1,1,2,0,0
1923,Chelsea,West Bromwich Albion,0,0,1,1,0,0,0
1923,Everton,Aston Villa,2,0,1,1,2,2,1
1923,Everton,Bolton Wanderers,2,2,1,1,4,0,0
1923,Everton,Chelsea,2,0,1,1,2,2,1
1923,Everton,Nottingham Forest,2,1,1,1,3,1,1
1923,Everton,Sheffield United,2,0,1,1,2,2,1
1923,Everton,West Bromwich Albion,2,0,1,1,2,2,1
1923,Huddersfield Town,Aston Villa,1,0,1,1,1,1,1
1923,Huddersfield Town,Nottingham Forest,3,0,1,1,3,3,1
1923,Liverpool,Aston Villa,0,1,1,1,1,-1,0
1923,Liverpool,Bolton Wanderers,3,1,1,1,4,2,1
1923,Liverpool,Chelsea,3,1,1,1,4,2,1
1923,Liverpool,Manchester City,0,0,1,1,0,0,0
1923,Liverpool,Nottingham Forest,4,2,1,1,6,2,1
1923,Middlesbrough,Nottingham Forest,5,2,1,1,7,3,1
1923,Middlesbrough,Sheffield United,0,1,1,1,1,-1,0
1923,Newcastle United,Sheffield United,2,2,1,1,4,0,0
1923,Nottingham Forest,Bolton Wanderers,1,0,1,1,1,1,1
1923,Nottingham Forest,Chelsea,2,0,1,1,2,2,1
1923,Nottingham Forest,Liverpool,0,1,1,1,1,-1,0
1923,Nottingham Forest,Sheffield United,1,2,1,1,3,-1,0
1923,Notts County,Liverpool,1,2,1,1,3,-1,0
1923,Preston North End,Newcastle United,1,2,1,1,3,-1,0
1923,Sheffield United,Bolton Wanderers,0,0,1,1,0,0,0
1923,Sheffield United,Chelsea,1,0,1,1,1,1,1
1923,Sheffield United,Liverpool,1,1,1,1,2,0,0
1923,Sheffield United,West Bromwich Albion,2,0,1,1,2,2,1
1923,Sunderland,Aston Villa,2,0,1,1,2,2,1
1923,Sunderland,Bolton Wanderers,2,2,1,1,4,0,0
1923,Sunderland,Liverpool,0,0,1,1,0,0,0
1923,Sunderland,West Bromwich Albion,2,0,1,1,2,2,1
1923,Tottenham Hotspur,Chelsea,0,1,1,1,1,-1,0
1923,Tottenham Hotspur,Newcastle United,2,0,1,1,2,2,1
1923,West Bromwich Albion,Chelsea,2,2,1,1,4,0,0
1923,West Bromwich Albion,Liverpool,2,0,1,1,2,2,1
1923,West Bromwich Albion,Newcastle United,0,0,1,1,0,0,0
1923,West Bromwich Albion,Preston North End,1,2,1,1,3,-1,0
1923,West Bromwich Albion,Tottenham Hotspur,4,1,1,1,5,3,1
1923,West Ham United,Bolton Wanderers,0,1,1,1,1,-1,0
1923,West Ham United,Tottenham Hotspur,0,0,1,1,0,0,0
1923,Barnsley,Bradford City,2,1,2,2,3,1,1
1923,Barnsley,Nelson,0,0,2,2,0,0,0
1923,Blackpool,Fulham,3,0,2,2,3,3,1
1923,Blackpool,Leicester City,3,1,2,2,4,2,1
1923,Bradford City,Fulham,1,0,2,2,1,1,1
1923,Bradford City,Sheffield Wednesday,4,1,2,2,5,3,1
1923,Bristol City,Fulham,0,1,2,2,1,-1,0
1923,Bristol City,Nelson,1,0,2,2,1,1,1
1923,Bristol City,Sheffield Wednesday,2,3,2,2,5,-1,0
1923,Bury,Blackpool,2,0,2,2,2,2,1
1923,Bury,Fulham,2,1,2,2,3,1,1
1923,Bury,Nelson,2,0,2,2,2,2,1
1923,Bury,Sheffield Wednesday,5,0,2,2,5,5,1
1923,Coventry City,Bury,1,0,2,2,1,1,1
1923,Coventry City,Nelson,4,0,2,2,4,4,1
1923,Crystal Palace,Bury,1,0,2,2,1,1,1
1923,Crystal Palace,Leicester City,4,3,2,2,7,1,1
1923,Crystal Palace,Nelson,1,1,2,2,2,0,0
1923,Crystal Palace,Sheffield Wednesday,3,0,2,2,3,3,1
1923,Crystal Palace,Stockport County,1,1,2,2,2,0,0
1923,Derby County,Blackpool,2,0,2,2,2,2,1
1923,Derby County,Bury,0,2,2,2,2,-2,0
1923,Derby County,Fulham,3,3,2,2,6,0,0
1923,Derby County,Nelson,6,0,2,2,6,6,1
1923,Derby County,Sheffield Wednesday,1,1,2,2,2,0,0
1923,Fulham,Bury,0,2,2,2,2,-2,0
1923,Fulham,Stockport County,1,0,2,2,1,1,1
1923,Hull City,Blackpool,2,1,2,2,3,1,1
1923,Hull City,Bury,0,1,2,2,1,-1,0
1923,Hull City,Derby County,0,1,2,2,1,-1,0
1923,Hull City,Sheffield Wednesday,1,1,2,2,2,0,0
1923,Hull City,Stockport County,1,2,2,2,3,-1,0
1923,Leeds United,Blackpool,0,0,2,2,0,0,0
1923,Leeds United,Bury,1,2,2,2,3,-1,0
1923,Leeds United,Leicester City,1,2,2,2,3,-1,0
1923,Leeds United,Sheffield Wednesday,1,0,2,2,1,1,1
1923,Leeds United,Stockport County,4,0,2,2,4,4,1
1923,Leicester City,Blackpool,1,2,2,2,3,-1,0
1923,Leicester City,Bury,3,0,2,2,3,3,1
1923,Leyton Orient,Blackpool,1,0,2,2,1,1,1
1923,Leyton Orient,Sheffield Wednesday,0,0,2,2,0,0,0
1923,Leyton Orient,Stockport County,1,1,2,2,2,0,0
1923,Manchester United,Nelson,0,1,2,2,1,-1,0
1923,Manchester United,Stockport County,3,0,2,2,3,3,1
1923,Nelson,Blackpool,2,3,2,2,5,-1,0
1923,Nelson,Bury,0,5,2,2,5,-5,0
1923,Nelson,Leeds United,3,1,2,2,4,2,1
1923,Nelson,Stockport County,1,1,2,2,2,0,0
1923,Oldham Athletic,Blackpool,1,1,2,2,2,0,0
1923,Oldham Athletic,Bury,0,0,2,2,0,0,0
1923,Oldham Athletic,Derby County,2,0,2,2,2,2,1
1923,Oldham Athletic,Leeds United,2,2,2,2,4,0,0
1923,Oldham Athletic,Sheffield Wednesday,2,0,2,2,2,2,1
1923,Oldham Athletic,Stockport County,3,1,2,2,4,2,1
1923,Port Vale,Bury,2,1,2,2,3,1,1
1923,Port Vale,Manchester United,0,1,2,2,1,-1,0
1923,Port Vale,Stockport County,0,1,2,2,1,-1,0
1923,Sheffield Wednesday,Bury,1,1,2,2,2,0,0
1923,Sheffield Wednesday,Derby County,1,0,2,2,1,1,1
1923,South Shields,Blackpool,1,0,2,2,1,1,1
1923,South Shields,Bury,1,0,2,2,1,1,1
1923,South Shields,Leeds United,2,0,2,2,2,2,1
1923,South Shields,Manchester United,1,0,2,2,1,1,1
1923,South Shields,Stockport County,3,1,2,2,4,2,1
1923,Southampton,Blackpool,3,2,2,2,5,1,1
1923,Southampton,Bury,3,0,2,2,3,3,1
1923,Southampton,Leeds United,0,1,2,2,1,-1,0
1923,Southampton,Stockport County,0,0,2,2,0,0,0
1923,Stockport County,Derby County,0,0,2,2,0,0,0
1923,Stockport County,Manchester United,3,2,2,2,5,1,1
1923,Stockport County,Port Vale,0,0,2,2,0,0,0
1923,Stoke City,Bury,0,0,2,2,0,0,0
1923,Stoke City,Leeds United,1,1,2,2,2,0,0
1923,Stoke City,Port Vale,1,0,2,2,1,1,1
1923,Stoke City,Southampton,1,1,2,2,2,0,0
1923,Accrington Stanley,Barrow,3,1,3a,3,4,2,1
1923,Accrington Stanley,Crewe Alexandra,1,1,3a,3,2,0,0
1923,Accrington Stanley,Rochdale,0,1,3a,3,1,-1,0
1923,Ashington,Barrow,2,0,3a,3,2,2,1
1923,Ashington,Crewe Alexandra,3,0,3a,3,3,3,1
1923,Ashington,Durham City,2,1,3a,3,3,1,1
1923,Ashington,Hartlepool United,0,0,3a,3,0,0,0
1923,Ashington,Rochdale,1,0,3a,3,1,1,1
1923,Ashington,Tranmere Rovers,3,3,3a,3,6,0,0
1923,Ashington,Wolverhampton Wanderers,1,7,3a,3,8,-6,0
1923,Barrow,Hartlepool United,1,2,3a,3,3,-1,0
1923,Barrow,Tranmere Rovers,1,1,3a,3,2,0,0
1923,Barrow,Wolverhampton Wanderers,2,2,3a,3,4,0,0
1923,Bradford Park Avenue,Ashington,3,1,3a,3,4,2,1
1923,Bradford Park Avenue,Crewe Alexandra,1,1,3a,3,2,0,0
1923,Bradford Park Avenue,Hartlepool United,4,0,3a,3,4,4,1
1923,Bradford Park Avenue,Tranmere Rovers,2,0,3a,3,2,2,1
1923,Chesterfield,Hartlepool United,5,1,3a,3,6,4,1
1923,Chesterfield,Rochdale,1,1,3a,3,2,0,0
1923,Chesterfield,Tranmere Rovers,5,0,3a,3,5,5,1
1923,Crewe Alexandra,Ashington,1,3,3a,3,4,-2,0
1923,Crewe Alexandra,Chesterfield,0,1,3a,3,1,-1,0
1923,Crewe Alexandra,Hartlepool United,2,1,3a,3,3,1,1
1923,Darlington,Ashington,3,2,3a,3,5,1,1
1923,Darlington,Durham City,3,2,3a,3,5,1,1
1923,Darlington,Hartlepool United,5,0,3a,3,5,5,1
1923,Darlington,Rochdale,2,2,3a,3,4,0,0
1923,Doncaster Rovers,Ashington,2,1,3a,3,3,1,1
1923,Doncaster Rovers,Durham City,2,1,3a,3,3,1,1
1923,Doncaster Rovers,Tranmere Rovers,4,0,3a,3,4,4,1
1923,Durham City,Ashington,4,0,3a,3,4,4,1
1923,Durham City,Doncaster Rovers,2,1,3a,3,3,1,1
1923,Durham City,Rochdale,0,0,3a,3,0,0,0
1923,Durham City,Tranmere Rovers,1,1,3a,3,2,0,0
1923,Durham City,Wolverhampton Wanderers,2,3,3a,3,5,-1,0
1923,Grimsby Town,Ashington,4,0,3a,3,4,4,1
1923,Grimsby Town,Tranmere Rovers,0,0,3a,3,0,0,0
1923,Halifax Town,Hartlepool United,1,0,3a,3,1,1,1
1923,Hartlepool United,Doncaster Rovers,1,1,3a,3,2,0,0
1923,Hartlepool United,Halifax Town,1,3,3a,3,4,-2,0
1923,Hartlepool United,Rochdale,1,2,3a,3,3,-1,0
1923,Hartlepool United,Tranmere Rovers,2,1,3a,3,3,1,1
1923,Hartlepool United,Wolverhampton Wanderers,0,1,3a,3,1,-1,0
1923,Lincoln City,Ashington,2,0,3a,3,2,2,1
1923,Lincoln City,Rochdale,0,2,3a,3,2,-2,0
1923,Lincoln City,Tranmere Rovers,1,1,3a,3,2,0,0
1923,Lincoln City,Wolverhampton Wanderers,0,0,3a,3,0,0,0
1923,New Brighton,Chesterfield,0,0,3a,3,0,0,0
1923,New Brighton,Halifax Town,2,0,3a,3,2,2,1
1923,New Brighton,Rochdale,1,1,3a,3,2,0,0
1923,New Brighton,Wolverhampton Wanderers,0,1,3a,3,1,-1,0
1923,Rochdale,Chesterfield,3,0,3a,3,3,3,1
1923,Rochdale,Doncaster Rovers,2,0,3a,3,2,2,1
1923,Rochdale,New Brighton,6,2,3a,3,8,4,1
1923,Rochdale,Wolverhampton Wanderers,0,0,3a,3,0,0,0
1923,Rotherham County,Ashington,1,0,3a,3,1,1,1
1923,Rotherham County,Chesterfield,1,2,3a,3,3,-1,0
1923,Rotherham County,New Brighton,3,1,3a,3,4,2,1
1923,Rotherham County,Tranmere Rovers,5,1,3a,3,6,4,1
1923,Southport,Doncaster Rovers,2,2,3a,3,4,0,0
1923,Southport,New Brighton,3,0,3a,3,3,3,1
1923,Southport,Wolverhampton Wanderers,0,0,3a,3,0,0,0
1923,Tranmere Rovers,Ashington,2,4,3a,3,6,-2,0
1923,Tranmere Rovers,Doncaster Rovers,3,0,3a,3,3,3,1
1923,Tranmere Rovers,New Brighton,1,2,3a,3,3,-1,0
1923,Tranmere Rovers,Southport,1,1,3a,3,2,0,0
1923,Tranmere Rovers,Wolverhampton Wanderers,0,0,3a,3,0,0,0
1923,Walsall,Ashington,1,1,3a,3,2,0,0
1923,Walsall,New Brighton,3,0,3a,3,3,3,1
1923,Walsall,Southport,0,1,3a,3,1,-1,0
1923,Walsall,Wolverhampton Wanderers,2,1,3a,3,3,1,1
1923,Wigan Borough,Halifax Town,0,1,3a,3,1,-1,0
1923,Wigan Borough,New Brighton,1,0,3a,3,1,1,1
1923,Wigan Borough,Wolverhampton Wanderers,1,1,3a,3,2,0,0
1923,Wolverhampton Wanderers,Ashington,1,0,3a,3,1,1,1
1923,Wolverhampton Wanderers,Southport,2,1,3a,3,3,1,1
1923,Wolverhampton Wanderers,Wigan Borough,3,3,3a,3,6,0,0
1923,Wrexham,Doncaster Rovers,2,2,3a,3,4,0,0
1923,Wrexham,Halifax Town,0,1,3a,3,1,-1,0
1923,Wrexham,Southport,3,0,3a,3,3,3,1
1923,Aberdare Athletic,Newport County,2,0,3b,3,2,2,1
1923,Aberdare Athletic,Reading,1,0,3b,3,1,1,1
1923,Aberdare Athletic,Swindon Town,2,2,3b,3,4,0,0
1923,AFC Bournemouth,Brentford,2,4,3b,3,6,-2,0
1923,AFC Bournemouth,Luton Town,2,3,3b,3,5,-1,0
1923,AFC Bournemouth,Newport County,0,1,3b,3,1,-1,0
1923,AFC Bournemouth,Reading,0,0,3b,3,0,0,0
1923,Brentford,Reading,4,1,3b,3,5,3,1
1923,Brentford,Swindon Town,2,2,3b,3,4,0,0
1923,Brighton & Hove Albion,Charlton Athletic,3,0,3b,3,3,3,1
1923,Brighton & Hove Albion,Plymouth Argyle,4,1,3b,3,5,3,1
1923,Brighton & Hove Albion,Reading,4,0,3b,3,4,4,1
1923,Bristol Rovers,AFC Bournemouth,3,4,3b,3,7,-1,0
1923,Bristol Rovers,Newport County,0,0,3b,3,0,0,0
1923,Bristol Rovers,Plymouth Argyle,1,1,3b,3,2,0,0
1923,Charlton Athletic,Newport County,2,1,3b,3,3,1,1
1923,Charlton Athletic,Plymouth Argyle,0,1,3b,3,1,-1,0
1923,Exeter City,AFC Bournemouth,0,2,3b,3,2,-2,0
1923,Exeter City,Luton Town,2,1,3b,3,3,1,1
1923,Exeter City,Plymouth Argyle,0,4,3b,3,4,-4,0
1923,Exeter City,Swindon Town,3,1,3b,3,4,2,1
1923,Gillingham,Luton Town,0,0,3b,3,0,0,0
1923,Gillingham,Reading,1,0,3b,3,1,1,1
1923,Luton Town,Bristol Rovers,0,0,3b,3,0,0,0
1923,Luton Town,Swindon Town,3,2,3b,3,5,1,1
1923,Merthyr Town,Bristol Rovers,1,1,3b,3,2,0,0
1923,Merthyr Town,Newport County,3,3,3b,3,6,0,0
1923,Merthyr Town,Reading,1,1,3b,3,2,0,0
1923,Merthyr Town,Swindon Town,2,0,3b,3,2,2,1
1923,Millwall,Gillingham,5,0,3b,3,5,5,1
1923,Millwall,Reading,0,0,3b,3,0,0,0
1923,Millwall,Swindon Town,1,0,3b,3,1,1,1
1923,Newport County,Millwall,2,1,3b,3,3,1,1
1923,Newport County,Swindon Town,3,0,3b,3,3,3,1
1923,Northampton Town,Bristol Rovers,0,0,3b,3,0,0,0
1923,Northampton Town,Gillingham,2,0,3b,3,2,2,1
1923,Northampton Town,Reading,3,1,3b,3,4,2,1
1923,Northampton Town,Swindon Town,1,1,3b,3,2,0,0
1923,Norwich City,AFC Bournemouth,1,1,3b,3,2,0,0
1923,Norwich City,Bristol Rovers,3,1,3b,3,4,2,1
1923,Norwich City,Reading,2,2,3b,3,4,0,0
1923,Norwich City,Swindon Town,2,0,3b,3,2,2,1
1923,Plymouth Argyle,AFC Bournemouth,4,0,3b,3,4,4,1
1923,Plymouth Argyle,Bristol Rovers,2,2,3b,3,4,0,0
1923,Plymouth Argyle,Gillingham,3,0,3b,3,3,3,1
1923,Plymouth Argyle,Norwich City,2,0,3b,3,2,2,1
1923,Plymouth Argyle,Swindon Town,1,3,3b,3,4,-2,0
1923,Portsmouth,Bristol Rovers,1,1,3b,3,2,0,0
1923,Portsmouth,Swindon Town,4,1,3b,3,5,3,1
1923,Queens Park Rangers,Bristol Rovers,1,2,3b,3,3,-1,0
1923,Queens Park Rangers,Gillingham,1,1,3b,3,2,0,0
1923,Queens Park Rangers,Millwall,1,1,3b,3,2,0,0
1923,Queens Park Rangers,Norwich City,2,1,3b,3,3,1,1
1923,Queens Park Rangers,Reading,1,4,3b,3,5,-3,0
1923,Reading,Bristol Rovers,3,2,3b,3,5,1,1
1923,Reading,Millwall,2,0,3b,3,2,2,1
1923,Reading,Norwich City,3,0,3b,3,3,3,1
1923,Reading,Queens Park Rangers,4,0,3b,3,4,4,1
1923,Southend United,AFC Bournemouth,1,1,3b,3,2,0,0
1923,Southend United,Bristol Rovers,1,0,3b,3,1,1,1
1923,Southend United,Millwall,0,0,3b,3,0,0,0
1923,Swansea City,Bristol Rovers,3,1,3b,3,4,2,1
1923,Swansea City,Gillingham,3,1,3b,3,4,2,1
1923,Swindon Town,AFC Bournemouth,3,1,3b,3,4,2,1
1923,Swindon Town,Bristol Rovers,0,0,3b,3,0,0,0
1923,Swindon Town,Gillingham,4,1,3b,3,5,3,1
1923,Swindon Town,Swansea City,1,0,3b,3,1,1,1
1923,Watford,Bristol Rovers,4,0,3b,3,4,4,1
1923,Watford,Millwall,1,1,3b,3,2,0,0
1923,Watford,Norwich City,0,0,3b,3,0,0,0
1923,Watford,Queens Park Rangers,0,2,3b,3,2,-2,0
1924,Arsenal,Birmingham City,0,1,1,1,1,-1,0
1924,Arsenal,Burnley,5,0,1,1,5,5,1
1924,Arsenal,Sheffield United,2,0,1,1,2,2,1
1924,Aston Villa,Birmingham City,1,0,1,1,1,1,1
1924,Aston Villa,Burnley,3,0,1,1,3,3,1
1924,Aston Villa,Liverpool,1,4,1,1,5,-3,0
1924,Aston Villa,Sheffield United,1,1,1,1,2,0,0
1924,Birmingham City,Everton,2,2,1,1,4,0,0
1924,Birmingham City,Liverpool,5,2,1,1,7,3,1
1924,Blackburn Rovers,Aston Villa,1,1,1,1,2,0,0
1924,Blackburn Rovers,West Bromwich Albion,1,0,1,1,1,1,1
1924,Bolton Wanderers,Burnley,5,0,1,1,5,5,1
1924,Bolton Wanderers,Everton,1,0,1,1,1,1,1
1924,Bolton Wanderers,Liverpool,2,0,1,1,2,2,1
1924,Bolton Wanderers,Nottingham Forest,1,0,1,1,1,1,1
1924,Burnley,Aston Villa,1,1,1,1,2,0,0
1924,Burnley,Liverpool,2,1,1,1,3,1,1
1924,Burnley,Nottingham Forest,0,0,1,1,0,0,0
1924,Bury,Aston Villa,4,3,1,1,7,1,1
1924,Bury,Bolton Wanderers,1,0,1,1,1,1,1
1924,Cardiff City,Bolton Wanderers,1,2,1,1,3,-1,0
1924,Cardiff City,Everton,2,1,1,1,3,1,1
1924,Cardiff City,Liverpool,1,3,1,1,4,-2,0
1924,Cardiff City,Nottingham Forest,2,0,1,1,2,2,1
1924,Cardiff City,West Bromwich Albion,0,1,1,1,1,-1,0
1924,Everton,Bolton Wanderers,2,2,1,1,4,0,0
1924,Everton,Cardiff City,1,2,1,1,3,-1,0
1924,Everton,Liverpool,0,1,1,1,1,-1,0
1924,Everton,Nottingham Forest,3,1,1,1,4,2,1
1924,Everton,Sheffield United,1,1,1,1,2,0,0
1924,Everton,West Bromwich Albion,1,0,1,1,1,1,1
1924,Huddersfield Town,Aston Villa,4,1,1,1,5,3,1
1924,Huddersfield Town,Liverpool,1,1,1,1,2,0,0
1924,Huddersfield Town,Nottingham Forest,3,0,1,1,3,3,1
1924,Huddersfield Town,Sheffield United,2,1,1,1,3,1,1
1924,Leeds United,Aston Villa,6,0,1,1,6,6,1
1924,Leeds United,Sheffield United,1,1,1,1,2,0,0
1924,Leeds United,West Bromwich Albion,0,1,1,1,1,-1,0
1924,Liverpool,Bolton Wanderers,0,0,1,1,0,0,0
1924,Liverpool,Sheffield United,4,1,1,1,5,3,1
1924,Liverpool,West Bromwich Albion,1,1,1,1,2,0,0
1924,Manchester City,Bolton Wanderers,2,2,1,1,4,0,0
1924,Manchester City,Nottingham Forest,4,2,1,1,6,2,1
1924,Manchester City,Sheffield United,2,1,1,1,3,1,1
1924,Manchester City,West Bromwich Albion,1,2,1,1,3,-1,0
1924,Newcastle United,Aston Villa,4,1,1,1,5,3,1
1924,Newcastle United,Cardiff City,1,2,1,1,3,-1,0
1924,Newcastle United,Leeds United,4,1,1,1,5,3,1
1924,Newcastle United,West Bromwich Albion,0,1,1,1,1,-1,0
1924,Nottingham Forest,Aston Villa,0,2,1,1,2,-2,0
1924,Nottingham Forest,Bolton Wanderers,1,1,1,1,2,0,0
1924,Nottingham Forest,Newcastle United,1,1,1,1,2,0,0
1924,Nottingham Forest,Sheffield United,2,3,1,1,5,-1,0
1924,Nottingham Forest,West Bromwich Albion,0,1,1,1,1,-1,0
1924,Notts County,Cardiff City,3,0,1,1,3,3,1
1924,Notts County,Leeds United,1,0,1,1,1,1,1
1924,Notts County,Newcastle United,2,0,1,1,2,2,1
1924,Preston North End,Aston Villa,3,2,1,1,5,1,1
1924,Preston North End,Bolton Wanderers,1,0,1,1,1,1,1
1924,Preston North End,Cardiff City,1,3,1,1,4,-2,0
1924,Preston North End,Newcastle United,0,1,1,1,1,-1,0
1924,Sheffield United,Aston Villa,2,2,1,1,4,0,0
1924,Sheffield United,Leeds United,1,1,1,1,2,0,0
1924,Sheffield United,Newcastle United,1,2,1,1,3,-1,0
1924,Sheffield United,Preston North End,3,0,1,1,3,3,1
1924,Sheffield United,West Bromwich Albion,2,0,1,1,2,2,1
1924,Sunderland,Bolton Wanderers,1,0,1,1,1,1,1
1924,Sunderland,Newcastle United,1,1,1,1,2,0,0
1924,Sunderland,Preston North End,2,0,1,1,2,2,1
1924,Tottenham Hotspur,Aston Villa,1,3,1,1,4,-2,0
1924,Tottenham Hotspur,Bolton Wanderers,3,0,1,1,3,3,1
1924,Tottenham Hotspur,Cardiff City,1,1,1,1,2,0,0
1924,Tottenham Hotspur,Preston North End,2,0,1,1,2,2,1
1924,West Bromwich Albion,Aston Villa,4,1,1,1,5,3,1
1924,West Bromwich Albion,Bolton Wanderers,0,0,1,1,0,0,0
1924,West Bromwich Albion,Cardiff City,1,0,1,1,1,1,1
1924,West Bromwich Albion,Leeds United,3,1,1,1,4,2,1
1924,West Bromwich Albion,Preston North End,1,1,1,1,2,0,0
1924,West Ham United,Bolton Wanderers,1,1,1,1,2,0,0
1924,West Ham United,Leeds United,0,0,1,1,0,0,0
1924,West Ham United,Preston North End,1,0,1,1,1,1,1
1924,Barnsley,Bradford City,3,1,2,2,4,2,1
1924,Barnsley,Hull City,1,2,2,2,3,-1,0
1924,Barnsley,Manchester United,0,0,2,2,0,0,0
1924,Barnsley,Port Vale,1,3,2,2,4,-2,0
1924,Barnsley,South Shields,1,0,2,2,1,1,1
1924,Barnsley,Stoke City,1,1,2,2,2,0,0
1924,Blackpool,Hull City,0,0,2,2,0,0,0
1924,Blackpool,Manchester United,1,1,2,2,2,0,0
1924,Blackpool,Stoke City,1,2,2,2,3,-1,0
1924,Bradford City,Crystal Palace,0,0,2,2,0,0,0
1924,Chelsea,Manchester United,0,0,2,2,0,0,0
1924,Chelsea,Port Vale,1,0,2,2,1,1,1
1924,Coventry City,Blackpool,2,1,2,2,3,1,1
1924,Coventry City,Crystal Palace,1,4,2,2,5,-3,0
1924,Coventry City,Hull City,0,0,2,2,0,0,0
1924,Coventry City,Manchester United,1,0,2,2,1,1,1
1924,Coventry City,Port Vale,0,0,2,2,0,0,0
1924,Coventry City,Stoke City,3,1,2,2,4,2,1
1924,Crystal Palace,Hull City,1,0,2,2,1,1,1
1924,Crystal Palace,South Shields,0,0,2,2,0,0,0
1924,Crystal Palace,Stoke City,0,1,2,2,1,-1,0
1924,Derby County,Blackpool,2,2,2,2,4,0,0
1924,Derby County,Coventry City,5,1,2,2,6,4,1
1924,Derby County,Hull City,4,0,2,2,4,4,1
1924,Derby County,South Shields,0,0,2,2,0,0,0
1924,Fulham,Blackpool,1,0,2,2,1,1,1
1924,Fulham,Stoke City,1,0,2,2,1,1,1
1924,Hull City,Blackpool,1,1,2,2,2,0,0
1924,Hull City,Port Vale,2,1,2,2,3,1,1
1924,Leicester City,Blackpool,0,2,2,2,2,-2,0
1924,Leicester City,Coventry City,5,1,2,2,6,4,1
1924,Leicester City,Manchester United,3,0,2,2,3,3,1
1924,Leicester City,Port Vale,7,0,2,2,7,7,1
1924,Leicester City,Stoke City,0,1,2,2,1,-1,0
1924,Leyton Orient,Blackpool,1,0,2,2,1,1,1
1924,Leyton Orient,Fulham,3,0,2,2,3,3,1
1924,Manchester United,Blackpool,0,0,2,2,0,0,0
1924,Manchester United,Leyton Orient,4,2,2,2,6,2,1
1924,Manchester United,Stoke City,2,0,2,2,2,2,1
1924,Middlesbrough,Stoke City,1,0,2,2,1,1,1
1924,Oldham Athletic,Fulham,0,0,2,2,0,0,0
1924,Oldham Athletic,South Shields,1,0,2,2,1,1,1
1924,Oldham Athletic,Stoke City,2,0,2,2,2,2,1
1924,Port Vale,Blackpool,1,2,2,2,3,-1,0
1924,Port Vale,Oldham Athletic,1,0,2,2,1,1,1
1924,Portsmouth,Coventry City,1,0,2,2,1,1,1
1924,Portsmouth,Oldham Athletic,2,2,2,2,4,0,0
1924,Sheffield Wednesday,Blackpool,2,6,2,2,8,-4,0
1924,Sheffield Wednesday,Coventry City,2,0,2,2,2,2,1
1924,Sheffield Wednesday,Leyton Orient,0,0,2,2,0,0,0
1924,Sheffield Wednesday,South Shields,0,1,2,2,1,-1,0
1924,Sheffield Wednesday,Stoke City,2,1,2,2,3,1,1
1924,South Shields,Blackpool,1,3,2,2,4,-2,0
1924,South Shields,Coventry City,4,1,2,2,5,3,1
1924,South Shields,Fulham,2,1,2,2,3,1,1
1924,Southampton,Fulham,1,0,2,2,1,1,1
1924,Southampton,Oldham Athletic,0,0,2,2,0,0,0
1924,Southampton,Stoke City,3,0,2,2,3,3,1
1924,Stockport County,Coventry City,1,1,2,2,2,0,0
1924,Stockport County,Fulham,4,1,2,2,5,3,1
1924,Stockport County,Leyton Orient,0,1,2,2,1,-1,0
1924,Stockport County,Sheffield Wednesday,1,0,2,2,1,1,1
1924,Stockport County,Stoke City,2,0,2,2,2,2,1
1924,Stoke City,Blackpool,3,1,2,2,4,2,1
1924,Stoke City,Fulham,1,1,2,2,2,0,0
1924,Stoke City,Leyton Orient,0,1,2,2,1,-1,0
1924,Stoke City,Oldham Athletic,0,1,2,2,1,-1,0
1924,Stoke City,Stockport County,3,0,2,2,3,3,1
1924,Wolverhampton Wanderers,Blackpool,2,0,2,2,2,2,1
1924,Wolverhampton Wanderers,Fulham,2,1,2,2,3,1,1
1924,Wolverhampton Wanderers,Leyton Orient,1,2,2,2,3,-1,0
1924,Accrington Stanley,Crewe Alexandra,1,0,3a,3,1,1,1
1924,Accrington Stanley,Durham City,6,0,3a,3,6,6,1
1924,Accrington Stanley,Hartlepool United,4,1,3a,3,5,3,1
1924,Accrington Stanley,New Brighton,0,1,3a,3,1,-1,0
1924,Ashington,New Brighton,1,1,3a,3,2,0,0
1924,Ashington,Southport,2,0,3a,3,2,2,1
1924,Barrow,Crewe Alexandra,2,0,3a,3,2,2,1
1924,Barrow,Hartlepool United,1,1,3a,3,2,0,0
1924,Barrow,Southport,1,0,3a,3,1,1,1
1924,Bradford Park Avenue,Ashington,7,1,3a,3,8,6,1
1924,Bradford Park Avenue,Durham City,4,1,3a,3,5,3,1
1924,Bradford Park Avenue,Hartlepool United,3,0,3a,3,3,3,1
1924,Bradford Park Avenue,Southport,1,0,3a,3,1,1,1
1924,Chesterfield,Ashington,1,1,3a,3,2,0,0
1924,Chesterfield,Crewe Alexandra,1,0,3a,3,1,1,1
1924,Chesterfield,Durham City,6,0,3a,3,6,6,1
1924,Chesterfield,Wigan Borough,3,1,3a,3,4,2,1
1924,Crewe Alexandra,Chesterfield,1,1,3a,3,2,0,0
1924,Crewe Alexandra,Southport,1,1,3a,3,2,0,0
1924,Crewe Alexandra,Wigan Borough,1,1,3a,3,2,0,0
1924,Darlington,Ashington,2,1,3a,3,3,1,1
1924,Darlington,Durham City,0,0,3a,3,0,0,0
1924,Darlington,New Brighton,3,1,3a,3,4,2,1
1924,Darlington,Southport,2,1,3a,3,3,1,1
1924,Doncaster Rovers,Southport,0,1,3a,3,1,-1,0
1924,Doncaster Rovers,Wigan Borough,5,0,3a,3,5,5,1
1924,Durham City,Hartlepool United,0,1,3a,3,1,-1,0
1924,Durham City,New Brighton,0,0,3a,3,0,0,0
1924,Durham City,Wigan Borough,1,1,3a,3,2,0,0
1924,Grimsby Town,Ashington,1,3,3a,3,4,-2,0
1924,Grimsby Town,Doncaster Rovers,1,1,3a,3,2,0,0
1924,Grimsby Town,Hartlepool United,2,1,3a,3,3,1,1
1924,Grimsby Town,New Brighton,2,3,3a,3,5,-1,0
1924,Grimsby Town,Southport,3,1,3a,3,4,2,1
1924,Halifax Town,Hartlepool United,2,0,3a,3,2,2,1
1924,Halifax Town,Wigan Borough,1,2,3a,3,3,-1,0
1924,Hartlepool United,Halifax Town,1,1,3a,3,2,0,0
1924,Hartlepool United,Southport,1,2,3a,3,3,-1,0
1924,Hartlepool United,Wigan Borough,1,0,3a,3,1,1,1
1924,Lincoln City,Chesterfield,3,1,3a,3,4,2,1
1924,Lincoln City,Halifax Town,1,1,3a,3,2,0,0
1924,Lincoln City,New Brighton,2,0,3a,3,2,2,1
1924,Lincoln City,Southport,1,1,3a,3,2,0,0
1924,Lincoln City,Wigan Borough,1,0,3a,3,1,1,1
1924,Nelson,Chesterfield,1,0,3a,3,1,1,1
1924,Nelson,Halifax Town,2,1,3a,3,3,1,1
1924,Nelson,Wigan Borough,1,0,3a,3,1,1,1
1924,New Brighton,Ashington,4,4,3a,3,8,0,0
1924,New Brighton,Chesterfield,2,1,3a,3,3,1,1
1924,New Brighton,Halifax Town,3,1,3a,3,4,2,1
1924,New Brighton,Wigan Borough,3,0,3a,3,3,3,1
1924,Rochdale,Ashington,0,0,3a,3,0,0,0
1924,Rochdale,Halifax Town,3,1,3a,3,4,2,1
1924,Rochdale,Nelson,0,1,3a,3,1,-1,0
1924,Rochdale,Southport,1,0,3a,3,1,1,1
1924,Rochdale,Wigan Borough,3,2,3a,3,5,1,1
1924,Rotherham County,Ashington,1,4,3a,3,5,-3,0
1924,Rotherham County,Doncaster Rovers,3,0,3a,3,3,3,1
1924,Rotherham County,Halifax Town,0,0,3a,3,0,0,0
1924,Rotherham County,Nelson,1,0,3a,3,1,1,1
1924,Rotherham County,Wigan Borough,3,4,3a,3,7,-1,0
1924,Southport,Chesterfield,0,2,3a,3,2,-2,0
1924,Southport,Doncaster Rovers,3,0,3a,3,3,3,1
1924,Southport,Halifax Town,3,1,3a,3,4,2,1
1924,Southport,Rotherham County,2,0,3a,3,2,2,1
1924,Tranmere Rovers,Ashington,5,4,3a,3,9,1,1
1924,Tranmere Rovers,Chesterfield,5,1,3a,3,6,4,1
1924,Walsall,Ashington,1,0,3a,3,1,1,1
1924,Walsall,Chesterfield,0,0,3a,3,0,0,0
1924,Walsall,Halifax Town,0,2,3a,3,2,-2,0
1924,Walsall,Wigan Borough,3,1,3a,3,4,2,1
1924,Wigan Borough,Ashington,2,0,3a,3,2,2,1
1924,Wigan Borough,Rotherham County,4,1,3a,3,5,3,1
1924,Wigan Borough,Walsall,0,0,3a,3,0,0,0
1924,Wrexham,Ashington,3,1,3a,3,4,2,1
1924,Wrexham,Chesterfield,0,0,3a,3,0,0,0
1924,Wrexham,Halifax Town,0,0,3a,3,0,0,0
1924,Wrexham,Nelson,1,1,3a,3,2,0,0
1924,Wrexham,Walsall,1,1,3a,3,2,0,0
1924,Aberdare Athletic,Bristol Rovers,2,1,3b,3,3,1,1
1924,Aberdare Athletic,Swindon Town,1,1,3b,3,2,0,0
1924,AFC Bournemouth,Norwich City,0,0,3b,3,0,0,0
1924,AFC Bournemouth,Reading,0,0,3b,3,0,0,0
1924,AFC Bournemouth,Swindon Town,0,0,3b,3,0,0,0
1924,Brentford,AFC Bournemouth,1,2,3b,3,3,-1,0
1924,Brentford,Bristol Rovers,1,1,3b,3,2,0,0
1924,Brentford,Gillingham,2,1,3b,3,3,1,1
1924,Brentford,Millwall,1,0,3b,3,1,1,1
1924,Brentford,Reading,0,1,3b,3,1,-1,0
1924,Brentford,Swindon Town,0,0,3b,3,0,0,0
1924,Brighton & Hove Albion,AFC Bournemouth,0,1,3b,3,1,-1,0
1924,Brighton & Hove Albion,Millwall,3,3,3b,3,6,0,0
1924,Brighton & Hove Albion,Reading,0,1,3b,3,1,-1,0
1924,Bristol City,AFC Bournemouth,2,1,3b,3,3,1,1
1924,Bristol City,Bristol Rovers,2,0,3b,3,2,2,1
1924,Bristol City,Millwall,4,1,3b,3,5,3,1
1924,Bristol City,Swindon Town,0,0,3b,3,0,0,0
1924,Bristol Rovers,Gillingham,0,0,3b,3,0,0,0
1924,Bristol Rovers,Millwall,1,1,3b,3,2,0,0
1924,Charlton Athletic,AFC Bournemouth,2,2,3b,3,4,0,0
1924,Charlton Athletic,Bristol City,0,1,3b,3,1,-1,0
1924,Charlton Athletic,Gillingham,2,0,3b,3,2,2,1
1924,Charlton Athletic,Millwall,0,2,3b,3,2,-2,0
1924,Exeter City,Bristol City,0,2,3b,3,2,-2,0
1924,Exeter City,Gillingham,3,3,3b,3,6,0,0
1924,Exeter City,Millwall,0,0,3b,3,0,0,0
1924,Gillingham,Bristol City,1,1,3b,3,2,0,0
1924,Gillingham,Millwall,1,0,3b,3,1,1,1
1924,Gillingham,Swindon Town,1,1,3b,3,2,0,0
1924,Luton Town,Bristol City,3,0,3b,3,3,3,1
1924,Luton Town,Millwall,1,1,3b,3,2,0,0
1924,Luton Town,Reading,1,0,3b,3,1,1,1
1924,Merthyr Town,AFC Bournemouth,3,1,3b,3,4,2,1
1924,Merthyr Town,Bristol City,2,3,3b,3,5,-1,0
1924,Merthyr Town,Exeter City,0,1,3b,3,1,-1,0
1924,Merthyr Town,Norwich City,0,2,3b,3,2,-2,0
1924,Merthyr Town,Reading,0,0,3b,3,0,0,0
1924,Millwall,Norwich City,0,0,3b,3,0,0,0
1924,Millwall,Reading,0,1,3b,3,1,-1,0
1924,Millwall,Swindon Town,1,2,3b,3,3,-1,0
1924,Newport County,AFC Bournemouth,2,0,3b,3,2,2,1
1924,Newport County,Bristol City,0,2,3b,3,2,-2,0
1924,Norwich City,Exeter City,0,1,3b,3,1,-1,0
1924,Norwich City,Northampton Town,4,0,3b,3,4,4,1
1924,Norwich City,Reading,0,2,3b,3,2,-2,0
1924,Norwich City,Swindon Town,4,0,3b,3,4,4,1
1924,Plymouth Argyle,Exeter City,1,1,3b,3,2,0,0
1924,Plymouth Argyle,Northampton Town,2,1,3b,3,3,1,1
1924,Queens Park Rangers,AFC Bournemouth,0,2,3b,3,2,-2,0
1924,Queens Park Rangers,Merthyr Town,1,1,3b,3,2,0,0
1924,Queens Park Rangers,Northampton Town,2,0,3b,3,2,2,1
1924,Queens Park Rangers,Swindon Town,1,0,3b,3,1,1,1
1924,Reading,AFC Bournemouth,0,1,3b,3,1,-1,0
1924,Reading,Bristol City,0,1,3b,3,1,-1,0
1924,Reading,Exeter City,1,1,3b,3,2,0,0
1924,Reading,Northampton Town,0,1,3b,3,1,-1,0
1924,Reading,Queens Park Rangers,2,1,3b,3,3,1,1
1924,Southend United,AFC Bournemouth,3,0,3b,3,3,3,1
1924,Southend United,Bristol City,2,0,3b,3,2,2,1
1924,Southend United,Merthyr Town,2,1,3b,3,3,1,1
1924,Southend United,Northampton Town,0,1,3b,3,1,-1,0
1924,Swansea City,Bristol City,1,1,3b,3,2,0,0
1924,Swansea City,Northampton Town,2,1,3b,3,3,1,1
1924,Swansea City,Queens Park Rangers,2,0,3b,3,2,2,1
1924,Swansea City,Swindon Town,2,0,3b,3,2,2,1
1924,Swindon Town,AFC Bournemouth,4,0,3b,3,4,4,1
1924,Swindon Town,Bristol City,3,0,3b,3,3,3,1
1924,Swindon Town,Exeter City,1,0,3b,3,1,1,1
1924,Swindon Town,Merthyr Town,5,1,3b,3,6,4,1
1924,Swindon Town,Northampton Town,5,0,3b,3,5,5,1
1924,Swindon Town,Queens Park Rangers,5,3,3b,3,8,2,1
1924,Watford,Northampton Town,1,0,3b,3,1,1,1
1925,Arsenal,Leicester City,2,2,1,1,4,0,0
1925,Arsenal,Manchester United,3,2,1,1,5,1,1
1925,Arsenal,Sheffield United,4,0,1,1,4,4,1
1925,Arsenal,West Bromwich Albion,1,0,1,1,1,1,1
1925,Aston Villa,Birmingham City,3,3,1,1,6,0,0
1925,Aston Villa,Burnley,10,0,1,1,10,10,1
1925,Aston Villa,Everton,3,1,1,1,4,2,1
1925,Aston Villa,Leicester City,2,2,1,1,4,0,0
1925,Aston Villa,Manchester United,2,2,1,1,4,0,0
1925,Aston Villa,Sheffield United,2,2,1,1,4,0,0
1925,Birmingham City,Burnley,1,7,1,1,8,-6,0
1925,Birmingham City,Manchester United,2,1,1,1,3,1,1
1925,Birmingham City,Sheffield United,2,0,1,1,2,2,1
1925,Blackburn Rovers,Everton,2,2,1,1,4,0,0
1925,Blackburn Rovers,Leicester City,0,0,1,1,0,0,0
1925,Blackburn Rovers,Manchester United,7,0,1,1,7,7,1
1925,Blackburn Rovers,Sheffield United,3,1,1,1,4,2,1
1925,Blackburn Rovers,West Bromwich Albion,1,2,1,1,3,-1,0
1925,Bolton Wanderers,Aston Villa,1,3,1,1,4,-2,0
1925,Bolton Wanderers,Everton,0,2,1,1,2,-2,0
1925,Bolton Wanderers,Manchester United,3,1,1,1,4,2,1
1925,Bolton Wanderers,Sheffield United,2,1,1,1,3,1,1
1925,Bolton Wanderers,West Bromwich Albion,2,2,1,1,4,0,0
1925,Burnley,Aston Villa,2,3,1,1,5,-1,0
1925,Burnley,Bolton Wanderers,1,1,1,1,2,0,0
1925,Burnley,Leicester City,4,0,1,1,4,4,1
1925,Burnley,Sheffield United,1,1,1,1,2,0,0
1925,Burnley,West Bromwich Albion,3,4,1,1,7,-1,0
1925,Bury,West Bromwich Albion,2,0,1,1,2,2,1
1925,Cardiff City,Aston Villa,2,0,1,1,2,2,1
1925,Cardiff City,Everton,2,1,1,1,3,1,1
1925,Cardiff City,West Bromwich Albion,3,2,1,1,5,1,1
1925,Everton,Bolton Wanderers,2,1,1,1,3,1,1
1925,Everton,Sheffield United,2,2,1,1,4,0,0
1925,Everton,West Bromwich Albion,4,0,1,1,4,4,1
1925,Huddersfield Town,Cardiff City,1,1,1,1,2,0,0
1925,Huddersfield Town,Leicester City,3,0,1,1,3,3,1
1925,Huddersfield Town,Manchester United,5,0,1,1,5,5,1
1925,Huddersfield Town,West Bromwich Albion,1,1,1,1,2,0,0
1925,Leeds United,Leicester City,1,0,1,1,1,1,1
1925,Leeds United,Sheffield United,2,0,1,1,2,2,1
1925,Leeds United,West Bromwich Albion,0,1,1,1,1,-1,0
1925,Leicester City,Aston Villa,1,2,1,1,3,-1,0
1925,Leicester City,Bolton Wanderers,5,2,1,1,7,3,1
1925,Leicester City,Cardiff City,1,2,1,1,3,-1,0
1925,Leicester City,Sheffield United,2,2,1,1,4,0,0
1925,Liverpool,Aston Villa,3,1,1,1,4,2,1
1925,Liverpool,Bolton Wanderers,2,2,1,1,4,0,0
1925,Liverpool,Cardiff City,0,2,1,1,2,-2,0
1925,Liverpool,Manchester United,5,0,1,1,5,5,1
1925,Liverpool,Sheffield United,2,2,1,1,4,0,0
1925,Manchester City,Bolton Wanderers,1,1,1,1,2,0,0
1925,Manchester City,Leeds United,2,1,1,1,3,1,1
1925,Manchester United,Bolton Wanderers,2,1,1,1,3,1,1
1925,Manchester United,Cardiff City,1,0,1,1,1,1,1
1925,Manchester United,Leeds United,2,1,1,1,3,1,1
1925,Manchester United,Manchester City,1,6,1,1,7,-5,0
1925,Manchester United,Sheffield United,1,2,1,1,3,-1,0
1925,Newcastle United,Aston Villa,2,2,1,1,4,0,0
1925,Newcastle United,Bolton Wanderers,5,1,1,1,6,4,1
1925,Newcastle United,Leeds United,3,0,1,1,3,3,1
1925,Newcastle United,Manchester City,3,2,1,1,5,1,1
1925,Newcastle United,Sheffield United,3,1,1,1,4,2,1
1925,Notts County,Cardiff City,2,4,1,1,6,-2,0
1925,Notts County,Leeds United,1,0,1,1,1,1,1
1925,Notts County,Manchester City,1,0,1,1,1,1,1
1925,Notts County,Sheffield United,2,0,1,1,2,2,1
1925,Sheffield United,Aston Villa,4,1,1,1,5,3,1
1925,Sheffield United,Bolton Wanderers,2,0,1,1,2,2,1
1925,Sheffield United,Leeds United,2,0,1,1,2,2,1
1925,Sheffield United,Manchester City,8,3,1,1,11,5,1
1925,Sheffield United,Notts County,3,0,1,1,3,3,1
1925,Sheffield United,West Bromwich Albion,3,2,1,1,5,1,1
1925,Sunderland,Aston Villa,3,2,1,1,5,1,1
1925,Sunderland,Bolton Wanderers,2,1,1,1,3,1,1
1925,Sunderland,Cardiff City,1,3,1,1,4,-2,0
1925,Sunderland,Notts County,3,1,1,1,4,2,1
1925,Sunderland,West Bromwich Albion,4,0,1,1,4,4,1
1925,Tottenham Hotspur,Aston Villa,2,2,1,1,4,0,0
1925,Tottenham Hotspur,Cardiff City,1,2,1,1,3,-1,0
1925,Tottenham Hotspur,Leeds United,3,2,1,1,5,1,1
1925,Tottenham Hotspur,Manchester City,1,0,1,1,1,1,1
1925,Tottenham Hotspur,Notts County,4,0,1,1,4,4,1
1925,Tottenham Hotspur,West Bromwich Albion,3,2,1,1,5,1,1
1925,West Bromwich Albion,Bolton Wanderers,0,3,1,1,3,-3,0
1925,West Bromwich Albion,Cardiff City,3,0,1,1,3,3,1
1925,West Bromwich Albion,Leeds United,3,0,1,1,3,3,1
1925,West Bromwich Albion,Notts County,4,4,1,1,8,0,0
1925,West Bromwich Albion,Tottenham Hotspur,1,0,1,1,1,1,1
1925,West Ham United,Cardiff City,3,1,1,1,4,2,1
1925,West Ham United,Leeds United,4,2,1,1,6,2,1
1925,West Ham United,Notts County,1,0,1,1,1,1,1
1925,West Ham United,Tottenham Hotspur,3,1,1,1,4,2,1
1925,Barnsley,Derby County,0,1,2,2,1,-1,0
1925,Barnsley,Leyton Orient,3,1,2,2,4,2,1
1925,Barnsley,Oldham Athletic,3,4,2,2,7,-1,0
1925,Barnsley,Southampton,2,0,2,2,2,2,1
1925,Barnsley,Swansea City,2,0,2,2,2,2,1
1925,Blackpool,Derby County,1,2,2,2,3,-1,0
1925,Blackpool,Oldham Athletic,2,1,2,2,3,1,1
1925,Blackpool,Swansea City,0,0,2,2,0,0,0
1925,Bradford City,Derby County,0,0,2,2,0,0,0
1925,Bradford City,Leyton Orient,0,3,2,2,3,-3,0
1925,Bradford City,Preston North End,2,0,2,2,2,2,1
1925,Bradford City,Southampton,0,5,2,2,5,-5,0
1925,Bradford City,Swansea City,3,1,2,2,4,2,1
1925,Chelsea,Blackpool,2,3,2,2,5,-1,0
1925,Chelsea,Derby County,2,1,2,2,3,1,1
1925,Chelsea,Leyton Orient,1,3,2,2,4,-2,0
1925,Chelsea,Oldham Athletic,3,0,2,2,3,3,1
1925,Chelsea,Southampton,0,0,2,2,0,0,0
1925,Chelsea,Swansea City,1,3,2,2,4,-2,0
1925,Darlington,Blackpool,1,3,2,2,4,-2,0
1925,Darlington,Derby County,3,0,2,2,3,3,1
1925,Darlington,Oldham Athletic,1,0,2,2,1,1,1
1925,Darlington,Southampton,3,1,2,2,4,2,1
1925,Darlington,Swansea City,3,3,2,2,6,0,0
1925,Derby County,Oldham Athletic,1,0,2,2,1,1,1
1925,Derby County,Preston North End,2,0,2,2,2,2,1
1925,Derby County,Swansea City,5,0,2,2,5,5,1
1925,Fulham,Southampton,1,1,2,2,2,0,0
1925,Hull City,Blackpool,1,2,2,2,3,-1,0
1925,Hull City,Leyton Orient,2,0,2,2,2,2,1
1925,Hull City,Preston North End,1,1,2,2,2,0,0
1925,Hull City,Southampton,4,0,2,2,4,4,1
1925,Leyton Orient,Blackpool,2,2,2,2,4,0,0
1925,Leyton Orient,Darlington,1,2,2,2,3,-1,0
1925,Leyton Orient,Hull City,0,0,2,2,0,0,0
1925,Leyton Orient,Preston North End,1,1,2,2,2,0,0
1925,Leyton Orient,Southampton,2,1,2,2,3,1,1
1925,Middlesbrough,Blackpool,3,2,2,2,5,1,1
1925,Middlesbrough,Hull City,3,3,2,2,6,0,0
1925,Nottingham Forest,Hull City,4,0,2,2,4,4,1
1925,Nottingham Forest,Oldham Athletic,1,1,2,2,2,0,0
1925,Nottingham Forest,Swansea City,0,2,2,2,2,-2,0
1925,Oldham Athletic,Darlington,0,1,2,2,1,-1,0
1925,Oldham Athletic,Hull City,2,1,2,2,3,1,1
1925,Oldham Athletic,Preston North End,3,2,2,2,5,1,1
1925,Oldham Athletic,Southampton,1,0,2,2,1,1,1
1925,Port Vale,Blackpool,5,0,2,2,5,5,1
1925,Port Vale,Hull City,3,1,2,2,4,2,1
1925,Port Vale,Preston North End,3,0,2,2,3,3,1
1925,Port Vale,Southampton,1,1,2,2,2,0,0
1925,Port Vale,Swansea City,3,0,2,2,3,3,1
1925,Portsmouth,Blackpool,2,0,2,2,2,2,1
1925,Portsmouth,Darlington,2,0,2,2,2,2,1
1925,Portsmouth,Hull City,2,2,2,2,4,0,0
1925,Portsmouth,Nottingham Forest,5,1,2,2,6,4,1
1925,Preston North End,Portsmouth,3,2,2,2,5,1,1
1925,Sheffield Wednesday,Blackpool,2,0,2,2,2,2,1
1925,Sheffield Wednesday,Darlington,4,0,2,2,4,4,1
1925,South Shields,Blackpool,3,4,2,2,7,-1,0
1925,South Shields,Darlington,2,4,2,2,6,-2,0
1925,South Shields,Portsmouth,5,1,2,2,6,4,1
1925,South Shields,Southampton,2,0,2,2,2,2,1
1925,Southampton,Blackpool,2,2,2,2,4,0,0
1925,Southampton,Darlington,4,1,2,2,5,3,1
1925,Southampton,Hull City,0,2,2,2,2,-2,0
1925,Southampton,Nottingham Forest,2,0,2,2,2,2,1
1925,Stockport County,Blackpool,4,3,2,2,7,1,1
1925,Stockport County,Darlington,1,1,2,2,2,0,0
1925,Stockport County,Hull City,0,1,2,2,1,-1,0
1925,Stockport County,Nottingham Forest,3,0,2,2,3,3,1
1925,Stockport County,South Shields,4,1,2,2,5,3,1
1925,Stoke City,Blackpool,1,3,2,2,4,-2,0
1925,Stoke City,Darlington,6,1,2,2,7,5,1
1925,Stoke City,Hull City,3,1,2,2,4,2,1
1925,Stoke City,Nottingham Forest,1,1,2,2,2,0,0
1925,Stoke City,Portsmouth,2,1,2,2,3,1,1
1925,Stoke City,South Shields,0,1,2,2,1,-1,0
1925,Swansea City,Nottingham Forest,3,0,2,2,3,3,1
1925,Wolverhampton Wanderers,Blackpool,0,0,2,2,0,0,0
1925,Wolverhampton Wanderers,Darlington,1,0,2,2,1,1,1
1925,Wolverhampton Wanderers,Nottingham Forest,4,0,2,2,4,4,1
1925,Wolverhampton Wanderers,South Shields,2,0,2,2,2,2,1
1925,Accrington Stanley,Barrow,2,0,3a,3,2,2,1
1925,Accrington Stanley,Coventry City,3,1,3a,3,4,2,1
1925,Accrington Stanley,Durham City,3,1,3a,3,4,2,1
1925,Accrington Stanley,New Brighton,0,2,3a,3,2,-2,0
1925,Ashington,Hartlepool United,2,0,3a,3,2,2,1
1925,Ashington,Wigan Borough,3,3,3a,3,6,0,0
1925,Barrow,Ashington,2,3,3a,3,5,-1,0
1925,Barrow,Coventry City,1,4,3a,3,5,-3,0
1925,Barrow,Durham City,1,4,3a,3,5,-3,0
1925,Barrow,Hartlepool United,1,4,3a,3,5,-3,0
1925,Barrow,New Brighton,2,3,3a,3,5,-1,0
1925,Barrow,Southport,0,3,3a,3,3,-3,0
1925,Barrow,Wigan Borough,1,1,3a,3,2,0,0
1925,Bradford Park Avenue,Coventry City,3,0,3a,3,3,3,1
1925,Bradford Park Avenue,Hartlepool United,4,0,3a,3,4,4,1
1925,Bradford Park Avenue,New Brighton,1,0,3a,3,1,1,1
1925,Bradford Park Avenue,Wigan Borough,6,1,3a,3,7,5,1
1925,Chesterfield,Ashington,6,1,3a,3,7,5,1
1925,Chesterfield,Wigan Borough,4,0,3a,3,4,4,1
1925,Coventry City,Chesterfield,2,4,3a,3,6,-2,0
1925,Coventry City,Durham City,3,1,3a,3,4,2,1
1925,Coventry City,Hartlepool United,5,2,3a,3,7,3,1
1925,Coventry City,Southport,0,0,3a,3,0,0,0
1925,Coventry City,Wigan Borough,0,0,3a,3,0,0,0
1925,Crewe Alexandra,Ashington,2,1,3a,3,3,1,1
1925,Crewe Alexandra,Durham City,2,0,3a,3,2,2,1
1925,Crewe Alexandra,Hartlepool United,2,1,3a,3,3,1,1
1925,Crewe Alexandra,New Brighton,4,1,3a,3,5,3,1
1925,Doncaster Rovers,Durham City,4,1,3a,3,5,3,1
1925,Durham City,Ashington,0,0,3a,3,0,0,0
1925,Durham City,Chesterfield,5,2,3a,3,7,3,1
1925,Durham City,Doncaster Rovers,3,0,3a,3,3,3,1
1925,Durham City,New Brighton,0,0,3a,3,0,0,0
1925,Grimsby Town,Ashington,3,1,3a,3,4,2,1
1925,Grimsby Town,Doncaster Rovers,3,0,3a,3,3,3,1
1925,Grimsby Town,Hartlepool United,2,0,3a,3,2,2,1
1925,Grimsby Town,Wigan Borough,1,1,3a,3,2,0,0
1925,Halifax Town,Ashington,0,0,3a,3,0,0,0
1925,Halifax Town,Chesterfield,2,0,3a,3,2,2,1
1925,Halifax Town,New Brighton,1,0,3a,3,1,1,1
1925,Halifax Town,Southport,3,0,3a,3,3,3,1
1925,Hartlepool United,Ashington,2,1,3a,3,3,1,1
1925,Hartlepool United,Doncaster Rovers,2,1,3a,3,3,1,1
1925,Hartlepool United,New Brighton,6,1,3a,3,7,5,1
1925,Hartlepool United,Wigan Borough,0,0,3a,3,0,0,0
1925,Lincoln City,Chesterfield,2,1,3a,3,3,1,1
1925,Lincoln City,New Brighton,3,1,3a,3,4,2,1
1925,Lincoln City,Wigan Borough,2,1,3a,3,3,1,1
1925,Nelson,Ashington,2,2,3a,3,4,0,0
1925,Nelson,Chesterfield,3,3,3a,3,6,0,0
1925,Nelson,Doncaster Rovers,5,3,3a,3,8,2,1
1925,Nelson,Southport,3,3,3a,3,6,0,0
1925,Nelson,Wigan Borough,7,0,3a,3,7,7,1
1925,New Brighton,Ashington,1,1,3a,3,2,0,0
1925,New Brighton,Chesterfield,1,2,3a,3,3,-1,0
1925,New Brighton,Doncaster Rovers,2,1,3a,3,3,1,1
1925,New Brighton,Halifax Town,2,1,3a,3,3,1,1
1925,New Brighton,Nelson,0,0,3a,3,0,0,0
1925,New Brighton,Southport,1,0,3a,3,1,1,1
1925,New Brighton,Wigan Borough,4,2,3a,3,6,2,1
1925,Rochdale,Ashington,1,3,3a,3,4,-2,0
1925,Rochdale,Nelson,2,0,3a,3,2,2,1
1925,Rochdale,Southport,3,1,3a,3,4,2,1
1925,Rotherham United,Ashington,5,1,3a,3,6,4,1
1925,Rotherham United,Chesterfield,0,1,3a,3,1,-1,0
1925,Rotherham United,Southport,5,2,3a,3,7,3,1
1925,Rotherham United,Wigan Borough,1,0,3a,3,1,1,1
1925,Southport,Chesterfield,1,3,3a,3,4,-2,0
1925,Southport,Doncaster Rovers,3,3,3a,3,6,0,0
1925,Southport,Halifax Town,3,1,3a,3,4,2,1
1925,Southport,Wigan Borough,3,1,3a,3,4,2,1
1925,Tranmere Rovers,Ashington,1,4,3a,3,5,-3,0
1925,Tranmere Rovers,Rotherham United,3,1,3a,3,4,2,1
1925,Tranmere Rovers,Wigan Borough,5,1,3a,3,6,4,1
1925,Walsall,Chesterfield,3,1,3a,3,4,2,1
1925,Walsall,Doncaster Rovers,2,1,3a,3,3,1,1
1925,Walsall,Halifax Town,3,1,3a,3,4,2,1
1925,Walsall,Nelson,0,2,3a,3,2,-2,0
1925,Walsall,Rotherham United,4,1,3a,3,5,3,1
1925,Walsall,Wigan Borough,0,1,3a,3,1,-1,0
1925,Wigan Borough,Ashington,0,2,3a,3,2,-2,0
1925,Wigan Borough,Chesterfield,2,0,3a,3,2,2,1
1925,Wigan Borough,Halifax Town,0,0,3a,3,0,0,0
1925,Wrexham,Rotherham United,2,2,3a,3,4,0,0
1925,Wrexham,Walsall,0,1,3a,3,1,-1,0
1925,Aberdare Athletic,Brentford,3,0,3b,3,3,3,1
1925,Aberdare Athletic,Bristol Rovers,0,1,3b,3,1,-1,0
1925,AFC Bournemouth,Bristol Rovers,2,0,3b,3,2,2,1
1925,AFC Bournemouth,Exeter City,2,1,3b,3,3,1,1
1925,AFC Bournemouth,Merthyr Town,2,1,3b,3,3,1,1
1925,Brentford,Exeter City,2,0,3b,3,2,2,1
1925,Brentford,Merthyr Town,1,1,3b,3,2,0,0
1925,Brentford,Northampton Town,3,4,3b,3,7,-1,0
1925,Brighton & Hove Albion,Bristol Rovers,2,3,3b,3,5,-1,0
1925,Brighton & Hove Albion,Merthyr Town,3,1,3b,3,4,2,1
1925,Brighton & Hove Albion,Northampton Town,2,2,3b,3,4,0,0
1925,Brighton & Hove Albion,Queens Park Rangers,2,1,3b,3,3,1,1
1925,Brighton & Hove Albion,Swindon Town,3,1,3b,3,4,2,1
1925,Bristol City,AFC Bournemouth,5,0,3b,3,5,5,1
1925,Bristol City,Exeter City,1,0,3b,3,1,1,1
1925,Bristol Rovers,Exeter City,0,1,3b,3,1,-1,0
1925,Charlton Athletic,Bristol City,3,1,3b,3,4,2,1
1925,Charlton Athletic,Merthyr Town,0,0,3b,3,0,0,0
1925,Charlton Athletic,Northampton Town,3,3,3b,3,6,0,0
1925,Charlton Athletic,Swindon Town,2,0,3b,3,2,2,1
1925,Crystal Palace,AFC Bournemouth,3,1,3b,3,4,2,1
1925,Crystal Palace,Merthyr Town,3,0,3b,3,3,3,1
1925,Crystal Palace,Queens Park Rangers,1,0,3b,3,1,1,1
1925,Exeter City,Bristol City,1,1,3b,3,2,0,0
1925,Exeter City,Swindon Town,1,2,3b,3,3,-1,0
1925,Gillingham,AFC Bournemouth,1,2,3b,3,3,-1,0
1925,Gillingham,Swindon Town,0,1,3b,3,1,-1,0
1925,Luton Town,Bristol City,4,1,3b,3,5,3,1
1925,Luton Town,Northampton Town,3,2,3b,3,5,1,1
1925,Luton Town,Queens Park Rangers,4,0,3b,3,4,4,1
1925,Merthyr Town,Luton Town,2,1,3b,3,3,1,1
1925,Merthyr Town,Northampton Town,5,3,3b,3,8,2,1
1925,Merthyr Town,Swindon Town,2,1,3b,3,3,1,1
1925,Millwall,Bristol City,3,0,3b,3,3,3,1
1925,Millwall,Crystal Palace,1,0,3b,3,1,1,1
1925,Millwall,Swindon Town,3,0,3b,3,3,3,1
1925,Newport County,AFC Bournemouth,1,2,3b,3,3,-1,0
1925,Newport County,Northampton Town,3,0,3b,3,3,3,1
1925,Northampton Town,Crystal Palace,4,0,3b,3,4,4,1
1925,Northampton Town,Luton Town,0,1,3b,3,1,-1,0
1925,Northampton Town,Newport County,2,0,3b,3,2,2,1
1925,Northampton Town,Queens Park Rangers,3,2,3b,3,5,1,1
1925,Norwich City,Crystal Palace,4,3,3b,3,7,1,1
1925,Plymouth Argyle,Bristol City,3,1,3b,3,4,2,1
1925,Plymouth Argyle,Newport County,3,0,3b,3,3,3,1
1925,Plymouth Argyle,Queens Park Rangers,3,1,3b,3,4,2,1
1925,Plymouth Argyle,Swindon Town,1,1,3b,3,2,0,0
1925,Queens Park Rangers,AFC Bournemouth,2,2,3b,3,4,0,0
1925,Queens Park Rangers,Plymouth Argyle,0,4,3b,3,4,-4,0
1925,Queens Park Rangers,Swindon Town,1,1,3b,3,2,0,0
1925,Reading,Crystal Palace,2,1,3b,3,3,1,1
1925,Reading,Luton Town,3,0,3b,3,3,3,1
1925,Reading,Plymouth Argyle,1,1,3b,3,2,0,0
1925,Southend United,Bristol City,1,2,3b,3,3,-1,0
1925,Southend United,Crystal Palace,5,1,3b,3,6,4,1
1925,Southend United,Newport County,4,1,3b,3,5,3,1
1925,Southend United,Plymouth Argyle,2,0,3b,3,2,2,1
1925,Swindon Town,AFC Bournemouth,8,2,3b,3,10,6,1
1925,Swindon Town,Luton Town,2,0,3b,3,2,2,1
1925,Swindon Town,Plymouth Argyle,2,0,3b,3,2,2,1
1925,Watford,AFC Bournemouth,0,0,3b,3,0,0,0
1925,Watford,Bristol City,2,2,3b,3,4,0,0
1925,Watford,Crystal Palace,3,0,3b,3,3,3,1
1925,Watford,Luton Town,2,0,3b,3,2,2,1
1925,Watford,Newport County,5,1,3b,3,6,4,1
1925,Watford,Plymouth Argyle,0,1,3b,3,1,-1,0
1926,Arsenal,Leeds United,1,0,1,1,1,1,1
1926,Aston Villa,Birmingham City,4,2,1,1,6,2,1
1926,Aston Villa,Burnley,1,1,1,1,2,0,0
1926,Aston Villa,Derby County,3,1,1,1,4,2,1
1926,Aston Villa,Leeds United,5,1,1,1,6,4,1
1926,Aston Villa,Manchester United,2,0,1,1,2,2,1
1926,Aston Villa,Sheffield Wednesday,2,2,1,1,4,0,0
1926,Birmingham City,Leeds United,2,0,1,1,2,2,1
1926,Birmingham City,Sheffield Wednesday,0,0,1,1,0,0,0
1926,Birmingham City,West Bromwich Albion,1,0,1,1,1,1,1
1926,Blackburn Rovers,Burnley,1,5,1,1,6,-4,0
1926,Blackburn Rovers,Leeds United,4,1,1,1,5,3,1
1926,Blackburn Rovers,Manchester United,2,1,1,1,3,1,1
1926,Blackburn Rovers,West Bromwich Albion,0,0,1,1,0,0,0
1926,Bolton Wanderers,Aston Villa,0,2,1,1,2,-2,0
1926,Bolton Wanderers,Burnley,3,1,1,1,4,2,1
1926,Bolton Wanderers,Derby County,3,1,1,1,4,2,1
1926,Bolton Wanderers,Leeds United,3,0,1,1,3,3,1
1926,Bolton Wanderers,Manchester United,4,0,1,1,4,4,1
1926,Bolton Wanderers,West Bromwich Albion,1,1,1,1,2,0,0
1926,Burnley,Aston Villa,6,3,1,1,9,3,1
1926,Burnley,Bolton Wanderers,4,3,1,1,7,1,1
1926,Burnley,Derby County,1,0,1,1,1,1,1
1926,Burnley,Sheffield Wednesday,1,0,1,1,1,1,1
1926,Burnley,West Bromwich Albion,2,1,1,1,3,1,1
1926,Bury,Aston Villa,0,1,1,1,1,-1,0
1926,Bury,Bolton Wanderers,2,0,1,1,2,2,1
1926,Bury,Derby County,1,2,1,1,3,-1,0
1926,Cardiff City,Manchester United,0,2,1,1,2,-2,0
1926,Cardiff City,West Bromwich Albion,1,1,1,1,2,0,0
1926,Derby County,Aston Villa,2,3,1,1,5,-1,0
1926,Derby County,Cardiff City,6,3,1,1,9,3,1
1926,Derby County,Leeds United,1,0,1,1,1,1,1
1926,Derby County,West Bromwich Albion,2,1,1,1,3,1,1
1926,Everton,Bolton Wanderers,1,1,1,1,2,0,0
1926,Everton,Leeds United,2,1,1,1,3,1,1
1926,Everton,West Bromwich Albion,0,0,1,1,0,0,0
1926,Huddersfield Town,Aston Villa,0,0,1,1,0,0,0
1926,Huddersfield Town,Cardiff City,0,0,1,1,0,0,0
1926,Huddersfield Town,Sheffield Wednesday,4,3,1,1,7,1,1
1926,Huddersfield Town,West Bromwich Albion,4,1,1,1,5,3,1
1926,Leeds United,Aston Villa,3,1,1,1,4,2,1
1926,Leeds United,Manchester United,2,3,1,1,5,-1,0
1926,Leeds United,Sheffield Wednesday,4,1,1,1,5,3,1
1926,Leeds United,West Bromwich Albion,3,1,1,1,4,2,1
1926,Leicester City,Aston Villa,5,1,1,1,6,4,1
1926,Leicester City,Bolton Wanderers,0,1,1,1,1,-1,0
1926,Leicester City,Cardiff City,3,1,1,1,4,2,1
1926,Leicester City,Huddersfield Town,2,4,1,1,6,-2,0
1926,Liverpool,Bolton Wanderers,3,2,1,1,5,1,1
1926,Liverpool,Huddersfield Town,2,3,1,1,5,-1,0
1926,Liverpool,Manchester United,4,2,1,1,6,2,1
1926,Liverpool,West Bromwich Albion,2,1,1,1,3,1,1
1926,Manchester United,Cardiff City,1,1,1,1,2,0,0
1926,Manchester United,West Bromwich Albion,2,0,1,1,2,2,1
1926,Newcastle United,Aston Villa,4,0,1,1,4,4,1
1926,Newcastle United,Bolton Wanderers,1,0,1,1,1,1,1
1926,Newcastle United,Liverpool,1,0,1,1,1,1,1
1926,Sheffield United,Bolton Wanderers,1,1,1,1,2,0,0
1926,Sheffield United,Huddersfield Town,3,3,1,1,6,0,0
1926,Sheffield Wednesday,Aston Villa,3,1,1,1,4,2,1
1926,Sheffield Wednesday,Bolton Wanderers,2,1,1,1,3,1,1
1926,Sheffield Wednesday,Cardiff City,3,0,1,1,3,3,1
1926,Sheffield Wednesday,Huddersfield Town,1,1,1,1,2,0,0
1926,Sheffield Wednesday,West Bromwich Albion,2,1,1,1,3,1,1
1926,Sunderland,Aston Villa,1,1,1,1,2,0,0
1926,Sunderland,Bolton Wanderers,6,2,1,1,8,4,1
1926,Sunderland,Cardiff City,2,2,1,1,4,0,0
1926,Sunderland,Liverpool,2,1,1,1,3,1,1
1926,Tottenham Hotspur,Aston Villa,0,1,1,1,1,-1,0
1926,Tottenham Hotspur,West Bromwich Albion,3,0,1,1,3,3,1
1926,West Bromwich Albion,Aston Villa,6,2,1,1,8,4,1
1926,West Bromwich Albion,Sheffield United,1,0,1,1,1,1,1
1926,West Ham United,Aston Villa,5,1,1,1,6,4,1
1926,West Ham United,Huddersfield Town,3,2,1,1,5,1,1
1926,West Ham United,Sheffield United,3,0,1,1,3,3,1
1926,Barnsley,Bradford City,1,0,2,2,1,1,1
1926,Barnsley,Port Vale,2,0,2,2,2,2,1
1926,Barnsley,Reading,2,2,2,2,4,0,0
1926,Barnsley,Swansea City,1,1,2,2,2,0,0
1926,Blackpool,Leyton Orient,6,0,2,2,6,6,1
1926,Blackpool,Swansea City,3,1,2,2,4,2,1
1926,Bradford City,Leyton Orient,1,3,2,2,4,-2,0
1926,Bradford City,Port Vale,1,2,2,2,3,-1,0
1926,Chelsea,Fulham,2,2,2,2,4,0,0
1926,Chelsea,Leyton Orient,2,1,2,2,3,1,1
1926,Darlington,Nottingham Forest,4,2,2,2,6,2,1
1926,Darlington,Port Vale,4,3,2,2,7,1,1
1926,Darlington,Swansea City,3,1,2,2,4,2,1
1926,Fulham,Darlington,2,1,2,2,3,1,1
1926,Fulham,Nottingham Forest,2,1,2,2,3,1,1
1926,Fulham,Reading,1,2,2,2,3,-1,0
1926,Grimsby Town,Reading,0,1,2,2,1,-1,0
1926,Grimsby Town,Swansea City,0,1,2,2,1,-1,0
1926,Hull City,Blackpool,3,0,2,2,3,3,1
1926,Hull City,Nottingham Forest,1,2,2,2,3,-1,0
1926,Hull City,Reading,1,1,2,2,2,0,0
1926,Hull City,Swansea City,2,1,2,2,3,1,1
1926,Leyton Orient,Hull City,1,2,2,2,3,-1,0
1926,Leyton Orient,Swansea City,1,0,2,2,1,1,1
1926,Manchester City,Nottingham Forest,1,1,2,2,2,0,0
1926,Manchester City,Reading,3,0,2,2,3,3,1
1926,Middlesbrough,Hull City,2,0,2,2,2,2,1
1926,Nottingham Forest,Port Vale,0,3,2,2,3,-3,0
1926,Nottingham Forest,Reading,5,1,2,2,6,4,1
1926,Notts County,Blackpool,2,3,2,2,5,-1,0
1926,Notts County,Hull City,1,0,2,2,1,1,1
1926,Oldham Athletic,Blackpool,1,3,2,2,4,-2,0
1926,Oldham Athletic,Middlesbrough,2,1,2,2,3,1,1
1926,Oldham Athletic,Port Vale,1,3,2,2,4,-2,0
1926,Port Vale,Blackpool,2,4,2,2,6,-2,0
1926,Port Vale,Hull City,0,0,2,2,0,0,0
1926,Port Vale,Reading,1,1,2,2,2,0,0
1926,Port Vale,Swansea City,1,1,2,2,2,0,0
1926,Portsmouth,Blackpool,5,0,2,2,5,5,1
1926,Portsmouth,Middlesbrough,0,1,2,2,1,-1,0
1926,Portsmouth,Oldham Athletic,7,2,2,2,9,5,1
1926,Portsmouth,Reading,5,0,2,2,5,5,1
1926,Preston North End,Blackpool,4,1,2,2,5,3,1
1926,Preston North End,Swansea City,4,0,2,2,4,4,1
1926,Reading,Hull City,0,1,2,2,1,-1,0
1926,Reading,Middlesbrough,2,1,2,2,3,1,1
1926,Reading,Oldham Athletic,6,1,2,2,7,5,1
1926,Reading,Swansea City,3,0,2,2,3,3,1
1926,South Shields,Hull City,3,1,2,2,4,2,1
1926,South Shields,Middlesbrough,0,0,2,2,0,0,0
1926,South Shields,Swansea City,0,1,2,2,1,-1,0
1926,Southampton,Blackpool,5,3,2,2,8,2,1
1926,Southampton,Hull City,0,1,2,2,1,-1,0
1926,Southampton,Oldham Athletic,0,1,2,2,1,-1,0
1926,Southampton,Preston North End,1,1,2,2,2,0,0
1926,Southampton,Swansea City,1,1,2,2,2,0,0
1926,Swansea City,Blackpool,2,0,2,2,2,2,1
1926,Swansea City,Oldham Athletic,3,0,2,2,3,3,1
1926,Swansea City,Preston North End,0,0,2,2,0,0,0
1926,Swansea City,Southampton,2,2,2,2,4,0,0
1926,Wolverhampton Wanderers,Oldham Athletic,1,1,2,2,2,0,0
1926,Accrington Stanley,Barrow,0,1,3a,3,1,-1,0
1926,Accrington Stanley,Crewe Alexandra,3,1,3a,3,4,2,1
1926,Accrington Stanley,Halifax Town,4,2,3a,3,6,2,1
1926,Ashington,Barrow,3,0,3a,3,3,3,1
1926,Ashington,Crewe Alexandra,4,1,3a,3,5,3,1
1926,Ashington,Halifax Town,3,0,3a,3,3,3,1
1926,Ashington,Nelson,1,1,3a,3,2,0,0
1926,Ashington,Wigan Borough,1,1,3a,3,2,0,0
1926,Barrow,Ashington,2,2,3a,3,4,0,0
1926,Barrow,Halifax Town,1,1,3a,3,2,0,0
1926,Barrow,Nelson,0,1,3a,3,1,-1,0
1926,Barrow,Wigan Borough,2,2,3a,3,4,0,0
1926,Bradford Park Avenue,Ashington,2,0,3a,3,2,2,1
1926,Bradford Park Avenue,Rotherham United,2,2,3a,3,4,0,0
1926,Bradford Park Avenue,Stoke City,3,0,3a,3,3,3,1
1926,Chesterfield,Ashington,4,1,3a,3,5,3,1
1926,Chesterfield,Crewe Alexandra,3,0,3a,3,3,3,1
1926,Chesterfield,Halifax Town,2,0,3a,3,2,2,1
1926,Chesterfield,Nelson,1,1,3a,3,2,0,0
1926,Crewe Alexandra,Ashington,2,1,3a,3,3,1,1
1926,Crewe Alexandra,Rotherham United,2,2,3a,3,4,0,0
1926,Doncaster Rovers,Nelson,6,0,3a,3,6,6,1
1926,Durham City,Chesterfield,2,1,3a,3,3,1,1
1926,Durham City,Nelson,3,3,3a,3,6,0,0
1926,Durham City,Stoke City,1,2,3a,3,3,-1,0
1926,Halifax Town,Chesterfield,3,1,3a,3,4,2,1
1926,Halifax Town,Stoke City,2,2,3a,3,4,0,0
1926,Halifax Town,Wigan Borough,0,0,3a,3,0,0,0
1926,Hartlepool United,Durham City,4,0,3a,3,4,4,1
1926,Hartlepool United,Wigan Borough,2,1,3a,3,3,1,1
1926,Lincoln City,Chesterfield,3,1,3a,3,4,2,1
1926,Lincoln City,Rotherham United,1,2,3a,3,3,-1,0
1926,Lincoln City,Stoke City,1,3,3a,3,4,-2,0
1926,Lincoln City,Wigan Borough,2,0,3a,3,2,2,1
1926,Nelson,Lincoln City,2,1,3a,3,3,1,1
1926,Nelson,Stoke City,1,0,3a,3,1,1,1
1926,Nelson,Wigan Borough,4,0,3a,3,4,4,1
1926,New Brighton,Ashington,4,0,3a,3,4,4,1
1926,New Brighton,Rotherham United,3,0,3a,3,3,3,1
1926,New Brighton,Stoke City,5,0,3a,3,5,5,1
1926,Rochdale,Ashington,5,0,3a,3,5,5,1
1926,Rochdale,Chesterfield,8,1,3a,3,9,7,1
1926,Rochdale,Durham City,1,3,3a,3,4,-2,0
1926,Rochdale,Rotherham United,2,1,3a,3,3,1,1
1926,Rochdale,Wigan Borough,4,1,3a,3,5,3,1
1926,Rotherham United,Ashington,5,0,3a,3,5,5,1
1926,Rotherham United,Chesterfield,0,4,3a,3,4,-4,0
1926,Rotherham United,Durham City,3,1,3a,3,4,2,1
1926,Rotherham United,Rochdale,1,1,3a,3,2,0,0
1926,Rotherham United,Stoke City,2,2,3a,3,4,0,0
1926,Rotherham United,Wigan Borough,2,0,3a,3,2,2,1
1926,Southport,Chesterfield,2,1,3a,3,3,1,1
1926,Southport,Stoke City,0,3,3a,3,3,-3,0
1926,Southport,Wigan Borough,2,2,3a,3,4,0,0
1926,Stockport County,Ashington,6,2,3a,3,8,4,1
1926,Stockport County,Durham City,4,0,3a,3,4,4,1
1926,Stockport County,Lincoln City,3,3,3a,3,6,0,0
1926,Stockport County,Rochdale,3,0,3a,3,3,3,1
1926,Stockport County,Wigan Borough,4,1,3a,3,5,3,1
1926,Stoke City,Durham City,4,0,3a,3,4,4,1
1926,Tranmere Rovers,Durham City,8,3,3a,3,11,5,1
1926,Tranmere Rovers,Wigan Borough,3,1,3a,3,4,2,1
1926,Walsall,Ashington,0,0,3a,3,0,0,0
1926,Walsall,Chesterfield,0,1,3a,3,1,-1,0
1926,Walsall,Lincoln City,1,2,3a,3,3,-1,0
1926,Walsall,Stockport County,1,0,3a,3,1,1,1
1926,Walsall,Wigan Borough,3,2,3a,3,5,1,1
1926,Wigan Borough,Ashington,1,4,3a,3,5,-3,0
1926,Wigan Borough,Stockport County,2,0,3a,3,2,2,1
1926,Wrexham,Ashington,1,1,3a,3,2,0,0
1926,Wrexham,Chesterfield,3,1,3a,3,4,2,1
1926,Wrexham,Durham City,3,1,3a,3,4,2,1
1926,Wrexham,Stockport County,2,1,3a,3,3,1,1
1926,Wrexham,Walsall,1,2,3a,3,3,-1,0
1926,Aberdare Athletic,Brentford,3,1,3b,3,4,2,1
1926,Aberdare Athletic,Crystal Palace,2,3,3b,3,5,-1,0
1926,Aberdare Athletic,Luton Town,0,1,3b,3,1,-1,0
1926,Aberdare Athletic,Newport County,0,1,3b,3,1,-1,0
1926,Aberdare Athletic,Swindon Town,1,4,3b,3,5,-3,0
1926,AFC Bournemouth,Bristol Rovers,0,1,3b,3,1,-1,0
1926,AFC Bournemouth,Crystal Palace,1,1,3b,3,2,0,0
1926,AFC Bournemouth,Luton Town,2,0,3b,3,2,2,1
1926,AFC Bournemouth,Newport County,2,1,3b,3,3,1,1
1926,AFC Bournemouth,Plymouth Argyle,6,2,3b,3,8,4,1
1926,Brentford,AFC Bournemouth,0,0,3b,3,0,0,0
1926,Brentford,Bristol Rovers,0,2,3b,3,2,-2,0
1926,Brentford,Plymouth Argyle,0,0,3b,3,0,0,0
1926,Brighton & Hove Albion,AFC Bournemouth,0,2,3b,3,2,-2,0
1926,Brighton & Hove Albion,Bristol Rovers,7,0,3b,3,7,7,1
1926,Brighton & Hove Albion,Crystal Palace,1,1,3b,3,2,0,0
1926,Brighton & Hove Albion,Plymouth Argyle,1,2,3b,3,3,-1,0
1926,Bristol City,Bristol Rovers,3,1,3b,3,4,2,1
1926,Bristol City,Crystal Palace,5,4,3b,3,9,1,1
1926,Bristol City,Luton Town,6,0,3b,3,6,6,1
1926,Bristol City,Plymouth Argyle,4,2,3b,3,6,2,1
1926,Bristol Rovers,Crystal Palace,4,1,3b,3,5,3,1
1926,Bristol Rovers,Luton Town,1,2,3b,3,3,-1,0
1926,Charlton Athletic,AFC Bournemouth,1,3,3b,3,4,-2,0
1926,Charlton Athletic,Swindon Town,2,2,3b,3,4,0,0
1926,Coventry City,AFC Bournemouth,6,2,3b,3,8,4,1
1926,Coventry City,Bristol City,2,5,3b,3,7,-3,0
1926,Coventry City,Luton Town,4,1,3b,3,5,3,1
1926,Crystal Palace,AFC Bournemouth,2,2,3b,3,4,0,0
1926,Crystal Palace,Coventry City,1,2,3b,3,3,-1,0
1926,Crystal Palace,Luton Town,1,1,3b,3,2,0,0
1926,Crystal Palace,Plymouth Argyle,1,1,3b,3,2,0,0
1926,Exeter City,Bristol City,1,1,3b,3,2,0,0
1926,Exeter City,Newport County,2,1,3b,3,3,1,1
1926,Gillingham,Bristol City,1,1,3b,3,2,0,0
1926,Gillingham,Luton Town,0,0,3b,3,0,0,0
1926,Gillingham,Newport County,0,1,3b,3,1,-1,0
1926,Gillingham,Plymouth Argyle,4,1,3b,3,5,3,1
1926,Luton Town,Bristol City,0,0,3b,3,0,0,0
1926,Luton Town,Coventry City,4,1,3b,3,5,3,1
1926,Luton Town,Plymouth Argyle,3,3,3b,3,6,0,0
1926,Luton Town,Swindon Town,1,1,3b,3,2,0,0
1926,Merthyr Town,AFC Bournemouth,4,6,3b,3,10,-2,0
1926,Merthyr Town,Bristol City,1,1,3b,3,2,0,0
1926,Merthyr Town,Gillingham,2,0,3b,3,2,2,1
1926,Merthyr Town,Plymouth Argyle,5,1,3b,3,6,4,1
1926,Merthyr Town,Swindon Town,1,2,3b,3,3,-1,0
1926,Millwall,AFC Bournemouth,1,1,3b,3,2,0,0
1926,Millwall,Newport County,4,1,3b,3,5,3,1
1926,Newport County,Bristol City,0,0,3b,3,0,0,0
1926,Newport County,Gillingham,1,0,3b,3,1,1,1
1926,Newport County,Swindon Town,5,3,3b,3,8,2,1
1926,Northampton Town,AFC Bournemouth,2,2,3b,3,4,0,0
1926,Northampton Town,Coventry City,2,1,3b,3,3,1,1
1926,Northampton Town,Millwall,1,4,3b,3,5,-3,0
1926,Northampton Town,Swindon Town,1,0,3b,3,1,1,1
1926,Norwich City,Bristol City,1,1,3b,3,2,0,0
1926,Norwich City,Coventry City,3,0,3b,3,3,3,1
1926,Norwich City,Millwall,0,2,3b,3,2,-2,0
1926,Norwich City,Plymouth Argyle,0,2,3b,3,2,-2,0
1926,Plymouth Argyle,AFC Bournemouth,1,1,3b,3,2,0,0
1926,Plymouth Argyle,Coventry City,3,0,3b,3,3,3,1
1926,Plymouth Argyle,Gillingham,0,0,3b,3,0,0,0
1926,Plymouth Argyle,Norwich City,2,1,3b,3,3,1,1
1926,Queens Park Rangers,Coventry City,1,1,3b,3,2,0,0
1926,Southend United,AFC Bournemouth,0,3,3b,3,3,-3,0
1926,Southend United,Gillingham,1,0,3b,3,1,1,1
1926,Southend United,Norwich City,3,3,3b,3,6,0,0
1926,Southend United,Swindon Town,2,2,3b,3,4,0,0
1926,Swindon Town,AFC Bournemouth,2,0,3b,3,2,2,1
1926,Watford,AFC Bournemouth,1,2,3b,3,3,-1,0
1926,Watford,Bristol City,0,1,3b,3,1,-1,0
1926,Watford,Coventry City,1,0,3b,3,1,1,1
1926,Watford,Millwall,2,4,3b,3,6,-2,0
1926,Watford,Norwich City,1,1,3b,3,2,0,0
1927,Arsenal,Birmingham City,2,2,1,1,4,0,0
1927,Arsenal,Leicester City,2,2,1,1,4,0,0
1927,Arsenal,Sheffield United,6,1,1,1,7,5,1
1927,Arsenal,Tottenham Hotspur,1,1,1,1,2,0,0
1927,Aston Villa,Burnley,3,1,1,1,4,2,1
1927,Aston Villa,Leicester City,0,3,1,1,3,-3,0
1927,Aston Villa,Middlesbrough,5,1,1,1,6,4,1
1927,Aston Villa,Sheffield United,1,0,1,1,1,1,1
1927,Birmingham City,Derby County,2,1,1,1,3,1,1
1927,Birmingham City,Tottenham Hotspur,3,2,1,1,5,1,1
1927,Blackburn Rovers,Aston Villa,0,1,1,1,1,-1,0
1927,Blackburn Rovers,Burnley,2,1,1,1,3,1,1
1927,Blackburn Rovers,Derby County,3,2,1,1,5,1,1
1927,Blackburn Rovers,Leicester City,0,0,1,1,0,0,0
1927,Blackburn Rovers,Tottenham Hotspur,2,1,1,1,3,1,1
1927,Bolton Wanderers,Derby County,1,3,1,1,4,-2,0
1927,Bolton Wanderers,Leicester City,3,3,1,1,6,0,0
1927,Burnley,Aston Villa,4,2,1,1,6,2,1
1927,Burnley,Bolton Wanderers,2,2,1,1,4,0,0
1927,Burnley,Derby County,4,2,1,1,6,2,1
1927,Burnley,Middlesbrough,1,1,1,1,2,0,0
1927,Burnley,Tottenham Hotspur,2,2,1,1,4,0,0
1927,Bury,Derby County,3,0,1,1,3,3,1
1927,Cardiff City,Derby County,4,4,1,1,8,0,0
1927,Cardiff City,Tottenham Hotspur,2,1,1,1,3,1,1
1927,Derby County,Leicester City,2,1,1,1,3,1,1
1927,Derby County,Middlesbrough,2,1,1,1,3,1,1
1927,Everton,Bolton Wanderers,2,2,1,1,4,0,0
1927,Everton,Sheffield United,0,0,1,1,0,0,0
1927,Huddersfield Town,Bolton Wanderers,1,0,1,1,1,1,1
1927,Leicester City,Aston Villa,3,0,1,1,3,3,1
1927,Leicester City,Bolton Wanderers,4,2,1,1,6,2,1
1927,Leicester City,Huddersfield Town,1,2,1,1,3,-1,0
1927,Leicester City,Middlesbrough,3,3,1,1,6,0,0
1927,Leicester City,Sheffield United,3,1,1,1,4,2,1
1927,Liverpool,Aston Villa,0,0,1,1,0,0,0
1927,Liverpool,Bolton Wanderers,4,2,1,1,6,2,1
1927,Liverpool,Cardiff City,1,2,1,1,3,-1,0
1927,Liverpool,Middlesbrough,1,1,1,1,2,0,0
1927,Liverpool,Sheffield United,2,1,1,1,3,1,1
1927,Manchester United,Aston Villa,5,1,1,1,6,4,1
1927,Manchester United,Bolton Wanderers,2,1,1,1,3,1,1
1927,Manchester United,Sheffield United,2,3,1,1,5,-1,0
1927,Middlesbrough,Bolton Wanderers,2,5,1,1,7,-3,0
1927,Newcastle United,Manchester United,4,1,1,1,5,3,1
1927,Newcastle United,Sheffield United,1,0,1,1,1,1,1
1927,Newcastle United,Tottenham Hotspur,4,1,1,1,5,3,1
1927,Portsmouth,Cardiff City,3,0,1,1,3,3,1
1927,Sheffield United,Bolton Wanderers,4,3,1,1,7,1,1
1927,Sheffield United,Huddersfield Town,1,7,1,1,8,-6,0
1927,Sheffield United,Manchester United,2,1,1,1,3,1,1
1927,Sheffield United,Portsmouth,3,1,1,1,4,2,1
1927,Sheffield United,Tottenham Hotspur,3,1,1,1,4,2,1
1927,Sheffield Wednesday,Cardiff City,3,3,1,1,6,0,0
1927,Sheffield Wednesday,Huddersfield Town,0,5,1,1,5,-5,0
1927,Sheffield Wednesday,Manchester United,0,2,1,1,2,-2,0
1927,Sheffield Wednesday,Portsmouth,2,0,1,1,2,2,1
1927,Sunderland,Aston Villa,2,3,1,1,5,-1,0
1927,Sunderland,Bolton Wanderers,1,1,1,1,2,0,0
1927,Tottenham Hotspur,Bolton Wanderers,1,2,1,1,3,-1,0
1927,Tottenham Hotspur,Sunderland,3,1,1,1,4,2,1
1927,West Ham United,Aston Villa,0,0,1,1,0,0,0
1927,West Ham United,Bolton Wanderers,2,0,1,1,2,2,1
1927,West Ham United,Huddersfield Town,4,2,1,1,6,2,1
1927,Barnsley,Grimsby Town,1,4,2,2,5,-3,0
1927,Barnsley,Notts County,0,0,2,2,0,0,0
1927,Barnsley,Preston North End,2,1,2,2,3,1,1
1927,Barnsley,West Bromwich Albion,2,4,2,2,6,-2,0
1927,Blackpool,Preston North End,4,1,2,2,5,3,1
1927,Blackpool,West Bromwich Albion,4,3,2,2,7,1,1
1927,Bristol City,Notts County,1,2,2,2,3,-1,0
1927,Bristol City,Preston North End,1,3,2,2,4,-2,0
1927,Bristol City,Southampton,3,0,2,2,3,3,1
1927,Bristol City,West Bromwich Albion,0,1,2,2,1,-1,0
1927,Chelsea,Blackpool,3,0,2,2,3,3,1
1927,Chelsea,Grimsby Town,4,0,2,2,4,4,1
1927,Chelsea,Leyton Orient,1,0,2,2,1,1,1
1927,Chelsea,Preston North End,2,1,2,2,3,1,1
1927,Chelsea,Southampton,0,2,2,2,2,-2,0
1927,Fulham,Blackpool,2,2,2,2,4,0,0
1927,Fulham,West Bromwich Albion,3,1,2,2,4,2,1
1927,Grimsby Town,Blackpool,3,3,2,2,6,0,0
1927,Grimsby Town,Fulham,1,0,2,2,1,1,1
1927,Grimsby Town,Leyton Orient,2,2,2,2,4,0,0
1927,Grimsby Town,Notts County,1,0,2,2,1,1,1
1927,Grimsby Town,West Bromwich Albion,0,6,2,2,6,-6,0
1927,Hull City,Blackpool,2,2,2,2,4,0,0
1927,Hull City,Fulham,3,2,2,2,5,1,1
1927,Hull City,Leyton Orient,2,2,2,2,4,0,0
1927,Hull City,Notts County,1,1,2,2,2,0,0
1927,Hull City,Preston North End,0,0,2,2,0,0,0
1927,Hull City,West Bromwich Albion,1,1,2,2,2,0,0
1927,Leeds United,Leyton Orient,4,0,2,2,4,4,1
1927,Leeds United,Preston North End,2,4,2,2,6,-2,0
1927,Leeds United,West Bromwich Albion,1,2,2,2,3,-1,0
1927,Leyton Orient,Leeds United,2,1,2,2,3,1,1
1927,Leyton Orient,Notts County,0,1,2,2,1,-1,0
1927,Leyton Orient,Southampton,2,0,2,2,2,2,1
1927,Leyton Orient,West Bromwich Albion,0,0,2,2,0,0,0
1927,Manchester City,Fulham,2,1,2,2,3,1,1
1927,Manchester City,Leeds United,2,1,2,2,3,1,1
1927,Manchester City,Preston North End,2,2,2,2,4,0,0
1927,Manchester City,Southampton,6,1,2,2,7,5,1
1927,Nottingham Forest,Preston North End,3,1,2,2,4,2,1
1927,Nottingham Forest,Southampton,1,1,2,2,2,0,0
1927,Notts County,Fulham,0,1,2,2,1,-1,0
1927,Notts County,Leeds United,2,2,2,2,4,0,0
1927,Notts County,Southampton,0,0,2,2,0,0,0
1927,Oldham Athletic,Blackpool,6,0,2,2,6,6,1
1927,Oldham Athletic,Preston North End,0,0,2,2,0,0,0
1927,Oldham Athletic,West Bromwich Albion,3,1,2,2,4,2,1
1927,Port Vale,Fulham,4,1,2,2,5,3,1
1927,Port Vale,Leeds United,1,2,2,2,3,-1,0
1927,Port Vale,Nottingham Forest,2,2,2,2,4,0,0
1927,Port Vale,West Bromwich Albion,4,1,2,2,5,3,1
1927,Preston North End,Blackpool,2,1,2,2,3,1,1
1927,Preston North End,Fulham,1,0,2,2,1,1,1
1927,Preston North End,Southampton,1,2,2,2,3,-1,0
1927,Reading,Blackpool,1,0,2,2,1,1,1
1927,Reading,Fulham,2,1,2,2,3,1,1
1927,Reading,Nottingham Forest,0,2,2,2,2,-2,0
1927,South Shields,Blackpool,2,2,2,2,4,0,0
1927,South Shields,Leeds United,1,5,2,2,6,-4,0
1927,South Shields,West Bromwich Albion,2,3,2,2,5,-1,0
1927,Southampton,Blackpool,2,0,2,2,2,2,1
1927,Southampton,Fulham,5,2,2,2,7,3,1
1927,Southampton,Leeds United,1,4,2,2,5,-3,0
1927,Southampton,West Bromwich Albion,3,2,2,2,5,1,1
1927,Stoke City,Fulham,5,1,2,2,6,4,1
1927,Stoke City,South Shields,3,1,2,2,4,2,1
1927,Swansea City,Blackpool,1,0,2,2,1,1,1
1927,Swansea City,Leeds United,1,1,2,2,2,0,0
1927,Swansea City,Port Vale,2,0,2,2,2,2,1
1927,Swansea City,South Shields,6,3,2,2,9,3,1
1927,West Bromwich Albion,Fulham,4,0,2,2,4,4,1
1927,West Bromwich Albion,Port Vale,0,0,2,2,0,0,0
1927,West Bromwich Albion,Swansea City,5,2,2,2,7,3,1
1927,Wolverhampton Wanderers,Port Vale,2,1,2,2,3,1,1
1927,Wolverhampton Wanderers,South Shields,2,1,2,2,3,1,1
1927,Wolverhampton Wanderers,Swansea City,1,1,2,2,2,0,0
1927,Accrington Stanley,Hartlepool United,2,2,3a,3,4,0,0
1927,Accrington Stanley,Southport,4,1,3a,3,5,3,1
1927,Ashington,Hartlepool United,3,1,3a,3,4,2,1
1927,Ashington,Southport,1,3,3a,3,4,-2,0
1927,Barrow,Chesterfield,2,0,3a,3,2,2,1
1927,Barrow,Doncaster Rovers,0,0,3a,3,0,0,0
1927,Barrow,New Brighton,2,1,3a,3,3,1,1
1927,Barrow,Southport,3,1,3a,3,4,2,1
1927,Barrow,Wigan Borough,6,2,3a,3,8,4,1
1927,Bradford City,Ashington,5,0,3a,3,5,5,1
1927,Bradford City,New Brighton,3,1,3a,3,4,2,1
1927,Bradford City,Wigan Borough,3,0,3a,3,3,3,1
1927,Bradford Park Avenue,New Brighton,2,1,3a,3,3,1,1
1927,Bradford Park Avenue,Southport,5,3,3a,3,8,2,1
1927,Chesterfield,Ashington,3,0,3a,3,3,3,1
1927,Chesterfield,Bradford Park Avenue,0,0,3a,3,0,0,0
1927,Chesterfield,Wigan Borough,0,0,3a,3,0,0,0
1927,Crewe Alexandra,Bradford Park Avenue,1,3,3a,3,4,-2,0
1927,Crewe Alexandra,Hartlepool United,4,0,3a,3,4,4,1
1927,Darlington,Ashington,5,1,3a,3,6,4,1
1927,Darlington,Bradford Park Avenue,1,3,3a,3,4,-2,0
1927,Darlington,Hartlepool United,5,0,3a,3,5,5,1
1927,Darlington,Southport,3,1,3a,3,4,2,1
1927,Darlington,Wigan Borough,1,0,3a,3,1,1,1
1927,Doncaster Rovers,Ashington,3,2,3a,3,5,1,1
1927,Doncaster Rovers,Bradford Park Avenue,2,0,3a,3,2,2,1
1927,Doncaster Rovers,Darlington,5,0,3a,3,5,5,1
1927,Doncaster Rovers,Hartlepool United,1,1,3a,3,2,0,0
1927,Doncaster Rovers,Wigan Borough,4,1,3a,3,5,3,1
1927,Durham City,Ashington,0,0,3a,3,0,0,0
1927,Durham City,Darlington,3,3,3a,3,6,0,0
1927,Durham City,New Brighton,2,1,3a,3,3,1,1
1927,Durham City,Wigan Borough,3,0,3a,3,3,3,1
1927,Halifax Town,Darlington,2,1,3a,3,3,1,1
1927,Halifax Town,Hartlepool United,4,1,3a,3,5,3,1
1927,Halifax Town,New Brighton,1,1,3a,3,2,0,0
1927,Halifax Town,Wigan Borough,2,2,3a,3,4,0,0
1927,Hartlepool United,Bradford Park Avenue,1,1,3a,3,2,0,0
1927,Hartlepool United,Darlington,0,1,3a,3,1,-1,0
1927,Hartlepool United,Halifax Town,0,1,3a,3,1,-1,0
1927,Hartlepool United,New Brighton,3,3,3a,3,6,0,0
1927,Hartlepool United,Southport,2,1,3a,3,3,1,1
1927,Hartlepool United,Wigan Borough,1,1,3a,3,2,0,0
1927,Lincoln City,Ashington,3,1,3a,3,4,2,1
1927,Lincoln City,Darlington,1,0,3a,3,1,1,1
1927,Lincoln City,Halifax Town,5,2,3a,3,7,3,1
1927,Lincoln City,New Brighton,1,2,3a,3,3,-1,0
1927,Nelson,Ashington,1,5,3a,3,6,-4,0
1927,Nelson,Bradford Park Avenue,1,2,3a,3,3,-1,0
1927,Nelson,New Brighton,0,3,3a,3,3,-3,0
1927,Nelson,Southport,1,1,3a,3,2,0,0
1927,Nelson,Wigan Borough,3,3,3a,3,6,0,0
1927,New Brighton,Darlington,0,0,3a,3,0,0,0
1927,New Brighton,Wigan Borough,2,1,3a,3,3,1,1
1927,Rochdale,Ashington,2,2,3a,3,4,0,0
1927,Rochdale,Bradford Park Avenue,0,4,3a,3,4,-4,0
1927,Rochdale,Darlington,4,1,3a,3,5,3,1
1927,Rochdale,Halifax Town,2,2,3a,3,4,0,0
1927,Rochdale,Southport,5,1,3a,3,6,4,1
1927,Rotherham United,Darlington,3,1,3a,3,4,2,1
1927,Rotherham United,Southport,1,1,3a,3,2,0,0
1927,Southport,Bradford Park Avenue,2,1,3a,3,3,1,1
1927,Southport,Darlington,2,0,3a,3,2,2,1
1927,Southport,Halifax Town,3,1,3a,3,4,2,1
1927,Stockport County,Halifax Town,3,0,3a,3,3,3,1
1927,Stockport County,Nelson,8,0,3a,3,8,8,1
1927,Stockport County,Wigan Borough,1,1,3a,3,2,0,0
1927,Tranmere Rovers,Ashington,5,3,3a,3,8,2,1
1927,Tranmere Rovers,Darlington,3,1,3a,3,4,2,1
1927,Tranmere Rovers,Halifax Town,2,2,3a,3,4,0,0
1927,Tranmere Rovers,Nelson,1,1,3a,3,2,0,0
1927,Tranmere Rovers,Rotherham United,2,0,3a,3,2,2,1
1927,Tranmere Rovers,Wigan Borough,5,2,3a,3,7,3,1
1927,Wigan Borough,Ashington,0,0,3a,3,0,0,0
1927,Wigan Borough,Bradford Park Avenue,1,3,3a,3,4,-2,0
1927,Wigan Borough,Rotherham United,0,0,3a,3,0,0,0
1927,Wrexham,Ashington,5,1,3a,3,6,4,1
1927,Wrexham,Bradford Park Avenue,1,1,3a,3,2,0,0
1927,Wrexham,Halifax Town,2,0,3a,3,2,2,1
1927,Wrexham,Nelson,5,2,3a,3,7,3,1
1927,AFC Bournemouth,Coventry City,2,3,3b,3,5,-1,0
1927,AFC Bournemouth,Gillingham,3,0,3b,3,3,3,1
1927,AFC Bournemouth,Millwall,5,0,3b,3,5,5,1
1927,AFC Bournemouth,Norwich City,2,1,3b,3,3,1,1
1927,AFC Bournemouth,Walsall,3,1,3b,3,4,2,1
1927,Brentford,Brighton & Hove Albion,1,3,3b,3,4,-2,0
1927,Brentford,Coventry City,4,1,3b,3,5,3,1
1927,Brentford,Gillingham,2,0,3b,3,2,2,1
1927,Brentford,Millwall,6,1,3b,3,7,5,1
1927,Brentford,Southend United,2,2,3b,3,4,0,0
1927,Brentford,Walsall,3,2,3b,3,5,1,1
1927,Brighton & Hove Albion,Millwall,3,1,3b,3,4,2,1
1927,Bristol Rovers,Brentford,1,3,3b,3,4,-2,0
1927,Bristol Rovers,Millwall,1,6,3b,3,7,-5,0
1927,Bristol Rovers,Norwich City,3,0,3b,3,3,3,1
1927,Charlton Athletic,Brentford,3,2,3b,3,5,1,1
1927,Charlton Athletic,Norwich City,3,2,3b,3,5,1,1
1927,Charlton Athletic,Walsall,1,3,3b,3,4,-2,0
1927,Coventry City,Brentford,0,0,3b,3,0,0,0
1927,Coventry City,Charlton Athletic,3,3,3b,3,6,0,0
1927,Coventry City,Millwall,0,3,3b,3,3,-3,0
1927,Coventry City,Norwich City,2,2,3b,3,4,0,0
1927,Coventry City,Southend United,6,1,3b,3,7,5,1
1927,Crystal Palace,Southend United,4,1,3b,3,5,3,1
1927,Crystal Palace,Walsall,5,1,3b,3,6,4,1
1927,Exeter City,Charlton Athletic,2,1,3b,3,3,1,1
1927,Exeter City,Millwall,2,4,3b,3,6,-2,0
1927,Exeter City,Norwich City,2,2,3b,3,4,0,0
2015,Northampton Town,Cambridge United,1,1,4,4,2,0,0
2015,Newport County,Bristol Rovers,1,4,4,4,5,-3,0
2015,Cambridge United,Yeovil,3,0,4,4,3,3,1
2015,Notts County,Exeter City,1,4,4,4,5,-3,0
2015,Hartlepool United,AFC Wimbledon,1,0,4,4,1,1,1
2015,Crawley Town,Exeter City,0,2,4,4,2,-2,0
2015,Exeter City,Plymouth Argyle,2,1,4,4,3,1,1
2015,Morecambe,Barnet,4,2,4,4,6,2,1
2015,Barnet,Leyton Orient,3,0,4,4,3,3,1
2015,Plymouth Argyle,AFC Wimbledon,1,2,4,4,3,-1,0
2015,Dagenham and Redbridge,AFC Wimbledon,0,2,4,4,2,-2,0
2015,Stevenage Borough,Bristol Rovers,0,0,4,4,0,0,0
2015,Plymouth Argyle,Dagenham and Redbridge,2,3,4,4,5,-1,0
2015,Barnet,Yeovil,3,4,4,4,7,-1,0
2015,Accrington,Stevenage Borough,0,0,4,4,0,0,0
2015,Crawley Town,Barnet,0,3,4,4,3,-3,0
2015,Morecambe,York City,1,1,4,4,2,0,0
2015,Plymouth Argyle,Hartlepool United,5,0,4,4,5,5,1
2016,Everton,Tottenham Hotspur,1,1,1,1,2,0,0
2016,Middlesbrough,Stoke City,1,1,1,1,2,0,0
2016,Swansea City,Hull City,0,2,1,1,2,-2,0
2016,West Bromwich Albion,Everton,1,2,1,1,3,-1,0
2016,Hull City,Manchester United,0,1,1,1,1,-1,0
2016,Southampton,Swansea City,1,0,1,1,1,1,1
2016,Burnley,Watford,2,0,1,1,2,2,1
2016,Manchester United,Stoke City,1,1,1,1,2,0,0
2016,AFC Bournemouth,Hull City,6,1,1,1,7,5,1
2016,Manchester City,Everton,1,1,1,1,2,0,0
2016,Arsenal,Middlesbrough,0,0,1,1,0,0,0
2016,Swansea City,Watford,0,0,1,1,0,0,0
2016,Manchester City,Southampton,1,1,1,1,2,0,0
2016,Leicester City,West Bromwich Albion,1,2,1,1,3,-1,0
2016,Southampton,Liverpool,0,0,1,1,0,0,0
2016,Tottenham Hotspur,West Ham United,3,2,1,1,5,1,1
2016,West Bromwich Albion,Burnley,4,0,1,1,4,4,1
2016,Hull City,West Bromwich Albion,1,1,1,1,2,0,0
2016,Swansea City,Crystal Palace,5,4,1,1,9,1,1
2016,Tottenham Hotspur,Swansea City,5,0,1,1,5,5,1
2016,Arsenal,Stoke City,3,1,1,1,4,2,1
2016,Southampton,Middlesbrough,1,0,1,1,1,1,1
2016,West Bromwich Albion,Manchester United,0,2,1,1,2,-2,0
2016,Hull City,Manchester City,0,3,1,1,3,-3,0
2016,Swansea City,West Ham United,1,4,1,1,5,-3,0
2016,Arsenal,Crystal Palace,2,0,1,1,2,2,1
2016,Manchester City,Burnley,2,1,1,1,3,1,1
2016,West Bromwich Albion,Hull City,3,1,1,1,4,2,1
2016,Crystal Palace,Swansea City,1,2,1,1,3,-1,0
2016,Sunderland,Stoke City,1,3,1,1,4,-2,0
2016,Manchester United,Liverpool,1,1,1,1,2,0,0
2016,Stoke City,Manchester United,1,1,1,1,2,0,0
2016,Chelsea,Hull City,2,0,1,1,2,2,1
2016,AFC Bournemouth,Crystal Palace,0,2,1,1,2,-2,0
2016,Manchester United,Hull City,0,0,1,1,0,0,0
2016,Watford,Burnley,2,1,1,1,3,1,1
2016,Sunderland,Southampton,0,4,1,1,4,-4,0
2016,AFC Bournemouth,West Ham United,3,2,1,1,5,1,1
2016,Liverpool,Burnley,2,1,1,1,3,1,1
2016,Everton,Hull City,4,0,1,1,4,4,1
2016,West Bromwich Albion,Arsenal,3,1,1,1,4,2,1
2016,Middlesbrough,Manchester United,1,3,1,1,4,-2,0
2016,Liverpool,Everton,3,1,1,1,4,2,1
2016,Burnley,Stoke City,1,0,1,1,1,1,1
2016,Watford,West Bromwich Albion,2,0,1,1,2,2,1
2016,Swansea City,Tottenham Hotspur,1,3,1,1,4,-2,0
2016,Middlesbrough,Burnley,0,0,1,1,0,0,0
2016,West Bromwich Albion,Southampton,0,1,1,1,1,-1,0
2016,Sunderland,Manchester United,0,3,1,1,3,-3,0
2016,Everton,Burnley,3,1,1,1,4,2,1
2016,Sunderland,West Ham United,2,2,1,1,4,0,0
2016,Manchester United,Chelsea,2,0,1,1,2,2,1
2016,West Ham United,Everton,0,0,1,1,0,0,0
2016,Chelsea,Southampton,4,2,1,1,6,2,1
2016,Middlesbrough,Sunderland,1,0,1,1,1,1,1
2016,Southampton,Hull City,0,0,1,1,0,0,0
2016,West Bromwich Albion,Leicester City,0,1,1,1,1,-1,0
2016,Middlesbrough,Manchester City,2,2,1,1,4,0,0
2016,Hull City,Sunderland,0,2,1,1,2,-2,0
2016,Swansea City,Everton,1,0,1,1,1,1,1
2016,Derby County,Brighton & Hove Albion,0,0,2,2,0,0,0
2016,Aston Villa,Rotherham United,3,0,2,2,3,3,1
2016,Burton Albion,Bristol City,1,2,2,2,3,-1,0
2016,Norwich City,Sheffield Wednesday,0,0,2,2,0,0,0
2016,Wigan Athletic,Birmingham City,1,1,2,2,2,0,0
2016,Blackburn Rovers,Burton Albion,2,2,2,2,4,0,0
2016,Fulham,Cardiff City,2,2,2,2,4,0,0
2016,Nottingham Forest,Leeds United,3,1,2,2,4,2,1
2016,Brighton & Hove Albion,Brentford,0,2,2,2,2,-2,0
2016,Norwich City,Wigan Athletic,2,1,2,2,3,1,1
2016,Birmingham City,Sheffield Wednesday,2,1,2,2,3,1,1
2016,Bristol City,Derby County,1,1,2,2,2,0,0
2016,Fulham,Bristol City,0,4,2,2,4,-4,0
2016,Birmingham City,Preston North End,2,2,2,2,4,0,0
2016,Huddersfield Town,Rotherham United,2,1,2,2,3,1,1
2016,Wigan Athletic,Wolverhampton Wanderers,2,1,2,2,3,1,1
2016,Brentford,Wigan Athletic,0,0,2,2,0,0,0
2016,Fulham,Queens Park Rangers,1,2,2,2,3,-1,0
2016,Sheffield Wednesday,Brighton & Hove Albion,1,2,2,2,3,-1,0
2016,Blackburn Rovers,Ipswich Town,0,0,2,2,0,0,0
2016,Birmingham City,Rotherham United,4,2,2,2,6,2,1
2016,Derby County,Brentford,0,0,2,2,0,0,0
2016,Leeds United,Wigan Athletic,1,1,2,2,2,0,0
2016,Wigan Athletic,Brighton & Hove Albion,0,1,2,2,1,-1,0
2016,Barnsley,Bristol City,2,2,2,2,4,0,0
2016,Ipswich Town,Rotherham United,2,2,2,2,4,0,0
2016,Huddersfield Town,Birmingham City,1,1,2,2,2,0,0
2016,Nottingham Forest,Queens Park Rangers,1,1,2,2,2,0,0
2016,Aston Villa,Cardiff City,3,1,2,2,4,2,1
2016,Derby County,Norwich City,1,0,2,2,1,1,1
2016,Preston North End,Burton Albion,1,1,2,2,2,0,0
2016,Bristol City,Ipswich Town,2,0,2,2,2,2,1
2016,Huddersfield Town,Bristol City,2,1,2,2,3,1,1
2016,Preston North End,Blackburn Rovers,3,2,2,2,5,1,1
2016,Wolverhampton Wanderers,Fulham,4,4,2,2,8,0,0
2016,Blackburn Rovers,Brighton & Hove Albion,2,3,2,2,5,-1,0
2016,Cardiff City,Wolverhampton Wanderers,2,1,2,2,3,1,1
2016,Norwich City,Aston Villa,1,0,2,2,1,1,1
2016,Queens Park Rangers,Derby County,0,1,2,2,1,-1,0
2016,Leeds United,Brentford,1,0,2,2,1,1,1
2016,Wigan Athletic,Ipswich Town,2,3,2,2,5,-1,0
2016,Ipswich Town,Fulham,0,2,2,2,2,-2,0
2016,Huddersfield Town,Blackburn Rovers,1,1,2,2,2,0,0
2016,Burton Albion,Preston North End,0,1,2,2,1,-1,0
2016,Queens Park Rangers,Ipswich Town,2,1,2,2,3,1,1
2016,Fulham,Barnsley,2,0,2,2,2,2,1
2016,Rotherham United,Norwich City,2,1,2,2,3,1,1
2016,Huddersfield Town,Ipswich Town,2,0,2,2,2,2,1
2016,Norwich City,Birmingham City,2,0,2,2,2,2,1
2016,Birmingham City,Reading,0,1,2,2,1,-1,0
2016,Cardiff City,Preston North End,2,0,2,2,2,2,1
2016,Blackburn Rovers,Leeds United,1,2,2,2,3,-1,0
2016,Birmingham City,Fulham,1,0,2,2,1,1,1
2016,Newcastle United,Derby County,1,0,2,2,1,1,1
2016,Aston Villa,Ipswich Town,0,1,2,2,1,-1,0
2016,Fulham,Wigan Athletic,3,2,2,2,5,1,1
2016,Preston North End,Brentford,4,2,2,2,6,2,1
2016,Rotherham United,Blackburn Rovers,1,1,2,2,2,0,0
2016,Brighton & Hove Albion,Ipswich Town,1,1,2,2,2,0,0
2016,Wolverhampton Wanderers,Wigan Athletic,0,1,2,2,1,-1,0
2016,Derby County,Burton Albion,0,0,2,2,0,0,0
2016,Wolverhampton Wanderers,Birmingham City,1,2,2,2,3,-1,0
2016,Brentford,Rotherham United,4,2,2,2,6,2,1
2016,Wigan Athletic,Nottingham Forest,0,0,2,2,0,0,0
2016,Blackburn Rovers,Derby County,1,0,2,2,1,1,1
2016,Blackburn Rovers,Wigan Athletic,1,0,2,2,1,1,1
2016,Rotherham United,Aston Villa,0,2,2,2,2,-2,0
2016,Rotherham United,Brighton & Hove Albion,0,2,2,2,2,-2,0
2016,Aston Villa,Sheffield Wednesday,2,0,2,2,2,2,1
2016,Newcastle United,Fulham,1,3,2,2,4,-2,0
2016,Birmingham City,Newcastle United,0,0,2,2,0,0,0
2016,Norwich City,Barnsley,2,0,2,2,2,2,1
2016,Wigan Athletic,Aston Villa,0,2,2,2,2,-2,0
2016,Barnsley,Sheffield Wednesday,1,1,2,2,2,0,0
2016,Huddersfield Town,Burton Albion,0,1,2,2,1,-1,0
2016,Brentford,Leeds United,2,0,2,2,2,2,1
2016,Rotherham United,Sheffield Wednesday,0,2,2,2,2,-2,0
2016,Newcastle United,Burton Albion,1,0,2,2,1,1,1
2016,Norwich City,Reading,7,1,2,2,8,6,1
2016,Bristol City,Queens Park Rangers,2,1,2,2,3,1,1
2016,Rotherham United,Birmingham City,1,1,2,2,2,0,0
2016,Aston Villa,Reading,1,3,2,2,4,-2,0
2016,Blackburn Rovers,Bristol City,1,1,2,2,2,0,0
2016,Derby County,Huddersfield Town,1,1,2,2,2,0,0
2016,Bristol City,Barnsley,3,2,2,2,5,1,1
2016,Nottingham Forest,Reading,3,2,2,2,5,1,1
2016,Wigan Athletic,Cardiff City,0,0,2,2,0,0,0
2016,Queens Park Rangers,Nottingham Forest,2,0,2,2,2,2,1
2016,Huddersfield Town,Cardiff City,0,3,2,2,3,-3,0
2016,Nottingham Forest,Ipswich Town,3,0,2,2,3,3,1
2016,Wigan Athletic,Leeds United,1,1,2,2,2,0,0
2016,Northampton Town,Fleetwood Town,1,1,3,3,2,0,0
2016,Scunthorpe United,Bristol Rovers,3,1,3,3,4,2,1
2016,Fleetwood Town,Scunthorpe United,2,2,3,3,4,0,0
2016,Oldham Athletic,Walsall,0,0,3,3,0,0,0
2016,Charlton Athletic,Shrewsbury Town,3,0,3,3,3,3,1
2016,Bradford City,Coventry City,3,1,3,3,4,2,1
2016,Northampton Town,AFC Wimbledon,0,0,3,3,0,0,0
2016,Scunthorpe United,Gillingham,5,0,3,3,5,5,1
2016,Swindon Town,Port Vale,1,0,3,3,1,1,1
2016,Milton Keynes Dons,Peterborough United,0,2,3,3,2,-2,0
2016,Walsall,Bury,3,3,3,3,6,0,0
2016,Gillingham,Sheffield United,1,2,3,3,3,-1,0
2016,Bolton Wanderers,Milton Keynes Dons,1,1,3,3,2,0,0
2016,Northampton Town,Walsall,2,0,3,3,2,2,1
2016,Bradford City,Bristol Rovers,1,1,3,3,2,0,0
2016,Coventry City,Oldham Athletic,0,0,3,3,0,0,0
2016,Southend United,Millwall,3,1,3,3,4,2,1
2016,Scunthorpe United,Charlton Athletic,0,0,3,3,0,0,0
2016,Bolton Wanderers,Bradford City,0,0,3,3,0,0,0
2016,Peterborough United,Walsall,1,1,3,3,2,0,0
2016,Port Vale,Millwall,3,1,3,3,4,2,1
2016,Shrewsbury Town,Peterborough United,1,1,3,3,2,0,0
2016,Chesterfield,Bradford City,0,1,3,3,1,-1,0
2016,Southend United,Peterborough United,1,1,3,3,2,0,0
2016,Oxford United,AFC Wimbledon,1,3,3,3,4,-2,0
2016,Bristol Rovers,Gillingham,2,1,3,3,3,1,1
2016,Scunthorpe United,Milton Keynes Dons,2,1,3,3,3,1,1
2016,Walsall,Shrewsbury Town,3,2,3,3,5,1,1
2016,Swindon Town,Rochdale,3,0,3,3,3,3,1
2016,Coventry City,Rochdale,2,0,3,3,2,2,1
2016,Northampton Town,Bury,3,2,3,3,5,1,1
2016,Scunthorpe United,Swindon Town,4,1,3,3,5,3,1
2016,Oldham Athletic,AFC Wimbledon,0,0,3,3,0,0,0
2016,Swindon Town,Charlton Athletic,3,0,3,3,3,3,1
2016,AFC Wimbledon,Bury,5,1,3,3,6,4,1
2016,Oxford United,Coventry City,4,1,3,3,5,3,1
2016,Sheffield United,Shrewsbury Town,2,1,3,3,3,1,1
2016,Fleetwood Town,Shrewsbury Town,3,0,3,3,3,3,1
2016,Rochdale,Walsall,4,0,3,3,4,4,1
2016,AFC Wimbledon,Fleetwood Town,2,2,3,3,4,0,0
2016,Swindon Town,Bradford City,1,0,3,3,1,1,1
2016,Millwall,Shrewsbury Town,0,1,3,3,1,-1,0
2016,Charlton Athletic,Peterborough United,0,2,3,3,2,-2,0
2016,Northampton Town,Rochdale,2,3,3,3,5,-1,0
2016,Bristol Rovers,Coventry City,4,1,3,3,5,3,1
2016,Port Vale,Walsall,0,1,3,3,1,-1,0
2016,Oxford United,Walsall,0,0,3,3,0,0,0
2016,Scunthorpe United,Peterborough United,1,1,3,3,2,0,0
2016,Scunthorpe United,Bury,3,2,3,3,5,1,1
2016,AFC Wimbledon,Oxford United,2,1,3,3,3,1,1
2016,Charlton Athletic,Millwall,0,0,3,3,0,0,0
2016,Northampton Town,Scunthorpe United,1,2,3,3,3,-1,0
2016,Southend United,Rochdale,2,1,3,3,3,1,1
2016,Milton Keynes Dons,Northampton Town,5,3,3,3,8,2,1
2016,Oldham Athletic,Peterborough United,2,0,3,3,2,2,1
2016,Bristol Rovers,Swindon Town,1,0,3,3,1,1,1
2016,Coventry City,Millwall,0,2,3,3,2,-2,0
2016,Milton Keynes Dons,Oldham Athletic,1,0,3,3,1,1,1
2016,Gillingham,Port Vale,1,1,3,3,2,0,0
2016,Scunthorpe United,Shrewsbury Town,0,1,3,3,1,-1,0
2016,Bristol Rovers,Sheffield United,0,0,3,3,0,0,0
2016,Gillingham,Chesterfield,1,1,3,3,2,0,0
2016,Coventry City,Gillingham,2,1,3,3,3,1,1
2016,Rochdale,Charlton Athletic,3,3,3,3,6,0,0
2016,Southend United,Northampton Town,2,2,3,3,4,0,0
2016,Peterborough United,Southend United,1,4,3,3,5,-3,0
2016,Charlton Athletic,Bury,0,1,3,3,1,-1,0
2016,Bury,Coventry City,2,1,3,3,3,1,1
2016,Bolton Wanderers,AFC Wimbledon,1,1,3,3,2,0,0
2016,Rochdale,Sheffield United,3,3,3,3,6,0,0
2016,Charlton Athletic,Scunthorpe United,2,1,3,3,3,1,1
2016,Bury,Bristol Rovers,3,0,3,3,3,3,1
2016,Oldham Athletic,Oxford United,2,1,3,3,3,1,1
2016,Walsall,Fleetwood Town,0,1,3,3,1,-1,0
2016,Bradford City,Swindon Town,2,1,3,3,3,1,1
2016,Millwall,Bury,0,0,3,3,0,0,0
2016,Peterborough United,Oldham Athletic,1,1,3,3,2,0,0
2016,Northampton Town,Oxford United,0,0,3,3,0,0,0
2016,Shrewsbury Town,Bolton Wanderers,0,2,3,3,2,-2,0
2016,AFC Wimbledon,Rochdale,3,1,3,3,4,2,1
2016,Bolton Wanderers,Chesterfield,0,0,3,3,0,0,0
2016,Fleetwood Town,Swindon Town,0,1,3,3,1,-1,0
2016,Peterborough United,Charlton Athletic,2,0,3,3,2,2,1
2016,Shrewsbury Town,Millwall,1,2,3,3,3,-1,0
2016,Sheffield United,Coventry City,2,0,3,3,2,2,1
2016,Charlton Athletic,Southend United,2,1,3,3,3,1,1
2016,Chesterfield,Southend United,0,4,3,3,4,-4,0
2016,Millwall,Northampton Town,3,0,3,3,3,3,1
2016,Port Vale,Sheffield United,0,3,3,3,3,-3,0
2016,Oxford United,Port Vale,2,0,3,3,2,2,1
2016,Sheffield United,Bradford City,3,0,3,3,3,3,1
2016,Chesterfield,Charlton Athletic,1,2,3,3,3,-1,0
2016,Bolton Wanderers,Peterborough United,3,0,3,3,3,3,1
2016,Rochdale,Bradford City,1,1,3,3,2,0,0
2016,Blackpool,Exeter City,2,0,4,4,2,2,1
2016,Newport County,Mansfield Town,2,3,4,4,5,-1,0
2016,Notts County,Stevenage Borough,1,1,4,4,2,0,0
2016,Carlisle United,Cheltenham,1,1,4,4,2,0,0
2016,Doncaster Rovers,Cambridge United,1,0,4,4,1,1,1
2016,Luton Town,Newport County,2,1,4,4,3,1,1
2016,Notts County,Plymouth Argyle,1,2,4,4,3,-1,0
2016,Blackpool,Wycombe Wanderers,0,0,4,4,0,0,0
2016,Newport County,Crewe Alexandra,1,1,4,4,2,0,0
2016,Barnet,Carlisle United,0,1,4,4,1,-1,0
2016,Cheltenham,Crewe Alexandra,2,0,4,4,2,2,1
2016,Exeter City,Portsmouth,0,1,4,4,1,-1,0
2016,Leyton Orient,Mansfield Town,1,2,4,4,3,-1,0
2016,Mansfield Town,Cambridge United,0,0,4,4,0,0,0
2016,Plymouth Argyle,Cheltenham,1,0,4,4,1,1,1
2016,Yeovil,Blackpool,0,3,4,4,3,-3,0
2016,Morecambe,Doncaster Rovers,1,5,4,4,6,-4,0
2016,Yeovil,Hartlepool United,1,2,4,4,3,-1,0
2016,Crawley Town,Luton Town,2,0,4,4,2,2,1
2016,Grimsby Town,Crewe Alexandra,0,2,4,4,2,-2,0
2016,Crewe Alexandra,Blackpool,1,1,4,4,2,0,0
2016,Yeovil,Cheltenham,4,2,4,4,6,2,1
2016,Blackpool,Portsmouth,3,1,4,4,4,2,1
2016,Crawley Town,Colchester United,1,1,4,4,2,0,0
2016,Carlisle United,Colchester United,2,0,4,4,2,2,1
2016,Exeter City,Grimsby Town,0,0,4,4,0,0,0
2016,Luton Town,Crewe Alexandra,1,1,4,4,2,0,0
2016,Stevenage Borough,Plymouth Argyle,1,2,4,4,3,-1,0
2016,Accrington,Blackpool,2,1,4,4,3,1,1
2016,Leyton Orient,Luton Town,1,2,4,4,3,-1,0
2016,Blackpool,Doncaster Rovers,4,2,4,4,6,2,1
2016,Crewe Alexandra,Yeovil,0,1,4,4,1,-1,0
2016,Morecambe,Exeter City,0,3,4,4,3,-3,0
2016,Yeovil,Grimsby Town,0,0,4,4,0,0,0
2016,Crawley Town,Cambridge United,1,3,4,4,4,-2,0
2016,Morecambe,Luton Town,0,2,4,4,2,-2,0
2016,Yeovil,Colchester United,2,1,4,4,3,1,1
2016,Luton Town,Portsmouth,1,3,4,4,4,-2,0
2016,Barnet,Notts County,3,2,4,4,5,1,1
2016,Carlisle United,Mansfield Town,5,2,4,4,7,3,1
2016,Yeovil,Crawley Town,5,0,4,4,5,5,1
2016,Crewe Alexandra,Crawley Town,0,2,4,4,2,-2,0
2016,Leyton Orient,Accrington,1,0,4,4,1,1,1
2016,Notts County,Wycombe Wanderers,0,2,4,4,2,-2,0
2016,Yeovil,Barnet,0,1,4,4,1,-1,0
2016,Blackpool,Luton Town,0,2,4,4,2,-2,0
2016,Colchester United,Notts County,2,1,4,4,3,1,1
2016,Exeter City,Mansfield Town,2,0,4,4,2,2,1
2016,Wycombe Wanderers,Leyton Orient,1,0,4,4,1,1,1
2016,Luton Town,Colchester United,0,1,4,4,1,-1,0
2016,Leyton Orient,Cambridge United,1,1,4,4,2,0,0
2016,Newport County,Exeter City,1,4,4,4,5,-3,0
2016,Stevenage Borough,Colchester United,2,4,4,4,6,-2,0
2016,Blackpool,Mansfield Town,0,1,4,4,1,-1,0
2016,Colchester United,Cheltenham,2,0,4,4,2,2,1
2016,Exeter City,Leyton Orient,4,0,4,4,4,4,1
2016,Wycombe Wanderers,Newport County,2,1,4,4,3,1,1
2016,Morecambe,Notts County,4,1,4,4,5,3,1
2016,Newport County,Colchester United,1,1,4,4,2,0,0
2016,Grimsby Town,Notts County,2,0,4,4,2,2,1
2016,Mansfield Town,Leyton Orient,2,0,4,4,2,2,1
2016,Doncaster Rovers,Morecambe,1,1,4,4,2,0,0
2016,Hartlepool United,Yeovil,1,1,4,4,2,0,0
2016,Blackpool,Crawley Town,0,0,4,4,0,0,0
2016,Carlisle United,Blackpool,1,4,4,4,5,-3,0
2016,Notts County,Cheltenham,2,1,4,4,3,1,1
2016,Stevenage Borough,Wycombe Wanderers,3,0,4,4,3,3,1
2016,Colchester United,Crawley Town,2,3,4,4,5,-1,0
2016,Mansfield Town,Accrington,4,4,4,4,8,0,0
2016,Barnet,Portsmouth,1,1,4,4,2,0,0
2016,Cheltenham,Yeovil,2,0,4,4,2,2,1
2016,Exeter City,Stevenage Borough,1,1,4,4,2,0,0
2016,Colchester United,Hartlepool United,2,1,4,4,3,1,1
2016,Cambridge United,Doncaster Rovers,2,3,4,4,5,-1,0
2016,Portsmouth,Morecambe,1,1,4,4,2,0,0
2016,Accrington,Barnet,1,0,4,4,1,1,1
2016,Hartlepool United,Exeter City,3,1,4,4,4,2,1
2016,Crawley Town,Portsmouth,0,2,4,4,2,-2,0
2016,Carlisle United,Cambridge United,0,3,4,4,3,-3,0
2016,Doncaster Rovers,Cheltenham,2,0,4,4,2,2,1
2016,Blackpool,Stevenage Borough,1,0,4,4,1,1,1
2016,Exeter City,Cheltenham,3,0,4,4,3,3,1
2016,Wycombe Wanderers,Plymouth Argyle,1,1,4,4,2,0,0
2016,Crewe Alexandra,Colchester United,2,0,4,4,2,2,1
2016,Leyton Orient,Doncaster Rovers,1,4,4,4,5,-3,0
2016,Newport County,Luton Town,1,1,4,4,2,0,0
2016,Colchester United,Luton Town,2,1,4,4,3,1,1
2016,Doncaster Rovers,Plymouth Argyle,0,1,4,4,1,-1,0
2016,Newport County,Crawley Town,1,0,4,4,1,1,1
2016,Stevenage Borough,Barnet,1,0,4,4,1,1,1
2016,Barnet,Luton Town,0,1,4,4,1,-1,0
2016,Portsmouth,Yeovil,3,1,4,4,4,2,1
2016,Colchester United,Doncaster Rovers,1,1,4,4,2,0,0
2016,Exeter City,Barnet,2,1,4,4,3,1,1
2016,Luton Town,Leyton Orient,2,2,4,4,4,0,0
2016,Stevenage Borough,Morecambe,0,1,4,4,1,-1,0
2016,Barnet,Wycombe Wanderers,0,2,4,4,2,-2,0
2016,Cheltenham,Grimsby Town,2,1,4,4,3,1,1
2016,Plymouth Argyle,Newport County,6,1,4,4,7,5,1
2016,Colchester United,Plymouth Argyle,0,0,4,4,0,0,0
2016,Stevenage Borough,Mansfield Town,0,1,4,4,1,-1,0
2016,Barnet,Grimsby Town,3,1,4,4,4,2,1
2016,Cheltenham,Hartlepool United,1,0,4,4,1,1,1
2016,Middlesbrough,Southampton,1,2,1,1,3,-1,0
2016,Crystal Palace,Hull City,4,0,1,1,4,4,1
2016,AFC Wimbledon,Charlton Athletic,1,1,3,3,2,0,0
2016,Bury,Swindon Town,1,0,3,3,1,1,1
2016,Oxford United,Milton Keynes Dons,1,0,3,3,1,1,1
2016,AFC Wimbledon,Coventry City,1,1,3,3,2,0,0
2016,Bury,Milton Keynes Dons,0,0,3,3,0,0,0
2016,Oxford United,Southend United,0,2,3,3,2,-2,0
2016,Milton Keynes Dons,Fleetwood Town,0,1,3,3,1,-1,0
2016,Swindon Town,Oldham Athletic,0,0,3,3,0,0,0
2016,AFC Wimbledon,Walsall,1,0,3,3,1,1,1
2016,Bolton Wanderers,Bristol Rovers,1,1,3,3,2,0,0
2016,Northampton Town,Charlton Athletic,2,1,3,3,3,1,1
2016,Scunthorpe United,Fleetwood Town,0,2,3,3,2,-2,0
2016,Swindon Town,Chesterfield,0,1,3,3,1,-1,0
2016,Coventry City,Bradford City,0,2,3,3,2,-2,0
2016,Port Vale,Swindon Town,3,2,3,3,5,1,1
2016,Charlton Athletic,Bradford City,1,1,3,3,2,0,0
2016,Scunthorpe United,Rochdale,2,1,3,3,3,1,1
2016,Rochdale,Gillingham,4,1,3,3,5,3,1
2016,AFC Wimbledon,Southend United,0,2,3,3,2,-2,0
2016,Coventry City,Bristol Rovers,1,0,3,3,1,1,1
2016,Oldham Athletic,Sheffield United,1,1,3,3,2,0,0
2016,Millwall,Scunthorpe United,3,1,3,3,4,2,1
2016,AFC Wimbledon,Bristol Rovers,0,1,3,3,1,-1,0
2016,Chesterfield,Port Vale,1,0,3,3,1,1,1
2016,Bury,Rochdale,0,1,3,3,1,-1,0
2016,Coventry City,Charlton Athletic,1,1,3,3,2,0,0
2016,AFC Wimbledon,Peterborough United,0,0,3,3,0,0,0
2016,Southend United,Milton Keynes Dons,1,2,3,3,3,-1,0
2016,Bradford City,AFC Wimbledon,3,0,3,3,3,3,1
2016,Port Vale,Bolton Wanderers,0,2,3,3,2,-2,0
2016,Walsall,Port Vale,0,1,3,3,1,-1,0
2016,Northampton Town,Gillingham,0,0,3,3,0,0,0
2016,Scunthorpe United,Coventry City,3,1,3,3,4,2,1
2016,Plymouth Argyle,Luton Town,0,3,4,4,3,-3,0
2016,Yeovil,Notts County,2,0,4,4,2,2,1
2016,Colchester United,Grimsby Town,3,2,4,4,5,1,1
2016,Wycombe Wanderers,Accrington,1,1,4,4,2,0,0
2016,Grimsby Town,Leyton Orient,1,2,4,4,3,-1,0
2016,Plymouth Argyle,Mansfield Town,2,0,4,4,2,2,1
2016,Crawley Town,Notts County,1,3,4,4,4,-2,0
2016,Crewe Alexandra,Doncaster Rovers,2,1,4,4,3,1,1
2016,Morecambe,Leyton Orient,1,2,4,4,3,-1,0
2016,Portsmouth,Crawley Town,3,0,4,4,3,3,1
2016,Portsmouth,Wycombe Wanderers,4,2,4,4,6,2,1
2016,Cambridge United,Morecambe,1,2,4,4,3,-1,0
2016,Doncaster Rovers,Newport County,2,0,4,4,2,2,1
2016,Carlisle United,Wycombe Wanderers,1,0,4,4,1,1,1
2016,Luton Town,Doncaster Rovers,3,1,4,4,4,2,1
2016,Newport County,Cambridge United,1,2,4,4,3,-1,0
2016,Portsmouth,Barnet,5,1,4,4,6,4,1
2016,Cambridge United,Yeovil,1,0,4,4,1,1,1
2016,Hartlepool United,Luton Town,1,1,4,4,2,0,0
2016,Grimsby Town,Hartlepool United,0,3,4,4,3,-3,0
2016,Mansfield Town,Notts County,3,1,4,4,4,2,1
2016,Barnet,Exeter City,1,4,4,4,5,-3,0
2016,Mansfield Town,Wycombe Wanderers,1,1,4,4,2,0,0
2016,Plymouth Argyle,Portsmouth,2,2,4,4,4,0,0
2016,Luton Town,Mansfield Town,1,1,4,4,2,0,0
2016,Accrington,Stevenage Borough,0,1,4,4,1,-1,0
2016,Carlisle United,Exeter City,3,2,4,4,5,1,1
2016,Exeter City,Luton Town,0,0,4,4,0,0,0
2016,Wycombe Wanderers,Hartlepool United,2,0,4,4,2,2,1
2016,Grimsby Town,Portsmouth,0,1,4,4,1,-1,0
2016,Luton Town,Carlisle United,1,1,4,4,2,0,0
2016,Plymouth Argyle,Doncaster Rovers,2,0,4,4,2,2,1
2016,Cambridge United,Crewe Alexandra,2,1,4,4,3,1,1
2016,Hartlepool United,Blackpool,0,1,4,4,1,-1,0
2016,Mansfield Town,Morecambe,0,1,4,4,1,-1,0
2016,Crewe Alexandra,Accrington,0,1,4,4,1,-1,0
2016,Luton Town,Barnet,3,1,4,4,4,2,1
2016,Accrington,Hartlepool United,2,2,4,4,4,0,0
2016,Cambridge United,Notts County,4,0,4,4,4,4,1
2016,Leyton Orient,Barnet,1,3,4,4,4,-2,0
2016,Stevenage Borough,Newport County,3,1,4,4,4,2,1
2016,Notts County,Mansfield Town,0,0,4,4,0,0,0
2016,Wycombe Wanderers,Yeovil,1,1,4,4,2,0,0
2016,Blackpool,Yeovil,2,2,4,4,4,0,0
2016,Hartlepool United,Stevenage Borough,2,0,4,4,2,2,1
2016,Crewe Alexandra,Cheltenham,0,0,4,4,0,0,0
2016,Stevenage Borough,Grimsby Town,2,0,4,4,2,2,1
2016,Barnet,Mansfield Town,0,2,4,4,2,-2,0
2016,Leyton Orient,Carlisle United,1,2,4,4,3,-1,0
2016,Mansfield Town,Hartlepool United,4,0,4,4,4,4,1
2016,Crewe Alexandra,Wycombe Wanderers,2,1,4,4,3,1,1
2016,Morecambe,Barnet,0,1,4,4,1,-1,0
2016,Crawley Town,Morecambe,1,3,4,4,4,-2,0
2016,Grimsby Town,Mansfield Town,3,0,4,4,3,3,1
2016,Leyton Orient,Cheltenham,0,1,4,4,1,-1,0
2016,Cheltenham,Carlisle United,1,0,4,4,1,1,1
2016,Blackpool,Morecambe,3,1,4,4,4,2,1
2016,Crawley Town,Doncaster Rovers,0,0,4,4,0,0,0
2016,Newport County,Leyton Orient,0,4,4,4,4,-4,0
2016,Plymouth Argyle,Blackpool,0,3,4,4,3,-3,0
2016,Colchester United,Portsmouth,0,4,4,4,4,-4,0
2016,Crawley Town,Crewe Alexandra,0,3,4,4,3,-3,0
2016,Morecambe,Newport County,0,1,4,4,1,-1,0
2016,Grimsby Town,Crawley Town,1,1,4,4,2,0,0
2016,Luton Town,Exeter City,1,1,4,4,2,0,0
2016,Plymouth Argyle,Morecambe,1,0,4,4,1,1,1
2016,Notts County,Barnet,1,0,4,4,1,1,1
2016,Accrington,Grimsby Town,1,1,4,4,2,0,0
2016,Cambridge United,Stevenage Borough,0,0,4,4,0,0,0
2016,Portsmouth,Newport County,2,1,4,4,3,1,1
2016,Luton Town,Blackpool,1,0,4,4,1,1,1
2016,Notts County,Colchester United,3,1,4,4,4,2,1
2016,Yeovil,Carlisle United,0,2,4,4,2,-2,0
2016,Blackpool,Grimsby Town,1,3,4,4,4,-2,0
2016,Wycombe Wanderers,Cheltenham,3,3,4,4,6,0,0
2016,Grimsby Town,Cambridge United,2,1,4,4,3,1,1
2016,Newport County,Yeovil,1,0,4,4,1,1,1
2016,Wycombe Wanderers,Mansfield Town,0,1,4,4,1,-1,0
2016,Cambridge United,Exeter City,1,0,4,4,1,1,1
2016,Doncaster Rovers,Blackpool,0,1,4,4,1,-1,0
2016,Yeovil,Crewe Alexandra,3,0,4,4,3,3,1
2016,Crawley Town,Carlisle United,3,3,4,4,6,0,0
2016,Grimsby Town,Yeovil,4,2,4,4,6,2,1
2016,Wycombe Wanderers,Doncaster Rovers,2,1,4,4,3,1,1
2016,Cambridge United,Crawley Town,2,0,4,4,2,2,1
2016,Doncaster Rovers,Exeter City,1,3,4,4,4,-2,0
2016,Crawley Town,Mansfield Town,2,2,4,4,4,0,0
2016,AFC Bournemouth,Burnley,2,1,1,1,3,1,1
2016,Tottenham Hotspur,Manchester United,2,1,1,1,3,1,1
1888,Accrington F.C.,Blackburn Rovers,0,2,1,1,2,-2,0
1888,Accrington F.C.,Preston North End,0,0,1,1,0,0,0
1888,Aston Villa,Stoke City,5,1,1,1,6,4,1
1888,Blackburn Rovers,Accrington F.C.,5,5,1,1,10,0,0
1888,Blackburn Rovers,Burnley,4,2,1,1,6,2,1
1888,Bolton Wanderers,Aston Villa,2,3,1,1,5,-1,0
1888,Bolton Wanderers,Derby County,3,6,1,1,9,-3,0
1888,Bolton Wanderers,Wolverhampton Wanderers,2,1,1,1,3,1,1
1888,Burnley,Stoke City,2,1,1,1,3,1,1
1888,Derby County,West Bromwich Albion,1,2,1,1,3,-1,0
1888,Everton,Aston Villa,2,0,1,1,2,2,1
1888,Everton,Burnley,3,2,1,1,5,1,1
1888,Everton,Wolverhampton Wanderers,1,2,1,1,3,-1,0
1888,Notts County,Derby County,3,5,1,1,8,-2,0
1888,Notts County,Stoke City,0,3,1,1,3,-3,0
1888,Preston North End,West Bromwich Albion,3,0,1,1,3,3,1
1888,Stoke City,Wolverhampton Wanderers,0,1,1,1,1,-1,0
1888,West Bromwich Albion,Derby County,5,0,1,1,5,5,1
1888,Wolverhampton Wanderers,Accrington F.C.,4,0,1,1,4,4,1
1888,Wolverhampton Wanderers,Everton,4,0,1,1,4,4,1
1888,Wolverhampton Wanderers,Stoke City,4,1,1,1,5,3,1
1889,Accrington F.C.,Blackburn Rovers,2,2,1,1,4,0,0
1889,Aston Villa,Bolton Wanderers,1,2,1,1,3,-1,0
1889,Aston Villa,Everton,1,2,1,1,3,-1,0
1889,Aston Villa,Stoke City,6,1,1,1,7,5,1
1889,Blackburn Rovers,Notts County,9,1,1,1,10,8,1
1889,Bolton Wanderers,Aston Villa,2,0,1,1,2,2,1
1889,Bolton Wanderers,Preston North End,2,6,1,1,8,-4,0
1889,Burnley,Stoke City,1,3,1,1,4,-2,0
1889,Derby County,West Bromwich Albion,3,1,1,1,4,2,1
1889,Everton,Preston North End,1,5,1,1,6,-4,0
1889,Notts County,Derby County,3,1,1,1,4,2,1
1889,Preston North End,Bolton Wanderers,3,1,1,1,4,2,1
1889,West Bromwich Albion,Derby County,2,3,1,1,5,-1,0
1890,Accrington F.C.,Blackburn Rovers,0,4,1,1,4,-4,0
1890,Accrington F.C.,Wolverhampton Wanderers,1,2,1,1,3,-1,0
1890,Aston Villa,Everton,2,2,1,1,4,0,0
1890,Aston Villa,Sunderland,0,0,1,1,0,0,0
1890,Blackburn Rovers,Burnley,5,2,1,1,7,3,1
1890,Blackburn Rovers,Notts County,1,7,1,1,8,-6,0
1890,Blackburn Rovers,West Bromwich Albion,2,1,1,1,3,1,1
1890,Bolton Wanderers,Derby County,3,1,1,1,4,2,1
1890,Burnley,Everton,3,2,1,1,5,1,1
1890,Burnley,Sunderland,3,3,1,1,6,0,0
1890,Derby County,West Bromwich Albion,3,1,1,1,4,2,1
1890,Everton,Burnley,7,3,1,1,10,4,1
1890,Everton,Preston North End,0,1,1,1,1,-1,0
1890,Everton,Wolverhampton Wanderers,5,0,1,1,5,5,1
1890,Preston North End,Accrington F.C.,1,1,1,1,2,0,0
1890,Preston North End,Bolton Wanderers,1,0,1,1,1,1,1
1890,Preston North End,Everton,2,0,1,1,2,2,1
1890,Preston North End,West Bromwich Albion,3,0,1,1,3,3,1
1890,Sunderland,Aston Villa,5,1,1,1,6,4,1
1890,Sunderland,Burnley,2,3,1,1,5,-1,0
1890,Sunderland,Notts County,4,0,1,1,4,4,1
1890,West Bromwich Albion,Blackburn Rovers,1,0,1,1,1,1,1
1890,West Bromwich Albion,Preston North End,1,3,1,1,4,-2,0
1890,Wolverhampton Wanderers,Sunderland,0,3,1,1,3,-3,0
1891,Accrington F.C.,Blackburn Rovers,1,0,1,1,1,1,1
1891,Accrington F.C.,Darwen,1,1,1,1,2,0,0
1891,Accrington F.C.,Sunderland,3,5,1,1,8,-2,0
1891,Aston Villa,Wolverhampton Wanderers,3,6,1,1,9,-3,0
1891,Blackburn Rovers,West Bromwich Albion,3,2,1,1,5,1,1
1891,Bolton Wanderers,Darwen,1,0,1,1,1,1,1
1891,Bolton Wanderers,Notts County,2,0,1,1,2,2,1
1891,Bolton Wanderers,Sunderland,4,3,1,1,7,1,1
1891,Burnley,Accrington F.C.,2,1,1,1,3,1,1
1891,Burnley,Bolton Wanderers,1,2,1,1,3,-1,0
1891,Burnley,Everton,1,0,1,1,1,1,1
1891,Burnley,Stoke City,4,1,1,1,5,3,1
1891,Darwen,West Bromwich Albion,1,1,1,1,2,0,0
1891,Derby County,Aston Villa,4,2,1,1,6,2,1
1891,Derby County,Sunderland,0,1,1,1,1,-1,0
1891,Everton,Derby County,1,2,1,1,3,-1,0
1891,Preston North End,Aston Villa,0,1,1,1,1,-1,0
1891,Preston North End,Burnley,5,1,1,1,6,4,1
1891,Preston North End,Everton,4,0,1,1,4,4,1
1891,Stoke City,Preston North End,0,1,1,1,1,-1,0
1891,Sunderland,Darwen,7,0,1,1,7,7,1
1891,Wolverhampton Wanderers,Accrington F.C.,5,0,1,1,5,5,1
1891,Wolverhampton Wanderers,Preston North End,3,0,1,1,3,3,1
1891,Wolverhampton Wanderers,West Bromwich Albion,2,1,1,1,3,1,1
1892,Accrington F.C.,Bolton Wanderers,1,1,1,1,2,0,0
1892,Accrington F.C.,Notts County,4,2,1,1,6,2,1
1892,Accrington F.C.,Stoke City,5,2,1,1,7,3,1
1892,Accrington F.C.,Wolverhampton Wanderers,4,0,1,1,4,4,1
1892,Aston Villa,Bolton Wanderers,1,1,1,1,2,0,0
1892,Aston Villa,Stoke City,3,2,1,1,5,1,1
1892,Blackburn Rovers,Bolton Wanderers,3,0,1,1,3,3,1
1892,Blackburn Rovers,Wolverhampton Wanderers,3,3,1,1,6,0,0
1892,Bolton Wanderers,Blackburn Rovers,2,1,1,1,3,1,1
1892,Bolton Wanderers,Notts County,4,1,1,1,5,3,1
1892,Bolton Wanderers,Stoke City,4,4,1,1,8,0,0
1892,Burnley,Blackburn Rovers,0,0,1,1,0,0,0
1892,Burnley,Everton,3,0,1,1,3,3,1
1892,Burnley,Notts County,3,0,1,1,3,3,1
1892,Burnley,Stoke City,3,2,1,1,5,1,1
1892,Burnley,Wolverhampton Wanderers,2,0,1,1,2,2,1
1892,Derby County,Everton,1,6,1,1,7,-5,0
1892,Derby County,Stoke City,1,0,1,1,1,1,1
1892,Everton,Blackburn Rovers,4,0,1,1,4,4,1
1892,Everton,Derby County,5,0,1,1,5,5,1
1892,Everton,Stoke City,2,2,1,1,4,0,0
1892,Everton,Wolverhampton Wanderers,3,2,1,1,5,1,1
1892,Manchester United,Blackburn Rovers,4,4,1,1,8,0,0
1892,Manchester United,Derby County,7,1,1,1,8,6,1
1892,Nottingham Forest,Blackburn Rovers,0,1,1,1,1,-1,0
1892,Nottingham Forest,Stoke City,3,4,1,1,7,-1,0
1892,Notts County,Blackburn Rovers,0,0,1,1,0,0,0
1892,Notts County,Nottingham Forest,3,0,1,1,3,3,1
1892,Notts County,Stoke City,0,1,1,1,1,-1,0
1892,Preston North End,Blackburn Rovers,2,1,1,1,3,1,1
1892,Preston North End,Stoke City,2,1,1,1,3,1,1
1892,Sheffield Wednesday,Derby County,3,3,1,1,6,0,0
1892,Sheffield Wednesday,Stoke City,0,1,1,1,1,-1,0
1892,Sheffield Wednesday,Wolverhampton Wanderers,0,1,1,1,1,-1,0
1892,Stoke City,Nottingham Forest,3,0,1,1,3,3,1
1892,Stoke City,Sheffield Wednesday,2,0,1,1,2,2,1
1892,Sunderland,Blackburn Rovers,5,0,1,1,5,5,1
1892,Sunderland,Derby County,3,1,1,1,4,2,1
1892,West Bromwich Albion,Wolverhampton Wanderers,2,1,1,1,3,1,1
1892,Wolverhampton Wanderers,Blackburn Rovers,4,2,1,1,6,2,1
1892,Wolverhampton Wanderers,Sheffield Wednesday,2,0,1,1,2,2,1
1892,Wolverhampton Wanderers,West Bromwich Albion,1,1,1,1,2,0,0
1892,Bootle,Birmingham City,1,4,2,2,5,-3,0
1892,Bootle,Darwen,5,1,2,2,6,4,1
1892,Burton Swifts,Bootle,2,1,2,2,3,1,1
1892,Crewe Alexandra,Burton Swifts,2,4,2,2,6,-2,0
1892,Crewe Alexandra,Lincoln City,4,1,2,2,5,3,1
1892,Crewe Alexandra,Port Vale,5,0,2,2,5,5,1
1892,Darwen,Crewe Alexandra,7,3,2,2,10,4,1
1892,Darwen,Manchester City,3,1,2,2,4,2,1
1892,Darwen,Sheffield United,3,1,2,2,4,2,1
1892,Grimsby Town,Bootle,3,0,2,2,3,3,1
1892,Grimsby Town,Walsall,3,0,2,2,3,3,1
1892,Lincoln City,Grimsby Town,1,3,2,2,4,-2,0
1892,Manchester City,Birmingham City,2,2,2,2,4,0,0
1892,Manchester City,Crewe Alexandra,3,1,2,2,4,2,1
1892,Northwich Victoria,Darwen,1,0,2,2,1,1,1
1892,Port Vale,Burton Swifts,1,0,2,2,1,1,1
1892,Port Vale,Grimsby Town,0,1,2,2,1,-1,0
1892,Port Vale,Northwich Victoria,4,0,2,2,4,4,1
1892,Sheffield United,Birmingham City,2,0,2,2,2,2,1
1892,Sheffield United,Crewe Alexandra,4,0,2,2,4,4,1
1892,Sheffield United,Port Vale,4,0,2,2,4,4,1
1892,Walsall,Bootle,4,4,2,2,8,0,0
1892,Walsall,Manchester City,2,4,2,2,6,-2,0
1892,Walsall,Sheffield United,1,1,2,2,2,0,0
1893,Aston Villa,Burnley,4,0,1,1,4,4,1
1893,Aston Villa,Everton,3,1,1,1,4,2,1
1893,Blackburn Rovers,Burnley,3,2,1,1,5,1,1
1893,Blackburn Rovers,Everton,4,3,1,1,7,1,1
1893,Bolton Wanderers,Burnley,2,0,1,1,2,2,1
1893,Bolton Wanderers,Preston North End,0,3,1,1,3,-3,0
1893,Bolton Wanderers,Stoke City,4,1,1,1,5,3,1
1893,Bolton Wanderers,Wolverhampton Wanderers,2,0,1,1,2,2,1
1893,Burnley,Wolverhampton Wanderers,4,2,1,1,6,2,1
1893,Darwen,Everton,3,3,1,1,6,0,0
1893,Darwen,Stoke City,3,1,1,1,4,2,1
1893,Darwen,Wolverhampton Wanderers,3,1,1,1,4,2,1
1893,Derby County,Bolton Wanderers,6,1,1,1,7,5,1
1893,Derby County,Everton,7,3,1,1,10,4,1
1893,Derby County,Preston North End,2,1,1,1,3,1,1
1893,Everton,Bolton Wanderers,3,2,1,1,5,1,1
1893,Everton,Preston North End,2,3,1,1,5,-1,0
1893,Everton,Wolverhampton Wanderers,3,0,1,1,3,3,1
1893,Manchester United,Derby County,2,6,1,1,8,-4,0
1893,Manchester United,Preston North End,1,3,1,1,4,-2,0
1893,Nottingham Forest,Derby County,4,2,1,1,6,2,1
1893,Nottingham Forest,Preston North End,4,2,1,1,6,2,1
1893,Nottingham Forest,Wolverhampton Wanderers,7,1,1,1,8,6,1
1893,Preston North End,Bolton Wanderers,1,0,1,1,1,1,1
1893,Sheffield United,Stoke City,3,3,1,1,6,0,0
1893,Sheffield Wednesday,Nottingham Forest,1,0,1,1,1,1,1
1893,Sheffield Wednesday,Stoke City,4,1,1,1,5,3,1
1893,Stoke City,Sheffield Wednesday,4,1,1,1,5,3,1
1893,Sunderland,Bolton Wanderers,2,1,1,1,3,1,1
1893,Sunderland,Derby County,5,0,1,1,5,5,1
1893,Sunderland,Sheffield Wednesday,1,1,1,1,2,0,0
1893,Sunderland,Wolverhampton Wanderers,6,0,1,1,6,6,1
1893,West Bromwich Albion,Bolton Wanderers,5,2,1,1,7,3,1
1893,West Bromwich Albion,Nottingham Forest,3,0,1,1,3,3,1
1893,West Bromwich Albion,Sheffield Wednesday,2,2,1,1,4,0,0
1893,West Bromwich Albion,Wolverhampton Wanderers,0,0,1,1,0,0,0
1893,Wolverhampton Wanderers,Bolton Wanderers,2,1,1,1,3,1,1
1893,Wolverhampton Wanderers,Nottingham Forest,3,1,1,1,4,2,1
1893,Wolverhampton Wanderers,Sheffield Wednesday,3,1,1,1,4,2,1
1893,Wolverhampton Wanderers,West Bromwich Albion,0,8,1,1,8,-8,0
1893,Arsenal,Liverpool,0,5,2,2,5,-5,0
1893,Burton Swifts,Lincoln City,1,3,2,2,4,-2,0
1893,Burton Swifts,Middlesbrough Ironopolis,7,0,2,2,7,7,1
1893,Burton Swifts,Walsall,8,5,2,2,13,3,1
1893,Crewe Alexandra,Newcastle United,1,1,2,2,2,0,0
1893,Crewe Alexandra,Port Vale,1,1,2,2,2,0,0
1893,Grimsby Town,Arsenal,3,1,2,2,4,2,1
1893,Grimsby Town,Crewe Alexandra,3,2,2,2,5,1,1
1893,Grimsby Town,Manchester City,5,0,2,2,5,5,1
1893,Grimsby Town,Rotherham Town,7,1,2,2,8,6,1
1893,Lincoln City,Grimsby Town,1,2,2,2,3,-1,0
1893,Lincoln City,Middlesbrough Ironopolis,2,3,2,2,5,-1,0
1893,Lincoln City,Walsall,0,2,2,2,2,-2,0
1893,Liverpool,Port Vale,2,1,2,2,3,1,1
1893,Manchester City,Arsenal,0,1,2,2,1,-1,0
1893,Manchester City,Liverpool,0,1,2,2,1,-1,0
1893,Manchester City,Northwich Victoria,4,2,2,2,6,2,1
1893,Manchester City,Rotherham Town,3,2,2,2,5,1,1
1893,Middlesbrough Ironopolis,Grimsby Town,2,6,2,2,8,-4,0
1893,Middlesbrough Ironopolis,Manchester City,2,0,2,2,2,2,1
1893,Newcastle United,Burton Swifts,4,1,2,2,5,3,1
1893,Newcastle United,Lincoln City,5,1,2,2,6,4,1
1893,Northwich Victoria,Crewe Alexandra,1,2,2,2,3,-1,0
1893,Northwich Victoria,Newcastle United,5,3,2,2,8,2,1
1893,Northwich Victoria,Rotherham Town,1,1,2,2,2,0,0
1893,Notts County,Birmingham City,3,1,2,2,4,2,1
1893,Notts County,Grimsby Town,3,0,2,2,3,3,1
1893,Notts County,Walsall,2,0,2,2,2,2,1
1893,Port Vale,Burton Swifts,3,1,2,2,4,2,1
1893,Port Vale,Lincoln City,5,3,2,2,8,2,1
1893,Rotherham Town,Crewe Alexandra,1,4,2,2,5,-3,0
1893,Rotherham Town,Newcastle United,2,1,2,2,3,1,1
1893,Rotherham Town,Port Vale,0,1,2,2,1,-1,0
1893,Walsall,Grimsby Town,5,0,2,2,5,5,1
1893,Walsall,Manchester City,5,2,2,2,7,3,1
1893,Walsall,Northwich Victoria,3,0,2,2,3,3,1
1893,Walsall,Rotherham Town,3,0,2,2,3,3,1
1894,Aston Villa,Everton,2,2,1,1,4,0,0
1894,Aston Villa,Wolverhampton Wanderers,2,2,1,1,4,0,0
1894,Birmingham City,Bolton Wanderers,2,0,1,1,2,2,1
1894,Birmingham City,Everton,4,4,1,1,8,0,0
1894,Birmingham City,Wolverhampton Wanderers,4,3,1,1,7,1,1
1894,Blackburn Rovers,Preston North End,1,1,1,1,2,0,0
1894,Blackburn Rovers,Wolverhampton Wanderers,5,1,1,1,6,4,1
1894,Bolton Wanderers,Everton,1,3,1,1,4,-2,0
1894,Bolton Wanderers,Preston North End,1,2,1,1,3,-1,0
1894,Bolton Wanderers,Stoke City,2,2,1,1,4,0,0
1894,Bolton Wanderers,Wolverhampton Wanderers,6,1,1,1,7,5,1
1894,Burnley,Wolverhampton Wanderers,2,1,1,1,3,1,1
1894,Derby County,Blackburn Rovers,0,0,1,1,0,0,0
1894,Derby County,Everton,2,2,1,1,4,0,0
1894,Derby County,Wolverhampton Wanderers,1,3,1,1,4,-2,0
1894,Everton,Blackburn Rovers,2,1,1,1,3,1,1
1894,Everton,Wolverhampton Wanderers,2,1,1,1,3,1,1
1894,Liverpool,Blackburn Rovers,2,2,1,1,4,0,0
1894,Liverpool,Preston North End,2,5,1,1,7,-3,0
1894,Liverpool,Wolverhampton Wanderers,3,3,1,1,6,0,0
1894,Nottingham Forest,Derby County,2,1,1,1,3,1,1
1894,Nottingham Forest,Preston North End,0,2,1,1,2,-2,0
1894,Nottingham Forest,Stoke City,3,1,1,1,4,2,1
1894,Nottingham Forest,Wolverhampton Wanderers,0,2,1,1,2,-2,0
1894,Preston North End,Derby County,3,2,1,1,5,1,1
1894,Preston North End,Nottingham Forest,3,1,1,1,4,2,1
1894,Preston North End,Stoke City,3,0,1,1,3,3,1
1894,Sheffield United,Nottingham Forest,3,2,1,1,5,1,1
1894,Sheffield Wednesday,Blackburn Rovers,4,1,1,1,5,3,1
1894,Sheffield Wednesday,Derby County,1,1,1,1,2,0,0
1894,Sheffield Wednesday,Nottingham Forest,0,0,1,1,0,0,0
1894,Sheffield Wednesday,Stoke City,2,4,1,1,6,-2,0
1894,Sheffield Wednesday,Wolverhampton Wanderers,3,1,1,1,4,2,1
1894,Stoke City,Blackburn Rovers,5,1,1,1,6,4,1
1894,Sunderland,Blackburn Rovers,3,2,1,1,5,1,1
1894,Sunderland,Nottingham Forest,2,2,1,1,4,0,0
1894,West Bromwich Albion,Sheffield Wednesday,6,0,1,1,6,6,1
1894,Wolverhampton Wanderers,Derby County,2,2,1,1,4,0,0
1894,Arsenal,Grimsby Town,1,3,2,2,4,-2,0
1894,Arsenal,Manchester City,4,2,2,2,6,2,1
1894,Arsenal,Walsall,6,1,2,2,7,5,1
1894,Burton Swifts,Grimsby Town,2,1,2,2,3,1,1
1894,Burton Swifts,Manchester City,2,1,2,2,3,1,1
1894,Burton Swifts,Walsall,1,2,2,2,3,-1,0
1894,Burton Wanderers,Manchester City,8,0,2,2,8,8,1
1894,Burton Wanderers,Notts County,1,0,2,2,1,1,1
1894,Burton Wanderers,Walsall,7,0,2,2,7,7,1
1894,Bury,Burton Wanderers,4,0,2,2,4,4,1
1894,Bury,Manchester City,4,2,2,2,6,2,1
1894,Crewe Alexandra,Burton Wanderers,1,2,2,2,3,-1,0
1894,Crewe Alexandra,Manchester City,2,3,2,2,5,-1,0
1894,Crewe Alexandra,Notts County,0,3,2,2,3,-3,0
1894,Crewe Alexandra,Walsall,2,3,2,2,5,-1,0
1894,Darwen,Burton Wanderers,2,0,2,2,2,2,1
1894,Leicester City,Darwen,2,1,2,2,3,1,1
1894,Leicester City,Manchester City,3,1,2,2,4,2,1
1894,Leicester City,Walsall,9,1,2,2,10,8,1
1894,Lincoln City,Darwen,0,2,2,2,2,-2,0
1894,Lincoln City,Manchester City,0,2,2,2,2,-2,0
1894,Manchester City,Lincoln City,11,3,2,2,14,8,1
1894,Manchester City,Notts County,7,1,2,2,8,6,1
1894,Manchester City,Walsall,6,1,2,2,7,5,1
1894,Manchester United,Walsall,9,0,2,2,9,9,1
1894,Newcastle United,Lincoln City,4,2,2,2,6,2,1
1894,Newcastle United,Walsall,7,2,2,2,9,5,1
1894,Notts County,Darwen,2,1,2,2,3,1,1
1894,Notts County,Lincoln City,3,0,2,2,3,3,1
1894,Port Vale,Darwen,0,3,2,2,3,-3,0
1894,Port Vale,Lincoln City,7,1,2,2,8,6,1
1894,Port Vale,Newcastle United,4,4,2,2,8,0,0
1894,Rotherham Town,Burton Wanderers,1,3,2,2,4,-2,0
1894,Rotherham Town,Lincoln City,5,2,2,2,7,3,1
1894,Rotherham Town,Walsall,6,1,2,2,7,5,1
1894,Walsall,Burton Wanderers,3,1,2,2,4,2,1
1894,Walsall,Darwen,5,1,2,2,6,4,1
1894,Walsall,Lincoln City,1,2,2,2,3,-1,0
1894,Walsall,Newcastle United,2,3,2,2,5,-1,0
1895,Birmingham City,Bolton Wanderers,1,2,1,1,3,-1,0
1895,Birmingham City,Derby County,1,3,1,1,4,-2,0
1895,Birmingham City,Preston North End,5,2,1,1,7,3,1
1895,Birmingham City,Stoke City,1,2,1,1,3,-1,0
1895,Birmingham City,Wolverhampton Wanderers,3,2,1,1,5,1,1
1895,Blackburn Rovers,Wolverhampton Wanderers,3,1,1,1,4,2,1
1895,Burnley,Blackburn Rovers,6,0,1,1,6,6,1
1895,Burnley,Preston North End,1,0,1,1,1,1,1
1895,Burnley,Stoke City,2,0,1,1,2,2,1
1895,Burnley,Wolverhampton Wanderers,3,1,1,1,4,2,1
1895,Bury,Blackburn Rovers,2,0,1,1,2,2,1
1895,Bury,Wolverhampton Wanderers,3,0,1,1,3,3,1
1895,Derby County,Blackburn Rovers,0,0,1,1,0,0,0
1895,Derby County,Preston North End,1,0,1,1,1,1,1
1895,Derby County,Stoke City,2,1,1,1,3,1,1
1895,Derby County,Wolverhampton Wanderers,5,2,1,1,7,3,1
1895,Everton,Bury,3,2,1,1,5,1,1
1895,Everton,Preston North End,3,2,1,1,5,1,1
1895,Everton,Wolverhampton Wanderers,2,0,1,1,2,2,1
1895,Nottingham Forest,Bury,5,0,1,1,5,5,1
1895,Nottingham Forest,Preston North End,0,1,1,1,1,-1,0
1895,Nottingham Forest,Stoke City,4,0,1,1,4,4,1
1895,Nottingham Forest,Wolverhampton Wanderers,3,2,1,1,5,1,1
1895,Preston North End,Blackburn Rovers,1,1,1,1,2,0,0
1895,Preston North End,Nottingham Forest,6,0,1,1,6,6,1
1895,Preston North End,Stoke City,0,1,1,1,1,-1,0
1895,Sheffield United,Blackburn Rovers,1,1,1,1,2,0,0
1895,Sheffield United,Bury,8,0,1,1,8,8,1
1895,Sheffield United,Wolverhampton Wanderers,2,1,1,1,3,1,1
1895,Sheffield Wednesday,Bury,1,3,1,1,4,-2,0
1895,Sheffield Wednesday,Stoke City,2,1,1,1,3,1,1
1895,Sheffield Wednesday,Wolverhampton Wanderers,3,1,1,1,4,2,1
1895,Stoke City,Wolverhampton Wanderers,4,1,1,1,5,3,1
1895,Sunderland,Sheffield Wednesday,2,1,1,1,3,1,1
1895,Sunderland,Wolverhampton Wanderers,2,2,1,1,4,0,0
1895,West Bromwich Albion,Blackburn Rovers,3,2,1,1,5,1,1
1895,Wolverhampton Wanderers,Bury,1,0,1,1,1,1,1
1895,Wolverhampton Wanderers,West Bromwich Albion,1,2,1,1,3,-1,0
1895,Arsenal,Loughborough,5,0,2,2,5,5,1
1895,Arsenal,Newcastle United,2,1,2,2,3,1,1
1895,Arsenal,Rotherham Town,5,0,2,2,5,5,1
1895,Burton Swifts,Crewe Alexandra,1,1,2,2,2,0,0
1895,Burton Swifts,Rotherham Town,2,0,2,2,2,2,1
1895,Burton Wanderers,Rotherham Town,6,1,2,2,7,5,1
1895,Crewe Alexandra,Loughborough,1,2,2,2,3,-1,0
1895,Crewe Alexandra,Newcastle United,3,0,2,2,3,3,1
1895,Darwen,Burton Wanderers,3,0,2,2,3,3,1
1895,Darwen,Leicester City,4,1,2,2,5,3,1
1895,Darwen,Newcastle United,4,4,2,2,8,0,0
1895,Darwen,Rotherham Town,10,2,2,2,12,8,1
1895,Grimsby Town,Leicester City,7,1,2,2,8,6,1
1895,Grimsby Town,Newcastle United,2,1,2,2,3,1,1
1895,Leicester City,Loughborough,5,0,2,2,5,5,1
1895,Lincoln City,Burton Wanderers,1,2,2,2,3,-1,0
1895,Lincoln City,Grimsby Town,2,5,2,2,7,-3,0
1895,Lincoln City,Loughborough,4,1,2,2,5,3,1
1895,Lincoln City,Rotherham Town,5,0,2,2,5,5,1
1895,Liverpool,Grimsby Town,3,1,2,2,4,2,1
1895,Loughborough,Burton Wanderers,1,1,2,2,2,0,0
1895,Loughborough,Newcastle United,1,0,2,2,1,1,1
1895,Loughborough,Rotherham Town,3,0,2,2,3,3,1
1895,Manchester City,Liverpool,1,1,2,2,2,0,0
1895,Manchester City,Newcastle United,5,2,2,2,7,3,1
1895,Manchester United,Rotherham Town,3,0,2,2,3,3,1
1895,Newcastle United,Liverpool,1,0,2,2,1,1,1
1895,Newcastle United,Manchester United,2,1,2,2,3,1,1
1895,Newcastle United,Rotherham Town,6,1,2,2,7,5,1
1895,Notts County,Grimsby Town,5,3,2,2,8,2,1
1895,Notts County,Liverpool,2,3,2,2,5,-1,0
1895,Notts County,Manchester United,0,2,2,2,2,-2,0
1895,Port Vale,Liverpool,5,4,2,2,9,1,1
1895,Rotherham Town,Manchester United,2,3,2,2,5,-1,0
1896,Aston Villa,Burnley,0,3,1,1,3,-3,0
1896,Blackburn Rovers,Everton,4,2,1,1,6,2,1
1896,Bolton Wanderers,Preston North End,3,1,1,1,4,2,1
1896,Bolton Wanderers,Stoke City,4,0,1,1,4,4,1
1896,Bolton Wanderers,Wolverhampton Wanderers,1,2,1,1,3,-1,0
1896,Burnley,Preston North End,2,2,1,1,4,0,0
1896,Derby County,Bolton Wanderers,1,0,1,1,1,1,1
1896,Derby County,Everton,0,1,1,1,1,-1,0
1896,Derby County,Preston North End,2,2,1,1,4,0,0
1896,Derby County,Wolverhampton Wanderers,4,3,1,1,7,1,1
1896,Everton,Bolton Wanderers,2,3,1,1,5,-1,0
1896,Everton,Preston North End,3,4,1,1,7,-1,0
1896,Everton,Stoke City,4,2,1,1,6,2,1
1896,Liverpool,Bolton Wanderers,0,2,1,1,2,-2,0
1896,Liverpool,Preston North End,0,0,1,1,0,0,0
1896,Liverpool,Stoke City,1,0,1,1,1,1,1
1896,Liverpool,Wolverhampton Wanderers,3,0,1,1,3,3,1
1896,Nottingham Forest,Bolton Wanderers,2,0,1,1,2,2,1
1896,Nottingham Forest,Derby County,1,2,1,1,3,-1,0
1896,Nottingham Forest,Stoke City,4,0,1,1,4,4,1
1896,Nottingham Forest,Wolverhampton Wanderers,1,2,1,1,3,-1,0
1896,Preston North End,Stoke City,3,0,1,1,3,3,1
1896,Preston North End,Wolverhampton Wanderers,4,0,1,1,4,4,1
1896,Sheffield Wednesday,Bolton Wanderers,0,0,1,1,0,0,0
1896,Sheffield Wednesday,Stoke City,4,3,1,1,7,1,1
1896,Sheffield Wednesday,Wolverhampton Wanderers,0,0,1,1,0,0,0
1896,Stoke City,Nottingham Forest,3,0,1,1,3,3,1
1896,Stoke City,Wolverhampton Wanderers,2,1,1,1,3,1,1
1896,Sunderland,Bolton Wanderers,1,1,1,1,2,0,0
1896,Sunderland,Sheffield Wednesday,0,0,1,1,0,0,0
1896,Sunderland,Wolverhampton Wanderers,0,3,1,1,3,-3,0
1896,West Bromwich Albion,Bolton Wanderers,1,0,1,1,1,1,1
1896,West Bromwich Albion,Derby County,1,4,1,1,5,-3,0
1896,West Bromwich Albion,Nottingham Forest,4,0,1,1,4,4,1
1896,West Bromwich Albion,Sheffield Wednesday,0,2,1,1,2,-2,0
1896,Wolverhampton Wanderers,Bolton Wanderers,4,0,1,1,4,4,1
1896,Wolverhampton Wanderers,Nottingham Forest,4,1,1,1,5,3,1
1896,Wolverhampton Wanderers,Sheffield Wednesday,2,0,1,1,2,2,1
1896,Wolverhampton Wanderers,West Bromwich Albion,6,1,1,1,7,5,1
1896,Birmingham City,Gainsborough Trinity,2,2,2,2,4,0,0
1896,Birmingham City,Walsall,3,3,2,2,6,0,0
1896,Blackpool,Burton Swifts,3,0,2,2,3,3,1
1896,Blackpool,Walsall,3,2,2,2,5,1,1
1896,Burton Swifts,Manchester United,3,5,2,2,8,-2,0
1896,Burton Swifts,Walsall,1,3,2,2,4,-2,0
1896,Burton Wanderers,Walsall,1,0,2,2,1,1,1
1896,Darwen,Blackpool,2,3,2,2,5,-1,0
1896,Darwen,Gainsborough Trinity,3,2,2,2,5,1,1
1896,Darwen,Lincoln City,4,1,2,2,5,3,1
1896,Darwen,Manchester United,0,2,2,2,2,-2,0
1896,Gainsborough Trinity,Darwen,2,4,2,2,6,-2,0
1896,Gainsborough Trinity,Lincoln City,7,0,2,2,7,7,1
1896,Gainsborough Trinity,Manchester United,2,0,2,2,2,2,1
1896,Grimsby Town,Darwen,4,2,2,2,6,2,1
1896,Grimsby Town,Lincoln City,3,1,2,2,4,2,1
1896,Grimsby Town,Manchester United,2,0,2,2,2,2,1
1896,Grimsby Town,Walsall,0,1,2,2,1,-1,0
1896,Leicester City,Blackpool,2,1,2,2,3,1,1
1896,Leicester City,Lincoln City,4,1,2,2,5,3,1
1896,Lincoln City,Darwen,1,0,2,2,1,1,1
1896,Lincoln City,Leicester City,2,1,2,2,3,1,1
1896,Lincoln City,Manchester United,1,3,2,2,4,-2,0
1896,Loughborough,Darwen,4,2,2,2,6,2,1
1896,Loughborough,Leicester City,0,2,2,2,2,-2,0
1896,Manchester City,Manchester United,0,0,2,2,0,0,0
1896,Manchester City,Walsall,5,0,2,2,5,5,1
1896,Manchester United,Darwen,3,1,2,2,4,2,1
1896,Manchester United,Leicester City,2,1,2,2,3,1,1
1896,Manchester United,Manchester City,2,1,2,2,3,1,1
1896,Manchester United,Walsall,2,0,2,2,2,2,1
1896,Newcastle United,Blackpool,4,1,2,2,5,3,1
1896,Newcastle United,Leicester City,3,1,2,2,4,2,1
1896,Newcastle United,Manchester City,3,0,2,2,3,3,1
1896,Notts County,Darwen,4,0,2,2,4,4,1
1896,Notts County,Manchester City,3,3,2,2,6,0,0
1896,Notts County,Walsall,5,2,2,2,7,3,1
1896,Walsall,Darwen,4,0,2,2,4,4,1
1897,Aston Villa,Preston North End,4,0,1,1,4,4,1
1897,Aston Villa,Stoke City,1,1,1,1,2,0,0
1897,Aston Villa,Wolverhampton Wanderers,1,2,1,1,3,-1,0
1897,Blackburn Rovers,Liverpool,2,1,1,1,3,1,1
1897,Bolton Wanderers,Liverpool,0,2,1,1,2,-2,0
1897,Bolton Wanderers,Preston North End,1,0,1,1,1,1,1
1897,Bolton Wanderers,Wolverhampton Wanderers,2,1,1,1,3,1,1
1897,Derby County,Bolton Wanderers,1,0,1,1,1,1,1
1897,Derby County,Liverpool,3,1,1,1,4,2,1
1897,Derby County,Preston North End,3,1,1,1,4,2,1
1897,Derby County,Stoke City,4,1,1,1,5,3,1
1897,Derby County,Wolverhampton Wanderers,3,2,1,1,5,1,1
1897,Everton,Bolton Wanderers,2,1,1,1,3,1,1
1897,Liverpool,Bolton Wanderers,1,1,1,1,2,0,0
1897,Liverpool,Everton,3,1,1,1,4,2,1
1897,Liverpool,Stoke City,4,0,1,1,4,4,1
1897,Liverpool,Wolverhampton Wanderers,1,0,1,1,1,1,1
1897,Nottingham Forest,Bolton Wanderers,2,0,1,1,2,2,1
1897,Nottingham Forest,Preston North End,4,1,1,1,5,3,1
1897,Nottingham Forest,Stoke City,3,1,1,1,4,2,1
1897,Notts County,Preston North End,1,1,1,1,2,0,0
1897,Preston North End,Bolton Wanderers,0,0,1,1,0,0,0
1897,Preston North End,Wolverhampton Wanderers,1,2,1,1,3,-1,0
1897,Sheffield United,Bolton Wanderers,4,0,1,1,4,4,1
1897,Sheffield Wednesday,Bolton Wanderers,3,0,1,1,3,3,1
1897,Sunderland,Bolton Wanderers,2,0,1,1,2,2,1
1897,Sunderland,Everton,0,0,1,1,0,0,0
1897,Sunderland,Notts County,2,0,1,1,2,2,1
1897,Sunderland,Wolverhampton Wanderers,3,2,1,1,5,1,1
1897,West Bromwich Albion,Bolton Wanderers,2,0,1,1,2,2,1
1897,West Bromwich Albion,Notts County,0,3,1,1,3,-3,0
1897,West Bromwich Albion,Wolverhampton Wanderers,2,2,1,1,4,0,0
1897,Wolverhampton Wanderers,Bolton Wanderers,2,0,1,1,2,2,1
1897,Arsenal,Burnley,1,1,2,2,2,0,0
1897,Arsenal,Gainsborough Trinity,4,0,2,2,4,4,1
1897,Arsenal,Manchester City,2,2,2,2,4,0,0
1897,Arsenal,Walsall,4,0,2,2,4,4,1
1897,Birmingham City,Burnley,2,2,2,2,4,0,0
1897,Birmingham City,Gainsborough Trinity,4,3,2,2,7,1,1
1897,Blackpool,Burnley,1,1,2,2,2,0,0
1897,Blackpool,Gainsborough Trinity,5,0,2,2,5,5,1
1897,Burnley,Blackpool,5,1,2,2,6,4,1
1897,Burnley,Gainsborough Trinity,1,1,2,2,2,0,0
1897,Burnley,Lincoln City,2,1,2,2,3,1,1
1897,Burnley,Walsall,4,1,2,2,5,3,1
1897,Burton Swifts,Walsall,3,2,2,2,5,1,1
1897,Darwen,Blackpool,3,1,2,2,4,2,1
1897,Darwen,Lincoln City,3,2,2,2,5,1,1
1897,Darwen,Manchester City,2,4,2,2,6,-2,0
1897,Gainsborough Trinity,Darwen,3,1,2,2,4,2,1
1897,Gainsborough Trinity,Manchester City,1,0,2,2,1,1,1
1897,Leicester City,Blackpool,4,1,2,2,5,3,1
1897,Leicester City,Darwen,0,1,2,2,1,-1,0
1897,Leicester City,Lincoln City,3,1,2,2,4,2,1
1897,Leicester City,Manchester City,0,0,2,2,0,0,0
1897,Lincoln City,Darwen,2,2,2,2,4,0,0
1897,Lincoln City,Manchester City,2,1,2,2,3,1,1
1897,Loughborough,Blackpool,0,2,2,2,2,-2,0
1897,Loughborough,Darwen,0,1,2,2,1,-1,0
1897,Loughborough,Manchester City,0,3,2,2,3,-3,0
1897,Luton Town,Blackpool,3,1,2,2,4,2,1
1897,Luton Town,Darwen,3,0,2,2,3,3,1
1897,Luton Town,Leicester City,0,1,2,2,1,-1,0
1897,Luton Town,Manchester City,3,0,2,2,3,3,1
1897,Manchester City,Blackpool,3,3,2,2,6,0,0
1897,Manchester City,Walsall,3,2,2,2,5,1,1
1897,Manchester United,Blackpool,4,0,2,2,4,4,1
1897,Manchester United,Darwen,3,2,2,2,5,1,1
1897,Manchester United,Leicester City,2,0,2,2,2,2,1
1897,Manchester United,Walsall,6,0,2,2,6,6,1
1897,Newcastle United,Darwen,1,0,2,2,1,1,1
1897,Walsall,Blackpool,6,0,2,2,6,6,1
1897,Walsall,Leicester City,2,1,2,2,3,1,1
1897,Walsall,Luton Town,5,0,2,2,5,5,1
1898,Blackburn Rovers,Bury,0,0,1,1,0,0,0
1898,Blackburn Rovers,Notts County,6,0,1,1,6,6,1
1898,Blackburn Rovers,West Bromwich Albion,4,1,1,1,5,3,1
1898,Bolton Wanderers,Blackburn Rovers,0,2,1,1,2,-2,0
1898,Bolton Wanderers,Derby County,2,1,1,1,3,1,1
1898,Bolton Wanderers,Newcastle United,0,0,1,1,0,0,0
1898,Bolton Wanderers,Preston North End,2,2,1,1,4,0,0
1898,Bolton Wanderers,Stoke City,0,2,1,1,2,-2,0
1898,Bolton Wanderers,Wolverhampton Wanderers,2,1,1,1,3,1,1
1898,Burnley,Everton,0,0,1,1,0,0,0
1898,Burnley,Nottingham Forest,1,1,1,1,2,0,0
1898,Burnley,Sheffield United,1,0,1,1,1,1,1
1898,Bury,Aston Villa,2,1,1,1,3,1,1
1898,Bury,Burnley,1,1,1,1,2,0,0
1898,Bury,Notts County,2,0,1,1,2,2,1
1898,Bury,Sheffield Wednesday,0,0,1,1,0,0,0
1898,Bury,West Bromwich Albion,1,1,1,1,2,0,0
1898,Everton,Derby County,1,2,1,1,3,-1,0
1898,Everton,Sheffield United,1,0,1,1,1,1,1
1898,Everton,Sunderland,0,0,1,1,0,0,0
1898,Liverpool,Aston Villa,0,3,1,1,3,-3,0
1898,Liverpool,Burnley,2,0,1,1,2,2,1
1898,Liverpool,Sheffield Wednesday,4,0,1,1,4,4,1
1898,Newcastle United,Blackburn Rovers,1,0,1,1,1,1,1
1898,Nottingham Forest,Sheffield United,2,1,1,1,3,1,1
1898,Nottingham Forest,Sunderland,1,1,1,1,2,0,0
1898,Notts County,Aston Villa,1,0,1,1,1,1,1
1898,Notts County,Everton,0,1,1,1,1,-1,0
1898,Notts County,Nottingham Forest,2,2,1,1,4,0,0
1898,Notts County,Sheffield Wednesday,1,0,1,1,1,1,1
1898,Notts County,West Bromwich Albion,0,0,1,1,0,0,0
1898,Preston North End,Blackburn Rovers,1,1,1,1,2,0,0
1898,Preston North End,Bury,3,1,1,1,4,2,1
1898,Preston North End,Notts County,2,0,1,1,2,2,1
1898,Sheffield United,Bolton Wanderers,3,1,1,1,4,2,1
1898,Sheffield United,Preston North End,1,1,1,1,2,0,0
1898,Sheffield Wednesday,Aston Villa,4,1,1,1,5,3,1
1898,Sheffield Wednesday,Sheffield United,1,1,1,1,2,0,0
1898,Sheffield Wednesday,West Bromwich Albion,1,2,1,1,3,-1,0
1898,Stoke City,Blackburn Rovers,0,1,1,1,1,-1,0
1898,Stoke City,Bury,1,1,1,1,2,0,0
1898,Stoke City,Liverpool,2,1,1,1,3,1,1
1898,Stoke City,Sheffield Wednesday,1,0,1,1,1,1,1
1898,Sunderland,Bolton Wanderers,0,0,1,1,0,0,0
1898,Sunderland,Newcastle United,2,3,1,1,5,-1,0
1898,Sunderland,Preston North End,1,0,1,1,1,1,1
1898,West Bromwich Albion,Aston Villa,0,1,1,1,1,-1,0
1898,West Bromwich Albion,Everton,3,0,1,1,3,3,1
1898,West Bromwich Albion,Sheffield United,3,0,1,1,3,3,1
1898,West Bromwich Albion,Sunderland,1,0,1,1,1,1,1
1898,Wolverhampton Wanderers,Bury,1,2,1,1,3,-1,0
1898,Wolverhampton Wanderers,Liverpool,0,0,1,1,0,0,0
1898,Wolverhampton Wanderers,Notts County,1,0,1,1,1,1,1
1898,Wolverhampton Wanderers,Sheffield Wednesday,0,0,1,1,0,0,0
1898,Wolverhampton Wanderers,West Bromwich Albion,5,1,1,1,6,4,1
1898,Arsenal,Blackpool,6,0,2,2,6,6,1
1898,Arsenal,Leicester City,4,0,2,2,4,4,1
1898,Barnsley,Glossop North End,1,1,2,2,2,0,0
1898,Birmingham City,Darwen,8,0,2,2,8,8,1
1898,Birmingham City,Grimsby Town,2,1,2,2,3,1,1
1898,Birmingham City,Manchester United,4,1,2,2,5,3,1
1898,Blackpool,New Brighton Tower,1,2,2,2,3,-1,0
1898,Burton Swifts,Blackpool,3,1,2,2,4,2,1
1898,Burton Swifts,Manchester City,3,3,2,2,6,0,0
1898,Darwen,Loughborough,0,1,2,2,1,-1,0
1898,Gainsborough Trinity,Darwen,2,2,2,2,4,0,0
1898,Gainsborough Trinity,New Brighton Tower,3,1,2,2,4,2,1
1898,Glossop North End,Blackpool,4,1,2,2,5,3,1
1898,Glossop North End,Gainsborough Trinity,5,1,2,2,6,4,1
1898,Glossop North End,Lincoln City,2,0,2,2,2,2,1
1898,Glossop North End,Port Vale,0,0,2,2,0,0,0
1898,Grimsby Town,Loughborough,5,0,2,2,5,5,1
1898,Grimsby Town,Manchester United,3,0,2,2,3,3,1
1898,Leicester City,Grimsby Town,2,0,2,2,2,2,1
1898,Lincoln City,Blackpool,0,0,2,2,0,0,0
1898,Lincoln City,Gainsborough Trinity,1,0,2,2,1,1,1
1898,Lincoln City,Leicester City,3,1,2,2,4,2,1
1898,Loughborough,Manchester United,0,1,2,2,1,-1,0
1898,Luton Town,Birmingham City,2,3,2,2,5,-1,0
1898,Manchester City,Blackpool,4,1,2,2,5,3,1
1898,Manchester City,Leicester City,3,1,2,2,4,2,1
1898,Manchester United,Barnsley,0,0,2,2,0,0,0
1898,Manchester United,Glossop North End,3,0,2,2,3,3,1
1898,Manchester United,Lincoln City,1,0,2,2,1,1,1
1898,Manchester United,Walsall,1,0,2,2,1,1,1
1898,New Brighton Tower,Birmingham City,4,0,2,2,4,4,1
1898,New Brighton Tower,Darwen,7,0,2,2,7,7,1
1898,Port Vale,Arsenal,3,0,2,2,3,3,1
1898,Port Vale,Blackpool,6,1,2,2,7,5,1
1898,Port Vale,New Brighton Tower,0,0,2,2,0,0,0
1898,Walsall,Barnsley,1,1,2,2,2,0,0
1898,Walsall,Port Vale,1,1,2,2,2,0,0
1899,Aston Villa,Bury,2,1,1,1,3,1,1
1899,Aston Villa,Glossop North End,9,0,1,1,9,9,1
1899,Aston Villa,Newcastle United,2,1,1,1,3,1,1
1899,Blackburn Rovers,Liverpool,2,0,1,1,2,2,1
1899,Burnley,Stoke City,2,2,1,1,4,0,0
1899,Bury,Burnley,1,1,1,1,2,0,0
1899,Bury,Glossop North End,2,1,1,1,3,1,1
1899,Derby County,Aston Villa,2,0,1,1,2,2,1
1899,Derby County,Bury,3,0,1,1,3,3,1
1899,Derby County,Liverpool,3,2,1,1,5,1,1
1899,Derby County,Nottingham Forest,2,2,1,1,4,0,0
1899,Derby County,West Bromwich Albion,4,1,1,1,5,3,1
1899,Everton,Derby County,3,0,1,1,3,3,1
1899,Everton,Manchester City,4,0,1,1,4,4,1
1899,Everton,Notts County,0,2,1,1,2,-2,0
1899,Glossop North End,Burnley,2,0,1,1,2,2,1
1899,Glossop North End,Everton,1,1,1,1,2,0,0
1899,Glossop North End,Newcastle United,0,0,1,1,0,0,0
1899,Glossop North End,Preston North End,0,2,1,1,2,-2,0
1899,Liverpool,Bury,2,0,1,1,2,2,1
1899,Liverpool,Sheffield United,2,2,1,1,4,0,0
1899,Liverpool,West Bromwich Albion,2,0,1,1,2,2,1
1899,Manchester City,Blackburn Rovers,1,1,1,1,2,0,0
1899,Manchester City,Liverpool,0,1,1,1,1,-1,0
1899,Newcastle United,Burnley,2,0,1,1,2,2,1
1899,Newcastle United,Everton,2,0,1,1,2,2,1
1899,Newcastle United,Manchester City,0,0,1,1,0,0,0
1899,Newcastle United,Sunderland,2,4,1,1,6,-2,0
1899,Nottingham Forest,Aston Villa,1,1,1,1,2,0,0
1899,Nottingham Forest,Bury,2,2,1,1,4,0,0
1899,Nottingham Forest,West Bromwich Albion,6,1,1,1,7,5,1
1899,Notts County,Derby County,0,0,1,1,0,0,0
1899,Notts County,Liverpool,2,1,1,1,3,1,1
1899,Notts County,Nottingham Forest,1,2,1,1,3,-1,0
1899,Notts County,Wolverhampton Wanderers,0,0,1,1,0,0,0
1899,Preston North End,Burnley,1,1,1,1,2,0,0
1899,Preston North End,Everton,1,1,1,1,2,0,0
1899,Preston North End,Sunderland,0,1,1,1,1,-1,0
1899,Sheffield United,Aston Villa,2,1,1,1,3,1,1
1899,Sheffield United,Bury,4,0,1,1,4,4,1
1899,Sheffield United,West Bromwich Albion,1,1,1,1,2,0,0
1899,Stoke City,Blackburn Rovers,2,0,1,1,2,2,1
1899,Stoke City,Liverpool,3,2,1,1,5,1,1
1899,Stoke City,Nottingham Forest,0,0,1,1,0,0,0
1899,Stoke City,Wolverhampton Wanderers,1,3,1,1,4,-2,0
1899,Sunderland,Everton,1,0,1,1,1,1,1
1899,Sunderland,Stoke City,3,0,1,1,3,3,1
1899,West Bromwich Albion,Newcastle United,1,1,1,1,2,0,0
1899,West Bromwich Albion,Sunderland,1,0,1,1,1,1,1
1899,Wolverhampton Wanderers,Derby County,3,0,1,1,3,3,1
1899,Wolverhampton Wanderers,Liverpool,0,1,1,1,1,-1,0
1899,Wolverhampton Wanderers,Sheffield United,1,2,1,1,3,-1,0
1899,Wolverhampton Wanderers,West Bromwich Albion,2,0,1,1,2,2,1
1899,Arsenal,Lincoln City,2,1,2,2,3,1,1
1899,Barnsley,Grimsby Town,0,1,2,2,1,-1,0
1899,Barnsley,Middlesbrough,5,2,2,2,7,3,1
1899,Birmingham City,Luton Town,3,0,2,2,3,3,1
1899,Birmingham City,New Brighton Tower,2,0,2,2,2,2,1
1899,Bolton Wanderers,Lincoln City,4,0,2,2,4,4,1
1899,Bolton Wanderers,Manchester United,2,1,2,2,3,1,1
1899,Burton Swifts,Arsenal,2,0,2,2,2,2,1
1899,Burton Swifts,Bolton Wanderers,2,5,2,2,7,-3,0
1899,Burton Swifts,Sheffield Wednesday,0,5,2,2,5,-5,0
1899,Chesterfield,New Brighton Tower,5,2,2,2,7,3,1
1899,Gainsborough Trinity,Birmingham City,1,4,2,2,5,-3,0
1899,Grimsby Town,Arsenal,1,0,2,2,1,1,1
1899,Grimsby Town,Bolton Wanderers,0,0,2,2,0,0,0
1899,Grimsby Town,Loughborough,3,0,2,2,3,3,1
1899,Grimsby Town,Middlesbrough,2,0,2,2,2,2,1
1899,Leicester City,Burton Swifts,1,0,2,2,1,1,1
1899,Leicester City,Grimsby Town,3,0,2,2,3,3,1
1899,Leicester City,Luton Town,2,2,2,2,4,0,0
1899,Leicester City,New Brighton Tower,1,2,2,2,3,-1,0
1899,Lincoln City,Leicester City,2,0,2,2,2,2,1
1899,Lincoln City,Port Vale,1,1,2,2,2,0,0
1899,Loughborough,Arsenal,2,3,2,2,5,-1,0
1899,Loughborough,Bolton Wanderers,2,3,2,2,5,-1,0
1899,Luton Town,Burton Swifts,5,2,2,2,7,3,1
1899,Luton Town,Grimsby Town,0,4,2,2,4,-4,0
1899,Luton Town,Loughborough,4,0,2,2,4,4,1
1899,Luton Town,New Brighton Tower,1,4,2,2,5,-3,0
1899,Manchester United,Birmingham City,3,2,2,2,5,1,1
1899,Manchester United,Leicester City,3,2,2,2,5,1,1
1899,Manchester United,Luton Town,5,0,2,2,5,5,1
1899,Middlesbrough,Arsenal,1,0,2,2,1,1,1
1899,Middlesbrough,Bolton Wanderers,0,3,2,2,3,-3,0
1899,Middlesbrough,Gainsborough Trinity,0,0,2,2,0,0,0
1899,Middlesbrough,Lincoln City,1,1,2,2,2,0,0
1899,Middlesbrough,Sheffield Wednesday,1,2,2,2,3,-1,0
1899,New Brighton Tower,Burton Swifts,5,0,2,2,5,5,1
1899,New Brighton Tower,Grimsby Town,2,1,2,2,3,1,1
1899,New Brighton Tower,Middlesbrough,1,1,2,2,2,0,0
1899,Port Vale,Birmingham City,3,0,2,2,3,3,1
1899,Port Vale,Leicester City,0,2,2,2,2,-2,0
1899,Port Vale,Luton Town,1,0,2,2,1,1,1
1899,Port Vale,New Brighton Tower,1,1,2,2,2,0,0
1899,Sheffield Wednesday,Arsenal,3,1,2,2,4,2,1
1899,Sheffield Wednesday,Bolton Wanderers,2,1,2,2,3,1,1
1899,Sheffield Wednesday,Lincoln City,1,0,2,2,1,1,1
1899,Sheffield Wednesday,Manchester United,2,1,2,2,3,1,1
1899,Sheffield Wednesday,Port Vale,4,0,2,2,4,4,1
1899,Walsall,Burton Swifts,2,0,2,2,2,2,1
1899,Walsall,Loughborough,1,0,2,2,1,1,1
1899,Walsall,Middlesbrough,1,1,2,2,2,0,0
1900,Aston Villa,Liverpool,0,2,1,1,2,-2,0
1900,Aston Villa,Sheffield United,0,0,1,1,0,0,0
1900,Aston Villa,Sunderland,2,2,1,1,4,0,0
1900,Blackburn Rovers,Aston Villa,2,2,1,1,4,0,0
1900,Blackburn Rovers,Manchester City,1,0,1,1,1,1,1
1900,Blackburn Rovers,Sheffield Wednesday,2,2,1,1,4,0,0
1900,Blackburn Rovers,West Bromwich Albion,1,1,1,1,2,0,0
1900,Bolton Wanderers,Blackburn Rovers,1,0,1,1,1,1,1
1900,Bolton Wanderers,Newcastle United,3,2,1,1,5,1,1
1900,Bolton Wanderers,Preston North End,1,1,1,1,2,0,0
1900,Bolton Wanderers,Wolverhampton Wanderers,1,0,1,1,1,1,1
1900,Bury,Nottingham Forest,0,1,1,1,1,-1,0
1900,Derby County,Aston Villa,3,0,1,1,3,3,1
1900,Derby County,Sheffield Wednesday,3,1,1,1,4,2,1
1900,Derby County,West Bromwich Albion,4,0,1,1,4,4,1
1900,Everton,Blackburn Rovers,0,0,1,1,0,0,0
1900,Everton,Derby County,2,0,1,1,2,2,1
1900,Everton,Newcastle United,0,1,1,1,1,-1,0
1900,Everton,Preston North End,4,1,1,1,5,3,1
1900,Liverpool,Bolton Wanderers,2,1,1,1,3,1,1
1900,Liverpool,Everton,1,2,1,1,3,-1,0
1900,Liverpool,Nottingham Forest,2,0,1,1,2,2,1
1900,Liverpool,Sheffield United,1,2,1,1,3,-1,0
1900,Liverpool,Sunderland,1,2,1,1,3,-1,0
1900,Manchester City,Bury,1,0,1,1,1,1,1
1900,Manchester City,Liverpool,3,4,1,1,7,-1,0
1900,Newcastle United,Blackburn Rovers,1,0,1,1,1,1,1
1900,Newcastle United,Derby County,2,1,1,1,3,1,1
1900,Newcastle United,Preston North End,3,5,1,1,8,-2,0
1900,Newcastle United,Stoke City,2,1,1,1,3,1,1
1900,Newcastle United,Wolverhampton Wanderers,3,1,1,1,4,2,1
1900,Nottingham Forest,Bolton Wanderers,3,0,1,1,3,3,1
1900,Nottingham Forest,Everton,2,1,1,1,3,1,1
1900,Nottingham Forest,Newcastle United,1,2,1,1,3,-1,0
1900,Nottingham Forest,Sheffield United,2,0,1,1,2,2,1
1900,Nottingham Forest,Sunderland,0,0,1,1,0,0,0
1900,Notts County,Liverpool,3,0,1,1,3,3,1
1900,Notts County,Sheffield Wednesday,2,0,1,1,2,2,1
1900,Preston North End,Blackburn Rovers,4,1,1,1,5,3,1
1900,Preston North End,Manchester City,0,4,1,1,4,-4,0
1900,Preston North End,Stoke City,4,2,1,1,6,2,1
1900,Preston North End,Wolverhampton Wanderers,1,1,1,1,2,0,0
1900,Sheffield United,Bolton Wanderers,0,2,1,1,2,-2,0
1900,Sheffield United,Everton,2,1,1,1,3,1,1
1900,Sheffield United,Preston North End,2,1,1,1,3,1,1
1900,Sheffield Wednesday,Bury,1,2,1,1,3,-1,0
1900,Sheffield Wednesday,Liverpool,3,2,1,1,5,1,1
1900,Sheffield Wednesday,Nottingham Forest,4,1,1,1,5,3,1
1900,Sheffield Wednesday,West Bromwich Albion,2,1,1,1,3,1,1
1900,Stoke City,Blackburn Rovers,2,0,1,1,2,2,1
1900,Stoke City,Manchester City,2,1,1,1,3,1,1
1900,Stoke City,Notts County,1,1,1,1,2,0,0
1900,Stoke City,Sheffield Wednesday,2,1,1,1,3,1,1
1900,Sunderland,Bolton Wanderers,5,1,1,1,6,4,1
1900,Sunderland,Everton,2,0,1,1,2,2,1
1900,Sunderland,Preston North End,3,1,1,1,4,2,1
1900,West Bromwich Albion,Aston Villa,0,1,1,1,1,-1,0
1900,West Bromwich Albion,Bury,1,2,1,1,3,-1,0
1900,West Bromwich Albion,Nottingham Forest,1,6,1,1,7,-5,0
1900,Wolverhampton Wanderers,Derby County,0,0,1,1,0,0,0
1900,Wolverhampton Wanderers,Notts County,3,2,1,1,5,1,1
1900,Wolverhampton Wanderers,Sheffield Wednesday,1,1,1,1,2,0,0
1900,Arsenal,Blackpool,3,1,2,2,4,2,1
1900,Arsenal,Manchester United,2,1,2,2,3,1,1
1900,Barnsley,Arsenal,3,0,2,2,3,3,1
1900,Barnsley,Burnley,2,1,2,2,3,1,1
1900,Birmingham City,Glossop North End,1,0,2,2,1,1,1
1900,Birmingham City,New Brighton Tower,4,0,2,2,4,4,1
1900,Blackpool,Birmingham City,0,0,2,2,0,0,0
1900,Burnley,Gainsborough Trinity,2,1,2,2,3,1,1
1900,Burnley,Middlesbrough,2,0,2,2,2,2,1
1900,Burton Swifts,Burnley,1,0,2,2,1,1,1
1900,Burton Swifts,Glossop North End,1,3,2,2,4,-2,0
1900,Burton Swifts,Lincoln City,0,0,2,2,0,0,0
1900,Burton Swifts,New Brighton Tower,1,0,2,2,1,1,1
1900,Chesterfield,Burton Swifts,2,0,2,2,2,2,1
1900,Chesterfield,Port Vale,1,1,2,2,2,0,0
1900,Gainsborough Trinity,Chesterfield,2,3,2,2,5,-1,0
1900,Gainsborough Trinity,Leicester City,0,0,2,2,0,0,0
1900,Glossop North End,Barnsley,2,1,2,2,3,1,1
1900,Glossop North End,Burnley,0,1,2,2,1,-1,0
1900,Glossop North End,Gainsborough Trinity,3,1,2,2,4,2,1
1900,Glossop North End,Lincoln City,2,0,2,2,2,2,1
1900,Glossop North End,Walsall,2,0,2,2,2,2,1
1900,Grimsby Town,Burton Swifts,5,2,2,2,7,3,1
1900,Grimsby Town,Manchester United,2,0,2,2,2,2,1
1900,Grimsby Town,Port Vale,6,1,2,2,7,5,1
1900,Leicester City,Arsenal,1,0,2,2,1,1,1
1900,Leicester City,Grimsby Town,4,0,2,2,4,4,1
1900,Lincoln City,Gainsborough Trinity,6,0,2,2,6,6,1
1900,Lincoln City,Walsall,2,0,2,2,2,2,1
1900,Manchester United,Port Vale,4,0,2,2,4,4,1
1900,Middlesbrough,Manchester United,1,2,2,2,3,-1,0
1900,Middlesbrough,Stockport County,2,0,2,2,2,2,1
1900,New Brighton Tower,Barnsley,2,0,2,2,2,2,1
1900,New Brighton Tower,Middlesbrough,3,1,2,2,4,2,1
1900,New Brighton Tower,Walsall,5,1,2,2,6,4,1
1900,Port Vale,Birmingham City,2,2,2,2,4,0,0
1900,Port Vale,Lincoln City,2,0,2,2,2,2,1
1900,Port Vale,New Brighton Tower,1,3,2,2,4,-2,0
1900,Stockport County,Arsenal,3,1,2,2,4,2,1
1900,Stockport County,Chesterfield,3,1,2,2,4,2,1
1900,Stockport County,Grimsby Town,0,1,2,2,1,-1,0
1900,Stockport County,Manchester United,1,0,2,2,1,1,1
1900,Stockport County,Port Vale,1,1,2,2,2,0,0
1900,Walsall,Burnley,2,0,2,2,2,2,1
1900,Walsall,Leicester City,2,0,2,2,2,2,1
1901,Aston Villa,Bolton Wanderers,1,0,1,1,1,1,1
1901,Birmingham City,Aston Villa,0,2,1,1,2,-2,0
1901,Birmingham City,Sheffield United,5,1,1,1,6,4,1
1901,Birmingham City,Sunderland,2,3,1,1,5,-1,0
1901,Blackburn Rovers,Derby County,3,1,1,1,4,2,1
1901,Blackburn Rovers,Nottingham Forest,1,0,1,1,1,1,1
1901,Blackburn Rovers,Sheffield Wednesday,2,0,1,1,2,2,1
1901,Blackburn Rovers,Wolverhampton Wanderers,2,0,1,1,2,2,1
1901,Bolton Wanderers,Blackburn Rovers,4,0,1,1,4,4,1
1901,Bolton Wanderers,Everton,1,3,1,1,4,-2,0
1901,Bolton Wanderers,Manchester City,3,3,1,1,6,0,0
1901,Bury,Aston Villa,0,0,1,1,0,0,0
1901,Bury,Bolton Wanderers,2,2,1,1,4,0,0
1901,Bury,Newcastle United,4,0,1,1,4,4,1
1901,Bury,Sheffield United,1,2,1,1,3,-1,0
1901,Bury,Sunderland,1,0,1,1,1,1,1
1901,Derby County,Birmingham City,0,0,1,1,0,0,0
1901,Derby County,Bury,1,0,1,1,1,1,1
1901,Derby County,Liverpool,1,1,1,1,2,0,0
1901,Derby County,Nottingham Forest,1,1,1,1,2,0,0
1901,Everton,Manchester City,3,1,1,1,4,2,1
1901,Grimsby Town,Bolton Wanderers,4,1,1,1,5,3,1
1901,Grimsby Town,Everton,0,2,1,1,2,-2,0
1901,Liverpool,Birmingham City,3,1,1,1,4,2,1
1901,Liverpool,Bury,1,0,1,1,1,1,1
1901,Liverpool,Grimsby Town,2,2,1,1,4,0,0
1901,Liverpool,Nottingham Forest,0,2,1,1,2,-2,0
1901,Liverpool,Sheffield Wednesday,1,2,1,1,3,-1,0
1901,Liverpool,Wolverhampton Wanderers,4,1,1,1,5,3,1
1901,Manchester City,Blackburn Rovers,1,1,1,1,2,0,0
1901,Manchester City,Derby County,0,0,1,1,0,0,0
1901,Manchester City,Notts County,1,0,1,1,1,1,1
1901,Newcastle United,Manchester City,3,0,1,1,3,3,1
1901,Nottingham Forest,Birmingham City,1,1,1,1,2,0,0
1901,Nottingham Forest,Grimsby Town,0,1,1,1,1,-1,0
1901,Nottingham Forest,Newcastle United,0,2,1,1,2,-2,0
1901,Nottingham Forest,Wolverhampton Wanderers,2,0,1,1,2,2,1
1901,Notts County,Blackburn Rovers,3,0,1,1,3,3,1
1901,Notts County,Derby County,3,2,1,1,5,1,1
1901,Sheffield United,Aston Villa,6,0,1,1,6,6,1
1901,Sheffield United,Everton,0,0,1,1,0,0,0
1901,Sheffield United,Manchester City,5,0,1,1,5,5,1
1901,Sheffield United,Notts County,3,0,1,1,3,3,1
1901,Sheffield United,Sunderland,0,1,1,1,1,-1,0
1901,Sheffield Wednesday,Grimsby Town,3,1,1,1,4,2,1
1901,Sheffield Wednesday,Newcastle United,0,0,1,1,0,0,0
1901,Sheffield Wednesday,Sheffield United,1,0,1,1,1,1,1
1901,Sheffield Wednesday,Wolverhampton Wanderers,1,1,1,1,2,0,0
1901,Stoke City,Blackburn Rovers,2,2,1,1,4,0,0
1901,Stoke City,Derby County,1,1,1,1,2,0,0
1901,Stoke City,Liverpool,1,0,1,1,1,1,1
1901,Stoke City,Nottingham Forest,1,1,1,1,2,0,0
1901,Stoke City,Sheffield Wednesday,1,2,1,1,3,-1,0
1901,Sunderland,Bolton Wanderers,2,1,1,1,3,1,1
1901,Sunderland,Everton,2,4,1,1,6,-2,0
1901,Sunderland,Manchester City,1,0,1,1,1,1,1
1901,Sunderland,Notts County,2,1,1,1,3,1,1
1901,Sunderland,Stoke City,2,0,1,1,2,2,1
1901,Wolverhampton Wanderers,Bury,1,0,1,1,1,1,1
1901,Wolverhampton Wanderers,Grimsby Town,2,0,1,1,2,2,1
1901,Arsenal,Chesterfield,3,2,2,2,5,1,1
1901,Arsenal,Glossop North End,4,0,2,2,4,4,1
1901,Arsenal,Preston North End,0,0,2,2,0,0,0
1901,Barnsley,Arsenal,2,0,2,2,2,2,1
1901,Barnsley,Doncaster Rovers,3,0,2,2,3,3,1
1901,Barnsley,Middlesbrough,2,7,2,2,9,-5,0
1901,Blackpool,Barnsley,2,1,2,2,3,1,1
1901,Blackpool,Gainsborough Trinity,3,0,2,2,3,3,1
1901,Blackpool,Port Vale,1,0,2,2,1,1,1
1901,Blackpool,West Bromwich Albion,2,2,2,2,4,0,0
1901,Bristol City,Chesterfield,5,2,2,2,7,3,1
1901,Bristol City,Glossop North End,2,0,2,2,2,2,1
1901,Bristol City,Manchester United,4,0,2,2,4,4,1
1901,Burnley,Doncaster Rovers,7,0,2,2,7,7,1
1901,Burnley,Leicester City,1,0,2,2,1,1,1
1901,Burnley,Stockport County,3,0,2,2,3,3,1
1901,Burton United,Burnley,5,2,2,2,7,3,1
1901,Burton United,Port Vale,3,0,2,2,3,3,1
1901,Burton United,West Bromwich Albion,1,3,2,2,4,-2,0
1901,Chesterfield,Blackpool,3,1,2,2,4,2,1
1901,Chesterfield,Glossop North End,1,0,2,2,1,1,1
1901,Chesterfield,Manchester United,3,0,2,2,3,3,1
1901,Doncaster Rovers,Arsenal,1,0,2,2,1,1,1
1901,Doncaster Rovers,Bristol City,3,0,2,2,3,3,1
1901,Doncaster Rovers,Chesterfield,4,1,2,2,5,3,1
1901,Doncaster Rovers,Leicester City,2,1,2,2,3,1,1
1901,Doncaster Rovers,Middlesbrough,0,0,2,2,0,0,0
1901,Doncaster Rovers,Stockport County,2,0,2,2,2,2,1
1901,Gainsborough Trinity,Burnley,1,1,2,2,2,0,0
1901,Gainsborough Trinity,Doncaster Rovers,4,1,2,2,5,3,1
1901,Gainsborough Trinity,Lincoln City,2,2,2,2,4,0,0
1901,Glossop North End,Manchester United,0,0,2,2,0,0,0
1901,Glossop North End,Preston North End,3,1,2,2,4,2,1
1901,Leicester City,Bristol City,0,1,2,2,1,-1,0
1901,Leicester City,Middlesbrough,0,2,2,2,2,-2,0
1901,Leicester City,Stockport County,1,1,2,2,2,0,0
1901,Lincoln City,Barnsley,1,1,2,2,2,0,0
1901,Lincoln City,Leicester City,2,0,2,2,2,2,1
1901,Lincoln City,West Bromwich Albion,1,0,2,2,1,1,1
1901,Manchester United,Blackpool,0,1,2,2,1,-1,0
1901,Manchester United,Burton United,3,1,2,2,4,2,1
1901,Manchester United,Gainsborough Trinity,3,0,2,2,3,3,1
1901,Middlesbrough,Arsenal,1,0,2,2,1,1,1
1901,Middlesbrough,Bristol City,2,0,2,2,2,2,1
1901,Middlesbrough,Manchester United,5,0,2,2,5,5,1
1901,Port Vale,Barnsley,2,1,2,2,3,1,1
1901,Port Vale,Middlesbrough,1,1,2,2,2,0,0
1901,Port Vale,West Bromwich Albion,2,3,2,2,5,-1,0
1901,Preston North End,Gainsborough Trinity,4,1,2,2,5,3,1
1901,Preston North End,Lincoln City,8,0,2,2,8,8,1
1901,Stockport County,Chesterfield,3,0,2,2,3,3,1
1901,Stockport County,Manchester United,1,0,2,2,1,1,1
1901,West Bromwich Albion,Barnsley,3,1,2,2,4,2,1
1901,West Bromwich Albion,Doncaster Rovers,2,2,2,2,4,0,0
1901,West Bromwich Albion,Stockport County,3,0,2,2,3,3,1
1902,Aston Villa,Bury,2,2,1,1,4,0,0
1902,Aston Villa,Grimsby Town,2,2,1,1,4,0,0
1902,Aston Villa,Newcastle United,7,0,1,1,7,7,1
1902,Blackburn Rovers,Aston Villa,0,2,1,1,2,-2,0
1902,Blackburn Rovers,Liverpool,3,1,1,1,4,2,1
1902,Blackburn Rovers,Nottingham Forest,2,2,1,1,4,0,0
1902,Blackburn Rovers,Sheffield Wednesday,2,1,1,1,3,1,1
1902,Blackburn Rovers,West Bromwich Albion,1,0,1,1,1,1,1
1902,Bolton Wanderers,Wolverhampton Wanderers,4,1,1,1,5,3,1
1902,Bury,Newcastle United,1,0,1,1,1,1,1
1902,Bury,Sheffield United,3,1,1,1,4,2,1
1902,Bury,Sunderland,3,1,1,1,4,2,1
1902,Derby County,Aston Villa,2,0,1,1,2,2,1
1902,Derby County,Liverpool,2,1,1,1,3,1,1
1902,Everton,Notts County,2,0,1,1,2,2,1
1902,Everton,Wolverhampton Wanderers,2,1,1,1,3,1,1
1902,Grimsby Town,Bolton Wanderers,1,1,1,1,2,0,0
1902,Liverpool,Bury,2,0,1,1,2,2,1
1902,Middlesbrough,Blackburn Rovers,4,0,1,1,4,4,1
1902,Middlesbrough,Liverpool,0,2,1,1,2,-2,0
1902,Middlesbrough,Notts County,2,1,1,1,3,1,1
1902,Middlesbrough,Stoke City,1,1,1,1,2,0,0
1902,Newcastle United,Everton,3,0,1,1,3,3,1
1902,Newcastle United,Sheffield United,0,0,1,1,0,0,0
1902,Nottingham Forest,Bury,3,0,1,1,3,3,1
1902,Notts County,Blackburn Rovers,4,0,1,1,4,4,1
1902,Notts County,Derby County,2,1,1,1,3,1,1
1902,Notts County,Liverpool,1,2,1,1,3,-1,0
1902,Notts County,Nottingham Forest,1,1,1,1,2,0,0
1902,Sheffield United,Middlesbrough,1,3,1,1,4,-2,0
1902,Sheffield United,Notts County,3,0,1,1,3,3,1
1902,Sheffield Wednesday,Aston Villa,4,0,1,1,4,4,1
1902,Sheffield Wednesday,Bury,2,0,1,1,2,2,1
1902,Stoke City,Derby County,2,0,1,1,2,2,1
1902,Stoke City,Liverpool,1,0,1,1,1,1,1
1902,Sunderland,Middlesbrough,2,1,1,1,3,1,1
1902,Sunderland,Stoke City,0,0,1,1,0,0,0
1902,West Bromwich Albion,Aston Villa,1,2,1,1,3,-1,0
1902,West Bromwich Albion,Bury,1,3,1,1,4,-2,0
1902,West Bromwich Albion,Newcastle United,6,1,1,1,7,5,1
1902,Wolverhampton Wanderers,Nottingham Forest,2,1,1,1,3,1,1
1902,Arsenal,Blackpool,2,1,2,2,3,1,1
1902,Arsenal,Burton United,3,0,2,2,3,3,1
1902,Arsenal,Gainsborough Trinity,6,1,2,2,7,5,1
1902,Barnsley,Arsenal,1,1,2,2,2,0,0
1902,Barnsley,Glossop North End,0,1,2,2,1,-1,0
1902,Barnsley,Preston North End,3,0,2,2,3,3,1
1902,Birmingham City,Burnley,3,0,2,2,3,3,1
1902,Birmingham City,Stockport County,2,0,2,2,2,2,1
1902,Blackpool,Burton United,3,3,2,2,6,0,0
1902,Blackpool,Gainsborough Trinity,4,0,2,2,4,4,1
1902,Bristol City,Glossop North End,1,1,2,2,2,0,0
1902,Bristol City,Manchester City,3,2,2,2,5,1,1
1902,Bristol City,Preston North End,2,1,2,2,3,1,1
1902,Burnley,Bristol City,0,0,2,2,0,0,0
1902,Burnley,Stockport County,3,2,2,2,5,1,1
1902,Burton United,Birmingham City,0,1,2,2,1,-1,0
1902,Burton United,Gainsborough Trinity,3,0,2,2,3,3,1
1902,Burton United,Port Vale,0,0,2,2,0,0,0
1902,Chesterfield,Arsenal,2,2,2,2,4,0,0
1902,Chesterfield,Glossop North End,10,0,2,2,10,10,1
1902,Chesterfield,Preston North End,4,2,2,2,6,2,1
1902,Doncaster Rovers,Leicester City,0,0,2,2,0,0,0
1902,Doncaster Rovers,Manchester United,2,2,2,2,4,0,0
1902,Gainsborough Trinity,Birmingham City,1,0,2,2,1,1,1
1902,Gainsborough Trinity,Burnley,3,0,2,2,3,3,1
1902,Gainsborough Trinity,Port Vale,1,1,2,2,2,0,0
1902,Glossop North End,Arsenal,1,2,2,2,3,-1,0
1902,Glossop North End,Blackpool,1,0,2,2,1,1,1
1902,Glossop North End,Burton United,3,0,2,2,3,3,1
1902,Leicester City,Barnsley,1,2,2,2,3,-1,0
1902,Leicester City,Bristol City,2,2,2,2,4,0,0
1902,Leicester City,Chesterfield,0,2,2,2,2,-2,0
1902,Leicester City,Glossop North End,3,2,2,2,5,1,1
1902,Lincoln City,Birmingham City,0,1,2,2,1,-1,0
1902,Lincoln City,Burnley,4,1,2,2,5,3,1
1902,Lincoln City,Leicester City,1,2,2,2,3,-1,0
1902,Lincoln City,Port Vale,4,1,2,2,5,3,1
1902,Manchester City,Arsenal,4,1,2,2,5,3,1
1902,Manchester City,Blackpool,2,0,2,2,2,2,1
1902,Manchester City,Burton United,2,0,2,2,2,2,1
1902,Manchester City,Preston North End,1,0,2,2,1,1,1
1902,Manchester United,Chesterfield,2,1,2,2,3,1,1
1902,Manchester United,Stockport County,0,0,2,2,0,0,0
1902,Port Vale,Birmingham City,2,2,2,2,4,0,0
1902,Port Vale,Doncaster Rovers,3,0,2,2,3,3,1
1902,Port Vale,Leicester City,2,0,2,2,2,2,1
1902,Port Vale,Manchester United,1,1,2,2,2,0,0
1902,Preston North End,Arsenal,2,2,2,2,4,0,0
1902,Preston North End,Burton United,1,1,2,2,2,0,0
1902,Preston North End,Gainsborough Trinity,0,0,2,2,0,0,0
1902,Preston North End,Lincoln City,0,1,2,2,1,-1,0
1902,Preston North End,Port Vale,5,1,2,2,6,4,1
1902,Stockport County,Barnsley,4,1,2,2,5,3,1
1902,Stockport County,Bristol City,0,1,2,2,1,-1,0
1902,Stockport County,Chesterfield,2,2,2,2,4,0,0
1902,Stockport County,Preston North End,1,1,2,2,2,0,0
1903,Aston Villa,Sunderland,2,0,1,1,2,2,1
1903,Birmingham City,Derby County,1,0,1,1,1,1,1
1903,Birmingham City,Nottingham Forest,3,3,1,1,6,0,0
1903,Birmingham City,Sheffield Wednesday,0,0,1,1,0,0,0
1903,Birmingham City,West Bromwich Albion,0,1,1,1,1,-1,0
1903,Blackburn Rovers,Birmingham City,1,1,1,1,2,0,0
1903,Blackburn Rovers,Notts County,3,0,1,1,3,3,1
1903,Blackburn Rovers,Stoke City,2,0,1,1,2,2,1
1903,Bury,Blackburn Rovers,3,0,1,1,3,3,1
1903,Derby County,Bury,2,2,1,1,4,0,0
1903,Derby County,Nottingham Forest,2,6,1,1,8,-4,0
1903,Derby County,Sheffield Wednesday,0,2,1,1,2,-2,0
1903,Derby County,West Bromwich Albion,4,2,1,1,6,2,1
1903,Everton,Birmingham City,5,1,1,1,6,4,1
1903,Everton,Derby County,0,1,1,1,1,-1,0
1903,Everton,Notts County,3,1,1,1,4,2,1
1903,Everton,Stoke City,0,1,1,1,1,-1,0
1903,Liverpool,Newcastle United,1,0,1,1,1,1,1
1903,Manchester City,Aston Villa,1,0,1,1,1,1,1
1903,Manchester City,Bury,3,0,1,1,3,3,1
1903,Manchester City,Liverpool,3,2,1,1,5,1,1
1903,Manchester City,Nottingham Forest,0,0,1,1,0,0,0
1903,Manchester City,West Bromwich Albion,6,3,1,1,9,3,1
1903,Middlesbrough,Derby County,0,0,1,1,0,0,0
1903,Middlesbrough,Manchester City,6,0,1,1,6,6,1
1903,Middlesbrough,Stoke City,2,0,1,1,2,2,1
1903,Middlesbrough,Wolverhampton Wanderers,1,2,1,1,3,-1,0
1903,Newcastle United,Sunderland,1,3,1,1,4,-2,0
1903,Nottingham Forest,Aston Villa,3,7,1,1,10,-4,0
1903,Nottingham Forest,Bury,2,2,1,1,4,0,0
1903,Nottingham Forest,Newcastle United,1,0,1,1,1,1,1
1903,Nottingham Forest,Sheffield Wednesday,0,1,1,1,1,-1,0
1903,Nottingham Forest,West Bromwich Albion,2,0,1,1,2,2,1
1903,Notts County,Birmingham City,2,0,1,1,2,2,1
1903,Notts County,Derby County,2,2,1,1,4,0,0
1903,Notts County,Wolverhampton Wanderers,0,2,1,1,2,-2,0
1903,Sheffield United,Blackburn Rovers,2,2,1,1,4,0,0
1903,Sheffield United,Everton,2,1,1,1,3,1,1
1903,Sheffield United,Notts County,3,1,1,1,4,2,1
1903,Sheffield Wednesday,Aston Villa,4,2,1,1,6,2,1
1903,Stoke City,Manchester City,1,2,1,1,3,-1,0
1903,Stoke City,Nottingham Forest,2,3,1,1,5,-1,0
1903,Stoke City,Sheffield Wednesday,3,1,1,1,4,2,1
1903,Stoke City,Wolverhampton Wanderers,5,1,1,1,6,4,1
1903,Sunderland,Blackburn Rovers,2,0,1,1,2,2,1
1903,West Bromwich Albion,Aston Villa,1,3,1,1,4,-2,0
1903,West Bromwich Albion,Sheffield United,2,2,1,1,4,0,0
1903,West Bromwich Albion,Sunderland,1,1,1,1,2,0,0
1903,Wolverhampton Wanderers,Derby County,2,2,1,1,4,0,0
1903,Wolverhampton Wanderers,Manchester City,1,6,1,1,7,-5,0
1903,Arsenal,Bolton Wanderers,3,0,2,2,3,3,1
1903,Arsenal,Burnley,4,0,2,2,4,4,1
1903,Arsenal,Gainsborough Trinity,6,0,2,2,6,6,1
1903,Barnsley,Burton United,2,1,2,2,3,1,1
1903,Barnsley,Lincoln City,2,1,2,2,3,1,1
1903,Blackpool,Bristol City,0,1,2,2,1,-1,0
1903,Blackpool,Manchester United,2,1,2,2,3,1,1
1903,Blackpool,Stockport County,4,1,2,2,5,3,1
1903,Bolton Wanderers,Blackpool,3,0,2,2,3,3,1
1903,Bolton Wanderers,Burnley,1,1,2,2,2,0,0
1903,Bolton Wanderers,Leicester City,3,1,2,2,4,2,1
1903,Bolton Wanderers,Port Vale,5,0,2,2,5,5,1
1903,Bradford City,Arsenal,0,3,2,2,3,-3,0
1903,Bradford City,Bolton Wanderers,3,3,2,2,6,0,0
1903,Bradford City,Burton United,3,0,2,2,3,3,1
1903,Bradford City,Glossop North End,2,1,2,2,3,1,1
1903,Bradford City,Lincoln City,2,1,2,2,3,1,1
1903,Bristol City,Barnsley,2,0,2,2,2,2,1
1903,Bristol City,Chesterfield,3,2,2,2,5,1,1
1903,Bristol City,Grimsby Town,4,0,2,2,4,4,1
1903,Burnley,Blackpool,1,4,2,2,5,-3,0
1903,Burnley,Bristol City,2,3,2,2,5,-1,0
1903,Burnley,Gainsborough Trinity,2,0,2,2,2,2,1
1903,Burnley,Port Vale,1,0,2,2,1,1,1
1903,Burton United,Burnley,1,2,2,2,3,-1,0
1903,Burton United,Lincoln City,5,2,2,2,7,3,1
1903,Burton United,Preston North End,0,0,2,2,0,0,0
1903,Chesterfield,Burton United,2,1,2,2,3,1,1
1903,Chesterfield,Grimsby Town,0,1,2,2,1,-1,0
1903,Chesterfield,Stockport County,4,1,2,2,5,3,1
1903,Gainsborough Trinity,Bristol City,3,1,2,2,4,2,1
1903,Gainsborough Trinity,Port Vale,3,0,2,2,3,3,1
1903,Glossop North End,Bolton Wanderers,3,3,2,2,6,0,0
1903,Glossop North End,Burnley,6,2,2,2,8,4,1
1903,Glossop North End,Lincoln City,5,0,2,2,5,5,1
1903,Grimsby Town,Barnsley,5,1,2,2,6,4,1
1903,Grimsby Town,Bradford City,2,0,2,2,2,2,1
1903,Grimsby Town,Manchester United,3,1,2,2,4,2,1
1903,Leicester City,Bristol City,1,0,2,2,1,1,1
1903,Leicester City,Grimsby Town,1,1,2,2,2,0,0
1903,Leicester City,Port Vale,1,1,2,2,2,0,0
1903,Lincoln City,Gainsborough Trinity,0,1,2,2,1,-1,0
1903,Lincoln City,Leicester City,6,1,2,2,7,5,1
1903,Manchester United,Barnsley,4,0,2,2,4,4,1
1903,Manchester United,Burton United,2,0,2,2,2,2,1
1903,Manchester United,Lincoln City,2,0,2,2,2,2,1
1903,Manchester United,Stockport County,3,1,2,2,4,2,1
1903,Port Vale,Blackpool,5,0,2,2,5,5,1
1903,Port Vale,Chesterfield,3,0,2,2,3,3,1
1903,Preston North End,Burnley,2,0,2,2,2,2,1
1903,Stockport County,Barnsley,2,2,2,2,4,0,0
1904,Arsenal,Newcastle United,0,2,1,1,2,-2,0
1904,Arsenal,Stoke City,2,1,1,1,3,1,1
1904,Aston Villa,Arsenal,3,1,1,1,4,2,1
1904,Aston Villa,Manchester City,3,2,1,1,5,1,1
1904,Aston Villa,Nottingham Forest,2,0,1,1,2,2,1
1904,Birmingham City,Aston Villa,0,3,1,1,3,-3,0
1904,Birmingham City,Middlesbrough,2,1,1,1,3,1,1
1904,Birmingham City,Sheffield Wednesday,2,1,1,1,3,1,1
1904,Birmingham City,Wolverhampton Wanderers,4,1,1,1,5,3,1
1904,Blackburn Rovers,Birmingham City,1,4,1,1,5,-3,0
1904,Blackburn Rovers,Stoke City,4,0,1,1,4,4,1
1904,Bury,Arsenal,1,1,1,1,2,0,0
1904,Bury,Blackburn Rovers,0,2,1,1,2,-2,0
1904,Derby County,Bury,3,2,1,1,5,1,1
1904,Derby County,Middlesbrough,4,2,1,1,6,2,1
1904,Derby County,Notts County,1,1,1,1,2,0,0
1904,Derby County,Sheffield Wednesday,1,0,1,1,1,1,1
1904,Derby County,Wolverhampton Wanderers,2,1,1,1,3,1,1
1904,Everton,Newcastle United,2,1,1,1,3,1,1
1904,Everton,Stoke City,4,1,1,1,5,3,1
1904,Manchester City,Nottingham Forest,1,1,1,1,2,0,0
1904,Manchester City,Sunderland,5,2,1,1,7,3,1
1904,Middlesbrough,Aston Villa,3,1,1,1,4,2,1
1904,Middlesbrough,Notts County,2,5,1,1,7,-3,0
1904,Middlesbrough,Sheffield Wednesday,1,3,1,1,4,-2,0
1904,Middlesbrough,Wolverhampton Wanderers,3,1,1,1,4,2,1
1904,Newcastle United,Birmingham City,0,1,1,1,1,-1,0
1904,Newcastle United,Stoke City,4,1,1,1,5,3,1
1904,Nottingham Forest,Blackburn Rovers,5,2,1,1,7,3,1
1904,Nottingham Forest,Everton,0,2,1,1,2,-2,0
1904,Nottingham Forest,Sheffield United,1,2,1,1,3,-1,0
1904,Nottingham Forest,Sunderland,2,3,1,1,5,-1,0
1904,Notts County,Nottingham Forest,1,2,1,1,3,-1,0
1904,Notts County,Sheffield Wednesday,2,2,1,1,4,0,0
1904,Preston North End,Middlesbrough,2,0,1,1,2,2,1
1904,Preston North End,Stoke City,2,1,1,1,3,1,1
1904,Sheffield United,Newcastle United,1,3,1,1,4,-2,0
1904,Sheffield Wednesday,Aston Villa,3,2,1,1,5,1,1
1904,Sheffield Wednesday,Bury,4,0,1,1,4,4,1
1904,Sheffield Wednesday,Nottingham Forest,2,0,1,1,2,2,1
1904,Sheffield Wednesday,Sheffield United,1,3,1,1,4,-2,0
1904,Stoke City,Birmingham City,1,0,1,1,1,1,1
1904,Stoke City,Sheffield Wednesday,2,1,1,1,3,1,1
1904,Sunderland,Everton,2,3,1,1,5,-1,0
1904,Sunderland,Newcastle United,3,1,1,1,4,2,1
1904,Wolverhampton Wanderers,Aston Villa,1,1,1,1,2,0,0
1904,Wolverhampton Wanderers,Bury,2,0,1,1,2,2,1
1904,Wolverhampton Wanderers,Manchester City,0,3,1,1,3,-3,0
1904,Wolverhampton Wanderers,Sheffield United,4,2,1,1,6,2,1
1904,Barnsley,Burton United,7,0,2,2,7,7,1
1904,Barnsley,Leicester City,2,1,2,2,3,1,1
1904,Barnsley,Manchester United,0,0,2,2,0,0,0
1904,Blackpool,Barnsley,6,0,2,2,6,6,1
1904,Blackpool,Bristol City,2,4,2,2,6,-2,0
1904,Blackpool,Glossop North End,4,1,2,2,5,3,1
1904,Blackpool,Lincoln City,1,0,2,2,1,1,1
1904,Bolton Wanderers,Doncaster Rovers,2,0,2,2,2,2,1
1904,Bolton Wanderers,Grimsby Town,4,1,2,2,5,3,1
1904,Bolton Wanderers,Liverpool,2,0,2,2,2,2,1
1904,Bolton Wanderers,West Bromwich Albion,2,1,2,2,3,1,1
1904,Bradford City,Leicester City,0,0,2,2,0,0,0
1904,Bristol City,Barnsley,3,0,2,2,3,3,1
1904,Bristol City,Glossop North End,2,0,2,2,2,2,1
1904,Bristol City,Port Vale,4,2,2,2,6,2,1
1904,Burnley,Bristol City,2,3,2,2,5,-1,0
1904,Burnley,Doncaster Rovers,4,3,2,2,7,1,1
1904,Burnley,Liverpool,0,2,2,2,2,-2,0
1904,Burnley,West Bromwich Albion,1,4,2,2,5,-3,0
1904,Burton United,Manchester United,2,3,2,2,5,-1,0
1904,Chesterfield,Bradford City,0,0,2,2,0,0,0
1904,Chesterfield,Lincoln City,0,0,2,2,0,0,0
1904,Chesterfield,Port Vale,2,1,2,2,3,1,1
1904,Doncaster Rovers,Blackpool,0,0,2,2,0,0,0
1904,Doncaster Rovers,Bristol City,0,2,2,2,2,-2,0
1904,Doncaster Rovers,Grimsby Town,0,2,2,2,2,-2,0
1904,Doncaster Rovers,Liverpool,1,4,2,2,5,-3,0
1904,Doncaster Rovers,West Bromwich Albion,0,1,2,2,1,-1,0
1904,Gainsborough Trinity,Bolton Wanderers,0,4,2,2,4,-4,0
1904,Gainsborough Trinity,Burnley,3,1,2,2,4,2,1
1904,Gainsborough Trinity,Doncaster Rovers,2,0,2,2,2,2,1
1904,Glossop North End,Barnsley,5,0,2,2,5,5,1
1904,Glossop North End,Bradford City,3,1,2,2,4,2,1
1904,Glossop North End,Burton United,1,1,2,2,2,0,0
1904,Glossop North End,Gainsborough Trinity,3,1,2,2,4,2,1
1904,Glossop North End,Lincoln City,3,2,2,2,5,1,1
1904,Glossop North End,Port Vale,0,0,2,2,0,0,0
1904,Grimsby Town,Blackpool,2,0,2,2,2,2,1
1904,Grimsby Town,Bristol City,4,0,2,2,4,4,1
1904,Grimsby Town,Chesterfield,3,1,2,2,4,2,1
1904,Grimsby Town,Glossop North End,3,0,2,2,3,3,1
1904,Grimsby Town,West Bromwich Albion,1,3,2,2,4,-2,0
1904,Leicester City,Bolton Wanderers,2,4,2,2,6,-2,0
1904,Leicester City,Burnley,2,2,2,2,4,0,0
1904,Leicester City,Doncaster Rovers,3,2,2,2,5,1,1
1904,Leicester City,Manchester United,0,3,2,2,3,-3,0
1904,Lincoln City,Burton United,3,1,2,2,4,2,1
1904,Lincoln City,Gainsborough Trinity,4,1,2,2,5,3,1
1904,Lincoln City,Port Vale,3,3,2,2,6,0,0
1904,Liverpool,Blackpool,5,0,2,2,5,5,1
1904,Liverpool,Chesterfield,6,1,2,2,7,5,1
1904,Liverpool,Glossop North End,2,2,2,2,4,0,0
1904,Liverpool,Lincoln City,1,1,2,2,2,0,0
1904,Liverpool,West Bromwich Albion,3,2,2,2,5,1,1
1904,Manchester United,Grimsby Town,2,1,2,2,3,1,1
1904,Manchester United,Liverpool,3,1,2,2,4,2,1
1904,Port Vale,Burton United,4,2,2,2,6,2,1
1904,Port Vale,Leicester City,1,3,2,2,4,-2,0
1904,West Bromwich Albion,Chesterfield,0,2,2,2,2,-2,0
1904,West Bromwich Albion,Port Vale,0,1,2,2,1,-1,0
1905,Arsenal,Blackburn Rovers,3,2,1,1,5,1,1
1905,Arsenal,Derby County,1,0,1,1,1,1,1
1905,Arsenal,Manchester City,2,0,1,1,2,2,1
1905,Arsenal,Nottingham Forest,3,1,1,1,4,2,1
1905,Arsenal,Sunderland,2,0,1,1,2,2,1
1905,Aston Villa,Bury,3,3,1,1,6,0,0
1905,Aston Villa,Newcastle United,0,3,1,1,3,-3,0
1905,Aston Villa,Preston North End,0,1,1,1,1,-1,0
1905,Birmingham City,Sheffield Wednesday,5,1,1,1,6,4,1
1905,Blackburn Rovers,Manchester City,1,1,1,1,2,0,0
1905,Blackburn Rovers,Sheffield United,2,1,1,1,3,1,1
1905,Bolton Wanderers,Liverpool,3,2,1,1,5,1,1
1905,Bolton Wanderers,Newcastle United,1,1,1,1,2,0,0
1905,Bolton Wanderers,Preston North End,1,2,1,1,3,-1,0
1905,Bolton Wanderers,Stoke City,1,2,1,1,3,-1,0
1905,Bury,Everton,3,2,1,1,5,1,1
1905,Bury,Middlesbrough,1,1,1,1,2,0,0
1905,Bury,Notts County,0,0,1,1,0,0,0
1905,Bury,Sheffield Wednesday,2,2,1,1,4,0,0
1905,Bury,Wolverhampton Wanderers,0,1,1,1,1,-1,0
1905,Derby County,Nottingham Forest,2,2,1,1,4,0,0
1905,Everton,Aston Villa,4,2,1,1,6,2,1
1905,Everton,Liverpool,4,2,1,1,6,2,1
1905,Everton,Preston North End,1,0,1,1,1,1,1
1905,Liverpool,Blackburn Rovers,1,3,1,1,4,-2,0
1905,Liverpool,Derby County,4,1,1,1,5,3,1
1905,Liverpool,Middlesbrough,6,1,1,1,7,5,1
1905,Manchester City,Birmingham City,4,1,1,1,5,3,1
1905,Manchester City,Bury,5,2,1,1,7,3,1
1905,Manchester City,Liverpool,0,1,1,1,1,-1,0
1905,Manchester City,Nottingham Forest,5,0,1,1,5,5,1
1905,Manchester City,Sheffield United,1,2,1,1,3,-1,0
1905,Middlesbrough,Bolton Wanderers,4,4,1,1,8,0,0
1905,Middlesbrough,Newcastle United,1,0,1,1,1,1,1
1905,Middlesbrough,Preston North End,1,2,1,1,3,-1,0
1905,Newcastle United,Arsenal,1,1,1,1,2,0,0
1905,Newcastle United,Blackburn Rovers,3,0,1,1,3,3,1
1905,Nottingham Forest,Sunderland,1,2,1,1,3,-1,0
1905,Notts County,Bolton Wanderers,3,3,1,1,6,0,0
1905,Notts County,Everton,0,0,1,1,0,0,0
1905,Notts County,Preston North End,2,2,1,1,4,0,0
1905,Notts County,Stoke City,1,1,1,1,2,0,0
1905,Preston North End,Arsenal,2,2,1,1,4,0,0
1905,Preston North End,Blackburn Rovers,2,1,1,1,3,1,1
1905,Preston North End,Sheffield Wednesday,0,1,1,1,1,-1,0
1905,Preston North End,Wolverhampton Wanderers,3,2,1,1,5,1,1
1905,Sheffield United,Liverpool,1,2,1,1,3,-1,0
1905,Sheffield United,Newcastle United,2,0,1,1,2,2,1
1905,Sheffield United,Sunderland,4,1,1,1,5,3,1
1905,Sheffield Wednesday,Bolton Wanderers,1,2,1,1,3,-1,0
1905,Sheffield Wednesday,Everton,3,1,1,1,4,2,1
1905,Sheffield Wednesday,Middlesbrough,3,0,1,1,3,3,1
1905,Sheffield Wednesday,Notts County,3,1,1,1,4,2,1
1905,Stoke City,Derby County,2,2,1,1,4,0,0
1905,Stoke City,Sheffield United,2,1,1,1,3,1,1
1905,Stoke City,Wolverhampton Wanderers,4,0,1,1,4,4,1
1905,Sunderland,Birmingham City,3,1,1,1,4,2,1
1905,Sunderland,Bury,0,3,1,1,3,-3,0
1905,Sunderland,Liverpool,1,2,1,1,3,-1,0
1905,Sunderland,Newcastle United,3,2,1,1,5,1,1
1905,Wolverhampton Wanderers,Everton,2,5,1,1,7,-3,0
1905,Wolverhampton Wanderers,Middlesbrough,0,0,1,1,0,0,0
1905,Barnsley,Blackpool,1,1,2,2,2,0,0
1905,Barnsley,Burnley,1,2,2,2,3,-1,0
1905,Blackpool,Glossop North End,1,0,2,2,1,1,1
1905,Blackpool,Lincoln City,2,0,2,2,2,2,1
1905,Blackpool,Stockport County,2,0,2,2,2,2,1
1905,Bradford City,Burton United,1,0,2,2,1,1,1
1905,Bristol City,Burnley,2,0,2,2,2,2,1
1905,Bristol City,Manchester United,1,1,2,2,2,0,0
1905,Burnley,Bradford City,0,0,2,2,0,0,0
1905,Burnley,Chelsea,2,0,2,2,2,2,1
1905,Burnley,Leeds City,4,3,2,2,7,1,1
1905,Burnley,Lincoln City,2,1,2,2,3,1,1
1905,Burnley,Stockport County,0,1,2,2,1,-1,0
1905,Burton United,Blackpool,1,1,2,2,2,0,0
1905,Burton United,Burnley,1,3,2,2,4,-2,0
1905,Burton United,Gainsborough Trinity,3,1,2,2,4,2,1
1905,Burton United,Leyton Orient,1,0,2,2,1,1,1
1905,Burton United,Port Vale,1,0,2,2,1,1,1
1905,Chelsea,Bristol City,0,0,2,2,0,0,0
1905,Chelsea,Chesterfield,0,1,2,2,1,-1,0
1905,Chelsea,Leicester City,3,3,2,2,6,0,0
1905,Chelsea,Manchester United,1,1,2,2,2,0,0
1905,Chelsea,West Bromwich Albion,1,0,2,2,1,1,1
1905,Chesterfield,Burton United,1,0,2,2,1,1,1
1905,Chesterfield,Glossop North End,3,1,2,2,4,2,1
1905,Chesterfield,Stockport County,3,1,2,2,4,2,1
1905,Gainsborough Trinity,Blackpool,0,1,2,2,1,-1,0
1905,Gainsborough Trinity,Chesterfield,4,0,2,2,4,4,1
1905,Gainsborough Trinity,Leyton Orient,2,1,2,2,3,1,1
1905,Gainsborough Trinity,Port Vale,4,0,2,2,4,4,1
1905,Glossop North End,Barnsley,2,2,2,2,4,0,0
1905,Glossop North End,Grimsby Town,2,0,2,2,2,2,1
1905,Glossop North End,Leicester City,0,0,2,2,0,0,0
1905,Grimsby Town,Bradford City,1,0,2,2,1,1,1
1905,Grimsby Town,Gainsborough Trinity,2,0,2,2,2,2,1
1905,Grimsby Town,Leeds City,1,1,2,2,2,0,0
1905,Hull City,Blackpool,2,2,2,2,4,0,0
1905,Hull City,Burnley,1,1,2,2,2,0,0
1905,Leeds City,Barnsley,3,2,2,2,5,1,1
1905,Leeds City,Leicester City,4,1,2,2,5,3,1
1905,Leeds City,Manchester United,1,3,2,2,4,-2,0
1905,Leicester City,Bradford City,2,4,2,2,6,-2,0
1905,Leicester City,Gainsborough Trinity,4,0,2,2,4,4,1
1905,Leicester City,Lincoln City,3,1,2,2,4,2,1
1905,Leyton Orient,Burnley,3,0,2,2,3,3,1
1905,Leyton Orient,Grimsby Town,1,2,2,2,3,-1,0
1905,Leyton Orient,Port Vale,1,3,2,2,4,-2,0
1905,Lincoln City,Bristol City,0,3,2,2,3,-3,0
1905,Lincoln City,Glossop North End,4,1,2,2,5,3,1
1905,Lincoln City,West Bromwich Albion,1,2,2,2,3,-1,0
1905,Manchester United,Gainsborough Trinity,2,0,2,2,2,2,1
1905,Manchester United,Hull City,5,0,2,2,5,5,1
1905,Manchester United,Stockport County,3,1,2,2,4,2,1
1905,Port Vale,Blackpool,1,2,2,2,3,-1,0
1905,Port Vale,Manchester United,1,0,2,2,1,1,1
1905,Stockport County,Chelsea,1,0,2,2,1,1,1
1905,Stockport County,Glossop North End,5,0,2,2,5,5,1
1905,Stockport County,Lincoln City,3,0,2,2,3,3,1
1905,West Bromwich Albion,Hull City,1,1,2,2,2,0,0
1906,Arsenal,Birmingham City,2,1,1,1,3,1,1
1906,Arsenal,Manchester United,4,0,1,1,4,4,1
1906,Arsenal,Notts County,1,0,1,1,1,1,1
1906,Arsenal,Sheffield Wednesday,1,0,1,1,1,1,1
1906,Aston Villa,Derby County,2,0,1,1,2,2,1
1906,Aston Villa,Sheffield United,5,1,1,1,6,4,1
1906,Birmingham City,Liverpool,2,1,1,1,3,1,1
1906,Birmingham City,Middlesbrough,0,0,1,1,0,0,0
1906,Birmingham City,Stoke City,2,1,1,1,3,1,1
1906,Blackburn Rovers,Aston Villa,2,1,1,1,3,1,1
1906,Blackburn Rovers,Manchester United,2,4,1,1,6,-2,0
1906,Bolton Wanderers,Blackburn Rovers,5,2,1,1,7,3,1
1906,Bolton Wanderers,Manchester City,1,1,1,1,2,0,0
1906,Bolton Wanderers,Newcastle United,4,2,1,1,6,2,1
1906,Bolton Wanderers,Sheffield United,6,1,1,1,7,5,1
1906,Bolton Wanderers,Sunderland,1,0,1,1,1,1,1
1906,Bristol City,Birmingham City,0,0,1,1,0,0,0
1906,Bristol City,Bury,2,0,1,1,2,2,1
1906,Bristol City,Middlesbrough,3,0,1,1,3,3,1
1906,Bristol City,Preston North End,1,0,1,1,1,1,1
1906,Bury,Everton,1,2,1,1,3,-1,0
1906,Bury,Manchester United,1,2,1,1,3,-1,0
1906,Derby County,Arsenal,0,0,1,1,0,0,0
1906,Derby County,Blackburn Rovers,2,3,1,1,5,-1,0
1906,Derby County,Manchester City,2,2,1,1,4,0,0
1906,Derby County,Sheffield United,3,0,1,1,3,3,1
1906,Derby County,Sunderland,1,1,1,1,2,0,0
1906,Everton,Bristol City,2,0,1,1,2,2,1
1906,Everton,Middlesbrough,5,1,1,1,6,4,1
1906,Everton,Stoke City,3,0,1,1,3,3,1
1906,Liverpool,Manchester United,0,1,1,1,1,-1,0
1906,Liverpool,Sheffield Wednesday,1,2,1,1,3,-1,0
1906,Manchester City,Blackburn Rovers,0,0,1,1,0,0,0
1906,Manchester City,Liverpool,1,0,1,1,1,1,1
1906,Manchester City,Newcastle United,1,1,1,1,2,0,0
1906,Manchester City,Sheffield United,0,2,1,1,2,-2,0
1906,Manchester City,Sunderland,2,3,1,1,5,-1,0
1906,Manchester United,Everton,3,0,1,1,3,3,1
1906,Manchester United,Middlesbrough,3,1,1,1,4,2,1
1906,Manchester United,Stoke City,4,1,1,1,5,3,1
1906,Middlesbrough,Aston Villa,1,0,1,1,1,1,1
1906,Middlesbrough,Bolton Wanderers,0,0,1,1,0,0,0
1906,Middlesbrough,Derby County,4,1,1,1,5,3,1
1906,Middlesbrough,Notts County,2,0,1,1,2,2,1
1906,Middlesbrough,Sheffield Wednesday,1,3,1,1,4,-2,0
1906,Newcastle United,Middlesbrough,4,0,1,1,4,4,1
1906,Newcastle United,Sunderland,4,2,1,1,6,2,1
1906,Notts County,Everton,0,1,1,1,1,-1,0
1906,Preston North End,Bolton Wanderers,3,1,1,1,4,2,1
1906,Preston North End,Derby County,1,0,1,1,1,1,1
1906,Preston North End,Newcastle United,2,2,1,1,4,0,0
1906,Sheffield United,Arsenal,4,2,1,1,6,2,1
1906,Sheffield United,Blackburn Rovers,3,0,1,1,3,3,1
1906,Sheffield United,Bury,3,0,1,1,3,3,1
1906,Sheffield United,Liverpool,1,0,1,1,1,1,1
1906,Sheffield United,Middlesbrough,1,1,1,1,2,0,0
1906,Sheffield Wednesday,Bristol City,3,0,1,1,3,3,1
1906,Sheffield Wednesday,Notts County,1,3,1,1,4,-2,0
1906,Sheffield Wednesday,Stoke City,0,1,1,1,1,-1,0
1906,Stoke City,Aston Villa,0,2,1,1,2,-2,0
1906,Stoke City,Bolton Wanderers,3,0,1,1,3,3,1
1906,Stoke City,Derby County,2,1,1,1,3,1,1
1906,Stoke City,Newcastle United,1,2,1,1,3,-1,0
1906,Sunderland,Arsenal,2,3,1,1,5,-1,0
1906,Sunderland,Blackburn Rovers,1,0,1,1,1,1,1
1906,Sunderland,Liverpool,5,5,1,1,10,0,0
1906,Sunderland,Stoke City,3,1,1,1,4,2,1
1906,Barnsley,Burnley,5,0,2,2,5,5,1
1906,Barnsley,Chesterfield,2,1,2,2,3,1,1
1906,Barnsley,West Bromwich Albion,0,1,2,2,1,-1,0
1906,Blackpool,Bradford City,1,0,2,2,1,1,1
1906,Blackpool,Leeds City,1,0,2,2,1,1,1
1906,Blackpool,Stockport County,0,1,2,2,1,-1,0
1906,Bradford City,Barnsley,2,0,2,2,2,2,1
1906,Bradford City,Gainsborough Trinity,1,1,2,2,2,0,0
1906,Burnley,Nottingham Forest,2,1,2,2,3,1,1
1906,Burton United,Chelsea,2,1,2,2,3,1,1
1906,Burton United,Leeds City,0,2,2,2,2,-2,0
1906,Chelsea,Barnsley,2,1,2,2,3,1,1
1906,Chelsea,Burnley,2,0,2,2,2,2,1
1906,Chelsea,Leyton Orient,2,1,2,2,3,1,1
1906,Chesterfield,Bradford City,3,4,2,2,7,-1,0
1906,Chesterfield,Chelsea,0,0,2,2,0,0,0
1906,Chesterfield,West Bromwich Albion,2,2,2,2,4,0,0
1906,Gainsborough Trinity,Leeds City,1,0,2,2,1,1,1
1906,Glossop North End,Barnsley,2,1,2,2,3,1,1
1906,Glossop North End,Chesterfield,3,1,2,2,4,2,1
1906,Glossop North End,Hull City,2,4,2,2,6,-2,0
1906,Glossop North End,Leyton Orient,3,0,2,2,3,3,1
1906,Glossop North End,Port Vale,4,0,2,2,4,4,1
1906,Glossop North End,Wolverhampton Wanderers,2,1,2,2,3,1,1
1906,Grimsby Town,Bradford City,0,2,2,2,2,-2,0
1906,Grimsby Town,Glossop North End,2,1,2,2,3,1,1
1906,Grimsby Town,Leicester City,0,1,2,2,1,-1,0
1906,Grimsby Town,Nottingham Forest,3,1,2,2,4,2,1
1906,Grimsby Town,West Bromwich Albion,2,1,2,2,3,1,1
1906,Hull City,Burton United,3,0,2,2,3,3,1
1906,Hull City,Gainsborough Trinity,2,4,2,2,6,-2,0
1906,Hull City,Leeds City,2,1,2,2,3,1,1
1906,Hull City,Lincoln City,1,2,2,2,3,-1,0
1906,Hull City,Stockport County,3,0,2,2,3,3,1
1906,Leeds City,Barnsley,2,1,2,2,3,1,1
1906,Leeds City,Burnley,0,1,2,2,1,-1,0
1906,Leeds City,Chesterfield,1,0,2,2,1,1,1
1906,Leeds City,Grimsby Town,4,3,2,2,7,1,1
1906,Leeds City,Leyton Orient,3,2,2,2,5,1,1
1906,Leeds City,Port Vale,2,0,2,2,2,2,1
1906,Leicester City,Chelsea,1,1,2,2,2,0,0
1906,Leicester City,Glossop North End,2,2,2,2,4,0,0
1906,Leicester City,West Bromwich Albion,3,0,2,2,3,3,1
1906,Leyton Orient,Blackpool,0,0,2,2,0,0,0
1906,Leyton Orient,Hull City,2,1,2,2,3,1,1
1906,Lincoln City,Barnsley,1,0,2,2,1,1,1
1906,Lincoln City,Grimsby Town,2,1,2,2,3,1,1
1906,Lincoln City,Port Vale,4,0,2,2,4,4,1
1906,Lincoln City,Wolverhampton Wanderers,0,4,2,2,4,-4,0
1906,Nottingham Forest,Bradford City,3,0,2,2,3,3,1
1906,Nottingham Forest,Chelsea,3,1,2,2,4,2,1
1906,Nottingham Forest,Leeds City,3,0,2,2,3,3,1
1906,Nottingham Forest,Lincoln City,3,1,2,2,4,2,1
1906,Port Vale,Blackpool,3,0,2,2,3,3,1
1906,Port Vale,Gainsborough Trinity,1,0,2,2,1,1,1
1906,Port Vale,Hull City,2,1,2,2,3,1,1
1906,Port Vale,Leyton Orient,3,2,2,2,5,1,1
1906,Stockport County,Leicester City,1,0,2,2,1,1,1
1906,Stockport County,Wolverhampton Wanderers,0,0,2,2,0,0,0
1906,West Bromwich Albion,Bradford City,3,0,2,2,3,3,1
1906,West Bromwich Albion,Chelsea,1,2,2,2,3,-1,0
1906,West Bromwich Albion,Leeds City,5,0,2,2,5,5,1
1906,Wolverhampton Wanderers,Gainsborough Trinity,1,0,2,2,1,1,1
1906,Wolverhampton Wanderers,Hull City,1,1,2,2,2,0,0
1906,Wolverhampton Wanderers,Leyton Orient,6,1,2,2,7,5,1
1906,Wolverhampton Wanderers,Port Vale,6,2,2,2,8,4,1
1907,Arsenal,Aston Villa,0,1,1,1,1,-1,0
1907,Arsenal,Chelsea,0,0,1,1,0,0,0
1907,Arsenal,Newcastle United,2,2,1,1,4,0,0
1907,Arsenal,Preston North End,1,1,1,1,2,0,0
1907,Arsenal,Sunderland,4,0,1,1,4,4,1
1907,Aston Villa,Blackburn Rovers,1,1,1,1,2,0,0
1907,Aston Villa,Middlesbrough,6,0,1,1,6,6,1
1907,Aston Villa,Sheffield Wednesday,5,0,1,1,5,5,1
1907,Birmingham City,Everton,2,1,1,1,3,1,1
1907,Birmingham City,Manchester United,3,4,1,1,7,-1,0
1907,Birmingham City,Sheffield United,0,0,1,1,0,0,0
1907,Blackburn Rovers,Arsenal,1,1,1,1,2,0,0
1907,Blackburn Rovers,Bolton Wanderers,3,2,1,1,5,1,1
1907,Blackburn Rovers,Chelsea,2,0,1,1,2,2,1
1907,Blackburn Rovers,Newcastle United,1,1,1,1,2,0,0
1907,Bolton Wanderers,Bury,3,6,1,1,9,-3,0
1907,Bolton Wanderers,Liverpool,0,4,1,1,4,-4,0
1907,Bolton Wanderers,Sheffield Wednesday,2,1,1,1,3,1,1
1907,Bristol City,Bolton Wanderers,2,0,1,1,2,2,1
1907,Bristol City,Nottingham Forest,3,0,1,1,3,3,1
1907,Bury,Preston North End,5,1,1,1,6,4,1
1907,Chelsea,Notts County,1,2,1,1,3,-1,0
1907,Chelsea,Sheffield Wednesday,3,1,1,1,4,2,1
1907,Everton,Bolton Wanderers,2,1,1,1,3,1,1
1907,Everton,Chelsea,0,3,1,1,3,-3,0
1907,Everton,Manchester United,1,3,1,1,4,-2,0
1907,Everton,Sheffield United,2,1,1,1,3,1,1
1907,Liverpool,Arsenal,4,1,1,1,5,3,1
1907,Liverpool,Newcastle United,1,5,1,1,6,-4,0
1907,Liverpool,Sunderland,1,0,1,1,1,1,1
1907,Manchester City,Birmingham City,2,1,1,1,3,1,1
1907,Manchester City,Bristol City,0,0,1,1,0,0,0
1907,Manchester City,Everton,4,2,1,1,6,2,1
1907,Manchester City,Notts County,2,1,1,1,3,1,1
1907,Manchester City,Sheffield Wednesday,3,2,1,1,5,1,1
1907,Manchester United,Aston Villa,1,2,1,1,3,-1,0
1907,Manchester United,Bolton Wanderers,2,1,1,1,3,1,1
1907,Manchester United,Manchester City,3,1,1,1,4,2,1
1907,Manchester United,Nottingham Forest,4,0,1,1,4,4,1
1907,Manchester United,Sheffield United,2,1,1,1,3,1,1
1907,Middlesbrough,Blackburn Rovers,3,0,1,1,3,3,1
1907,Middlesbrough,Liverpool,3,1,1,1,4,2,1
1907,Middlesbrough,Newcastle United,2,1,1,1,3,1,1
1907,Middlesbrough,Preston North End,1,0,1,1,1,1,1
1907,Middlesbrough,Sunderland,3,1,1,1,4,2,1
1907,Newcastle United,Birmingham City,8,0,1,1,8,8,1
1907,Newcastle United,Bristol City,2,0,1,1,2,2,1
1907,Newcastle United,Notts County,1,1,1,1,2,0,0
1907,Nottingham Forest,Aston Villa,2,2,1,1,4,0,0
1907,Nottingham Forest,Sheffield United,1,1,1,1,2,0,0
1907,Notts County,Arsenal,2,0,1,1,2,2,1
1907,Notts County,Blackburn Rovers,0,2,1,1,2,-2,0
1907,Notts County,Liverpool,2,2,1,1,4,0,0
1907,Preston North End,Nottingham Forest,0,1,1,1,1,-1,0
1907,Preston North End,Sheffield Wednesday,1,1,1,1,2,0,0
1907,Sheffield United,Aston Villa,1,1,1,1,2,0,0
1907,Sheffield United,Chelsea,0,3,1,1,3,-3,0
1907,Sheffield United,Manchester City,1,2,1,1,3,-1,0
1907,Sheffield United,Newcastle United,1,1,1,1,2,0,0
1907,Sheffield Wednesday,Blackburn Rovers,2,0,1,1,2,2,1
1907,Sheffield Wednesday,Bury,2,0,1,1,2,2,1
1907,Sheffield Wednesday,Liverpool,1,2,1,1,3,-1,0
1907,Sheffield Wednesday,Middlesbrough,3,2,1,1,5,1,1
1907,Sunderland,Birmingham City,1,0,1,1,1,1,1
1907,Sunderland,Everton,1,2,1,1,3,-1,0
1907,Sunderland,Manchester United,1,2,1,1,3,-1,0
1907,Sunderland,Sheffield United,4,1,1,1,5,3,1
1907,Barnsley,Bradford City,1,2,2,2,3,-1,0
1907,Barnsley,Derby County,2,4,2,2,6,-2,0
1907,Barnsley,Glossop North End,4,1,2,2,5,3,1
1907,Barnsley,Leeds City,1,3,2,2,4,-2,0
1907,Barnsley,Lincoln City,2,1,2,2,3,1,1
1907,Barnsley,Stoke City,0,1,2,2,1,-1,0
1907,Blackpool,Chesterfield,2,0,2,2,2,2,1
1907,Blackpool,Gainsborough Trinity,0,1,2,2,1,-1,0
1907,Blackpool,Hull City,1,1,2,2,2,0,0
1907,Blackpool,Wolverhampton Wanderers,0,2,2,2,2,-2,0
1907,Bradford City,Grimsby Town,1,1,2,2,2,0,0
1907,Bradford City,Leicester City,1,5,2,2,6,-4,0
1907,Bradford City,West Bromwich Albion,0,0,2,2,0,0,0
1907,Burnley,Blackpool,2,1,2,2,3,1,1
1907,Burnley,Derby County,2,2,2,2,4,0,0
1907,Burnley,Glossop North End,1,0,2,2,1,1,1
1907,Burnley,Lincoln City,1,2,2,2,3,-1,0
1907,Chesterfield,Barnsley,1,3,2,2,4,-2,0
1907,Chesterfield,Burnley,2,4,2,2,6,-2,0
1907,Chesterfield,Gainsborough Trinity,2,2,2,2,4,0,0
1907,Chesterfield,Hull City,1,2,2,2,3,-1,0
1907,Chesterfield,Leyton Orient,1,1,2,2,2,0,0
1907,Chesterfield,Wolverhampton Wanderers,2,0,2,2,2,2,1
1907,Fulham,Glossop North End,6,1,2,2,7,5,1
1907,Fulham,Stoke City,5,1,2,2,6,4,1
1907,Gainsborough Trinity,Barnsley,0,1,2,2,1,-1,0
1907,Gainsborough Trinity,Leyton Orient,0,0,2,2,0,0,0
1907,Gainsborough Trinity,Wolverhampton Wanderers,0,1,2,2,1,-1,0
1907,Glossop North End,Derby County,2,3,2,2,5,-1,0
1907,Glossop North End,Grimsby Town,1,2,2,2,3,-1,0
1907,Glossop North End,West Bromwich Albion,2,1,2,2,3,1,1
1907,Grimsby Town,Stoke City,1,0,2,2,1,1,1
1907,Hull City,Barnsley,2,0,2,2,2,2,1
1907,Hull City,Grimsby Town,4,2,2,2,6,2,1
1907,Hull City,Leyton Orient,5,0,2,2,5,5,1
1907,Leeds City,Derby County,5,1,2,2,6,4,1
1907,Leeds City,Glossop North End,2,1,2,2,3,1,1
1907,Leeds City,Leicester City,0,0,2,2,0,0,0
1907,Leeds City,Oldham Athletic,1,2,2,2,3,-1,0
1907,Leeds City,West Bromwich Albion,1,0,2,2,1,1,1
1907,Leicester City,Hull City,3,2,2,2,5,1,1
1907,Leicester City,Stoke City,1,0,2,2,1,1,1
1907,Leyton Orient,Burnley,0,1,2,2,1,-1,0
1907,Leyton Orient,Fulham,0,1,2,2,1,-1,0
1907,Lincoln City,Derby County,1,0,2,2,1,1,1
1907,Lincoln City,West Bromwich Albion,0,2,2,2,2,-2,0
1907,Oldham Athletic,Blackpool,3,2,2,2,5,1,1
1907,Oldham Athletic,Chesterfield,4,0,2,2,4,4,1
1907,Oldham Athletic,Gainsborough Trinity,4,1,2,2,5,3,1
1907,Oldham Athletic,Hull City,3,0,2,2,3,3,1
1907,Oldham Athletic,Leyton Orient,4,1,2,2,5,3,1
1907,Oldham Athletic,Stoke City,3,1,2,2,4,2,1
1907,Stockport County,Barnsley,2,0,2,2,2,2,1
1907,Stockport County,Burnley,1,3,2,2,4,-2,0
1907,Stockport County,Fulham,2,0,2,2,2,2,1
1907,Stockport County,Grimsby Town,3,0,2,2,3,3,1
1907,Stockport County,Leicester City,2,1,2,2,3,1,1
1907,Stockport County,Wolverhampton Wanderers,1,3,2,2,4,-2,0
1907,Stoke City,Bradford City,3,0,2,2,3,3,1
1907,West Bromwich Albion,Blackpool,3,0,2,2,3,3,1
1907,West Bromwich Albion,Chesterfield,4,0,2,2,4,4,1
1907,West Bromwich Albion,Gainsborough Trinity,0,1,2,2,1,-1,0
1907,Wolverhampton Wanderers,Barnsley,0,1,2,2,1,-1,0
1907,Wolverhampton Wanderers,Burnley,5,1,2,2,6,4,1
1907,Wolverhampton Wanderers,Fulham,2,0,2,2,2,2,1
1907,Wolverhampton Wanderers,Grimsby Town,5,1,2,2,6,4,1
1907,Wolverhampton Wanderers,Oldham Athletic,2,1,2,2,3,1,1
1908,Arsenal,Chelsea,0,0,1,1,0,0,0
1908,Arsenal,Middlesbrough,1,1,1,1,2,0,0
1908,Arsenal,Notts County,1,0,1,1,1,1,1
1908,Aston Villa,Blackburn Rovers,1,1,1,1,2,0,0
1908,Aston Villa,Bury,3,0,1,1,3,3,1
1908,Aston Villa,Leicester City,1,1,1,1,2,0,0
1908,Aston Villa,Manchester United,3,1,1,1,4,2,1
1908,Aston Villa,Nottingham Forest,1,2,1,1,3,-1,0
1908,Aston Villa,Sheffield United,3,0,1,1,3,3,1
1908,Blackburn Rovers,Arsenal,1,3,1,1,4,-2,0
1908,Blackburn Rovers,Bristol City,1,1,1,1,2,0,0
1908,Blackburn Rovers,Everton,0,0,1,1,0,0,0
1908,Blackburn Rovers,Manchester City,3,2,1,1,5,1,1
1908,Blackburn Rovers,Preston North End,1,1,1,1,2,0,0
1908,Bradford City,Chelsea,3,0,1,1,3,3,1
1908,Bristol City,Bury,4,2,1,1,6,2,1
1908,Bristol City,Leicester City,1,1,1,1,2,0,0
1908,Bristol City,Manchester United,0,0,1,1,0,0,0
1908,Bury,Everton,2,2,1,1,4,0,0
1908,Bury,Manchester City,1,0,1,1,1,1,1
1908,Bury,Preston North End,0,1,1,1,1,-1,0
1908,Chelsea,Bury,4,1,1,1,5,3,1
1908,Chelsea,Liverpool,3,0,1,1,3,3,1
1908,Chelsea,Middlesbrough,3,0,1,1,3,3,1
1908,Chelsea,Notts County,3,2,1,1,5,1,1
1908,Chelsea,Sheffield Wednesday,2,2,1,1,4,0,0
1908,Everton,Aston Villa,3,1,1,1,4,2,1
1908,Everton,Manchester United,3,2,1,1,5,1,1
1908,Everton,Sheffield United,5,1,1,1,6,4,1
1908,Leicester City,Bradford City,1,4,1,1,5,-3,0
1908,Leicester City,Chelsea,5,2,1,1,7,3,1
1908,Leicester City,Newcastle United,0,4,1,1,4,-4,0
1908,Liverpool,Bury,2,2,1,1,4,0,0
1908,Liverpool,Middlesbrough,1,2,1,1,3,-1,0
1908,Liverpool,Notts County,1,1,1,1,2,0,0
1908,Liverpool,Sheffield Wednesday,1,2,1,1,3,-1,0
1908,Manchester City,Aston Villa,2,0,1,1,2,2,1
1908,Manchester City,Bristol City,5,1,1,1,6,4,1
1908,Manchester United,Bradford City,2,0,1,1,2,2,1
1908,Manchester United,Preston North End,0,2,1,1,2,-2,0
1908,Middlesbrough,Blackburn Rovers,1,0,1,1,1,1,1
1908,Middlesbrough,Leicester City,6,2,1,1,8,4,1
1908,Middlesbrough,Manchester United,5,0,1,1,5,5,1
1908,Newcastle United,Bristol City,2,1,1,1,3,1,1
1908,Newcastle United,Everton,3,0,1,1,3,3,1
1908,Newcastle United,Nottingham Forest,1,1,1,1,2,0,0
1908,Nottingham Forest,Chelsea,2,1,1,1,3,1,1
1908,Nottingham Forest,Middlesbrough,4,1,1,1,5,3,1
1908,Nottingham Forest,Sunderland,4,0,1,1,4,4,1
1908,Notts County,Blackburn Rovers,2,3,1,1,5,-1,0
1908,Notts County,Leicester City,2,3,1,1,5,-1,0
1908,Notts County,Manchester United,0,1,1,1,1,-1,0
1908,Notts County,Nottingham Forest,3,0,1,1,3,3,1
1908,Preston North End,Bristol City,2,1,1,1,3,1,1
1908,Preston North End,Everton,3,3,1,1,6,0,0
1908,Preston North End,Manchester City,3,0,1,1,3,3,1
1908,Preston North End,Sheffield United,1,1,1,1,2,0,0
1908,Sheffield United,Bradford City,3,0,1,1,3,3,1
1908,Sheffield United,Chelsea,1,3,1,1,4,-2,0
1908,Sheffield United,Liverpool,0,2,1,1,2,-2,0
1908,Sheffield United,Notts County,3,2,1,1,5,1,1
1908,Sheffield Wednesday,Bury,4,3,1,1,7,1,1
1908,Sunderland,Everton,2,0,1,1,2,2,1
1908,Barnsley,Birmingham City,3,1,2,2,4,2,1
1908,Barnsley,Bradford Park Avenue,3,1,2,2,4,2,1
1908,Barnsley,Derby County,1,0,2,2,1,1,1
1908,Barnsley,Glossop North End,1,3,2,2,4,-2,0
1908,Barnsley,Stockport County,2,0,2,2,2,2,1
1908,Birmingham City,Oldham Athletic,2,0,2,2,2,2,1
1908,Birmingham City,West Bromwich Albion,0,0,2,2,0,0,0
1908,Blackpool,Grimsby Town,2,2,2,2,4,0,0
1908,Blackpool,Leyton Orient,1,3,2,2,4,-2,0
1908,Blackpool,Tottenham Hotspur,1,1,2,2,2,0,0
1908,Bolton Wanderers,Barnsley,3,0,2,2,3,3,1
1908,Bolton Wanderers,Bradford Park Avenue,0,1,2,2,1,-1,0
1908,Bolton Wanderers,Stockport County,4,1,2,2,5,3,1
1908,Bradford Park Avenue,Blackpool,4,3,2,2,7,1,1
1908,Bradford Park Avenue,Hull City,1,0,2,2,1,1,1
1908,Bradford Park Avenue,Oldham Athletic,3,4,2,2,7,-1,0
1908,Burnley,Fulham,1,3,2,2,4,-2,0
1908,Burnley,Tottenham Hotspur,1,2,2,2,3,-1,0
1908,Chesterfield,Bolton Wanderers,0,2,2,2,2,-2,0
1908,Chesterfield,Leeds City,2,0,2,2,2,2,1
1908,Chesterfield,Wolverhampton Wanderers,1,1,2,2,2,0,0
1908,Derby County,Blackpool,1,1,2,2,2,0,0
1908,Derby County,Hull City,0,0,2,2,0,0,0
1908,Derby County,Oldham Athletic,1,0,2,2,1,1,1
1908,Derby County,West Bromwich Albion,2,1,2,2,3,1,1
1908,Fulham,Birmingham City,1,1,2,2,2,0,0
1908,Fulham,Bradford Park Avenue,3,1,2,2,4,2,1
1908,Fulham,Derby County,1,2,2,2,3,-1,0
1908,Fulham,Grimsby Town,5,2,2,2,7,3,1
1908,Gainsborough Trinity,Barnsley,4,1,2,2,5,3,1
1908,Gainsborough Trinity,Chesterfield,3,0,2,2,3,3,1
1908,Gainsborough Trinity,Leeds City,1,1,2,2,2,0,0
1908,Gainsborough Trinity,Stockport County,3,2,2,2,5,1,1
1908,Gainsborough Trinity,Wolverhampton Wanderers,1,0,2,2,1,1,1
1908,Glossop North End,Blackpool,3,0,2,2,3,3,1
1908,Glossop North End,Burnley,1,2,2,2,3,-1,0
1908,Glossop North End,Fulham,0,0,2,2,0,0,0
1908,Glossop North End,Hull City,2,1,2,2,3,1,1
1908,Glossop North End,West Bromwich Albion,1,3,2,2,4,-2,0
1908,Grimsby Town,Birmingham City,0,3,2,2,3,-3,0
1908,Grimsby Town,Bradford Park Avenue,1,1,2,2,2,0,0
1908,Grimsby Town,Glossop North End,2,0,2,2,2,2,1
1908,Grimsby Town,Leyton Orient,1,0,2,2,1,1,1
1908,Hull City,Barnsley,4,0,2,2,4,4,1
1908,Hull City,Bolton Wanderers,2,0,2,2,2,2,1
1908,Hull City,Chesterfield,1,0,2,2,1,1,1
1908,Hull City,Leeds City,4,1,2,2,5,3,1
1908,Hull City,Stockport County,4,1,2,2,5,3,1
1908,Leeds City,Blackpool,1,0,2,2,1,1,1
1908,Leeds City,Fulham,2,0,2,2,2,2,1
1908,Leeds City,Oldham Athletic,3,0,2,2,3,3,1
1908,Leyton Orient,Birmingham City,3,2,2,2,5,1,1
1908,Leyton Orient,Leeds City,0,0,2,2,0,0,0
1908,Leyton Orient,Tottenham Hotspur,0,0,2,2,0,0,0
1908,Oldham Athletic,Barnsley,0,0,2,2,0,0,0
1908,Oldham Athletic,Bolton Wanderers,1,1,2,2,2,0,0
1908,Oldham Athletic,Chesterfield,2,0,2,2,2,2,1
1908,Stockport County,Blackpool,1,0,2,2,1,1,1
1908,Stockport County,Fulham,1,2,2,2,3,-1,0
1908,Stockport County,Grimsby Town,0,1,2,2,1,-1,0
1908,Stockport County,Leyton Orient,1,1,2,2,2,0,0
1908,Tottenham Hotspur,Derby County,0,0,2,2,0,0,0
1908,Tottenham Hotspur,Glossop North End,3,3,2,2,6,0,0
1908,Tottenham Hotspur,Leeds City,3,0,2,2,3,3,1
1908,West Bromwich Albion,Barnsley,1,1,2,2,2,0,0
1908,West Bromwich Albion,Gainsborough Trinity,2,0,2,2,2,2,1
1908,West Bromwich Albion,Oldham Athletic,1,0,2,2,1,1,1
1908,Wolverhampton Wanderers,Burnley,2,1,2,2,3,1,1
1908,Wolverhampton Wanderers,Fulham,0,1,2,2,1,-1,0
1908,Wolverhampton Wanderers,Leyton Orient,5,1,2,2,6,4,1
1909,Arsenal,Blackburn Rovers,0,1,1,1,1,-1,0
1909,Arsenal,Bristol City,2,2,1,1,4,0,0
1909,Arsenal,Notts County,1,2,1,1,3,-1,0
1909,Arsenal,Sheffield Wednesday,0,1,1,1,1,-1,0
1909,Aston Villa,Bradford City,3,1,1,1,4,2,1
1909,Aston Villa,Tottenham Hotspur,3,2,1,1,5,1,1
1909,Blackburn Rovers,Bury,5,1,1,1,6,4,1
1909,Blackburn Rovers,Newcastle United,2,0,1,1,2,2,1
1909,Blackburn Rovers,Sunderland,0,0,1,1,0,0,0
1909,Bolton Wanderers,Everton,0,1,1,1,1,-1,0
1909,Bolton Wanderers,Middlesbrough,1,1,1,1,2,0,0
1909,Bolton Wanderers,Notts County,3,4,1,1,7,-1,0
1909,Bradford City,Chelsea,4,1,1,1,5,3,1
1909,Bradford City,Nottingham Forest,1,1,1,1,2,0,0
1909,Bradford City,Sheffield United,2,0,1,1,2,2,1
1909,Bristol City,Bury,1,1,1,1,2,0,0
1909,Bristol City,Newcastle United,0,3,1,1,3,-3,0
1909,Bristol City,Sunderland,2,3,1,1,5,-1,0
1909,Bury,Bradford City,3,4,1,1,7,-1,0
1909,Bury,Middlesbrough,2,1,1,1,3,1,1
1909,Bury,Sheffield Wednesday,3,2,1,1,5,1,1
1909,Chelsea,Arsenal,0,1,1,1,1,-1,0
1909,Chelsea,Bolton Wanderers,3,2,1,1,5,1,1
1909,Chelsea,Manchester United,1,1,1,1,2,0,0
1909,Everton,Liverpool,2,3,1,1,5,-1,0
1909,Everton,Preston North End,2,1,1,1,3,1,1
1909,Everton,Sunderland,2,1,1,1,3,1,1
1909,Liverpool,Bradford City,1,0,1,1,1,1,1
1909,Liverpool,Chelsea,5,1,1,1,6,4,1
1909,Liverpool,Middlesbrough,0,0,1,1,0,0,0
1909,Liverpool,Notts County,2,1,1,1,3,1,1
1909,Liverpool,Sheffield Wednesday,3,1,1,1,4,2,1
1909,Manchester United,Bolton Wanderers,5,0,1,1,5,5,1
1909,Manchester United,Liverpool,3,4,1,1,7,-1,0
1909,Manchester United,Nottingham Forest,2,6,1,1,8,-4,0
1909,Manchester United,Sheffield United,1,0,1,1,1,1,1
1909,Middlesbrough,Blackburn Rovers,1,3,1,1,4,-2,0
1909,Middlesbrough,Bristol City,0,0,1,1,0,0,0
1909,Newcastle United,Manchester United,3,4,1,1,7,-1,0
1909,Newcastle United,Notts County,1,3,1,1,4,-2,0
1909,Nottingham Forest,Arsenal,1,1,1,1,2,0,0
1909,Nottingham Forest,Bolton Wanderers,2,0,1,1,2,2,1
1909,Nottingham Forest,Bury,3,3,1,1,6,0,0
1909,Nottingham Forest,Newcastle United,0,1,1,1,1,-1,0
1909,Nottingham Forest,Sheffield United,2,3,1,1,5,-1,0
1909,Nottingham Forest,Tottenham Hotspur,2,2,1,1,4,0,0
1909,Notts County,Blackburn Rovers,2,2,1,1,4,0,0
1909,Notts County,Bristol City,0,2,1,1,2,-2,0
1909,Notts County,Preston North End,3,1,1,1,4,2,1
1909,Notts County,Sunderland,1,1,1,1,2,0,0
1909,Preston North End,Aston Villa,1,0,1,1,1,1,1
1909,Preston North End,Bradford City,2,2,1,1,4,0,0
1909,Preston North End,Chelsea,2,0,1,1,2,2,1
1909,Preston North End,Nottingham Forest,0,1,1,1,1,-1,0
1909,Sheffield United,Preston North End,5,1,1,1,6,4,1
1909,Sheffield Wednesday,Middlesbrough,1,5,1,1,6,-4,0
1909,Sheffield Wednesday,Notts County,0,0,1,1,0,0,0
1909,Sheffield Wednesday,Sunderland,1,0,1,1,1,1,1
1909,Sunderland,Bradford City,3,0,1,1,3,3,1
1909,Sunderland,Manchester United,3,0,1,1,3,3,1
1909,Tottenham Hotspur,Arsenal,1,1,1,1,2,0,0
1909,Tottenham Hotspur,Bolton Wanderers,1,1,1,1,2,0,0
1909,Tottenham Hotspur,Liverpool,1,0,1,1,1,1,1
1909,Tottenham Hotspur,Newcastle United,0,4,1,1,4,-4,0
1909,Tottenham Hotspur,Preston North End,2,1,1,1,3,1,1
1909,Barnsley,Bradford Park Avenue,4,0,2,2,4,4,1
1909,Barnsley,Grimsby Town,2,1,2,2,3,1,1
1909,Barnsley,Manchester City,1,1,2,2,2,0,0
1909,Birmingham City,Glossop North End,2,2,2,2,4,0,0
1909,Birmingham City,Leeds City,1,2,2,2,3,-1,0
1909,Birmingham City,Lincoln City,1,0,2,2,1,1,1
1909,Birmingham City,Stockport County,3,0,2,2,3,3,1
1909,Blackpool,Gainsborough Trinity,0,2,2,2,2,-2,0
1909,Blackpool,Hull City,1,2,2,2,3,-1,0
1909,Blackpool,Oldham Athletic,1,3,2,2,4,-2,0
1909,Bradford Park Avenue,Leicester City,1,3,2,2,4,-2,0
1909,Bradford Park Avenue,West Bromwich Albion,1,0,2,2,1,1,1
1909,Burnley,Glossop North End,0,1,2,2,1,-1,0
1909,Burnley,Lincoln City,3,0,2,2,3,3,1
1909,Burnley,Stockport County,2,2,2,2,4,0,0
1909,Derby County,Barnsley,2,1,2,2,3,1,1
1909,Derby County,Leyton Orient,1,0,2,2,1,1,1
1909,Derby County,Oldham Athletic,1,1,2,2,2,0,0
1909,Derby County,Wolverhampton Wanderers,5,0,2,2,5,5,1
1909,Fulham,Blackpool,0,1,2,2,1,-1,0
1909,Fulham,Derby County,0,0,2,2,0,0,0
1909,Gainsborough Trinity,Burnley,2,0,2,2,2,2,1
1909,Gainsborough Trinity,Stockport County,1,0,2,2,1,1,1
1909,Glossop North End,Fulham,0,1,2,2,1,-1,0
1909,Glossop North End,Hull City,2,1,2,2,3,1,1
1909,Glossop North End,Leyton Orient,3,1,2,2,4,2,1
1909,Grimsby Town,Blackpool,0,1,2,2,1,-1,0
1909,Grimsby Town,Glossop North End,4,0,2,2,4,4,1
1909,Hull City,Birmingham City,7,0,2,2,7,7,1
1909,Hull City,Burnley,3,2,2,2,5,1,1
1909,Hull City,Leeds City,3,1,2,2,4,2,1
1909,Hull City,Stockport County,1,1,2,2,2,0,0
1909,Leeds City,Barnsley,0,7,2,2,7,-7,0
1909,Leeds City,Bradford Park Avenue,2,3,2,2,5,-1,0
1909,Leeds City,Fulham,2,2,2,2,4,0,0
1909,Leeds City,Oldham Athletic,3,5,2,2,8,-2,0
1909,Leicester City,Blackpool,3,2,2,2,5,1,1
1909,Leicester City,Glossop North End,3,1,2,2,4,2,1
1909,Leicester City,West Bromwich Albion,2,1,2,2,3,1,1
1909,Leyton Orient,Burnley,2,1,2,2,3,1,1
1909,Leyton Orient,Hull City,0,0,2,2,0,0,0
1909,Leyton Orient,Lincoln City,1,2,2,2,3,-1,0
1909,Leyton Orient,Stockport County,2,0,2,2,2,2,1
1909,Lincoln City,Barnsley,2,1,2,2,3,1,1
1909,Lincoln City,Bradford Park Avenue,1,1,2,2,2,0,0
1909,Lincoln City,Grimsby Town,0,0,2,2,0,0,0
1909,Lincoln City,Oldham Athletic,0,2,2,2,2,-2,0
1909,Manchester City,Blackpool,1,2,2,2,3,-1,0
1909,Manchester City,Lincoln City,6,2,2,2,8,4,1
1909,Manchester City,West Bromwich Albion,3,2,2,2,5,1,1
1909,Oldham Athletic,Hull City,3,0,2,2,3,3,1
1909,Oldham Athletic,Stockport County,3,0,2,2,3,3,1
1909,Stockport County,Barnsley,5,0,2,2,5,5,1
1909,Stockport County,Bradford Park Avenue,2,1,2,2,3,1,1
1909,Stockport County,Grimsby Town,2,1,2,2,3,1,1
1909,Stockport County,Leicester City,6,2,2,2,8,4,1
1909,Stockport County,Wolverhampton Wanderers,1,1,2,2,2,0,0
1909,West Bromwich Albion,Blackpool,0,3,2,2,3,-3,0
1909,West Bromwich Albion,Derby County,0,0,2,2,0,0,0
1909,West Bromwich Albion,Leeds City,3,1,2,2,4,2,1
1909,West Bromwich Albion,Lincoln City,1,1,2,2,2,0,0
1909,Wolverhampton Wanderers,Birmingham City,4,2,2,2,6,2,1
1909,Wolverhampton Wanderers,Hull City,2,2,2,2,4,0,0
1909,Wolverhampton Wanderers,Leyton Orient,3,1,2,2,4,2,1
1910,Arsenal,Notts County,2,1,1,1,3,1,1
1910,Aston Villa,Bradford City,4,1,1,1,5,3,1
1910,Aston Villa,Everton,2,1,1,1,3,1,1
1910,Aston Villa,Manchester United,4,2,1,1,6,2,1
1910,Aston Villa,Sunderland,2,1,1,1,3,1,1
1910,Blackburn Rovers,Bury,6,2,1,1,8,4,1
1910,Bradford City,Liverpool,1,3,1,1,4,-2,0
1910,Bradford City,Notts County,0,1,1,1,1,-1,0
1910,Bradford City,Tottenham Hotspur,3,0,1,1,3,3,1
1910,Bristol City,Sunderland,1,1,1,1,2,0,0
1910,Bury,Aston Villa,1,0,1,1,1,1,1
1910,Bury,Bristol City,2,1,1,1,3,1,1
1910,Bury,Newcastle United,1,1,1,1,2,0,0
1910,Bury,Oldham Athletic,2,2,1,1,4,0,0
1910,Everton,Liverpool,0,1,1,1,1,-1,0
1910,Liverpool,Blackburn Rovers,2,2,1,1,4,0,0
1910,Liverpool,Preston North End,3,0,1,1,3,3,1
1910,Liverpool,Sunderland,1,2,1,1,3,-1,0
1910,Manchester City,Bristol City,1,2,1,1,3,-1,0
1910,Manchester City,Newcastle United,2,0,1,1,2,2,1
1910,Manchester United,Arsenal,5,0,1,1,5,5,1
1910,Manchester United,Everton,2,2,1,1,4,0,0
1910,Manchester United,Sheffield United,1,1,1,1,2,0,0
1910,Manchester United,Tottenham Hotspur,3,2,1,1,5,1,1
1910,Middlesbrough,Nottingham Forest,2,2,1,1,4,0,0
1910,Middlesbrough,Preston North End,2,0,1,1,2,2,1
1910,Newcastle United,Aston Villa,1,0,1,1,1,1,1
1910,Newcastle United,Liverpool,6,1,1,1,7,5,1
1910,Newcastle United,Oldham Athletic,3,0,1,1,3,3,1
1910,Nottingham Forest,Everton,1,1,1,1,2,0,0
1910,Nottingham Forest,Manchester United,2,1,1,1,3,1,1
1910,Nottingham Forest,Notts County,0,2,1,1,2,-2,0
1910,Notts County,Manchester City,0,1,1,1,1,-1,0
1910,Notts County,Preston North End,3,3,1,1,6,0,0
1910,Oldham Athletic,Bristol City,1,0,1,1,1,1,1
1910,Oldham Athletic,Middlesbrough,1,1,1,1,2,0,0
1910,Oldham Athletic,Notts County,2,1,1,1,3,1,1
1910,Preston North End,Arsenal,4,1,1,1,5,3,1
1910,Preston North End,Everton,0,2,1,1,2,-2,0
1910,Preston North End,Nottingham Forest,0,2,1,1,2,-2,0
1910,Preston North End,Sheffield United,1,1,1,1,2,0,0
1910,Sheffield United,Blackburn Rovers,1,1,1,1,2,0,0
1910,Sheffield United,Bury,3,0,1,1,3,3,1
1910,Sheffield United,Manchester City,2,2,1,1,4,0,0
1910,Sheffield United,Newcastle United,0,0,1,1,0,0,0
1910,Sheffield United,Oldham Athletic,1,2,1,1,3,-1,0
1910,Sheffield Wednesday,Bristol City,2,1,1,1,3,1,1
1910,Sheffield Wednesday,Middlesbrough,1,1,1,1,2,0,0
1910,Sheffield Wednesday,Notts County,1,3,1,1,4,-2,0
1910,Sunderland,Everton,4,0,1,1,4,4,1
1910,Sunderland,Nottingham Forest,2,2,1,1,4,0,0
1910,Tottenham Hotspur,Newcastle United,1,2,1,1,3,-1,0
1910,Barnsley,Blackpool,1,2,2,2,3,-1,0
1910,Barnsley,Burnley,0,1,2,2,1,-1,0
1910,Barnsley,Fulham,4,2,2,2,6,2,1
1910,Barnsley,Huddersfield Town,1,2,2,2,3,-1,0
1910,Barnsley,Leicester City,1,1,2,2,2,0,0
1910,Birmingham City,Bradford Park Avenue,1,0,2,2,1,1,1
1910,Birmingham City,Glossop North End,1,2,2,2,3,-1,0
1910,Birmingham City,Wolverhampton Wanderers,1,3,2,2,4,-2,0
1910,Blackpool,Gainsborough Trinity,1,1,2,2,2,0,0
1910,Bolton Wanderers,Birmingham City,5,1,2,2,6,4,1
1910,Bolton Wanderers,Stockport County,2,2,2,2,4,0,0
1910,Bradford Park Avenue,Barnsley,2,3,2,2,5,-1,0
1910,Bradford Park Avenue,Bolton Wanderers,1,1,2,2,2,0,0
1910,Bradford Park Avenue,Derby County,2,1,2,2,3,1,1
1910,Bradford Park Avenue,Leeds City,0,2,2,2,2,-2,0
1910,Bradford Park Avenue,Lincoln City,6,0,2,2,6,6,1
1910,Bradford Park Avenue,Wolverhampton Wanderers,1,0,2,2,1,1,1
1910,Burnley,Chelsea,1,1,2,2,2,0,0
1910,Burnley,Hull City,0,0,2,2,0,0,0
1910,Burnley,Leyton Orient,2,0,2,2,2,2,1
1910,Chelsea,Bradford Park Avenue,3,0,2,2,3,3,1
1910,Chelsea,Leicester City,2,0,2,2,2,2,1
1910,Derby County,Barnsley,5,1,2,2,6,4,1
1910,Derby County,Bolton Wanderers,2,2,2,2,4,0,0
1910,Derby County,Chelsea,1,4,2,2,5,-3,0
1910,Derby County,Glossop North End,2,1,2,2,3,1,1
1910,Derby County,Leeds City,2,2,2,2,4,0,0
1910,Fulham,Blackpool,2,1,2,2,3,1,1
1910,Fulham,Gainsborough Trinity,1,0,2,2,1,1,1
1910,Gainsborough Trinity,Bradford Park Avenue,1,2,2,2,3,-1,0
1910,Gainsborough Trinity,Huddersfield Town,3,1,2,2,4,2,1
1910,Gainsborough Trinity,Leicester City,2,0,2,2,2,2,1
1910,Gainsborough Trinity,Stockport County,0,0,2,2,0,0,0
1910,Glossop North End,Barnsley,1,1,2,2,2,0,0
1910,Glossop North End,Bolton Wanderers,1,2,2,2,3,-1,0
1910,Glossop North End,Chelsea,2,1,2,2,3,1,1
1910,Glossop North End,Gainsborough Trinity,3,1,2,2,4,2,1
1910,Glossop North End,Leeds City,2,1,2,2,3,1,1
1910,Glossop North End,Wolverhampton Wanderers,5,1,2,2,6,4,1
1910,Huddersfield Town,Blackpool,2,2,2,2,4,0,0
1910,Huddersfield Town,Burnley,0,1,2,2,1,-1,0
1910,Huddersfield Town,Leyton Orient,2,0,2,2,2,2,1
1910,Huddersfield Town,West Bromwich Albion,0,2,2,2,2,-2,0
1910,Hull City,Birmingham City,4,1,2,2,5,3,1
1910,Hull City,Derby County,2,0,2,2,2,2,1
1910,Hull City,Leicester City,2,2,2,2,4,0,0
1910,Hull City,Stockport County,4,1,2,2,5,3,1
1910,Leeds City,Barnsley,0,0,2,2,0,0,0
1910,Leeds City,Bolton Wanderers,1,0,2,2,1,1,1
1910,Leeds City,Chelsea,3,3,2,2,6,0,0
1910,Leeds City,Hull City,1,0,2,2,1,1,1
1910,Leeds City,Lincoln City,0,1,2,2,1,-1,0
1910,Leeds City,Wolverhampton Wanderers,1,0,2,2,1,1,1
1910,Leicester City,Blackpool,2,0,2,2,2,2,1
1910,Leicester City,Leyton Orient,2,1,2,2,3,1,1
1910,Leyton Orient,Birmingham City,2,1,2,2,3,1,1
1910,Leyton Orient,Leeds City,1,0,2,2,1,1,1
1910,Leyton Orient,Stockport County,1,0,2,2,1,1,1
1910,Lincoln City,Bolton Wanderers,1,3,2,2,4,-2,0
1910,Lincoln City,Gainsborough Trinity,0,0,2,2,0,0,0
1910,Lincoln City,Hull City,1,4,2,2,5,-3,0
1910,Lincoln City,Leyton Orient,0,0,2,2,0,0,0
1910,Lincoln City,Wolverhampton Wanderers,1,5,2,2,6,-4,0
1910,Stockport County,Blackpool,1,3,2,2,4,-2,0
1910,Stockport County,Fulham,1,1,2,2,2,0,0
1910,Stockport County,Leicester City,1,0,2,2,1,1,1
1910,Stockport County,West Bromwich Albion,0,1,2,2,1,-1,0
1910,West Bromwich Albion,Bradford Park Avenue,3,0,2,2,3,3,1
1910,West Bromwich Albion,Leeds City,2,0,2,2,2,2,1
1910,Wolverhampton Wanderers,Barnsley,1,0,2,2,1,1,1
1910,Wolverhampton Wanderers,Chelsea,0,0,2,2,0,0,0
1910,Wolverhampton Wanderers,Hull City,0,0,2,2,0,0,0
1910,Wolverhampton Wanderers,Leyton Orient,1,0,2,2,1,1,1
1910,Wolverhampton Wanderers,West Bromwich Albion,2,3,2,2,5,-1,0
1911,Arsenal,Notts County,0,3,1,1,3,-3,0
1911,Arsenal,Sheffield United,3,1,1,1,4,2,1
1911,Arsenal,Tottenham Hotspur,3,1,1,1,4,2,1
1911,Aston Villa,Blackburn Rovers,0,3,1,1,3,-3,0
1911,Aston Villa,Manchester City,3,1,1,1,4,2,1
1911,Aston Villa,Newcastle United,2,0,1,1,2,2,1
1911,Aston Villa,Preston North End,1,0,1,1,1,1,1
1911,Aston Villa,Sunderland,1,3,1,1,4,-2,0
1911,Blackburn Rovers,Liverpool,1,0,1,1,1,1,1
1911,Blackburn Rovers,West Bromwich Albion,4,1,1,1,5,3,1
1911,Bolton Wanderers,Manchester United,1,1,1,1,2,0,0
1911,Bolton Wanderers,Notts County,3,0,1,1,3,3,1
1911,Bradford City,Aston Villa,2,1,1,1,3,1,1
1911,Bradford City,Bury,1,0,1,1,1,1,1
1911,Bradford City,Newcastle United,1,1,1,1,2,0,0
1911,Bradford City,Preston North End,0,1,1,1,1,-1,0
1911,Bury,Arsenal,3,1,1,1,4,2,1
1911,Bury,Bolton Wanderers,1,3,1,1,4,-2,0
1911,Bury,Middlesbrough,0,2,1,1,2,-2,0
1911,Everton,Blackburn Rovers,1,3,1,1,4,-2,0
1911,Everton,Notts County,1,1,1,1,2,0,0
1911,Liverpool,Bradford City,1,0,1,1,1,1,1
1911,Liverpool,Manchester City,2,2,1,1,4,0,0
1911,Liverpool,Newcastle United,0,1,1,1,1,-1,0
1911,Liverpool,Preston North End,0,1,1,1,1,-1,0
1911,Manchester City,Bolton Wanderers,3,1,1,1,4,2,1
1911,Manchester City,Everton,4,0,1,1,4,4,1
1911,Manchester City,Middlesbrough,2,0,1,1,2,2,1
1911,Manchester City,Oldham Athletic,1,3,1,1,4,-2,0
1911,Manchester City,West Bromwich Albion,0,2,1,1,2,-2,0
1911,Manchester United,Blackburn Rovers,3,1,1,1,4,2,1
1911,Manchester United,Manchester City,0,0,1,1,0,0,0
1911,Manchester United,Sheffield United,1,0,1,1,1,1,1
1911,Manchester United,Tottenham Hotspur,1,2,1,1,3,-1,0
1911,Middlesbrough,Aston Villa,1,2,1,1,3,-1,0
1911,Middlesbrough,Bradford City,1,0,1,1,1,1,1
1911,Middlesbrough,Newcastle United,1,1,1,1,2,0,0
1911,Newcastle United,Bolton Wanderers,5,2,1,1,7,3,1
1911,Newcastle United,Everton,2,0,1,1,2,2,1
1911,Newcastle United,Manchester United,2,3,1,1,5,-1,0
1911,Newcastle United,Sheffield Wednesday,0,2,1,1,2,-2,0
1911,Notts County,Manchester City,0,1,1,1,1,-1,0
1911,Notts County,Newcastle United,1,4,1,1,5,-3,0
1911,Notts County,Sheffield United,2,0,1,1,2,2,1
1911,Notts County,Tottenham Hotspur,2,2,1,1,4,0,0
1911,Oldham Athletic,Aston Villa,1,2,1,1,3,-1,0
1911,Oldham Athletic,Bradford City,3,0,1,1,3,3,1
1911,Oldham Athletic,Middlesbrough,2,0,1,1,2,2,1
1911,Preston North End,Arsenal,0,1,1,1,1,-1,0
1911,Preston North End,Bolton Wanderers,1,2,1,1,3,-1,0
1911,Preston North End,Everton,2,1,1,1,3,1,1
1911,Preston North End,Notts County,2,1,1,1,3,1,1
1911,Preston North End,Sheffield Wednesday,2,3,1,1,5,-1,0
1911,Sheffield United,Bury,4,0,1,1,4,4,1
1911,Sheffield United,Preston North End,4,2,1,1,6,2,1
1911,Sheffield United,Tottenham Hotspur,1,2,1,1,3,-1,0
1911,Sheffield Wednesday,Aston Villa,3,0,1,1,3,3,1
1911,Sheffield Wednesday,Bradford City,4,2,1,1,6,2,1
1911,Sheffield Wednesday,Middlesbrough,0,2,1,1,2,-2,0
1911,Sheffield Wednesday,Oldham Athletic,1,0,1,1,1,1,1
1911,Sunderland,Bolton Wanderers,0,1,1,1,1,-1,0
1911,Sunderland,Sheffield United,0,0,1,1,0,0,0
1911,Tottenham Hotspur,Bury,2,1,1,1,3,1,1
1911,Tottenham Hotspur,Manchester City,0,2,1,1,2,-2,0
1911,Tottenham Hotspur,Newcastle United,1,2,1,1,3,-1,0
1911,Tottenham Hotspur,Preston North End,6,2,1,1,8,4,1
1911,Tottenham Hotspur,Sunderland,0,0,1,1,0,0,0
1911,Barnsley,Bristol City,4,1,2,2,5,3,1
1911,Barnsley,Glossop North End,1,0,2,2,1,1,1
1911,Barnsley,Hull City,1,2,2,2,3,-1,0
1911,Barnsley,Wolverhampton Wanderers,2,1,2,2,3,1,1
1911,Birmingham City,Chelsea,1,4,2,2,5,-3,0
1911,Birmingham City,Leicester City,4,0,2,2,4,4,1
1911,Birmingham City,Stockport County,2,0,2,2,2,2,1
1911,Blackpool,Grimsby Town,1,2,2,2,3,-1,0
1911,Blackpool,Leeds City,3,0,2,2,3,3,1
1911,Blackpool,Nottingham Forest,2,0,2,2,2,2,1
1911,Bradford Park Avenue,Derby County,0,1,2,2,1,-1,0
1911,Bradford Park Avenue,Glossop North End,1,1,2,2,2,0,0
1911,Bradford Park Avenue,Wolverhampton Wanderers,0,2,2,2,2,-2,0
1911,Bristol City,Blackpool,2,0,2,2,2,2,1
1911,Bristol City,Leicester City,0,1,2,2,1,-1,0
1911,Bristol City,Stockport County,2,1,2,2,3,1,1
1911,Burnley,Grimsby Town,1,1,2,2,2,0,0
1911,Burnley,Leeds City,4,2,2,2,6,2,1
1911,Burnley,Nottingham Forest,2,0,2,2,2,2,1
1911,Chelsea,Bradford Park Avenue,1,0,2,2,1,1,1
1911,Chelsea,Derby County,1,0,2,2,1,1,1
1911,Chelsea,Glossop North End,1,0,2,2,1,1,1
1911,Chelsea,Hull City,1,0,2,2,1,1,1
1911,Derby County,Blackpool,5,1,2,2,6,4,1
1911,Derby County,Burnley,2,0,2,2,2,2,1
1911,Derby County,Huddersfield Town,4,2,2,2,6,2,1
1911,Derby County,Stockport County,2,0,2,2,2,2,1
1911,Fulham,Bristol City,2,1,2,2,3,1,1
1911,Fulham,Derby County,0,0,2,2,0,0,0
1911,Fulham,Nottingham Forest,2,0,2,2,2,2,1
1911,Gainsborough Trinity,Barnsley,1,2,2,2,3,-1,0
1911,Gainsborough Trinity,Bradford Park Avenue,0,0,2,2,0,0,0
1911,Gainsborough Trinity,Chelsea,0,2,2,2,2,-2,0
1911,Gainsborough Trinity,Wolverhampton Wanderers,1,0,2,2,1,1,1
1911,Glossop North End,Burnley,1,3,2,2,4,-2,0
1911,Glossop North End,Huddersfield Town,2,3,2,2,5,-1,0
1911,Grimsby Town,Derby County,0,3,2,2,3,-3,0
1911,Grimsby Town,Leeds City,1,2,2,2,3,-1,0
1911,Grimsby Town,Nottingham Forest,1,4,2,2,5,-3,0
1911,Huddersfield Town,Chelsea,1,3,2,2,4,-2,0
1911,Huddersfield Town,Hull City,0,2,2,2,2,-2,0
1911,Hull City,Blackpool,3,0,2,2,3,3,1
1911,Hull City,Burnley,4,1,2,2,5,3,1
1911,Hull City,Grimsby Town,1,0,2,2,1,1,1
1911,Leeds City,Birmingham City,0,0,2,2,0,0,0
1911,Leeds City,Bristol City,3,1,2,2,4,2,1
1911,Leeds City,Glossop North End,2,1,2,2,3,1,1
1911,Leeds City,Nottingham Forest,3,1,2,2,4,2,1
1911,Leicester City,Barnsley,0,0,2,2,0,0,0
1911,Leicester City,Bradford Park Avenue,3,0,2,2,3,3,1
1911,Leicester City,Chelsea,2,0,2,2,2,2,1
1911,Leicester City,Gainsborough Trinity,2,0,2,2,2,2,1
1911,Leicester City,Leyton Orient,2,0,2,2,2,2,1
1911,Leicester City,Wolverhampton Wanderers,1,1,2,2,2,0,0
1911,Leyton Orient,Blackpool,2,0,2,2,2,2,1
1911,Leyton Orient,Burnley,1,2,2,2,3,-1,0
1911,Leyton Orient,Stockport County,4,2,2,2,6,2,1
1911,Nottingham Forest,Bristol City,2,0,2,2,2,2,1
1911,Nottingham Forest,Glossop North End,0,1,2,2,1,-1,0
1911,Nottingham Forest,Hull City,0,0,2,2,0,0,0
1911,Stockport County,Barnsley,1,1,2,2,2,0,0
1911,Stockport County,Bradford Park Avenue,1,0,2,2,1,1,1
1911,Stockport County,Huddersfield Town,3,1,2,2,4,2,1
1911,Stockport County,Leicester City,2,3,2,2,5,-1,0
1911,Stockport County,Wolverhampton Wanderers,1,2,2,2,3,-1,0
1911,Wolverhampton Wanderers,Grimsby Town,1,2,2,2,3,-1,0
1912,Arsenal,Chelsea,0,1,1,1,1,-1,0
1912,Arsenal,Liverpool,1,1,1,1,2,0,0
1912,Arsenal,Middlesbrough,1,1,1,1,2,0,0
1912,Aston Villa,Bradford City,3,1,1,1,4,2,1
1912,Aston Villa,Everton,1,1,1,1,2,0,0
1912,Aston Villa,Notts County,1,0,1,1,1,1,1
1912,Aston Villa,Sheffield Wednesday,10,0,1,1,10,10,1
1912,Aston Villa,West Bromwich Albion,2,4,1,1,6,-2,0
1912,Blackburn Rovers,Manchester City,2,2,1,1,4,0,0
1912,Blackburn Rovers,Newcastle United,2,0,1,1,2,2,1
1912,Blackburn Rovers,Sheffield United,3,1,1,1,4,2,1
1912,Blackburn Rovers,Tottenham Hotspur,6,1,1,1,7,5,1
1912,Bolton Wanderers,Aston Villa,2,3,1,1,5,-1,0
1912,Bolton Wanderers,Chelsea,1,0,1,1,1,1,1
1912,Bolton Wanderers,Oldham Athletic,3,0,1,1,3,3,1
1912,Bolton Wanderers,Sunderland,1,3,1,1,4,-2,0
1912,Bradford City,Everton,4,1,1,1,5,3,1
1912,Bradford City,Notts County,1,0,1,1,1,1,1
1912,Bradford City,Sheffield Wednesday,0,0,1,1,0,0,0
1912,Chelsea,Blackburn Rovers,1,6,1,1,7,-5,0
1912,Chelsea,Sheffield United,4,2,1,1,6,2,1
1912,Chelsea,Tottenham Hotspur,1,0,1,1,1,1,1
1912,Derby County,Aston Villa,0,1,1,1,1,-1,0
1912,Derby County,Bradford City,4,0,1,1,4,4,1
1912,Derby County,Middlesbrough,0,2,1,1,2,-2,0
1912,Derby County,Oldham Athletic,1,2,1,1,3,-1,0
1912,Derby County,Sunderland,0,3,1,1,3,-3,0
1912,Everton,Arsenal,3,0,1,1,3,3,1
1912,Everton,Bolton Wanderers,2,3,1,1,5,-1,0
1912,Everton,Derby County,2,2,1,1,4,0,0
1912,Liverpool,Chelsea,1,2,1,1,3,-1,0
1912,Liverpool,Newcastle United,2,1,1,1,3,1,1
1912,Liverpool,Tottenham Hotspur,4,1,1,1,5,3,1
1912,Manchester City,Aston Villa,1,0,1,1,1,1,1
1912,Manchester City,Middlesbrough,3,0,1,1,3,3,1
1912,Manchester City,Oldham Athletic,2,0,1,1,2,2,1
1912,Manchester City,Sunderland,1,0,1,1,1,1,1
1912,Manchester United,Arsenal,2,0,1,1,2,2,1
1912,Manchester United,Bolton Wanderers,2,1,1,1,3,1,1
1912,Manchester United,Derby County,4,0,1,1,4,4,1
1912,Manchester United,Notts County,2,1,1,1,3,1,1
1912,Manchester United,Sheffield Wednesday,2,0,1,1,2,2,1
1912,Manchester United,West Bromwich Albion,1,1,1,1,2,0,0
1912,Middlesbrough,Blackburn Rovers,0,0,1,1,0,0,0
1912,Middlesbrough,Newcastle United,0,0,1,1,0,0,0
1912,Middlesbrough,Sheffield United,4,1,1,1,5,3,1
1912,Newcastle United,Manchester United,1,3,1,1,4,-2,0
1912,Newcastle United,Oldham Athletic,4,1,1,1,5,3,1
1912,Newcastle United,Sunderland,1,1,1,1,2,0,0
1912,Notts County,Arsenal,2,1,1,1,3,1,1
1912,Notts County,Bolton Wanderers,1,0,1,1,1,1,1
1912,Notts County,Newcastle United,0,1,1,1,1,-1,0
1912,Notts County,Sheffield Wednesday,1,2,1,1,3,-1,0
1912,Notts County,West Bromwich Albion,1,1,1,1,2,0,0
1912,Oldham Athletic,Blackburn Rovers,0,0,1,1,0,0,0
1912,Oldham Athletic,Chelsea,3,2,1,1,5,1,1
1912,Oldham Athletic,Sheffield United,2,0,1,1,2,2,1
1912,Oldham Athletic,Tottenham Hotspur,4,1,1,1,5,3,1
1912,Sheffield United,Aston Villa,3,2,1,1,5,1,1
1912,Sheffield United,Everton,4,1,1,1,5,3,1
1912,Sheffield United,Notts County,2,0,1,1,2,2,1
1912,Sheffield Wednesday,Bolton Wanderers,2,2,1,1,4,0,0
1912,Sheffield Wednesday,West Bromwich Albion,3,2,1,1,5,1,1
1912,Sunderland,Liverpool,7,0,1,1,7,7,1
1912,Sunderland,Tottenham Hotspur,2,2,1,1,4,0,0
1912,Tottenham Hotspur,Aston Villa,3,3,1,1,6,0,0
1912,Tottenham Hotspur,Bradford City,2,1,1,1,3,1,1
1912,Tottenham Hotspur,Notts County,0,3,1,1,3,-3,0
1912,West Bromwich Albion,Arsenal,2,1,1,1,3,1,1
1912,West Bromwich Albion,Derby County,0,0,1,1,0,0,0
1912,West Bromwich Albion,Newcastle United,1,0,1,1,1,1,1
1912,West Bromwich Albion,Sheffield United,3,1,1,1,4,2,1
1912,Barnsley,Bradford Park Avenue,4,0,2,2,4,4,1
1912,Barnsley,Bury,4,3,2,2,7,1,1
1912,Barnsley,Grimsby Town,3,0,2,2,3,3,1
1912,Birmingham City,Burnley,3,0,2,2,3,3,1
1912,Birmingham City,Hull City,3,1,2,2,4,2,1
1912,Birmingham City,Leyton Orient,1,1,2,2,2,0,0
1912,Blackpool,Huddersfield Town,2,1,2,2,3,1,1
1912,Blackpool,Leicester City,2,1,2,2,3,1,1
1912,Blackpool,Nottingham Forest,2,1,2,2,3,1,1
1912,Blackpool,Wolverhampton Wanderers,1,2,2,2,3,-1,0
1912,Bradford Park Avenue,Lincoln City,3,0,2,2,3,3,1
1912,Bristol City,Burnley,3,3,2,2,6,0,0
1912,Bristol City,Hull City,1,1,2,2,2,0,0
1912,Bristol City,Leyton Orient,1,0,2,2,1,1,1
1912,Burnley,Barnsley,0,1,2,2,1,-1,0
1912,Burnley,Bradford Park Avenue,5,1,2,2,6,4,1
1912,Burnley,Fulham,5,0,2,2,5,5,1
1912,Burnley,Leicester City,5,1,2,2,6,4,1
1912,Bury,Burnley,1,1,2,2,2,0,0
1912,Bury,Leeds City,1,1,2,2,2,0,0
1912,Fulham,Leyton Orient,1,1,2,2,2,0,0
1912,Fulham,Preston North End,3,1,2,2,4,2,1
1912,Glossop North End,Barnsley,1,0,2,2,1,1,1
1912,Glossop North End,Bradford Park Avenue,4,3,2,2,7,1,1
1912,Glossop North End,Nottingham Forest,4,3,2,2,7,1,1
1912,Grimsby Town,Blackpool,1,1,2,2,2,0,0
1912,Grimsby Town,Burnley,2,0,2,2,2,2,1
1912,Grimsby Town,Glossop North End,0,0,2,2,0,0,0
1912,Grimsby Town,Lincoln City,0,0,2,2,0,0,0
1912,Huddersfield Town,Birmingham City,0,0,2,2,0,0,0
1912,Hull City,Barnsley,0,1,2,2,1,-1,0
1912,Leeds City,Glossop North End,4,0,2,2,4,4,1
1912,Leeds City,Hull City,1,0,2,2,1,1,1
1912,Leeds City,Lincoln City,2,2,2,2,4,0,0
1912,Leicester City,Bristol City,3,1,2,2,4,2,1
1912,Leicester City,Fulham,1,0,2,2,1,1,1
1912,Leicester City,Huddersfield Town,0,0,2,2,0,0,0
1912,Leicester City,Preston North End,0,3,2,2,3,-3,0
1912,Leyton Orient,Barnsley,2,2,2,2,4,0,0
1912,Leyton Orient,Bradford Park Avenue,1,0,2,2,1,1,1
1912,Leyton Orient,Grimsby Town,1,3,2,2,4,-2,0
1912,Leyton Orient,Leeds City,2,0,2,2,2,2,1
1912,Leyton Orient,Wolverhampton Wanderers,0,0,2,2,0,0,0
1912,Lincoln City,Hull City,1,1,2,2,2,0,0
1912,Lincoln City,Leyton Orient,1,1,2,2,2,0,0
1912,Nottingham Forest,Bristol City,4,1,2,2,5,3,1
1912,Nottingham Forest,Huddersfield Town,0,1,2,2,1,-1,0
1912,Nottingham Forest,Leicester City,4,2,2,2,6,2,1
1912,Preston North End,Grimsby Town,2,0,2,2,2,2,1
1912,Preston North End,Wolverhampton Wanderers,1,1,2,2,2,0,0
1912,Stockport County,Blackpool,2,0,2,2,2,2,1
1912,Stockport County,Burnley,0,1,2,2,1,-1,0
1912,Stockport County,Glossop North End,1,1,2,2,2,0,0
1912,Stockport County,Hull City,3,3,2,2,6,0,0
1912,Stockport County,Leyton Orient,2,0,2,2,2,2,1
1912,Stockport County,Preston North End,1,1,2,2,2,0,0
1912,Wolverhampton Wanderers,Bristol City,1,1,2,2,2,0,0
1912,Wolverhampton Wanderers,Fulham,2,1,2,2,3,1,1
1912,Wolverhampton Wanderers,Huddersfield Town,2,0,2,2,2,2,1
1913,Aston Villa,Everton,3,1,1,1,4,2,1
1913,Aston Villa,West Bromwich Albion,2,0,1,1,2,2,1
1913,Blackburn Rovers,Derby County,3,1,1,1,4,2,1
1913,Blackburn Rovers,Manchester City,2,1,1,1,3,1,1
1913,Blackburn Rovers,Newcastle United,3,0,1,1,3,3,1
1913,Blackburn Rovers,Sheffield United,3,2,1,1,5,1,1
1913,Bolton Wanderers,Liverpool,2,1,1,1,3,1,1
1913,Bolton Wanderers,Preston North End,0,3,1,1,3,-3,0
1913,Bradford City,Burnley,1,1,1,1,2,0,0
1913,Bradford City,Oldham Athletic,0,1,1,1,1,-1,0
1913,Burnley,Derby County,5,1,1,1,6,4,1
1913,Burnley,Manchester City,2,0,1,1,2,2,1
1913,Burnley,Newcastle United,1,0,1,1,1,1,1
1913,Chelsea,Burnley,0,0,1,1,0,0,0
1913,Chelsea,Liverpool,3,0,1,1,3,3,1
1913,Chelsea,Preston North End,2,0,1,1,2,2,1
1913,Chelsea,Sunderland,1,1,1,1,2,0,0
1913,Derby County,Bradford City,3,1,1,1,4,2,1
1913,Derby County,Everton,1,0,1,1,1,1,1
1913,Everton,Manchester City,1,0,1,1,1,1,1
1913,Everton,Newcastle United,2,0,1,1,2,2,1
1913,Everton,Sheffield United,5,0,1,1,5,5,1
1913,Liverpool,Everton,1,2,1,1,3,-1,0
1913,Liverpool,Middlesbrough,2,1,1,1,3,1,1
1913,Liverpool,Preston North End,3,1,1,1,4,2,1
1913,Manchester City,Aston Villa,3,1,1,1,4,2,1
1913,Manchester City,Derby County,1,2,1,1,3,-1,0
1913,Manchester City,Oldham Athletic,2,1,1,1,3,1,1
1913,Manchester City,West Bromwich Albion,2,3,1,1,5,-1,0
1913,Manchester United,Bolton Wanderers,0,1,1,1,1,-1,0
1913,Manchester United,Liverpool,3,0,1,1,3,3,1
1913,Manchester United,Sheffield United,2,1,1,1,3,1,1
1913,Middlesbrough,Burnley,2,1,1,1,3,1,1
1913,Middlesbrough,Manchester United,3,1,1,1,4,2,1
1913,Middlesbrough,Preston North End,4,1,1,1,5,3,1
1913,Middlesbrough,Sunderland,3,4,1,1,7,-1,0
1913,Newcastle United,Derby County,1,1,1,1,2,0,0
1913,Newcastle United,Oldham Athletic,0,0,1,1,0,0,0
1913,Oldham Athletic,Bolton Wanderers,2,0,1,1,2,2,1
1913,Oldham Athletic,Chelsea,3,2,1,1,5,1,1
1913,Oldham Athletic,Liverpool,2,2,1,1,4,0,0
1913,Oldham Athletic,Sheffield United,1,2,1,1,3,-1,0
1913,Preston North End,Burnley,2,1,1,1,3,1,1
1913,Preston North End,Manchester United,4,2,1,1,6,2,1
1913,Preston North End,Oldham Athletic,0,1,1,1,1,-1,0
1913,Preston North End,Sunderland,2,2,1,1,4,0,0
1913,Sheffield United,Aston Villa,3,0,1,1,3,3,1
1913,Sheffield United,Bradford City,1,1,1,1,2,0,0
1913,Sheffield United,Derby County,2,2,1,1,4,0,0
1913,Sheffield Wednesday,Chelsea,3,0,1,1,3,3,1
1913,Sheffield Wednesday,Liverpool,4,1,1,1,5,3,1
1913,Sheffield Wednesday,Middlesbrough,2,0,1,1,2,2,1
1913,Sheffield Wednesday,Tottenham Hotspur,2,0,1,1,2,2,1
1913,Sunderland,Everton,5,2,1,1,7,3,1
1913,Sunderland,Manchester United,2,0,1,1,2,2,1
1913,Sunderland,Sheffield Wednesday,0,1,1,1,1,-1,0
1913,Tottenham Hotspur,Derby County,1,1,1,1,2,0,0
1913,Tottenham Hotspur,Newcastle United,0,0,1,1,0,0,0
1913,Tottenham Hotspur,Sheffield United,2,1,1,1,3,1,1
1913,Tottenham Hotspur,West Bromwich Albion,3,0,1,1,3,3,1
1913,West Bromwich Albion,Bolton Wanderers,1,1,1,1,2,0,0
1913,West Bromwich Albion,Middlesbrough,2,1,1,1,3,1,1
1913,West Bromwich Albion,Preston North End,1,0,1,1,1,1,1
1913,Arsenal,Glossop North End,2,0,2,2,2,2,1
1913,Arsenal,Leyton Orient,2,2,2,2,4,0,0
1913,Barnsley,Arsenal,1,0,2,2,1,1,1
1913,Barnsley,Fulham,1,0,2,2,1,1,1
1913,Barnsley,Huddersfield Town,2,1,2,2,3,1,1
1913,Barnsley,Leicester City,3,0,2,2,3,3,1
1913,Barnsley,Wolverhampton Wanderers,2,1,2,2,3,1,1
1913,Birmingham City,Blackpool,0,0,2,2,0,0,0
1913,Birmingham City,Bury,1,0,2,2,1,1,1
1913,Birmingham City,Grimsby Town,1,2,2,2,3,-1,0
1913,Birmingham City,Leeds City,0,2,2,2,2,-2,0
1913,Birmingham City,Lincoln City,2,0,2,2,2,2,1
1913,Blackpool,Bristol City,0,1,2,2,1,-1,0
1913,Blackpool,Glossop North End,1,1,2,2,2,0,0
1913,Blackpool,Hull City,2,2,2,2,4,0,0
1913,Blackpool,Leyton Orient,0,0,2,2,0,0,0
1913,Blackpool,Notts County,0,0,2,2,0,0,0
1913,Bradford Park Avenue,Arsenal,2,3,2,2,5,-1,0
1913,Bradford Park Avenue,Blackpool,4,1,2,2,5,3,1
1913,Bradford Park Avenue,Fulham,1,0,2,2,1,1,1
1913,Bradford Park Avenue,Huddersfield Town,2,1,2,2,3,1,1
1913,Bradford Park Avenue,Nottingham Forest,4,0,2,2,4,4,1
1913,Bristol City,Bury,2,0,2,2,2,2,1
1913,Bristol City,Grimsby Town,1,0,2,2,1,1,1
1913,Bristol City,Leeds City,1,1,2,2,2,0,0
1913,Bury,Bradford Park Avenue,0,0,2,2,0,0,0
1913,Bury,Glossop North End,1,0,2,2,1,1,1
1913,Bury,Leyton Orient,0,0,2,2,0,0,0
1913,Bury,Notts County,3,3,2,2,6,0,0
1913,Fulham,Arsenal,6,1,2,2,7,5,1
1913,Fulham,Blackpool,0,0,2,2,0,0,0
1913,Fulham,Bury,1,1,2,2,2,0,0
1913,Fulham,Huddersfield Town,1,0,2,2,1,1,1
1913,Fulham,Leicester City,1,2,2,2,3,-1,0
1913,Fulham,Nottingham Forest,2,0,2,2,2,2,1
1913,Glossop North End,Birmingham City,4,1,2,2,5,3,1
1913,Glossop North End,Leeds City,1,1,2,2,2,0,0
1913,Grimsby Town,Bradford Park Avenue,0,0,2,2,0,0,0
1913,Grimsby Town,Fulham,0,3,2,2,3,-3,0
1913,Grimsby Town,Leyton Orient,2,0,2,2,2,2,1
1913,Grimsby Town,Notts County,0,0,2,2,0,0,0
1913,Huddersfield Town,Grimsby Town,1,2,2,2,3,-1,0
1913,Huddersfield Town,Wolverhampton Wanderers,0,0,2,2,0,0,0
1913,Hull City,Birmingham City,0,0,2,2,0,0,0
1913,Hull City,Glossop North End,3,0,2,2,3,3,1
1913,Hull City,Lincoln City,1,1,2,2,2,0,0
1913,Hull City,Stockport County,3,0,2,2,3,3,1
1913,Leeds City,Barnsley,3,0,2,2,3,3,1
1913,Leeds City,Bradford Park Avenue,5,1,2,2,6,4,1
1913,Leeds City,Huddersfield Town,5,1,2,2,6,4,1
1913,Leeds City,Leyton Orient,0,0,2,2,0,0,0
1913,Leeds City,Notts County,2,4,2,2,6,-2,0
1913,Leicester City,Arsenal,1,2,2,2,3,-1,0
1913,Leicester City,Bury,0,0,2,2,0,0,0
1913,Leicester City,Grimsby Town,2,0,2,2,2,2,1
1913,Leyton Orient,Hull City,3,0,2,2,3,3,1
1913,Lincoln City,Barnsley,2,2,2,2,4,0,0
1913,Lincoln City,Bradford Park Avenue,0,3,2,2,3,-3,0
1913,Lincoln City,Fulham,0,1,2,2,1,-1,0
1913,Lincoln City,Leicester City,3,0,2,2,3,3,1
1913,Lincoln City,Notts County,0,0,2,2,0,0,0
1913,Nottingham Forest,Blackpool,3,0,2,2,3,3,1
1913,Nottingham Forest,Grimsby Town,4,1,2,2,5,3,1
1913,Nottingham Forest,Lincoln City,2,1,2,2,3,1,1
1913,Nottingham Forest,Wolverhampton Wanderers,1,3,2,2,4,-2,0
1913,Notts County,Birmingham City,5,1,2,2,6,4,1
1913,Notts County,Hull City,4,1,2,2,5,3,1
1913,Notts County,Stockport County,2,1,2,2,3,1,1
1913,Stockport County,Leicester City,3,0,2,2,3,3,1
1913,Stockport County,Nottingham Forest,2,1,2,2,3,1,1
1913,Wolverhampton Wanderers,Arsenal,1,2,2,2,3,-1,0
1913,Wolverhampton Wanderers,Grimsby Town,4,1,2,2,5,3,1
1913,Wolverhampton Wanderers,Leeds City,1,3,2,2,4,-2,0
1913,Wolverhampton Wanderers,Stockport County,3,1,2,2,4,2,1
1914,Aston Villa,Bradford City,0,0,1,1,0,0,0
1914,Aston Villa,Chelsea,2,1,1,1,3,1,1
1914,Aston Villa,Tottenham Hotspur,3,1,1,1,4,2,1
1914,Blackburn Rovers,Bolton Wanderers,2,2,1,1,4,0,0
1914,Blackburn Rovers,Burnley,6,0,1,1,6,6,1
1914,Blackburn Rovers,Liverpool,4,2,1,1,6,2,1
1914,Blackburn Rovers,Middlesbrough,4,0,1,1,4,4,1
1914,Blackburn Rovers,Oldham Athletic,4,1,1,1,5,3,1
1914,Blackburn Rovers,Sunderland,3,1,1,1,4,2,1
1914,Bolton Wanderers,Aston Villa,2,2,1,1,4,0,0
1914,Bolton Wanderers,Bradford Park Avenue,3,2,1,1,5,1,1
1914,Bolton Wanderers,Everton,0,0,1,1,0,0,0
1914,Bolton Wanderers,Manchester United,3,0,1,1,3,3,1
1914,Bolton Wanderers,Notts County,1,2,1,1,3,-1,0
1914,Bolton Wanderers,Sheffield Wednesday,0,3,1,1,3,-3,0
1914,Bradford City,Sheffield United,1,1,1,1,2,0,0
1914,Bradford City,Tottenham Hotspur,2,2,1,1,4,0,0
1914,Bradford Park Avenue,Burnley,2,2,1,1,4,0,0
1914,Bradford Park Avenue,Liverpool,1,0,1,1,1,1,1
1914,Bradford Park Avenue,Middlesbrough,2,0,1,1,2,2,1
1914,Bradford Park Avenue,Sunderland,2,1,1,1,3,1,1
1914,Burnley,Aston Villa,2,1,1,1,3,1,1
1914,Burnley,Bradford City,0,1,1,1,1,-1,0
1914,Burnley,Everton,1,0,1,1,1,1,1
1914,Burnley,Sheffield Wednesday,2,3,1,1,5,-1,0
1914,Chelsea,Burnley,1,4,1,1,5,-3,0
1914,Chelsea,Sheffield United,1,1,1,1,2,0,0
1914,Everton,Blackburn Rovers,1,3,1,1,4,-2,0
1914,Everton,Liverpool,1,3,1,1,4,-2,0
1914,Everton,Middlesbrough,2,3,1,1,5,-1,0
1914,Everton,Oldham Athletic,3,4,1,1,7,-1,0
1914,Liverpool,Aston Villa,3,6,1,1,9,-3,0
1914,Liverpool,Chelsea,3,3,1,1,6,0,0
1914,Manchester City,Burnley,1,0,1,1,1,1,1
1914,Manchester City,Liverpool,1,1,1,1,2,0,0
1914,Manchester City,Tottenham Hotspur,2,1,1,1,3,1,1
1914,Manchester United,Bradford Park Avenue,1,2,1,1,3,-1,0
1914,Manchester United,Everton,1,2,1,1,3,-1,0
1914,Manchester United,Middlesbrough,2,2,1,1,4,0,0
1914,Middlesbrough,Aston Villa,1,1,1,1,2,0,0
1914,Middlesbrough,Manchester City,1,0,1,1,1,1,1
1914,Middlesbrough,Notts County,1,0,1,1,1,1,1
1914,Middlesbrough,Sheffield Wednesday,3,1,1,1,4,2,1
1914,Middlesbrough,West Bromwich Albion,2,0,1,1,2,2,1
1914,Newcastle United,Bolton Wanderers,1,2,1,1,3,-1,0
1914,Newcastle United,Burnley,1,2,1,1,3,-1,0
1914,Newcastle United,Liverpool,0,0,1,1,0,0,0
1914,Newcastle United,Middlesbrough,1,2,1,1,3,-1,0
1914,Newcastle United,Tottenham Hotspur,4,0,1,1,4,4,1
1914,Notts County,Bradford Park Avenue,1,2,1,1,3,-1,0
1914,Notts County,Oldham Athletic,2,1,1,1,3,1,1
1914,Notts County,Sunderland,2,1,1,1,3,1,1
1914,Oldham Athletic,Aston Villa,3,3,1,1,6,0,0
1914,Oldham Athletic,Bradford City,1,0,1,1,1,1,1
1914,Oldham Athletic,Chelsea,0,0,1,1,0,0,0
1914,Oldham Athletic,Manchester City,0,0,1,1,0,0,0
1914,Oldham Athletic,Sheffield Wednesday,5,2,1,1,7,3,1
1914,Sheffield United,Burnley,1,0,1,1,1,1,1
1914,Sheffield United,Liverpool,2,1,1,1,3,1,1
1914,Sheffield United,Middlesbrough,0,1,1,1,1,-1,0
1914,Sheffield United,Tottenham Hotspur,1,1,1,1,2,0,0
1914,Sheffield Wednesday,Blackburn Rovers,1,1,1,1,2,0,0
1914,Sheffield Wednesday,Bradford Park Avenue,6,0,1,1,6,6,1
1914,Sheffield Wednesday,Notts County,0,0,1,1,0,0,0
1914,Sheffield Wednesday,Sunderland,1,2,1,1,3,-1,0
1914,Sunderland,Bradford City,1,1,1,1,2,0,0
1914,Sunderland,Chelsea,2,1,1,1,3,1,1
1914,Sunderland,Manchester City,0,2,1,1,2,-2,0
1914,Sunderland,Sheffield United,3,2,1,1,5,1,1
1914,Sunderland,West Bromwich Albion,1,2,1,1,3,-1,0
1914,Tottenham Hotspur,Burnley,1,3,1,1,4,-2,0
1914,Tottenham Hotspur,Middlesbrough,3,3,1,1,6,0,0
1914,West Bromwich Albion,Everton,1,2,1,1,3,-1,0
1914,West Bromwich Albion,Manchester United,0,0,1,1,0,0,0
1914,West Bromwich Albion,Notts County,4,1,1,1,5,3,1
1914,Arsenal,Leicester City,6,0,2,2,6,6,1
1914,Arsenal,Nottingham Forest,7,0,2,2,7,7,1
1914,Arsenal,Wolverhampton Wanderers,5,1,2,2,6,4,1
1914,Barnsley,Derby County,1,0,2,2,1,1,1
1914,Barnsley,Grimsby Town,0,0,2,2,0,0,0
1914,Barnsley,Leeds City,2,1,2,2,3,1,1
1914,Birmingham City,Barnsley,2,0,2,2,2,2,1
1914,Birmingham City,Glossop North End,11,1,2,2,12,10,1
1914,Birmingham City,Preston North End,1,1,2,2,2,0,0
1914,Blackpool,Huddersfield Town,3,2,2,2,5,1,1
1914,Blackpool,Leicester City,1,2,2,2,3,-1,0
1914,Bristol City,Birmingham City,2,3,2,2,5,-1,0
1914,Bristol City,Derby County,2,3,2,2,5,-1,0
1914,Bristol City,Grimsby Town,7,0,2,2,7,7,1
1914,Bristol City,Leeds City,1,0,2,2,1,1,1
1914,Bristol City,Lincoln City,2,1,2,2,3,1,1
1914,Bristol City,Stockport County,0,2,2,2,2,-2,0
1914,Bury,Glossop North End,5,0,2,2,5,5,1
1914,Bury,Hull City,0,1,2,2,1,-1,0
1914,Bury,Leyton Orient,3,0,2,2,3,3,1
1914,Derby County,Arsenal,4,0,2,2,4,4,1
1914,Fulham,Birmingham City,2,3,2,2,5,-1,0
1914,Fulham,Grimsby Town,2,1,2,2,3,1,1
1914,Fulham,Stockport County,1,0,2,2,1,1,1
1914,Glossop North End,Bristol City,2,1,2,2,3,1,1
1914,Glossop North End,Hull City,0,5,2,2,5,-5,0
1914,Grimsby Town,Derby County,1,2,2,2,3,-1,0
1914,Grimsby Town,Huddersfield Town,0,0,2,2,0,0,0
1914,Grimsby Town,Wolverhampton Wanderers,1,4,2,2,5,-3,0
1914,Huddersfield Town,Birmingham City,0,0,2,2,0,0,0
1914,Huddersfield Town,Bury,0,1,2,2,1,-1,0
1914,Huddersfield Town,Glossop North End,0,1,2,2,1,-1,0
1914,Huddersfield Town,Stockport County,2,1,2,2,3,1,1
1914,Hull City,Barnsley,2,1,2,2,3,1,1
1914,Hull City,Fulham,2,0,2,2,2,2,1
1914,Hull City,Huddersfield Town,0,4,2,2,4,-4,0
1914,Hull City,Leyton Orient,0,1,2,2,1,-1,0
1914,Hull City,Preston North End,0,1,2,2,1,-1,0
1914,Leeds City,Arsenal,2,2,2,2,4,0,0
1914,Leeds City,Blackpool,2,0,2,2,2,2,1
1914,Leeds City,Derby County,3,5,2,2,8,-2,0
1914,Leicester City,Hull City,1,1,2,2,2,0,0
1914,Leicester City,Lincoln City,2,2,2,2,4,0,0
1914,Leyton Orient,Barnsley,4,2,2,2,6,2,1
1914,Leyton Orient,Huddersfield Town,3,1,2,2,4,2,1
1914,Lincoln City,Arsenal,1,0,2,2,1,1,1
1914,Lincoln City,Blackpool,0,1,2,2,1,-1,0
1914,Lincoln City,Derby County,0,0,2,2,0,0,0
1914,Lincoln City,Grimsby Town,2,1,2,2,3,1,1
1914,Lincoln City,Leeds City,0,1,2,2,1,-1,0
1914,Nottingham Forest,Birmingham City,1,1,2,2,2,0,0
1914,Nottingham Forest,Bury,1,1,2,2,2,0,0
1914,Nottingham Forest,Hull City,1,0,2,2,1,1,1
1914,Nottingham Forest,Stockport County,1,1,2,2,2,0,0
1914,Preston North End,Bristol City,4,1,2,2,5,3,1
1914,Preston North End,Fulham,2,1,2,2,3,1,1
1914,Preston North End,Leicester City,1,0,2,2,1,1,1
1914,Stockport County,Arsenal,1,1,2,2,2,0,0
1914,Stockport County,Derby County,3,2,2,2,5,1,1
1914,Wolverhampton Wanderers,Bury,1,1,2,2,2,0,0
1914,Wolverhampton Wanderers,Glossop North End,4,0,2,2,4,4,1
1914,Wolverhampton Wanderers,Preston North End,2,0,2,2,2,2,1
1919,Arsenal,Derby County,1,0,1,1,1,1,1
1919,Arsenal,Newcastle United,0,1,1,1,1,-1,0
1919,Arsenal,Preston North End,0,0,1,1,0,0,0
1919,Aston Villa,Derby County,2,2,1,1,4,0,0
1919,Aston Villa,Newcastle United,4,0,1,1,4,4,1
1919,Aston Villa,Preston North End,2,4,1,1,6,-2,0
1919,Aston Villa,Sunderland,0,3,1,1,3,-3,0
1919,Blackburn Rovers,Derby County,2,0,1,1,2,2,1
1919,Blackburn Rovers,Manchester City,1,4,1,1,5,-3,0
1919,Blackburn Rovers,Newcastle United,2,0,1,1,2,2,1
1919,Blackburn Rovers,Sunderland,3,0,1,1,3,3,1
1919,Bolton Wanderers,Aston Villa,2,1,1,1,3,1,1
1919,Bolton Wanderers,Bradford Park Avenue,1,2,1,1,3,-1,0
1919,Bolton Wanderers,Derby County,3,0,1,1,3,3,1
1919,Bolton Wanderers,Preston North End,4,1,1,1,5,3,1
1919,Bolton Wanderers,Sunderland,1,0,1,1,1,1,1
1919,Bradford City,Derby County,3,1,1,1,4,2,1
1919,Bradford City,Sunderland,2,0,1,1,2,2,1
1919,Bradford Park Avenue,Aston Villa,6,1,1,1,7,5,1
1919,Bradford Park Avenue,Manchester City,2,1,1,1,3,1,1
1919,Burnley,Aston Villa,0,0,1,1,0,0,0
1919,Burnley,Newcastle United,1,0,1,1,1,1,1
1919,Burnley,Sunderland,2,1,1,1,3,1,1
1919,Chelsea,Aston Villa,2,1,1,1,3,1,1
1919,Chelsea,Bradford City,1,0,1,1,1,1,1
1919,Chelsea,Derby County,0,0,1,1,0,0,0
1919,Chelsea,Manchester City,1,0,1,1,1,1,1
1919,Chelsea,Preston North End,4,0,1,1,4,4,1
1919,Chelsea,Sunderland,2,0,1,1,2,2,1
1919,Derby County,Chelsea,5,0,1,1,5,5,1
1919,Derby County,Preston North End,2,0,1,1,2,2,1
1919,Derby County,Sunderland,3,1,1,1,4,2,1
1919,Everton,Aston Villa,1,1,1,1,2,0,0
1919,Everton,Bradford City,4,1,1,1,5,3,1
1919,Everton,Chelsea,2,3,1,1,5,-1,0
1919,Everton,Newcastle United,4,0,1,1,4,4,1
1919,Everton,Preston North End,0,1,1,1,1,-1,0
1919,Everton,Sunderland,1,3,1,1,4,-2,0
1919,Liverpool,Bradford City,2,1,1,1,3,1,1
1919,Liverpool,Preston North End,1,2,1,1,3,-1,0
1919,Liverpool,Sunderland,3,2,1,1,5,1,1
1919,Manchester City,Liverpool,2,1,1,1,3,1,1
1919,Manchester City,Newcastle United,0,0,1,1,0,0,0
1919,Manchester United,Aston Villa,1,2,1,1,3,-1,0
1919,Manchester United,Bradford City,0,0,1,1,0,0,0
1919,Manchester United,Newcastle United,2,1,1,1,3,1,1
1919,Manchester United,Preston North End,5,1,1,1,6,4,1
1919,Middlesbrough,Liverpool,3,2,1,1,5,1,1
1919,Middlesbrough,Newcastle United,0,1,1,1,1,-1,0
1919,Middlesbrough,Preston North End,4,1,1,1,5,3,1
1919,Newcastle United,Liverpool,3,0,1,1,3,3,1
1919,Newcastle United,Middlesbrough,0,0,1,1,0,0,0
1919,Notts County,Liverpool,1,0,1,1,1,1,1
1919,Notts County,Preston North End,1,2,1,1,3,-1,0
1919,Notts County,Sunderland,2,2,1,1,4,0,0
1919,Oldham Athletic,Aston Villa,0,3,1,1,3,-3,0
1919,Preston North End,Liverpool,2,1,1,1,3,1,1
1919,Preston North End,Middlesbrough,3,1,1,1,4,2,1
1919,Preston North End,Sunderland,5,2,1,1,7,3,1
1919,Sheffield United,Aston Villa,1,2,1,1,3,-1,0
1919,Sheffield United,Bradford City,0,0,1,1,0,0,0
1919,Sheffield United,Chelsea,3,1,1,1,4,2,1
1919,Sheffield United,Liverpool,3,2,1,1,5,1,1
1919,Sheffield United,Oldham Athletic,1,0,1,1,1,1,1
1919,Sheffield Wednesday,Chelsea,0,2,1,1,2,-2,0
1919,Sheffield Wednesday,Middlesbrough,0,1,1,1,1,-1,0
1919,Sheffield Wednesday,Oldham Athletic,1,0,1,1,1,1,1
1919,Sheffield Wednesday,Sunderland,0,2,1,1,2,-2,0
1919,Sunderland,Middlesbrough,1,1,1,1,2,0,0
1919,Sunderland,Oldham Athletic,3,0,1,1,3,3,1
1919,West Bromwich Albion,Chelsea,4,0,1,1,4,4,1
1919,West Bromwich Albion,Liverpool,1,1,1,1,2,0,0
1919,West Bromwich Albion,Oldham Athletic,3,1,1,1,4,2,1
1919,West Bromwich Albion,Sheffield Wednesday,1,3,1,1,4,-2,0
1919,Barnsley,Blackpool,1,1,2,2,2,0,0
1919,Barnsley,West Ham United,7,0,2,2,7,7,1
1919,Birmingham City,Huddersfield Town,4,2,2,2,6,2,1
1919,Birmingham City,Leyton Orient,2,1,2,2,3,1,1
1919,Birmingham City,West Ham United,0,1,2,2,1,-1,0
1919,Blackpool,Birmingham City,3,0,2,2,3,3,1
1919,Blackpool,Leicester City,3,0,2,2,3,3,1
1919,Blackpool,West Ham United,0,0,2,2,0,0,0
1919,Bristol City,Birmingham City,1,1,2,2,2,0,0
1919,Bristol City,Coventry City,1,0,2,2,1,1,1
1919,Bristol City,Leyton Orient,1,1,2,2,2,0,0
1919,Bristol City,Stockport County,1,0,2,2,1,1,1
1919,Bury,Leyton Orient,3,0,2,2,3,3,1
1919,Bury,West Ham United,1,0,2,2,1,1,1
1919,Coventry City,Birmingham City,1,3,2,2,4,-2,0
1919,Coventry City,Bury,2,1,2,2,3,1,1
1919,Coventry City,Huddersfield Town,0,2,2,2,2,-2,0
1919,Coventry City,Leicester City,1,2,2,2,3,-1,0
1919,Coventry City,Nottingham Forest,4,2,2,2,6,2,1
1919,Coventry City,Stockport County,1,1,2,2,2,0,0
1919,Fulham,Bury,1,0,2,2,1,1,1
1919,Fulham,Port Vale,4,0,2,2,4,4,1
1919,Fulham,Stockport County,4,1,2,2,5,3,1
1919,Fulham,West Ham United,1,2,2,2,3,-1,0
1919,Grimsby Town,Stockport County,0,3,2,2,3,-3,0
1919,Huddersfield Town,Birmingham City,0,0,2,2,0,0,0
1919,Huddersfield Town,Port Vale,4,1,2,2,5,3,1
1919,Huddersfield Town,West Ham United,2,0,2,2,2,2,1
1919,Hull City,Birmingham City,0,0,2,2,0,0,0
1919,Hull City,Bury,4,2,2,2,6,2,1
1919,Hull City,Leicester City,5,1,2,2,6,4,1
1919,Hull City,Stockport County,4,1,2,2,5,3,1
1919,Hull City,West Ham United,1,1,2,2,2,0,0
1919,Leeds City,Coventry City,3,0,2,2,3,3,1
1919,Leicester City,Barnsley,0,0,2,2,0,0,0
1919,Leicester City,Bristol City,2,1,2,2,3,1,1
1919,Leicester City,Hull City,3,2,2,2,5,1,1
1919,Leicester City,Nottingham Forest,0,0,2,2,0,0,0
1919,Leicester City,Tottenham Hotspur,2,4,2,2,6,-2,0
1919,Leyton Orient,Barnsley,2,0,2,2,2,2,1
1919,Leyton Orient,Bristol City,1,0,2,2,1,1,1
1919,Leyton Orient,Fulham,0,1,2,2,1,-1,0
1919,Leyton Orient,South Shields,4,0,2,2,4,4,1
1919,Leyton Orient,Tottenham Hotspur,0,4,2,2,4,-4,0
1919,Lincoln City,Bristol City,0,0,2,2,0,0,0
1919,Lincoln City,Fulham,0,1,2,2,1,-1,0
1919,Nottingham Forest,Barnsley,0,1,2,2,1,-1,0
1919,Nottingham Forest,Bristol City,1,2,2,2,3,-1,0
1919,Nottingham Forest,Fulham,0,3,2,2,3,-3,0
1919,Nottingham Forest,Hull City,0,2,2,2,2,-2,0
1919,Nottingham Forest,Lincoln City,2,1,2,2,3,1,1
1919,Nottingham Forest,South Shields,0,0,2,2,0,0,0
1919,Port Vale,Huddersfield Town,0,0,2,2,0,0,0
1919,Port Vale,Lincoln City,1,0,2,2,1,1,1
1919,Port Vale,Tottenham Hotspur,0,1,2,2,1,-1,0
1919,Rotherham County,Bury,1,2,2,2,3,-1,0
1919,Rotherham County,Nottingham Forest,2,0,2,2,2,2,1
1919,Rotherham County,West Ham United,0,1,2,2,1,-1,0
1919,South Shields,Grimsby Town,2,0,2,2,2,2,1
1919,South Shields,Nottingham Forest,5,2,2,2,7,3,1
1919,Stockport County,Grimsby Town,1,2,2,2,3,-1,0
1919,Stockport County,Leicester City,0,2,2,2,2,-2,0
1919,Stockport County,Nottingham Forest,0,0,2,2,0,0,0
1919,Stockport County,West Ham United,1,0,2,2,1,1,1
1919,Stoke City,Birmingham City,0,1,2,2,1,-1,0
1919,Stoke City,Grimsby Town,3,0,2,2,3,3,1
1919,Stoke City,Nottingham Forest,0,2,2,2,2,-2,0
1919,Stoke City,South Shields,0,0,2,2,0,0,0
1919,Stoke City,West Ham United,2,1,2,2,3,1,1
1919,Tottenham Hotspur,Birmingham City,0,0,2,2,0,0,0
1919,Tottenham Hotspur,Leicester City,4,0,2,2,4,4,1
1919,Tottenham Hotspur,Nottingham Forest,5,2,2,2,7,3,1
1919,West Ham United,Birmingham City,1,2,2,2,3,-1,0
1919,West Ham United,Bury,1,0,2,2,1,1,1
1919,West Ham United,Grimsby Town,1,0,2,2,1,1,1
1919,West Ham United,South Shields,1,0,2,2,1,1,1
1919,Wolverhampton Wanderers,Birmingham City,0,2,2,2,2,-2,0
1919,Wolverhampton Wanderers,Leeds City,2,4,2,2,6,-2,0
1919,Wolverhampton Wanderers,Lincoln City,4,0,2,2,4,4,1
1920,Arsenal,Bradford Park Avenue,2,1,1,1,3,1,1
1920,Arsenal,Liverpool,0,0,1,1,0,0,0
1920,Arsenal,Preston North End,2,1,1,1,3,1,1
1920,Aston Villa,Blackburn Rovers,3,0,1,1,3,3,1
1920,Aston Villa,Middlesbrough,0,1,1,1,1,-1,0
1920,Aston Villa,Preston North End,1,0,1,1,1,1,1
1920,Aston Villa,Tottenham Hotspur,4,2,1,1,6,2,1
1920,Blackburn Rovers,Bradford Park Avenue,1,0,1,1,1,1,1
1920,Blackburn Rovers,Derby County,2,0,1,1,2,2,1
1920,Blackburn Rovers,Liverpool,1,1,1,1,2,0,0
1920,Bolton Wanderers,Liverpool,1,0,1,1,1,1,1
1920,Bolton Wanderers,Middlesbrough,6,2,1,1,8,4,1
1920,Bolton Wanderers,Preston North End,3,0,1,1,3,3,1
1920,Bradford City,Bradford Park Avenue,2,1,1,1,3,1,1
1920,Bradford City,Derby County,2,2,1,1,4,0,0
1920,Bradford City,Tottenham Hotspur,1,0,1,1,1,1,1
1920,Bradford Park Avenue,Aston Villa,4,0,1,1,4,4,1
1920,Bradford Park Avenue,Bradford City,1,2,1,1,3,-1,0
1920,Bradford Park Avenue,Tottenham Hotspur,1,1,1,1,2,0,0
1920,Burnley,Derby County,2,1,1,1,3,1,1
1920,Burnley,Liverpool,1,0,1,1,1,1,1
1920,Burnley,Middlesbrough,2,1,1,1,3,1,1
1920,Burnley,Tottenham Hotspur,2,0,1,1,2,2,1
1920,Chelsea,Aston Villa,5,1,1,1,6,4,1
1920,Chelsea,Derby County,1,1,1,1,2,0,0
1920,Chelsea,Middlesbrough,1,1,1,1,2,0,0
1920,Derby County,Preston North End,1,1,1,1,2,0,0
1920,Derby County,Tottenham Hotspur,2,2,1,1,4,0,0
1920,Everton,Liverpool,0,3,1,1,3,-3,0
1920,Everton,Preston North End,0,1,1,1,1,-1,0
1920,Huddersfield Town,Aston Villa,1,0,1,1,1,1,1
1920,Huddersfield Town,Chelsea,2,0,1,1,2,2,1
1920,Huddersfield Town,Liverpool,1,2,1,1,3,-1,0
1920,Huddersfield Town,Preston North End,1,0,1,1,1,1,1
1920,Huddersfield Town,Tottenham Hotspur,2,0,1,1,2,2,1
1920,Liverpool,Bradford City,2,1,1,1,3,1,1
1920,Liverpool,Huddersfield Town,4,1,1,1,5,3,1
1920,Liverpool,Tottenham Hotspur,1,1,1,1,2,0,0
1920,Manchester City,Aston Villa,3,1,1,1,4,2,1
1920,Manchester City,Chelsea,1,0,1,1,1,1,1
1920,Manchester City,Huddersfield Town,3,2,1,1,5,1,1
1920,Manchester City,Preston North End,5,1,1,1,6,4,1
1920,Manchester City,Tottenham Hotspur,2,0,1,1,2,2,1
1920,Manchester United,Huddersfield Town,2,0,1,1,2,2,1
1920,Manchester United,Preston North End,1,0,1,1,1,1,1
1920,Middlesbrough,Chelsea,0,0,1,1,0,0,0
1920,Middlesbrough,Huddersfield Town,2,0,1,1,2,2,1
1920,Middlesbrough,Manchester United,2,4,1,1,6,-2,0
1920,Newcastle United,Bradford City,4,0,1,1,4,4,1
1920,Newcastle United,Chelsea,1,0,1,1,1,1,1
1920,Newcastle United,Preston North End,4,2,1,1,6,2,1
1920,Oldham Athletic,Chelsea,1,2,1,1,3,-1,0
1920,Preston North End,Aston Villa,6,1,1,1,7,5,1
1920,Preston North End,Bradford City,1,1,1,1,2,0,0
1920,Preston North End,Huddersfield Town,0,1,1,1,1,-1,0
1920,Preston North End,Manchester United,0,0,1,1,0,0,0
1920,Sheffield United,Bradford City,4,1,1,1,5,3,1
1920,Sheffield United,Chelsea,0,1,1,1,1,-1,0
1920,Sheffield United,Manchester United,0,0,1,1,0,0,0
1920,Sheffield United,Oldham Athletic,3,0,1,1,3,3,1
1920,Sunderland,Huddersfield Town,2,1,1,1,3,1,1
1920,Tottenham Hotspur,Bradford City,2,0,1,1,2,2,1
1920,Tottenham Hotspur,Chelsea,5,0,1,1,5,5,1
1920,Tottenham Hotspur,Huddersfield Town,1,0,1,1,1,1,1
1920,Tottenham Hotspur,Manchester United,4,1,1,1,5,3,1
1920,Tottenham Hotspur,Sunderland,0,0,1,1,0,0,0
1920,West Bromwich Albion,Bradford City,2,0,1,1,2,2,1
1920,West Bromwich Albion,Manchester United,0,2,1,1,2,-2,0
1920,West Bromwich Albion,Sunderland,4,1,1,1,5,3,1
1920,Barnsley,Cardiff City,0,2,2,2,2,-2,0
1920,Barnsley,Port Vale,3,0,2,2,3,3,1
1920,Birmingham City,West Ham United,2,1,2,2,3,1,1
1920,Blackpool,Cardiff City,2,4,2,2,6,-2,0
1920,Blackpool,Hull City,1,2,2,2,3,-1,0
1920,Blackpool,Leyton Orient,2,2,2,2,4,0,0
1920,Blackpool,Port Vale,1,0,2,2,1,1,1
1920,Blackpool,South Shields,3,2,2,2,5,1,1
1920,Blackpool,West Ham United,1,0,2,2,1,1,1
1920,Bristol City,Cardiff City,0,0,2,2,0,0,0
1920,Bristol City,Hull City,2,1,2,2,3,1,1
1920,Bristol City,Port Vale,3,0,2,2,3,3,1
1920,Bristol City,West Ham United,1,0,2,2,1,1,1
1920,Bury,Birmingham City,0,1,2,2,1,-1,0
1920,Bury,Hull City,0,0,2,2,0,0,0
1920,Bury,South Shields,1,0,2,2,1,1,1
1920,Bury,West Ham United,1,0,2,2,1,1,1
1920,Cardiff City,Birmingham City,2,1,2,2,3,1,1
1920,Cardiff City,Bury,2,1,2,2,3,1,1
1920,Cardiff City,Hull City,0,0,2,2,0,0,0
1920,Cardiff City,Leyton Orient,0,0,2,2,0,0,0
1920,Cardiff City,Port Vale,1,2,2,2,3,-1,0
1920,Coventry City,Birmingham City,0,4,2,2,4,-4,0
1920,Coventry City,West Ham United,0,1,2,2,1,-1,0
1920,Fulham,Birmingham City,5,0,2,2,5,5,1
1920,Fulham,Bury,0,0,2,2,0,0,0
1920,Fulham,Hull City,3,0,2,2,3,3,1
1920,Fulham,South Shields,0,0,2,2,0,0,0
1920,Hull City,Birmingham City,1,0,2,2,1,1,1
1920,Hull City,Fulham,0,0,2,2,0,0,0
1920,Hull City,South Shields,0,2,2,2,2,-2,0
1920,Leeds United,Birmingham City,1,0,2,2,1,1,1
1920,Leeds United,Bury,1,0,2,2,1,1,1
1920,Leeds United,Fulham,0,0,2,2,0,0,0
1920,Leeds United,Port Vale,3,1,2,2,4,2,1
1920,Leicester City,Birmingham City,3,0,2,2,3,3,1
1920,Leicester City,Bury,4,0,2,2,4,4,1
1920,Leicester City,Fulham,1,1,2,2,2,0,0
1920,Leicester City,Port Vale,0,0,2,2,0,0,0
1920,Leicester City,South Shields,2,0,2,2,2,2,1
1920,Leicester City,West Ham United,1,0,2,2,1,1,1
1920,Leyton Orient,Fulham,3,0,2,2,3,3,1
1920,Leyton Orient,Leicester City,2,0,2,2,2,2,1
1920,Nottingham Forest,Port Vale,1,4,2,2,5,-3,0
1920,Nottingham Forest,South Shields,1,2,2,2,3,-1,0
1920,Nottingham Forest,West Ham United,1,0,2,2,1,1,1
1920,Notts County,Bury,2,1,2,2,3,1,1
1920,Notts County,Fulham,2,1,2,2,3,1,1
1920,Notts County,Leicester City,1,1,2,2,2,0,0
1920,Notts County,Port Vale,0,1,2,2,1,-1,0
1920,Notts County,South Shields,2,0,2,2,2,2,1
1920,Port Vale,Birmingham City,0,2,2,2,2,-2,0
1920,Port Vale,Bury,3,0,2,2,3,3,1
1920,Port Vale,Fulham,0,0,2,2,0,0,0
1920,Port Vale,Notts County,1,2,2,2,3,-1,0
1920,Port Vale,South Shields,0,2,2,2,2,-2,0
1920,Rotherham County,Birmingham City,1,1,2,2,2,0,0
1920,Rotherham County,Bury,0,5,2,2,5,-5,0
1920,Rotherham County,Fulham,2,0,2,2,2,2,1
1920,Sheffield Wednesday,Birmingham City,1,2,2,2,3,-1,0
1920,Sheffield Wednesday,Bury,2,0,2,2,2,2,1
1920,Sheffield Wednesday,Notts County,1,1,2,2,2,0,0
1920,Sheffield Wednesday,South Shields,1,1,2,2,2,0,0
1920,South Shields,Fulham,3,0,2,2,3,3,1
1920,Stockport County,Fulham,1,1,2,2,2,0,0
1920,Stockport County,Leicester City,0,0,2,2,0,0,0
1920,Stoke City,Birmingham City,1,2,2,2,3,-1,0
1920,Stoke City,Leicester City,1,1,2,2,2,0,0
1920,Stoke City,Notts County,1,0,2,2,1,1,1
1920,Stoke City,West Ham United,1,0,2,2,1,1,1
1920,West Ham United,Bury,0,1,2,2,1,-1,0
1920,West Ham United,Leicester City,0,1,2,2,1,-1,0
1920,West Ham United,Notts County,0,2,2,2,2,-2,0
1920,West Ham United,Sheffield Wednesday,4,0,2,2,4,4,1
1920,West Ham United,Stoke City,1,0,2,2,1,1,1
1920,Wolverhampton Wanderers,Birmingham City,0,3,2,2,3,-3,0
1920,Wolverhampton Wanderers,Bury,2,1,2,2,3,1,1
1920,Wolverhampton Wanderers,Leicester City,3,0,2,2,3,3,1
1920,Brentford,Bristol Rovers,0,0,3,3,0,0,0
1920,Brentford,Gillingham,3,3,3,3,6,0,0
1920,Brentford,Northampton Town,1,1,3,3,2,0,0
1920,Brentford,Southampton,1,1,3,3,2,0,0
1920,Brighton & Hove Albion,Bristol Rovers,2,0,3,3,2,2,1
1920,Brighton & Hove Albion,Merthyr Town,0,0,3,3,0,0,0
1920,Brighton & Hove Albion,Northampton Town,3,2,3,3,5,1,1
1920,Brighton & Hove Albion,Portsmouth,3,0,3,3,3,3,1
1920,Brighton & Hove Albion,Southampton,1,1,3,3,2,0,0
1920,Brighton & Hove Albion,Swindon Town,0,3,3,3,3,-3,0
1920,Bristol Rovers,Brighton & Hove Albion,3,1,3,3,4,2,1
1920,Bristol Rovers,Gillingham,2,0,3,3,2,2,1
1920,Bristol Rovers,Merthyr Town,1,1,3,3,2,0,0
1920,Bristol Rovers,Northampton Town,4,2,3,3,6,2,1
1920,Crystal Palace,Gillingham,4,1,3,3,5,3,1
1920,Crystal Palace,Northampton Town,5,1,3,3,6,4,1
1920,Crystal Palace,Swindon Town,1,0,3,3,1,1,1
1920,Exeter City,Northampton Town,4,0,3,3,4,4,1
1920,Exeter City,Southampton,1,0,3,3,1,1,1
1920,Gillingham,Merthyr Town,0,0,3,3,0,0,0
1920,Gillingham,Northampton Town,2,5,3,3,7,-3,0
1920,Gillingham,Portsmouth,1,1,3,3,2,0,0
1920,Gillingham,Southampton,1,1,3,3,2,0,0
1920,Grimsby Town,Merthyr Town,1,1,3,3,2,0,0
1920,Luton Town,Exeter City,3,0,3,3,3,3,1
1920,Luton Town,Merthyr Town,1,0,3,3,1,1,1
1920,Luton Town,Northampton Town,3,1,3,3,4,2,1
1920,Luton Town,Swindon Town,2,0,3,3,2,2,1
1920,Merthyr Town,Brighton & Hove Albion,4,1,3,3,5,3,1
1920,Merthyr Town,Luton Town,4,1,3,3,5,3,1
1920,Merthyr Town,Portsmouth,2,1,3,3,3,1,1
1920,Merthyr Town,Southampton,1,1,3,3,2,0,0
1920,Millwall,Luton Town,0,0,3,3,0,0,0
1920,Millwall,Northampton Town,1,0,3,3,1,1,1
1920,Millwall,Southampton,0,1,3,3,1,-1,0
1920,Newport County,Brighton & Hove Albion,0,4,3,3,4,-4,0
1920,Newport County,Luton Town,2,0,3,3,2,2,1
1920,Newport County,Northampton Town,1,1,3,3,2,0,0
1920,Northampton Town,Brighton & Hove Albion,1,0,3,3,1,1,1
1920,Norwich City,Luton Town,3,0,3,3,3,3,1
1920,Norwich City,Portsmouth,2,2,3,3,4,0,0
1920,Plymouth Argyle,Exeter City,0,0,3,3,0,0,0
1920,Plymouth Argyle,Newport County,5,1,3,3,6,4,1
1920,Plymouth Argyle,Portsmouth,2,0,3,3,2,2,1
1920,Plymouth Argyle,Swindon Town,0,0,3,3,0,0,0
1920,Portsmouth,Brighton & Hove Albion,3,0,3,3,3,3,1
1920,Portsmouth,Exeter City,2,1,3,3,3,1,1
1920,Portsmouth,Luton Town,3,0,3,3,3,3,1
1920,Portsmouth,Newport County,0,2,3,3,2,-2,0
1920,Portsmouth,Plymouth Argyle,1,1,3,3,2,0,0
1920,Portsmouth,Southampton,0,1,3,3,1,-1,0
1920,Queens Park Rangers,Luton Town,4,1,3,3,5,3,1
1920,Queens Park Rangers,Newport County,2,0,3,3,2,2,1
1920,Queens Park Rangers,Plymouth Argyle,4,0,3,3,4,4,1
1920,Queens Park Rangers,Swindon Town,1,0,3,3,1,1,1
1920,Reading,Exeter City,0,1,3,3,1,-1,0
1920,Reading,Luton Town,0,1,3,3,1,-1,0
1920,Reading,Newport County,4,0,3,3,4,4,1
1920,Reading,Southampton,0,4,3,3,4,-4,0
1920,Southampton,Luton Town,1,1,3,3,2,0,0
1920,Southampton,Newport County,0,0,3,3,0,0,0
1920,Southampton,Plymouth Argyle,1,0,3,3,1,1,1
1920,Southend United,Brighton & Hove Albion,2,0,3,3,2,2,1
1920,Southend United,Exeter City,0,0,3,3,0,0,0
1920,Swansea City,Exeter City,2,1,3,3,3,1,1
1920,Swansea City,Newport County,1,2,3,3,3,-1,0
1920,Swansea City,Plymouth Argyle,3,0,3,3,3,3,1
1920,Swansea City,Reading,2,1,3,3,3,1,1
1920,Swindon Town,Brighton & Hove Albion,2,0,3,3,2,2,1
1920,Swindon Town,Plymouth Argyle,1,1,3,3,2,0,0
1920,Swindon Town,Reading,2,0,3,3,2,2,1
1920,Swindon Town,Swansea City,0,0,3,3,0,0,0
1920,Watford,Brighton & Hove Albion,1,0,3,3,1,1,1
1920,Watford,Exeter City,0,0,3,3,0,0,0
1920,Watford,Luton Town,1,0,3,3,1,1,1
1920,Watford,Plymouth Argyle,1,1,3,3,2,0,0
1921,Arsenal,Birmingham City,5,2,1,1,7,3,1
1921,Arsenal,Chelsea,1,0,1,1,1,1,1
1921,Arsenal,Liverpool,1,0,1,1,1,1,1
1921,Aston Villa,Liverpool,1,1,1,1,2,0,0
1921,Aston Villa,Preston North End,2,0,1,1,2,2,1
1921,Birmingham City,Bradford City,1,0,1,1,1,1,1
1921,Birmingham City,Chelsea,5,1,1,1,6,4,1
1921,Birmingham City,Middlesbrough,4,3,1,1,7,1,1
1921,Blackburn Rovers,Liverpool,0,0,1,1,0,0,0
1921,Blackburn Rovers,Middlesbrough,2,2,1,1,4,0,0
1921,Blackburn Rovers,Preston North End,3,0,1,1,3,3,1
1921,Bolton Wanderers,Bradford City,3,3,1,1,6,0,0
1921,Bolton Wanderers,Chelsea,0,2,1,1,2,-2,0
1921,Bradford City,Aston Villa,3,2,1,1,5,1,1
1921,Bradford City,Bolton Wanderers,4,3,1,1,7,1,1
1921,Bradford City,Chelsea,0,1,1,1,1,-1,0
1921,Bradford City,Middlesbrough,0,2,1,1,2,-2,0
1921,Bradford City,Tottenham Hotspur,0,4,1,1,4,-4,0
1921,Burnley,Aston Villa,2,1,1,1,3,1,1
1921,Burnley,Bolton Wanderers,2,0,1,1,2,2,1
1921,Burnley,Chelsea,5,0,1,1,5,5,1
1921,Burnley,Liverpool,1,1,1,1,2,0,0
1921,Burnley,Middlesbrough,3,1,1,1,4,2,1
1921,Burnley,Preston North End,3,3,1,1,6,0,0
1921,Burnley,Tottenham Hotspur,1,0,1,1,1,1,1
1921,Cardiff City,Aston Villa,0,4,1,1,4,-4,0
1921,Cardiff City,Bolton Wanderers,1,2,1,1,3,-1,0
1921,Cardiff City,Liverpool,2,0,1,1,2,2,1
1921,Cardiff City,Preston North End,3,0,1,1,3,3,1
1921,Cardiff City,Tottenham Hotspur,0,1,1,1,1,-1,0
1921,Chelsea,Liverpool,0,1,1,1,1,-1,0
1921,Chelsea,Tottenham Hotspur,1,2,1,1,3,-1,0
1921,Everton,Bolton Wanderers,1,0,1,1,1,1,1
1921,Everton,Middlesbrough,4,1,1,1,5,3,1
1921,Everton,Preston North End,0,0,1,1,0,0,0
1921,Everton,Tottenham Hotspur,0,0,1,1,0,0,0
1921,Huddersfield Town,Cardiff City,0,1,1,1,1,-1,0
1921,Huddersfield Town,Liverpool,0,1,1,1,1,-1,0
1921,Liverpool,Cardiff City,5,1,1,1,6,4,1
1921,Liverpool,Huddersfield Town,2,0,1,1,2,2,1
1921,Liverpool,Preston North End,4,0,1,1,4,4,1
1921,Manchester City,Aston Villa,2,1,1,1,3,1,1
1921,Manchester City,Cardiff City,1,1,1,1,2,0,0
1921,Manchester City,Middlesbrough,2,2,1,1,4,0,0
1921,Manchester City,Tottenham Hotspur,3,3,1,1,6,0,0
1921,Manchester United,Aston Villa,1,0,1,1,1,1,1
1921,Manchester United,Bolton Wanderers,0,1,1,1,1,-1,0
1921,Manchester United,Huddersfield Town,1,1,1,1,2,0,0
1921,Manchester United,Tottenham Hotspur,2,1,1,1,3,1,1
1921,Middlesbrough,Bolton Wanderers,4,2,1,1,6,2,1
1921,Middlesbrough,Cardiff City,0,0,1,1,0,0,0
1921,Middlesbrough,Huddersfield Town,5,1,1,1,6,4,1
1921,Middlesbrough,Preston North End,1,0,1,1,1,1,1
1921,Middlesbrough,Tottenham Hotspur,0,0,1,1,0,0,0
1921,Newcastle United,Cardiff City,0,0,1,1,0,0,0
1921,Newcastle United,Manchester United,3,0,1,1,3,3,1
1921,Newcastle United,Preston North End,3,1,1,1,4,2,1
1921,Oldham Athletic,Bolton Wanderers,0,0,1,1,0,0,0
1921,Oldham Athletic,Huddersfield Town,1,1,1,1,2,0,0
1921,Oldham Athletic,Preston North End,2,0,1,1,2,2,1
1921,Preston North End,Aston Villa,1,0,1,1,1,1,1
1921,Preston North End,Bolton Wanderers,3,1,1,1,4,2,1
1921,Preston North End,Huddersfield Town,1,1,1,1,2,0,0
1921,Preston North End,Tottenham Hotspur,1,2,1,1,3,-1,0
1921,Sheffield United,Aston Villa,2,3,1,1,5,-1,0
1921,Sheffield United,Bolton Wanderers,1,0,1,1,1,1,1
1921,Sheffield United,Tottenham Hotspur,1,0,1,1,1,1,1
1921,Sunderland,Bolton Wanderers,6,2,1,1,8,4,1
1921,Sunderland,Cardiff City,4,1,1,1,5,3,1
1921,Sunderland,Manchester United,2,1,1,1,3,1,1
1921,Sunderland,Tottenham Hotspur,2,0,1,1,2,2,1
1921,Tottenham Hotspur,Bolton Wanderers,1,2,1,1,3,-1,0
1921,Tottenham Hotspur,Manchester United,2,2,1,1,4,0,0
1921,Tottenham Hotspur,Sunderland,1,0,1,1,1,1,1
1921,West Bromwich Albion,Aston Villa,0,1,1,1,1,-1,0
1921,Barnsley,Bradford Park Avenue,2,0,2,2,2,2,1
1921,Barnsley,Notts County,3,0,2,2,3,3,1
1921,Barnsley,Sheffield Wednesday,2,0,2,2,2,2,1
1921,Blackpool,Bradford Park Avenue,1,1,2,2,2,0,0
1921,Blackpool,Notts County,1,2,2,2,3,-1,0
1921,Blackpool,Sheffield Wednesday,0,2,2,2,2,-2,0
1921,Bradford Park Avenue,Coventry City,1,2,2,2,3,-1,0
1921,Bradford Park Avenue,Notts County,2,1,2,2,3,1,1
1921,Bristol City,Fulham,1,0,2,2,1,1,1
1921,Bristol City,Notts County,2,2,2,2,4,0,0
1921,Bury,Fulham,1,0,2,2,1,1,1
1921,Bury,Leicester City,0,1,2,2,1,-1,0
1921,Coventry City,Blackpool,0,1,2,2,1,-1,0
1921,Coventry City,Bury,1,2,2,2,3,-1,0
1921,Coventry City,Fulham,2,0,2,2,2,2,1
1921,Coventry City,Leicester City,0,0,2,2,0,0,0
1921,Coventry City,Notts County,4,2,2,2,6,2,1
1921,Crystal Palace,Blackpool,1,0,2,2,1,1,1
1921,Crystal Palace,Bury,4,1,2,2,5,3,1
1921,Crystal Palace,Leicester City,1,0,2,2,1,1,1
1921,Crystal Palace,West Ham United,1,2,2,2,3,-1,0
1921,Derby County,Blackpool,1,0,2,2,1,1,1
1921,Derby County,Fulham,1,1,2,2,2,0,0
1921,Derby County,Leicester City,0,1,2,2,1,-1,0
1921,Derby County,West Ham United,3,1,2,2,4,2,1
1921,Fulham,Blackpool,1,0,2,2,1,1,1
1921,Fulham,Notts County,4,0,2,2,4,4,1
1921,Fulham,Sheffield Wednesday,3,1,2,2,4,2,1
1921,Fulham,West Ham United,2,0,2,2,2,2,1
1921,Hull City,Blackpool,2,0,2,2,2,2,1
1921,Hull City,Notts County,2,0,2,2,2,2,1
1921,Hull City,West Ham United,0,0,2,2,0,0,0
1921,Leeds United,Bury,2,0,2,2,2,2,1
1921,Leeds United,West Ham United,0,0,2,2,0,0,0
1921,Leicester City,Notts County,3,0,2,2,3,3,1
1921,Leicester City,West Ham United,2,1,2,2,3,1,1
1921,Leyton Orient,Derby County,3,2,2,2,5,1,1
1921,Leyton Orient,Leeds United,4,2,2,2,6,2,1
1921,Leyton Orient,Sheffield Wednesday,1,1,2,2,2,0,0
1921,Leyton Orient,West Ham United,0,0,2,2,0,0,0
1921,Nottingham Forest,Blackpool,0,0,2,2,0,0,0
1921,Nottingham Forest,Bury,1,2,2,2,3,-1,0
1921,Nottingham Forest,Derby County,3,0,2,2,3,3,1
1921,Nottingham Forest,Notts County,0,0,2,2,0,0,0
1921,Nottingham Forest,Sheffield Wednesday,2,0,2,2,2,2,1
1921,Nottingham Forest,West Ham United,2,0,2,2,2,2,1
1921,Notts County,Bury,1,1,2,2,2,0,0
1921,Notts County,Leeds United,4,1,2,2,5,3,1
1921,Notts County,Nottingham Forest,1,1,2,2,2,0,0
1921,Notts County,West Ham United,1,1,2,2,2,0,0
1921,Port Vale,Blackpool,1,0,2,2,1,1,1
1921,Rotherham County,Blackpool,0,1,2,2,1,-1,0
1921,Rotherham County,Derby County,2,0,2,2,2,2,1
1921,Rotherham County,Leeds United,1,0,2,2,1,1,1
1921,Rotherham County,Nottingham Forest,0,1,2,2,1,-1,0
1921,Rotherham County,West Ham United,0,1,2,2,1,-1,0
1921,Sheffield Wednesday,Derby County,1,1,2,2,2,0,0
1921,Sheffield Wednesday,Nottingham Forest,0,4,2,2,4,-4,0
1921,South Shields,Blackpool,2,1,2,2,3,1,1
1921,South Shields,Bury,1,1,2,2,2,0,0
1921,South Shields,Derby County,3,1,2,2,4,2,1
1921,South Shields,Leeds United,0,1,2,2,1,-1,0
1921,South Shields,Rotherham County,2,0,2,2,2,2,1
1921,South Shields,West Ham United,1,0,2,2,1,1,1
1921,Stoke City,Nottingham Forest,1,1,2,2,2,0,0
1921,West Ham United,Blackpool,0,2,2,2,2,-2,0
1921,West Ham United,Nottingham Forest,1,0,2,2,1,1,1
1921,Wolverhampton Wanderers,Blackpool,4,0,2,2,4,4,1
1921,Wolverhampton Wanderers,Derby County,0,3,2,2,3,-3,0
1921,Wolverhampton Wanderers,Stoke City,1,1,2,2,2,0,0
1921,Accrington Stanley,Stalybridge Celtic,4,1,3a,3,5,3,1
1921,Ashington,Accrington Stanley,2,1,3a,3,3,1,1
1921,Ashington,Grimsby Town,1,0,3a,3,1,1,1
1921,Ashington,Southport,2,2,3a,3,4,0,0
1921,Ashington,Wrexham,2,2,3a,3,4,0,0
1921,Barrow,Chesterfield,1,0,3a,3,1,1,1
1921,Barrow,Durham City,0,1,3a,3,1,-1,0
1921,Barrow,Hartlepool United,0,1,3a,3,1,-1,0
1921,Barrow,Rochdale,1,0,3a,3,1,1,1
1921,Chesterfield,Ashington,0,1,3a,3,1,-1,0
1921,Chesterfield,Darlington,0,3,3a,3,3,-3,0
1921,Chesterfield,Walsall,1,0,3a,3,1,1,1
1921,Crewe Alexandra,Accrington Stanley,2,1,3a,3,3,1,1
1921,Crewe Alexandra,Chesterfield,1,2,3a,3,3,-1,0
1921,Crewe Alexandra,Grimsby Town,1,2,3a,3,3,-1,0
1921,Crewe Alexandra,Southport,1,0,3a,3,1,1,1
1921,Darlington,Hartlepool United,0,0,3a,3,0,0,0
1921,Darlington,Rochdale,2,1,3a,3,3,1,1
1921,Durham City,Crewe Alexandra,4,2,3a,3,6,2,1
1921,Durham City,Nelson,2,0,3a,3,2,2,1
1921,Durham City,Stalybridge Celtic,3,1,3a,3,4,2,1
1921,Grimsby Town,Accrington Stanley,2,1,3a,3,3,1,1
1921,Grimsby Town,Chesterfield,2,2,3a,3,4,0,0
1921,Grimsby Town,Lincoln City,3,1,3a,3,4,2,1
1921,Grimsby Town,Wrexham,2,0,3a,3,2,2,1
1921,Halifax Town,Barrow,3,2,3a,3,5,1,1
1921,Halifax Town,Hartlepool United,3,0,3a,3,3,3,1
1921,Halifax Town,Rochdale,1,1,3a,3,2,0,0
1921,Halifax Town,Stockport County,1,0,3a,3,1,1,1
1921,Hartlepool United,Ashington,2,1,3a,3,3,1,1
1921,Hartlepool United,Crewe Alexandra,1,0,3a,3,1,1,1
1921,Hartlepool United,Nelson,6,1,3a,3,7,5,1
1921,Hartlepool United,Walsall,1,0,3a,3,1,1,1
1921,Lincoln City,Accrington Stanley,1,1,3a,3,2,0,0
1921,Lincoln City,Chesterfield,2,1,3a,3,3,1,1
1921,Lincoln City,Durham City,3,0,3a,3,3,3,1
1921,Lincoln City,Southport,3,1,3a,3,4,2,1
1921,Lincoln City,Tranmere Rovers,4,1,3a,3,5,3,1
1921,Nelson,Barrow,1,1,3a,3,2,0,0
1921,Nelson,Rochdale,4,1,3a,3,5,3,1
1921,Nelson,Wigan Borough,1,2,3a,3,3,-1,0
1921,Rochdale,Stalybridge Celtic,2,1,3a,3,3,1,1
1921,Rochdale,Walsall,7,0,3a,3,7,7,1
1921,Southport,Accrington Stanley,1,1,3a,3,2,0,0
1921,Southport,Chesterfield,3,0,3a,3,3,3,1
1921,Southport,Rochdale,2,1,3a,3,3,1,1
1921,Southport,Tranmere Rovers,1,1,3a,3,2,0,0
1921,Southport,Wrexham,1,2,3a,3,3,-1,0
1921,Stalybridge Celtic,Barrow,3,0,3a,3,3,3,1
1921,Stalybridge Celtic,Halifax Town,2,1,3a,3,3,1,1
1921,Stalybridge Celtic,Wigan Borough,0,0,3a,3,0,0,0
1921,Stockport County,Grimsby Town,0,1,3a,3,1,-1,0
1921,Stockport County,Lincoln City,2,2,3a,3,4,0,0
1921,Stockport County,Southport,2,1,3a,3,3,1,1
1921,Tranmere Rovers,Chesterfield,2,0,3a,3,2,2,1
1921,Tranmere Rovers,Durham City,3,3,3a,3,6,0,0
1921,Tranmere Rovers,Hartlepool United,1,2,3a,3,3,-1,0
1921,Tranmere Rovers,Rochdale,7,0,3a,3,7,7,1
1921,Tranmere Rovers,Wrexham,0,0,3a,3,0,0,0
1921,Walsall,Nelson,2,0,3a,3,2,2,1
1921,Walsall,Stalybridge Celtic,2,2,3a,3,4,0,0
1921,Wigan Borough,Crewe Alexandra,2,0,3a,3,2,2,1
1921,Wigan Borough,Tranmere Rovers,0,0,3a,3,0,0,0
1921,Wrexham,Rochdale,1,1,3a,3,2,0,0
1921,Aberdare Athletic,Norwich City,1,2,3b,3,3,-1,0
1921,Aberdare Athletic,Southend United,1,1,3b,3,2,0,0
1921,Aberdare Athletic,Watford,3,0,3b,3,3,3,1
1921,Brentford,Bristol Rovers,4,2,3b,3,6,2,1
1921,Brentford,Millwall,1,0,3b,3,1,1,1
1921,Brentford,Norwich City,2,1,3b,3,3,1,1
1921,Brentford,Queens Park Rangers,5,1,3b,3,6,4,1
1921,Brentford,Southend United,1,0,3b,3,1,1,1
1921,Brentford,Watford,1,1,3b,3,2,0,0
1921,Brighton & Hove Albion,Norwich City,0,2,3b,3,2,-2,0
1921,Brighton & Hove Albion,Queens Park Rangers,2,1,3b,3,3,1,1
1921,Brighton & Hove Albion,Southend United,0,0,3b,3,0,0,0
1921,Brighton & Hove Albion,Watford,1,1,3b,3,2,0,0
1921,Bristol Rovers,Millwall,0,0,3b,3,0,0,0
1921,Bristol Rovers,Norwich City,4,2,3b,3,6,2,1
1921,Bristol Rovers,Watford,1,1,3b,3,2,0,0
1921,Charlton Athletic,Gillingham,0,0,3b,3,0,0,0
1921,Charlton Athletic,Queens Park Rangers,1,1,3b,3,2,0,0
1921,Charlton Athletic,Watford,1,0,3b,3,1,1,1
1921,Exeter City,Gillingham,1,1,3b,3,2,0,0
1921,Exeter City,Millwall,1,0,3b,3,1,1,1
1921,Exeter City,Norwich City,2,0,3b,3,2,2,1
1921,Exeter City,Queens Park Rangers,0,1,3b,3,1,-1,0
1921,Exeter City,Southend United,4,1,3b,3,5,3,1
1921,Gillingham,Brighton & Hove Albion,1,0,3b,3,1,1,1
1921,Gillingham,Exeter City,3,0,3b,3,3,3,1
1921,Gillingham,Queens Park Rangers,1,2,3b,3,3,-1,0
1921,Gillingham,Southend United,1,0,3b,3,1,1,1
1921,Gillingham,Watford,1,1,3b,3,2,0,0
1921,Luton Town,Brighton & Hove Albion,2,0,3b,3,2,2,1
1921,Luton Town,Exeter City,4,0,3b,3,4,4,1
1921,Luton Town,Millwall,1,0,3b,3,1,1,1
1921,Luton Town,Norwich City,2,1,3b,3,3,1,1
1921,Luton Town,Southend United,3,0,3b,3,3,3,1
1921,Merthyr Town,Brighton & Hove Albion,2,1,3b,3,3,1,1
1921,Merthyr Town,Exeter City,0,0,3b,3,0,0,0
1921,Merthyr Town,Queens Park Rangers,2,0,3b,3,2,2,1
1921,Millwall,Exeter City,1,0,3b,3,1,1,1
1921,Millwall,Norwich City,2,2,3b,3,4,0,0
1921,Millwall,Southend United,0,0,3b,3,0,0,0
1921,Newport County,Southend United,2,1,3b,3,3,1,1
1921,Northampton Town,Merthyr Town,2,0,3b,3,2,2,1
1921,Northampton Town,Queens Park Rangers,1,0,3b,3,1,1,1
1921,Norwich City,Brighton & Hove Albion,1,1,3b,3,2,0,0
1921,Norwich City,Southend United,1,1,3b,3,2,0,0
1921,Plymouth Argyle,Exeter City,0,0,3b,3,0,0,0
1921,Plymouth Argyle,Merthyr Town,0,0,3b,3,0,0,0
1921,Plymouth Argyle,Northampton Town,2,0,3b,3,2,2,1
1921,Plymouth Argyle,Queens Park Rangers,4,0,3b,3,4,4,1
1921,Plymouth Argyle,Southend United,4,0,3b,3,4,4,1
1921,Plymouth Argyle,Watford,3,0,3b,3,3,3,1
1921,Portsmouth,Northampton Town,1,1,3b,3,2,0,0
1921,Portsmouth,Southend United,6,0,3b,3,6,6,1
1921,Portsmouth,Watford,2,0,3b,3,2,2,1
1921,Queens Park Rangers,Merthyr Town,0,0,3b,3,0,0,0
1921,Queens Park Rangers,Portsmouth,1,1,3b,3,2,0,0
1921,Queens Park Rangers,Southend United,1,0,3b,3,1,1,1
1921,Queens Park Rangers,Watford,1,1,3b,3,2,0,0
1921,Reading,Northampton Town,0,0,3b,3,0,0,0
1921,Reading,Portsmouth,1,1,3b,3,2,0,0
1921,Southampton,Brighton & Hove Albion,3,0,3b,3,3,3,1
1921,Southampton,Exeter City,2,0,3b,3,2,2,1
1921,Southampton,Northampton Town,8,0,3b,3,8,8,1
1921,Southend United,Northampton Town,1,1,3b,3,2,0,0
1921,Swansea City,Brighton & Hove Albion,2,1,3b,3,3,1,1
1921,Swansea City,Exeter City,2,1,3b,3,3,1,1
1921,Swansea City,Northampton Town,2,2,3b,3,4,0,0
1921,Swansea City,Portsmouth,2,2,3b,3,4,0,0
1921,Swansea City,Watford,3,0,3b,3,3,3,1
1921,Swindon Town,Brighton & Hove Albion,1,0,3b,3,1,1,1
1921,Swindon Town,Exeter City,1,1,3b,3,2,0,0
1921,Swindon Town,Northampton Town,4,2,3b,3,6,2,1
1921,Swindon Town,Southampton,2,3,3b,3,5,-1,0
1921,Watford,Brighton & Hove Albion,1,0,3b,3,1,1,1
1921,Watford,Merthyr Town,4,1,3b,3,5,3,1
1921,Watford,Southampton,1,1,3b,3,2,0,0
1922,Arsenal,Blackburn Rovers,1,1,1,1,2,0,0
1922,Arsenal,Middlesbrough,3,0,1,1,3,3,1
1922,Arsenal,Oldham Athletic,2,0,1,1,2,2,1
1922,Arsenal,West Bromwich Albion,3,1,1,1,4,2,1
1922,Aston Villa,Cardiff City,1,3,1,1,4,-2,0
1922,Aston Villa,Oldham Athletic,3,0,1,1,3,3,1
1922,Aston Villa,Stoke City,6,0,1,1,6,6,1
1922,Birmingham City,Blackburn Rovers,1,1,1,1,2,0,0
1922,Birmingham City,Cardiff City,0,0,1,1,0,0,0
1922,Birmingham City,Oldham Athletic,2,3,1,1,5,-1,0
1922,Blackburn Rovers,Birmingham City,1,1,1,1,2,0,0
1922,Blackburn Rovers,Cardiff City,3,1,1,1,4,2,1
1922,Blackburn Rovers,Middlesbrough,2,0,1,1,2,2,1
1922,Blackburn Rovers,Oldham Athletic,1,0,1,1,1,1,1
1922,Blackburn Rovers,Stoke City,1,5,1,1,6,-4,0
1922,Blackburn Rovers,West Bromwich Albion,5,1,1,1,6,4,1
1922,Bolton Wanderers,Birmingham City,3,0,1,1,3,3,1
1922,Bolton Wanderers,Middlesbrough,1,1,1,1,2,0,0
1922,Bolton Wanderers,Oldham Athletic,3,1,1,1,4,2,1
1922,Bolton Wanderers,West Bromwich Albion,3,0,1,1,3,3,1
1922,Burnley,Oldham Athletic,1,1,1,1,2,0,0
1922,Cardiff City,Burnley,2,2,1,1,4,0,0
1922,Cardiff City,Huddersfield Town,0,1,1,1,1,-1,0
1922,Cardiff City,Middlesbrough,2,0,1,1,2,2,1
1922,Cardiff City,Oldham Athletic,2,0,1,1,2,2,1
1922,Cardiff City,Stoke City,2,1,1,1,3,1,1
1922,Chelsea,Birmingham City,1,1,1,1,2,0,0
1922,Chelsea,West Bromwich Albion,2,2,1,1,4,0,0
1922,Everton,Birmingham City,2,1,1,1,3,1,1
1922,Everton,Burnley,1,0,1,1,1,1,1
1922,Everton,Middlesbrough,5,3,1,1,8,2,1
1922,Everton,Stoke City,4,0,1,1,4,4,1
1922,Everton,West Bromwich Albion,0,1,1,1,1,-1,0
1922,Huddersfield Town,Birmingham City,4,0,1,1,4,4,1
1922,Huddersfield Town,West Bromwich Albion,4,1,1,1,5,3,1
1922,Liverpool,Burnley,3,0,1,1,3,3,1
1922,Liverpool,Everton,5,1,1,1,6,4,1
1922,Liverpool,Middlesbrough,2,0,1,1,2,2,1
1922,Liverpool,Stoke City,1,0,1,1,1,1,1
1922,Manchester City,Birmingham City,0,1,1,1,1,-1,0
1922,Manchester City,Middlesbrough,2,1,1,1,3,1,1
1922,Manchester City,Oldham Athletic,3,2,1,1,5,1,1
1922,Manchester City,Stoke City,2,1,1,1,3,1,1
1922,Manchester City,West Bromwich Albion,1,1,1,1,2,0,0
1922,Middlesbrough,Burnley,4,1,1,1,5,3,1
1922,Middlesbrough,Manchester City,5,0,1,1,5,5,1
1922,Newcastle United,Birmingham City,0,0,1,1,0,0,0
1922,Newcastle United,West Bromwich Albion,2,0,1,1,2,2,1
1922,Nottingham Forest,Burnley,1,0,1,1,1,1,1
1922,Nottingham Forest,Everton,2,1,1,1,3,1,1
1922,Nottingham Forest,Manchester City,2,0,1,1,2,2,1
1922,Nottingham Forest,Oldham Athletic,1,0,1,1,1,1,1
1922,Nottingham Forest,West Bromwich Albion,0,4,1,1,4,-4,0
1922,Oldham Athletic,Everton,1,0,1,1,1,1,1
1922,Oldham Athletic,Manchester City,0,3,1,1,3,-3,0
1922,Oldham Athletic,Stoke City,4,1,1,1,5,3,1
1922,Oldham Athletic,West Bromwich Albion,0,0,1,1,0,0,0
1922,Preston North End,Everton,2,2,1,1,4,0,0
1922,Preston North End,Manchester City,0,2,1,1,2,-2,0
1922,Preston North End,Nottingham Forest,2,2,1,1,4,0,0
1922,Preston North End,Stoke City,4,2,1,1,6,2,1
1922,Preston North End,West Bromwich Albion,0,0,1,1,0,0,0
1922,Sheffield United,Birmingham City,7,1,1,1,8,6,1
1922,Sheffield United,Everton,0,1,1,1,1,-1,0
1922,Sheffield United,Nottingham Forest,0,0,1,1,0,0,0
1922,Sheffield United,West Bromwich Albion,3,1,1,1,4,2,1
1922,Stoke City,Manchester City,1,1,1,1,2,0,0
1922,Stoke City,Nottingham Forest,0,1,1,1,1,-1,0
1922,Stoke City,West Bromwich Albion,0,2,1,1,2,-2,0
1922,Sunderland,Birmingham City,5,3,1,1,8,2,1
1922,Sunderland,Burnley,3,1,1,1,4,2,1
1922,Sunderland,Everton,3,1,1,1,4,2,1
1922,Sunderland,Nottingham Forest,0,0,1,1,0,0,0
1922,Sunderland,Sheffield United,3,5,1,1,8,-2,0
1922,Tottenham Hotspur,Everton,2,0,1,1,2,2,1
1922,West Bromwich Albion,Birmingham City,1,0,1,1,1,1,1
1922,West Bromwich Albion,Burnley,2,1,1,1,3,1,1
1922,West Bromwich Albion,Nottingham Forest,0,0,1,1,0,0,0
1922,West Bromwich Albion,Tottenham Hotspur,5,1,1,1,6,4,1
1922,Barnsley,Manchester United,2,2,2,2,4,0,0
1922,Barnsley,Rotherham County,2,2,2,2,4,0,0
1922,Barnsley,Southampton,3,0,2,2,3,3,1
1922,Blackpool,Manchester United,1,0,2,2,1,1,1
1922,Blackpool,Southampton,1,2,2,2,3,-1,0
1922,Bradford City,Bury,4,0,2,2,4,4,1
1922,Bradford City,Wolverhampton Wanderers,1,1,2,2,2,0,0
1922,Bury,Manchester United,2,2,2,2,4,0,0
1922,Bury,Southampton,0,0,2,2,0,0,0
1922,Coventry City,Bradford City,2,1,2,2,3,1,1
1922,Coventry City,Manchester United,2,0,2,2,2,2,1
1922,Coventry City,Southampton,2,0,2,2,2,2,1
1922,Coventry City,Wolverhampton Wanderers,7,1,2,2,8,6,1
1922,Crystal Palace,Derby County,2,2,2,2,4,0,0
1922,Crystal Palace,Manchester United,2,3,2,2,5,-1,0
1922,Derby County,Bradford City,0,2,2,2,2,-2,0
1922,Derby County,Wolverhampton Wanderers,1,1,2,2,2,0,0
1922,Fulham,Leeds United,3,0,2,2,3,3,1
1922,Fulham,Manchester United,0,0,2,2,0,0,0
1922,Fulham,Rotherham County,1,2,2,2,3,-1,0
1922,Fulham,Southampton,1,1,2,2,2,0,0
1922,Fulham,Wolverhampton Wanderers,2,0,2,2,2,2,1
1922,Hull City,Crystal Palace,1,1,2,2,2,0,0
1922,Leeds United,Crystal Palace,4,1,2,2,5,3,1
1922,Leeds United,Manchester United,0,1,2,2,1,-1,0
1922,Leeds United,Rotherham County,2,0,2,2,2,2,1
1922,Leeds United,Southampton,1,0,2,2,1,1,1
1922,Leeds United,Wolverhampton Wanderers,1,0,2,2,1,1,1
1922,Leicester City,Manchester United,0,1,2,2,1,-1,0
1922,Leicester City,Rotherham County,3,0,2,2,3,3,1
1922,Leicester City,Southampton,2,1,2,2,3,1,1
1922,Leicester City,Wolverhampton Wanderers,7,0,2,2,7,7,1
1922,Leyton Orient,Bradford City,1,0,2,2,1,1,1
1922,Leyton Orient,Hull City,2,0,2,2,2,2,1
1922,Leyton Orient,Manchester United,1,1,2,2,2,0,0
1922,Leyton Orient,Wolverhampton Wanderers,4,1,2,2,5,3,1
1922,Manchester United,Crystal Palace,2,1,2,2,3,1,1
1922,Manchester United,Southampton,1,2,2,2,3,-1,0
1922,Notts County,Bradford City,0,0,2,2,0,0,0
1922,Notts County,Crystal Palace,0,4,2,2,4,-4,0
1922,Notts County,Hull City,0,1,2,2,1,-1,0
1922,Notts County,Leyton Orient,3,1,2,2,4,2,1
1922,Notts County,Rotherham County,2,0,2,2,2,2,1
1922,Notts County,Southampton,1,0,2,2,1,1,1
1922,Notts County,Wolverhampton Wanderers,4,1,2,2,5,3,1
1922,Port Vale,Bradford City,1,2,2,2,3,-1,0
1922,Port Vale,Leyton Orient,3,1,2,2,4,2,1
1922,Rotherham County,Bradford City,0,2,2,2,2,-2,0
1922,Rotherham County,Crystal Palace,4,1,2,2,5,3,1
1922,Rotherham County,Hull City,0,1,2,2,1,-1,0
1922,Rotherham County,Port Vale,3,1,2,2,4,2,1
1922,Rotherham County,Southampton,0,0,2,2,0,0,0
1922,Sheffield Wednesday,Bradford City,2,2,2,2,4,0,0
1922,Sheffield Wednesday,Crystal Palace,3,1,2,2,4,2,1
1922,Sheffield Wednesday,Hull City,1,0,2,2,1,1,1
1922,South Shields,Bradford City,0,0,2,2,0,0,0
1922,South Shields,Crystal Palace,2,0,2,2,2,2,1
1922,South Shields,Hull City,0,0,2,2,0,0,0
1922,South Shields,Port Vale,3,1,2,2,4,2,1
1922,Southampton,Crystal Palace,0,2,2,2,2,-2,0
1922,Southampton,South Shields,0,2,2,2,2,-2,0
1922,Stockport County,Crystal Palace,2,2,2,2,4,0,0
1922,Stockport County,Leyton Orient,0,2,2,2,2,-2,0
1922,West Ham United,Crystal Palace,1,1,2,2,2,0,0
1922,West Ham United,Hull City,3,0,2,2,3,3,1
1922,West Ham United,Leyton Orient,1,0,2,2,1,1,1
1922,West Ham United,Port Vale,0,0,2,2,0,0,0
1922,Wolverhampton Wanderers,Bradford City,4,1,2,2,5,3,1
1922,Wolverhampton Wanderers,Port Vale,3,0,2,2,3,3,1
1922,Accrington Stanley,Halifax Town,4,1,3a,3,5,3,1
1922,Accrington Stanley,Nelson,0,1,3a,3,1,-1,0
1922,Ashington,Barrow,2,6,3a,3,8,-4,0
1922,Ashington,Crewe Alexandra,2,4,3a,3,6,-2,0
1922,Ashington,Southport,1,1,3a,3,2,0,0
1922,Ashington,Walsall,3,0,3a,3,3,3,1
1922,Barrow,Accrington Stanley,5,2,3a,3,7,3,1
1922,Barrow,Durham City,2,1,3a,3,3,1,1
1922,Barrow,Hartlepool United,0,0,3a,3,0,0,0
1922,Barrow,Rochdale,4,1,3a,3,5,3,1
1922,Barrow,Wrexham,1,0,3a,3,1,1,1
1922,Bradford Park Avenue,Darlington,2,1,3a,3,3,1,1
1922,Bradford Park Avenue,Halifax Town,2,2,3a,3,4,0,0
1922,Bradford Park Avenue,Nelson,6,2,3a,3,8,4,1
1922,Chesterfield,Ashington,2,2,3a,3,4,0,0
1922,Chesterfield,Grimsby Town,3,2,3a,3,5,1,1
1922,Chesterfield,Lincoln City,3,3,3a,3,6,0,0
1922,Crewe Alexandra,Bradford Park Avenue,0,1,3a,3,1,-1,0
1922,Crewe Alexandra,Durham City,4,0,3a,3,4,4,1
1922,Darlington,Crewe Alexandra,5,0,3a,3,5,5,1
1922,Darlington,Nelson,2,3,3a,3,5,-1,0
1922,Darlington,Stalybridge Celtic,1,0,3a,3,1,1,1
1922,Durham City,Ashington,1,1,3a,3,2,0,0
1922,Durham City,Grimsby Town,0,3,3a,3,3,-3,0
1922,Durham City,Lincoln City,7,1,3a,3,8,6,1
1922,Durham City,Southport,1,1,3a,3,2,0,0
1922,Durham City,Walsall,0,2,3a,3,2,-2,0
1922,Grimsby Town,Accrington Stanley,7,1,3a,3,8,6,1
1922,Grimsby Town,Darlington,0,1,3a,3,1,-1,0
1922,Grimsby Town,Rochdale,1,1,3a,3,2,0,0
1922,Grimsby Town,Tranmere Rovers,0,0,3a,3,0,0,0
1922,Halifax Town,Crewe Alexandra,1,0,3a,3,1,1,1
1922,Halifax Town,Grimsby Town,1,0,3a,3,1,1,1
1922,Halifax Town,Wigan Borough,0,1,3a,3,1,-1,0
1922,Hartlepool United,Chesterfield,5,0,3a,3,5,5,1
1922,Hartlepool United,Lincoln City,2,0,3a,3,2,2,1
1922,Hartlepool United,Walsall,2,2,3a,3,4,0,0
1922,Lincoln City,Darlington,1,1,3a,3,2,0,0
1922,Nelson,Barrow,2,1,3a,3,3,1,1
1922,Nelson,Lincoln City,2,1,3a,3,3,1,1
1922,Nelson,Wigan Borough,1,0,3a,3,1,1,1
1922,Rochdale,Durham City,2,0,3a,3,2,2,1
1922,Rochdale,Hartlepool United,4,0,3a,3,4,4,1
1922,Rochdale,Southport,3,2,3a,3,5,1,1
1922,Rochdale,Walsall,0,2,3a,3,2,-2,0
1922,Southport,Accrington Stanley,1,2,3a,3,3,-1,0
1922,Southport,Darlington,2,1,3a,3,3,1,1
1922,Southport,Halifax Town,1,3,3a,3,4,-2,0
1922,Southport,Nelson,0,1,3a,3,1,-1,0
1922,Southport,Tranmere Rovers,0,0,3a,3,0,0,0
1922,Southport,Wrexham,1,0,3a,3,1,1,1
1922,Stalybridge Celtic,Crewe Alexandra,0,1,3a,3,1,-1,0
1922,Stalybridge Celtic,Lincoln City,0,1,3a,3,1,-1,0
1922,Stalybridge Celtic,Southport,1,0,3a,3,1,1,1
1922,Tranmere Rovers,Chesterfield,2,3,3a,3,5,-1,0
1922,Tranmere Rovers,Hartlepool United,1,1,3a,3,2,0,0
1922,Walsall,Accrington Stanley,0,2,3a,3,2,-2,0
1922,Walsall,Darlington,2,2,3a,3,4,0,0
1922,Walsall,Nelson,5,0,3a,3,5,5,1
1922,Wigan Borough,Barrow,2,1,3a,3,3,1,1
1922,Wigan Borough,Crewe Alexandra,1,1,3a,3,2,0,0
1922,Wigan Borough,Grimsby Town,1,0,3a,3,1,1,1
1922,Wigan Borough,Lincoln City,9,1,3a,3,10,8,1
1922,Wigan Borough,Southport,1,0,3a,3,1,1,1
1922,Wigan Borough,Walsall,1,0,3a,3,1,1,1
1922,Wrexham,Ashington,0,0,3a,3,0,0,0
1922,Wrexham,Hartlepool United,2,0,3a,3,2,2,1
1922,Wrexham,Rochdale,3,1,3a,3,4,2,1
1922,Aberdare Athletic,Norwich City,0,3,3b,3,3,-3,0
1922,Aberdare Athletic,Queens Park Rangers,0,0,3b,3,0,0,0
1922,Brentford,Gillingham,2,0,3b,3,2,2,1
1922,Brentford,Millwall,1,1,3b,3,2,0,0
1922,Brentford,Queens Park Rangers,1,3,3b,3,4,-2,0
1922,Brentford,Swansea City,0,1,3b,3,1,-1,0
1922,Brighton & Hove Albion,Aberdare Athletic,3,1,3b,3,4,2,1
1922,Brighton & Hove Albion,Bristol Rovers,2,1,3b,3,3,1,1
1922,Brighton & Hove Albion,Gillingham,3,0,3b,3,3,3,1
1922,Brighton & Hove Albion,Millwall,2,0,3b,3,2,2,1
1922,Bristol City,Gillingham,2,1,3b,3,3,1,1
1922,Charlton Athletic,Aberdare Athletic,1,1,3b,3,2,0,0
1922,Charlton Athletic,Bristol City,1,0,3b,3,1,1,1
1922,Charlton Athletic,Gillingham,3,1,3b,3,4,2,1
1922,Charlton Athletic,Millwall,0,2,3b,3,2,-2,0
1922,Charlton Athletic,Norwich City,3,0,3b,3,3,3,1
1922,Charlton Athletic,Swansea City,3,1,3b,3,4,2,1
1922,Exeter City,Aberdare Athletic,1,0,3b,3,1,1,1
1922,Exeter City,Gillingham,0,1,3b,3,1,-1,0
1922,Exeter City,Millwall,2,1,3b,3,3,1,1
1922,Exeter City,Norwich City,2,0,3b,3,2,2,1
1922,Exeter City,Queens Park Rangers,1,2,3b,3,3,-1,0
1922,Exeter City,Swansea City,1,0,3b,3,1,1,1
1922,Gillingham,Bristol City,1,1,3b,3,2,0,0
1922,Gillingham,Queens Park Rangers,0,1,3b,3,1,-1,0
1922,Gillingham,Swansea City,2,2,3b,3,4,0,0
1922,Luton Town,Aberdare Athletic,4,1,3b,3,5,3,1
1922,Luton Town,Bristol City,1,1,3b,3,2,0,0
1922,Luton Town,Exeter City,6,0,3b,3,6,6,1
1922,Luton Town,Millwall,2,2,3b,3,4,0,0
1922,Luton Town,Norwich City,4,0,3b,3,4,4,1
1922,Merthyr Town,Exeter City,3,1,3b,3,4,2,1
1922,Merthyr Town,Norwich City,0,1,3b,3,1,-1,0
1922,Merthyr Town,Queens Park Rangers,0,1,3b,3,1,-1,0
1922,Merthyr Town,Swansea City,2,1,3b,3,3,1,1
1922,Millwall,Bristol City,1,1,3b,3,2,0,0
1922,Millwall,Exeter City,3,0,3b,3,3,3,1
1922,Millwall,Queens Park Rangers,0,0,3b,3,0,0,0
1922,Newport County,Aberdare Athletic,0,0,3b,3,0,0,0
1922,Newport County,Exeter City,6,2,3b,3,8,4,1
1922,Newport County,Queens Park Rangers,1,0,3b,3,1,1,1
1922,Northampton Town,Bristol City,2,1,3b,3,3,1,1
1922,Northampton Town,Merthyr Town,1,1,3b,3,2,0,0
1922,Northampton Town,Queens Park Rangers,4,2,3b,3,6,2,1
1922,Norwich City,Aberdare Athletic,1,4,3b,3,5,-3,0
1922,Norwich City,Exeter City,6,0,3b,3,6,6,1
1922,Norwich City,Northampton Town,1,0,3b,3,1,1,1
1922,Norwich City,Swansea City,1,4,3b,3,5,-3,0
1922,Plymouth Argyle,Aberdare Athletic,2,0,3b,3,2,2,1
1922,Plymouth Argyle,Exeter City,5,1,3b,3,6,4,1
1922,Portsmouth,Bristol City,1,2,3b,3,3,-1,0
1922,Portsmouth,Exeter City,3,4,3b,3,7,-1,0
1922,Portsmouth,Merthyr Town,1,1,3b,3,2,0,0
1922,Portsmouth,Northampton Town,0,0,3b,3,0,0,0
1922,Portsmouth,Swansea City,0,3,3b,3,3,-3,0
1922,Queens Park Rangers,Aberdare Athletic,4,1,3b,3,5,3,1
1922,Queens Park Rangers,Merthyr Town,1,1,3b,3,2,0,0
1922,Queens Park Rangers,Portsmouth,0,1,3b,3,1,-1,0
1922,Queens Park Rangers,Swansea City,2,1,3b,3,3,1,1
1922,Reading,Exeter City,1,3,3b,3,4,-2,0
1922,Reading,Merthyr Town,1,0,3b,3,1,1,1
1922,Reading,Northampton Town,0,0,3b,3,0,0,0
1922,Reading,Swansea City,4,4,3b,3,8,0,0
1922,Southend United,Aberdare Athletic,4,0,3b,3,4,4,1
1922,Southend United,Exeter City,5,0,3b,3,5,5,1
1922,Southend United,Merthyr Town,1,1,3b,3,2,0,0
1922,Southend United,Portsmouth,0,0,3b,3,0,0,0
1922,Southend United,Swansea City,0,1,3b,3,1,-1,0
1922,Swansea City,Merthyr Town,1,1,3b,3,2,0,0
1922,Swansea City,Northampton Town,4,0,3b,3,4,4,1
1922,Swindon Town,Aberdare Athletic,5,4,3b,3,9,1,1
1922,Swindon Town,Bristol City,0,1,3b,3,1,-1,0
1922,Swindon Town,Exeter City,2,1,3b,3,3,1,1
1922,Swindon Town,Southend United,3,0,3b,3,3,3,1
1922,Watford,Bristol City,1,1,3b,3,2,0,0
1922,Watford,Merthyr Town,1,1,3b,3,2,0,0
1922,Watford,Portsmouth,2,3,3b,3,5,-1,0
1923,Arsenal,Chelsea,1,0,1,1,1,1,1
1923,Arsenal,Liverpool,3,1,1,1,4,2,1
1923,Arsenal,Newcastle United,1,4,1,1,5,-3,0
1923,Aston Villa,Arsenal,2,1,1,1,3,1,1
1923,Aston Villa,Bolton Wanderers,1,0,1,1,1,1,1
1923,Aston Villa,Chelsea,0,0,1,1,0,0,0
1923,Aston Villa,Newcastle United,6,1,1,1,7,5,1
1923,Birmingham City,Bolton Wanderers,0,3,1,1,3,-3,0
1923,Birmingham City,Chelsea,1,0,1,1,1,1,1
1923,Birmingham City,Tottenham Hotspur,3,2,1,1,5,1,1
1923,Blackburn Rovers,Bolton Wanderers,3,1,1,1,4,2,1
1923,Blackburn Rovers,Newcastle United,2,1,1,1,3,1,1
1923,Bolton Wanderers,Arsenal,1,2,1,1,3,-1,0
1923,Bolton Wanderers,Chelsea,4,0,1,1,4,4,1
1923,Bolton Wanderers,Liverpool,4,1,1,1,5,3,1
1923,Bolton Wanderers,Newcastle United,0,1,1,1,1,-1,0
1923,Bolton Wanderers,Preston North End,0,0,1,1,0,0,0
1923,Burnley,Arsenal,4,1,1,1,5,3,1
1923,Burnley,Chelsea,2,0,1,1,2,2,1
1923,Burnley,Preston North End,1,0,1,1,1,1,1
1923,Cardiff City,Arsenal,4,0,1,1,4,4,1
1923,Cardiff City,Blackburn Rovers,2,0,1,1,2,2,1
1923,Cardiff City,Newcastle United,1,0,1,1,1,1,1
1923,Cardiff City,Preston North End,1,1,1,1,2,0,0
1923,Chelsea,Arsenal,0,0,1,1,0,0,0
1923,Chelsea,Blackburn Rovers,2,0,1,1,2,2,1
1923,Chelsea,Cardiff City,1,2,1,1,3,-1,0
1923,Everton,Arsenal,3,1,1,1,4,2,1
1923,Everton,Liverpool,1,0,1,1,1,1,1
1923,Everton,Newcastle United,2,2,1,1,4,0,0
1923,Everton,Preston North End,1,1,1,1,2,0,0
1923,Everton,Tottenham Hotspur,4,2,1,1,6,2,1
1923,Huddersfield Town,Arsenal,6,1,1,1,7,5,1
1923,Huddersfield Town,Blackburn Rovers,1,0,1,1,1,1,1
1923,Liverpool,Blackburn Rovers,0,0,1,1,0,0,0
1923,Liverpool,Cardiff City,0,2,1,1,2,-2,0
1923,Liverpool,Preston North End,3,1,1,1,4,2,1
1923,Manchester City,Blackburn Rovers,3,1,1,1,4,2,1
1923,Manchester City,Newcastle United,1,1,1,1,2,0,0
1923,Manchester City,Preston North End,2,2,1,1,4,0,0
1923,Manchester City,Tottenham Hotspur,1,0,1,1,1,1,1
1923,Newcastle United,Preston North End,3,1,1,1,4,2,1
1923,Nottingham Forest,Arsenal,2,1,1,1,3,1,1
1923,Nottingham Forest,Blackburn Rovers,0,0,1,1,0,0,0
1923,Nottingham Forest,Huddersfield Town,1,1,1,1,2,0,0
1923,Nottingham Forest,Tottenham Hotspur,0,0,1,1,0,0,0
1923,Notts County,Cardiff City,1,0,1,1,1,1,1
1923,Notts County,Middlesbrough,1,0,1,1,1,1,1
1923,Preston North End,Arsenal,0,2,1,1,2,-2,0
1923,Preston North End,Cardiff City,3,1,1,1,4,2,1
1923,Preston North End,Huddersfield Town,1,3,1,1,4,-2,0
1923,Preston North End,Middlesbrough,4,0,1,1,4,4,1
1923,Sheffield United,Blackburn Rovers,4,0,1,1,4,4,1
1923,Sheffield United,Huddersfield Town,0,1,1,1,1,-1,0
1923,Sheffield United,Notts County,3,1,1,1,4,2,1
1923,Sunderland,Blackburn Rovers,5,1,1,1,6,4,1
1923,Sunderland,Huddersfield Town,2,1,1,1,3,1,1
1923,Sunderland,Notts County,1,1,1,1,2,0,0
1923,Sunderland,Tottenham Hotspur,1,0,1,1,1,1,1
1923,Tottenham Hotspur,Cardiff City,1,1,1,1,2,0,0
1923,Tottenham Hotspur,Notts County,1,3,1,1,4,-2,0
1923,Tottenham Hotspur,Sunderland,1,1,1,1,2,0,0
1923,West Bromwich Albion,Blackburn Rovers,3,3,1,1,6,0,0
1923,West Ham United,Arsenal,1,0,1,1,1,1,1
1923,West Ham United,Blackburn Rovers,0,1,1,1,1,-1,0
1923,West Ham United,Cardiff City,0,0,1,1,0,0,0
1923,West Ham United,Huddersfield Town,2,3,1,1,5,-1,0
1923,West Ham United,Middlesbrough,1,1,1,1,2,0,0
1923,West Ham United,Notts County,1,1,1,1,2,0,0
1923,West Ham United,Sunderland,0,1,1,1,1,-1,0
1923,Barnsley,Blackpool,3,1,2,2,4,2,1
1923,Barnsley,Bury,2,0,2,2,2,2,1
1923,Barnsley,Manchester United,1,0,2,2,1,1,1
1923,Barnsley,Port Vale,3,0,2,2,3,3,1
1923,Blackpool,Barnsley,0,2,2,2,2,-2,0
1923,Blackpool,Derby County,4,0,2,2,4,4,1
1923,Blackpool,Leeds United,1,1,2,2,2,0,0
1923,Blackpool,Manchester United,1,0,2,2,1,1,1
1923,Blackpool,Southampton,2,0,2,2,2,2,1
1923,Bradford City,Derby County,1,2,2,2,3,-1,0
1923,Bradford City,Port Vale,2,0,2,2,2,2,1
1923,Bristol City,Bury,4,1,2,2,5,3,1
1923,Bristol City,Leeds United,0,1,2,2,1,-1,0
1923,Bristol City,Manchester United,1,2,2,2,3,-1,0
1923,Bury,Bristol City,6,0,2,2,6,6,1
1923,Bury,Derby County,1,0,2,2,1,1,1
1923,Bury,Leeds United,3,0,2,2,3,3,1
1923,Coventry City,Leeds United,2,1,2,2,3,1,1
1923,Coventry City,Manchester United,1,1,2,2,2,0,0
1923,Crystal Palace,Barnsley,3,1,2,2,4,2,1
1923,Crystal Palace,Derby County,0,1,2,2,1,-1,0
1923,Crystal Palace,Port Vale,1,2,2,2,3,-1,0
1923,Derby County,Bristol City,2,3,2,2,5,-1,0
1923,Derby County,Southampton,1,0,2,2,1,1,1
1923,Fulham,Bristol City,1,1,2,2,2,0,0
1923,Fulham,Crystal Palace,1,0,2,2,1,1,1
1923,Fulham,Leeds United,0,2,2,2,2,-2,0
1923,Fulham,Port Vale,0,0,2,2,0,0,0
1923,Fulham,Southampton,3,2,2,2,5,1,1
1923,Hull City,Leeds United,1,2,2,2,3,-1,0
1923,Hull City,Manchester United,1,1,2,2,2,0,0
1923,Hull City,Port Vale,1,2,2,2,3,-1,0
1923,Hull City,Southampton,0,0,2,2,0,0,0
1923,Leeds United,Crystal Palace,3,0,2,2,3,3,1
1923,Leeds United,Hull City,5,2,2,2,7,3,1
1923,Leicester City,Barnsley,2,0,2,2,2,2,1
1923,Leicester City,Bristol City,5,1,2,2,6,4,1
1923,Leicester City,Crystal Palace,1,0,2,2,1,1,1
1923,Leyton Orient,Manchester United,1,0,2,2,1,1,1
1923,Leyton Orient,Port Vale,1,1,2,2,2,0,0
1923,Manchester United,Barnsley,1,2,2,2,3,-1,0
1923,Manchester United,Bristol City,2,1,2,2,3,1,1
1923,Manchester United,Crystal Palace,5,1,2,2,6,4,1
1923,Manchester United,Port Vale,5,0,2,2,5,5,1
1923,Nelson,Hull City,1,1,2,2,2,0,0
1923,Nelson,Port Vale,1,3,2,2,4,-2,0
1923,Oldham Athletic,Bristol City,0,0,2,2,0,0,0
1923,Oldham Athletic,Leyton Orient,1,0,2,2,1,1,1
1923,Port Vale,Bristol City,0,2,2,2,2,-2,0
1923,Port Vale,Crystal Palace,3,4,2,2,7,-1,0
1923,Port Vale,Leyton Orient,1,0,2,2,1,1,1
1923,Sheffield Wednesday,Leyton Orient,1,0,2,2,1,1,1
1923,Sheffield Wednesday,Southampton,1,1,2,2,2,0,0
1923,South Shields,Crystal Palace,2,0,2,2,2,2,1
1923,South Shields,Hull City,0,1,2,2,1,-1,0
1923,South Shields,Leyton Orient,1,1,2,2,2,0,0
1923,South Shields,Oldham Athletic,2,0,2,2,2,2,1
1923,Southampton,Barnsley,6,0,2,2,6,6,1
1923,Southampton,Bristol City,1,0,2,2,1,1,1
1923,Southampton,Crystal Palace,1,0,2,2,1,1,1
1923,Southampton,Hull City,2,0,2,2,2,2,1
1923,Southampton,Oldham Athletic,3,1,2,2,4,2,1
1923,Southampton,South Shields,0,0,2,2,0,0,0
1923,Stockport County,Barnsley,1,1,2,2,2,0,0
1923,Stockport County,Hull City,5,1,2,2,6,4,1
1923,Stockport County,Leyton Orient,2,0,2,2,2,2,1
1923,Stoke City,Barnsley,2,0,2,2,2,2,1
1923,Stoke City,Bristol City,3,0,2,2,3,3,1
1923,Stoke City,Crystal Palace,1,1,2,2,2,0,0
1923,Stoke City,Leyton Orient,0,1,2,2,1,-1,0
1923,Stoke City,Oldham Athletic,1,1,2,2,2,0,0
1923,Stoke City,South Shields,0,0,2,2,0,0,0
1923,Accrington Stanley,Chesterfield,2,0,3a,3,2,2,1
1923,Accrington Stanley,Halifax Town,1,2,3a,3,3,-1,0
1923,Ashington,New Brighton,5,0,3a,3,5,5,1
1923,Barrow,Doncaster Rovers,0,0,3a,3,0,0,0
1923,Barrow,Halifax Town,1,0,3a,3,1,1,1
1923,Barrow,Southport,1,3,3a,3,4,-2,0
1923,Bradford Park Avenue,Accrington Stanley,1,1,3a,3,2,0,0
1923,Bradford Park Avenue,Chesterfield,2,1,3a,3,3,1,1
1923,Bradford Park Avenue,Doncaster Rovers,4,2,3a,3,6,2,1
1923,Bradford Park Avenue,Halifax Town,1,0,3a,3,1,1,1
1923,Chesterfield,Accrington Stanley,3,0,3a,3,3,3,1
1923,Chesterfield,Bradford Park Avenue,2,3,3a,3,5,-1,0
1923,Chesterfield,Doncaster Rovers,2,1,3a,3,3,1,1
1923,Chesterfield,Halifax Town,1,1,3a,3,2,0,0
1923,Chesterfield,Southport,4,0,3a,3,4,4,1
1923,Crewe Alexandra,Accrington Stanley,1,2,3a,3,3,-1,0
1923,Crewe Alexandra,Halifax Town,2,2,3a,3,4,0,0
1923,Crewe Alexandra,Southport,1,1,3a,3,2,0,0
1923,Darlington,New Brighton,3,1,3a,3,4,2,1
1923,Darlington,Wigan Borough,3,1,3a,3,4,2,1
1923,Doncaster Rovers,Accrington Stanley,1,2,3a,3,3,-1,0
1923,Doncaster Rovers,Bradford Park Avenue,1,1,3a,3,2,0,0
1923,Doncaster Rovers,Darlington,1,0,3a,3,1,1,1
1923,Doncaster Rovers,Halifax Town,7,0,3a,3,7,7,1
1923,Doncaster Rovers,New Brighton,2,0,3a,3,2,2,1
1923,Doncaster Rovers,Southport,3,0,3a,3,3,3,1
1923,Doncaster Rovers,Wigan Borough,0,0,3a,3,0,0,0
1923,Durham City,Bradford Park Avenue,2,0,3a,3,2,2,1
1923,Durham City,Darlington,3,2,3a,3,5,1,1
1923,Durham City,Halifax Town,2,2,3a,3,4,0,0
1923,Durham City,Southport,0,1,3a,3,1,-1,0
1923,Durham City,Wigan Borough,2,2,3a,3,4,0,0
1923,Grimsby Town,Accrington Stanley,2,0,3a,3,2,2,1
1923,Grimsby Town,Darlington,3,0,3a,3,3,3,1
1923,Grimsby Town,Halifax Town,1,1,3a,3,2,0,0
1923,Grimsby Town,Wigan Borough,1,1,3a,3,2,0,0
1923,Halifax Town,Accrington Stanley,3,0,3a,3,3,3,1
1923,Halifax Town,Bradford Park Avenue,0,0,3a,3,0,0,0
1923,Halifax Town,Darlington,1,4,3a,3,5,-3,0
1923,Halifax Town,Wigan Borough,1,2,3a,3,3,-1,0
1923,Hartlepool United,Grimsby Town,1,1,3a,3,2,0,0
1923,Hartlepool United,New Brighton,0,1,3a,3,1,-1,0
1923,Lincoln City,Darlington,2,0,3a,3,2,2,1
1923,Lincoln City,New Brighton,1,0,3a,3,1,1,1
1923,New Brighton,Bradford Park Avenue,1,0,3a,3,1,1,1
1923,New Brighton,Darlington,1,1,3a,3,2,0,0
1923,New Brighton,Grimsby Town,0,0,3a,3,0,0,0
1923,New Brighton,Lincoln City,3,1,3a,3,4,2,1
1923,New Brighton,Wigan Borough,5,0,3a,3,5,5,1
1923,Rochdale,Accrington Stanley,4,1,3a,3,5,3,1
1923,Rochdale,Bradford Park Avenue,3,0,3a,3,3,3,1
1923,Rochdale,Grimsby Town,4,2,3a,3,6,2,1
1923,Rochdale,Lincoln City,1,0,3a,3,1,1,1
1923,Rochdale,Southport,2,2,3a,3,4,0,0
1923,Rotherham County,Accrington Stanley,2,0,3a,3,2,2,1
1923,Rotherham County,Bradford Park Avenue,1,0,3a,3,1,1,1
1923,Rotherham County,Wigan Borough,4,0,3a,3,4,4,1
1923,Southport,Accrington Stanley,1,0,3a,3,1,1,1
1923,Southport,Grimsby Town,3,0,3a,3,3,3,1
1923,Southport,Rotherham County,0,0,3a,3,0,0,0
1923,Southport,Wigan Borough,1,1,3a,3,2,0,0
1923,Tranmere Rovers,Lincoln City,1,3,3a,3,4,-2,0
1923,Tranmere Rovers,Rotherham County,0,1,3a,3,1,-1,0
1923,Walsall,Accrington Stanley,2,0,3a,3,2,2,1
1923,Walsall,Bradford Park Avenue,2,3,3a,3,5,-1,0
1923,Walsall,Wigan Borough,3,0,3a,3,3,3,1
1923,Wigan Borough,Bradford Park Avenue,0,1,3a,3,1,-1,0
1923,Wigan Borough,Darlington,2,2,3a,3,4,0,0
1923,Wigan Borough,Grimsby Town,4,0,3a,3,4,4,1
1923,Wigan Borough,Lincoln City,0,0,3a,3,0,0,0
1923,Wigan Borough,Rotherham County,3,1,3a,3,4,2,1
1923,Wolverhampton Wanderers,Bradford Park Avenue,2,0,3a,3,2,2,1
1923,Wolverhampton Wanderers,Darlington,2,0,3a,3,2,2,1
1923,Wolverhampton Wanderers,Lincoln City,3,0,3a,3,3,3,1
1923,Wolverhampton Wanderers,Walsall,0,0,3a,3,0,0,0
1923,Aberdare Athletic,Gillingham,1,1,3b,3,2,0,0
1923,Aberdare Athletic,Norwich City,0,0,3b,3,0,0,0
1923,Aberdare Athletic,Queens Park Rangers,1,1,3b,3,2,0,0
1923,Aberdare Athletic,Swansea City,4,2,3b,3,6,2,1
1923,AFC Bournemouth,Aberdare Athletic,0,1,3b,3,1,-1,0
1923,AFC Bournemouth,Bristol Rovers,0,1,3b,3,1,-1,0
1923,AFC Bournemouth,Norwich City,1,2,3b,3,3,-1,0
1923,AFC Bournemouth,Queens Park Rangers,3,1,3b,3,4,2,1
1923,AFC Bournemouth,Swansea City,0,0,3b,3,0,0,0
1923,Brentford,Bristol Rovers,1,2,3b,3,3,-1,0
1923,Brentford,Gillingham,3,2,3b,3,5,1,1
1923,Brentford,Norwich City,3,0,3b,3,3,3,1
1923,Brighton & Hove Albion,Bristol Rovers,2,1,3b,3,3,1,1
1923,Brighton & Hove Albion,Millwall,2,2,3b,3,4,0,0
1923,Brighton & Hove Albion,Norwich City,3,0,3b,3,3,3,1
1923,Brighton & Hove Albion,Swansea City,4,1,3b,3,5,3,1
1923,Bristol Rovers,Millwall,4,1,3b,3,5,3,1
1923,Bristol Rovers,Queens Park Rangers,2,1,3b,3,3,1,1
1923,Charlton Athletic,Brighton & Hove Albion,0,2,3b,3,2,-2,0
1923,Charlton Athletic,Millwall,0,1,3b,3,1,-1,0
1923,Charlton Athletic,Queens Park Rangers,3,0,3b,3,3,3,1
1923,Exeter City,Aberdare Athletic,1,1,3b,3,2,0,0
1923,Exeter City,Gillingham,2,1,3b,3,3,1,1
1923,Exeter City,Millwall,2,0,3b,3,2,2,1
1923,Exeter City,Norwich City,1,2,3b,3,3,-1,0
1923,Exeter City,Queens Park Rangers,3,0,3b,3,3,3,1
1923,Exeter City,Swansea City,1,0,3b,3,1,1,1
1923,Gillingham,Brighton & Hove Albion,1,1,3b,3,2,0,0
1923,Gillingham,Exeter City,1,1,3b,3,2,0,0
1923,Gillingham,Millwall,0,2,3b,3,2,-2,0
1923,Luton Town,Brighton & Hove Albion,0,0,3b,3,0,0,0
1923,Luton Town,Millwall,2,0,3b,3,2,2,1
1923,Luton Town,Norwich City,2,1,3b,3,3,1,1
1923,Luton Town,Queens Park Rangers,2,0,3b,3,2,2,1
1923,Merthyr Town,Aberdare Athletic,0,0,3b,3,0,0,0
1923,Merthyr Town,Brighton & Hove Albion,2,1,3b,3,3,1,1
1923,Merthyr Town,Exeter City,3,0,3b,3,3,3,1
1923,Merthyr Town,Millwall,1,0,3b,3,1,1,1
1923,Merthyr Town,Queens Park Rangers,2,0,3b,3,2,2,1
1923,Merthyr Town,Swansea City,0,0,3b,3,0,0,0
1923,Millwall,Brighton & Hove Albion,0,0,3b,3,0,0,0
1923,Millwall,Exeter City,3,1,3b,3,4,2,1
1923,Millwall,Merthyr Town,6,0,3b,3,6,6,1
1923,Millwall,Swansea City,2,1,3b,3,3,1,1
1923,Newport County,Exeter City,2,0,3b,3,2,2,1
1923,Newport County,Queens Park Rangers,2,1,3b,3,3,1,1
1923,Newport County,Swansea City,4,1,3b,3,5,3,1
1923,Northampton Town,Aberdare Athletic,1,2,3b,3,3,-1,0
1923,Northampton Town,Merthyr Town,3,0,3b,3,3,3,1
1923,Northampton Town,Swansea City,2,0,3b,3,2,2,1
1923,Norwich City,Aberdare Athletic,5,0,3b,3,5,5,1
1923,Norwich City,Brighton & Hove Albion,1,0,3b,3,1,1,1
1923,Norwich City,Northampton Town,1,4,3b,3,5,-3,0
1923,Norwich City,Swansea City,2,0,3b,3,2,2,1
1923,Plymouth Argyle,Aberdare Athletic,2,0,3b,3,2,2,1
1923,Plymouth Argyle,Brighton & Hove Albion,3,0,3b,3,3,3,1
1923,Plymouth Argyle,Exeter City,4,0,3b,3,4,4,1
1923,Plymouth Argyle,Northampton Town,0,0,3b,3,0,0,0
1923,Portsmouth,Brighton & Hove Albion,1,3,3b,3,4,-2,0
1923,Portsmouth,Exeter City,4,0,3b,3,4,4,1
1923,Portsmouth,Merthyr Town,1,0,3b,3,1,1,1
1923,Portsmouth,Swansea City,3,0,3b,3,3,3,1
1923,Queens Park Rangers,Aberdare Athletic,3,0,3b,3,3,3,1
1923,Queens Park Rangers,Brighton & Hove Albion,1,0,3b,3,1,1,1
1923,Queens Park Rangers,Exeter City,2,0,3b,3,2,2,1
1923,Queens Park Rangers,Merthyr Town,3,0,3b,3,3,3,1
1923,Queens Park Rangers,Northampton Town,3,2,3b,3,5,1,1
1923,Reading,Aberdare Athletic,0,1,3b,3,1,-1,0
1923,Reading,Brighton & Hove Albion,0,1,3b,3,1,-1,0
1923,Reading,Exeter City,1,0,3b,3,1,1,1
1923,Reading,Portsmouth,1,4,3b,3,5,-3,0
1923,Reading,Swansea City,3,4,3b,3,7,-1,0
1923,Southend United,Brighton & Hove Albion,1,0,3b,3,1,1,1
1923,Southend United,Exeter City,0,0,3b,3,0,0,0
1923,Southend United,Northampton Town,5,1,3b,3,6,4,1
1923,Southend United,Portsmouth,0,1,3b,3,1,-1,0
1923,Southend United,Swansea City,0,0,3b,3,0,0,0
1923,Swansea City,Brighton & Hove Albion,1,0,3b,3,1,1,1
1923,Swansea City,Merthyr Town,5,1,3b,3,6,4,1
1923,Swansea City,Northampton Town,2,1,3b,3,3,1,1
1923,Swindon Town,Exeter City,0,1,3b,3,1,-1,0
1923,Swindon Town,Northampton Town,2,0,3b,3,2,2,1
1923,Swindon Town,Southend United,3,0,3b,3,3,3,1
1923,Watford,Merthyr Town,4,0,3b,3,4,4,1
1923,Watford,Northampton Town,0,2,3b,3,2,-2,0
1924,Arsenal,Cardiff City,1,1,1,1,2,0,0
1924,Arsenal,Leeds United,6,1,1,1,7,5,1
1924,Arsenal,Newcastle United,0,2,1,1,2,-2,0
1924,Arsenal,Preston North End,4,0,1,1,4,4,1
1924,Arsenal,Tottenham Hotspur,1,0,1,1,1,1,1
1924,Aston Villa,Preston North End,1,0,1,1,1,1,1
1924,Aston Villa,Tottenham Hotspur,0,1,1,1,1,-1,0
1924,Birmingham City,Leeds United,0,0,1,1,0,0,0
1924,Birmingham City,Preston North End,3,0,1,1,3,3,1
1924,Birmingham City,Tottenham Hotspur,0,2,1,1,2,-2,0
1924,Blackburn Rovers,Bolton Wanderers,0,2,1,1,2,-2,0
1924,Blackburn Rovers,Leeds United,2,3,1,1,5,-1,0
1924,Blackburn Rovers,Preston North End,0,1,1,1,1,-1,0
1924,Bolton Wanderers,Blackburn Rovers,6,0,1,1,6,6,1
1924,Bolton Wanderers,Cardiff City,3,0,1,1,3,3,1
1924,Burnley,Arsenal,1,0,1,1,1,1,1
1924,Burnley,Blackburn Rovers,3,5,1,1,8,-2,0
1924,Burnley,Leeds United,1,1,1,1,2,0,0
1924,Burnley,Preston North End,1,0,1,1,1,1,1
1924,Bury,Arsenal,2,0,1,1,2,2,1
1924,Bury,Blackburn Rovers,1,1,1,1,2,0,0
1924,Bury,Leeds United,1,0,1,1,1,1,1
1924,Bury,Preston North End,1,1,1,1,2,0,0
1924,Bury,Tottenham Hotspur,5,2,1,1,7,3,1
1924,Cardiff City,Blackburn Rovers,3,0,1,1,3,3,1
1924,Cardiff City,Bury,4,1,1,1,5,3,1
1924,Cardiff City,Leeds United,3,0,1,1,3,3,1
1924,Cardiff City,Preston North End,0,0,1,1,0,0,0
1924,Cardiff City,Tottenham Hotspur,0,2,1,1,2,-2,0
1924,Everton,Arsenal,2,3,1,1,5,-1,0
1924,Everton,Leeds United,1,0,1,1,1,1,1
1924,Everton,Preston North End,0,0,1,1,0,0,0
1924,Huddersfield Town,Bury,2,0,1,1,2,2,1
1924,Huddersfield Town,Leeds United,2,0,1,1,2,2,1
1924,Huddersfield Town,Preston North End,1,0,1,1,1,1,1
1924,Huddersfield Town,Tottenham Hotspur,1,2,1,1,3,-1,0
1924,Leeds United,Blackburn Rovers,1,1,1,1,2,0,0
1924,Leeds United,Huddersfield Town,1,1,1,1,2,0,0
1924,Leeds United,Newcastle United,1,1,1,1,2,0,0
1924,Liverpool,Arsenal,2,1,1,1,3,1,1
1924,Liverpool,Blackburn Rovers,0,0,1,1,0,0,0
1924,Liverpool,Newcastle United,1,1,1,1,2,0,0
1924,Liverpool,Preston North End,3,1,1,1,4,2,1
1924,Liverpool,Tottenham Hotspur,1,0,1,1,1,1,1
1924,Manchester City,Arsenal,2,0,1,1,2,2,1
1924,Manchester City,Blackburn Rovers,1,3,1,1,4,-2,0
1924,Manchester City,Bury,0,0,1,1,0,0,0
1924,Manchester City,Huddersfield Town,1,1,1,1,2,0,0
1924,Manchester City,Newcastle United,3,1,1,1,4,2,1
1924,Manchester City,Preston North End,2,1,1,1,3,1,1
1924,Newcastle United,Arsenal,2,2,1,1,4,0,0
1924,Newcastle United,Bury,2,2,1,1,4,0,0
1924,Newcastle United,Manchester City,2,0,1,1,2,2,1
1924,Newcastle United,Preston North End,3,1,1,1,4,2,1
1924,Nottingham Forest,Blackburn Rovers,0,2,1,1,2,-2,0
1924,Nottingham Forest,Huddersfield Town,0,1,1,1,1,-1,0
1924,Nottingham Forest,Manchester City,0,3,1,1,3,-3,0
1924,Nottingham Forest,Preston North End,0,1,1,1,1,-1,0
1924,Notts County,Blackburn Rovers,0,0,1,1,0,0,0
1924,Notts County,Bury,1,1,1,1,2,0,0
1924,Notts County,Preston North End,1,0,1,1,1,1,1
1924,Preston North End,Bury,1,1,1,1,2,0,0
1924,Preston North End,Huddersfield Town,1,4,1,1,5,-3,0
1924,Preston North End,Notts County,0,1,1,1,1,-1,0
1924,Preston North End,Tottenham Hotspur,0,3,1,1,3,-3,0
1924,Sheffield United,Blackburn Rovers,2,3,1,1,5,-1,0
1924,Sheffield United,Huddersfield Town,1,1,1,1,2,0,0
1924,Sheffield United,Notts County,2,0,1,1,2,2,1
1924,Sheffield United,Tottenham Hotspur,2,0,1,1,2,2,1
1924,Sunderland,Bury,1,1,1,1,2,0,0
1924,Sunderland,Notts County,0,1,1,1,1,-1,0
1924,Tottenham Hotspur,Arsenal,2,0,1,1,2,2,1
1924,Tottenham Hotspur,Blackburn Rovers,5,0,1,1,5,5,1
1924,Tottenham Hotspur,Huddersfield Town,1,2,1,1,3,-1,0
1924,Tottenham Hotspur,Notts County,1,1,1,1,2,0,0
1924,West Bromwich Albion,Blackburn Rovers,1,1,1,1,2,0,0
1924,West Bromwich Albion,Bury,1,1,1,1,2,0,0
1924,West Bromwich Albion,Huddersfield Town,1,0,1,1,1,1,1
1924,West Bromwich Albion,Manchester City,3,1,1,1,4,2,1
1924,West Ham United,Bury,1,1,1,1,2,0,0
1924,West Ham United,Huddersfield Town,0,0,1,1,0,0,0
1924,West Ham United,Manchester City,4,0,1,1,4,4,1
1924,Barnsley,Coventry City,3,1,2,2,4,2,1
1924,Barnsley,Fulham,1,0,2,2,1,1,1
1924,Barnsley,Sheffield Wednesday,3,0,2,2,3,3,1
1924,Blackpool,Fulham,4,1,2,2,5,3,1
1924,Blackpool,Stockport County,0,1,2,2,1,-1,0
1924,Bradford City,Barnsley,1,0,2,2,1,1,1
1924,Bradford City,Fulham,1,1,2,2,2,0,0
1924,Bradford City,Oldham Athletic,1,1,2,2,2,0,0
1924,Bradford City,Stockport County,3,0,2,2,3,3,1
1924,Chelsea,Leyton Orient,1,1,2,2,2,0,0
1924,Chelsea,Oldham Athletic,4,1,2,2,5,3,1
1924,Chelsea,Sheffield Wednesday,0,0,2,2,0,0,0
1924,Chelsea,Stockport County,1,1,2,2,2,0,0
1924,Coventry City,Chelsea,0,3,2,2,3,-3,0
1924,Coventry City,Leyton Orient,1,0,2,2,1,1,1
1924,Coventry City,Oldham Athletic,5,1,2,2,6,4,1
1924,Coventry City,Sheffield Wednesday,1,1,2,2,2,0,0
1924,Coventry City,Stockport County,4,2,2,2,6,2,1
1924,Crystal Palace,Barnsley,0,1,2,2,1,-1,0
1924,Crystal Palace,Fulham,1,2,2,2,3,-1,0
1924,Crystal Palace,Leyton Orient,0,1,2,2,1,-1,0
1924,Crystal Palace,Oldham Athletic,0,1,2,2,1,-1,0
1924,Derby County,Barnsley,1,1,2,2,2,0,0
1924,Derby County,Chelsea,1,0,2,2,1,1,1
1924,Derby County,Fulham,5,1,2,2,6,4,1
1924,Derby County,Leyton Orient,3,0,2,2,3,3,1
1924,Derby County,Oldham Athletic,1,0,2,2,1,1,1
1924,Derby County,Sheffield Wednesday,2,1,2,2,3,1,1
1924,Derby County,Stockport County,2,0,2,2,2,2,1
1924,Fulham,Barnsley,1,2,2,2,3,-1,0
1924,Fulham,Sheffield Wednesday,2,1,2,2,3,1,1
1924,Fulham,Stockport County,2,0,2,2,2,2,1
1924,Hull City,Barnsley,5,2,2,2,7,3,1
1924,Hull City,Chelsea,1,0,2,2,1,1,1
1924,Hull City,Oldham Athletic,1,0,2,2,1,1,1
1924,Leicester City,Barnsley,6,0,2,2,6,6,1
1924,Leicester City,Chelsea,4,0,2,2,4,4,1
1924,Leicester City,Derby County,0,0,2,2,0,0,0
1924,Leicester City,Leyton Orient,4,2,2,2,6,2,1
1924,Leicester City,Oldham Athletic,3,0,2,2,3,3,1
1924,Leyton Orient,Chelsea,0,0,2,2,0,0,0
1924,Leyton Orient,Oldham Athletic,5,1,2,2,6,4,1
1924,Leyton Orient,Stockport County,1,1,2,2,2,0,0
1924,Manchester United,Barnsley,1,0,2,2,1,1,1
1924,Manchester United,Derby County,1,1,2,2,2,0,0
1924,Manchester United,Leicester City,1,0,2,2,1,1,1
1924,Manchester United,Stockport County,2,0,2,2,2,2,1
1924,Middlesbrough,Sheffield Wednesday,2,0,2,2,2,2,1
1924,Oldham Athletic,Derby County,0,1,2,2,1,-1,0
1924,Oldham Athletic,Leicester City,0,1,2,2,1,-1,0
1924,Oldham Athletic,Sheffield Wednesday,1,1,2,2,2,0,0
1924,Oldham Athletic,Stockport County,0,0,2,2,0,0,0
1924,Port Vale,Barnsley,2,0,2,2,2,2,1
1924,Port Vale,Sheffield Wednesday,1,0,2,2,1,1,1
1924,Portsmouth,Chelsea,0,0,2,2,0,0,0
1924,Portsmouth,Derby County,1,1,2,2,2,0,0
1924,Portsmouth,Middlesbrough,3,1,2,2,4,2,1
1924,Portsmouth,Sheffield Wednesday,1,1,2,2,2,0,0
1924,Sheffield Wednesday,Derby County,0,1,2,2,1,-1,0
1924,Sheffield Wednesday,Middlesbrough,2,0,2,2,2,2,1
1924,Sheffield Wednesday,Stockport County,3,0,2,2,3,3,1
1924,South Shields,Leicester City,1,1,2,2,2,0,0
1924,Southampton,Barnsley,3,1,2,2,4,2,1
1924,Southampton,Derby County,2,0,2,2,2,2,1
1924,Southampton,Middlesbrough,1,1,2,2,2,0,0
1924,Southampton,Portsmouth,0,0,2,2,0,0,0
1924,Stockport County,Barnsley,1,0,2,2,1,1,1
1924,Stockport County,Middlesbrough,1,1,2,2,2,0,0
1924,Stockport County,Southampton,1,1,2,2,2,0,0
1924,Stoke City,Barnsley,1,1,2,2,2,0,0
1924,Stoke City,Middlesbrough,0,1,2,2,1,-1,0
1924,Stoke City,Portsmouth,2,1,2,2,3,1,1
1924,Stoke City,Southampton,2,0,2,2,2,2,1
1924,Wolverhampton Wanderers,Southampton,3,0,2,2,3,3,1
1924,Accrington Stanley,Ashington,2,2,3a,3,4,0,0
1924,Accrington Stanley,Doncaster Rovers,3,2,3a,3,5,1,1
1924,Accrington Stanley,Rotherham County,2,0,3a,3,2,2,1
1924,Ashington,Accrington Stanley,1,2,3a,3,3,-1,0
1924,Ashington,Chesterfield,2,1,3a,3,3,1,1
1924,Ashington,Doncaster Rovers,2,0,3a,3,2,2,1
1924,Ashington,Halifax Town,2,0,3a,3,2,2,1
1924,Ashington,Rotherham County,3,1,3a,3,4,2,1
1924,Barrow,Doncaster Rovers,4,0,3a,3,4,4,1
1924,Barrow,Nelson,3,0,3a,3,3,3,1
1924,Bradford Park Avenue,Accrington Stanley,3,0,3a,3,3,3,1
1924,Bradford Park Avenue,Chesterfield,3,0,3a,3,3,3,1
1924,Bradford Park Avenue,Nelson,1,1,3a,3,2,0,0
1924,Chesterfield,Accrington Stanley,1,0,3a,3,1,1,1
1924,Chesterfield,Halifax Town,1,3,3a,3,4,-2,0
1924,Chesterfield,Rotherham County,3,2,3a,3,5,1,1
1924,Chesterfield,Walsall,1,0,3a,3,1,1,1
1924,Crewe Alexandra,Nelson,2,1,3a,3,3,1,1
1924,Darlington,Accrington Stanley,2,1,3a,3,3,1,1
1924,Darlington,Halifax Town,3,0,3a,3,3,3,1
1924,Doncaster Rovers,Darlington,0,2,3a,3,2,-2,0
1924,Doncaster Rovers,Halifax Town,0,1,3a,3,1,-1,0
1924,Doncaster Rovers,Nelson,1,1,3a,3,2,0,0
1924,Doncaster Rovers,Rotherham County,4,1,3a,3,5,3,1
1924,Durham City,Accrington Stanley,2,0,3a,3,2,2,1
1924,Durham City,Bradford Park Avenue,1,0,3a,3,1,1,1
1924,Durham City,Halifax Town,1,2,3a,3,3,-1,0
1924,Durham City,Nelson,3,1,3a,3,4,2,1
1924,Durham City,Rotherham County,1,1,3a,3,2,0,0
1924,Durham City,Walsall,0,2,3a,3,2,-2,0
1924,Grimsby Town,Accrington Stanley,4,0,3a,3,4,4,1
1924,Grimsby Town,Bradford Park Avenue,2,0,3a,3,2,2,1
1924,Grimsby Town,Darlington,0,2,3a,3,2,-2,0
1924,Grimsby Town,Halifax Town,1,1,3a,3,2,0,0
1924,Halifax Town,Grimsby Town,1,0,3a,3,1,1,1
1924,Halifax Town,Rotherham County,4,0,3a,3,4,4,1
1924,Halifax Town,Walsall,1,1,3a,3,2,0,0
1924,Hartlepool United,Accrington Stanley,3,0,3a,3,3,3,1
1924,Hartlepool United,Bradford Park Avenue,2,2,3a,3,4,0,0
1924,Hartlepool United,Darlington,1,1,3a,3,2,0,0
1924,Hartlepool United,Grimsby Town,2,1,3a,3,3,1,1
1924,Hartlepool United,Nelson,2,4,3a,3,6,-2,0
1924,Lincoln City,Darlington,0,1,3a,3,1,-1,0
1924,Lincoln City,Grimsby Town,0,0,3a,3,0,0,0
1924,Lincoln City,Nelson,2,1,3a,3,3,1,1
1924,Nelson,Accrington Stanley,4,1,3a,3,5,3,1
1924,Nelson,Bradford Park Avenue,2,2,3a,3,4,0,0
1924,Nelson,Lincoln City,1,0,3a,3,1,1,1
1924,Nelson,Rotherham County,4,1,3a,3,5,3,1
1924,Nelson,Walsall,2,1,3a,3,3,1,1
1924,New Brighton,Bradford Park Avenue,0,0,3a,3,0,0,0
1924,New Brighton,Darlington,1,0,3a,3,1,1,1
1924,New Brighton,Grimsby Town,3,2,3a,3,5,1,1
1924,New Brighton,Rotherham County,3,1,3a,3,4,2,1
1924,Rochdale,Accrington Stanley,0,1,3a,3,1,-1,0
1924,Rochdale,Bradford Park Avenue,2,2,3a,3,4,0,0
1924,Rochdale,Rotherham County,4,1,3a,3,5,3,1
1924,Rochdale,Walsall,3,0,3a,3,3,3,1
1924,Rotherham County,Darlington,1,1,3a,3,2,0,0
1924,Rotherham County,Walsall,2,0,3a,3,2,2,1
1924,Southport,Accrington Stanley,3,1,3a,3,4,2,1
1924,Southport,Grimsby Town,3,1,3a,3,4,2,1
1924,Southport,Rochdale,0,0,3a,3,0,0,0
1924,Tranmere Rovers,Accrington Stanley,2,1,3a,3,3,1,1
1924,Tranmere Rovers,Bradford Park Avenue,2,0,3a,3,2,2,1
1924,Tranmere Rovers,Lincoln City,0,0,3a,3,0,0,0
1924,Tranmere Rovers,Walsall,0,1,3a,3,1,-1,0
1924,Walsall,Accrington Stanley,1,1,3a,3,2,0,0
1924,Walsall,Lincoln City,2,0,3a,3,2,2,1
1924,Wigan Borough,Accrington Stanley,1,2,3a,3,3,-1,0
1924,Wigan Borough,Bradford Park Avenue,1,0,3a,3,1,1,1
1924,Wigan Borough,Lincoln City,4,0,3a,3,4,4,1
1924,Wrexham,Accrington Stanley,1,0,3a,3,1,1,1
1924,Wrexham,Darlington,0,2,3a,3,2,-2,0
1924,Wrexham,Grimsby Town,1,2,3a,3,3,-1,0
1924,Wrexham,Lincoln City,0,1,3a,3,1,-1,0
1924,Wrexham,Rochdale,1,0,3a,3,1,1,1
1924,Wrexham,Tranmere Rovers,4,0,3a,3,4,4,1
1924,Aberdare Athletic,Exeter City,3,1,3b,3,4,2,1
1924,Aberdare Athletic,Merthyr Town,2,0,3b,3,2,2,1
1924,Aberdare Athletic,Queens Park Rangers,1,1,3b,3,2,0,0
1924,AFC Bournemouth,Exeter City,1,1,3b,3,2,0,0
1924,AFC Bournemouth,Northampton Town,1,2,3b,3,3,-1,0
1924,Brentford,Aberdare Athletic,2,2,3b,3,4,0,0
1924,Brentford,Merthyr Town,2,2,3b,3,4,0,0
1924,Brentford,Northampton Town,1,3,3b,3,4,-2,0
1924,Brentford,Queens Park Rangers,0,1,3b,3,1,-1,0
1924,Brentford,Swansea City,3,1,3b,3,4,2,1
1924,Brighton & Hove Albion,Aberdare Athletic,4,1,3b,3,5,3,1
1924,Brighton & Hove Albion,Bristol City,1,0,3b,3,1,1,1
1924,Brighton & Hove Albion,Northampton Town,0,1,3b,3,1,-1,0
1924,Brighton & Hove Albion,Queens Park Rangers,5,0,3b,3,5,5,1
1924,Brighton & Hove Albion,Swansea City,0,0,3b,3,0,0,0
1924,Bristol City,Exeter City,0,1,3b,3,1,-1,0
1924,Bristol City,Merthyr Town,1,0,3b,3,1,1,1
1924,Bristol City,Northampton Town,1,0,3b,3,1,1,1
1924,Bristol City,Queens Park Rangers,5,0,3b,3,5,5,1
1924,Bristol City,Swansea City,0,0,3b,3,0,0,0
1924,Bristol Rovers,Brighton & Hove Albion,1,2,3b,3,3,-1,0
1924,Bristol Rovers,Northampton Town,0,2,3b,3,2,-2,0
1924,Bristol Rovers,Queens Park Rangers,3,0,3b,3,3,3,1
1924,Bristol Rovers,Swansea City,3,0,3b,3,3,3,1
1924,Charlton Athletic,Aberdare Athletic,5,1,3b,3,6,4,1
1924,Charlton Athletic,Exeter City,1,0,3b,3,1,1,1
1924,Charlton Athletic,Queens Park Rangers,2,0,3b,3,2,2,1
1924,Exeter City,Aberdare Athletic,3,1,3b,3,4,2,1
1924,Exeter City,Charlton Athletic,2,1,3b,3,3,1,1
1924,Exeter City,Northampton Town,0,0,3b,3,0,0,0
1924,Exeter City,Swansea City,2,0,3b,3,2,2,1
1924,Gillingham,Aberdare Athletic,2,0,3b,3,2,2,1
1924,Gillingham,Charlton Athletic,2,0,3b,3,2,2,1
1924,Gillingham,Northampton Town,0,1,3b,3,1,-1,0
1924,Gillingham,Queens Park Rangers,1,0,3b,3,1,1,1
1924,Gillingham,Swansea City,0,0,3b,3,0,0,0
1924,Luton Town,Brighton & Hove Albion,3,1,3b,3,4,2,1
1924,Luton Town,Queens Park Rangers,3,0,3b,3,3,3,1
1924,Merthyr Town,Aberdare Athletic,3,1,3b,3,4,2,1
1924,Merthyr Town,Northampton Town,0,2,3b,3,2,-2,0
1924,Merthyr Town,Swansea City,0,2,3b,3,2,-2,0
1924,Millwall,Aberdare Athletic,2,1,3b,3,3,1,1
1924,Millwall,Brighton & Hove Albion,1,1,3b,3,2,0,0
1924,Millwall,Charlton Athletic,1,0,3b,3,1,1,1
1924,Millwall,Queens Park Rangers,3,0,3b,3,3,3,1
1924,Newport County,Charlton Athletic,2,1,3b,3,3,1,1
1924,Newport County,Luton Town,1,1,3b,3,2,0,0
1924,Newport County,Northampton Town,1,0,3b,3,1,1,1
1924,Northampton Town,Aberdare Athletic,5,0,3b,3,5,5,1
1924,Northampton Town,Charlton Athletic,2,1,3b,3,3,1,1
1924,Northampton Town,Newport County,0,2,3b,3,2,-2,0
1924,Northampton Town,Queens Park Rangers,1,0,3b,3,1,1,1
1924,Northampton Town,Swansea City,1,3,3b,3,4,-2,0
1924,Norwich City,Aberdare Athletic,1,1,3b,3,2,0,0
1924,Norwich City,Brighton & Hove Albion,2,2,3b,3,4,0,0
1924,Norwich City,Charlton Athletic,2,1,3b,3,3,1,1
1924,Norwich City,Luton Town,1,1,3b,3,2,0,0
1924,Norwich City,Newport County,2,1,3b,3,3,1,1
1924,Norwich City,Swansea City,2,0,3b,3,2,2,1
1924,Plymouth Argyle,Charlton Athletic,3,2,3b,3,5,1,1
1924,Plymouth Argyle,Luton Town,4,0,3b,3,4,4,1
1924,Plymouth Argyle,Queens Park Rangers,1,0,3b,3,1,1,1
1924,Plymouth Argyle,Swansea City,1,1,3b,3,2,0,0
1924,Queens Park Rangers,Aberdare Athletic,4,1,3b,3,5,3,1
1924,Queens Park Rangers,Charlton Athletic,0,0,3b,3,0,0,0
1924,Queens Park Rangers,Swansea City,0,0,3b,3,0,0,0
1924,Reading,Luton Town,3,0,3b,3,3,3,1
1924,Southend United,Aberdare Athletic,2,1,3b,3,3,1,1
1924,Southend United,Charlton Athletic,0,3,3b,3,3,-3,0
1924,Swansea City,Charlton Athletic,6,1,3b,3,7,5,1
1924,Swansea City,Plymouth Argyle,2,0,3b,3,2,2,1
1924,Swindon Town,Aberdare Athletic,2,0,3b,3,2,2,1
1924,Swindon Town,Luton Town,4,1,3b,3,5,3,1
1924,Swindon Town,Newport County,2,2,3b,3,4,0,0
1924,Swindon Town,Plymouth Argyle,1,0,3b,3,1,1,1
1924,Swindon Town,Southend United,3,0,3b,3,3,3,1
1924,Watford,Charlton Athletic,0,0,3b,3,0,0,0
1924,Watford,Newport County,0,5,3b,3,5,-5,0
1924,Watford,Southend United,0,3,3b,3,3,-3,0
1925,Arsenal,Cardiff City,5,0,1,1,5,5,1
1925,Arsenal,Notts County,3,0,1,1,3,3,1
1925,Arsenal,Tottenham Hotspur,0,1,1,1,1,-1,0
1925,Aston Villa,Bolton Wanderers,2,2,1,1,4,0,0
1925,Aston Villa,Leeds United,3,1,1,1,4,2,1
1925,Aston Villa,Manchester City,3,1,1,1,4,2,1
1925,Aston Villa,Tottenham Hotspur,3,0,1,1,3,3,1
1925,Birmingham City,Cardiff City,3,2,1,1,5,1,1
1925,Birmingham City,Leeds United,2,1,1,1,3,1,1
1925,Birmingham City,Manchester City,1,0,1,1,1,1,1
1925,Birmingham City,Tottenham Hotspur,3,1,1,1,4,2,1
1925,Blackburn Rovers,Arsenal,2,3,1,1,5,-1,0
1925,Blackburn Rovers,Bolton Wanderers,3,0,1,1,3,3,1
1925,Blackburn Rovers,Notts County,4,1,1,1,5,3,1
1925,Blackburn Rovers,Tottenham Hotspur,4,2,1,1,6,2,1
1925,Bolton Wanderers,Blackburn Rovers,2,2,1,1,4,0,0
1925,Bolton Wanderers,Cardiff City,0,1,1,1,1,-1,0
1925,Bolton Wanderers,Notts County,2,1,1,1,3,1,1
1925,Bolton Wanderers,Tottenham Hotspur,1,1,1,1,2,0,0
1925,Burnley,Leeds United,6,3,1,1,9,3,1
1925,Burnley,Notts County,0,0,1,1,0,0,0
1925,Bury,Cardiff City,4,1,1,1,5,3,1
1925,Bury,Notts County,3,1,1,1,4,2,1
1925,Bury,Tottenham Hotspur,3,0,1,1,3,3,1
1925,Cardiff City,Bury,3,2,1,1,5,1,1
1925,Cardiff City,Manchester City,2,2,1,1,4,0,0
1925,Cardiff City,Notts County,2,1,1,1,3,1,1
1925,Cardiff City,Tottenham Hotspur,0,1,1,1,1,-1,0
1925,Everton,Arsenal,2,3,1,1,5,-1,0
1925,Everton,Blackburn Rovers,3,0,1,1,3,3,1
1925,Everton,Manchester City,1,1,1,1,2,0,0
1925,Huddersfield Town,Leeds United,3,1,1,1,4,2,1
1925,Huddersfield Town,Manchester City,2,2,1,1,4,0,0
1925,Huddersfield Town,Notts County,2,0,1,1,2,2,1
1925,Leeds United,Arsenal,4,2,1,1,6,2,1
1925,Leeds United,Blackburn Rovers,2,1,1,1,3,1,1
1925,Leeds United,Notts County,2,1,1,1,3,1,1
1925,Leeds United,Tottenham Hotspur,4,1,1,1,5,3,1
1925,Leicester City,Huddersfield Town,2,0,1,1,2,2,1
1925,Leicester City,Notts County,1,0,1,1,1,1,1
1925,Leicester City,Tottenham Hotspur,5,3,1,1,8,2,1
1925,Liverpool,Arsenal,3,0,1,1,3,3,1
1925,Liverpool,Blackburn Rovers,2,2,1,1,4,0,0
1925,Liverpool,Bury,0,1,1,1,1,-1,0
1925,Liverpool,Manchester City,2,1,1,1,3,1,1
1925,Manchester City,Arsenal,2,5,1,1,7,-3,0
1925,Manchester City,Huddersfield Town,1,5,1,1,6,-4,0
1925,Manchester City,Notts County,1,1,1,1,2,0,0
1925,Manchester United,Arsenal,0,1,1,1,1,-1,0
1925,Manchester United,Huddersfield Town,1,1,1,1,2,0,0
1925,Newcastle United,Arsenal,7,0,1,1,7,7,1
1925,Newcastle United,Blackburn Rovers,1,7,1,1,8,-6,0
1925,Newcastle United,Notts County,6,3,1,1,9,3,1
1925,Notts County,Arsenal,4,1,1,1,5,3,1
1925,Notts County,Bury,4,1,1,1,5,3,1
1925,Notts County,Huddersfield Town,4,2,1,1,6,2,1
1925,Notts County,Liverpool,1,2,1,1,3,-1,0
1925,Notts County,Tottenham Hotspur,4,2,1,1,6,2,1
1925,Sheffield United,Arsenal,4,0,1,1,4,4,1
1925,Sunderland,Arsenal,2,1,1,1,3,1,1
1925,Sunderland,Bury,1,0,1,1,1,1,1
1925,Sunderland,Liverpool,3,2,1,1,5,1,1
1925,Sunderland,Tottenham Hotspur,3,0,1,1,3,3,1
1925,Tottenham Hotspur,Arsenal,1,1,1,1,2,0,0
1925,Tottenham Hotspur,Bury,4,2,1,1,6,2,1
1925,Tottenham Hotspur,Liverpool,3,1,1,1,4,2,1
1925,Tottenham Hotspur,Sunderland,0,2,1,1,2,-2,0
1925,West Bromwich Albion,Huddersfield Town,2,2,1,1,4,0,0
1925,West Bromwich Albion,Liverpool,0,3,1,1,3,-3,0
1925,West Bromwich Albion,Newcastle United,4,0,1,1,4,4,1
1925,West Ham United,Blackburn Rovers,2,1,1,1,3,1,1
1925,West Ham United,Bury,0,2,1,1,2,-2,0
1925,West Ham United,Huddersfield Town,2,3,1,1,5,-1,0
1925,Barnsley,Darlington,1,1,2,2,2,0,0
1925,Barnsley,Nottingham Forest,4,1,2,2,5,3,1
1925,Barnsley,Portsmouth,2,2,2,2,4,0,0
1925,Barnsley,South Shields,3,1,2,2,4,2,1
1925,Blackpool,Hull City,2,2,2,2,4,0,0
1925,Blackpool,Portsmouth,2,2,2,2,4,0,0
1925,Blackpool,Stoke City,0,0,2,2,0,0,0
1925,Bradford City,Barnsley,4,1,2,2,5,3,1
1925,Bradford City,Hull City,0,1,2,2,1,-1,0
1925,Bradford City,Nottingham Forest,0,1,2,2,1,-1,0
1925,Bradford City,Portsmouth,0,1,2,2,1,-1,0
1925,Chelsea,Hull City,4,0,2,2,4,4,1
1925,Chelsea,Nottingham Forest,0,0,2,2,0,0,0
1925,Chelsea,Portsmouth,0,0,2,2,0,0,0
1925,Darlington,Chelsea,1,1,2,2,2,0,0
1925,Darlington,Hull City,1,2,2,2,3,-1,0
1925,Darlington,Portsmouth,7,1,2,2,8,6,1
1925,Darlington,Stoke City,1,2,2,2,3,-1,0
1925,Derby County,Barnsley,4,0,2,2,4,4,1
1925,Derby County,Hull City,3,1,2,2,4,2,1
1925,Derby County,Portsmouth,0,2,2,2,2,-2,0
1925,Fulham,Barnsley,2,2,2,2,4,0,0
1925,Fulham,Chelsea,0,3,2,2,3,-3,0
1925,Fulham,Nottingham Forest,0,2,2,2,2,-2,0
1925,Fulham,Portsmouth,2,3,2,2,5,-1,0
1925,Fulham,South Shields,2,1,2,2,3,1,1
1925,Fulham,Stoke City,2,4,2,2,6,-2,0
1925,Hull City,Fulham,1,0,2,2,1,1,1
1925,Hull City,Nottingham Forest,4,1,2,2,5,3,1
1925,Hull City,South Shields,1,3,2,2,4,-2,0
1925,Leyton Orient,Chelsea,1,2,2,2,3,-1,0
1925,Leyton Orient,Fulham,1,1,2,2,2,0,0
1925,Leyton Orient,Nottingham Forest,0,1,2,2,1,-1,0
1925,Leyton Orient,South Shields,1,2,2,2,3,-1,0
1925,Middlesbrough,Chelsea,1,2,2,2,3,-1,0
1925,Middlesbrough,Fulham,4,0,2,2,4,4,1
1925,Middlesbrough,Nottingham Forest,1,0,2,2,1,1,1
1925,Middlesbrough,Stoke City,3,0,2,2,3,3,1
1925,Nottingham Forest,Barnsley,4,2,2,2,6,2,1
1925,Nottingham Forest,Chelsea,1,5,2,2,6,-4,0
1925,Nottingham Forest,Fulham,2,2,2,2,4,0,0
1925,Nottingham Forest,Portsmouth,3,1,2,2,4,2,1
1925,Oldham Athletic,South Shields,2,1,2,2,3,1,1
1925,Port Vale,Barnsley,3,0,2,2,3,3,1
1925,Port Vale,Middlesbrough,4,0,2,2,4,4,1
1925,Port Vale,South Shields,2,0,2,2,2,2,1
1925,Port Vale,Stoke City,3,0,2,2,3,3,1
1925,Portsmouth,Chelsea,4,0,2,2,4,4,1
1925,Portsmouth,Middlesbrough,1,5,2,2,6,-4,0
1925,Portsmouth,Port Vale,3,2,2,2,5,1,1
1925,Preston North End,Barnsley,4,2,2,2,6,2,1
1925,Preston North End,Middlesbrough,1,0,2,2,1,1,1
1925,Preston North End,Port Vale,4,0,2,2,4,4,1
1925,Preston North End,Stoke City,2,0,2,2,2,2,1
1925,Sheffield Wednesday,Barnsley,3,0,2,2,3,3,1
1925,Sheffield Wednesday,Chelsea,4,1,2,2,5,3,1
1925,Sheffield Wednesday,Fulham,3,0,2,2,3,3,1
1925,Sheffield Wednesday,Stoke City,2,0,2,2,2,2,1
1925,South Shields,Chelsea,0,0,2,2,0,0,0
1925,South Shields,Port Vale,5,2,2,2,7,3,1
1925,South Shields,Sheffield Wednesday,1,1,2,2,2,0,0
1925,South Shields,Stoke City,5,1,2,2,6,4,1
1925,Southampton,Chelsea,0,1,2,2,1,-1,0
1925,Southampton,Sheffield Wednesday,1,2,2,2,3,-1,0
1925,Stockport County,Chelsea,0,0,2,2,0,0,0
1925,Stockport County,Sheffield Wednesday,0,2,2,2,2,-2,0
1925,Stoke City,Barnsley,1,2,2,2,3,-1,0
1925,Stoke City,Fulham,5,0,2,2,5,5,1
1925,Swansea City,Chelsea,0,0,2,2,0,0,0
1925,Swansea City,Fulham,6,0,2,2,6,6,1
1925,Swansea City,Middlesbrough,4,0,2,2,4,4,1
1925,Swansea City,Sheffield Wednesday,2,2,2,2,4,0,0
1925,Wolverhampton Wanderers,Barnsley,7,1,2,2,8,6,1
1925,Wolverhampton Wanderers,Chelsea,0,0,2,2,0,0,0
1925,Wolverhampton Wanderers,Fulham,0,0,2,2,0,0,0
1925,Wolverhampton Wanderers,Port Vale,3,1,2,2,4,2,1
1925,Wolverhampton Wanderers,Sheffield Wednesday,1,2,2,2,3,-1,0
1925,Wolverhampton Wanderers,Stockport County,5,1,2,2,6,4,1
1925,Accrington Stanley,Ashington,2,1,3a,3,3,1,1
1925,Accrington Stanley,Chesterfield,2,0,3a,3,2,2,1
1925,Accrington Stanley,Doncaster Rovers,2,3,3a,3,5,-1,0
1925,Accrington Stanley,Nelson,3,2,3a,3,5,1,1
1925,Accrington Stanley,Walsall,5,2,3a,3,7,3,1
1925,Ashington,Chesterfield,0,0,3a,3,0,0,0
1925,Ashington,Nelson,5,1,3a,3,6,4,1
1925,Ashington,Rotherham United,4,2,3a,3,6,2,1
1925,Ashington,Walsall,2,0,3a,3,2,2,1
1925,Barrow,Chesterfield,0,3,3a,3,3,-3,0
1925,Barrow,Halifax Town,1,2,3a,3,3,-1,0
1925,Barrow,Rotherham United,1,2,3a,3,3,-1,0
1925,Barrow,Walsall,5,2,3a,3,7,3,1
1925,Bradford Park Avenue,Accrington Stanley,3,0,3a,3,3,3,1
1925,Bradford Park Avenue,Doncaster Rovers,2,0,3a,3,2,2,1
1925,Bradford Park Avenue,Halifax Town,2,2,3a,3,4,0,0
1925,Bradford Park Avenue,Nelson,3,0,3a,3,3,3,1
1925,Chesterfield,Accrington Stanley,7,2,3a,3,9,5,1
1925,Chesterfield,Halifax Town,1,0,3a,3,1,1,1
1925,Chesterfield,Rotherham United,6,1,3a,3,7,5,1
1925,Coventry City,Halifax Town,4,1,3a,3,5,3,1
1925,Coventry City,Rotherham United,7,0,3a,3,7,7,1
1925,Crewe Alexandra,Accrington Stanley,3,0,3a,3,3,3,1
1925,Crewe Alexandra,Doncaster Rovers,2,2,3a,3,4,0,0
1925,Crewe Alexandra,Halifax Town,0,1,3a,3,1,-1,0
1925,Crewe Alexandra,Nelson,1,4,3a,3,5,-3,0
1925,Crewe Alexandra,Walsall,2,1,3a,3,3,1,1
1925,Doncaster Rovers,Halifax Town,2,2,3a,3,4,0,0
1925,Doncaster Rovers,Rotherham United,0,0,3a,3,0,0,0
1925,Doncaster Rovers,Walsall,1,1,3a,3,2,0,0
1925,Durham City,Halifax Town,2,0,3a,3,2,2,1
1925,Durham City,Rotherham United,5,1,3a,3,6,4,1
1925,Durham City,Walsall,4,1,3a,3,5,3,1
1925,Grimsby Town,Bradford Park Avenue,3,0,3a,3,3,3,1
1925,Grimsby Town,Rotherham United,3,0,3a,3,3,3,1
1925,Grimsby Town,Walsall,5,1,3a,3,6,4,1
1925,Halifax Town,Bradford Park Avenue,1,2,3a,3,3,-1,0
1925,Halifax Town,Grimsby Town,0,2,3a,3,2,-2,0
1925,Halifax Town,Rotherham United,5,1,3a,3,6,4,1
1925,Hartlepool United,Nelson,2,0,3a,3,2,2,1
1925,Hartlepool United,Rotherham United,2,1,3a,3,3,1,1
1925,Hartlepool United,Walsall,9,3,3a,3,12,6,1
1925,Lincoln City,Crewe Alexandra,2,2,3a,3,4,0,0
1925,Lincoln City,Grimsby Town,4,1,3a,3,5,3,1
1925,Nelson,Bradford Park Avenue,2,2,3a,3,4,0,0
1925,Nelson,Crewe Alexandra,2,1,3a,3,3,1,1
1925,New Brighton,Bradford Park Avenue,1,1,3a,3,2,0,0
1925,New Brighton,Crewe Alexandra,2,3,3a,3,5,-1,0
1925,New Brighton,Walsall,3,2,3a,3,5,1,1
1925,Rochdale,Accrington Stanley,3,2,3a,3,5,1,1
1925,Rochdale,Crewe Alexandra,2,0,3a,3,2,2,1
1925,Rochdale,Rotherham United,2,2,3a,3,4,0,0
1925,Rochdale,Walsall,2,0,3a,3,2,2,1
1925,Rotherham United,Rochdale,0,4,3a,3,4,-4,0
1925,Rotherham United,Walsall,4,1,3a,3,5,3,1
1925,Southport,Bradford Park Avenue,2,1,3a,3,3,1,1
1925,Southport,Walsall,1,1,3a,3,2,0,0
1925,Tranmere Rovers,Bradford Park Avenue,3,2,3a,3,5,1,1
1925,Tranmere Rovers,Grimsby Town,0,0,3a,3,0,0,0
1925,Tranmere Rovers,Lincoln City,2,0,3a,3,2,2,1
1925,Tranmere Rovers,Walsall,2,1,3a,3,3,1,1
1925,Walsall,Accrington Stanley,3,3,3a,3,6,0,0
1925,Walsall,Lincoln City,0,0,3a,3,0,0,0
1925,Walsall,Rochdale,1,5,3a,3,6,-4,0
1925,Walsall,Tranmere Rovers,1,3,3a,3,4,-2,0
1925,Wigan Borough,Accrington Stanley,5,0,3a,3,5,5,1
1925,Wigan Borough,Crewe Alexandra,3,1,3a,3,4,2,1
1925,Wigan Borough,Grimsby Town,2,2,3a,3,4,0,0
1925,Wigan Borough,Lincoln City,3,3,3a,3,6,0,0
1925,Wrexham,Accrington Stanley,5,6,3a,3,11,-1,0
1925,Wrexham,Bradford Park Avenue,4,2,3a,3,6,2,1
1925,Wrexham,Crewe Alexandra,1,1,3a,3,2,0,0
1925,Wrexham,Lincoln City,1,1,3a,3,2,0,0
1925,Aberdare Athletic,Bristol City,3,3,3b,3,6,0,0
1925,Aberdare Athletic,Crystal Palace,2,0,3b,3,2,2,1
1925,Aberdare Athletic,Newport County,2,0,3b,3,2,2,1
1925,AFC Bournemouth,Bristol City,1,1,3b,3,2,0,0
1925,AFC Bournemouth,Crystal Palace,6,1,3b,3,7,5,1
1925,AFC Bournemouth,Newport County,0,2,3b,3,2,-2,0
1925,AFC Bournemouth,Plymouth Argyle,1,2,3b,3,3,-1,0
1925,AFC Bournemouth,Southend United,1,2,3b,3,3,-1,0
1925,Brentford,Bristol City,2,1,3b,3,3,1,1
1925,Brentford,Crystal Palace,3,2,3b,3,5,1,1
1925,Brentford,Plymouth Argyle,2,2,3b,3,4,0,0
1925,Brighton & Hove Albion,Aberdare Athletic,6,2,3b,3,8,4,1
1925,Brighton & Hove Albion,Crystal Palace,3,2,3b,3,5,1,1
1925,Brighton & Hove Albion,Luton Town,2,0,3b,3,2,2,1
1925,Brighton & Hove Albion,Southend United,3,2,3b,3,5,1,1
1925,Bristol City,Aberdare Athletic,1,0,3b,3,1,1,1
1925,Bristol City,Luton Town,5,1,3b,3,6,4,1
1925,Bristol Rovers,Brighton & Hove Albion,4,0,3b,3,4,4,1
1925,Bristol Rovers,Luton Town,2,2,3b,3,4,0,0
1925,Bristol Rovers,Plymouth Argyle,2,3,3b,3,5,-1,0
1925,Charlton Athletic,Aberdare Athletic,1,0,3b,3,1,1,1
1925,Charlton Athletic,Plymouth Argyle,0,5,3b,3,5,-5,0
1925,Crystal Palace,Newport County,4,2,3b,3,6,2,1
1925,Crystal Palace,Plymouth Argyle,5,5,3b,3,10,0,0
1925,Exeter City,Aberdare Athletic,4,0,3b,3,4,4,1
1925,Exeter City,Brighton & Hove Albion,2,4,3b,3,6,-2,0
1925,Exeter City,Charlton Athletic,5,3,3b,3,8,2,1
1925,Exeter City,Luton Town,2,2,3b,3,4,0,0
1925,Gillingham,Brighton & Hove Albion,3,1,3b,3,4,2,1
1925,Gillingham,Charlton Athletic,0,0,3b,3,0,0,0
1925,Gillingham,Luton Town,2,1,3b,3,3,1,1
1925,Gillingham,Newport County,2,0,3b,3,2,2,1
1925,Gillingham,Plymouth Argyle,2,0,3b,3,2,2,1
1925,Gillingham,Southend United,3,1,3b,3,4,2,1
1925,Luton Town,Charlton Athletic,1,0,3b,3,1,1,1
1925,Luton Town,Newport County,4,2,3b,3,6,2,1
1925,Luton Town,Southend United,2,0,3b,3,2,2,1
1925,Merthyr Town,Charlton Athletic,0,1,3b,3,1,-1,0
1925,Merthyr Town,Plymouth Argyle,1,1,3b,3,2,0,0
1925,Merthyr Town,Southend United,5,1,3b,3,6,4,1
1925,Millwall,Brighton & Hove Albion,2,0,3b,3,2,2,1
1925,Millwall,Charlton Athletic,1,1,3b,3,2,0,0
1925,Millwall,Newport County,3,3,3b,3,6,0,0
1925,Millwall,Southend United,8,1,3b,3,9,7,1
1925,Newport County,Aberdare Athletic,0,0,3b,3,0,0,0
1925,Newport County,Gillingham,4,0,3b,3,4,4,1
1925,Newport County,Millwall,1,0,3b,3,1,1,1
1925,Newport County,Plymouth Argyle,0,3,3b,3,3,-3,0
1925,Newport County,Southend United,1,0,3b,3,1,1,1
1925,Northampton Town,Aberdare Athletic,3,2,3b,3,5,1,1
1925,Northampton Town,Millwall,3,1,3b,3,4,2,1
1925,Northampton Town,Plymouth Argyle,2,1,3b,3,3,1,1
1925,Norwich City,Charlton Athletic,3,0,3b,3,3,3,1
1925,Norwich City,Millwall,1,0,3b,3,1,1,1
1925,Norwich City,Plymouth Argyle,0,3,3b,3,3,-3,0
1925,Norwich City,Southend United,1,2,3b,3,3,-1,0
1925,Plymouth Argyle,Aberdare Athletic,7,2,3b,3,9,5,1
1925,Plymouth Argyle,Brighton & Hove Albion,5,3,3b,3,8,2,1
1925,Queens Park Rangers,Gillingham,0,1,3b,3,1,-1,0
1925,Queens Park Rangers,Millwall,3,0,3b,3,3,3,1
1925,Queens Park Rangers,Norwich City,0,1,3b,3,1,-1,0
1925,Reading,Southend United,1,0,3b,3,1,1,1
1925,Southend United,Charlton Athletic,1,2,3b,3,3,-1,0
1925,Southend United,Gillingham,1,1,3b,3,2,0,0
1925,Southend United,Millwall,0,2,3b,3,2,-2,0
1925,Southend United,Norwich City,0,1,3b,3,1,-1,0
1925,Southend United,Reading,2,2,3b,3,4,0,0
1925,Swindon Town,Aberdare Athletic,2,1,3b,3,3,1,1
1925,Swindon Town,Millwall,1,1,3b,3,2,0,0
1925,Swindon Town,Reading,1,1,3b,3,2,0,0
1925,Watford,Aberdare Athletic,2,0,3b,3,2,2,1
1925,Watford,Charlton Athletic,1,1,3b,3,2,0,0
1925,Watford,Reading,0,1,3b,3,1,-1,0
1926,Arsenal,Bolton Wanderers,2,1,1,1,3,1,1
1926,Arsenal,Tottenham Hotspur,2,4,1,1,6,-2,0
1926,Aston Villa,Arsenal,2,3,1,1,5,-1,0
1926,Aston Villa,Cardiff City,0,0,1,1,0,0,0
1926,Aston Villa,Liverpool,1,1,1,1,2,0,0
1926,Aston Villa,Tottenham Hotspur,2,3,1,1,5,-1,0
1926,Birmingham City,Huddersfield Town,1,3,1,1,4,-2,0
1926,Birmingham City,Sheffield United,2,3,1,1,5,-1,0
1926,Birmingham City,Tottenham Hotspur,1,0,1,1,1,1,1
1926,Blackburn Rovers,Cardiff City,1,0,1,1,1,1,1
1926,Bolton Wanderers,Arsenal,2,2,1,1,4,0,0
1926,Bolton Wanderers,Liverpool,2,1,1,1,3,1,1
1926,Bolton Wanderers,Sheffield United,4,1,1,1,5,3,1
1926,Burnley,Blackburn Rovers,3,1,1,1,4,2,1
1926,Burnley,Cardiff City,4,3,1,1,7,1,1
1926,Burnley,Huddersfield Town,2,2,1,1,4,0,0
1926,Burnley,Liverpool,4,0,1,1,4,4,1
1926,Burnley,Sheffield United,2,5,1,1,7,-3,0
1926,Burnley,Tottenham Hotspur,5,0,1,1,5,5,1
1926,Bury,Blackburn Rovers,0,2,1,1,2,-2,0
1926,Bury,Huddersfield Town,2,2,1,1,4,0,0
1926,Bury,Liverpool,0,2,1,1,2,-2,0
1926,Bury,Sheffield United,4,4,1,1,8,0,0
1926,Cardiff City,Arsenal,2,0,1,1,2,2,1
1926,Cardiff City,Blackburn Rovers,0,1,1,1,1,-1,0
1926,Cardiff City,Liverpool,2,0,1,1,2,2,1
1926,Cardiff City,Tottenham Hotspur,1,2,1,1,3,-1,0
1926,Derby County,Blackburn Rovers,4,5,1,1,9,-1,0
1926,Derby County,Bury,2,0,1,1,2,2,1
1926,Derby County,Huddersfield Town,4,4,1,1,8,0,0
1926,Derby County,Tottenham Hotspur,4,1,1,1,5,3,1
1926,Everton,Arsenal,3,1,1,1,4,2,1
1926,Everton,Bury,2,2,1,1,4,0,0
1926,Everton,Huddersfield Town,0,0,1,1,0,0,0
1926,Everton,Liverpool,1,0,1,1,1,1,1
1926,Everton,Sheffield United,2,0,1,1,2,2,1
1926,Huddersfield Town,Blackburn Rovers,5,0,1,1,5,5,1
1926,Huddersfield Town,Bury,3,1,1,1,4,2,1
1926,Huddersfield Town,Sheffield United,0,2,1,1,2,-2,0
1926,Huddersfield Town,Tottenham Hotspur,2,0,1,1,2,2,1
1926,Leeds United,Bury,4,1,1,1,5,3,1
1926,Leeds United,Everton,1,3,1,1,4,-2,0
1926,Leeds United,Sheffield United,1,1,1,1,2,0,0
1926,Leeds United,Tottenham Hotspur,1,1,1,1,2,0,0
1926,Leicester City,Blackburn Rovers,4,0,1,1,4,4,1
1926,Leicester City,Everton,6,2,1,1,8,4,1
1926,Leicester City,Liverpool,3,2,1,1,5,1,1
1926,Leicester City,Tottenham Hotspur,2,2,1,1,4,0,0
1926,Liverpool,Bury,2,2,1,1,4,0,0
1926,Liverpool,Leicester City,1,0,1,1,1,1,1
1926,Liverpool,Sheffield United,5,1,1,1,6,4,1
1926,Liverpool,Tottenham Hotspur,1,0,1,1,1,1,1
1926,Manchester United,Arsenal,2,2,1,1,4,0,0
1926,Manchester United,Blackburn Rovers,2,0,1,1,2,2,1
1926,Manchester United,Bury,1,2,1,1,3,-1,0
1926,Manchester United,Everton,2,1,1,1,3,1,1
1926,Manchester United,Leicester City,1,0,1,1,1,1,1
1926,Manchester United,Tottenham Hotspur,2,1,1,1,3,1,1
1926,Newcastle United,Blackburn Rovers,6,1,1,1,7,5,1
1926,Newcastle United,Bury,3,1,1,1,4,2,1
1926,Newcastle United,Everton,7,3,1,1,10,4,1
1926,Newcastle United,Leicester City,1,1,1,1,2,0,0
1926,Newcastle United,Tottenham Hotspur,3,2,1,1,5,1,1
1926,Sheffield United,Bury,2,0,1,1,2,2,1
1926,Sheffield United,Everton,3,3,1,1,6,0,0
1926,Sheffield United,Newcastle United,2,1,1,1,3,1,1
1926,Sheffield United,Tottenham Hotspur,3,3,1,1,6,0,0
1926,Sheffield Wednesday,Arsenal,4,2,1,1,6,2,1
1926,Sheffield Wednesday,Blackburn Rovers,0,3,1,1,3,-3,0
1926,Sheffield Wednesday,Leicester City,2,2,1,1,4,0,0
1926,Sunderland,Arsenal,5,1,1,1,6,4,1
1926,Sunderland,Blackburn Rovers,2,5,1,1,7,-3,0
1926,Sunderland,Everton,3,2,1,1,5,1,1
1926,Sunderland,Leicester City,3,0,1,1,3,3,1
1926,Sunderland,Tottenham Hotspur,3,2,1,1,5,1,1
1926,Tottenham Hotspur,Arsenal,0,4,1,1,4,-4,0
1926,Tottenham Hotspur,Bury,1,0,1,1,1,1,1
1926,West Bromwich Albion,Bury,3,1,1,1,4,2,1
1926,West Bromwich Albion,Everton,3,2,1,1,5,1,1
1926,West Bromwich Albion,Leicester City,0,1,1,1,1,-1,0
1926,West Ham United,Bury,1,2,1,1,3,-1,0
1926,West Ham United,Everton,2,1,1,1,3,1,1
1926,Barnsley,Blackpool,6,1,2,2,7,5,1
1926,Barnsley,Hull City,1,2,2,2,3,-1,0
1926,Barnsley,Oldham Athletic,0,1,2,2,1,-1,0
1926,Barnsley,Southampton,5,1,2,2,6,4,1
1926,Blackpool,Hull City,4,0,2,2,4,4,1
1926,Blackpool,Southampton,3,2,2,2,5,1,1
1926,Bradford City,Barnsley,1,1,2,2,2,0,0
1926,Bradford City,Hull City,1,2,2,2,3,-1,0
1926,Bradford City,Preston North End,0,1,2,2,1,-1,0
1926,Bradford City,Southampton,2,0,2,2,2,2,1
1926,Chelsea,Barnsley,4,2,2,2,6,2,1
1926,Chelsea,Darlington,2,2,2,2,4,0,0
1926,Chelsea,Hull City,1,0,2,2,1,1,1
1926,Chelsea,Middlesbrough,3,0,2,2,3,3,1
1926,Darlington,Barnsley,3,3,2,2,6,0,0
1926,Darlington,Hull City,1,3,2,2,4,-2,0
1926,Fulham,Preston North End,0,1,2,2,1,-1,0
1926,Fulham,Southampton,3,0,2,2,3,3,1
1926,Grimsby Town,Hull City,0,1,2,2,1,-1,0
1926,Grimsby Town,Oldham Athletic,2,5,2,2,7,-3,0
1926,Grimsby Town,Preston North End,5,2,2,2,7,3,1
1926,Hull City,Barnsley,5,1,2,2,6,4,1
1926,Hull City,Grimsby Town,2,3,2,2,5,-1,0
1926,Hull City,Middlesbrough,3,3,2,2,6,0,0
1926,Hull City,Oldham Athletic,1,2,2,2,3,-1,0
1926,Leyton Orient,Barnsley,0,1,2,2,1,-1,0
1926,Leyton Orient,Grimsby Town,2,4,2,2,6,-2,0
1926,Leyton Orient,Southampton,1,0,2,2,1,1,1
1926,Manchester City,Chelsea,1,0,2,2,1,1,1
1926,Manchester City,Grimsby Town,2,0,2,2,2,2,1
1926,Manchester City,Middlesbrough,3,5,2,2,8,-2,0
1926,Manchester City,Preston North End,1,0,2,2,1,1,1
1926,Middlesbrough,Grimsby Town,3,0,2,2,3,3,1
1926,Middlesbrough,Preston North End,0,2,2,2,2,-2,0
1926,Middlesbrough,Southampton,3,1,2,2,4,2,1
1926,Nottingham Forest,Barnsley,3,1,2,2,4,2,1
1926,Nottingham Forest,Chelsea,4,1,2,2,5,3,1
1926,Nottingham Forest,Grimsby Town,1,1,2,2,2,0,0
1926,Nottingham Forest,Manchester City,3,3,2,2,6,0,0
1926,Nottingham Forest,Oldham Athletic,1,1,2,2,2,0,0
1926,Nottingham Forest,Preston North End,7,0,2,2,7,7,1
1926,Nottingham Forest,Southampton,3,1,2,2,4,2,1
1926,Notts County,Grimsby Town,3,0,2,2,3,3,1
1926,Notts County,Preston North End,1,1,2,2,2,0,0
1926,Oldham Athletic,Barnsley,0,4,2,2,4,-4,0
1926,Oldham Athletic,Grimsby Town,3,1,2,2,4,2,1
1926,Oldham Athletic,Manchester City,1,2,2,2,3,-1,0
1926,Oldham Athletic,Preston North End,5,1,2,2,6,4,1
1926,Oldham Athletic,Southampton,1,1,2,2,2,0,0
1926,Port Vale,Barnsley,3,2,2,2,5,1,1
1926,Port Vale,Chelsea,0,0,2,2,0,0,0
1926,Port Vale,Grimsby Town,6,1,2,2,7,5,1
1926,Port Vale,Preston North End,2,0,2,2,2,2,1
1926,Port Vale,Southampton,3,1,2,2,4,2,1
1926,Portsmouth,Barnsley,1,2,2,2,3,-1,0
1926,Portsmouth,Grimsby Town,5,2,2,2,7,3,1
1926,Portsmouth,Notts County,9,1,2,2,10,8,1
1926,Portsmouth,Preston North End,5,1,2,2,6,4,1
1926,Preston North End,Chelsea,0,2,2,2,2,-2,0
1926,Preston North End,Notts County,4,1,2,2,5,3,1
1926,Preston North End,Portsmouth,1,2,2,2,3,-1,0
1926,Preston North End,Southampton,1,0,2,2,1,1,1
1926,Reading,Barnsley,3,2,2,2,5,1,1
1926,Reading,Portsmouth,1,2,2,2,3,-1,0
1926,Reading,Southampton,1,0,2,2,1,1,1
1926,South Shields,Barnsley,7,1,2,2,8,6,1
1926,South Shields,Chelsea,5,1,2,2,6,4,1
1926,South Shields,Grimsby Town,3,2,2,2,5,1,1
1926,South Shields,Southampton,1,2,2,2,3,-1,0
1926,Southampton,Barnsley,3,1,2,2,4,2,1
1926,Southampton,Manchester City,1,1,2,2,2,0,0
1926,Southampton,Notts County,2,0,2,2,2,2,1
1926,Southampton,Portsmouth,0,2,2,2,2,-2,0
1926,Southampton,South Shields,6,2,2,2,8,4,1
1926,Swansea City,Chelsea,2,1,2,2,3,1,1
1926,Swansea City,Grimsby Town,1,1,2,2,2,0,0
1926,Swansea City,Manchester City,1,3,2,2,4,-2,0
1926,Swansea City,Notts County,0,1,2,2,1,-1,0
1926,Wolverhampton Wanderers,Barnsley,9,1,2,2,10,8,1
1926,Wolverhampton Wanderers,South Shields,2,0,2,2,2,2,1
1926,Accrington Stanley,Chesterfield,2,1,3a,3,3,1,1
1926,Accrington Stanley,Lincoln City,1,1,3a,3,2,0,0
1926,Accrington Stanley,Rochdale,0,1,3a,3,1,-1,0
1926,Ashington,Accrington Stanley,2,1,3a,3,3,1,1
1926,Ashington,Chesterfield,2,1,3a,3,3,1,1
1926,Ashington,Lincoln City,1,2,3a,3,3,-1,0
1926,Ashington,Stockport County,1,1,3a,3,2,0,0
1926,Barrow,Accrington Stanley,1,1,3a,3,2,0,0
1926,Barrow,Durham City,2,1,3a,3,3,1,1
1926,Barrow,Rochdale,2,3,3a,3,5,-1,0
1926,Barrow,Stockport County,1,3,3a,3,4,-2,0
1926,Barrow,Walsall,1,0,3a,3,1,1,1
1926,Bradford Park Avenue,Chesterfield,5,0,3a,3,5,5,1
1926,Bradford Park Avenue,Durham City,3,0,3a,3,3,3,1
1926,Chesterfield,Bradford Park Avenue,3,2,3a,3,5,1,1
1926,Crewe Alexandra,Accrington Stanley,4,0,3a,3,4,4,1
1926,Crewe Alexandra,Rochdale,4,0,3a,3,4,4,1
1926,Crewe Alexandra,Stockport County,3,2,3a,3,5,1,1
1926,Doncaster Rovers,Accrington Stanley,2,0,3a,3,2,2,1
1926,Doncaster Rovers,Rochdale,3,2,3a,3,5,1,1
1926,Doncaster Rovers,Walsall,2,2,3a,3,4,0,0
1926,Durham City,Bradford Park Avenue,2,1,3a,3,3,1,1
1926,Durham City,Doncaster Rovers,2,2,3a,3,4,0,0
1926,Durham City,Rochdale,1,3,3a,3,4,-2,0
1926,Halifax Town,Lincoln City,2,1,3a,3,3,1,1
1926,Hartlepool United,Accrington Stanley,3,1,3a,3,4,2,1
1926,Hartlepool United,Bradford Park Avenue,2,4,3a,3,6,-2,0
1926,Hartlepool United,Stockport County,1,2,3a,3,3,-1,0
1926,Hartlepool United,Walsall,2,2,3a,3,4,0,0
1926,Lincoln City,Accrington Stanley,4,0,3a,3,4,4,1
1926,Lincoln City,Doncaster Rovers,0,0,3a,3,0,0,0
1926,Lincoln City,Stockport County,1,3,3a,3,4,-2,0
1926,Lincoln City,Walsall,3,3,3a,3,6,0,0
1926,Nelson,Accrington Stanley,7,0,3a,3,7,7,1
1926,Nelson,Hartlepool United,6,2,3a,3,8,4,1
1926,Nelson,Rochdale,3,1,3a,3,4,2,1
1926,Nelson,Stockport County,6,1,3a,3,7,5,1
1926,New Brighton,Doncaster Rovers,0,2,3a,3,2,-2,0
1926,New Brighton,Rochdale,1,2,3a,3,3,-1,0
1926,Rochdale,Accrington Stanley,2,1,3a,3,3,1,1
1926,Rochdale,Bradford Park Avenue,3,0,3a,3,3,3,1
1926,Rochdale,Doncaster Rovers,7,2,3a,3,9,5,1
1926,Rochdale,Hartlepool United,3,0,3a,3,3,3,1
1926,Rochdale,Stockport County,2,0,3a,3,2,2,1
1926,Rochdale,Walsall,4,4,3a,3,8,0,0
1926,Rotherham United,Doncaster Rovers,1,3,3a,3,4,-2,0
1926,Rotherham United,Hartlepool United,5,3,3a,3,8,2,1
1926,Southport,Accrington Stanley,2,1,3a,3,3,1,1
1926,Southport,Doncaster Rovers,2,0,3a,3,2,2,1
1926,Southport,Hartlepool United,1,0,3a,3,1,1,1
1926,Southport,Stockport County,2,2,3a,3,4,0,0
1926,Southport,Walsall,6,1,3a,3,7,5,1
1926,Stockport County,Accrington Stanley,3,3,3a,3,6,0,0
1926,Stockport County,Bradford Park Avenue,1,2,3a,3,3,-1,0
1926,Stockport County,Hartlepool United,3,3,3a,3,6,0,0
1926,Stockport County,Walsall,0,2,3a,3,2,-2,0
1926,Stoke City,Accrington Stanley,1,0,3a,3,1,1,1
1926,Stoke City,Bradford Park Avenue,0,0,3a,3,0,0,0
1926,Stoke City,Doncaster Rovers,0,0,3a,3,0,0,0
1926,Stoke City,Walsall,4,1,3a,3,5,3,1
1926,Tranmere Rovers,Accrington Stanley,2,1,3a,3,3,1,1
1926,Tranmere Rovers,Hartlepool United,2,0,3a,3,2,2,1
1926,Tranmere Rovers,New Brighton,4,1,3a,3,5,3,1
1926,Walsall,Accrington Stanley,5,1,3a,3,6,4,1
1926,Walsall,Bradford Park Avenue,1,0,3a,3,1,1,1
1926,Walsall,Southport,1,1,3a,3,2,0,0
1926,Walsall,Tranmere Rovers,5,1,3a,3,6,4,1
1926,Wigan Borough,Bradford Park Avenue,1,2,3a,3,3,-1,0
1926,Wigan Borough,Southport,3,1,3a,3,4,2,1
1926,Wigan Borough,Tranmere Rovers,1,1,3a,3,2,0,0
1926,Wrexham,Bradford Park Avenue,1,0,3a,3,1,1,1
1926,Wrexham,Doncaster Rovers,0,1,3a,3,1,-1,0
1926,Aberdare Athletic,Gillingham,2,1,3b,3,3,1,1
1926,Aberdare Athletic,Millwall,1,3,3b,3,4,-2,0
1926,Aberdare Athletic,Southend United,1,0,3b,3,1,1,1
1926,AFC Bournemouth,Aberdare Athletic,3,0,3b,3,3,3,1
1926,AFC Bournemouth,Norwich City,0,1,3b,3,1,-1,0
1926,AFC Bournemouth,Southend United,3,0,3b,3,3,3,1
1926,Brentford,Aberdare Athletic,1,4,3b,3,5,-3,0
1926,Brentford,Millwall,0,0,3b,3,0,0,0
1926,Brentford,Norwich City,3,0,3b,3,3,3,1
1926,Brighton & Hove Albion,Aberdare Athletic,3,1,3b,3,4,2,1
1926,Bristol City,Aberdare Athletic,2,1,3b,3,3,1,1
1926,Bristol City,Brighton & Hove Albion,0,2,3b,3,2,-2,0
1926,Bristol City,Millwall,4,1,3b,3,5,3,1
1926,Bristol City,Southend United,5,1,3b,3,6,4,1
1926,Bristol Rovers,Brighton & Hove Albion,0,0,3b,3,0,0,0
1926,Bristol Rovers,Millwall,1,1,3b,3,2,0,0
1926,Bristol Rovers,Southend United,5,1,3b,3,6,4,1
1926,Charlton Athletic,Brighton & Hove Albion,1,0,3b,3,1,1,1
1926,Charlton Athletic,Coventry City,4,2,3b,3,6,2,1
1926,Charlton Athletic,Millwall,1,1,3b,3,2,0,0
1926,Charlton Athletic,Norwich City,2,0,3b,3,2,2,1
1926,Charlton Athletic,Southend United,1,0,3b,3,1,1,1
1926,Coventry City,Charlton Athletic,1,0,3b,3,1,1,1
1926,Coventry City,Gillingham,0,2,3b,3,2,-2,0
1926,Crystal Palace,Aberdare Athletic,0,0,3b,3,0,0,0
1926,Crystal Palace,Brighton & Hove Albion,2,0,3b,3,2,2,1
1926,Crystal Palace,Charlton Athletic,2,1,3b,3,3,1,1
1926,Crystal Palace,Gillingham,2,2,3b,3,4,0,0
1926,Crystal Palace,Millwall,1,6,3b,3,7,-5,0
1926,Crystal Palace,Southend United,5,3,3b,3,8,2,1
1926,Exeter City,Aberdare Athletic,2,1,3b,3,3,1,1
1926,Exeter City,Charlton Athletic,1,0,3b,3,1,1,1
1926,Exeter City,Millwall,1,1,3b,3,2,0,0
1926,Exeter City,Norwich City,1,0,3b,3,1,1,1
1926,Gillingham,Brighton & Hove Albion,2,3,3b,3,5,-1,0
1926,Gillingham,Charlton Athletic,1,1,3b,3,2,0,0
1926,Gillingham,Exeter City,3,2,3b,3,5,1,1
1926,Gillingham,Millwall,2,1,3b,3,3,1,1
1926,Luton Town,Aberdare Athletic,3,3,3b,3,6,0,0
1926,Luton Town,Brighton & Hove Albion,4,0,3b,3,4,4,1
1926,Luton Town,Exeter City,2,2,3b,3,4,0,0
1926,Luton Town,Norwich City,2,2,3b,3,4,0,0
1926,Merthyr Town,Brighton & Hove Albion,1,0,3b,3,1,1,1
1926,Merthyr Town,Exeter City,3,3,3b,3,6,0,0
1926,Merthyr Town,Millwall,1,0,3b,3,1,1,1
1926,Merthyr Town,Norwich City,1,1,3b,3,2,0,0
1926,Millwall,Brighton & Hove Albion,1,1,3b,3,2,0,0
1926,Millwall,Charlton Athletic,3,0,3b,3,3,3,1
1926,Millwall,Southend United,2,0,3b,3,2,2,1
1926,Newport County,Aberdare Athletic,5,2,3b,3,7,3,1
1926,Newport County,Charlton Athletic,2,1,3b,3,3,1,1
1926,Newport County,Merthyr Town,4,3,3b,3,7,1,1
1926,Northampton Town,Aberdare Athletic,2,1,3b,3,3,1,1
1926,Northampton Town,Merthyr Town,2,0,3b,3,2,2,1
1926,Norwich City,Brighton & Hove Albion,0,2,3b,3,2,-2,0
1926,Norwich City,Exeter City,4,4,3b,3,8,0,0
1926,Norwich City,Merthyr Town,4,0,3b,3,4,4,1
1926,Norwich City,Northampton Town,6,1,3b,3,7,5,1
1926,Plymouth Argyle,Aberdare Athletic,2,0,3b,3,2,2,1
1926,Plymouth Argyle,Brighton & Hove Albion,2,0,3b,3,2,2,1
1926,Plymouth Argyle,Charlton Athletic,3,1,3b,3,4,2,1
1926,Plymouth Argyle,Merthyr Town,1,1,3b,3,2,0,0
1926,Plymouth Argyle,Northampton Town,3,0,3b,3,3,3,1
1926,Queens Park Rangers,Aberdare Athletic,3,0,3b,3,3,3,1
1926,Queens Park Rangers,Brighton & Hove Albion,2,2,3b,3,4,0,0
1926,Queens Park Rangers,Charlton Athletic,2,1,3b,3,3,1,1
1926,Southend United,Aberdare Athletic,5,1,3b,3,6,4,1
1926,Southend United,Brighton & Hove Albion,0,1,3b,3,1,-1,0
1926,Southend United,Queens Park Rangers,0,3,3b,3,3,-3,0
1926,Swindon Town,Aberdare Athletic,3,2,3b,3,5,1,1
1926,Swindon Town,Brighton & Hove Albion,2,2,3b,3,4,0,0
1926,Swindon Town,Exeter City,4,2,3b,3,6,2,1
1926,Watford,Aberdare Athletic,2,2,3b,3,4,0,0
1926,Watford,Brighton & Hove Albion,1,0,3b,3,1,1,1
1926,Watford,Charlton Athletic,1,0,3b,3,1,1,1
1926,Watford,Northampton Town,4,0,3b,3,4,4,1
1926,Watford,Queens Park Rangers,1,2,3b,3,3,-1,0
1927,Arsenal,Bolton Wanderers,1,2,1,1,3,-1,0
1927,Arsenal,Cardiff City,3,0,1,1,3,3,1
1927,Arsenal,Huddersfield Town,0,0,1,1,0,0,0
1927,Arsenal,Sunderland,2,1,1,1,3,1,1
1927,Aston Villa,Arsenal,2,2,1,1,4,0,0
1927,Aston Villa,Portsmouth,7,2,1,1,9,5,1
1927,Aston Villa,Sunderland,4,2,1,1,6,2,1
1927,Birmingham City,Arsenal,1,1,1,1,2,0,0
1927,Birmingham City,Bolton Wanderers,1,1,1,1,2,0,0
1927,Birmingham City,Cardiff City,1,3,1,1,4,-2,0
1927,Birmingham City,Huddersfield Town,3,1,1,1,4,2,1
1927,Blackburn Rovers,Arsenal,4,1,1,1,5,3,1
1927,Blackburn Rovers,Bolton Wanderers,1,6,1,1,7,-5,0
1927,Blackburn Rovers,Cardiff City,0,0,1,1,0,0,0
1927,Blackburn Rovers,Manchester United,3,0,1,1,3,3,1
1927,Blackburn Rovers,Sunderland,0,0,1,1,0,0,0
1927,Burnley,Manchester United,4,0,1,1,4,4,1
1927,Burnley,Portsmouth,2,0,1,1,2,2,1
1927,Bury,Arsenal,5,1,1,1,6,4,1
1927,Bury,Blackburn Rovers,2,3,1,1,5,-1,0
1927,Bury,Huddersfield Town,2,3,1,1,5,-1,0
1927,Bury,Manchester United,4,3,1,1,7,1,1
1927,Bury,Sunderland,5,3,1,1,8,2,1
1927,Cardiff City,Arsenal,2,2,1,1,4,0,0
1927,Cardiff City,Bury,0,1,1,1,1,-1,0
1927,Cardiff City,Manchester United,2,0,1,1,2,2,1
1927,Derby County,Arsenal,4,0,1,1,4,4,1
1927,Derby County,Blackburn Rovers,6,0,1,1,6,6,1
1927,Derby County,Bury,5,2,1,1,7,3,1
1927,Derby County,Huddersfield Town,0,0,1,1,0,0,0
1927,Derby County,Portsmouth,2,2,1,1,4,0,0
1927,Derby County,Sunderland,1,0,1,1,1,1,1
1927,Everton,Blackburn Rovers,4,1,1,1,5,3,1
1927,Everton,Manchester United,5,2,1,1,7,3,1
1927,Everton,Portsmouth,0,0,1,1,0,0,0
1927,Huddersfield Town,Arsenal,2,1,1,1,3,1,1
1927,Huddersfield Town,Blackburn Rovers,3,1,1,1,4,2,1
1927,Huddersfield Town,Everton,4,1,1,1,5,3,1
1927,Huddersfield Town,Manchester United,4,2,1,1,6,2,1
1927,Huddersfield Town,Sunderland,4,2,1,1,6,2,1
1927,Leicester City,Bury,2,2,1,1,4,0,0
1927,Leicester City,Everton,1,0,1,1,1,1,1
1927,Leicester City,Manchester United,1,0,1,1,1,1,1
1927,Leicester City,Portsmouth,6,2,1,1,8,4,1
1927,Leicester City,Sunderland,3,3,1,1,6,0,0
1927,Liverpool,Everton,3,3,1,1,6,0,0
1927,Liverpool,Portsmouth,8,2,1,1,10,6,1
1927,Liverpool,Sunderland,2,5,1,1,7,-3,0
1927,Manchester United,Arsenal,4,1,1,1,5,3,1
1927,Manchester United,Blackburn Rovers,1,1,1,1,2,0,0
1927,Manchester United,Bury,0,1,1,1,1,-1,0
1927,Manchester United,Liverpool,6,1,1,1,7,5,1
1927,Manchester United,Portsmouth,2,0,1,1,2,2,1
1927,Manchester United,Sunderland,2,1,1,1,3,1,1
1927,Middlesbrough,Blackburn Rovers,2,0,1,1,2,2,1
1927,Middlesbrough,Bury,6,1,1,1,7,5,1
1927,Middlesbrough,Everton,4,2,1,1,6,2,1
1927,Newcastle United,Arsenal,1,1,1,1,2,0,0
1927,Newcastle United,Blackburn Rovers,0,1,1,1,1,-1,0
1927,Newcastle United,Bury,2,3,1,1,5,-1,0
1927,Newcastle United,Portsmouth,1,3,1,1,4,-2,0
1927,Newcastle United,Sunderland,3,1,1,1,4,2,1
1927,Portsmouth,Blackburn Rovers,2,2,1,1,4,0,0
1927,Portsmouth,Bury,1,0,1,1,1,1,1
1927,Portsmouth,Everton,1,3,1,1,4,-2,0
1927,Portsmouth,Newcastle United,0,1,1,1,1,-1,0
1927,Portsmouth,Sunderland,3,5,1,1,8,-2,0
1927,Sheffield United,Arsenal,6,4,1,1,10,2,1
1927,Sheffield United,Blackburn Rovers,2,3,1,1,5,-1,0
1927,Sheffield United,Bury,3,1,1,1,4,2,1
1927,Sheffield United,Sunderland,5,1,1,1,6,4,1
1927,Sheffield Wednesday,Arsenal,1,1,1,1,2,0,0
1927,Sheffield Wednesday,Blackburn Rovers,4,1,1,1,5,3,1
1927,Sheffield Wednesday,Bury,4,0,1,1,4,4,1
1927,Sheffield Wednesday,Everton,1,2,1,1,3,-1,0
1927,Sheffield Wednesday,Sunderland,0,0,1,1,0,0,0
1927,Sunderland,Bury,1,0,1,1,1,1,1
1927,Sunderland,Everton,0,2,1,1,2,-2,0
1927,Sunderland,Newcastle United,1,1,1,1,2,0,0
1927,Tottenham Hotspur,Arsenal,2,0,1,1,2,2,1
1927,Tottenham Hotspur,Bury,1,4,1,1,5,-3,0
1927,Tottenham Hotspur,Newcastle United,5,2,1,1,7,3,1
1927,Tottenham Hotspur,Sheffield Wednesday,1,3,1,1,4,-2,0
1927,West Ham United,Blackburn Rovers,4,3,1,1,7,1,1
1927,Barnsley,Blackpool,2,1,2,2,3,1,1
1927,Barnsley,Fulham,8,4,2,2,12,4,1
1927,Barnsley,Leeds United,2,1,2,2,3,1,1
1927,Barnsley,Nottingham Forest,2,1,2,2,3,1,1
1927,Blackpool,Barnsley,1,3,2,2,4,-2,0
1927,Blackpool,Fulham,4,0,2,2,4,4,1
1927,Blackpool,Nottingham Forest,5,3,2,2,8,2,1
1927,Blackpool,Port Vale,1,6,2,2,7,-5,0
1927,Blackpool,South Shields,4,1,2,2,5,3,1
1927,Bristol City,Port Vale,4,0,2,2,4,4,1
1927,Bristol City,South Shields,1,1,2,2,2,0,0
1927,Chelsea,Barnsley,1,2,2,2,3,-1,0
1927,Chelsea,Fulham,2,1,2,2,3,1,1
1927,Chelsea,Nottingham Forest,2,1,2,2,3,1,1
1927,Chelsea,Swansea City,4,0,2,2,4,4,1
1927,Fulham,Barnsley,3,1,2,2,4,2,1
1927,Fulham,Leeds United,1,1,2,2,2,0,0
1927,Fulham,Port Vale,4,0,2,2,4,4,1
1927,Fulham,South Shields,2,0,2,2,2,2,1
1927,Fulham,Swansea City,3,2,2,2,5,1,1
1927,Grimsby Town,Leeds United,3,2,2,2,5,1,1
1927,Grimsby Town,Swansea City,1,2,2,2,3,-1,0
1927,Hull City,Chelsea,0,2,2,2,2,-2,0
1927,Hull City,Leeds United,3,1,2,2,4,2,1
1927,Hull City,Nottingham Forest,2,0,2,2,2,2,1
1927,Hull City,South Shields,1,0,2,2,1,1,1
1927,Hull City,Swansea City,0,2,2,2,2,-2,0
1927,Leeds United,Chelsea,5,0,2,2,5,5,1
1927,Leeds United,Hull City,2,0,2,2,2,2,1
1927,Leeds United,Nottingham Forest,4,0,2,2,4,4,1
1927,Leeds United,South Shields,3,0,2,2,3,3,1
1927,Leyton Orient,Hull City,0,0,2,2,0,0,0
1927,Leyton Orient,Nottingham Forest,2,2,2,2,4,0,0
1927,Manchester City,Hull City,2,1,2,2,3,1,1
1927,Manchester City,Port Vale,1,0,2,2,1,1,1
1927,Nottingham Forest,Chelsea,2,2,2,2,4,0,0
1927,Nottingham Forest,Hull City,1,1,2,2,2,0,0
1927,Nottingham Forest,Manchester City,4,5,2,2,9,-1,0
1927,Nottingham Forest,Port Vale,0,2,2,2,2,-2,0
1927,Nottingham Forest,South Shields,7,2,2,2,9,5,1
1927,Notts County,Manchester City,2,1,2,2,3,1,1
1927,Notts County,Port Vale,2,4,2,2,6,-2,0
1927,Notts County,South Shields,4,1,2,2,5,3,1
1927,Notts County,Swansea City,2,0,2,2,2,2,1
1927,Oldham Athletic,Hull City,5,0,2,2,5,5,1
1927,Port Vale,Chelsea,1,1,2,2,2,0,0
1927,Port Vale,Hull City,1,2,2,2,3,-1,0
1927,Port Vale,Oldham Athletic,1,0,2,2,1,1,1
1927,Port Vale,South Shields,2,3,2,2,5,-1,0
1927,Port Vale,Swansea City,2,0,2,2,2,2,1
1927,Preston North End,Chelsea,0,3,2,2,3,-3,0
1927,Preston North End,Manchester City,1,0,2,2,1,1,1
1927,Reading,Chelsea,1,2,2,2,3,-1,0
1927,Reading,Manchester City,1,1,2,2,2,0,0
1927,Reading,South Shields,5,1,2,2,6,4,1
1927,Reading,Swansea City,0,0,2,2,0,0,0
1927,South Shields,Hull City,1,0,2,2,1,1,1
1927,South Shields,Manchester City,0,1,2,2,1,-1,0
1927,South Shields,Oldham Athletic,0,3,2,2,3,-3,0
1927,South Shields,Swansea City,3,1,2,2,4,2,1
1927,Southampton,Chelsea,2,4,2,2,6,-2,0
1927,Southampton,Manchester City,1,1,2,2,2,0,0
1927,Southampton,Swansea City,0,2,2,2,2,-2,0
1927,Stoke City,Barnsley,0,0,2,2,0,0,0
1927,Stoke City,Hull City,3,1,2,2,4,2,1
1927,Stoke City,Manchester City,2,0,2,2,2,2,1
1927,Stoke City,Oldham Athletic,3,0,2,2,3,3,1
1927,Stoke City,Reading,4,1,2,2,5,3,1
1927,Stoke City,Swansea City,1,1,2,2,2,0,0
1927,Swansea City,Barnsley,3,0,2,2,3,3,1
1927,Swansea City,Chelsea,0,0,2,2,0,0,0
1927,Swansea City,Manchester City,5,3,2,2,8,2,1
1927,Swansea City,Oldham Athletic,0,0,2,2,0,0,0
1927,Swansea City,Reading,0,1,2,2,1,-1,0
1927,West Bromwich Albion,Barnsley,1,1,2,2,2,0,0
1927,West Bromwich Albion,Hull City,1,1,2,2,2,0,0
1927,West Bromwich Albion,Oldham Athletic,0,0,2,2,0,0,0
1927,Accrington Stanley,Bradford Park Avenue,2,1,3a,3,3,1,1
1927,Accrington Stanley,Darlington,0,0,3a,3,0,0,0
1927,Accrington Stanley,Rotherham United,3,1,3a,3,4,2,1
1927,Ashington,Darlington,2,3,3a,3,5,-1,0
1927,Ashington,Halifax Town,3,3,3a,3,6,0,0
1927,Ashington,Rotherham United,6,0,3a,3,6,6,1
1927,Ashington,Tranmere Rovers,3,0,3a,3,3,3,1
1927,Barrow,Bradford Park Avenue,0,0,3a,3,0,0,0
1927,Barrow,Darlington,2,0,3a,3,2,2,1
1927,Barrow,Halifax Town,6,2,3a,3,8,4,1
1927,Barrow,Tranmere Rovers,2,1,3a,3,3,1,1
1927,Bradford City,Bradford Park Avenue,2,3,3a,3,5,-1,0
1927,Bradford City,Darlington,0,1,3a,3,1,-1,0
1927,Bradford Park Avenue,Bradford City,5,0,3a,3,5,5,1
1927,Bradford Park Avenue,Nelson,3,2,3a,3,5,1,1
1927,Chesterfield,Nelson,6,0,3a,3,6,6,1
1927,Chesterfield,Tranmere Rovers,2,2,3a,3,4,0,0
1927,Crewe Alexandra,Accrington Stanley,2,3,3a,3,5,-1,0
1927,Crewe Alexandra,Darlington,3,3,3a,3,6,0,0
1927,Crewe Alexandra,Nelson,6,1,3a,3,7,5,1
1927,Darlington,Accrington Stanley,3,0,3a,3,3,3,1
1927,Darlington,Bradford City,1,2,3a,3,3,-1,0
1927,Darlington,Crewe Alexandra,1,3,3a,3,4,-2,0
1927,Darlington,Halifax Town,2,0,3a,3,2,2,1
1927,Doncaster Rovers,Accrington Stanley,0,0,3a,3,0,0,0
1927,Doncaster Rovers,Bradford City,2,1,3a,3,3,1,1
1927,Doncaster Rovers,Crewe Alexandra,3,1,3a,3,4,2,1
1927,Doncaster Rovers,Nelson,4,2,3a,3,6,2,1
1927,Doncaster Rovers,Rotherham United,2,0,3a,3,2,2,1
1927,Durham City,Accrington Stanley,2,1,3a,3,3,1,1
1927,Durham City,Bradford City,3,2,3a,3,5,1,1
1927,Durham City,Crewe Alexandra,5,1,3a,3,6,4,1
1927,Durham City,Halifax Town,1,1,3a,3,2,0,0
1927,Durham City,Nelson,3,0,3a,3,3,3,1
1927,Halifax Town,Accrington Stanley,3,1,3a,3,4,2,1
1927,Halifax Town,Durham City,3,1,3a,3,4,2,1
1927,Halifax Town,Rotherham United,0,0,3a,3,0,0,0
1927,Hartlepool United,Accrington Stanley,0,2,3a,3,2,-2,0
1927,Hartlepool United,Bradford City,2,3,3a,3,5,-1,0
1927,Hartlepool United,Crewe Alexandra,4,3,3a,3,7,1,1
1927,Hartlepool United,Durham City,2,1,3a,3,3,1,1
1927,Hartlepool United,Tranmere Rovers,2,0,3a,3,2,2,1
1927,Lincoln City,Accrington Stanley,3,1,3a,3,4,2,1
1927,Lincoln City,Crewe Alexandra,5,2,3a,3,7,3,1
1927,Nelson,Accrington Stanley,1,4,3a,3,5,-3,0
1927,Nelson,Crewe Alexandra,3,3,3a,3,6,0,0
1927,Nelson,Durham City,2,1,3a,3,3,1,1
1927,Nelson,Lincoln City,1,3,3a,3,4,-2,0
1927,Nelson,Rotherham United,6,1,3a,3,7,5,1
1927,New Brighton,Bradford City,1,1,3a,3,2,0,0
1927,New Brighton,Crewe Alexandra,5,1,3a,3,6,4,1
1927,New Brighton,Durham City,4,0,3a,3,4,4,1
1927,New Brighton,Lincoln City,2,3,3a,3,5,-1,0
1927,New Brighton,Tranmere Rovers,0,1,3a,3,1,-1,0
1927,Rochdale,Bradford City,3,3,3a,3,6,0,0
1927,Rochdale,Tranmere Rovers,1,2,3a,3,3,-1,0
1927,Rotherham United,Tranmere Rovers,2,1,3a,3,3,1,1
1927,Southport,Lincoln City,3,1,3a,3,4,2,1
1927,Stockport County,Crewe Alexandra,1,0,3a,3,1,1,1
1927,Stockport County,Durham City,2,1,3a,3,3,1,1
1927,Stockport County,Lincoln City,2,0,3a,3,2,2,1
1927,Tranmere Rovers,Accrington Stanley,3,2,3a,3,5,1,1
1927,Tranmere Rovers,Crewe Alexandra,3,3,3a,3,6,0,0
1927,Tranmere Rovers,Durham City,11,1,3a,3,12,10,1
1927,Tranmere Rovers,Stockport County,5,2,3a,3,7,3,1
1927,Wigan Borough,Crewe Alexandra,2,1,3a,3,3,1,1
1927,Wigan Borough,Durham City,3,0,3a,3,3,3,1
1927,Wigan Borough,Rochdale,1,2,3a,3,3,-1,0
1927,Wigan Borough,Stockport County,1,3,3a,3,4,-2,0
1927,Wrexham,Lincoln City,1,0,3a,3,1,1,1
1927,Wrexham,Rochdale,2,1,3a,3,3,1,1
1927,AFC Bournemouth,Brentford,1,0,3b,3,1,1,1
1927,AFC Bournemouth,Exeter City,2,0,3b,3,2,2,1
1927,AFC Bournemouth,Northampton Town,1,1,3b,3,2,0,0
1927,Brentford,Charlton Athletic,1,1,3b,3,2,0,0
1927,Brentford,Exeter City,1,1,3b,3,2,0,0
1927,Brentford,Merthyr Town,4,0,3b,3,4,4,1
1927,Brentford,Queens Park Rangers,0,3,3b,3,3,-3,0
1927,Brentford,Torquay United,1,2,3b,3,3,-1,0
1927,Brighton & Hove Albion,AFC Bournemouth,3,2,3b,3,5,1,1
1927,Brighton & Hove Albion,Exeter City,0,2,3b,3,2,-2,0
1927,Brighton & Hove Albion,Torquay United,3,0,3b,3,3,3,1
1927,Bristol Rovers,AFC Bournemouth,3,0,3b,3,3,3,1
1927,Bristol Rovers,Exeter City,1,2,3b,3,3,-1,0
1927,Bristol Rovers,Queens Park Rangers,0,4,3b,3,4,-4,0
1927,Bristol Rovers,Torquay United,5,1,3b,3,6,4,1
1927,Charlton Athletic,AFC Bournemouth,1,1,3b,3,2,0,0
1927,Charlton Athletic,Merthyr Town,0,0,3b,3,0,0,0
1927,Coventry City,Exeter City,0,0,3b,3,0,0,0
1927,Coventry City,Northampton Town,2,4,3b,3,6,-2,0
1927,Coventry City,Torquay United,5,1,3b,3,6,4,1
1927,Crystal Palace,AFC Bournemouth,6,1,3b,3,7,5,1
1927,Crystal Palace,Bristol Rovers,3,2,3b,3,5,1,1
1927,Crystal Palace,Exeter City,2,0,3b,3,2,2,1
1927,Crystal Palace,Northampton Town,1,0,3b,3,1,1,1
1927,Crystal Palace,Queens Park Rangers,1,1,3b,3,2,0,0
1927,Exeter City,Crystal Palace,2,2,3b,3,4,0,0
1927,Gillingham,AFC Bournemouth,2,1,3b,3,3,1,1
1927,Gillingham,Bristol Rovers,3,1,3b,3,4,2,1
1927,Gillingham,Crystal Palace,3,1,3b,3,4,2,1
1927,Gillingham,Merthyr Town,1,1,3b,3,2,0,0
1927,Gillingham,Queens Park Rangers,1,2,3b,3,3,-1,0
1927,Gillingham,Torquay United,4,1,3b,3,5,3,1
1927,Luton Town,AFC Bournemouth,3,3,3b,3,6,0,0
1927,Luton Town,Bristol Rovers,2,0,3b,3,2,2,1
1927,Luton Town,Merthyr Town,5,1,3b,3,6,4,1
1927,Luton Town,Queens Park Rangers,0,1,3b,3,1,-1,0
1927,Millwall,Bristol Rovers,1,0,3b,3,1,1,1
1927,Millwall,Crystal Palace,1,1,3b,3,2,0,0
1927,Millwall,Luton Town,3,2,3b,3,5,1,1
1927,Millwall,Queens Park Rangers,6,1,3b,3,7,5,1
1927,Northampton Town,Luton Town,6,5,3b,3,11,1,1
1927,Northampton Town,Newport County,1,2,3b,3,3,-1,0
1927,Northampton Town,Torquay United,4,4,3b,3,8,0,0
1927,Norwich City,Bristol Rovers,4,2,3b,3,6,2,1
1927,Norwich City,Queens Park Rangers,3,1,3b,3,4,2,1
1927,Norwich City,Torquay United,4,0,3b,3,4,4,1
1927,Plymouth Argyle,Bristol Rovers,4,1,3b,3,5,3,1
1927,Plymouth Argyle,Luton Town,4,0,3b,3,4,4,1
1927,Plymouth Argyle,Newport County,2,0,3b,3,2,2,1
1927,Plymouth Argyle,Queens Park Rangers,3,0,3b,3,3,3,1
1927,Queens Park Rangers,Crystal Palace,2,0,3b,3,2,2,1
1927,Queens Park Rangers,Luton Town,3,2,3b,3,5,1,1
1927,Queens Park Rangers,Plymouth Argyle,0,1,3b,3,1,-1,0
1927,Queens Park Rangers,Torquay United,2,3,3b,3,5,-1,0
1927,Southend United,AFC Bournemouth,3,0,3b,3,3,3,1
1927,Southend United,Bristol Rovers,2,1,3b,3,3,1,1
1927,Southend United,Crystal Palace,6,1,3b,3,7,5,1
1927,Southend United,Newport County,5,1,3b,3,6,4,1
1927,Southend United,Torquay United,1,0,3b,3,1,1,1
1927,Swindon Town,Bristol Rovers,2,1,3b,3,3,1,1
1927,Swindon Town,Crystal Palace,3,3,3b,3,6,0,0
1927,Swindon Town,Luton Town,4,2,3b,3,6,2,1
1927,Swindon Town,Plymouth Argyle,2,2,3b,3,4,0,0
1927,Torquay United,AFC Bournemouth,2,2,3b,3,4,0,0
1927,Torquay United,Newport County,1,1,3b,3,2,0,0
1927,Walsall,Crystal Palace,1,1,3b,3,2,0,0
1927,Walsall,Newport County,0,3,3b,3,3,-3,0
1927,Walsall,Plymouth Argyle,2,1,3b,3,3,1,1
1927,Watford,AFC Bournemouth,2,0,3b,3,2,2,1
1927,Watford,Crystal Palace,2,1,3b,3,3,1,1
1927,Watford,Plymouth Argyle,1,2,3b,3,3,-1,0
1928,Arsenal,Aston Villa,2,5,1,1,7,-3,0
1928,Arsenal,Liverpool,4,4,1,1,8,0,0
1928,Aston Villa,Arsenal,4,2,1,1,6,2,1
1928,Aston Villa,Cardiff City,1,0,1,1,1,1,1
1928,Aston Villa,Huddersfield Town,4,1,1,1,5,3,1
1928,Birmingham City,Bolton Wanderers,0,2,1,1,2,-2,0
1928,Birmingham City,Cardiff City,0,0,1,1,0,0,0
1928,Birmingham City,Huddersfield Town,1,2,1,1,3,-1,0
1928,Blackburn Rovers,Arsenal,5,2,1,1,7,3,1
1928,Blackburn Rovers,Bolton Wanderers,1,3,1,1,4,-2,0
1928,Blackburn Rovers,Huddersfield Town,1,1,1,1,2,0,0
1928,Blackburn Rovers,Newcastle United,2,0,1,1,2,2,1
1928,Blackburn Rovers,Sheffield Wednesday,4,1,1,1,5,3,1
1928,Bolton Wanderers,Blackburn Rovers,0,3,1,1,3,-3,0
1928,Bolton Wanderers,Cardiff City,1,0,1,1,1,1,1
1928,Bolton Wanderers,Liverpool,0,0,1,1,0,0,0
1928,Bolton Wanderers,Newcastle United,1,0,1,1,1,1,1
1928,Burnley,Cardiff City,3,0,1,1,3,3,1
1928,Burnley,Huddersfield Town,3,2,1,1,5,1,1
1928,Burnley,Liverpool,3,2,1,1,5,1,1
1928,Burnley,Sheffield Wednesday,0,2,1,1,2,-2,0
1928,Bury,Blackburn Rovers,1,0,1,1,1,1,1
1928,Bury,Cardiff City,4,1,1,1,5,3,1
1928,Bury,Liverpool,2,2,1,1,4,0,0
1928,Bury,Newcastle United,2,0,1,1,2,2,1
1928,Cardiff City,Arsenal,1,1,1,1,2,0,0
1928,Cardiff City,Sheffield Wednesday,3,1,1,1,4,2,1
1928,Derby County,Arsenal,0,0,1,1,0,0,0
1928,Derby County,Bury,3,1,1,1,4,2,1
1928,Derby County,Newcastle United,1,2,1,1,3,-1,0
1928,Derby County,Sheffield Wednesday,6,0,1,1,6,6,1
1928,Everton,Arsenal,4,2,1,1,6,2,1
1928,Everton,Bury,1,0,1,1,1,1,1
1928,Everton,Huddersfield Town,0,3,1,1,3,-3,0
1928,Everton,Sheffield Wednesday,0,0,1,1,0,0,0
1928,Huddersfield Town,Arsenal,0,1,1,1,1,-1,0
1928,Huddersfield Town,Bury,0,2,1,1,2,-2,0
1928,Huddersfield Town,Liverpool,1,3,1,1,4,-2,0
1928,Huddersfield Town,Sheffield Wednesday,0,0,1,1,0,0,0
1928,Leeds United,Arsenal,1,1,1,1,2,0,0
1928,Leeds United,Bury,3,1,1,1,4,2,1
1928,Leeds United,Liverpool,2,2,1,1,4,0,0
1928,Leeds United,Newcastle United,0,0,1,1,0,0,0
1928,Leicester City,Arsenal,1,1,1,1,2,0,0
1928,Leicester City,Blackburn Rovers,2,1,1,1,3,1,1
1928,Leicester City,Bury,5,2,1,1,7,3,1
1928,Leicester City,Everton,4,1,1,1,5,3,1
1928,Leicester City,Liverpool,2,0,1,1,2,2,1
1928,Leicester City,Newcastle United,1,1,1,1,2,0,0
1928,Leicester City,Sheffield Wednesday,1,1,1,1,2,0,0
1928,Liverpool,Arsenal,2,4,1,1,6,-2,0
1928,Liverpool,Blackburn Rovers,1,1,1,1,2,0,0
1928,Liverpool,Newcastle United,2,1,1,1,3,1,1
1928,Liverpool,Sheffield Wednesday,3,2,1,1,5,1,1
1928,Manchester City,Everton,5,1,1,1,6,4,1
1928,Manchester City,Leicester City,2,3,1,1,5,-1,0
1928,Manchester United,Blackburn Rovers,1,4,1,1,5,-3,0
1928,Manchester United,Leicester City,1,1,1,1,2,0,0
1928,Newcastle United,Leicester City,1,0,1,1,1,1,1
1928,Newcastle United,Manchester United,5,0,1,1,5,5,1
1928,Newcastle United,Sheffield Wednesday,2,1,1,1,3,1,1
1928,Portsmouth,Blackburn Rovers,2,2,1,1,4,0,0
1928,Portsmouth,Manchester United,3,0,1,1,3,3,1
1928,Sheffield United,Leicester City,1,4,1,1,5,-3,0
1928,Sheffield Wednesday,Arsenal,3,2,1,1,5,1,1
1928,Sheffield Wednesday,Bury,3,1,1,1,4,2,1
1928,Sheffield Wednesday,Everton,1,0,1,1,1,1,1
1928,Sheffield Wednesday,Leicester City,1,0,1,1,1,1,1
1928,Sheffield Wednesday,Manchester United,2,1,1,1,3,1,1
1928,Sheffield Wednesday,Sheffield United,5,2,1,1,7,3,1
1928,Sunderland,Arsenal,5,1,1,1,6,4,1
1928,Sunderland,Blackburn Rovers,3,1,1,1,4,2,1
1928,Sunderland,Bury,3,1,1,1,4,2,1
1928,Sunderland,Everton,2,2,1,1,4,0,0
1928,West Ham United,Bury,2,3,1,1,5,-1,0
1928,West Ham United,Leicester City,2,1,1,1,3,1,1
1928,West Ham United,Manchester United,3,1,1,1,4,2,1
1928,West Ham United,Sheffield United,4,0,1,1,4,4,1
1928,Barnsley,Blackpool,3,1,2,2,4,2,1
1928,Barnsley,Chelsea,0,1,2,2,1,-1,0
1928,Barnsley,Port Vale,6,0,2,2,6,6,1
1928,Barnsley,Tottenham Hotspur,4,1,2,2,5,3,1
1928,Blackpool,Barnsley,0,1,2,2,1,-1,0
1928,Blackpool,Leyton Orient,0,1,2,2,1,-1,0
1928,Blackpool,Port Vale,4,0,2,2,4,4,1
1928,Blackpool,Southampton,3,0,2,2,3,3,1
1928,Bradford Park Avenue,Leyton Orient,2,1,2,2,3,1,1
1928,Bradford Park Avenue,Port Vale,2,0,2,2,2,2,1
1928,Bradford Park Avenue,Southampton,4,1,2,2,5,3,1
1928,Bristol City,Nottingham Forest,2,5,2,2,7,-3,0
1928,Bristol City,Port Vale,2,1,2,2,3,1,1
1928,Bristol City,Southampton,1,1,2,2,2,0,0
1928,Chelsea,Barnsley,1,0,2,2,1,1,1
1928,Chelsea,Nottingham Forest,3,0,2,2,3,3,1
1928,Grimsby Town,Leyton Orient,6,1,2,2,7,5,1
1928,Grimsby Town,Southampton,2,1,2,2,3,1,1
1928,Grimsby Town,Tottenham Hotspur,2,0,2,2,2,2,1
1928,Hull City,Barnsley,0,0,2,2,0,0,0
1928,Hull City,Bristol City,5,1,2,2,6,4,1
1928,Leyton Orient,Port Vale,1,0,2,2,1,1,1
1928,Leyton Orient,Tottenham Hotspur,2,3,2,2,5,-1,0
1928,Middlesbrough,Bristol City,3,1,2,2,4,2,1
1928,Middlesbrough,Nottingham Forest,1,0,2,2,1,1,1
1928,Middlesbrough,Port Vale,5,1,2,2,6,4,1
1928,Middlesbrough,Southampton,1,2,2,2,3,-1,0
1928,Middlesbrough,Tottenham Hotspur,3,0,2,2,3,3,1
1928,Millwall,Barnsley,0,2,2,2,2,-2,0
1928,Millwall,Hull City,0,0,2,2,0,0,0
1928,Millwall,Port Vale,2,1,2,2,3,1,1
1928,Millwall,Southampton,2,4,2,2,6,-2,0
1928,Millwall,Tottenham Hotspur,5,1,2,2,6,4,1
1928,Nottingham Forest,Barnsley,1,3,2,2,4,-2,0
1928,Nottingham Forest,Hull City,3,1,2,2,4,2,1
1928,Nottingham Forest,Port Vale,2,2,2,2,4,0,0
1928,Nottingham Forest,Southampton,1,1,2,2,2,0,0
1928,Notts County,Barnsley,4,1,2,2,5,3,1
1928,Notts County,Bristol City,2,0,2,2,2,2,1
1928,Notts County,Hull City,6,0,2,2,6,6,1
1928,Notts County,Southampton,1,1,2,2,2,0,0
1928,Oldham Athletic,Barnsley,1,0,2,2,1,1,1
1928,Oldham Athletic,Hull City,0,1,2,2,1,-1,0
1928,Oldham Athletic,Port Vale,1,1,2,2,2,0,0
1928,Oldham Athletic,Southampton,3,1,2,2,4,2,1
1928,Port Vale,Bristol City,5,0,2,2,5,5,1
1928,Port Vale,Southampton,1,2,2,2,3,-1,0
1928,Port Vale,Tottenham Hotspur,2,1,2,2,3,1,1
1928,Preston North End,Bristol City,2,2,2,2,4,0,0
1928,Preston North End,Hull City,1,0,2,2,1,1,1
1928,Preston North End,Millwall,3,4,2,2,7,-1,0
1928,Preston North End,Oldham Athletic,3,2,2,2,5,1,1
1928,Reading,Barnsley,1,0,2,2,1,1,1
1928,Reading,Hull City,3,0,2,2,3,3,1
1928,Reading,Millwall,0,2,2,2,2,-2,0
1928,Reading,Southampton,0,1,2,2,1,-1,0
1928,Reading,Tottenham Hotspur,4,3,2,2,7,1,1
1928,Southampton,Bristol City,2,1,2,2,3,1,1
1928,Southampton,Millwall,3,0,2,2,3,3,1
1928,Southampton,Tottenham Hotspur,1,1,2,2,2,0,0
1928,Stoke City,Bristol City,2,0,2,2,2,2,1
1928,Stoke City,Oldham Athletic,1,1,2,2,2,0,0
1928,Swansea City,Barnsley,2,1,2,2,3,1,1
1928,Swansea City,Millwall,2,0,2,2,2,2,1
1928,Swansea City,Oldham Athletic,3,2,2,2,5,1,1
1928,Tottenham Hotspur,Oldham Athletic,4,1,2,2,5,3,1
1928,Tottenham Hotspur,Swansea City,1,1,2,2,2,0,0
1928,West Bromwich Albion,Bristol City,1,1,2,2,2,0,0
1928,Wolverhampton Wanderers,Oldham Athletic,0,0,2,2,0,0,0
1928,Wolverhampton Wanderers,Reading,2,0,2,2,2,2,1
1928,Wolverhampton Wanderers,Swansea City,0,0,2,2,0,0,0
1928,Accrington Stanley,Carlisle United,2,3,3a,3,5,-1,0
1928,Accrington Stanley,Tranmere Rovers,2,0,3a,3,2,2,1
1928,Ashington,Accrington Stanley,2,2,3a,3,4,0,0
1928,Ashington,Darlington,4,2,3a,3,6,2,1
1928,Ashington,Hartlepool United,3,1,3a,3,4,2,1
1928,Ashington,South Shields,1,3,3a,3,4,-2,0
1928,Barrow,Accrington Stanley,2,1,3a,3,3,1,1
1928,Barrow,Carlisle United,1,1,3a,3,2,0,0
1928,Barrow,Darlington,3,1,3a,3,4,2,1
1928,Barrow,New Brighton,0,0,3a,3,0,0,0
1928,Bradford City,New Brighton,5,2,3a,3,7,3,1
1928,Bradford City,South Shields,3,1,3a,3,4,2,1
1928,Bradford City,Tranmere Rovers,8,0,3a,3,8,8,1
1928,Carlisle United,Accrington Stanley,4,3,3a,3,7,1,1
1928,Carlisle United,Bradford City,2,2,3a,3,4,0,0
1928,Carlisle United,Darlington,3,0,3a,3,3,3,1
1928,Carlisle United,Hartlepool United,8,0,3a,3,8,8,1
1928,Carlisle United,New Brighton,2,1,3a,3,3,1,1
1928,Chesterfield,Accrington Stanley,4,1,3a,3,5,3,1
1928,Chesterfield,Darlington,2,1,3a,3,3,1,1
1928,Chesterfield,New Brighton,0,2,3a,3,2,-2,0
1928,Chesterfield,South Shields,3,2,3a,3,5,1,1
1928,Chesterfield,Tranmere Rovers,4,1,3a,3,5,3,1
1928,Crewe Alexandra,Hartlepool United,4,2,3a,3,6,2,1
1928,Crewe Alexandra,New Brighton,3,0,3a,3,3,3,1
1928,Crewe Alexandra,South Shields,1,5,3a,3,6,-4,0
1928,Crewe Alexandra,Tranmere Rovers,0,1,3a,3,1,-1,0
1928,Darlington,Accrington Stanley,0,0,3a,3,0,0,0
1928,Darlington,Hartlepool United,4,1,3a,3,5,3,1
1928,Darlington,South Shields,2,2,3a,3,4,0,0
1928,Darlington,Tranmere Rovers,1,2,3a,3,3,-1,0
1928,Doncaster Rovers,Bradford City,1,1,3a,3,2,0,0
1928,Doncaster Rovers,Crewe Alexandra,0,1,3a,3,1,-1,0
1928,Doncaster Rovers,New Brighton,1,2,3a,3,3,-1,0
1928,Doncaster Rovers,South Shields,2,1,3a,3,3,1,1
1928,Doncaster Rovers,Tranmere Rovers,2,1,3a,3,3,1,1
1928,Halifax Town,Accrington Stanley,4,2,3a,3,6,2,1
1928,Halifax Town,Hartlepool United,2,0,3a,3,2,2,1
1928,Halifax Town,South Shields,0,2,3a,3,2,-2,0
1928,Halifax Town,Tranmere Rovers,2,0,3a,3,2,2,1
1928,Hartlepool United,Halifax Town,3,1,3a,3,4,2,1
1928,Lincoln City,Bradford City,3,4,3a,3,7,-1,0
1928,Lincoln City,Crewe Alexandra,1,0,3a,3,1,1,1
1928,Lincoln City,Halifax Town,3,0,3a,3,3,3,1
1928,Lincoln City,New Brighton,4,0,3a,3,4,4,1
1928,Lincoln City,South Shields,5,0,3a,3,5,5,1
1928,Nelson,Accrington Stanley,0,2,3a,3,2,-2,0
1928,Nelson,Bradford City,0,1,3a,3,1,-1,0
1928,Nelson,New Brighton,3,0,3a,3,3,3,1
1928,New Brighton,Nelson,0,1,3a,3,1,-1,0
1928,New Brighton,South Shields,1,0,3a,3,1,1,1
1928,Rochdale,Crewe Alexandra,2,1,3a,3,3,1,1
1928,Rochdale,Halifax Town,2,2,3a,3,4,0,0
1928,Rochdale,Nelson,2,1,3a,3,3,1,1
1928,Rochdale,South Shields,1,2,3a,3,3,-1,0
1928,Rochdale,Tranmere Rovers,5,1,3a,3,6,4,1
1928,Rotherham United,Bradford City,2,2,3a,3,4,0,0
1928,Rotherham United,Nelson,4,0,3a,3,4,4,1
1928,South Shields,Rotherham United,10,1,3a,3,11,9,1
1928,Southport,Accrington Stanley,3,1,3a,3,4,2,1
1928,Southport,Bradford City,0,3,3a,3,3,-3,0
1928,Southport,Tranmere Rovers,1,2,3a,3,3,-1,0
1928,Stockport County,Crewe Alexandra,2,2,3a,3,4,0,0
1928,Stockport County,Rotherham United,1,0,3a,3,1,1,1
1928,Stockport County,Tranmere Rovers,4,1,3a,3,5,3,1
1928,Wigan Borough,Accrington Stanley,5,2,3a,3,7,3,1
1928,Wigan Borough,Bradford City,2,0,3a,3,2,2,1
1928,Wigan Borough,Rotherham United,1,0,3a,3,1,1,1
1928,Wigan Borough,Stockport County,4,0,3a,3,4,4,1
1928,Wrexham,Accrington Stanley,4,1,3a,3,5,3,1
1928,Wrexham,Bradford City,2,1,3a,3,3,1,1
1928,Wrexham,Crewe Alexandra,1,2,3a,3,3,-1,0
1928,Wrexham,Halifax Town,2,2,3a,3,4,0,0
1928,Wrexham,Nelson,3,1,3a,3,4,2,1
1928,Wrexham,Rotherham United,2,0,3a,3,2,2,1
1928,AFC Bournemouth,Brentford,1,1,3b,3,2,0,0
1928,AFC Bournemouth,Charlton Athletic,4,2,3b,3,6,2,1
1928,AFC Bournemouth,Luton Town,3,3,3b,3,6,0,0
1928,AFC Bournemouth,Northampton Town,2,0,3b,3,2,2,1
1928,Brentford,AFC Bournemouth,0,0,3b,3,0,0,0
1928,Brentford,Charlton Athletic,1,0,3b,3,1,1,1
1928,Brentford,Exeter City,4,2,3b,3,6,2,1
1928,Brentford,Luton Town,0,1,3b,3,1,-1,0
1928,Brentford,Queens Park Rangers,1,1,3b,3,2,0,0
1928,Brighton & Hove Albion,AFC Bournemouth,1,0,3b,3,1,1,1
1928,Brighton & Hove Albion,Charlton Athletic,2,3,3b,3,5,-1,0
1928,Brighton & Hove Albion,Exeter City,3,2,3b,3,5,1,1
1928,Brighton & Hove Albion,Queens Park Rangers,2,1,3b,3,3,1,1
1928,Bristol Rovers,Exeter City,1,1,3b,3,2,0,0
1928,Bristol Rovers,Luton Town,1,1,3b,3,2,0,0
1928,Bristol Rovers,Northampton Town,1,2,3b,3,3,-1,0
1928,Charlton Athletic,AFC Bournemouth,6,2,3b,3,8,4,1
1928,Charlton Athletic,Luton Town,4,1,3b,3,5,3,1
1928,Charlton Athletic,Northampton Town,3,1,3b,3,4,2,1
1928,Charlton Athletic,Queens Park Rangers,2,2,3b,3,4,0,0
1928,Coventry City,AFC Bournemouth,1,2,3b,3,3,-1,0
1928,Coventry City,Luton Town,1,1,3b,3,2,0,0
1928,Coventry City,Northampton Town,0,2,3b,3,2,-2,0
1928,Coventry City,Torquay United,2,1,3b,3,3,1,1
1928,Crystal Palace,Bristol Rovers,5,2,3b,3,7,3,1
1928,Crystal Palace,Exeter City,1,0,3b,3,1,1,1
1928,Crystal Palace,Luton Town,3,0,3b,3,3,3,1
1928,Crystal Palace,Torquay United,2,0,3b,3,2,2,1
1928,Exeter City,AFC Bournemouth,6,3,3b,3,9,3,1
1928,Exeter City,Bristol Rovers,2,2,3b,3,4,0,0
1928,Exeter City,Luton Town,1,1,3b,3,2,0,0
1928,Exeter City,Queens Park Rangers,1,1,3b,3,2,0,0
1928,Fulham,AFC Bournemouth,3,0,3b,3,3,3,1
1928,Fulham,Crystal Palace,2,2,3b,3,4,0,0
1928,Fulham,Luton Town,4,2,3b,3,6,2,1
1928,Fulham,Northampton Town,2,1,3b,3,3,1,1
1928,Fulham,Queens Park Rangers,5,0,3b,3,5,5,1
1928,Fulham,Torquay United,2,1,3b,3,3,1,1
1928,Gillingham,Bristol Rovers,1,0,3b,3,1,1,1
1928,Gillingham,Crystal Palace,0,1,3b,3,1,-1,0
1928,Gillingham,Torquay United,1,1,3b,3,2,0,0
1928,Luton Town,Queens Park Rangers,3,2,3b,3,5,1,1
1928,Merthyr Town,Gillingham,2,3,3b,3,5,-1,0
1928,Merthyr Town,Queens Park Rangers,1,2,3b,3,3,-1,0
1928,Newport County,AFC Bournemouth,0,2,3b,3,2,-2,0
1928,Newport County,Bristol Rovers,2,0,3b,3,2,2,1
1928,Newport County,Gillingham,5,0,3b,3,5,5,1
1928,Newport County,Northampton Town,0,3,3b,3,3,-3,0
1928,Northampton Town,Bristol Rovers,3,1,3b,3,4,2,1
1928,Northampton Town,Gillingham,1,0,3b,3,1,1,1
1928,Northampton Town,Newport County,7,0,3b,3,7,7,1
1928,Norwich City,AFC Bournemouth,5,1,3b,3,6,4,1
1928,Norwich City,Bristol Rovers,2,1,3b,3,3,1,1
1928,Norwich City,Gillingham,1,2,3b,3,3,-1,0
1928,Norwich City,Newport County,3,1,3b,3,4,2,1
1928,Norwich City,Torquay United,3,0,3b,3,3,3,1
1928,Plymouth Argyle,AFC Bournemouth,2,0,3b,3,2,2,1
1928,Plymouth Argyle,Crystal Palace,1,1,3b,3,2,0,0
1928,Plymouth Argyle,Gillingham,3,0,3b,3,3,3,1
1928,Plymouth Argyle,Torquay United,4,0,3b,3,4,4,1
1928,Queens Park Rangers,AFC Bournemouth,0,0,3b,3,0,0,0
1928,Queens Park Rangers,Crystal Palace,1,1,3b,3,2,0,0
1928,Queens Park Rangers,Gillingham,1,0,3b,3,1,1,1
1928,Southend United,Bristol Rovers,1,0,3b,3,1,1,1
1928,Southend United,Crystal Palace,3,0,3b,3,3,3,1
1928,Southend United,Gillingham,2,0,3b,3,2,2,1
1928,Southend United,Newport County,4,2,3b,3,6,2,1
1928,Southend United,Plymouth Argyle,1,1,3b,3,2,0,0
1928,Southend United,Torquay United,3,0,3b,3,3,3,1
1928,Swindon Town,AFC Bournemouth,3,3,3b,3,6,0,0
1928,Swindon Town,Crystal Palace,3,2,3b,3,5,1,1
1928,Swindon Town,Gillingham,2,1,3b,3,3,1,1
1928,Swindon Town,Newport County,5,2,3b,3,7,3,1
1928,Swindon Town,Plymouth Argyle,0,0,3b,3,0,0,0
1928,Swindon Town,Torquay United,1,1,3b,3,2,0,0
1928,Torquay United,AFC Bournemouth,4,1,3b,3,5,3,1
1928,Torquay United,Crystal Palace,1,2,3b,3,3,-1,0
1928,Torquay United,Gillingham,2,1,3b,3,3,1,1
1928,Torquay United,Newport County,4,1,3b,3,5,3,1
1928,Torquay United,Plymouth Argyle,2,2,3b,3,4,0,0
1928,Torquay United,Swindon Town,2,4,3b,3,6,-2,0
1928,Walsall,Gillingham,4,0,3b,3,4,4,1
1928,Walsall,Newport County,3,1,3b,3,4,2,1
1928,Watford,AFC Bournemouth,0,3,3b,3,3,-3,0
1928,Watford,Crystal Palace,3,3,3b,3,6,0,0
1928,Watford,Newport County,3,0,3b,3,3,3,1
1929,Arsenal,Aston Villa,2,4,1,1,6,-2,0
1929,Arsenal,Bolton Wanderers,1,2,1,1,3,-1,0
1929,Arsenal,Everton,4,0,1,1,4,4,1
1929,Arsenal,Newcastle United,0,1,1,1,1,-1,0
1929,Aston Villa,Manchester City,0,2,1,1,2,-2,0
1929,Aston Villa,Newcastle United,2,0,1,1,2,2,1
1929,Aston Villa,Sheffield Wednesday,1,3,1,1,4,-2,0
1929,Birmingham City,Bolton Wanderers,3,1,1,1,4,2,1
1929,Birmingham City,Everton,0,0,1,1,0,0,0
1929,Birmingham City,Leeds United,1,0,1,1,1,1,1
1929,Birmingham City,Manchester City,3,0,1,1,3,3,1
1929,Blackburn Rovers,Bolton Wanderers,3,1,1,1,4,2,1
1929,Blackburn Rovers,Leeds United,2,1,1,1,3,1,1
1929,Blackburn Rovers,Newcastle United,4,2,1,1,6,2,1
1929,Bolton Wanderers,Arsenal,0,0,1,1,0,0,0
1929,Bolton Wanderers,Everton,5,0,1,1,5,5,1
1929,Bolton Wanderers,Manchester City,1,2,1,1,3,-1,0
1929,Bolton Wanderers,Newcastle United,1,1,1,1,2,0,0
1929,Bolton Wanderers,Sheffield Wednesday,1,3,1,1,4,-2,0
1929,Burnley,Arsenal,2,2,1,1,4,0,0
1929,Burnley,Blackburn Rovers,3,2,1,1,5,1,1
1929,Burnley,Leeds United,0,3,1,1,3,-3,0
1929,Derby County,Arsenal,4,1,1,1,5,3,1
1929,Derby County,Newcastle United,3,1,1,1,4,2,1
1929,Everton,Arsenal,1,1,1,1,2,0,0
1929,Everton,Blackburn Rovers,2,2,1,1,4,0,0
1929,Everton,Newcastle United,5,2,1,1,7,3,1
1929,Grimsby Town,Arsenal,1,1,1,1,2,0,0
1929,Grimsby Town,Manchester City,2,2,1,1,4,0,0
1929,Grimsby Town,Newcastle United,4,0,1,1,4,4,1
1929,Grimsby Town,Sheffield Wednesday,0,5,1,1,5,-5,0
1929,Huddersfield Town,Leeds United,1,0,1,1,1,1,1
1929,Leeds United,Arsenal,2,0,1,1,2,2,1
1929,Leeds United,Blackburn Rovers,4,2,1,1,6,2,1
1929,Leeds United,Huddersfield Town,0,1,1,1,1,-1,0
1929,Leeds United,Newcastle United,5,2,1,1,7,3,1
1929,Leicester City,Arsenal,6,6,1,1,12,0,0
1929,Leicester City,Blackburn Rovers,1,1,1,1,2,0,0
1929,Leicester City,Huddersfield Town,1,2,1,1,3,-1,0
1929,Leicester City,Manchester City,3,1,1,1,4,2,1
1929,Leicester City,Newcastle United,6,1,1,1,7,5,1
1929,Leicester City,Sheffield Wednesday,2,1,1,1,3,1,1
1929,Liverpool,Arsenal,1,0,1,1,1,1,1
1929,Liverpool,Huddersfield Town,3,0,1,1,3,3,1
1929,Liverpool,Newcastle United,0,0,1,1,0,0,0
1929,Manchester City,Arsenal,3,1,1,1,4,2,1
1929,Manchester City,Blackburn Rovers,1,1,1,1,2,0,0
1929,Manchester City,Derby County,3,0,1,1,3,3,1
1929,Manchester United,Arsenal,1,0,1,1,1,1,1
1929,Manchester United,Blackburn Rovers,1,0,1,1,1,1,1
1929,Manchester United,Derby County,3,2,1,1,5,1,1
1929,Manchester United,Huddersfield Town,1,0,1,1,1,1,1
1929,Manchester United,Liverpool,1,2,1,1,3,-1,0
1929,Manchester United,Sheffield Wednesday,2,2,1,1,4,0,0
1929,Middlesbrough,Arsenal,1,1,1,1,2,0,0
1929,Middlesbrough,Blackburn Rovers,2,4,1,1,6,-2,0
1929,Middlesbrough,Derby County,4,0,1,1,4,4,1
1929,Middlesbrough,Huddersfield Town,1,3,1,1,4,-2,0
1929,Newcastle United,Huddersfield Town,5,2,1,1,7,3,1
1929,Newcastle United,Liverpool,3,1,1,1,4,2,1
1929,Newcastle United,Sheffield Wednesday,1,3,1,1,4,-2,0
1929,Portsmouth,Arsenal,0,1,1,1,1,-1,0
1929,Portsmouth,Blackburn Rovers,4,0,1,1,4,4,1
1929,Portsmouth,Liverpool,3,3,1,1,6,0,0
1929,Portsmouth,Middlesbrough,1,1,1,1,2,0,0
1929,Portsmouth,Sheffield Wednesday,0,4,1,1,4,-4,0
1929,Sheffield United,Arsenal,4,1,1,1,5,3,1
1929,Sheffield United,Blackburn Rovers,5,7,1,1,12,-2,0
1929,Sheffield United,Derby County,2,0,1,1,2,2,1
1929,Sheffield United,Liverpool,4,0,1,1,4,4,1
1929,Sheffield United,Middlesbrough,1,3,1,1,4,-2,0
1929,Sheffield United,Sheffield Wednesday,2,2,1,1,4,0,0
1929,Sheffield Wednesday,Blackburn Rovers,4,0,1,1,4,4,1
1929,Sheffield Wednesday,Derby County,6,3,1,1,9,3,1
1929,Sheffield Wednesday,Huddersfield Town,3,1,1,1,4,2,1
1929,Sheffield Wednesday,Liverpool,2,1,1,1,3,1,1
1929,Sunderland,Arsenal,0,1,1,1,1,-1,0
1929,Sunderland,Blackburn Rovers,3,1,1,1,4,2,1
1929,Sunderland,Derby County,3,1,1,1,4,2,1
1929,Sunderland,Huddersfield Town,1,0,1,1,1,1,1
1929,Sunderland,Liverpool,2,3,1,1,5,-1,0
1929,Sunderland,Middlesbrough,3,2,1,1,5,1,1
1929,West Ham United,Blackburn Rovers,2,3,1,1,5,-1,0
1929,West Ham United,Derby County,2,0,1,1,2,2,1
1929,Barnsley,Blackpool,2,4,2,2,6,-2,0
1929,Barnsley,Charlton Athletic,2,0,2,2,2,2,1
1929,Barnsley,Tottenham Hotspur,2,0,2,2,2,2,1
1929,Blackpool,Millwall,4,3,2,2,7,1,1
1929,Blackpool,Southampton,5,1,2,2,6,4,1
1929,Blackpool,Tottenham Hotspur,3,2,2,2,5,1,1
1929,Bradford City,Barnsley,0,1,2,2,1,-1,0
1929,Bradford City,Oldham Athletic,2,4,2,2,6,-2,0
1929,Bradford City,Southampton,2,5,2,2,7,-3,0
1929,Bradford Park Avenue,Oldham Athletic,2,2,2,2,4,0,0
1929,Bristol City,Bradford Park Avenue,0,0,2,2,0,0,0
1929,Bristol City,Millwall,1,0,2,2,1,1,1
1929,Bristol City,Oldham Athletic,0,4,2,2,4,-4,0
1929,Bristol City,Tottenham Hotspur,1,0,2,2,1,1,1
1929,Bury,Charlton Athletic,2,2,2,2,4,0,0
1929,Bury,Southampton,4,2,2,2,6,2,1
1929,Bury,Tottenham Hotspur,2,1,2,2,3,1,1
1929,Cardiff City,Bradford Park Avenue,2,0,2,2,2,2,1
1929,Cardiff City,Millwall,3,1,2,2,4,2,1
1929,Cardiff City,Oldham Athletic,5,0,2,2,5,5,1
1929,Cardiff City,Southampton,5,2,2,2,7,3,1
1929,Cardiff City,Tottenham Hotspur,1,0,2,2,1,1,1
1929,Charlton Athletic,Millwall,1,1,2,2,2,0,0
1929,Charlton Athletic,Southampton,4,1,2,2,5,3,1
1929,Chelsea,Cardiff City,1,0,2,2,1,1,1
1929,Chelsea,Millwall,3,0,2,2,3,3,1
1929,Chelsea,Tottenham Hotspur,3,0,2,2,3,3,1
1929,Hull City,Cardiff City,2,2,2,2,4,0,0
1929,Hull City,Oldham Athletic,1,0,2,2,1,1,1
1929,Millwall,Bradford Park Avenue,1,2,2,2,3,-1,0
1929,Millwall,Oldham Athletic,2,1,2,2,3,1,1
1929,Millwall,Southampton,1,1,2,2,2,0,0
1929,Millwall,Tottenham Hotspur,2,5,2,2,7,-3,0
1929,Nottingham Forest,Bradford Park Avenue,1,1,2,2,2,0,0
1929,Nottingham Forest,Cardiff City,3,1,2,2,4,2,1
1929,Nottingham Forest,Hull City,2,1,2,2,3,1,1
1929,Nottingham Forest,Oldham Athletic,1,2,2,2,3,-1,0
1929,Nottingham Forest,Southampton,0,5,2,2,5,-5,0
1929,Notts County,Oldham Athletic,1,1,2,2,2,0,0
1929,Notts County,Southampton,1,2,2,2,3,-1,0
1929,Oldham Athletic,Bradford Park Avenue,5,1,2,2,6,4,1
1929,Oldham Athletic,Cardiff City,4,1,2,2,5,3,1
1929,Oldham Athletic,Hull City,3,1,2,2,4,2,1
1929,Oldham Athletic,Tottenham Hotspur,2,0,2,2,2,2,1
1929,Preston North End,Barnsley,3,1,2,2,4,2,1
1929,Preston North End,Cardiff City,2,3,2,2,5,-1,0
1929,Preston North End,Hull City,1,2,2,2,3,-1,0
1929,Preston North End,Southampton,1,1,2,2,2,0,0
1929,Preston North End,Tottenham Hotspur,4,0,2,2,4,4,1
1929,Reading,Barnsley,1,0,2,2,1,1,1
1929,Reading,Bradford Park Avenue,1,0,2,2,1,1,1
1929,Reading,Notts County,2,0,2,2,2,2,1
1929,Reading,Southampton,1,1,2,2,2,0,0
1929,Southampton,Bradford Park Avenue,2,2,2,2,4,0,0
1929,Southampton,Hull City,2,2,2,2,4,0,0
1929,Stoke City,Bradford Park Avenue,2,1,2,2,3,1,1
1929,Stoke City,Reading,2,2,2,2,4,0,0
1929,Swansea City,Barnsley,0,2,2,2,2,-2,0
1929,Swansea City,Cardiff City,1,0,2,2,1,1,1
1929,Swansea City,Notts County,3,2,2,2,5,1,1
1929,Swansea City,Tottenham Hotspur,0,1,2,2,1,-1,0
1929,Tottenham Hotspur,Barnsley,2,1,2,2,3,1,1
1929,Tottenham Hotspur,Bradford Park Avenue,1,1,2,2,2,0,0
1929,West Bromwich Albion,Barnsley,4,2,2,2,6,2,1
1929,West Bromwich Albion,Cardiff City,0,2,2,2,2,-2,0
1929,West Bromwich Albion,Notts County,4,2,2,2,6,2,1
1929,Wolverhampton Wanderers,Barnsley,3,0,2,2,3,3,1
1929,Wolverhampton Wanderers,Hull City,4,2,2,2,6,2,1
1929,Wolverhampton Wanderers,Notts County,5,1,2,2,6,4,1
1929,Wolverhampton Wanderers,Reading,2,1,2,2,3,1,1
1929,Wolverhampton Wanderers,Swansea City,4,1,2,2,5,3,1
1929,Accrington Stanley,Barrow,3,1,3a,3,4,2,1
1929,Accrington Stanley,Crewe Alexandra,0,3,3a,3,3,-3,0
1929,Accrington Stanley,Halifax Town,7,1,3a,3,8,6,1
1929,Accrington Stanley,Southport,1,1,3a,3,2,0,0
1929,Barrow,Halifax Town,0,4,3a,3,4,-4,0
1929,Barrow,Nelson,0,2,3a,3,2,-2,0
1929,Barrow,Rochdale,2,0,3a,3,2,2,1
1929,Carlisle United,Accrington Stanley,2,1,3a,3,3,1,1
1929,Carlisle United,Crewe Alexandra,2,0,3a,3,2,2,1
1929,Carlisle United,Halifax Town,2,0,3a,3,2,2,1
1929,Carlisle United,Rochdale,2,0,3a,3,2,2,1
1929,Chesterfield,Accrington Stanley,4,2,3a,3,6,2,1
1929,Chesterfield,Crewe Alexandra,5,1,3a,3,6,4,1
1929,Chesterfield,Halifax Town,2,0,3a,3,2,2,1
1929,Chesterfield,Rochdale,2,0,3a,3,2,2,1
1929,Chesterfield,Southport,2,0,3a,3,2,2,1
1929,Chesterfield,Wigan Borough,5,0,3a,3,5,5,1
1929,Crewe Alexandra,Accrington Stanley,2,1,3a,3,3,1,1
1929,Crewe Alexandra,Southport,5,4,3a,3,9,1,1
1929,Crewe Alexandra,Wigan Borough,2,1,3a,3,3,1,1
1929,Darlington,Rochdale,3,0,3a,3,3,3,1
1929,Darlington,Wigan Borough,2,0,3a,3,2,2,1
1929,Doncaster Rovers,Rochdale,3,1,3a,3,4,2,1
1929,Halifax Town,Chesterfield,3,2,3a,3,5,1,1
1929,Halifax Town,Nelson,1,1,3a,3,2,0,0
1929,Hartlepool United,Chesterfield,0,0,3a,3,0,0,0
1929,Hartlepool United,Southport,1,1,3a,3,2,0,0
1929,Lincoln City,Chesterfield,2,1,3a,3,3,1,1
1929,Nelson,Lincoln City,0,0,3a,3,0,0,0
1929,Nelson,Rochdale,1,0,3a,3,1,1,1
1929,Nelson,Southport,2,2,3a,3,4,0,0
1929,Nelson,Wigan Borough,1,3,3a,3,4,-2,0
1929,New Brighton,Chesterfield,1,1,3a,3,2,0,0
1929,New Brighton,Doncaster Rovers,1,0,3a,3,1,1,1
1929,New Brighton,Lincoln City,1,4,3a,3,5,-3,0
1929,New Brighton,Southport,1,3,3a,3,4,-2,0
1929,New Brighton,Wigan Borough,5,0,3a,3,5,5,1
1929,Port Vale,Chesterfield,4,1,3a,3,5,3,1
1929,Port Vale,Doncaster Rovers,2,1,3a,3,3,1,1
1929,Port Vale,Lincoln City,5,2,3a,3,7,3,1
1929,Port Vale,Southport,1,0,3a,3,1,1,1
1929,Rochdale,Doncaster Rovers,2,4,3a,3,6,-2,0
1929,Rochdale,Lincoln City,3,4,3a,3,7,-1,0
1929,Rochdale,Port Vale,0,0,3a,3,0,0,0
1929,Rochdale,Southport,2,2,3a,3,4,0,0
1929,Rochdale,Wigan Borough,2,1,3a,3,3,1,1
1929,Rotherham United,Lincoln City,1,0,3a,3,1,1,1
1929,South Shields,Doncaster Rovers,2,1,3a,3,3,1,1
1929,South Shields,Port Vale,0,0,3a,3,0,0,0
1929,Southport,Accrington Stanley,2,0,3a,3,2,2,1
1929,Southport,Lincoln City,3,2,3a,3,5,1,1
1929,Southport,Port Vale,1,2,3a,3,3,-1,0
1929,Southport,Wigan Borough,1,1,3a,3,2,0,0
1929,Stockport County,Accrington Stanley,1,0,3a,3,1,1,1
1929,Stockport County,Doncaster Rovers,3,0,3a,3,3,3,1
1929,Stockport County,Lincoln City,1,1,3a,3,2,0,0
1929,Stockport County,South Shields,2,0,3a,3,2,2,1
1929,Tranmere Rovers,Chesterfield,1,2,3a,3,3,-1,0
1929,Wigan Borough,Accrington Stanley,2,1,3a,3,3,1,1
1929,Wigan Borough,Chesterfield,2,1,3a,3,3,1,1
1929,Wigan Borough,Doncaster Rovers,3,2,3a,3,5,1,1
1929,Wigan Borough,Lincoln City,4,1,3a,3,5,3,1
1929,Wigan Borough,South Shields,1,1,3a,3,2,0,0
1929,Wigan Borough,Tranmere Rovers,0,2,3a,3,2,-2,0
1929,Wrexham,Accrington Stanley,0,1,3a,3,1,-1,0
1929,Wrexham,Chesterfield,1,1,3a,3,2,0,0
1929,Wrexham,South Shields,1,3,3a,3,4,-2,0
1929,York City,Doncaster Rovers,2,2,3a,3,4,0,0
1929,York City,Port Vale,0,2,3a,3,2,-2,0
1929,York City,South Shields,2,2,3a,3,4,0,0
1929,AFC Bournemouth,Coventry City,1,0,3b,3,1,1,1
1929,AFC Bournemouth,Luton Town,5,1,3b,3,6,4,1
1929,AFC Bournemouth,Queens Park Rangers,0,0,3b,3,0,0,0
1929,Brentford,Coventry City,3,1,3b,3,4,2,1
1929,Brentford,Fulham,5,1,3b,3,6,4,1
1929,Brentford,Luton Town,2,0,3b,3,2,2,1
1929,Brentford,Queens Park Rangers,3,0,3b,3,3,3,1
1929,Brentford,Torquay United,5,0,3b,3,5,5,1
1929,Brighton & Hove Albion,AFC Bournemouth,4,3,3b,3,7,1,1
1929,Brighton & Hove Albion,Coventry City,1,1,3b,3,2,0,0
1929,Brighton & Hove Albion,Fulham,5,0,3b,3,5,5,1
1929,Brighton & Hove Albion,Northampton Town,2,1,3b,3,3,1,1
1929,Brighton & Hove Albion,Queens Park Rangers,2,3,3b,3,5,-1,0
1929,Bristol Rovers,AFC Bournemouth,2,1,3b,3,3,1,1
1929,Bristol Rovers,Fulham,4,1,3b,3,5,3,1
1929,Bristol Rovers,Luton Town,2,2,3b,3,4,0,0
1929,Coventry City,Bristol Rovers,1,0,3b,3,1,1,1
1929,Coventry City,Fulham,3,1,3b,3,4,2,1
1929,Coventry City,Luton Town,5,1,3b,3,6,4,1
1929,Coventry City,Northampton Town,2,2,3b,3,4,0,0
1929,Coventry City,Torquay United,4,1,3b,3,5,3,1
1929,Crystal Palace,Bristol Rovers,3,0,3b,3,3,3,1
1929,Crystal Palace,Fulham,4,3,3b,3,7,1,1
1929,Crystal Palace,Luton Town,4,1,3b,3,5,3,1
1929,Crystal Palace,Queens Park Rangers,1,1,3b,3,2,0,0
1929,Exeter City,AFC Bournemouth,1,2,3b,3,3,-1,0
1929,Exeter City,Bristol Rovers,5,2,3b,3,7,3,1
1929,Exeter City,Northampton Town,6,4,3b,3,10,2,1
1929,Exeter City,Queens Park Rangers,0,2,3b,3,2,-2,0
1929,Exeter City,Torquay United,0,0,3b,3,0,0,0
1929,Fulham,Bristol Rovers,6,2,3b,3,8,4,1
1929,Fulham,Exeter City,2,2,3b,3,4,0,0
1929,Fulham,Luton Town,1,1,3b,3,2,0,0
1929,Fulham,Northampton Town,1,0,3b,3,1,1,1
1929,Fulham,Torquay United,1,0,3b,3,1,1,1
1929,Gillingham,AFC Bournemouth,1,5,3b,3,6,-4,0
1929,Gillingham,Bristol Rovers,3,3,3b,3,6,0,0
1929,Gillingham,Torquay United,0,2,3b,3,2,-2,0
1929,Leyton Orient,Exeter City,3,0,3b,3,3,3,1
1929,Leyton Orient,Queens Park Rangers,2,4,3b,3,6,-2,0
1929,Luton Town,AFC Bournemouth,1,0,3b,3,1,1,1
1929,Luton Town,Exeter City,0,4,3b,3,4,-4,0
1929,Luton Town,Leyton Orient,1,2,3b,3,3,-1,0
1929,Luton Town,Torquay United,3,1,3b,3,4,2,1
1929,Merthyr Town,Bristol Rovers,1,1,3b,3,2,0,0
1929,Merthyr Town,Leyton Orient,0,1,3b,3,1,-1,0
1929,Merthyr Town,Queens Park Rangers,1,4,3b,3,5,-3,0
1929,Newport County,AFC Bournemouth,1,1,3b,3,2,0,0
1929,Newport County,Exeter City,4,1,3b,3,5,3,1
1929,Newport County,Leyton Orient,0,0,3b,3,0,0,0
1929,Newport County,Torquay United,2,1,3b,3,3,1,1
1929,Northampton Town,Leyton Orient,3,0,3b,3,3,3,1
1929,Northampton Town,Queens Park Rangers,2,1,3b,3,3,1,1
1929,Northampton Town,Torquay United,2,2,3b,3,4,0,0
1929,Norwich City,AFC Bournemouth,1,0,3b,3,1,1,1
1929,Norwich City,Bristol Rovers,4,2,3b,3,6,2,1
1929,Norwich City,Leyton Orient,1,0,3b,3,1,1,1
1929,Norwich City,Newport County,4,1,3b,3,5,3,1
1929,Norwich City,Torquay United,2,0,3b,3,2,2,1
1929,Plymouth Argyle,Bristol Rovers,3,0,3b,3,3,3,1
1929,Plymouth Argyle,Newport County,3,1,3b,3,4,2,1
1929,Plymouth Argyle,Torquay United,5,0,3b,3,5,5,1
1929,Queens Park Rangers,AFC Bournemouth,3,1,3b,3,4,2,1
1929,Queens Park Rangers,Exeter City,2,0,3b,3,2,2,1
1929,Queens Park Rangers,Plymouth Argyle,1,2,3b,3,3,-1,0
1929,Southend United,AFC Bournemouth,4,1,3b,3,5,3,1
1929,Southend United,Exeter City,1,0,3b,3,1,1,1
1929,Southend United,Newport County,2,1,3b,3,3,1,1
1929,Southend United,Plymouth Argyle,1,1,3b,3,2,0,0
1929,Southend United,Torquay United,1,1,3b,3,2,0,0
1929,Swindon Town,Exeter City,1,0,3b,3,1,1,1
1929,Swindon Town,Plymouth Argyle,1,2,3b,3,3,-1,0
1929,Swindon Town,Torquay United,2,1,3b,3,3,1,1
1929,Torquay United,Exeter City,2,1,3b,3,3,1,1
1929,Torquay United,Plymouth Argyle,3,4,3b,3,7,-1,0
1929,Walsall,AFC Bournemouth,2,2,3b,3,4,0,0
1929,Walsall,Exeter City,5,2,3b,3,7,3,1
1929,Walsall,Leyton Orient,0,1,3b,3,1,-1,0
1929,Walsall,Plymouth Argyle,1,3,3b,3,4,-2,0
1929,Walsall,Swindon Town,4,0,3b,3,4,4,1
1929,Watford,Exeter City,2,1,3b,3,3,1,1
1929,Watford,Leyton Orient,3,0,3b,3,3,3,1
1929,Watford,Newport County,2,3,3b,3,5,-1,0
1929,Watford,Plymouth Argyle,0,2,3b,3,2,-2,0
1929,Watford,Swindon Town,4,1,3b,3,5,3,1
1930,Arsenal,Blackpool,7,1,1,1,8,6,1
1930,Arsenal,Derby County,6,3,1,1,9,3,1
1930,Arsenal,Manchester City,3,1,1,1,4,2,1
1930,Arsenal,Newcastle United,1,2,1,1,3,-1,0
1930,Arsenal,Sheffield Wednesday,2,0,1,1,2,2,1
1930,Aston Villa,Arsenal,5,1,1,1,6,4,1
1930,Aston Villa,Blackpool,4,1,1,1,5,3,1
1930,Aston Villa,Manchester City,4,2,1,1,6,2,1
1930,Birmingham City,Blackpool,1,1,1,1,2,0,0
1930,Birmingham City,Derby County,1,2,1,1,3,-1,0
1930,Birmingham City,Newcastle United,1,1,1,1,2,0,0
1930,Blackburn Rovers,Arsenal,2,2,1,1,4,0,0
1930,Blackburn Rovers,Derby County,1,0,1,1,1,1,1
1930,Blackburn Rovers,Leeds United,3,1,1,1,4,2,1
1930,Blackburn Rovers,Manchester City,0,1,1,1,1,-1,0
1930,Blackpool,Arsenal,1,4,1,1,5,-3,0
1930,Blackpool,Blackburn Rovers,1,1,1,1,2,0,0
1930,Blackpool,Sheffield Wednesday,0,4,1,1,4,-4,0
1930,Bolton Wanderers,Arsenal,1,4,1,1,5,-3,0
1930,Bolton Wanderers,Blackburn Rovers,1,1,1,1,2,0,0
1930,Bolton Wanderers,Derby County,1,2,1,1,3,-1,0
1930,Bolton Wanderers,Leeds United,2,0,1,1,2,2,1
1930,Bolton Wanderers,Manchester City,1,1,1,1,2,0,0
1930,Bolton Wanderers,Sheffield Wednesday,2,2,1,1,4,0,0
1930,Chelsea,Arsenal,1,5,1,1,6,-4,0
1930,Chelsea,Leeds United,1,0,1,1,1,1,1
1930,Chelsea,Newcastle United,1,1,1,1,2,0,0
1930,Derby County,Chelsea,6,2,1,1,8,4,1
1930,Derby County,Manchester City,1,1,1,1,2,0,0
1930,Derby County,Newcastle United,1,5,1,1,6,-4,0
1930,Grimsby Town,Arsenal,0,1,1,1,1,-1,0
1930,Grimsby Town,Blackburn Rovers,2,0,1,1,2,2,1
1930,Grimsby Town,Chelsea,0,1,1,1,1,-1,0
1930,Grimsby Town,Manchester City,3,5,1,1,8,-2,0
1930,Grimsby Town,Sheffield Wednesday,2,3,1,1,5,-1,0
1930,Huddersfield Town,Arsenal,1,1,1,1,2,0,0
1930,Huddersfield Town,Blackburn Rovers,1,1,1,1,2,0,0
1930,Huddersfield Town,Manchester City,1,1,1,1,2,0,0
1930,Leeds United,Blackburn Rovers,4,2,1,1,6,2,1
1930,Leeds United,Chelsea,2,3,1,1,5,-1,0
1930,Leeds United,Huddersfield Town,1,2,1,1,3,-1,0
1930,Leeds United,Manchester City,4,2,1,1,6,2,1
1930,Leeds United,Newcastle United,1,0,1,1,1,1,1
1930,Leicester City,Chelsea,2,1,1,1,3,1,1
1930,Leicester City,Newcastle United,3,1,1,1,4,2,1
1930,Leicester City,Sheffield Wednesday,2,5,1,1,7,-3,0
1930,Liverpool,Blackburn Rovers,2,1,1,1,3,1,1
1930,Liverpool,Huddersfield Town,1,4,1,1,5,-3,0
1930,Liverpool,Manchester City,0,2,1,1,2,-2,0
1930,Manchester City,Huddersfield Town,0,1,1,1,1,-1,0
1930,Manchester City,Liverpool,1,1,1,1,2,0,0
1930,Manchester City,Sheffield Wednesday,2,0,1,1,2,2,1
1930,Manchester United,Arsenal,1,2,1,1,3,-1,0
1930,Manchester United,Chelsea,1,0,1,1,1,1,1
1930,Manchester United,Newcastle United,4,7,1,1,11,-3,0
1930,Middlesbrough,Arsenal,2,5,1,1,7,-3,0
1930,Middlesbrough,Newcastle United,3,1,1,1,4,2,1
1930,Middlesbrough,Sheffield Wednesday,2,0,1,1,2,2,1
1930,Newcastle United,Arsenal,1,3,1,1,4,-2,0
1930,Newcastle United,Huddersfield Town,1,1,1,1,2,0,0
1930,Portsmouth,Arsenal,1,1,1,1,2,0,0
1930,Portsmouth,Blackburn Rovers,3,0,1,1,3,3,1
1930,Portsmouth,Huddersfield Town,2,2,1,1,4,0,0
1930,Portsmouth,Liverpool,4,0,1,1,4,4,1
1930,Portsmouth,Middlesbrough,1,0,1,1,1,1,1
1930,Portsmouth,Sheffield Wednesday,2,4,1,1,6,-2,0
1930,Sheffield United,Chelsea,4,0,1,1,4,4,1
1930,Sheffield United,Huddersfield Town,0,2,1,1,2,-2,0
1930,Sheffield United,Liverpool,4,1,1,1,5,3,1
1930,Sheffield United,Middlesbrough,4,2,1,1,6,2,1
1930,Sheffield Wednesday,Huddersfield Town,2,1,1,1,3,1,1
1930,Sheffield Wednesday,Liverpool,3,5,1,1,8,-2,0
1930,Sheffield Wednesday,Middlesbrough,3,2,1,1,5,1,1
1930,Sheffield Wednesday,Sheffield United,1,3,1,1,4,-2,0
1930,Sunderland,Blackburn Rovers,8,2,1,1,10,6,1
1930,Sunderland,Chelsea,2,0,1,1,2,2,1
1930,Sunderland,Middlesbrough,1,1,1,1,2,0,0
1930,Sunderland,Sheffield United,2,1,1,1,3,1,1
1930,West Ham United,Blackburn Rovers,4,3,1,1,7,1,1
1930,West Ham United,Chelsea,4,1,1,1,5,3,1
1930,Barnsley,Nottingham Forest,3,1,2,2,4,2,1
1930,Barnsley,Southampton,3,1,2,2,4,2,1
1930,Barnsley,Tottenham Hotspur,0,1,2,2,1,-1,0
1930,Bradford City,Barnsley,1,0,2,2,1,1,1
1930,Bradford City,Burnley,2,3,2,2,5,-1,0
1930,Bradford City,Charlton Athletic,3,2,2,2,5,1,1
1930,Bradford City,Port Vale,2,1,2,2,3,1,1
1930,Bradford Park Avenue,Barnsley,1,0,2,2,1,1,1
1930,Bradford Park Avenue,Port Vale,5,1,2,2,6,4,1
1930,Bristol City,Burnley,1,1,2,2,2,0,0
1930,Bristol City,Port Vale,1,1,2,2,2,0,0
1930,Burnley,Bristol City,4,2,2,2,6,2,1
1930,Burnley,Port Vale,1,2,2,2,3,-1,0
1930,Burnley,Southampton,3,2,2,2,5,1,1
1930,Burnley,Tottenham Hotspur,1,0,2,2,1,1,1
1930,Bury,Bristol City,6,0,2,2,6,6,1
1930,Bury,Charlton Athletic,0,1,2,2,1,-1,0
1930,Cardiff City,Charlton Athletic,0,2,2,2,2,-2,0
1930,Charlton Athletic,Bristol City,0,0,2,2,0,0,0
1930,Charlton Athletic,Southampton,3,1,2,2,4,2,1
1930,Everton,Barnsley,5,2,2,2,7,3,1
1930,Millwall,Bristol City,2,0,2,2,2,2,1
1930,Millwall,Southampton,1,0,2,2,1,1,1
1930,Nottingham Forest,Barnsley,3,3,2,2,6,0,0
1930,Nottingham Forest,Bristol City,6,1,2,2,7,5,1
1930,Nottingham Forest,Cardiff City,3,1,2,2,4,2,1
1930,Nottingham Forest,Millwall,2,1,2,2,3,1,1
1930,Nottingham Forest,Port Vale,1,0,2,2,1,1,1
1930,Nottingham Forest,Tottenham Hotspur,2,2,2,2,4,0,0
1930,Oldham Athletic,Barnsley,0,0,2,2,0,0,0
1930,Oldham Athletic,Cardiff City,4,2,2,2,6,2,1
1930,Oldham Athletic,Millwall,3,1,2,2,4,2,1
1930,Oldham Athletic,Port Vale,3,3,2,2,6,0,0
1930,Oldham Athletic,Southampton,2,1,2,2,3,1,1
1930,Oldham Athletic,Tottenham Hotspur,1,2,2,2,3,-1,0
1930,Plymouth Argyle,Cardiff City,5,1,2,2,6,4,1
1930,Plymouth Argyle,Tottenham Hotspur,2,0,2,2,2,2,1
1930,Port Vale,Cardiff City,2,0,2,2,2,2,1
1930,Port Vale,Plymouth Argyle,2,1,2,2,3,1,1
1930,Port Vale,Tottenham Hotspur,3,0,2,2,3,3,1
1930,Preston North End,Bristol City,2,2,2,2,4,0,0
1930,Preston North End,Millwall,1,3,2,2,4,-2,0
1930,Preston North End,Plymouth Argyle,2,1,2,2,3,1,1
1930,Preston North End,Southampton,5,0,2,2,5,5,1
1930,Reading,Barnsley,6,1,2,2,7,5,1
1930,Reading,Bristol City,4,1,2,2,5,3,1
1930,Reading,Plymouth Argyle,1,2,2,2,3,-1,0
1930,Reading,Southampton,1,1,2,2,2,0,0
1930,Reading,Tottenham Hotspur,1,2,2,2,3,-1,0
1930,Southampton,Cardiff City,0,1,2,2,1,-1,0
1930,Southampton,Millwall,3,1,2,2,4,2,1
1930,Southampton,Reading,3,2,2,2,5,1,1
1930,Southampton,Tottenham Hotspur,0,3,2,2,3,-3,0
1930,Stoke City,Barnsley,0,0,2,2,0,0,0
1930,Stoke City,Bristol City,3,1,2,2,4,2,1
1930,Stoke City,Plymouth Argyle,0,0,2,2,0,0,0
1930,Stoke City,Reading,2,1,2,2,3,1,1
1930,Swansea City,Bristol City,5,2,2,2,7,3,1
1930,Swansea City,Millwall,4,1,2,2,5,3,1
1930,Swansea City,Reading,2,1,2,2,3,1,1
1930,Swansea City,Tottenham Hotspur,1,2,2,2,3,-1,0
1930,Tottenham Hotspur,Barnsley,4,2,2,2,6,2,1
1930,Tottenham Hotspur,Bristol City,4,1,2,2,5,3,1
1930,Tottenham Hotspur,Reading,7,1,2,2,8,6,1
1930,Tottenham Hotspur,Swansea City,1,1,2,2,2,0,0
1930,West Bromwich Albion,Barnsley,5,0,2,2,5,5,1
1930,West Bromwich Albion,Bristol City,3,0,2,2,3,3,1
1930,West Bromwich Albion,Cardiff City,3,2,2,2,5,1,1
1930,West Bromwich Albion,Plymouth Argyle,1,2,2,2,3,-1,0
1930,Wolverhampton Wanderers,Bristol City,0,1,2,2,1,-1,0
1930,Wolverhampton Wanderers,Plymouth Argyle,4,3,2,2,7,1,1
1930,Wolverhampton Wanderers,Reading,3,1,2,2,4,2,1
1930,Wolverhampton Wanderers,Swansea City,3,1,2,2,4,2,1
1930,Accrington Stanley,Crewe Alexandra,3,1,3a,3,4,2,1
1930,Accrington Stanley,Hull City,1,3,3a,3,4,-2,0
1930,Accrington Stanley,New Brighton,3,0,3a,3,3,3,1
1930,Barrow,Gateshead,0,0,3a,3,0,0,0
1930,Barrow,Hull City,3,0,3a,3,3,3,1
1930,Barrow,New Brighton,4,1,3a,3,5,3,1
1930,Barrow,Wigan Borough,4,1,3a,3,5,3,1
1930,Carlisle United,Accrington Stanley,7,3,3a,3,10,4,1
1930,Carlisle United,Southport,4,3,3a,3,7,1,1
1930,Chesterfield,Crewe Alexandra,2,0,3a,3,2,2,1
1930,Chesterfield,Gateshead,8,1,3a,3,9,7,1
1930,Chesterfield,Hull City,0,4,3a,3,4,-4,0
1930,Chesterfield,New Brighton,1,0,3a,3,1,1,1
1930,Crewe Alexandra,Accrington Stanley,2,1,3a,3,3,1,1
1930,Crewe Alexandra,New Brighton,1,3,3a,3,4,-2,0
1930,Crewe Alexandra,Southport,0,0,3a,3,0,0,0
1930,Crewe Alexandra,Wigan Borough,3,2,3a,3,5,1,1
1930,Darlington,Chesterfield,5,1,3a,3,6,4,1
1930,Doncaster Rovers,Gateshead,1,1,3a,3,2,0,0
1930,Doncaster Rovers,New Brighton,0,0,3a,3,0,0,0
1930,Doncaster Rovers,Wigan Borough,5,1,3a,3,6,4,1
1930,Gateshead,Accrington Stanley,4,0,3a,3,4,4,1
1930,Gateshead,New Brighton,4,0,3a,3,4,4,1
1930,Gateshead,Southport,2,3,3a,3,5,-1,0
1930,Gateshead,Wigan Borough,4,2,3a,3,6,2,1
1930,Halifax Town,Chesterfield,1,1,3a,3,2,0,0
1930,Halifax Town,New Brighton,1,0,3a,3,1,1,1
1930,Halifax Town,Wigan Borough,0,1,3a,3,1,-1,0
1930,Hartlepool United,Doncaster Rovers,0,2,3a,3,2,-2,0
1930,Hartlepool United,Southport,0,2,3a,3,2,-2,0
1930,Hartlepool United,Wigan Borough,6,1,3a,3,7,5,1
1930,Hull City,Chesterfield,3,1,3a,3,4,2,1
1930,Hull City,Doncaster Rovers,8,2,3a,3,10,6,1
1930,Hull City,Hartlepool United,5,0,3a,3,5,5,1
1930,Hull City,New Brighton,3,0,3a,3,3,3,1
1930,Lincoln City,Accrington Stanley,5,2,3a,3,7,3,1
1930,Lincoln City,Doncaster Rovers,1,0,3a,3,1,1,1
1930,Lincoln City,Hartlepool United,1,0,3a,3,1,1,1
1930,Lincoln City,Wigan Borough,2,0,3a,3,2,2,1
1930,Nelson,Accrington Stanley,4,2,3a,3,6,2,1
1930,Nelson,Chesterfield,0,5,3a,3,5,-5,0
1930,Nelson,Hartlepool United,1,1,3a,3,2,0,0
1930,Nelson,New Brighton,2,2,3a,3,4,0,0
1930,Nelson,Wigan Borough,2,1,3a,3,3,1,1
1930,New Brighton,Chesterfield,3,1,3a,3,4,2,1
1930,New Brighton,Doncaster Rovers,2,1,3a,3,3,1,1
1930,New Brighton,Hartlepool United,1,0,3a,3,1,1,1
1930,New Brighton,Nelson,2,0,3a,3,2,2,1
1930,Rochdale,Chesterfield,2,3,3a,3,5,-1,0
1930,Rochdale,Doncaster Rovers,3,5,3a,3,8,-2,0
1930,Rochdale,Hartlepool United,1,2,3a,3,3,-1,0
1930,Rochdale,Wigan Borough,0,4,3a,3,4,-4,0
1930,Rotherham United,Accrington Stanley,8,1,3a,3,9,7,1
1930,Rotherham United,Chesterfield,0,1,3a,3,1,-1,0
1930,Rotherham United,Nelson,3,0,3a,3,3,3,1
1930,Rotherham United,Southport,3,3,3a,3,6,0,0
1930,Southport,Chesterfield,3,0,3a,3,3,3,1
1930,Southport,Doncaster Rovers,2,1,3a,3,3,1,1
1930,Southport,Wigan Borough,3,1,3a,3,4,2,1
1930,Stockport County,Accrington Stanley,4,1,3a,3,5,3,1
1930,Stockport County,Chesterfield,2,1,3a,3,3,1,1
1930,Stockport County,Hartlepool United,3,1,3a,3,4,2,1
1930,Stockport County,Wigan Borough,4,1,3a,3,5,3,1
1930,Tranmere Rovers,Accrington Stanley,8,0,3a,3,8,8,1
1930,Tranmere Rovers,Chesterfield,2,0,3a,3,2,2,1
1930,Tranmere Rovers,Doncaster Rovers,1,2,3a,3,3,-1,0
1930,Tranmere Rovers,Rotherham United,4,2,3a,3,6,2,1
1930,Tranmere Rovers,Wigan Borough,5,1,3a,3,6,4,1
1930,Wigan Borough,Accrington Stanley,3,2,3a,3,5,1,1
1930,Wigan Borough,Nelson,3,1,3a,3,4,2,1
1930,Wigan Borough,Rotherham United,0,0,3a,3,0,0,0
1930,Wrexham,Accrington Stanley,6,1,3a,3,7,5,1
1930,Wrexham,Doncaster Rovers,4,1,3a,3,5,3,1
1930,Wrexham,Nelson,5,1,3a,3,6,4,1
1930,Wrexham,Rotherham United,3,2,3a,3,5,1,1
1930,York City,Doncaster Rovers,4,2,3a,3,6,2,1
1930,York City,Rotherham United,1,1,3a,3,2,0,0
1930,York City,Tranmere Rovers,3,1,3a,3,4,2,1
1930,AFC Bournemouth,Brentford,1,0,3b,3,1,1,1
1930,AFC Bournemouth,Coventry City,2,0,3b,3,2,2,1
1930,AFC Bournemouth,Fulham,2,1,3b,3,3,1,1
1930,AFC Bournemouth,Norwich City,4,1,3b,3,5,3,1
1930,AFC Bournemouth,Torquay United,2,2,3b,3,4,0,0
1930,Brentford,Coventry City,1,2,3b,3,3,-1,0
1930,Brentford,Fulham,4,1,3b,3,5,3,1
1930,Brentford,Luton Town,0,1,3b,3,1,-1,0
1930,Brentford,Norwich City,3,1,3b,3,4,2,1
1930,Brentford,Torquay United,0,0,3b,3,0,0,0
1930,Brighton & Hove Albion,AFC Bournemouth,3,1,3b,3,4,2,1
1930,Brighton & Hove Albion,Fulham,1,1,3b,3,2,0,0
1930,Brighton & Hove Albion,Southend United,1,2,3b,3,3,-1,0
1930,Brighton & Hove Albion,Torquay United,3,0,3b,3,3,3,1
1930,Bristol Rovers,Fulham,2,1,3b,3,3,1,1
1930,Coventry City,AFC Bournemouth,3,3,3b,3,6,0,0
1930,Coventry City,Bristol Rovers,5,1,3b,3,6,4,1
1930,Coventry City,Fulham,2,1,3b,3,3,1,1
1930,Crystal Palace,Bristol Rovers,0,2,3b,3,2,-2,0
1930,Crystal Palace,Fulham,5,2,3b,3,7,3,1
1930,Crystal Palace,Southend United,3,1,3b,3,4,2,1
1930,Crystal Palace,Torquay United,5,0,3b,3,5,5,1
1930,Exeter City,AFC Bournemouth,4,1,3b,3,5,3,1
1930,Exeter City,Bristol Rovers,0,3,3b,3,3,-3,0
1930,Exeter City,Fulham,3,2,3b,3,5,1,1
1930,Exeter City,Luton Town,1,1,3b,3,2,0,0
1930,Fulham,AFC Bournemouth,1,0,3b,3,1,1,1
1930,Fulham,Bristol Rovers,6,2,3b,3,8,4,1
1930,Fulham,Exeter City,4,2,3b,3,6,2,1
1930,Fulham,Luton Town,2,1,3b,3,3,1,1
1930,Fulham,Torquay United,3,0,3b,3,3,3,1
1930,Gillingham,AFC Bournemouth,0,0,3b,3,0,0,0
1930,Gillingham,Torquay United,2,3,3b,3,5,-1,0
1930,Leyton Orient,Bristol Rovers,3,1,3b,3,4,2,1
1930,Leyton Orient,Norwich City,2,0,3b,3,2,2,1
1930,Luton Town,AFC Bournemouth,2,3,3b,3,5,-1,0
1930,Luton Town,Bristol Rovers,4,1,3b,3,5,3,1
1930,Luton Town,Leyton Orient,0,1,3b,3,1,-1,0
1930,Luton Town,Norwich City,1,0,3b,3,1,1,1
1930,Luton Town,Southend United,2,1,3b,3,3,1,1
1930,Newport County,AFC Bournemouth,7,3,3b,3,10,4,1
1930,Newport County,Leyton Orient,1,1,3b,3,2,0,0
1930,Newport County,Norwich City,3,0,3b,3,3,3,1
1930,Newport County,Torquay United,2,1,3b,3,3,1,1
1930,Northampton Town,Torquay United,0,3,3b,3,3,-3,0
1930,Norwich City,Exeter City,1,2,3b,3,3,-1,0
1930,Norwich City,Northampton Town,1,1,3b,3,2,0,0
1930,Norwich City,Torquay United,3,0,3b,3,3,3,1
1930,Notts County,AFC Bournemouth,2,0,3b,3,2,2,1
1930,Notts County,Southend United,1,1,3b,3,2,0,0
1930,Notts County,Torquay United,2,0,3b,3,2,2,1
1930,Queens Park Rangers,Exeter City,7,2,3b,3,9,5,1
1930,Queens Park Rangers,Leyton Orient,4,2,3b,3,6,2,1
1930,Queens Park Rangers,Northampton Town,0,2,3b,3,2,-2,0
1930,Queens Park Rangers,Southend United,0,2,3b,3,2,-2,0
1930,Queens Park Rangers,Torquay United,1,2,3b,3,3,-1,0
1930,Southend United,AFC Bournemouth,4,0,3b,3,4,4,1
1930,Southend United,Leyton Orient,2,0,3b,3,2,2,1
1930,Southend United,Queens Park Rangers,2,0,3b,3,2,2,1
1930,Southend United,Torquay United,6,3,3b,3,9,3,1
1930,Swindon Town,Exeter City,2,1,3b,3,3,1,1
1930,Swindon Town,Leyton Orient,5,1,3b,3,6,4,1
1930,Swindon Town,Queens Park Rangers,4,1,3b,3,5,3,1
1930,Thames,AFC Bournemouth,1,4,3b,3,5,-3,0
1930,Thames,Leyton Orient,3,0,3b,3,3,3,1
1930,Thames,Northampton Town,2,1,3b,3,3,1,1
1930,Torquay United,Exeter City,0,0,3b,3,0,0,0
1930,Torquay United,Northampton Town,3,0,3b,3,3,3,1
1930,Torquay United,Queens Park Rangers,6,2,3b,3,8,4,1
1930,Torquay United,Thames,5,1,3b,3,6,4,1
1930,Walsall,Exeter City,2,1,3b,3,3,1,1
1930,Walsall,Leyton Orient,4,2,3b,3,6,2,1
1930,Walsall,Northampton Town,2,6,3b,3,8,-4,0
1930,Watford,AFC Bournemouth,2,0,3b,3,2,2,1
1930,Watford,Bristol Rovers,2,2,3b,3,4,0,0
1931,Arsenal,Aston Villa,1,1,1,1,2,0,0
1931,Arsenal,Blackpool,2,0,1,1,2,2,1
1931,Arsenal,Derby County,2,1,1,1,3,1,1
1931,Arsenal,Manchester City,4,0,1,1,4,4,1
1931,Arsenal,Portsmouth,3,3,1,1,6,0,0
1931,Arsenal,Sunderland,2,0,1,1,2,2,1
1931,Aston Villa,Arsenal,1,1,1,1,2,0,0
1931,Aston Villa,Blackpool,5,1,1,1,6,4,1
1931,Aston Villa,Derby County,2,0,1,1,2,2,1
1931,Aston Villa,Huddersfield Town,2,3,1,1,5,-1,0
1931,Aston Villa,Sunderland,2,0,1,1,2,2,1
1931,Birmingham City,Arsenal,2,2,1,1,4,0,0
1931,Birmingham City,Blackpool,3,0,1,1,3,3,1
1931,Birmingham City,Derby County,1,1,1,1,2,0,0
1931,Birmingham City,Huddersfield Town,5,0,1,1,5,5,1
1931,Birmingham City,Portsmouth,2,1,1,1,3,1,1
1931,Blackburn Rovers,Blackpool,5,1,1,1,6,4,1
1931,Blackburn Rovers,Huddersfield Town,3,0,1,1,3,3,1
1931,Blackburn Rovers,Manchester City,2,2,1,1,4,0,0
1931,Blackpool,Arsenal,1,5,1,1,6,-4,0
1931,Blackpool,Blackburn Rovers,2,1,1,1,3,1,1
1931,Blackpool,Huddersfield Town,2,0,1,1,2,2,1
1931,Blackpool,Manchester City,2,2,1,1,4,0,0
1931,Bolton Wanderers,Arsenal,1,0,1,1,1,1,1
1931,Bolton Wanderers,Derby County,1,2,1,1,3,-1,0
1931,Bolton Wanderers,Huddersfield Town,1,2,1,1,3,-1,0
1931,Bolton Wanderers,Sunderland,3,1,1,1,4,2,1
1931,Chelsea,Arsenal,2,1,1,1,3,1,1
1931,Chelsea,Blackburn Rovers,1,2,1,1,3,-1,0
1931,Chelsea,Derby County,2,1,1,1,3,1,1
1931,Chelsea,Huddersfield Town,0,1,1,1,1,-1,0
1931,Chelsea,Manchester City,3,2,1,1,5,1,1
1931,Derby County,Arsenal,1,1,1,1,2,0,0
1931,Derby County,Blackburn Rovers,1,1,1,1,2,0,0
1931,Derby County,Chelsea,1,0,1,1,1,1,1
1931,Derby County,Huddersfield Town,3,2,1,1,5,1,1
1931,Derby County,Sunderland,3,1,1,1,4,2,1
1931,Everton,Chelsea,7,2,1,1,9,5,1
1931,Everton,Manchester City,0,1,1,1,1,-1,0
1931,Everton,Sunderland,4,2,1,1,6,2,1
1931,Grimsby Town,Portsmouth,3,1,1,1,4,2,1
1931,Grimsby Town,Sunderland,1,3,1,1,4,-2,0
1931,Huddersfield Town,Arsenal,1,2,1,1,3,-1,0
1931,Huddersfield Town,Manchester City,1,0,1,1,1,1,1
1931,Huddersfield Town,Portsmouth,1,0,1,1,1,1,1
1931,Huddersfield Town,Sunderland,4,1,1,1,5,3,1
1931,Leicester City,Arsenal,1,2,1,1,3,-1,0
1931,Leicester City,Blackburn Rovers,1,0,1,1,1,1,1
1931,Leicester City,Grimsby Town,1,2,1,1,3,-1,0
1931,Liverpool,Sunderland,1,2,1,1,3,-1,0
1931,Manchester City,Blackburn Rovers,3,1,1,1,4,2,1
1931,Manchester City,Portsmouth,3,3,1,1,6,0,0
1931,Manchester City,Sunderland,1,1,1,1,2,0,0
1931,Middlesbrough,Arsenal,2,5,1,1,7,-3,0
1931,Middlesbrough,Liverpool,4,1,1,1,5,3,1
1931,Middlesbrough,Sunderland,0,1,1,1,1,-1,0
1931,Newcastle United,Arsenal,3,2,1,1,5,1,1
1931,Newcastle United,Chelsea,4,1,1,1,5,3,1
1931,Newcastle United,Grimsby Town,2,0,1,1,2,2,1
1931,Newcastle United,Liverpool,0,1,1,1,1,-1,0
1931,Newcastle United,Portsmouth,0,0,1,1,0,0,0
1931,Portsmouth,Arsenal,0,3,1,1,3,-3,0
1931,Portsmouth,Blackburn Rovers,2,0,1,1,2,2,1
1931,Portsmouth,Chelsea,1,0,1,1,1,1,1
1931,Sheffield United,Arsenal,4,1,1,1,5,3,1
1931,Sheffield United,Blackburn Rovers,3,2,1,1,5,1,1
1931,Sheffield United,Grimsby Town,2,1,1,1,3,1,1
1931,Sheffield United,Liverpool,3,0,1,1,3,3,1
1931,Sheffield United,Sunderland,1,1,1,1,2,0,0
1931,Sheffield Wednesday,Arsenal,1,3,1,1,4,-2,0
1931,Sheffield Wednesday,Blackburn Rovers,5,1,1,1,6,4,1
1931,Sheffield Wednesday,Chelsea,2,2,1,1,4,0,0
1931,Sheffield Wednesday,Newcastle United,2,0,1,1,2,2,1
1931,Sheffield Wednesday,Sunderland,3,2,1,1,5,1,1
1931,Sunderland,Arsenal,2,0,1,1,2,2,1
1931,Sunderland,Blackburn Rovers,2,2,1,1,4,0,0
1931,Sunderland,Chelsea,2,1,1,1,3,1,1
1931,Sunderland,Grimsby Town,2,0,1,1,2,2,1
1931,Sunderland,Liverpool,1,3,1,1,4,-2,0
1931,Sunderland,Newcastle United,1,4,1,1,5,-3,0
1931,Sunderland,Sheffield Wednesday,3,1,1,1,4,2,1
1931,West Bromwich Albion,Chelsea,4,0,1,1,4,4,1
1931,West Bromwich Albion,Newcastle United,2,1,1,1,3,1,1
1931,West Bromwich Albion,Sheffield Wednesday,1,1,1,1,2,0,0
1931,West Ham United,Chelsea,3,1,1,1,4,2,1
1931,West Ham United,Grimsby Town,3,1,1,1,4,2,1
1931,West Ham United,Sheffield Wednesday,1,2,1,1,3,-1,0
1931,Barnsley,Chesterfield,3,1,2,2,4,2,1
1931,Barnsley,Oldham Athletic,3,1,2,2,4,2,1
1931,Barnsley,Swansea City,2,3,2,2,5,-1,0
1931,Bradford City,Millwall,0,0,2,2,0,0,0
1931,Bradford City,Oldham Athletic,2,0,2,2,2,2,1
1931,Bradford City,Swansea City,5,1,2,2,6,4,1
1931,Bradford Park Avenue,Burnley,2,0,2,2,2,2,1
1931,Bradford Park Avenue,Millwall,1,2,2,2,3,-1,0
1931,Bradford Park Avenue,Preston North End,1,5,2,2,6,-4,0
1931,Bristol City,Barnsley,4,0,2,2,4,4,1
1931,Bristol City,Burnley,1,6,2,2,7,-5,0
1931,Bristol City,Chesterfield,1,1,2,2,2,0,0
1931,Bristol City,Millwall,1,4,2,2,5,-3,0
1931,Bristol City,Preston North End,4,2,2,2,6,2,1
1931,Bristol City,Swansea City,1,1,2,2,2,0,0
1931,Burnley,Bristol City,1,2,2,2,3,-1,0
1931,Burnley,Chesterfield,2,2,2,2,4,0,0
1931,Burnley,Millwall,1,1,2,2,2,0,0
1931,Burnley,Preston North End,2,2,2,2,4,0,0
1931,Bury,Barnsley,7,1,2,2,8,6,1
1931,Charlton Athletic,Barnsley,3,1,2,2,4,2,1
1931,Charlton Athletic,Millwall,1,3,2,2,4,-2,0
1931,Charlton Athletic,Preston North End,2,1,2,2,3,1,1
1931,Chesterfield,Barnsley,2,2,2,2,4,0,0
1931,Chesterfield,Bristol City,3,1,2,2,4,2,1
1931,Chesterfield,Charlton Athletic,3,2,2,2,5,1,1
1931,Chesterfield,Millwall,1,0,2,2,1,1,1
1931,Chesterfield,Oldham Athletic,0,2,2,2,2,-2,0
1931,Chesterfield,Preston North End,3,1,2,2,4,2,1
1931,Chesterfield,Swansea City,1,2,2,2,3,-1,0
1931,Leeds United,Barnsley,0,1,2,2,1,-1,0
1931,Leeds United,Bristol City,1,0,2,2,1,1,1
1931,Leeds United,Charlton Athletic,2,0,2,2,2,2,1
1931,Leeds United,Oldham Athletic,5,0,2,2,5,5,1
1931,Leeds United,Preston North End,4,1,2,2,5,3,1
1931,Leeds United,Swansea City,3,2,2,2,5,1,1
1931,Manchester United,Barnsley,3,0,2,2,3,3,1
1931,Manchester United,Bristol City,0,1,2,2,1,-1,0
1931,Manchester United,Charlton Athletic,0,2,2,2,2,-2,0
1931,Manchester United,Oldham Athletic,5,1,2,2,6,4,1
1931,Manchester United,Swansea City,2,1,2,2,3,1,1
1931,Millwall,Bristol City,1,0,2,2,1,1,1
1931,Millwall,Charlton Athletic,1,0,2,2,1,1,1
1931,Millwall,Preston North End,4,1,2,2,5,3,1
1931,Millwall,Swansea City,3,1,2,2,4,2,1
1931,Nottingham Forest,Barnsley,1,2,2,2,3,-1,0
1931,Nottingham Forest,Manchester United,2,1,2,2,3,1,1
1931,Nottingham Forest,Oldham Athletic,2,0,2,2,2,2,1
1931,Nottingham Forest,Swansea City,6,1,2,2,7,5,1
1931,Notts County,Bristol City,3,0,2,2,3,3,1
1931,Notts County,Charlton Athletic,2,2,2,2,4,0,0
1931,Notts County,Manchester United,1,2,2,2,3,-1,0
1931,Notts County,Oldham Athletic,1,0,2,2,1,1,1
1931,Notts County,Preston North End,1,4,2,2,5,-3,0
1931,Notts County,Swansea City,1,2,2,2,3,-1,0
1931,Oldham Athletic,Barnsley,2,2,2,2,4,0,0
1931,Oldham Athletic,Notts County,5,2,2,2,7,3,1
1931,Oldham Athletic,Swansea City,2,0,2,2,2,2,1
1931,Plymouth Argyle,Bristol City,2,1,2,2,3,1,1
1931,Plymouth Argyle,Manchester United,3,1,2,2,4,2,1
1931,Port Vale,Barnsley,3,0,2,2,3,3,1
1931,Port Vale,Bristol City,4,2,2,2,6,2,1
1931,Port Vale,Charlton Athletic,0,1,2,2,1,-1,0
1931,Port Vale,Manchester United,1,2,2,2,3,-1,0
1931,Port Vale,Notts County,2,0,2,2,2,2,1
1931,Port Vale,Preston North End,0,1,2,2,1,-1,0
1931,Port Vale,Swansea City,0,4,2,2,4,-4,0
1931,Preston North End,Manchester United,0,0,2,2,0,0,0
1931,Southampton,Bristol City,1,1,2,2,2,0,0
1931,Southampton,Manchester United,1,1,2,2,2,0,0
1931,Southampton,Notts County,3,1,2,2,4,2,1
1931,Stoke City,Barnsley,2,0,2,2,2,2,1
1931,Stoke City,Charlton Athletic,4,0,2,2,4,4,1
1931,Stoke City,Port Vale,4,0,2,2,4,4,1
1931,Stoke City,Swansea City,0,0,2,2,0,0,0
1931,Swansea City,Barnsley,3,0,2,2,3,3,1
1931,Swansea City,Stoke City,1,1,2,2,2,0,0
1931,Tottenham Hotspur,Barnsley,4,2,2,2,6,2,1
1931,Tottenham Hotspur,Bristol City,2,1,2,2,3,1,1
1931,Tottenham Hotspur,Notts County,2,0,2,2,2,2,1
1931,Wolverhampton Wanderers,Barnsley,2,0,2,2,2,2,1
1931,Wolverhampton Wanderers,Port Vale,2,0,2,2,2,2,1
1931,Accrington Stanley,Barrow,2,0,3a,3,2,2,1
1931,Accrington Stanley,Crewe Alexandra,2,0,3a,3,2,2,1
1931,Accrington Stanley,Gateshead,1,2,3a,3,3,-1,0
1931,Accrington Stanley,Hull City,1,1,3a,3,2,0,0
1931,Accrington Stanley,Wrexham,5,0,3a,3,5,5,1
1931,Barrow,Lincoln City,0,2,3a,3,2,-2,0
1931,Barrow,Rotherham United,3,0,3a,3,3,3,1
1931,Barrow,Tranmere Rovers,3,1,3a,3,4,2,1
1931,Barrow,York City,3,1,3a,3,4,2,1
1931,Carlisle United,Chester,4,3,3a,3,7,1,1
1931,Carlisle United,Hartlepool United,3,2,3a,3,5,1,1
1931,Carlisle United,New Brighton,0,0,3a,3,0,0,0
1931,Carlisle United,Southport,2,2,3a,3,4,0,0
1931,Carlisle United,Walsall,4,0,3a,3,4,4,1
1931,Chester,Crewe Alexandra,1,0,3a,3,1,1,1
1931,Chester,Gateshead,1,1,3a,3,2,0,0
1931,Chester,Hull City,2,0,3a,3,2,2,1
1931,Chester,Stockport County,2,1,3a,3,3,1,1
1931,Crewe Alexandra,Gateshead,3,5,3a,3,8,-2,0
1931,Crewe Alexandra,Rochdale,1,0,3a,3,1,1,1
1931,Crewe Alexandra,Stockport County,2,2,3a,3,4,0,0
1931,Crewe Alexandra,Wigan Borough,4,3,3a,3,7,1,1
1931,Darlington,Chester,4,1,3a,3,5,3,1
1931,Darlington,Rochdale,3,1,3a,3,4,2,1
1931,Doncaster Rovers,Hull City,2,1,3a,3,3,1,1
1931,Doncaster Rovers,Rochdale,2,0,3a,3,2,2,1
1931,Gateshead,Barrow,4,0,3a,3,4,4,1
1931,Gateshead,Crewe Alexandra,3,3,3a,3,6,0,0
1931,Gateshead,Halifax Town,1,1,3a,3,2,0,0
1931,Halifax Town,Darlington,0,3,3a,3,3,-3,0
1931,Halifax Town,Hartlepool United,2,0,3a,3,2,2,1
1931,Hartlepool United,Doncaster Rovers,5,0,3a,3,5,5,1
1931,Hartlepool United,Rochdale,3,0,3a,3,3,3,1
1931,Hartlepool United,Stockport County,2,2,3a,3,4,0,0
1931,Hartlepool United,Wrexham,0,1,3a,3,1,-1,0
1931,Hull City,Barrow,3,0,3a,3,3,3,1
1931,Hull City,Gateshead,0,1,3a,3,1,-1,0
1931,Hull City,Lincoln City,4,1,3a,3,5,3,1
1931,Hull City,Rotherham United,0,1,3a,3,1,-1,0
1931,Hull City,Tranmere Rovers,3,0,3a,3,3,3,1
1931,Lincoln City,Darlington,2,0,3a,3,2,2,1
1931,Lincoln City,Halifax Town,9,1,3a,3,10,8,1
1931,Lincoln City,New Brighton,3,0,3a,3,3,3,1
1931,Lincoln City,York City,1,1,3a,3,2,0,0
1931,New Brighton,Darlington,0,0,3a,3,0,0,0
1931,New Brighton,Lincoln City,2,1,3a,3,3,1,1
1931,New Brighton,Southport,3,1,3a,3,4,2,1
1931,New Brighton,Walsall,0,1,3a,3,1,-1,0
1931,Rochdale,Accrington Stanley,2,2,3a,3,4,0,0
1931,Rochdale,Doncaster Rovers,3,1,3a,3,4,2,1
1931,Rochdale,Hartlepool United,1,3,3a,3,4,-2,0
1931,Rochdale,New Brighton,3,2,3a,3,5,1,1
1931,Rotherham United,Crewe Alexandra,0,2,3a,3,2,-2,0
1931,Rotherham United,Gateshead,2,1,3a,3,3,1,1
1931,Southport,Carlisle United,2,0,3a,3,2,2,1
1931,Southport,Darlington,3,0,3a,3,3,3,1
1931,Southport,Halifax Town,2,2,3a,3,4,0,0
1931,Southport,Lincoln City,1,1,3a,3,2,0,0
1931,Southport,Rotherham United,3,2,3a,3,5,1,1
1931,Stockport County,Accrington Stanley,3,0,3a,3,3,3,1
1931,Stockport County,Southport,0,1,3a,3,1,-1,0
1931,Stockport County,Wrexham,5,1,3a,3,6,4,1
1931,Tranmere Rovers,Barrow,6,1,3a,3,7,5,1
1931,Tranmere Rovers,Hull City,2,2,3a,3,4,0,0
1931,Tranmere Rovers,Rochdale,9,1,3a,3,10,8,1
1931,Tranmere Rovers,York City,2,2,3a,3,4,0,0
1931,Walsall,Carlisle United,3,1,3a,3,4,2,1
1931,Walsall,Darlington,1,0,3a,3,1,1,1
1931,Walsall,Halifax Town,4,2,3a,3,6,2,1
1931,Walsall,York City,2,2,3a,3,4,0,0
1931,Wigan Borough,Halifax Town,0,1,3a,3,1,-1,0
1931,Wigan Borough,Lincoln City,0,3,3a,3,3,-3,0
1931,Wrexham,Lincoln City,1,3,3a,3,4,-2,0
1931,Wrexham,Rotherham United,1,0,3a,3,1,1,1
1931,Wrexham,Tranmere Rovers,2,1,3a,3,3,1,1
1931,Wrexham,York City,2,1,3a,3,3,1,1
1931,York City,Rotherham United,2,0,3a,3,2,2,1
1931,AFC Bournemouth,Cardiff City,3,0,3b,3,3,3,1
1931,AFC Bournemouth,Northampton Town,1,1,3b,3,2,0,0
1931,Brentford,AFC Bournemouth,4,2,3b,3,6,2,1
1931,Brentford,Cardiff City,2,3,3b,3,5,-1,0
1931,Brentford,Northampton Town,2,0,3b,3,2,2,1
1931,Brentford,Reading,3,0,3b,3,3,3,1
1931,Brighton & Hove Albion,Cardiff City,0,0,3b,3,0,0,0
1931,Brighton & Hove Albion,Exeter City,1,1,3b,3,2,0,0
1931,Brighton & Hove Albion,Reading,2,0,3b,3,2,2,1
1931,Brighton & Hove Albion,Thames,4,1,3b,3,5,3,1
1931,Bristol Rovers,Exeter City,2,4,3b,3,6,-2,0
1931,Bristol Rovers,Leyton Orient,2,1,3b,3,3,1,1
1931,Bristol Rovers,Northampton Town,3,2,3b,3,5,1,1
1931,Cardiff City,Exeter City,5,2,3b,3,7,3,1
1931,Cardiff City,Leyton Orient,5,0,3b,3,5,5,1
1931,Cardiff City,Northampton Town,5,0,3b,3,5,5,1
1931,Coventry City,Bristol Rovers,1,1,3b,3,2,0,0
1931,Coventry City,Exeter City,4,0,3b,3,4,4,1
1931,Coventry City,Reading,5,1,3b,3,6,4,1
1931,Crystal Palace,AFC Bournemouth,1,1,3b,3,2,0,0
1931,Crystal Palace,Leyton Orient,0,0,3b,3,0,0,0
1931,Exeter City,Reading,4,0,3b,3,4,4,1
1931,Exeter City,Thames,4,1,3b,3,5,3,1
1931,Fulham,AFC Bournemouth,3,0,3b,3,3,3,1
1931,Fulham,Bristol Rovers,3,2,3b,3,5,1,1
1931,Fulham,Crystal Palace,4,0,3b,3,4,4,1
1931,Fulham,Leyton Orient,5,1,3b,3,6,4,1
1931,Fulham,Northampton Town,1,3,3b,3,4,-2,0
1931,Gillingham,AFC Bournemouth,1,4,3b,3,5,-3,0
1931,Gillingham,Northampton Town,3,2,3b,3,5,1,1
1931,Gillingham,Thames,2,0,3b,3,2,2,1
1931,Leyton Orient,AFC Bournemouth,1,2,3b,3,3,-1,0
1931,Leyton Orient,Crystal Palace,1,3,3b,3,4,-2,0
1931,Luton Town,AFC Bournemouth,1,0,3b,3,1,1,1
1931,Luton Town,Bristol Rovers,3,0,3b,3,3,3,1
1931,Luton Town,Northampton Town,1,0,3b,3,1,1,1
1931,Luton Town,Reading,6,1,3b,3,7,5,1
1931,Luton Town,Thames,2,0,3b,3,2,2,1
1931,Mansfield Town,AFC Bournemouth,2,1,3b,3,3,1,1
1931,Mansfield Town,Bristol Rovers,0,3,3b,3,3,-3,0
1931,Mansfield Town,Gillingham,3,1,3b,3,4,2,1
1931,Mansfield Town,Northampton Town,2,0,3b,3,2,2,1
1931,Mansfield Town,Reading,1,7,3b,3,8,-6,0
1931,Mansfield Town,Thames,4,0,3b,3,4,4,1
1931,Northampton Town,Gillingham,1,0,3b,3,1,1,1
1931,Northampton Town,Thames,0,4,3b,3,4,-4,0
1931,Norwich City,Bristol Rovers,6,0,3b,3,6,6,1
1931,Norwich City,Gillingham,1,1,3b,3,2,0,0
1931,Norwich City,Mansfield Town,1,1,3b,3,2,0,0
1931,Norwich City,Reading,0,0,3b,3,0,0,0
1931,Norwich City,Thames,7,0,3b,3,7,7,1
1931,Queens Park Rangers,AFC Bournemouth,0,3,3b,3,3,-3,0
1931,Queens Park Rangers,Bristol Rovers,2,1,3b,3,3,1,1
1931,Queens Park Rangers,Crystal Palace,2,2,3b,3,4,0,0
1931,Queens Park Rangers,Gillingham,7,0,3b,3,7,7,1
1931,Queens Park Rangers,Mansfield Town,1,1,3b,3,2,0,0
1931,Queens Park Rangers,Thames,6,0,3b,3,6,6,1
1931,Reading,Mansfield Town,4,1,3b,3,5,3,1
1931,Reading,Queens Park Rangers,3,2,3b,3,5,1,1
1931,Reading,Thames,5,1,3b,3,6,4,1
1931,Southend United,Crystal Palace,1,0,3b,3,1,1,1
1931,Southend United,Gillingham,2,0,3b,3,2,2,1
1931,Southend United,Mansfield Town,5,2,3b,3,7,3,1
1931,Swindon Town,AFC Bournemouth,3,0,3b,3,3,3,1
1931,Swindon Town,Crystal Palace,3,2,3b,3,5,1,1
1931,Swindon Town,Mansfield Town,5,2,3b,3,7,3,1
1931,Swindon Town,Thames,2,0,3b,3,2,2,1
1931,Thames,AFC Bournemouth,4,2,3b,3,6,2,1
1931,Thames,Crystal Palace,1,3,3b,3,4,-2,0
1931,Thames,Queens Park Rangers,3,2,3b,3,5,1,1
1931,Thames,Swindon Town,1,1,3b,3,2,0,0
1931,Torquay United,AFC Bournemouth,1,1,3b,3,2,0,0
1931,Torquay United,Crystal Palace,3,1,3b,3,4,2,1
1931,Torquay United,Swindon Town,2,1,3b,3,3,1,1
1931,Watford,AFC Bournemouth,4,2,3b,3,6,2,1
1931,Watford,Crystal Palace,1,2,3b,3,3,-1,0
1932,Arsenal,Aston Villa,5,0,1,1,5,5,1
1932,Arsenal,Blackpool,1,1,1,1,2,0,0
1932,Arsenal,Derby County,3,3,1,1,6,0,0
1932,Arsenal,Manchester City,2,1,1,1,3,1,1
1932,Arsenal,Portsmouth,2,0,1,1,2,2,1
1932,Arsenal,Sunderland,6,1,1,1,7,5,1
1932,Aston Villa,Derby County,2,0,1,1,2,2,1
1932,Aston Villa,Leeds United,0,0,1,1,0,0,0
1932,Aston Villa,Sunderland,1,0,1,1,1,1,1
1932,Birmingham City,Blackpool,2,1,1,1,3,1,1
1932,Birmingham City,Leeds United,2,1,1,1,3,1,1
1932,Birmingham City,Manchester City,3,0,1,1,3,3,1
1932,Birmingham City,Sunderland,2,0,1,1,2,2,1
1932,Blackburn Rovers,Arsenal,2,3,1,1,5,-1,0
1932,Blackburn Rovers,Blackpool,6,5,1,1,11,1,1
1932,Blackburn Rovers,Derby County,3,3,1,1,6,0,0
1932,Blackburn Rovers,Leeds United,1,1,1,1,2,0,0
1932,Blackburn Rovers,Manchester City,1,0,1,1,1,1,1
1932,Blackburn Rovers,Sunderland,1,3,1,1,4,-2,0
1932,Blackpool,Blackburn Rovers,3,0,1,1,3,3,1
1932,Blackpool,Derby County,4,1,1,1,5,3,1
1932,Blackpool,Leeds United,2,1,1,1,3,1,1
1932,Blackpool,Manchester City,1,0,1,1,1,1,1
1932,Blackpool,Sunderland,3,1,1,1,4,2,1
1932,Bolton Wanderers,Arsenal,0,4,1,1,4,-4,0
1932,Bolton Wanderers,Leeds United,5,0,1,1,5,5,1
1932,Bolton Wanderers,Manchester City,2,1,1,1,3,1,1
1932,Chelsea,Blackburn Rovers,2,2,1,1,4,0,0
1932,Chelsea,Derby County,1,3,1,1,4,-2,0
1932,Chelsea,Leeds United,6,0,1,1,6,6,1
1932,Chelsea,Manchester City,3,1,1,1,4,2,1
1932,Chelsea,Portsmouth,4,4,1,1,8,0,0
1932,Chelsea,Sunderland,1,1,1,1,2,0,0
1932,Derby County,Arsenal,2,2,1,1,4,0,0
1932,Derby County,Chelsea,0,1,1,1,1,-1,0
1932,Derby County,Manchester City,4,0,1,1,4,4,1
1932,Derby County,Portsmouth,2,0,1,1,2,2,1
1932,Everton,Arsenal,1,1,1,1,2,0,0
1932,Everton,Chelsea,3,2,1,1,5,1,1
1932,Everton,Manchester City,2,1,1,1,3,1,1
1932,Everton,Sunderland,6,1,1,1,7,5,1
1932,Huddersfield Town,Blackburn Rovers,0,3,1,1,3,-3,0
1932,Huddersfield Town,Manchester City,1,0,1,1,1,1,1
1932,Huddersfield Town,Portsmouth,2,2,1,1,4,0,0
1932,Huddersfield Town,Sunderland,2,1,1,1,3,1,1
1932,Leeds United,Arsenal,0,0,1,1,0,0,0
1932,Leeds United,Chelsea,2,0,1,1,2,2,1
1932,Leeds United,Huddersfield Town,1,1,1,1,2,0,0
1932,Leeds United,Manchester City,2,1,1,1,3,1,1
1932,Leeds United,Portsmouth,0,1,1,1,1,-1,0
1932,Leicester City,Arsenal,1,1,1,1,2,0,0
1932,Leicester City,Chelsea,1,1,1,1,2,0,0
1932,Leicester City,Huddersfield Town,3,1,1,1,4,2,1
1932,Leicester City,Manchester City,1,2,1,1,3,-1,0
1932,Leicester City,Sunderland,4,2,1,1,6,2,1
1932,Liverpool,Arsenal,2,3,1,1,5,-1,0
1932,Liverpool,Manchester City,1,1,1,1,2,0,0
1932,Liverpool,Portsmouth,4,3,1,1,7,1,1
1932,Manchester City,Arsenal,2,3,1,1,5,-1,0
1932,Manchester City,Huddersfield Town,3,0,1,1,3,3,1
1932,Manchester City,Liverpool,1,1,1,1,2,0,0
1932,Manchester City,Portsmouth,3,1,1,1,4,2,1
1932,Manchester City,Sunderland,2,4,1,1,6,-2,0
1932,Middlesbrough,Arsenal,3,4,1,1,7,-1,0
1932,Middlesbrough,Blackburn Rovers,4,0,1,1,4,4,1
1932,Middlesbrough,Sunderland,1,2,1,1,3,-1,0
1932,Newcastle United,Chelsea,2,0,1,1,2,2,1
1932,Newcastle United,Liverpool,4,3,1,1,7,1,1
1932,Portsmouth,Chelsea,2,0,1,1,2,2,1
1932,Portsmouth,Huddersfield Town,1,0,1,1,1,1,1
1932,Portsmouth,Liverpool,2,1,1,1,3,1,1
1932,Sheffield United,Blackburn Rovers,2,1,1,1,3,1,1
1932,Sheffield United,Huddersfield Town,1,2,1,1,3,-1,0
1932,Sheffield Wednesday,Chelsea,2,2,1,1,4,0,0
1932,Sheffield Wednesday,Huddersfield Town,2,1,1,1,3,1,1
1932,Sheffield Wednesday,Liverpool,3,0,1,1,3,3,1
1932,Sheffield Wednesday,Newcastle United,2,0,1,1,2,2,1
1932,Sheffield Wednesday,Sunderland,3,1,1,1,4,2,1
1932,Sunderland,Arsenal,3,2,1,1,5,1,1
1932,Sunderland,Chelsea,2,1,1,1,3,1,1
1932,Sunderland,Huddersfield Town,1,2,1,1,3,-1,0
1932,Sunderland,Newcastle United,0,2,1,1,2,-2,0
1932,Sunderland,Sheffield Wednesday,1,2,1,1,3,-1,0
1932,West Bromwich Albion,Blackburn Rovers,1,3,1,1,4,-2,0
1932,West Bromwich Albion,Sheffield Wednesday,2,0,1,1,2,2,1
1932,Wolverhampton Wanderers,Arsenal,1,7,1,1,8,-6,0
1932,Wolverhampton Wanderers,Blackburn Rovers,5,3,1,1,8,2,1
1932,Wolverhampton Wanderers,Chelsea,1,2,1,1,3,-1,0
1932,Wolverhampton Wanderers,Huddersfield Town,6,4,1,1,10,2,1
1932,Wolverhampton Wanderers,Sheffield Wednesday,3,5,1,1,8,-2,0
1932,Bradford City,Charlton Athletic,3,0,2,2,3,3,1
1932,Bradford City,Oldham Athletic,3,0,2,2,3,3,1
1932,Bradford Park Avenue,Charlton Athletic,3,0,2,2,3,3,1
1932,Bradford Park Avenue,Grimsby Town,1,1,2,2,2,0,0
1932,Bradford Park Avenue,Millwall,3,0,2,2,3,3,1
1932,Bradford Park Avenue,Swansea City,1,0,2,2,1,1,1
1932,Burnley,Bradford City,0,0,2,2,0,0,0
1932,Burnley,Charlton Athletic,0,1,2,2,1,-1,0
1932,Burnley,Grimsby Town,2,0,2,2,2,2,1
1932,Bury,Bradford City,1,1,2,2,2,0,0
1932,Bury,Grimsby Town,4,1,2,2,5,3,1
1932,Bury,Millwall,3,0,2,2,3,3,1
1932,Bury,Preston North End,1,2,2,2,3,-1,0
1932,Bury,Swansea City,3,0,2,2,3,3,1
1932,Charlton Athletic,Bradford City,0,0,2,2,0,0,0
1932,Charlton Athletic,Bury,1,3,2,2,4,-2,0
1932,Chesterfield,Grimsby Town,1,2,2,2,3,-1,0
1932,Chesterfield,Millwall,1,0,2,2,1,1,1
1932,Chesterfield,Preston North End,4,3,2,2,7,1,1
1932,Fulham,Bradford City,1,0,2,2,1,1,1
1932,Fulham,Grimsby Town,0,1,2,2,1,-1,0
1932,Fulham,Preston North End,1,0,2,2,1,1,1
1932,Grimsby Town,Bury,1,0,2,2,1,1,1
1932,Grimsby Town,Fulham,1,0,2,2,1,1,1
1932,Grimsby Town,Millwall,1,1,2,2,2,0,0
1932,Grimsby Town,Oldham Athletic,5,1,2,2,6,4,1
1932,Lincoln City,Bury,2,1,2,2,3,1,1
1932,Lincoln City,Swansea City,2,0,2,2,2,2,1
1932,Manchester United,Bury,1,3,2,2,4,-2,0
1932,Manchester United,Millwall,7,1,2,2,8,6,1
1932,Manchester United,Swansea City,1,1,2,2,2,0,0
1932,Millwall,Bradford City,3,3,2,2,6,0,0
1932,Millwall,Bury,5,2,2,2,7,3,1
1932,Millwall,Swansea City,3,1,2,2,4,2,1
1932,Nottingham Forest,Fulham,1,0,2,2,1,1,1
1932,Nottingham Forest,Oldham Athletic,2,3,2,2,5,-1,0
1932,Nottingham Forest,Preston North End,2,1,2,2,3,1,1
1932,Notts County,Bradford City,2,0,2,2,2,2,1
1932,Notts County,Oldham Athletic,2,1,2,2,3,1,1
1932,Notts County,Preston North End,0,0,2,2,0,0,0
1932,Oldham Athletic,Fulham,1,3,2,2,4,-2,0
1932,Oldham Athletic,Preston North End,0,2,2,2,2,-2,0
1932,Oldham Athletic,Swansea City,0,0,2,2,0,0,0
1932,Plymouth Argyle,Bradford City,2,1,2,2,3,1,1
1932,Plymouth Argyle,Preston North End,5,0,2,2,5,5,1
1932,Port Vale,Bury,1,0,2,2,1,1,1
1932,Port Vale,Fulham,1,2,2,2,3,-1,0
1932,Port Vale,Swansea City,2,1,2,2,3,1,1
1932,Preston North End,Bradford City,1,4,2,2,5,-3,0
1932,Preston North End,Fulham,1,2,2,2,3,-1,0
1932,Preston North End,Port Vale,3,1,2,2,4,2,1
1932,Southampton,Manchester United,4,2,2,2,6,2,1
1932,Southampton,Notts County,6,2,2,2,8,4,1
1932,Southampton,Port Vale,2,2,2,2,4,0,0
1932,Stoke City,Bury,2,3,2,2,5,-1,0
1932,Stoke City,Fulham,0,1,2,2,1,-1,0
1932,Stoke City,Notts County,0,2,2,2,2,-2,0
1932,Stoke City,Port Vale,1,0,2,2,1,1,1
1932,Stoke City,Swansea City,2,0,2,2,2,2,1
1932,Swansea City,Notts County,2,0,2,2,2,2,1
1932,Tottenham Hotspur,Bradford City,1,1,2,2,2,0,0
1932,Tottenham Hotspur,Fulham,0,0,2,2,0,0,0
1932,Tottenham Hotspur,Notts County,3,1,2,2,4,2,1
1932,West Ham United,Manchester United,3,1,2,2,4,2,1
1932,West Ham United,Notts County,1,1,2,2,2,0,0
1932,Accrington Stanley,Barnsley,2,0,3a,3,2,2,1
1932,Accrington Stanley,Hartlepool United,7,1,3a,3,8,6,1
1932,Accrington Stanley,Walsall,1,3,3a,3,4,-2,0
1932,Barnsley,Doncaster Rovers,2,3,3a,3,5,-1,0
1932,Barnsley,Hartlepool United,3,2,3a,3,5,1,1
1932,Barnsley,New Brighton,1,2,3a,3,3,-1,0
1932,Barnsley,Southport,2,0,3a,3,2,2,1
1932,Barrow,New Brighton,2,1,3a,3,3,1,1
1932,Barrow,Southport,2,0,3a,3,2,2,1
1932,Carlisle United,Accrington Stanley,2,2,3a,3,4,0,0
1932,Carlisle United,Chester,1,1,3a,3,2,0,0
1932,Carlisle United,Hartlepool United,3,1,3a,3,4,2,1
1932,Carlisle United,New Brighton,1,3,3a,3,4,-2,0
1932,Carlisle United,Southport,0,0,3a,3,0,0,0
1932,Chester,Hartlepool United,3,3,3a,3,6,0,0
1932,Chester,New Brighton,3,0,3a,3,3,3,1
1932,Chester,Southport,1,1,3a,3,2,0,0
1932,Crewe Alexandra,Accrington Stanley,3,1,3a,3,4,2,1
1932,Crewe Alexandra,Doncaster Rovers,4,0,3a,3,4,4,1
1932,Crewe Alexandra,Hartlepool United,6,2,3a,3,8,4,1
1932,Crewe Alexandra,Southport,1,1,3a,3,2,0,0
1932,Darlington,Carlisle United,5,2,3a,3,7,3,1
1932,Darlington,Hartlepool United,1,2,3a,3,3,-1,0
1932,Darlington,Southport,1,0,3a,3,1,1,1
1932,Doncaster Rovers,Carlisle United,4,2,3a,3,6,2,1
1932,Doncaster Rovers,Hartlepool United,4,1,3a,3,5,3,1
1932,Gateshead,Accrington Stanley,1,0,3a,3,1,1,1
1932,Gateshead,Carlisle United,1,0,3a,3,1,1,1
1932,Gateshead,Walsall,1,1,3a,3,2,0,0
1932,Halifax Town,Carlisle United,0,1,3a,3,1,-1,0
1932,Halifax Town,New Brighton,3,3,3a,3,6,0,0
1932,Halifax Town,Walsall,4,0,3a,3,4,4,1
1932,Hartlepool United,Accrington Stanley,3,1,3a,3,4,2,1
1932,Hartlepool United,Carlisle United,2,1,3a,3,3,1,1
1932,Hartlepool United,Halifax Town,1,1,3a,3,2,0,0
1932,Hartlepool United,New Brighton,3,2,3a,3,5,1,1
1932,Hartlepool United,Southport,4,2,3a,3,6,2,1
1932,Hull City,Halifax Town,3,1,3a,3,4,2,1
1932,Hull City,New Brighton,5,0,3a,3,5,5,1
1932,Hull City,Southport,4,0,3a,3,4,4,1
1932,Mansfield Town,Carlisle United,3,1,3a,3,4,2,1
1932,Mansfield Town,Halifax Town,2,2,3a,3,4,0,0
1932,Mansfield Town,New Brighton,5,0,3a,3,5,5,1
1932,Mansfield Town,Southport,4,0,3a,3,4,4,1
1932,Mansfield Town,Walsall,2,0,3a,3,2,2,1
1932,New Brighton,Accrington Stanley,2,2,3a,3,4,0,0
1932,New Brighton,Darlington,7,1,3a,3,8,6,1
1932,New Brighton,Mansfield Town,1,0,3a,3,1,1,1
1932,New Brighton,Southport,2,1,3a,3,3,1,1
1932,New Brighton,Walsall,2,2,3a,3,4,0,0
1932,Rochdale,Accrington Stanley,2,0,3a,3,2,2,1
1932,Rochdale,Carlisle United,0,1,3a,3,1,-1,0
1932,Rochdale,Halifax Town,1,0,3a,3,1,1,1
1932,Rochdale,Southport,1,3,3a,3,4,-2,0
1932,Rochdale,Walsall,1,1,3a,3,2,0,0
1932,Rotherham United,Accrington Stanley,2,3,3a,3,5,-1,0
1932,Rotherham United,Carlisle United,1,0,3a,3,1,1,1
1932,Rotherham United,Halifax Town,6,1,3a,3,7,5,1
1932,Rotherham United,Mansfield Town,3,0,3a,3,3,3,1
1932,Rotherham United,Walsall,4,1,3a,3,5,3,1
1932,Southport,Accrington Stanley,2,3,3a,3,5,-1,0
1932,Southport,Darlington,5,1,3a,3,6,4,1
1932,Southport,Halifax Town,1,2,3a,3,3,-1,0
1932,Southport,Mansfield Town,5,2,3a,3,7,3,1
1932,Stockport County,Accrington Stanley,2,0,3a,3,2,2,1
1932,Stockport County,Darlington,5,1,3a,3,6,4,1
1932,Stockport County,Rotherham United,1,0,3a,3,1,1,1
1932,Tranmere Rovers,Accrington Stanley,4,0,3a,3,4,4,1
1932,Tranmere Rovers,Carlisle United,1,2,3a,3,3,-1,0
1932,Tranmere Rovers,Halifax Town,2,3,3a,3,5,-1,0
1932,Tranmere Rovers,Walsall,1,3,3a,3,4,-2,0
1932,Walsall,Darlington,4,0,3a,3,4,4,1
1932,Walsall,Mansfield Town,8,1,3a,3,9,7,1
1932,Walsall,Rotherham United,1,0,3a,3,1,1,1
1932,Walsall,Tranmere Rovers,3,2,3a,3,5,1,1
1932,Wrexham,Halifax Town,5,2,3a,3,7,3,1
1932,Wrexham,Mansfield Town,1,1,3a,3,2,0,0
1932,York City,Accrington Stanley,0,0,3a,3,0,0,0
1932,York City,Carlisle United,0,1,3a,3,1,-1,0
1932,York City,Rotherham United,4,3,3a,3,7,1,1
1932,AFC Bournemouth,Coventry City,3,1,3b,3,4,2,1
1932,Aldershot,Coventry City,1,1,3b,3,2,0,0
1932,Aldershot,Gillingham,3,0,3b,3,3,3,1
1932,Aldershot,Queens Park Rangers,2,0,3b,3,2,2,1
1932,Aldershot,Swindon Town,0,1,3b,3,1,-1,0
1932,Brentford,Bristol City,2,1,3b,3,3,1,1
1932,Brentford,Gillingham,1,2,3b,3,3,-1,0
1932,Brentford,Swindon Town,1,0,3b,3,1,1,1
1932,Brighton & Hove Albion,Bristol City,7,0,3b,3,7,7,1
1932,Brighton & Hove Albion,Newport County,1,0,3b,3,1,1,1
1932,Brighton & Hove Albion,Swindon Town,5,1,3b,3,6,4,1
1932,Bristol City,AFC Bournemouth,1,1,3b,3,2,0,0
1932,Bristol City,Brighton & Hove Albion,3,4,3b,3,7,-1,0
1932,Bristol City,Coventry City,5,3,3b,3,8,2,1
1932,Bristol City,Newport County,3,2,3b,3,5,1,1
1932,Bristol City,Swindon Town,5,1,3b,3,6,4,1
1932,Bristol Rovers,AFC Bournemouth,1,0,3b,3,1,1,1
1932,Bristol Rovers,Coventry City,1,0,3b,3,1,1,1
1932,Bristol Rovers,Newport County,2,2,3b,3,4,0,0
1932,Bristol Rovers,Queens Park Rangers,4,1,3b,3,5,3,1
1932,Cardiff City,Brighton & Hove Albion,1,2,3b,3,3,-1,0
1932,Cardiff City,Coventry City,2,2,3b,3,4,0,0
1932,Cardiff City,Queens Park Rangers,2,5,3b,3,7,-3,0
1932,Coventry City,AFC Bournemouth,3,0,3b,3,3,3,1
1932,Coventry City,Brighton & Hove Albion,2,2,3b,3,4,0,0
1932,Coventry City,Gillingham,4,2,3b,3,6,2,1
1932,Coventry City,Queens Park Rangers,7,0,3b,3,7,7,1
1932,Coventry City,Swindon Town,2,1,3b,3,3,1,1
1932,Crystal Palace,AFC Bournemouth,3,0,3b,3,3,3,1
1932,Crystal Palace,Gillingham,5,1,3b,3,6,4,1
1932,Crystal Palace,Newport County,0,0,3b,3,0,0,0
1932,Crystal Palace,Queens Park Rangers,0,1,3b,3,1,-1,0
1932,Exeter City,Brighton & Hove Albion,4,1,3b,3,5,3,1
1932,Exeter City,Cardiff City,1,0,3b,3,1,1,1
1932,Exeter City,Newport County,4,0,3b,3,4,4,1
1932,Exeter City,Queens Park Rangers,2,0,3b,3,2,2,1
1932,Exeter City,Swindon Town,5,0,3b,3,5,5,1
1932,Gillingham,AFC Bournemouth,4,0,3b,3,4,4,1
1932,Gillingham,Exeter City,1,2,3b,3,3,-1,0
1932,Gillingham,Queens Park Rangers,4,1,3b,3,5,3,1
1932,Leyton Orient,AFC Bournemouth,1,1,3b,3,2,0,0
1932,Leyton Orient,Brighton & Hove Albion,2,0,3b,3,2,2,1
1932,Leyton Orient,Newport County,3,1,3b,3,4,2,1
1932,Leyton Orient,Swindon Town,7,1,3b,3,8,6,1
1932,Luton Town,AFC Bournemouth,1,2,3b,3,3,-1,0
1932,Luton Town,Brighton & Hove Albion,0,0,3b,3,0,0,0
1932,Luton Town,Exeter City,4,0,3b,3,4,4,1
1932,Newport County,AFC Bournemouth,1,1,3b,3,2,0,0
1932,Newport County,Luton Town,3,2,3b,3,5,1,1
1932,Newport County,Queens Park Rangers,5,1,3b,3,6,4,1
1932,Northampton Town,AFC Bournemouth,6,0,3b,3,6,6,1
1932,Northampton Town,Luton Town,1,0,3b,3,1,1,1
1932,Northampton Town,Queens Park Rangers,2,1,3b,3,3,1,1
1932,Northampton Town,Swindon Town,6,0,3b,3,6,6,1
1932,Norwich City,AFC Bournemouth,6,0,3b,3,6,6,1
1932,Norwich City,Luton Town,2,1,3b,3,3,1,1
1932,Norwich City,Queens Park Rangers,3,2,3b,3,5,1,1
1932,Norwich City,Swindon Town,5,2,3b,3,7,3,1
1932,Queens Park Rangers,Luton Town,3,1,3b,3,4,2,1
1932,Queens Park Rangers,Norwich City,2,2,3b,3,4,0,0
1932,Queens Park Rangers,Swindon Town,4,2,3b,3,6,2,1
1932,Reading,Brighton & Hove Albion,3,0,3b,3,3,3,1
1932,Reading,Cardiff City,4,2,3b,3,6,2,1
1932,Reading,Swindon Town,7,1,3b,3,8,6,1
1932,Southend United,Cardiff City,2,2,3b,3,4,0,0
1932,Southend United,Luton Town,2,1,3b,3,3,1,1
1932,Swindon Town,Cardiff City,6,2,3b,3,8,4,1
1932,Swindon Town,Luton Town,1,1,3b,3,2,0,0
1932,Swindon Town,Southend United,2,2,3b,3,4,0,0
1932,Torquay United,Brighton & Hove Albion,1,0,3b,3,1,1,1
1932,Torquay United,Luton Town,3,1,3b,3,4,2,1
1932,Torquay United,Norwich City,2,2,3b,3,4,0,0
1932,Watford,Brighton & Hove Albion,0,4,3b,3,4,-4,0
1932,Watford,Cardiff City,2,1,3b,3,3,1,1
1932,Watford,Exeter City,0,0,3b,3,0,0,0
1932,Watford,Luton Town,4,1,3b,3,5,3,1
1932,Watford,Southend United,2,2,3b,3,4,0,0
1933,Arsenal,Aston Villa,3,2,1,1,5,1,1
1933,Arsenal,Chelsea,2,1,1,1,3,1,1
1933,Arsenal,Huddersfield Town,3,1,1,1,4,2,1
1933,Arsenal,Liverpool,2,1,1,1,3,1,1
1933,Arsenal,Newcastle United,3,0,1,1,3,3,1
1933,Aston Villa,Arsenal,2,3,1,1,5,-1,0
1933,Aston Villa,Chelsea,2,0,1,1,2,2,1
1933,Aston Villa,Newcastle United,2,3,1,1,5,-1,0
1933,Aston Villa,Sheffield Wednesday,1,0,1,1,1,1,1
1933,Aston Villa,Tottenham Hotspur,1,5,1,1,6,-4,0
1933,Birmingham City,Arsenal,0,0,1,1,0,0,0
1933,Birmingham City,Chelsea,0,3,1,1,3,-3,0
1933,Birmingham City,Liverpool,1,2,1,1,3,-1,0
1933,Blackburn Rovers,Chelsea,4,2,1,1,6,2,1
1933,Blackburn Rovers,Liverpool,3,1,1,1,4,2,1
1933,Chelsea,Huddersfield Town,2,3,1,1,5,-1,0
1933,Chelsea,Tottenham Hotspur,0,4,1,1,4,-4,0
1933,Derby County,Arsenal,2,4,1,1,6,-2,0
1933,Derby County,Blackburn Rovers,1,1,1,1,2,0,0
1933,Derby County,Huddersfield Town,1,1,1,1,2,0,0
1933,Derby County,Tottenham Hotspur,4,3,1,1,7,1,1
1933,Everton,Arsenal,3,1,1,1,4,2,1
1933,Everton,Blackburn Rovers,7,1,1,1,8,6,1
1933,Everton,Huddersfield Town,0,1,1,1,1,-1,0
1933,Everton,Newcastle United,3,7,1,1,10,-4,0
1933,Everton,Sheffield Wednesday,2,3,1,1,5,-1,0
1933,Huddersfield Town,Arsenal,0,1,1,1,1,-1,0
1933,Huddersfield Town,Blackburn Rovers,5,3,1,1,8,2,1
1933,Huddersfield Town,Everton,1,0,1,1,1,1,1
1933,Huddersfield Town,Liverpool,0,2,1,1,2,-2,0
1933,Huddersfield Town,Sheffield Wednesday,3,2,1,1,5,1,1
1933,Leeds United,Arsenal,0,1,1,1,1,-1,0
1933,Leeds United,Blackburn Rovers,4,0,1,1,4,4,1
1933,Leeds United,Liverpool,5,1,1,1,6,4,1
1933,Leicester City,Blackburn Rovers,1,2,1,1,3,-1,0
1933,Leicester City,Newcastle United,3,2,1,1,5,1,1
1933,Leicester City,Sheffield Wednesday,2,0,1,1,2,2,1
1933,Liverpool,Everton,3,2,1,1,5,1,1
1933,Liverpool,Leicester City,1,3,1,1,4,-2,0
1933,Liverpool,Newcastle United,1,2,1,1,3,-1,0
1933,Manchester City,Blackburn Rovers,3,1,1,1,4,2,1
1933,Manchester City,Everton,2,2,1,1,4,0,0
1933,Manchester City,Sheffield Wednesday,2,3,1,1,5,-1,0
1933,Manchester City,Tottenham Hotspur,2,0,1,1,2,2,1
1933,Middlesbrough,Arsenal,0,2,1,1,2,-2,0
1933,Middlesbrough,Blackburn Rovers,3,1,1,1,4,2,1
1933,Middlesbrough,Sheffield Wednesday,2,3,1,1,5,-1,0
1933,Middlesbrough,Tottenham Hotspur,1,1,1,1,2,0,0
1933,Newcastle United,Blackburn Rovers,3,1,1,1,4,2,1
1933,Newcastle United,Tottenham Hotspur,1,3,1,1,4,-2,0
1933,Portsmouth,Arsenal,1,0,1,1,1,1,1
1933,Portsmouth,Everton,0,0,1,1,0,0,0
1933,Portsmouth,Middlesbrough,4,1,1,1,5,3,1
1933,Portsmouth,Sheffield Wednesday,0,2,1,1,2,-2,0
1933,Sheffield United,Tottenham Hotspur,0,0,1,1,0,0,0
1933,Sheffield Wednesday,Blackburn Rovers,4,0,1,1,4,4,1
1933,Sheffield Wednesday,Leicester City,1,1,1,1,2,0,0
1933,Sheffield Wednesday,Middlesbrough,3,0,1,1,3,3,1
1933,Sheffield Wednesday,Sheffield United,0,1,1,1,1,-1,0
1933,Stoke City,Blackburn Rovers,2,0,1,1,2,2,1
1933,Stoke City,Everton,1,2,1,1,3,-1,0
1933,Stoke City,Leicester City,2,1,1,1,3,1,1
1933,Stoke City,Middlesbrough,2,0,1,1,2,2,1
1933,Stoke City,Sheffield United,3,0,1,1,3,3,1
1933,Sunderland,Tottenham Hotspur,6,0,1,1,6,6,1
1933,Tottenham Hotspur,Middlesbrough,2,0,1,1,2,2,1
1933,Tottenham Hotspur,Sheffield United,4,1,1,1,5,3,1
1933,West Bromwich Albion,Sheffield United,3,0,1,1,3,3,1
1933,Wolverhampton Wanderers,Blackburn Rovers,5,3,1,1,8,2,1
1933,Wolverhampton Wanderers,Leicester City,1,1,1,1,2,0,0
1933,Wolverhampton Wanderers,Middlesbrough,0,1,1,1,1,-1,0
1933,Wolverhampton Wanderers,Sunderland,1,6,1,1,7,-5,0
1933,Blackpool,Bolton Wanderers,1,1,2,2,2,0,0
1933,Blackpool,Brentford,3,1,2,2,4,2,1
1933,Blackpool,Lincoln City,2,0,2,2,2,2,1
1933,Blackpool,Plymouth Argyle,1,1,2,2,2,0,0
1933,Blackpool,Southampton,4,2,2,2,6,2,1
1933,Bolton Wanderers,Brentford,3,2,2,2,5,1,1
1933,Bolton Wanderers,Fulham,3,1,2,2,4,2,1
1933,Bolton Wanderers,Southampton,2,0,2,2,2,2,1
1933,Bradford City,Blackpool,1,0,2,2,1,1,1
1933,Bradford City,Brentford,2,1,2,2,3,1,1
1933,Bradford City,Lincoln City,3,0,2,2,3,3,1
1933,Bradford City,Nottingham Forest,3,2,2,2,5,1,1
1933,Bradford Park Avenue,Blackpool,1,2,2,2,3,-1,0
1933,Bradford Park Avenue,Fulham,3,1,2,2,4,2,1
1933,Bradford Park Avenue,Lincoln City,2,1,2,2,3,1,1
1933,Bradford Park Avenue,Plymouth Argyle,4,1,2,2,5,3,1
1933,Brentford,Blackpool,1,0,2,2,1,1,1
1933,Brentford,Bradford Park Avenue,2,0,2,2,2,2,1
1933,Brentford,Lincoln City,5,0,2,2,5,5,1
1933,Brentford,Southampton,2,0,2,2,2,2,1
1933,Burnley,Blackpool,3,2,2,2,5,1,1
1933,Burnley,Bradford Park Avenue,1,0,2,2,1,1,1
1933,Burnley,Lincoln City,3,1,2,2,4,2,1
1933,Burnley,Plymouth Argyle,2,2,2,2,4,0,0
1933,Bury,Bradford Park Avenue,2,1,2,2,3,1,1
1933,Bury,Nottingham Forest,4,2,2,2,6,2,1
1933,Bury,Plymouth Argyle,4,0,2,2,4,4,1
1933,Fulham,Blackpool,1,0,2,2,1,1,1
1933,Fulham,Bradford Park Avenue,0,2,2,2,2,-2,0
1933,Fulham,Nottingham Forest,3,1,2,2,4,2,1
1933,Fulham,Plymouth Argyle,3,2,2,2,5,1,1
1933,Grimsby Town,Bradford Park Avenue,3,2,2,2,5,1,1
1933,Grimsby Town,Bury,2,0,2,2,2,2,1
1933,Grimsby Town,Southampton,3,1,2,2,4,2,1
1933,Hull City,Bradford Park Avenue,1,2,2,2,3,-1,0
1933,Hull City,Bury,3,1,2,2,4,2,1
1933,Hull City,Southampton,1,0,2,2,1,1,1
1933,Lincoln City,Blackpool,2,2,2,2,4,0,0
1933,Lincoln City,Bury,1,2,2,2,3,-1,0
1933,Lincoln City,Nottingham Forest,0,0,2,2,0,0,0
1933,Lincoln City,Plymouth Argyle,1,1,2,2,2,0,0
1933,Lincoln City,Southampton,1,1,2,2,2,0,0
1933,Manchester United,Blackpool,2,0,2,2,2,2,1
1933,Manchester United,Bury,2,1,2,2,3,1,1
1933,Manchester United,Plymouth Argyle,0,3,2,2,3,-3,0
1933,Manchester United,Southampton,1,0,2,2,1,1,1
1933,Millwall,Bradford Park Avenue,0,1,2,2,1,-1,0
1933,Millwall,Bury,0,0,2,2,0,0,0
1933,Millwall,Hull City,2,0,2,2,2,2,1
1933,Millwall,Nottingham Forest,0,0,2,2,0,0,0
1933,Nottingham Forest,Plymouth Argyle,2,1,2,2,3,1,1
1933,Nottingham Forest,Southampton,4,1,2,2,5,3,1
1933,Notts County,Blackpool,1,1,2,2,2,0,0
1933,Notts County,Bradford Park Avenue,1,0,2,2,1,1,1
1933,Notts County,Hull City,0,0,2,2,0,0,0
1933,Oldham Athletic,Blackpool,2,0,2,2,2,2,1
1933,Oldham Athletic,Bury,2,2,2,2,4,0,0
1933,Oldham Athletic,Millwall,1,0,2,2,1,1,1
1933,Oldham Athletic,Plymouth Argyle,1,1,2,2,2,0,0
1933,Plymouth Argyle,Bradford Park Avenue,4,1,2,2,5,3,1
1933,Plymouth Argyle,Bury,3,3,2,2,6,0,0
1933,Plymouth Argyle,Hull City,1,1,2,2,2,0,0
1933,Plymouth Argyle,Millwall,1,0,2,2,1,1,1
1933,Port Vale,Blackpool,1,0,2,2,1,1,1
1933,Port Vale,Bradford Park Avenue,3,1,2,2,4,2,1
1933,Port Vale,Bury,4,1,2,2,5,3,1
1933,Port Vale,Hull City,3,0,2,2,3,3,1
1933,Port Vale,Millwall,5,1,2,2,6,4,1
1933,Preston North End,Bury,0,3,2,2,3,-3,0
1933,Preston North End,Millwall,4,2,2,2,6,2,1
1933,Preston North End,Oldham Athletic,1,0,2,2,1,1,1
1933,Southampton,Blackpool,3,2,2,2,5,1,1
1933,Southampton,Bury,1,0,2,2,1,1,1
1933,Southampton,Hull City,1,1,2,2,2,0,0
1933,Southampton,Millwall,2,3,2,2,5,-1,0
1933,Southampton,Oldham Athletic,1,0,2,2,1,1,1
1933,Swansea City,Blackpool,2,2,2,2,4,0,0
1933,Swansea City,Hull City,1,1,2,2,2,0,0
1933,West Ham United,Bradford Park Avenue,0,1,2,2,1,-1,0
1933,West Ham United,Bury,3,1,2,2,4,2,1
1933,West Ham United,Hull City,2,1,2,2,3,1,1
1933,West Ham United,Preston North End,6,0,2,2,6,6,1
1933,Accrington Stanley,Barnsley,0,9,3a,3,9,-9,0
1933,Accrington Stanley,Chester,4,1,3a,3,5,3,1
1933,Accrington Stanley,Darlington,2,0,3a,3,2,2,1
1933,Accrington Stanley,Southport,3,2,3a,3,5,1,1
1933,Accrington Stanley,Walsall,1,0,3a,3,1,1,1
1933,Barnsley,Chester,2,0,3a,3,2,2,1
1933,Barnsley,Halifax Town,1,0,3a,3,1,1,1
1933,Barrow,Accrington Stanley,2,6,3a,3,8,-4,0
1933,Barrow,Darlington,5,2,3a,3,7,3,1
1933,Barrow,New Brighton,3,3,3a,3,6,0,0
1933,Barrow,Southport,3,3,3a,3,6,0,0
1933,Chester,Accrington Stanley,7,0,3a,3,7,7,1
1933,Chester,Carlisle United,3,3,3a,3,6,0,0
1933,Chester,Halifax Town,1,2,3a,3,3,-1,0
1933,Chester,Southport,1,0,3a,3,1,1,1
1933,Chester,Walsall,0,1,3a,3,1,-1,0
1933,Chesterfield,Accrington Stanley,1,0,3a,3,1,1,1
1933,Chesterfield,Carlisle United,4,0,3a,3,4,4,1
1933,Chesterfield,New Brighton,4,0,3a,3,4,4,1
1933,Chesterfield,Southport,2,1,3a,3,3,1,1
1933,Crewe Alexandra,Accrington Stanley,4,2,3a,3,6,2,1
1933,Crewe Alexandra,New Brighton,6,2,3a,3,8,4,1
1933,Crewe Alexandra,Southport,2,2,3a,3,4,0,0
1933,Darlington,Carlisle United,1,2,3a,3,3,-1,0
1933,Darlington,New Brighton,1,0,3a,3,1,1,1
1933,Darlington,Southport,4,0,3a,3,4,4,1
1933,Doncaster Rovers,Accrington Stanley,5,1,3a,3,6,4,1
1933,Doncaster Rovers,Carlisle United,2,1,3a,3,3,1,1
1933,Doncaster Rovers,Walsall,4,0,3a,3,4,4,1
1933,Gateshead,Carlisle United,2,3,3a,3,5,-1,0
1933,Gateshead,Halifax Town,4,0,3a,3,4,4,1
1933,Gateshead,Southport,2,2,3a,3,4,0,0
1933,Halifax Town,Accrington Stanley,2,1,3a,3,3,1,1
1933,Halifax Town,Carlisle United,3,2,3a,3,5,1,1
1933,Halifax Town,Crewe Alexandra,3,2,3a,3,5,1,1
1933,Halifax Town,Gateshead,2,4,3a,3,6,-2,0
1933,Halifax Town,Southport,6,2,3a,3,8,4,1
1933,Halifax Town,Walsall,2,0,3a,3,2,2,1
1933,Hartlepool United,Accrington Stanley,3,0,3a,3,3,3,1
1933,Hartlepool United,Carlisle United,3,2,3a,3,5,1,1
1933,Hartlepool United,Crewe Alexandra,2,1,3a,3,3,1,1
1933,Hartlepool United,New Brighton,2,1,3a,3,3,1,1
1933,Hartlepool United,Walsall,0,1,3a,3,1,-1,0
1933,Mansfield Town,Carlisle United,6,0,3a,3,6,6,1
1933,Mansfield Town,Crewe Alexandra,4,1,3a,3,5,3,1
1933,New Brighton,Accrington Stanley,0,3,3a,3,3,-3,0
1933,New Brighton,Carlisle United,2,1,3a,3,3,1,1
1933,New Brighton,Crewe Alexandra,2,1,3a,3,3,1,1
1933,New Brighton,Gateshead,3,1,3a,3,4,2,1
1933,Rochdale,Accrington Stanley,0,1,3a,3,1,-1,0
1933,Rochdale,Carlisle United,0,1,3a,3,1,-1,0
1933,Rochdale,Walsall,3,3,3a,3,6,0,0
1933,Rotherham United,Accrington Stanley,3,1,3a,3,4,2,1
1933,Rotherham United,Carlisle United,0,1,3a,3,1,-1,0
1933,Rotherham United,Mansfield Town,1,2,3a,3,3,-1,0
1933,Southport,Accrington Stanley,1,1,3a,3,2,0,0
1933,Southport,Carlisle United,1,1,3a,3,2,0,0
1933,Southport,Crewe Alexandra,1,1,3a,3,2,0,0
1933,Southport,Rotherham United,4,0,3a,3,4,4,1
1933,Stockport County,Accrington Stanley,3,0,3a,3,3,3,1
1933,Stockport County,Gateshead,1,0,3a,3,1,1,1
1933,Stockport County,Walsall,3,2,3a,3,5,1,1
1933,Tranmere Rovers,Carlisle United,3,1,3a,3,4,2,1
1933,Tranmere Rovers,Crewe Alexandra,5,1,3a,3,6,4,1
1933,Tranmere Rovers,Rotherham United,1,2,3a,3,3,-1,0
1933,Walsall,Accrington Stanley,5,0,3a,3,5,5,1
1933,Walsall,Carlisle United,3,2,3a,3,5,1,1
1933,Walsall,Crewe Alexandra,5,1,3a,3,6,4,1
1933,Walsall,Gateshead,5,1,3a,3,6,4,1
1933,Walsall,Mansfield Town,0,0,3a,3,0,0,0
1933,Walsall,Tranmere Rovers,5,3,3a,3,8,2,1
1933,Wrexham,Accrington Stanley,3,2,3a,3,5,1,1
1933,Wrexham,Carlisle United,8,1,3a,3,9,7,1
1933,Wrexham,Crewe Alexandra,5,1,3a,3,6,4,1
1933,Wrexham,Gateshead,2,3,3a,3,5,-1,0
1933,Wrexham,Rotherham United,4,0,3a,3,4,4,1
1933,Wrexham,Tranmere Rovers,5,1,3a,3,6,4,1
1933,York City,Gateshead,1,1,3a,3,2,0,0
1933,York City,Mansfield Town,1,0,3a,3,1,1,1
1933,York City,Rotherham United,0,1,3a,3,1,-1,0
1933,York City,Tranmere Rovers,1,0,3a,3,1,1,1
1933,AFC Bournemouth,Gillingham,1,1,3b,3,2,0,0
1933,AFC Bournemouth,Newport County,0,0,3b,3,0,0,0
1933,Aldershot,Bristol Rovers,0,1,3b,3,1,-1,0
1933,Aldershot,Gillingham,0,2,3b,3,2,-2,0
1933,Aldershot,Queens Park Rangers,3,1,3b,3,4,2,1
1933,Brighton & Hove Albion,AFC Bournemouth,6,0,3b,3,6,6,1
1933,Brighton & Hove Albion,Coventry City,1,1,3b,3,2,0,0
1933,Bristol City,Bristol Rovers,0,3,3b,3,3,-3,0
1933,Bristol City,Coventry City,0,0,3b,3,0,0,0
1933,Bristol City,Gillingham,1,1,3b,3,2,0,0
1933,Bristol City,Newport County,1,1,3b,3,2,0,0
1933,Bristol City,Queens Park Rangers,0,2,3b,3,2,-2,0
1933,Bristol City,Swindon Town,2,2,3b,3,4,0,0
1933,Bristol Rovers,AFC Bournemouth,3,0,3b,3,3,3,1
1933,Bristol Rovers,Coventry City,4,1,3b,3,5,3,1
1933,Bristol Rovers,Gillingham,4,2,3b,3,6,2,1
1933,Bristol Rovers,Newport County,2,0,3b,3,2,2,1
1933,Bristol Rovers,Swindon Town,3,0,3b,3,3,3,1
1933,Cardiff City,Bristol City,1,5,3b,3,6,-4,0
1933,Cardiff City,Coventry City,3,3,3b,3,6,0,0
1933,Cardiff City,Swindon Town,0,1,3b,3,1,-1,0
1933,Charlton Athletic,AFC Bournemouth,4,3,3b,3,7,1,1
1933,Charlton Athletic,Coventry City,2,0,3b,3,2,2,1
1933,Charlton Athletic,Queens Park Rangers,1,2,3b,3,3,-1,0
1933,Coventry City,Bristol City,9,0,3b,3,9,9,1
1933,Coventry City,Gillingham,7,1,3b,3,8,6,1
1933,Coventry City,Newport County,5,2,3b,3,7,3,1
1933,Coventry City,Swindon Town,5,1,3b,3,6,4,1
1933,Crystal Palace,AFC Bournemouth,4,1,3b,3,5,3,1
1933,Crystal Palace,Charlton Athletic,1,0,3b,3,1,1,1
1933,Crystal Palace,Newport County,1,1,3b,3,2,0,0
1933,Crystal Palace,Queens Park Rangers,4,1,3b,3,5,3,1
1933,Crystal Palace,Swindon Town,0,0,3b,3,0,0,0
1933,Exeter City,AFC Bournemouth,4,0,3b,3,4,4,1
1933,Exeter City,Gillingham,2,0,3b,3,2,2,1
1933,Exeter City,Newport County,1,1,3b,3,2,0,0
1933,Exeter City,Queens Park Rangers,1,1,3b,3,2,0,0
1933,Exeter City,Swindon Town,2,2,3b,3,4,0,0
1933,Gillingham,Bristol City,2,1,3b,3,3,1,1
1933,Gillingham,Charlton Athletic,1,1,3b,3,2,0,0
1933,Gillingham,Queens Park Rangers,1,4,3b,3,5,-3,0
1933,Gillingham,Swindon Town,3,3,3b,3,6,0,0
1933,Leyton Orient,Bristol City,4,0,3b,3,4,4,1
1933,Leyton Orient,Newport County,3,0,3b,3,3,3,1
1933,Luton Town,AFC Bournemouth,2,0,3b,3,2,2,1
1933,Luton Town,Charlton Athletic,2,1,3b,3,3,1,1
1933,Luton Town,Newport County,1,1,3b,3,2,0,0
1933,Luton Town,Queens Park Rangers,4,2,3b,3,6,2,1
1933,Newport County,Charlton Athletic,1,1,3b,3,2,0,0
1933,Newport County,Swindon Town,1,2,3b,3,3,-1,0
1933,Northampton Town,Bristol City,2,3,3b,3,5,-1,0
1933,Northampton Town,Exeter City,5,3,3b,3,8,2,1
1933,Northampton Town,Luton Town,2,3,3b,3,5,-1,0
1933,Northampton Town,Queens Park Rangers,2,1,3b,3,3,1,1
1933,Northampton Town,Swindon Town,2,2,3b,3,4,0,0
1933,Norwich City,Bristol City,7,2,3b,3,9,5,1
1933,Norwich City,Charlton Athletic,3,0,3b,3,3,3,1
1933,Norwich City,Exeter City,1,1,3b,3,2,0,0
1933,Norwich City,Luton Town,4,0,3b,3,4,4,1
1933,Norwich City,Swindon Town,3,2,3b,3,5,1,1
1933,Queens Park Rangers,Bristol City,1,0,3b,3,1,1,1
1933,Queens Park Rangers,Charlton Athletic,2,1,3b,3,3,1,1
1933,Queens Park Rangers,Luton Town,2,1,3b,3,3,1,1
1933,Queens Park Rangers,Swindon Town,1,0,3b,3,1,1,1
1933,Reading,Exeter City,3,1,3b,3,4,2,1
1933,Reading,Swindon Town,2,0,3b,3,2,2,1
1933,Southend United,Luton Town,0,1,3b,3,1,-1,0
1933,Swindon Town,Charlton Athletic,1,3,3b,3,4,-2,0
1933,Swindon Town,Exeter City,1,1,3b,3,2,0,0
1933,Swindon Town,Norwich City,0,0,3b,3,0,0,0
1933,Torquay United,AFC Bournemouth,1,0,3b,3,1,1,1
1933,Torquay United,Bristol City,2,2,3b,3,4,0,0
1933,Torquay United,Luton Town,0,1,3b,3,1,-1,0
1933,Torquay United,Norwich City,1,2,3b,3,3,-1,0
1933,Watford,AFC Bournemouth,1,2,3b,3,3,-1,0
1933,Watford,Exeter City,2,0,3b,3,2,2,1
1933,Watford,Luton Town,0,1,3b,3,1,-1,0
1933,Watford,Norwich City,1,3,3b,3,4,-2,0
1933,Watford,Southend United,2,1,3b,3,3,1,1
1934,Arsenal,Grimsby Town,1,1,1,1,2,0,0
1934,Arsenal,Leicester City,8,0,1,1,8,8,1
1934,Arsenal,Middlesbrough,8,0,1,1,8,8,1
1934,Aston Villa,Middlesbrough,0,3,1,1,3,-3,0
1934,Aston Villa,Tottenham Hotspur,1,0,1,1,1,1,1
1934,Birmingham City,Leicester City,2,3,1,1,5,-1,0
1934,Birmingham City,Middlesbrough,4,2,1,1,6,2,1
1934,Birmingham City,Tottenham Hotspur,2,1,1,1,3,1,1
1934,Blackburn Rovers,Arsenal,2,0,1,1,2,2,1
1934,Blackburn Rovers,Leicester City,0,0,1,1,0,0,0
1934,Blackburn Rovers,Sheffield Wednesday,2,1,1,1,3,1,1
1934,Blackburn Rovers,Tottenham Hotspur,2,0,1,1,2,2,1
1934,Chelsea,Blackburn Rovers,4,2,1,1,6,2,1
1934,Chelsea,Leicester City,3,1,1,1,4,2,1
1934,Chelsea,Sheffield Wednesday,1,2,1,1,3,-1,0
1934,Chelsea,Tottenham Hotspur,1,3,1,1,4,-2,0
1934,Derby County,Arsenal,3,1,1,1,4,2,1
1934,Derby County,Middlesbrough,2,0,1,1,2,2,1
1934,Derby County,Tottenham Hotspur,2,1,1,1,3,1,1
1934,Everton,Blackburn Rovers,5,2,1,1,7,3,1
1934,Everton,Grimsby Town,3,1,1,1,4,2,1
1934,Everton,Middlesbrough,1,1,1,1,2,0,0
1934,Everton,Sheffield Wednesday,2,2,1,1,4,0,0
1934,Grimsby Town,Arsenal,2,2,1,1,4,0,0
1934,Grimsby Town,Everton,0,0,1,1,0,0,0
1934,Grimsby Town,Leicester City,3,1,1,1,4,2,1
1934,Grimsby Town,Tottenham Hotspur,3,0,1,1,3,3,1
1934,Huddersfield Town,Arsenal,1,1,1,1,2,0,0
1934,Huddersfield Town,Leicester City,2,3,1,1,5,-1,0
1934,Huddersfield Town,Sheffield Wednesday,4,0,1,1,4,4,1
1934,Huddersfield Town,Tottenham Hotspur,0,0,1,1,0,0,0
1934,Leeds United,Arsenal,1,1,1,1,2,0,0
1934,Leeds United,Everton,2,0,1,1,2,2,1
1934,Leeds United,Leicester City,0,2,1,1,2,-2,0
1934,Leeds United,Middlesbrough,2,4,1,1,6,-2,0
1934,Leeds United,Sheffield Wednesday,0,0,1,1,0,0,0
1934,Leeds United,Tottenham Hotspur,4,3,1,1,7,1,1
1934,Leicester City,Blackburn Rovers,0,1,1,1,1,-1,0
1934,Leicester City,Everton,5,2,1,1,7,3,1
1934,Leicester City,Middlesbrough,3,1,1,1,4,2,1
1934,Liverpool,Everton,2,1,1,1,3,1,1
1934,Liverpool,Leeds United,4,2,1,1,6,2,1
1934,Manchester City,Arsenal,1,1,1,1,2,0,0
1934,Manchester City,Everton,2,2,1,1,4,0,0
1934,Manchester City,Leeds United,3,0,1,1,3,3,1
1934,Manchester City,Middlesbrough,6,2,1,1,8,4,1
1934,Middlesbrough,Arsenal,0,1,1,1,1,-1,0
1934,Middlesbrough,Blackburn Rovers,3,3,1,1,6,0,0
1934,Middlesbrough,Sheffield Wednesday,5,3,1,1,8,2,1
1934,Portsmouth,Arsenal,3,3,1,1,6,0,0
1934,Portsmouth,Everton,5,1,1,1,6,4,1
1934,Portsmouth,Leeds United,0,0,1,1,0,0,0
1934,Portsmouth,Tottenham Hotspur,1,1,1,1,2,0,0
1934,Preston North End,Everton,2,2,1,1,4,0,0
1934,Preston North End,Leeds United,0,2,1,1,2,-2,0
1934,Preston North End,Manchester City,2,4,1,1,6,-2,0
1934,Preston North End,Tottenham Hotspur,1,0,1,1,1,1,1
1934,Sheffield Wednesday,Arsenal,0,0,1,1,0,0,0
1934,Sheffield Wednesday,Blackburn Rovers,2,2,1,1,4,0,0
1934,Sheffield Wednesday,Everton,0,0,1,1,0,0,0
1934,Sheffield Wednesday,Leeds United,1,0,1,1,1,1,1
1934,Sheffield Wednesday,Manchester City,1,0,1,1,1,1,1
1934,Sheffield Wednesday,Preston North End,2,1,1,1,3,1,1
1934,Sheffield Wednesday,Tottenham Hotspur,4,0,1,1,4,4,1
1934,Stoke City,Arsenal,2,2,1,1,4,0,0
1934,Stoke City,Blackburn Rovers,3,1,1,1,4,2,1
1934,Stoke City,Leeds United,8,1,1,1,9,7,1
1934,Stoke City,Preston North End,3,1,1,1,4,2,1
1934,Stoke City,Tottenham Hotspur,4,1,1,1,5,3,1
1934,Sunderland,Blackburn Rovers,3,0,1,1,3,3,1
1934,Sunderland,Everton,7,0,1,1,7,7,1
1934,Tottenham Hotspur,Blackburn Rovers,1,0,1,1,1,1,1
1934,Tottenham Hotspur,Leeds United,1,1,1,1,2,0,0
1934,Tottenham Hotspur,Manchester City,0,0,1,1,0,0,0
1934,Tottenham Hotspur,Preston North End,1,2,1,1,3,-1,0
1934,Tottenham Hotspur,Sunderland,1,1,1,1,2,0,0
1934,West Bromwich Albion,Blackburn Rovers,2,2,1,1,4,0,0
1934,West Bromwich Albion,Manchester City,1,1,1,1,2,0,0
1934,West Bromwich Albion,Preston North End,0,0,1,1,0,0,0
1934,Barnsley,Bradford Park Avenue,1,1,2,2,2,0,0
1934,Barnsley,Manchester United,0,2,2,2,2,-2,0
1934,Barnsley,Plymouth Argyle,1,4,2,2,5,-3,0
1934,Barnsley,Southampton,1,1,2,2,2,0,0
1934,Blackpool,Barnsley,3,0,2,2,3,3,1
1934,Blackpool,Bradford Park Avenue,1,0,2,2,1,1,1
1934,Blackpool,Manchester United,1,2,2,2,3,-1,0
1934,Blackpool,Nottingham Forest,1,0,2,2,1,1,1
1934,Blackpool,Plymouth Argyle,4,1,2,2,5,3,1
1934,Blackpool,Southampton,4,1,2,2,5,3,1
1934,Bolton Wanderers,Nottingham Forest,2,3,2,2,5,-1,0
1934,Bolton Wanderers,Plymouth Argyle,3,2,2,2,5,1,1
1934,Bradford City,Barnsley,1,0,2,2,1,1,1
1934,Bradford City,Bury,0,0,2,2,0,0,0
1934,Bradford City,Nottingham Forest,4,0,2,2,4,4,1
1934,Bradford City,Southampton,1,1,2,2,2,0,0
1934,Bradford Park Avenue,Southampton,3,1,2,2,4,2,1
1934,Brentford,Barnsley,8,1,2,2,9,7,1
1934,Brentford,Nottingham Forest,1,1,2,2,2,0,0
1934,Burnley,Barnsley,4,1,2,2,5,3,1
1934,Burnley,Bury,3,3,2,2,6,0,0
1934,Burnley,Nottingham Forest,2,1,2,2,3,1,1
1934,Bury,Burnley,0,0,2,2,0,0,0
1934,Bury,Plymouth Argyle,2,1,2,2,3,1,1
1934,Bury,Southampton,4,1,2,2,5,3,1
1934,Fulham,Barnsley,1,3,2,2,4,-2,0
1934,Fulham,Bradford City,3,1,2,2,4,2,1
1934,Fulham,Burnley,2,0,2,2,2,2,1
1934,Fulham,Manchester United,3,1,2,2,4,2,1
1934,Fulham,Nottingham Forest,2,1,2,2,3,1,1
1934,Hull City,Barnsley,1,1,2,2,2,0,0
1934,Hull City,Bradford City,1,0,2,2,1,1,1
1934,Hull City,Manchester United,3,2,2,2,5,1,1
1934,Hull City,Nottingham Forest,5,0,2,2,5,5,1
1934,Hull City,Plymouth Argyle,1,1,2,2,2,0,0
1934,Hull City,Southampton,0,0,2,2,0,0,0
1934,Manchester United,Barnsley,4,1,2,2,5,3,1
1934,Manchester United,Bradford City,2,0,2,2,2,2,1
1934,Manchester United,Burnley,3,4,2,2,7,-1,0
1934,Manchester United,Hull City,3,0,2,2,3,3,1
1934,Manchester United,Plymouth Argyle,3,1,2,2,4,2,1
1934,Newcastle United,Barnsley,4,1,2,2,5,3,1
1934,Newcastle United,Bradford City,4,2,2,2,6,2,1
1934,Newcastle United,Nottingham Forest,2,0,2,2,2,2,1
1934,Norwich City,Bradford City,6,1,2,2,7,5,1
1934,Norwich City,Hull City,3,0,2,2,3,3,1
1934,Norwich City,Nottingham Forest,3,3,2,2,6,0,0
1934,Norwich City,Plymouth Argyle,3,0,2,2,3,3,1
1934,Nottingham Forest,Burnley,5,0,2,2,5,5,1
1934,Nottingham Forest,Norwich City,5,2,2,2,7,3,1
1934,Nottingham Forest,Plymouth Argyle,1,3,2,2,4,-2,0
1934,Nottingham Forest,Southampton,3,1,2,2,4,2,1
1934,Notts County,Barnsley,1,4,2,2,5,-3,0
1934,Notts County,Burnley,1,0,2,2,1,1,1
1934,Notts County,Plymouth Argyle,1,3,2,2,4,-2,0
1934,Notts County,Southampton,3,1,2,2,4,2,1
1934,Oldham Athletic,Bradford City,3,1,2,2,4,2,1
1934,Oldham Athletic,Burnley,1,2,2,2,3,-1,0
1934,Oldham Athletic,Hull City,5,0,2,2,5,5,1
1934,Oldham Athletic,Plymouth Argyle,1,1,2,2,2,0,0
1934,Plymouth Argyle,Barnsley,3,1,2,2,4,2,1
1934,Plymouth Argyle,Southampton,4,0,2,2,4,4,1
1934,Port Vale,Barnsley,4,0,2,2,4,4,1
1934,Port Vale,Burnley,3,1,2,2,4,2,1
1934,Sheffield United,Barnsley,2,1,2,2,3,1,1
1934,Sheffield United,Bradford City,1,2,2,2,3,-1,0
1934,Sheffield United,Burnley,0,0,2,2,0,0,0
1934,Sheffield United,Hull City,3,4,2,2,7,-1,0
1934,Sheffield United,Oldham Athletic,2,1,2,2,3,1,1
1934,Sheffield United,Southampton,6,1,2,2,7,5,1
1934,Southampton,Barnsley,0,1,2,2,1,-1,0
1934,Southampton,Bradford City,1,1,2,2,2,0,0
1934,Southampton,Hull City,3,0,2,2,3,3,1
1934,Southampton,Norwich City,1,4,2,2,5,-3,0
1934,Southampton,Sheffield United,1,1,2,2,2,0,0
1934,Swansea City,Barnsley,1,1,2,2,2,0,0
1934,Swansea City,Bradford City,3,1,2,2,4,2,1
1934,Swansea City,Hull City,2,1,2,2,3,1,1
1934,Swansea City,Sheffield United,0,0,2,2,0,0,0
1934,West Ham United,Barnsley,4,3,2,2,7,1,1
1934,West Ham United,Bradford City,1,0,2,2,1,1,1
1934,West Ham United,Burnley,1,2,2,2,3,-1,0
1934,West Ham United,Hull City,1,2,2,2,3,-1,0
1934,West Ham United,Sheffield United,2,0,2,2,2,2,1
1934,Accrington Stanley,New Brighton,1,3,3a,3,4,-2,0
1934,Accrington Stanley,Walsall,3,3,3a,3,6,0,0
1934,Barrow,Accrington Stanley,0,2,3a,3,2,-2,0
1934,Barrow,New Brighton,1,2,3a,3,3,-1,0
1934,Carlisle United,Accrington Stanley,2,0,3a,3,2,2,1
1934,Carlisle United,Chesterfield,3,1,3a,3,4,2,1
1934,Chester,Accrington Stanley,4,0,3a,3,4,4,1
1934,Chester,Chesterfield,1,1,3a,3,2,0,0
1934,Chester,Hartlepool United,4,1,3a,3,5,3,1
1934,Chester,Southport,0,2,3a,3,2,-2,0
1934,Chester,Walsall,2,1,3a,3,3,1,1
1934,Chesterfield,Chester,1,2,3a,3,3,-1,0
1934,Chesterfield,Doncaster Rovers,3,2,3a,3,5,1,1
1934,Chesterfield,Hartlepool United,4,0,3a,3,4,4,1
1934,Chesterfield,New Brighton,1,0,3a,3,1,1,1
1934,Crewe Alexandra,Accrington Stanley,4,2,3a,3,6,2,1
1934,Crewe Alexandra,Doncaster Rovers,1,1,3a,3,2,0,0
1934,Crewe Alexandra,Hartlepool United,1,1,3a,3,2,0,0
1934,Darlington,Doncaster Rovers,1,1,3a,3,2,0,0
1934,Darlington,New Brighton,1,0,3a,3,1,1,1
1934,Doncaster Rovers,Accrington Stanley,2,1,3a,3,3,1,1
1934,Doncaster Rovers,Chester,3,0,3a,3,3,3,1
1934,Doncaster Rovers,Darlington,2,0,3a,3,2,2,1
1934,Doncaster Rovers,Southport,2,0,3a,3,2,2,1
1934,Doncaster Rovers,Walsall,4,0,3a,3,4,4,1
1934,Gateshead,Accrington Stanley,1,1,3a,3,2,0,0
1934,Gateshead,Chester,2,4,3a,3,6,-2,0
1934,Gateshead,Hartlepool United,2,1,3a,3,3,1,1
1934,Gateshead,New Brighton,2,1,3a,3,3,1,1
1934,Halifax Town,Accrington Stanley,2,1,3a,3,3,1,1
1934,Halifax Town,Hartlepool United,4,1,3a,3,5,3,1
1934,Halifax Town,New Brighton,6,2,3a,3,8,4,1
1934,Hartlepool United,Walsall,2,1,3a,3,3,1,1
1934,Lincoln City,Accrington Stanley,1,0,3a,3,1,1,1
1934,Lincoln City,Chester,0,0,3a,3,0,0,0
1934,Lincoln City,New Brighton,1,0,3a,3,1,1,1
1934,Lincoln City,Southport,4,1,3a,3,5,3,1
1934,Lincoln City,Walsall,5,1,3a,3,6,4,1
1934,Mansfield Town,Chester,1,1,3a,3,2,0,0
1934,Mansfield Town,Darlington,2,2,3a,3,4,0,0
1934,Mansfield Town,Halifax Town,4,0,3a,3,4,4,1
1934,New Brighton,Chester,0,2,3a,3,2,-2,0
1934,New Brighton,Halifax Town,0,0,3a,3,0,0,0
1934,New Brighton,Mansfield Town,2,1,3a,3,3,1,1
1934,New Brighton,Walsall,2,2,3a,3,4,0,0
1934,Rochdale,Accrington Stanley,2,2,3a,3,4,0,0
1934,Rochdale,Chester,3,3,3a,3,6,0,0
1934,Rochdale,Mansfield Town,1,0,3a,3,1,1,1
1934,Rochdale,Walsall,1,0,3a,3,1,1,1
1934,Rotherham United,Chester,6,1,3a,3,7,5,1
1934,Rotherham United,Mansfield Town,3,0,3a,3,3,3,1
1934,Rotherham United,Southport,4,2,3a,3,6,2,1
1934,Rotherham United,Walsall,4,2,3a,3,6,2,1
1934,Southport,Accrington Stanley,0,0,3a,3,0,0,0
1934,Southport,Chester,1,1,3a,3,2,0,0
1934,Southport,Halifax Town,1,2,3a,3,3,-1,0
1934,Southport,Walsall,3,2,3a,3,5,1,1
1934,Stockport County,Accrington Stanley,5,1,3a,3,6,4,1
1934,Stockport County,Chester,0,1,3a,3,1,-1,0
1934,Stockport County,Darlington,3,0,3a,3,3,3,1
1934,Stockport County,Halifax Town,2,1,3a,3,3,1,1
1934,Stockport County,Rotherham United,4,0,3a,3,4,4,1
1934,Stockport County,Walsall,0,3,3a,3,3,-3,0
1934,Tranmere Rovers,Chester,1,1,3a,3,2,0,0
1934,Tranmere Rovers,Halifax Town,1,0,3a,3,1,1,1
1934,Tranmere Rovers,Walsall,4,0,3a,3,4,4,1
1934,Walsall,Accrington Stanley,6,0,3a,3,6,6,1
1934,Walsall,Chester,1,1,3a,3,2,0,0
1934,Walsall,Darlington,0,0,3a,3,0,0,0
1934,Walsall,Halifax Town,4,1,3a,3,5,3,1
1934,Wrexham,Chester,2,2,3a,3,4,0,0
1934,Wrexham,Halifax Town,5,0,3a,3,5,5,1
1934,Wrexham,Rotherham United,0,1,3a,3,1,-1,0
1934,York City,Halifax Town,0,1,3a,3,1,-1,0
1934,York City,Tranmere Rovers,0,0,3a,3,0,0,0
1934,AFC Bournemouth,Bristol Rovers,3,0,3b,3,3,3,1
1934,AFC Bournemouth,Gillingham,1,1,3b,3,2,0,0
1934,AFC Bournemouth,Queens Park Rangers,0,2,3b,3,2,-2,0
1934,Aldershot,Millwall,0,0,3b,3,0,0,0
1934,Aldershot,Swindon Town,3,0,3b,3,3,3,1
1934,Brighton & Hove Albion,AFC Bournemouth,2,0,3b,3,2,2,1
1934,Brighton & Hove Albion,Gillingham,1,1,3b,3,2,0,0
1934,Brighton & Hove Albion,Millwall,0,2,3b,3,2,-2,0
1934,Brighton & Hove Albion,Swindon Town,2,2,3b,3,4,0,0
1934,Bristol City,AFC Bournemouth,2,1,3b,3,3,1,1
1934,Bristol City,Gillingham,3,1,3b,3,4,2,1
1934,Bristol City,Millwall,4,2,3b,3,6,2,1
1934,Bristol City,Queens Park Rangers,5,1,3b,3,6,4,1
1934,Bristol Rovers,Millwall,2,0,3b,3,2,2,1
1934,Bristol Rovers,Queens Park Rangers,2,0,3b,3,2,2,1
1934,Cardiff City,Coventry City,2,4,3b,3,6,-2,0
1934,Cardiff City,Gillingham,0,2,3b,3,2,-2,0
1934,Cardiff City,Swindon Town,1,3,3b,3,4,-2,0
1934,Charlton Athletic,Bristol City,4,1,3b,3,5,3,1
1934,Charlton Athletic,Queens Park Rangers,3,1,3b,3,4,2,1
1934,Coventry City,Bristol City,1,1,3b,3,2,0,0
1934,Coventry City,Charlton Athletic,4,0,3b,3,4,4,1
1934,Coventry City,Gillingham,4,0,3b,3,4,4,1
1934,Coventry City,Queens Park Rangers,4,1,3b,3,5,3,1
1934,Coventry City,Swindon Town,3,0,3b,3,3,3,1
1934,Crystal Palace,AFC Bournemouth,1,0,3b,3,1,1,1
1934,Crystal Palace,Bristol City,3,1,3b,3,4,2,1
1934,Crystal Palace,Queens Park Rangers,2,3,3b,3,5,-1,0
1934,Exeter City,Bristol City,3,0,3b,3,3,3,1
1934,Exeter City,Charlton Athletic,3,1,3b,3,4,2,1
1934,Exeter City,Millwall,0,1,3b,3,1,-1,0
1934,Gillingham,AFC Bournemouth,3,1,3b,3,4,2,1
1934,Gillingham,Exeter City,2,1,3b,3,3,1,1
1934,Gillingham,Millwall,1,3,3b,3,4,-2,0
1934,Gillingham,Swindon Town,2,0,3b,3,2,2,1
1934,Leyton Orient,AFC Bournemouth,0,1,3b,3,1,-1,0
1934,Leyton Orient,Charlton Athletic,1,2,3b,3,3,-1,0
1934,Leyton Orient,Exeter City,0,3,3b,3,3,-3,0
1934,Leyton Orient,Queens Park Rangers,3,1,3b,3,4,2,1
1934,Leyton Orient,Swindon Town,2,0,3b,3,2,2,1
1934,Luton Town,AFC Bournemouth,4,0,3b,3,4,4,1
1934,Luton Town,Exeter City,4,0,3b,3,4,4,1
1934,Luton Town,Millwall,2,1,3b,3,3,1,1
1934,Luton Town,Swindon Town,2,0,3b,3,2,2,1
1934,Millwall,Charlton Athletic,1,3,3b,3,4,-2,0
1934,Newport County,Bristol City,2,0,3b,3,2,2,1
1934,Newport County,Charlton Athletic,0,2,3b,3,2,-2,0
1934,Newport County,Queens Park Rangers,2,1,3b,3,3,1,1
1934,Newport County,Swindon Town,1,2,3b,3,3,-1,0
1934,Northampton Town,Exeter City,2,1,3b,3,3,1,1
1934,Queens Park Rangers,Bristol City,4,1,3b,3,5,3,1
1934,Queens Park Rangers,Charlton Athletic,0,3,3b,3,3,-3,0
1934,Queens Park Rangers,Luton Town,3,0,3b,3,3,3,1
1934,Reading,AFC Bournemouth,4,1,3b,3,5,3,1
1934,Reading,Exeter City,2,0,3b,3,2,2,1
1934,Southend United,Luton Town,3,3,3b,3,6,0,0
1934,Swindon Town,AFC Bournemouth,0,2,3b,3,2,-2,0
1934,Swindon Town,Bristol City,1,0,3b,3,1,1,1
1934,Swindon Town,Charlton Athletic,2,2,3b,3,4,0,0
1934,Swindon Town,Exeter City,6,1,3b,3,7,5,1
1934,Swindon Town,Southend United,5,0,3b,3,5,5,1
1934,Torquay United,AFC Bournemouth,1,2,3b,3,3,-1,0
1934,Torquay United,Charlton Athletic,1,2,3b,3,3,-1,0
1934,Torquay United,Exeter City,3,0,3b,3,3,3,1
1934,Torquay United,Luton Town,6,2,3b,3,8,4,1
1934,Torquay United,Northampton Town,2,0,3b,3,2,2,1
1934,Watford,Charlton Athletic,2,0,3b,3,2,2,1
1934,Watford,Exeter City,0,1,3b,3,1,-1,0
1934,Watford,Luton Town,2,2,3b,3,4,0,0
1934,Watford,Northampton Town,1,1,3b,3,2,0,0
1934,Watford,Southend United,3,1,3b,3,4,2,1
1935,Arsenal,Bolton Wanderers,1,1,1,1,2,0,0
1935,Arsenal,Huddersfield Town,1,1,1,1,2,0,0
1935,Arsenal,Preston North End,2,1,1,1,3,1,1
1935,Arsenal,Sunderland,3,1,1,1,4,2,1
1935,Aston Villa,Bolton Wanderers,1,2,1,1,3,-1,0
1935,Aston Villa,Derby County,0,2,1,1,2,-2,0
1935,Aston Villa,Manchester City,2,2,1,1,4,0,0
1935,Aston Villa,Preston North End,5,1,1,1,6,4,1
1935,Aston Villa,Sunderland,2,2,1,1,4,0,0
1935,Birmingham City,Derby County,2,3,1,1,5,-1,0
1935,Birmingham City,Sunderland,2,7,1,1,9,-5,0
1935,Blackburn Rovers,Arsenal,0,1,1,1,1,-1,0
1935,Blackburn Rovers,Bolton Wanderers,0,3,1,1,3,-3,0
1935,Blackburn Rovers,Huddersfield Town,2,1,1,1,3,1,1
1935,Blackburn Rovers,Sunderland,1,1,1,1,2,0,0
1935,Bolton Wanderers,Arsenal,2,1,1,1,3,1,1
1935,Bolton Wanderers,Huddersfield Town,1,2,1,1,3,-1,0
1935,Bolton Wanderers,Manchester City,3,3,1,1,6,0,0
1935,Brentford,Blackburn Rovers,3,1,1,1,4,2,1
1935,Brentford,Manchester City,0,0,1,1,0,0,0
1935,Chelsea,Blackburn Rovers,5,1,1,1,6,4,1
1935,Chelsea,Huddersfield Town,1,0,1,1,1,1,1
1935,Chelsea,Preston North End,5,2,1,1,7,3,1
1935,Derby County,Blackburn Rovers,1,0,1,1,1,1,1
1935,Derby County,Huddersfield Town,2,0,1,1,2,2,1
1935,Derby County,Manchester City,3,0,1,1,3,3,1
1935,Derby County,Preston North End,2,0,1,1,2,2,1
1935,Grimsby Town,Arsenal,1,0,1,1,1,1,1
1935,Huddersfield Town,Arsenal,0,0,1,1,0,0,0
1935,Huddersfield Town,Blackburn Rovers,1,1,1,1,2,0,0
1935,Huddersfield Town,Chelsea,2,0,1,1,2,2,1
1935,Huddersfield Town,Sunderland,1,0,1,1,1,1,1
1935,Leeds United,Chelsea,2,0,1,1,2,2,1
1935,Leeds United,Manchester City,1,1,1,1,2,0,0
1935,Liverpool,Blackburn Rovers,4,1,1,1,5,3,1
1935,Liverpool,Chelsea,2,3,1,1,5,-1,0
1935,Liverpool,Manchester City,0,2,1,1,2,-2,0
1935,Liverpool,Sunderland,0,3,1,1,3,-3,0
1935,Manchester City,Arsenal,1,0,1,1,1,1,1
1935,Manchester City,Blackburn Rovers,2,0,1,1,2,2,1
1935,Manchester City,Grimsby Town,0,3,1,1,3,-3,0
1935,Manchester City,Liverpool,6,0,1,1,6,6,1
1935,Middlesbrough,Arsenal,2,2,1,1,4,0,0
1935,Middlesbrough,Chelsea,4,1,1,1,5,3,1
1935,Middlesbrough,Grimsby Town,5,1,1,1,6,4,1
1935,Middlesbrough,Sunderland,6,0,1,1,6,6,1
1935,Portsmouth,Arsenal,2,1,1,1,3,1,1
1935,Portsmouth,Chelsea,2,0,1,1,2,2,1
1935,Portsmouth,Liverpool,2,1,1,1,3,1,1
1935,Portsmouth,Sunderland,2,2,1,1,4,0,0
1935,Preston North End,Arsenal,1,0,1,1,1,1,1
1935,Preston North End,Blackburn Rovers,2,0,1,1,2,2,1
1935,Preston North End,Portsmouth,1,1,1,1,2,0,0
1935,Sheffield Wednesday,Chelsea,4,1,1,1,5,3,1
1935,Sheffield Wednesday,Portsmouth,0,1,1,1,1,-1,0
1935,Stoke City,Grimsby Town,1,0,1,1,1,1,1
1935,Stoke City,Liverpool,2,1,1,1,3,1,1
1935,Stoke City,Portsmouth,2,0,1,1,2,2,1
1935,Sunderland,Blackburn Rovers,7,2,1,1,9,5,1
1935,Sunderland,Chelsea,3,3,1,1,6,0,0
1935,Sunderland,Grimsby Town,3,1,1,1,4,2,1
1935,Sunderland,Liverpool,2,0,1,1,2,2,1
1935,Sunderland,Portsmouth,5,0,1,1,5,5,1
1935,West Bromwich Albion,Arsenal,1,0,1,1,1,1,1
1935,West Bromwich Albion,Blackburn Rovers,8,1,1,1,9,7,1
1935,West Bromwich Albion,Chelsea,1,2,1,1,3,-1,0
1935,Wolverhampton Wanderers,Blackburn Rovers,8,1,1,1,9,7,1
1935,Wolverhampton Wanderers,Portsmouth,2,0,1,1,2,2,1
1935,Barnsley,Doncaster Rovers,2,1,2,2,3,1,1
1935,Barnsley,Leicester City,3,3,2,2,6,0,0
1935,Barnsley,Norwich City,2,3,2,2,5,-1,0
1935,Barnsley,Port Vale,4,2,2,2,6,2,1
1935,Blackpool,Barnsley,3,0,2,2,3,3,1
1935,Blackpool,Doncaster Rovers,5,2,2,2,7,3,1
1935,Blackpool,Leicester City,3,5,2,2,8,-2,0
1935,Blackpool,Port Vale,3,1,2,2,4,2,1
1935,Blackpool,Swansea City,1,1,2,2,2,0,0
1935,Bradford City,Barnsley,1,1,2,2,2,0,0
1935,Bradford City,Norwich City,0,1,2,2,1,-1,0
1935,Bradford City,Port Vale,1,1,2,2,2,0,0
1935,Bradford Park Avenue,Burnley,2,0,2,2,2,2,1
1935,Bradford Park Avenue,Norwich City,1,0,2,2,1,1,1
1935,Bradford Park Avenue,Swansea City,1,1,2,2,2,0,0
1935,Burnley,Barnsley,3,0,2,2,3,3,1
1935,Burnley,Doncaster Rovers,1,1,2,2,2,0,0
1935,Burnley,Norwich City,1,1,2,2,2,0,0
1935,Burnley,Port Vale,5,1,2,2,6,4,1
1935,Bury,Bradford Park Avenue,1,0,2,2,1,1,1
1935,Bury,Doncaster Rovers,5,1,2,2,6,4,1
1935,Bury,Leicester City,3,0,2,2,3,3,1
1935,Bury,Port Vale,5,0,2,2,5,5,1
1935,Charlton Athletic,Barnsley,3,0,2,2,3,3,1
1935,Charlton Athletic,Bradford Park Avenue,3,1,2,2,4,2,1
1935,Charlton Athletic,Leicester City,1,0,2,2,1,1,1
1935,Doncaster Rovers,Charlton Athletic,2,0,2,2,2,2,1
1935,Doncaster Rovers,Swansea City,1,1,2,2,2,0,0
1935,Fulham,Barnsley,1,1,2,2,2,0,0
1935,Fulham,Bradford Park Avenue,4,1,2,2,5,3,1
1935,Fulham,Charlton Athletic,0,0,2,2,0,0,0
1935,Fulham,Leicester City,2,0,2,2,2,2,1
1935,Fulham,Port Vale,7,0,2,2,7,7,1
1935,Hull City,Barnsley,1,3,2,2,4,-2,0
1935,Hull City,Swansea City,3,2,2,2,5,1,1
1935,Leicester City,Charlton Athletic,4,1,2,2,5,3,1
1935,Leicester City,Norwich City,1,1,2,2,2,0,0
1935,Leicester City,Port Vale,2,0,2,2,2,2,1
1935,Manchester United,Barnsley,1,1,2,2,2,0,0
1935,Manchester United,Port Vale,7,2,2,2,9,5,1
1935,Manchester United,Swansea City,3,0,2,2,3,3,1
1935,Newcastle United,Barnsley,3,0,2,2,3,3,1
1935,Newcastle United,Charlton Athletic,1,2,2,2,3,-1,0
1935,Newcastle United,Hull City,4,1,2,2,5,3,1
1935,Norwich City,Barnsley,3,1,2,2,4,2,1
1935,Norwich City,Charlton Athletic,3,1,2,2,4,2,1
1935,Norwich City,Hull City,3,0,2,2,3,3,1
1935,Nottingham Forest,Charlton Athletic,0,0,2,2,0,0,0
1935,Nottingham Forest,Hull City,0,0,2,2,0,0,0
1935,Nottingham Forest,Newcastle United,1,2,2,2,3,-1,0
1935,Plymouth Argyle,Barnsley,7,1,2,2,8,6,1
1935,Plymouth Argyle,Bradford Park Avenue,2,0,2,2,2,2,1
1935,Plymouth Argyle,Charlton Athletic,4,2,2,2,6,2,1
1935,Plymouth Argyle,Hull City,0,1,2,2,1,-1,0
1935,Plymouth Argyle,Newcastle United,1,0,2,2,1,1,1
1935,Plymouth Argyle,Port Vale,4,1,2,2,5,3,1
1935,Plymouth Argyle,Swansea City,1,2,2,2,3,-1,0
1935,Port Vale,Charlton Athletic,2,1,2,2,3,1,1
1935,Port Vale,Plymouth Argyle,2,0,2,2,2,2,1
1935,Sheffield United,Barnsley,2,0,2,2,2,2,1
1935,Sheffield United,Bradford Park Avenue,2,1,2,2,3,1,1
1935,Sheffield United,Charlton Athletic,2,2,2,2,4,0,0
1935,Sheffield United,Newcastle United,5,1,2,2,6,4,1
1935,Sheffield United,Plymouth Argyle,0,0,2,2,0,0,0
1935,Sheffield United,Swansea City,4,1,2,2,5,3,1
1935,Southampton,Barnsley,0,1,2,2,1,-1,0
1935,Southampton,Charlton Athletic,2,5,2,2,7,-3,0
1935,Southampton,Newcastle United,1,3,2,2,4,-2,0
1935,Southampton,Plymouth Argyle,2,0,2,2,2,2,1
1935,Southampton,Swansea City,4,3,2,2,7,1,1
1935,Swansea City,Barnsley,0,0,2,2,0,0,0
1935,Swansea City,Bradford Park Avenue,1,2,2,2,3,-1,0
1935,Swansea City,Hull City,6,1,2,2,7,5,1
1935,Swansea City,Newcastle United,1,2,2,2,3,-1,0
1935,Swansea City,Southampton,0,0,2,2,0,0,0
1935,Tottenham Hotspur,Barnsley,3,0,2,2,3,3,1
1935,Tottenham Hotspur,Bradford Park Avenue,4,0,2,2,4,4,1
1935,Tottenham Hotspur,Hull City,3,1,2,2,4,2,1
1935,Tottenham Hotspur,Newcastle United,1,2,2,2,3,-1,0
1935,Tottenham Hotspur,Plymouth Argyle,1,2,2,2,3,-1,0
1935,West Ham United,Barnsley,2,0,2,2,2,2,1
1935,West Ham United,Bradford Park Avenue,1,0,2,2,1,1,1
1935,West Ham United,Newcastle United,4,1,2,2,5,3,1
1935,Accrington Stanley,Barrow,2,0,3a,3,2,2,1
1935,Accrington Stanley,Gateshead,6,1,3a,3,7,5,1
1935,Accrington Stanley,Lincoln City,2,2,3a,3,4,0,0
1935,Barrow,Chesterfield,1,1,3a,3,2,0,0
1935,Barrow,Gateshead,3,0,3a,3,3,3,1
1935,Barrow,Lincoln City,0,0,3a,3,0,0,0
1935,Barrow,Oldham Athletic,3,0,3a,3,3,3,1
1935,Barrow,Southport,0,1,3a,3,1,-1,0
1935,Carlisle United,Accrington Stanley,3,1,3a,3,4,2,1
1935,Carlisle United,Gateshead,2,0,3a,3,2,2,1
1935,Carlisle United,Southport,4,0,3a,3,4,4,1
1935,Carlisle United,Walsall,2,1,3a,3,3,1,1
1935,Chester,Accrington Stanley,4,0,3a,3,4,4,1
1935,Chester,Chesterfield,1,1,3a,3,2,0,0
1935,Chester,Gateshead,4,0,3a,3,4,4,1
1935,Chester,Southport,5,1,3a,3,6,4,1
1935,Chesterfield,Accrington Stanley,0,3,3a,3,3,-3,0
1935,Chesterfield,Lincoln City,0,1,3a,3,1,-1,0
1935,Chesterfield,Oldham Athletic,3,0,3a,3,3,3,1
1935,Chesterfield,Walsall,3,0,3a,3,3,3,1
1935,Crewe Alexandra,Accrington Stanley,4,0,3a,3,4,4,1
1935,Crewe Alexandra,Chester,1,1,3a,3,2,0,0
1935,Crewe Alexandra,Gateshead,2,4,3a,3,6,-2,0
1935,Crewe Alexandra,Lincoln City,2,1,3a,3,3,1,1
1935,Crewe Alexandra,Oldham Athletic,2,2,3a,3,4,0,0
1935,Darlington,Accrington Stanley,2,1,3a,3,3,1,1
1935,Darlington,Chester,1,1,3a,3,2,0,0
1935,Darlington,Lincoln City,1,0,3a,3,1,1,1
1935,Gateshead,Chester,2,0,3a,3,2,2,1
1935,Gateshead,Darlington,1,1,3a,3,2,0,0
1935,Gateshead,Southport,3,1,3a,3,4,2,1
1935,Gateshead,Walsall,2,2,3a,3,4,0,0
1935,Halifax Town,Accrington Stanley,1,0,3a,3,1,1,1
1935,Halifax Town,Lincoln City,2,1,3a,3,3,1,1
1935,Hartlepool United,Darlington,2,1,3a,3,3,1,1
1935,Hartlepool United,Lincoln City,1,1,3a,3,2,0,0
1935,Lincoln City,Accrington Stanley,6,0,3a,3,6,6,1
1935,Lincoln City,Chester,1,1,3a,3,2,0,0
1935,Lincoln City,Oldham Athletic,2,1,3a,3,3,1,1
1935,Lincoln City,Walsall,4,1,3a,3,5,3,1
1935,Mansfield Town,Chester,0,0,3a,3,0,0,0
1935,Mansfield Town,Hartlepool United,4,0,3a,3,4,4,1
1935,Mansfield Town,Oldham Athletic,1,0,3a,3,1,1,1
1935,Mansfield Town,Southport,5,1,3a,3,6,4,1
1935,Mansfield Town,Walsall,2,2,3a,3,4,0,0
1935,New Brighton,Accrington Stanley,2,3,3a,3,5,-1,0
1935,New Brighton,Chester,3,3,3a,3,6,0,0
1935,New Brighton,Darlington,1,1,3a,3,2,0,0
1935,New Brighton,Hartlepool United,0,0,3a,3,0,0,0
1935,New Brighton,Oldham Athletic,1,3,3a,3,4,-2,0
1935,New Brighton,Walsall,1,1,3a,3,2,0,0
1935,Oldham Athletic,Accrington Stanley,3,0,3a,3,3,3,1
1935,Oldham Athletic,Chester,1,3,3a,3,4,-2,0
1935,Oldham Athletic,Hartlepool United,2,2,3a,3,4,0,0
1935,Oldham Athletic,New Brighton,6,0,3a,3,6,6,1
1935,Oldham Athletic,Southport,4,0,3a,3,4,4,1
1935,Rochdale,Chester,1,1,3a,3,2,0,0
1935,Rochdale,New Brighton,1,0,3a,3,1,1,1
1935,Rotherham United,Darlington,4,0,3a,3,4,4,1
1935,Rotherham United,New Brighton,5,0,3a,3,5,5,1
1935,Southport,Hartlepool United,1,1,3a,3,2,0,0
1935,Southport,New Brighton,2,1,3a,3,3,1,1
1935,Southport,Walsall,1,0,3a,3,1,1,1
1935,Stockport County,Chester,2,0,3a,3,2,2,1
1935,Stockport County,New Brighton,1,1,3a,3,2,0,0
1935,Stockport County,Walsall,0,1,3a,3,1,-1,0
1935,Tranmere Rovers,Chester,3,1,3a,3,4,2,1
1935,Tranmere Rovers,Darlington,2,0,3a,3,2,2,1
1935,Tranmere Rovers,New Brighton,3,1,3a,3,4,2,1
1935,Tranmere Rovers,Rotherham United,2,2,3a,3,4,0,0
1935,Walsall,Accrington Stanley,2,0,3a,3,2,2,1
1935,Walsall,Chester,1,0,3a,3,1,1,1
1935,Walsall,Hartlepool United,6,0,3a,3,6,6,1
1935,Walsall,New Brighton,1,2,3a,3,3,-1,0
1935,Walsall,Rotherham United,0,1,3a,3,1,-1,0
1935,Wrexham,Chester,1,0,3a,3,1,1,1
1935,Wrexham,Darlington,3,1,3a,3,4,2,1
1935,Wrexham,Rotherham United,2,0,3a,3,2,2,1
1935,York City,Hartlepool United,2,2,3a,3,4,0,0
1935,York City,New Brighton,2,0,3a,3,2,2,1
1935,AFC Bournemouth,Leyton Orient,2,0,3b,3,2,2,1
1935,AFC Bournemouth,Swindon Town,1,0,3b,3,1,1,1
1935,Aldershot,AFC Bournemouth,2,0,3b,3,2,2,1
1935,Aldershot,Crystal Palace,1,3,3b,3,4,-2,0
1935,Aldershot,Leyton Orient,1,0,3b,3,1,1,1
1935,Aldershot,Queens Park Rangers,1,3,3b,3,4,-2,0
1935,Aldershot,Swindon Town,1,3,3b,3,4,-2,0
1935,Brighton & Hove Albion,Leyton Orient,1,3,3b,3,4,-2,0
1935,Brighton & Hove Albion,Newport County,7,1,3b,3,8,6,1
1935,Brighton & Hove Albion,Queens Park Rangers,1,1,3b,3,2,0,0
1935,Brighton & Hove Albion,Swindon Town,0,2,3b,3,2,-2,0
1935,Bristol City,Bristol Rovers,0,2,3b,3,2,-2,0
1935,Bristol City,Crystal Palace,2,0,3b,3,2,2,1
1935,Bristol City,Newport County,1,2,3b,3,3,-1,0
1935,Bristol City,Swindon Town,5,0,3b,3,5,5,1
1935,Bristol Rovers,AFC Bournemouth,2,1,3b,3,3,1,1
1935,Bristol Rovers,Bristol City,1,1,3b,3,2,0,0
1935,Bristol Rovers,Newport County,3,0,3b,3,3,3,1
1935,Bristol Rovers,Queens Park Rangers,0,1,3b,3,1,-1,0
1935,Cardiff City,AFC Bournemouth,1,1,3b,3,2,0,0
1935,Cardiff City,Queens Park Rangers,3,2,3b,3,5,1,1
1935,Coventry City,AFC Bournemouth,2,0,3b,3,2,2,1
1935,Coventry City,Bristol City,3,1,3b,3,4,2,1
1935,Coventry City,Crystal Palace,8,1,3b,3,9,7,1
1935,Coventry City,Leyton Orient,2,0,3b,3,2,2,1
1935,Exeter City,AFC Bournemouth,1,3,3b,3,4,-2,0
1935,Exeter City,Bristol City,0,1,3b,3,1,-1,0
1935,Gillingham,Bristol City,2,1,3b,3,3,1,1
1935,Gillingham,Coventry City,1,1,3b,3,2,0,0
1935,Gillingham,Newport County,3,0,3b,3,3,3,1
1935,Gillingham,Queens Park Rangers,2,2,3b,3,4,0,0
1935,Gillingham,Swindon Town,3,1,3b,3,4,2,1
1935,Leyton Orient,AFC Bournemouth,1,1,3b,3,2,0,0
1935,Leyton Orient,Bristol City,2,0,3b,3,2,2,1
1935,Leyton Orient,Coventry City,0,1,3b,3,1,-1,0
1935,Leyton Orient,Newport County,4,0,3b,3,4,4,1
1935,Luton Town,Coventry City,1,1,3b,3,2,0,0
1935,Millwall,AFC Bournemouth,3,0,3b,3,3,3,1
1935,Millwall,Bristol City,1,1,3b,3,2,0,0
1935,Millwall,Newport County,2,2,3b,3,4,0,0
1935,Newport County,Bristol City,2,0,3b,3,2,2,1
1935,Newport County,Gillingham,4,2,3b,3,6,2,1
1935,Newport County,Swindon Town,2,2,3b,3,4,0,0
1935,Northampton Town,AFC Bournemouth,2,1,3b,3,3,1,1
1935,Northampton Town,Bristol City,0,2,3b,3,2,-2,0
1935,Northampton Town,Coventry City,2,4,3b,3,6,-2,0
1935,Northampton Town,Gillingham,0,0,3b,3,0,0,0
1935,Northampton Town,Queens Park Rangers,1,4,3b,3,5,-3,0
1935,Notts County,AFC Bournemouth,1,3,3b,3,4,-2,0
1935,Notts County,Coventry City,2,1,3b,3,3,1,1
1935,Notts County,Gillingham,3,3,3b,3,6,0,0
1935,Notts County,Millwall,0,0,3b,3,0,0,0
1935,Queens Park Rangers,Bristol City,4,1,3b,3,5,3,1
1935,Queens Park Rangers,Swindon Town,5,1,3b,3,6,4,1
1935,Reading,AFC Bournemouth,0,2,3b,3,2,-2,0
1935,Reading,Bristol City,5,2,3b,3,7,3,1
1935,Reading,Coventry City,2,1,3b,3,3,1,1
1935,Reading,Millwall,3,1,3b,3,4,2,1
1935,Southend United,AFC Bournemouth,3,3,3b,3,6,0,0
1935,Southend United,Bristol City,0,1,3b,3,1,-1,0
1935,Swindon Town,Bristol City,1,1,3b,3,2,0,0
1935,Swindon Town,Coventry City,1,2,3b,3,3,-1,0
1935,Swindon Town,Gillingham,3,0,3b,3,3,3,1
1935,Swindon Town,Notts County,2,1,3b,3,3,1,1
1935,Swindon Town,Southend United,1,3,3b,3,4,-2,0
1935,Torquay United,AFC Bournemouth,0,2,3b,3,2,-2,0
1935,Torquay United,Bristol City,2,0,3b,3,2,2,1
1935,Torquay United,Coventry City,3,3,3b,3,6,0,0
1935,Torquay United,Gillingham,4,2,3b,3,6,2,1
1935,Torquay United,Millwall,1,3,3b,3,4,-2,0
1935,Torquay United,Notts County,0,1,3b,3,1,-1,0
1935,Torquay United,Southend United,1,1,3b,3,2,0,0
1935,Watford,Coventry City,5,0,3b,3,5,5,1
1935,Watford,Millwall,2,1,3b,3,3,1,1
1935,Watford,Notts County,1,2,3b,3,3,-1,0
1936,Arsenal,Birmingham City,1,1,1,1,2,0,0
1936,Arsenal,Preston North End,4,1,1,1,5,3,1
1936,Arsenal,Sunderland,4,1,1,1,5,3,1
1936,Birmingham City,Arsenal,1,3,1,1,4,-2,0
1936,Birmingham City,Everton,2,0,1,1,2,2,1
1936,Birmingham City,Leeds United,2,1,1,1,3,1,1
1936,Birmingham City,Manchester United,2,2,1,1,4,0,0
1936,Bolton Wanderers,Everton,1,2,1,1,3,-1,0
1936,Bolton Wanderers,Manchester United,0,4,1,1,4,-4,0
1936,Bolton Wanderers,Preston North End,0,0,1,1,0,0,0
1936,Bolton Wanderers,Sunderland,1,1,1,1,2,0,0
1936,Brentford,Arsenal,2,0,1,1,2,2,1
1936,Brentford,Charlton Athletic,4,2,1,1,6,2,1
1936,Brentford,Manchester United,4,0,1,1,4,4,1
1936,Brentford,Sunderland,3,3,1,1,6,0,0
1936,Charlton Athletic,Arsenal,0,2,1,1,2,-2,0
1936,Charlton Athletic,Brentford,2,1,1,1,3,1,1
1936,Charlton Athletic,Everton,2,0,1,1,2,2,1
1936,Charlton Athletic,Manchester United,3,0,1,1,3,3,1
1936,Charlton Athletic,Sunderland,3,1,1,1,4,2,1
1936,Chelsea,Brentford,2,1,1,1,3,1,1
1936,Chelsea,Everton,4,0,1,1,4,4,1
1936,Chelsea,Manchester United,4,2,1,1,6,2,1
1936,Chelsea,Preston North End,0,0,1,1,0,0,0
1936,Derby County,Arsenal,5,4,1,1,9,1,1
1936,Derby County,Brentford,2,3,1,1,5,-1,0
1936,Derby County,Leeds United,5,3,1,1,8,2,1
1936,Derby County,Manchester United,5,4,1,1,9,1,1
1936,Everton,Brentford,3,0,1,1,3,3,1
1936,Everton,Derby County,7,0,1,1,7,7,1
1936,Everton,Manchester United,2,3,1,1,5,-1,0
1936,Grimsby Town,Leeds United,4,1,1,1,5,3,1
1936,Grimsby Town,Manchester United,6,2,1,1,8,4,1
1936,Grimsby Town,Preston North End,6,4,1,1,10,2,1
1936,Huddersfield Town,Arsenal,0,0,1,1,0,0,0
1936,Huddersfield Town,Derby County,2,0,1,1,2,2,1
1936,Huddersfield Town,Leeds United,3,0,1,1,3,3,1
1936,Huddersfield Town,Manchester United,3,1,1,1,4,2,1
1936,Huddersfield Town,Sunderland,2,1,1,1,3,1,1
1936,Leeds United,Arsenal,3,4,1,1,7,-1,0
1936,Leeds United,Brentford,3,1,1,1,4,2,1
1936,Leeds United,Derby County,2,0,1,1,2,2,1
1936,Liverpool,Huddersfield Town,1,1,1,1,2,0,0
1936,Liverpool,Sunderland,4,0,1,1,4,4,1
1936,Manchester City,Derby County,3,2,1,1,5,1,1
1936,Manchester City,Huddersfield Town,3,0,1,1,3,3,1
1936,Manchester City,Manchester United,1,0,1,1,1,1,1
1936,Manchester City,Sunderland,2,4,1,1,6,-2,0
1936,Manchester United,Arsenal,2,0,1,1,2,2,1
1936,Manchester United,Derby County,2,2,1,1,4,0,0
1936,Manchester United,Huddersfield Town,3,1,1,1,4,2,1
1936,Middlesbrough,Arsenal,1,1,1,1,2,0,0
1936,Middlesbrough,Brentford,3,0,1,1,3,3,1
1936,Middlesbrough,Derby County,1,3,1,1,4,-2,0
1936,Middlesbrough,Huddersfield Town,5,0,1,1,5,5,1
1936,Middlesbrough,Sunderland,5,5,1,1,10,0,0
1936,Portsmouth,Arsenal,1,5,1,1,6,-4,0
1936,Portsmouth,Brentford,1,3,1,1,4,-2,0
1936,Portsmouth,Derby County,1,2,1,1,3,-1,0
1936,Portsmouth,Manchester City,2,1,1,1,3,1,1
1936,Portsmouth,Sunderland,3,2,1,1,5,1,1
1936,Preston North End,Derby County,5,2,1,1,7,3,1
1936,Preston North End,Huddersfield Town,1,1,1,1,2,0,0
1936,Preston North End,Portsmouth,1,1,1,1,2,0,0
1936,Sheffield Wednesday,Arsenal,0,0,1,1,0,0,0
1936,Sheffield Wednesday,Brentford,0,2,1,1,2,-2,0
1936,Sheffield Wednesday,Portsmouth,0,0,1,1,0,0,0
1936,Stoke City,Arsenal,0,0,1,1,0,0,0
1936,Stoke City,Brentford,5,1,1,1,6,4,1
1936,Stoke City,Derby County,1,2,1,1,3,-1,0
1936,Stoke City,Portsmouth,2,4,1,1,6,-2,0
1936,Stoke City,Sunderland,5,3,1,1,8,2,1
1936,Sunderland,Arsenal,1,1,1,1,2,0,0
1936,Sunderland,Derby County,3,2,1,1,5,1,1
1936,Sunderland,Huddersfield Town,3,2,1,1,5,1,1
1936,Sunderland,Manchester City,1,3,1,1,4,-2,0
1936,West Bromwich Albion,Brentford,1,0,1,1,1,1,1
1936,West Bromwich Albion,Portsmouth,3,1,1,1,4,2,1
1936,Wolverhampton Wanderers,Derby County,3,1,1,1,4,2,1
1936,Wolverhampton Wanderers,Huddersfield Town,3,1,1,1,4,2,1
1936,Wolverhampton Wanderers,Manchester City,2,1,1,1,3,1,1
1936,Aston Villa,Bradford City,5,1,2,2,6,4,1
1936,Aston Villa,Newcastle United,0,2,2,2,2,-2,0
1936,Aston Villa,Plymouth Argyle,5,4,2,2,9,1,1
1936,Aston Villa,Swansea City,4,0,2,2,4,4,1
1936,Barnsley,Bradford City,1,1,2,2,2,0,0
1936,Barnsley,Doncaster Rovers,4,1,2,2,5,3,1
1936,Barnsley,Newcastle United,1,0,2,2,1,1,1
1936,Blackburn Rovers,Bradford City,3,0,2,2,3,3,1
1936,Blackburn Rovers,Bury,2,3,2,2,5,-1,0
1936,Blackburn Rovers,Doncaster Rovers,2,0,2,2,2,2,1
1936,Blackburn Rovers,Plymouth Argyle,2,3,2,2,5,-1,0
1936,Blackpool,Newcastle United,3,0,2,2,3,3,1
1936,Blackpool,Plymouth Argyle,1,1,2,2,2,0,0
1936,Bradford City,Blackpool,1,4,2,2,5,-3,0
1936,Bradford City,Bury,0,1,2,2,1,-1,0
1936,Bradford City,Doncaster Rovers,0,0,2,2,0,0,0
1936,Bradford City,Plymouth Argyle,1,1,2,2,2,0,0
1936,Bradford Park Avenue,Aston Villa,3,3,2,2,6,0,0
1936,Bradford Park Avenue,Blackpool,2,1,2,2,3,1,1
1936,Bradford Park Avenue,Swansea City,1,1,2,2,2,0,0
1936,Burnley,Aston Villa,1,2,2,2,3,-1,0
1936,Burnley,Blackpool,3,0,2,2,3,3,1
1936,Burnley,Bury,1,2,2,2,3,-1,0
1936,Burnley,Swansea City,0,0,2,2,0,0,0
1936,Bury,Aston Villa,2,1,2,2,3,1,1
1936,Bury,Newcastle United,1,2,2,2,3,-1,0
1936,Chesterfield,Aston Villa,1,0,2,2,1,1,1
1936,Chesterfield,Blackpool,0,4,2,2,4,-4,0
1936,Chesterfield,Newcastle United,4,0,2,2,4,4,1
1936,Chesterfield,Plymouth Argyle,0,1,2,2,1,-1,0
1936,Chesterfield,Swansea City,4,0,2,2,4,4,1
1936,Coventry City,Aston Villa,1,0,2,2,1,1,1
1936,Coventry City,Plymouth Argyle,2,0,2,2,2,2,1
1936,Doncaster Rovers,Aston Villa,1,0,2,2,1,1,1
1936,Doncaster Rovers,Coventry City,1,1,2,2,2,0,0
1936,Doncaster Rovers,Newcastle United,1,2,2,2,3,-1,0
1936,Fulham,Blackpool,0,3,2,2,3,-3,0
1936,Fulham,Burnley,2,0,2,2,2,2,1
1936,Fulham,Newcastle United,3,4,2,2,7,-1,0
1936,Fulham,Swansea City,5,0,2,2,5,5,1
1936,Leicester City,Blackpool,1,2,2,2,3,-1,0
1936,Leicester City,Newcastle United,3,2,2,2,5,1,1
1936,Leicester City,Swansea City,0,0,2,2,0,0,0
1936,Newcastle United,Blackpool,1,2,2,2,3,-1,0
1936,Newcastle United,Burnley,3,0,2,2,3,3,1
1936,Norwich City,Burnley,2,2,2,2,4,0,0
1936,Norwich City,Coventry City,0,3,2,2,3,-3,0
1936,Norwich City,Plymouth Argyle,1,2,2,2,3,-1,0
1936,Norwich City,Swansea City,3,0,2,2,3,3,1
1936,Nottingham Forest,Aston Villa,1,1,2,2,2,0,0
1936,Nottingham Forest,Blackpool,1,1,2,2,2,0,0
1936,Nottingham Forest,Leicester City,0,3,2,2,3,-3,0
1936,Nottingham Forest,Plymouth Argyle,2,3,2,2,5,-1,0
1936,Nottingham Forest,Swansea City,6,1,2,2,7,5,1
1936,Plymouth Argyle,Blackpool,1,3,2,2,4,-2,0
1936,Plymouth Argyle,Burnley,0,1,2,2,1,-1,0
1936,Plymouth Argyle,Leicester City,2,1,2,2,3,1,1
1936,Plymouth Argyle,Nottingham Forest,4,1,2,2,5,3,1
1936,Plymouth Argyle,Swansea City,0,0,2,2,0,0,0
1936,Sheffield United,Blackpool,2,2,2,2,4,0,0
1936,Sheffield United,Coventry City,2,2,2,2,4,0,0
1936,Sheffield United,Nottingham Forest,4,1,2,2,5,3,1
1936,Southampton,Burnley,1,1,2,2,2,0,0
1936,Southampton,Nottingham Forest,0,3,2,2,3,-3,0
1936,Swansea City,Aston Villa,1,2,2,2,3,-1,0
1936,Swansea City,Blackpool,1,1,2,2,2,0,0
1936,Swansea City,Burnley,3,0,2,2,3,3,1
1936,Swansea City,Nottingham Forest,1,0,2,2,1,1,1
1936,Tottenham Hotspur,Blackpool,1,2,2,2,3,-1,0
1936,Tottenham Hotspur,Burnley,3,0,2,2,3,3,1
1936,Tottenham Hotspur,Coventry City,3,1,2,2,4,2,1
1936,Tottenham Hotspur,Leicester City,4,2,2,2,6,2,1
1936,Tottenham Hotspur,Nottingham Forest,2,1,2,2,3,1,1
1936,Tottenham Hotspur,Southampton,4,0,2,2,4,4,1
1936,West Ham United,Blackpool,3,0,2,2,3,3,1
1936,West Ham United,Burnley,0,2,2,2,2,-2,0
1936,Accrington Stanley,Barrow,5,0,3a,3,5,5,1
1936,Accrington Stanley,Halifax Town,3,2,3a,3,5,1,1
1936,Accrington Stanley,Lincoln City,1,2,3a,3,3,-1,0
1936,Barrow,Accrington Stanley,1,0,3a,3,1,1,1
1936,Barrow,Halifax Town,1,2,3a,3,3,-1,0
1936,Barrow,Lincoln City,0,4,3a,3,4,-4,0
1936,Barrow,Oldham Athletic,1,2,3a,3,3,-1,0
1936,Carlisle United,Crewe Alexandra,4,0,3a,3,4,4,1
1936,Carlisle United,Halifax Town,1,2,3a,3,3,-1,0
1936,Carlisle United,Lincoln City,3,1,3a,3,4,2,1
1936,Carlisle United,Oldham Athletic,2,1,3a,3,3,1,1
1936,Carlisle United,Rotherham United,4,1,3a,3,5,3,1
1936,Carlisle United,Tranmere Rovers,3,1,3a,3,4,2,1
1936,Chester,Accrington Stanley,1,1,3a,3,2,0,0
1936,Chester,Crewe Alexandra,5,0,3a,3,5,5,1
1936,Chester,Halifax Town,1,1,3a,3,2,0,0
1936,Chester,Lincoln City,7,3,3a,3,10,4,1
1936,Chester,Oldham Athletic,2,1,3a,3,3,1,1
1936,Chester,Rotherham United,2,1,3a,3,3,1,1
1936,Crewe Alexandra,Accrington Stanley,2,2,3a,3,4,0,0
1936,Crewe Alexandra,Chester,1,1,3a,3,2,0,0
1936,Crewe Alexandra,Halifax Town,0,1,3a,3,1,-1,0
1936,Crewe Alexandra,Lincoln City,2,1,3a,3,3,1,1
1936,Crewe Alexandra,Tranmere Rovers,2,2,3a,3,4,0,0
1936,Darlington,Accrington Stanley,4,1,3a,3,5,3,1
1936,Darlington,Chester,1,3,3a,3,4,-2,0
1936,Darlington,Halifax Town,3,3,3a,3,6,0,0
1936,Darlington,Lincoln City,2,2,3a,3,4,0,0
1936,Darlington,Oldham Athletic,0,3,3a,3,3,-3,0
1936,Darlington,Tranmere Rovers,3,2,3a,3,5,1,1
1936,Gateshead,Accrington Stanley,1,1,3a,3,2,0,0
1936,Gateshead,Lincoln City,0,5,3a,3,5,-5,0
1936,Gateshead,Tranmere Rovers,4,0,3a,3,4,4,1
1936,Halifax Town,Accrington Stanley,3,0,3a,3,3,3,1
1936,Halifax Town,Gateshead,2,1,3a,3,3,1,1
1936,Halifax Town,Lincoln City,2,3,3a,3,5,-1,0
1936,Hartlepool United,Chester,0,1,3a,3,1,-1,0
1936,Hartlepool United,Lincoln City,3,1,3a,3,4,2,1
1936,Hartlepool United,Oldham Athletic,1,0,3a,3,1,1,1
1936,Hartlepool United,Rotherham United,0,2,3a,3,2,-2,0
1936,Hull City,Chester,1,1,3a,3,2,0,0
1936,Hull City,Oldham Athletic,2,0,3a,3,2,2,1
1936,Lincoln City,Accrington Stanley,3,3,3a,3,6,0,0
1936,Lincoln City,Hull City,5,0,3a,3,5,5,1
1936,Mansfield Town,Gateshead,3,2,3a,3,5,1,1
1936,Mansfield Town,Hull City,5,2,3a,3,7,3,1
1936,Mansfield Town,Oldham Athletic,1,2,3a,3,3,-1,0
1936,New Brighton,Gateshead,1,1,3a,3,2,0,0
1936,New Brighton,Hull City,1,1,3a,3,2,0,0
1936,New Brighton,Oldham Athletic,0,2,3a,3,2,-2,0
1936,New Brighton,Rotherham United,4,0,3a,3,4,4,1
1936,New Brighton,Tranmere Rovers,1,2,3a,3,3,-1,0
1936,Oldham Athletic,Gateshead,4,4,3a,3,8,0,0
1936,Oldham Athletic,Rotherham United,4,1,3a,3,5,3,1
1936,Oldham Athletic,Tranmere Rovers,3,0,3a,3,3,3,1
1936,Port Vale,Accrington Stanley,1,1,3a,3,2,0,0
1936,Port Vale,Hull City,1,3,3a,3,4,-2,0
1936,Port Vale,Rotherham United,2,1,3a,3,3,1,1
1936,Port Vale,Tranmere Rovers,2,1,3a,3,3,1,1
1936,Rochdale,Accrington Stanley,4,1,3a,3,5,3,1
1936,Rochdale,New Brighton,4,0,3a,3,4,4,1
1936,Rochdale,Rotherham United,1,0,3a,3,1,1,1
1936,Rochdale,Tranmere Rovers,2,1,3a,3,3,1,1
1936,Rotherham United,Accrington Stanley,2,2,3a,3,4,0,0
1936,Rotherham United,Chester,2,1,3a,3,3,1,1
1936,Rotherham United,Gateshead,3,0,3a,3,3,3,1
1936,Rotherham United,Hull City,0,0,3a,3,0,0,0
1936,Southport,Chester,1,2,3a,3,3,-1,0
1936,Southport,Gateshead,3,0,3a,3,3,3,1
1936,Southport,Hull City,1,4,3a,3,5,-3,0
1936,Southport,New Brighton,3,0,3a,3,3,3,1
1936,Southport,Rochdale,1,1,3a,3,2,0,0
1936,Southport,Tranmere Rovers,1,0,3a,3,1,1,1
1936,Stockport County,Accrington Stanley,3,2,3a,3,5,1,1
1936,Stockport County,Chester,4,0,3a,3,4,4,1
1936,Stockport County,Gateshead,4,2,3a,3,6,2,1
1936,Stockport County,Hull City,3,1,3a,3,4,2,1
1936,Stockport County,Tranmere Rovers,5,0,3a,3,5,5,1
1936,Tranmere Rovers,Accrington Stanley,1,2,3a,3,3,-1,0
1936,Tranmere Rovers,Chester,5,0,3a,3,5,5,1
1936,Tranmere Rovers,Gateshead,6,1,3a,3,7,5,1
1936,Tranmere Rovers,Hull City,2,1,3a,3,3,1,1
1936,Tranmere Rovers,New Brighton,3,2,3a,3,5,1,1
1936,Tranmere Rovers,Rochdale,4,3,3a,3,7,1,1
1936,Wrexham,Accrington Stanley,1,0,3a,3,1,1,1
1936,Wrexham,Chester,1,2,3a,3,3,-1,0
1936,Wrexham,Gateshead,6,0,3a,3,6,6,1
1936,Wrexham,Hull City,2,1,3a,3,3,1,1
1936,Wrexham,Stockport County,0,0,3a,3,0,0,0
1936,York City,Stockport County,2,1,3a,3,3,1,1
1936,AFC Bournemouth,Bristol Rovers,3,0,3b,3,3,3,1
1936,AFC Bournemouth,Exeter City,0,0,3b,3,0,0,0
1936,AFC Bournemouth,Reading,2,1,3b,3,3,1,1
1936,Aldershot,Luton Town,2,3,3b,3,5,-1,0
1936,Aldershot,Northampton Town,0,2,3b,3,2,-2,0
1936,Aldershot,Reading,0,2,3b,3,2,-2,0
1936,Brighton & Hove Albion,AFC Bournemouth,1,0,3b,3,1,1,1
1936,Brighton & Hove Albion,Luton Town,2,1,3b,3,3,1,1
1936,Brighton & Hove Albion,Reading,1,1,3b,3,2,0,0
1936,Bristol City,Bristol Rovers,4,1,3b,3,5,3,1
1936,Bristol City,Exeter City,2,1,3b,3,3,1,1
1936,Bristol City,Reading,1,2,3b,3,3,-1,0
1936,Bristol Rovers,AFC Bournemouth,4,0,3b,3,4,4,1
1936,Bristol Rovers,Exeter City,4,2,3b,3,6,2,1
1936,Bristol Rovers,Northampton Town,2,0,3b,3,2,2,1
1936,Bristol Rovers,Reading,2,2,3b,3,4,0,0
1936,Bristol Rovers,Torquay United,5,1,3b,3,6,4,1
1936,Cardiff City,Bristol City,3,1,3b,3,4,2,1
1936,Cardiff City,Luton Town,3,0,3b,3,3,3,1
1936,Cardiff City,Reading,1,1,3b,3,2,0,0
1936,Cardiff City,Torquay United,0,2,3b,3,2,-2,0
1936,Crystal Palace,Luton Town,0,4,3b,3,4,-4,0
1936,Crystal Palace,Torquay United,0,0,3b,3,0,0,0
1936,Exeter City,AFC Bournemouth,1,1,3b,3,2,0,0
1936,Exeter City,Luton Town,2,4,3b,3,6,-2,0
1936,Exeter City,Reading,2,0,3b,3,2,2,1
1936,Exeter City,Torquay United,2,1,3b,3,3,1,1
1936,Gillingham,AFC Bournemouth,1,0,3b,3,1,1,1
1936,Gillingham,Luton Town,1,0,3b,3,1,1,1
1936,Gillingham,Northampton Town,2,0,3b,3,2,2,1
1936,Gillingham,Reading,2,1,3b,3,3,1,1
1936,Leyton Orient,AFC Bournemouth,2,1,3b,3,3,1,1
1936,Leyton Orient,Bristol City,0,0,3b,3,0,0,0
1936,Leyton Orient,Crystal Palace,1,1,3b,3,2,0,0
1936,Leyton Orient,Northampton Town,3,1,3b,3,4,2,1
1936,Leyton Orient,Reading,3,2,3b,3,5,1,1
1936,Luton Town,AFC Bournemouth,1,0,3b,3,1,1,1
1936,Luton Town,Bristol City,4,0,3b,3,4,4,1
1936,Luton Town,Northampton Town,3,2,3b,3,5,1,1
1936,Luton Town,Reading,4,0,3b,3,4,4,1
1936,Luton Town,Torquay United,2,0,3b,3,2,2,1
1936,Millwall,Bristol City,3,1,3b,3,4,2,1
1936,Millwall,Crystal Palace,3,0,3b,3,3,3,1
1936,Millwall,Leyton Orient,2,1,3b,3,3,1,1
1936,Newport County,AFC Bournemouth,4,0,3b,3,4,4,1
1936,Newport County,Bristol City,0,0,3b,3,0,0,0
1936,Newport County,Torquay United,1,1,3b,3,2,0,0
1936,Northampton Town,Bristol City,5,1,3b,3,6,4,1
1936,Northampton Town,Reading,2,1,3b,3,3,1,1
1936,Notts County,Bristol City,1,0,3b,3,1,1,1
1936,Notts County,Torquay United,2,0,3b,3,2,2,1
1936,Queens Park Rangers,Bristol City,5,0,3b,3,5,5,1
1936,Queens Park Rangers,Crystal Palace,1,3,3b,3,4,-2,0
1936,Queens Park Rangers,Reading,0,0,3b,3,0,0,0
1936,Queens Park Rangers,Torquay United,3,0,3b,3,3,3,1
1936,Reading,Bristol City,2,1,3b,3,3,1,1
1936,Reading,Queens Park Rangers,2,0,3b,3,2,2,1
1936,Reading,Torquay United,5,1,3b,3,6,4,1
1936,Southend United,Queens Park Rangers,3,2,3b,3,5,1,1
1936,Southend United,Torquay United,0,0,3b,3,0,0,0
1936,Swindon Town,AFC Bournemouth,3,1,3b,3,4,2,1
1936,Swindon Town,Leyton Orient,1,3,3b,3,4,-2,0
1936,Swindon Town,Queens Park Rangers,1,1,3b,3,2,0,0
1936,Torquay United,AFC Bournemouth,0,0,3b,3,0,0,0
1936,Torquay United,Bristol City,5,2,3b,3,7,3,1
1936,Torquay United,Queens Park Rangers,1,1,3b,3,2,0,0
1936,Walsall,Newport County,1,2,3b,3,3,-1,0
1936,Walsall,Queens Park Rangers,2,4,3b,3,6,-2,0
1936,Walsall,Swindon Town,5,2,3b,3,7,3,1
1936,Watford,Crystal Palace,3,1,3b,3,4,2,1
1936,Watford,Leyton Orient,2,1,3b,3,3,1,1
1936,Watford,Queens Park Rangers,2,0,3b,3,2,2,1
1937,Birmingham City,Derby County,1,0,1,1,1,1,1
1937,Birmingham City,Huddersfield Town,2,2,1,1,4,0,0
1937,Birmingham City,Liverpool,2,2,1,1,4,0,0
1937,Birmingham City,Portsmouth,2,2,1,1,4,0,0
1937,Blackpool,Arsenal,2,1,1,1,3,1,1
1937,Blackpool,Liverpool,0,1,1,1,1,-1,0
1937,Blackpool,Portsmouth,2,0,1,1,2,2,1
1937,Bolton Wanderers,Arsenal,1,0,1,1,1,1,1
1937,Bolton Wanderers,Derby County,0,2,1,1,2,-2,0
1937,Bolton Wanderers,Huddersfield Town,2,0,1,1,2,2,1
1937,Bolton Wanderers,Sunderland,1,1,1,1,2,0,0
1937,Brentford,Arsenal,3,0,1,1,3,3,1
1937,Brentford,Derby County,2,3,1,1,5,-1,0
1937,Brentford,Liverpool,1,3,1,1,4,-2,0
1937,Brentford,Portsmouth,2,0,1,1,2,2,1
1937,Brentford,Sunderland,4,0,1,1,4,4,1
1937,Charlton Athletic,Bolton Wanderers,1,1,1,1,2,0,0
1937,Charlton Athletic,Derby County,1,2,1,1,3,-1,0
1937,Charlton Athletic,Liverpool,3,0,1,1,3,3,1
1937,Chelsea,Bolton Wanderers,0,0,1,1,0,0,0
1937,Chelsea,Portsmouth,3,1,1,1,4,2,1
1937,Chelsea,Sunderland,0,0,1,1,0,0,0
1937,Derby County,Bolton Wanderers,4,2,1,1,6,2,1
1937,Derby County,Liverpool,4,1,1,1,5,3,1
1937,Derby County,Portsmouth,1,0,1,1,1,1,1
1937,Everton,Arsenal,1,4,1,1,5,-3,0
1937,Everton,Bolton Wanderers,4,1,1,1,5,3,1
1937,Everton,Liverpool,1,3,1,1,4,-2,0
1937,Everton,Portsmouth,5,2,1,1,7,3,1
1937,Everton,Sunderland,3,3,1,1,6,0,0
1937,Grimsby Town,Chelsea,2,0,1,1,2,2,1
1937,Grimsby Town,Liverpool,0,0,1,1,0,0,0
1937,Grimsby Town,Portsmouth,1,0,1,1,1,1,1
1937,Huddersfield Town,Bolton Wanderers,1,0,1,1,1,1,1
1937,Huddersfield Town,Chelsea,1,2,1,1,3,-1,0
1937,Huddersfield Town,Grimsby Town,1,2,1,1,3,-1,0
1937,Leeds United,Arsenal,0,1,1,1,1,-1,0
1937,Leeds United,Bolton Wanderers,1,1,1,1,2,0,0
1937,Leeds United,Grimsby Town,1,1,1,1,2,0,0
1937,Leeds United,Liverpool,2,0,1,1,2,2,1
1937,Leeds United,Sunderland,4,3,1,1,7,1,1
1937,Leicester City,Arsenal,1,1,1,1,2,0,0
1937,Leicester City,Chelsea,1,0,1,1,1,1,1
1937,Leicester City,Grimsby Town,1,0,1,1,1,1,1
1937,Leicester City,Liverpool,2,2,1,1,4,0,0
1937,Leicester City,Sunderland,4,0,1,1,4,4,1
1937,Liverpool,Bolton Wanderers,2,1,1,1,3,1,1
1937,Liverpool,Leicester City,1,1,1,1,2,0,0
1937,Liverpool,Portsmouth,3,2,1,1,5,1,1
1937,Manchester City,Chelsea,1,0,1,1,1,1,1
1937,Manchester City,Grimsby Town,3,1,1,1,4,2,1
1937,Manchester City,Sunderland,0,0,1,1,0,0,0
1937,Middlesbrough,Arsenal,2,1,1,1,3,1,1
1937,Middlesbrough,Bolton Wanderers,1,2,1,1,3,-1,0
1937,Middlesbrough,Chelsea,4,3,1,1,7,1,1
1937,Middlesbrough,Leicester City,4,2,1,1,6,2,1
1937,Middlesbrough,Portsmouth,0,0,1,1,0,0,0
1937,Middlesbrough,Sunderland,2,1,1,1,3,1,1
1937,Portsmouth,Chelsea,2,4,1,1,6,-2,0
1937,Portsmouth,Grimsby Town,3,0,1,1,3,3,1
1937,Portsmouth,Leicester City,1,1,1,1,2,0,0
1937,Portsmouth,Sunderland,1,0,1,1,1,1,1
1937,Preston North End,Arsenal,1,3,1,1,4,-2,0
1937,Preston North End,Bolton Wanderers,2,2,1,1,4,0,0
1937,Preston North End,Leicester City,0,0,1,1,0,0,0
1937,Stoke City,Chelsea,2,1,1,1,3,1,1
1937,Stoke City,Leicester City,1,2,1,1,3,-1,0
1937,Stoke City,Sunderland,0,0,1,1,0,0,0
1937,Sunderland,Arsenal,1,1,1,1,2,0,0
1937,Sunderland,Middlesbrough,3,1,1,1,4,2,1
1937,West Bromwich Albion,Arsenal,0,0,1,1,0,0,0
1937,West Bromwich Albion,Chelsea,4,0,1,1,4,4,1
1937,West Bromwich Albion,Grimsby Town,2,1,1,1,3,1,1
1937,West Bromwich Albion,Leicester City,1,3,1,1,4,-2,0
1937,Wolverhampton Wanderers,Bolton Wanderers,1,1,1,1,2,0,0
1937,Wolverhampton Wanderers,Chelsea,1,1,1,1,2,0,0
1937,Wolverhampton Wanderers,Leicester City,10,1,1,1,11,9,1
1937,Aston Villa,Barnsley,3,0,2,2,3,3,1
1937,Aston Villa,Sheffield Wednesday,4,3,2,2,7,1,1
1937,Barnsley,Aston Villa,0,1,2,2,1,-1,0
1937,Barnsley,Burnley,2,2,2,2,4,0,0
1937,Barnsley,Coventry City,1,1,2,2,2,0,0
1937,Blackburn Rovers,Manchester United,1,1,2,2,2,0,0
1937,Bradford Park Avenue,Aston Villa,1,2,2,2,3,-1,0
1937,Bradford Park Avenue,Coventry City,0,1,2,2,1,-1,0
1937,Bradford Park Avenue,Sheffield Wednesday,1,1,2,2,2,0,0
1937,Bradford Park Avenue,Swansea City,0,1,2,2,1,-1,0
1937,Burnley,Aston Villa,3,0,2,2,3,3,1
1937,Burnley,Bradford Park Avenue,1,1,2,2,2,0,0
1937,Burnley,Coventry City,2,0,2,2,2,2,1
1937,Burnley,Nottingham Forest,0,0,2,2,0,0,0
1937,Burnley,Sheffield Wednesday,1,1,2,2,2,0,0
1937,Bury,Aston Villa,1,1,2,2,2,0,0
1937,Bury,Coventry City,0,2,2,2,2,-2,0
1937,Bury,Manchester United,1,2,2,2,3,-1,0
1937,Bury,Nottingham Forest,2,0,2,2,2,2,1
1937,Chesterfield,Manchester United,1,7,2,2,8,-6,0
1937,Chesterfield,Nottingham Forest,1,0,2,2,1,1,1
1937,Chesterfield,Sheffield Wednesday,1,0,2,2,1,1,1
1937,Chesterfield,Swansea City,4,1,2,2,5,3,1
1937,Coventry City,Aston Villa,0,1,2,2,1,-1,0
1937,Coventry City,Manchester United,1,0,2,2,1,1,1
1937,Coventry City,Swansea City,5,0,2,2,5,5,1
1937,Fulham,Bradford Park Avenue,1,1,2,2,2,0,0
1937,Fulham,Chesterfield,1,1,2,2,2,0,0
1937,Fulham,Manchester United,1,0,2,2,1,1,1
1937,Fulham,Sheffield Wednesday,0,0,2,2,0,0,0
1937,Luton Town,Aston Villa,3,2,2,2,5,1,1
1937,Luton Town,Chesterfield,1,1,2,2,2,0,0
1937,Luton Town,Manchester United,1,0,2,2,1,1,1
1937,Luton Town,Sheffield Wednesday,2,2,2,2,4,0,0
1937,Luton Town,Swansea City,5,1,2,2,6,4,1
1937,Manchester United,Bradford Park Avenue,3,1,2,2,4,2,1
1937,Manchester United,Luton Town,4,2,2,2,6,2,1
1937,Manchester United,Swansea City,5,1,2,2,6,4,1
1937,Newcastle United,Chesterfield,3,1,2,2,4,2,1
1937,Newcastle United,Swansea City,1,0,2,2,1,1,1
1937,Norwich City,Aston Villa,1,0,2,2,1,1,1
1937,Norwich City,Bradford Park Avenue,1,1,2,2,2,0,0
1937,Norwich City,Luton Town,0,4,2,2,4,-4,0
1937,Nottingham Forest,Aston Villa,0,2,2,2,2,-2,0
1937,Nottingham Forest,Luton Town,1,0,2,2,1,1,1
1937,Nottingham Forest,Norwich City,1,2,2,2,3,-1,0
1937,Nottingham Forest,Sheffield Wednesday,0,1,2,2,1,-1,0
1937,Plymouth Argyle,Aston Villa,0,3,2,2,3,-3,0
1937,Plymouth Argyle,Luton Town,2,4,2,2,6,-2,0
1937,Plymouth Argyle,Sheffield Wednesday,2,4,2,2,6,-2,0
1937,Sheffield Wednesday,Bradford Park Avenue,1,0,2,2,1,1,1
1937,Sheffield Wednesday,Sheffield United,0,1,2,2,1,-1,0
1937,Southampton,Bradford Park Avenue,2,1,2,2,3,1,1
1937,Southampton,Chesterfield,0,1,2,2,1,-1,0
1937,Southampton,Luton Town,3,6,2,2,9,-3,0
1937,Southampton,Norwich City,3,1,2,2,4,2,1
1937,Stockport County,Aston Villa,1,3,2,2,4,-2,0
1937,Stockport County,Luton Town,2,1,2,2,3,1,1
1937,Swansea City,Bradford Park Avenue,0,1,2,2,1,-1,0
1937,Swansea City,Norwich City,1,0,2,2,1,1,1
1937,Swansea City,Stockport County,0,2,2,2,2,-2,0
1937,Tottenham Hotspur,Luton Town,3,0,2,2,3,3,1
1937,Tottenham Hotspur,Stockport County,2,0,2,2,2,2,1
1937,West Ham United,Bradford Park Avenue,3,1,2,2,4,2,1
1937,West Ham United,Chesterfield,5,0,2,2,5,5,1
1937,West Ham United,Luton Town,0,0,2,2,0,0,0
1937,West Ham United,Stockport County,1,0,2,2,1,1,1
1937,Accrington Stanley,Barrow,2,0,3a,3,2,2,1
1937,Accrington Stanley,Chester,0,0,3a,3,0,0,0
1937,Accrington Stanley,Doncaster Rovers,0,1,3a,3,1,-1,0
1937,Accrington Stanley,Rochdale,0,1,3a,3,1,-1,0
1937,Barrow,Chester,0,2,3a,3,2,-2,0
1937,Barrow,Hartlepool United,0,0,3a,3,0,0,0
1937,Barrow,Rochdale,0,1,3a,3,1,-1,0
1937,Barrow,Tranmere Rovers,2,2,3a,3,4,0,0
1937,Bradford City,Accrington Stanley,2,2,3a,3,4,0,0
1937,Bradford City,Doncaster Rovers,2,0,3a,3,2,2,1
1937,Bradford City,Hartlepool United,4,1,3a,3,5,3,1
1937,Bradford City,Rochdale,3,1,3a,3,4,2,1
1937,Bradford City,Tranmere Rovers,1,3,3a,3,4,-2,0
1937,Carlisle United,Hartlepool United,3,1,3a,3,4,2,1
1937,Carlisle United,New Brighton,1,1,3a,3,2,0,0
1937,Chester,Accrington Stanley,3,1,3a,3,4,2,1
1937,Chester,Carlisle United,1,0,3a,3,1,1,1
1937,Chester,Doncaster Rovers,4,0,3a,3,4,4,1
1937,Chester,Hartlepool United,6,0,3a,3,6,6,1
1937,Chester,Rochdale,4,1,3a,3,5,3,1
1937,Chester,Tranmere Rovers,1,1,3a,3,2,0,0
1937,Crewe Alexandra,Accrington Stanley,3,1,3a,3,4,2,1
1937,Crewe Alexandra,New Brighton,1,0,3a,3,1,1,1
1937,Crewe Alexandra,Rochdale,5,1,3a,3,6,4,1
1937,Darlington,Accrington Stanley,3,0,3a,3,3,3,1
1937,Darlington,Hartlepool United,2,0,3a,3,2,2,1
1937,Darlington,Rochdale,2,4,3a,3,6,-2,0
1937,Darlington,Tranmere Rovers,0,2,3a,3,2,-2,0
1937,Doncaster Rovers,Accrington Stanley,5,1,3a,3,6,4,1
1937,Doncaster Rovers,Darlington,4,0,3a,3,4,4,1
1937,Doncaster Rovers,New Brighton,3,0,3a,3,3,3,1
1937,Gateshead,Hartlepool United,2,1,3a,3,3,1,1
1937,Gateshead,New Brighton,3,1,3a,3,4,2,1
1937,Gateshead,Tranmere Rovers,2,1,3a,3,3,1,1
1937,Halifax Town,Accrington Stanley,1,2,3a,3,3,-1,0
1937,Halifax Town,Tranmere Rovers,1,0,3a,3,1,1,1
1937,Hartlepool United,Accrington Stanley,2,0,3a,3,2,2,1
1937,Hartlepool United,Darlington,2,1,3a,3,3,1,1
1937,Hull City,Darlington,4,0,3a,3,4,4,1
1937,Hull City,Tranmere Rovers,0,1,3a,3,1,-1,0
1937,Lincoln City,Accrington Stanley,2,0,3a,3,2,2,1
1937,Lincoln City,Carlisle United,0,1,3a,3,1,-1,0
1937,Lincoln City,Halifax Town,2,0,3a,3,2,2,1
1937,Lincoln City,New Brighton,4,1,3a,3,5,3,1
1937,Lincoln City,Rochdale,2,0,3a,3,2,2,1
1937,New Brighton,Halifax Town,2,0,3a,3,2,2,1
1937,New Brighton,Tranmere Rovers,0,1,3a,3,1,-1,0
1937,Oldham Athletic,Carlisle United,3,0,3a,3,3,3,1
1937,Oldham Athletic,Halifax Town,2,1,3a,3,3,1,1
1937,Oldham Athletic,Lincoln City,2,2,3a,3,4,0,0
1937,Oldham Athletic,Rochdale,4,2,3a,3,6,2,1
1937,Port Vale,Carlisle United,2,2,3a,3,4,0,0
1937,Port Vale,Rochdale,4,1,3a,3,5,3,1
1937,Port Vale,Tranmere Rovers,1,0,3a,3,1,1,1
1937,Rochdale,Darlington,1,1,3a,3,2,0,0
1937,Rochdale,Halifax Town,1,1,3a,3,2,0,0
1937,Rochdale,Port Vale,1,1,3a,3,2,0,0
1937,Rochdale,Tranmere Rovers,0,0,3a,3,0,0,0
1937,Rotherham United,Halifax Town,4,1,3a,3,5,3,1
1937,Rotherham United,Tranmere Rovers,2,1,3a,3,3,1,1
1937,Southport,Darlington,1,1,3a,3,2,0,0
1937,Southport,Halifax Town,2,2,3a,3,4,0,0
1937,Southport,Lincoln City,1,1,3a,3,2,0,0
1937,Southport,Tranmere Rovers,1,3,3a,3,4,-2,0
1937,Tranmere Rovers,Accrington Stanley,5,0,3a,3,5,5,1
1937,Tranmere Rovers,Halifax Town,2,0,3a,3,2,2,1
1937,Tranmere Rovers,Port Vale,2,1,3a,3,3,1,1
1937,Tranmere Rovers,Southport,7,2,3a,3,9,5,1
1937,Wrexham,Accrington Stanley,2,0,3a,3,2,2,1
1937,Wrexham,Darlington,4,0,3a,3,4,4,1
1937,Wrexham,Lincoln City,1,0,3a,3,1,1,1
1937,Wrexham,Port Vale,0,0,3a,3,0,0,0
1937,Wrexham,Southport,4,1,3a,3,5,3,1
1937,York City,Lincoln City,3,1,3a,3,4,2,1
1937,York City,Southport,1,2,3a,3,3,-1,0
1937,AFC Bournemouth,Bristol Rovers,1,3,3b,3,4,-2,0
1937,AFC Bournemouth,Exeter City,2,2,3b,3,4,0,0
1937,AFC Bournemouth,Reading,1,1,3b,3,2,0,0
1937,Aldershot,Exeter City,0,1,3b,3,1,-1,0
1937,Aldershot,Mansfield Town,1,0,3b,3,1,1,1
1937,Brighton & Hove Albion,AFC Bournemouth,3,1,3b,3,4,2,1
1937,Brighton & Hove Albion,Bristol Rovers,3,0,3b,3,3,3,1
1937,Brighton & Hove Albion,Exeter City,6,0,3b,3,6,6,1
1937,Brighton & Hove Albion,Reading,1,1,3b,3,2,0,0
1937,Bristol City,Bristol Rovers,0,0,3b,3,0,0,0
1937,Bristol City,Exeter City,4,1,3b,3,5,3,1
1937,Bristol City,Northampton Town,1,0,3b,3,1,1,1
1937,Bristol Rovers,Bristol City,1,0,3b,3,1,1,1
1937,Bristol Rovers,Northampton Town,0,0,3b,3,0,0,0
1937,Bristol Rovers,Torquay United,2,0,3b,3,2,2,1
1937,Cardiff City,AFC Bournemouth,3,0,3b,3,3,3,1
1937,Cardiff City,Bristol City,0,0,3b,3,0,0,0
1937,Cardiff City,Reading,4,1,3b,3,5,3,1
1937,Cardiff City,Torquay United,5,2,3b,3,7,3,1
1937,Crystal Palace,AFC Bournemouth,0,1,3b,3,1,-1,0
1937,Crystal Palace,Bristol City,1,1,3b,3,2,0,0
1937,Crystal Palace,Mansfield Town,4,0,3b,3,4,4,1
1937,Crystal Palace,Reading,3,1,3b,3,4,2,1
1937,Exeter City,AFC Bournemouth,3,1,3b,3,4,2,1
1937,Exeter City,Crystal Palace,2,2,3b,3,4,0,0
1937,Exeter City,Reading,0,2,3b,3,2,-2,0
1937,Exeter City,Torquay United,2,0,3b,3,2,2,1
1937,Gillingham,AFC Bournemouth,0,2,3b,3,2,-2,0
1937,Gillingham,Crystal Palace,2,4,3b,3,6,-2,0
1937,Gillingham,Mansfield Town,0,0,3b,3,0,0,0
1937,Leyton Orient,AFC Bournemouth,3,0,3b,3,3,3,1
1937,Leyton Orient,Bristol City,0,0,3b,3,0,0,0
1937,Leyton Orient,Mansfield Town,1,2,3b,3,3,-1,0
1937,Leyton Orient,Reading,1,1,3b,3,2,0,0
1937,Leyton Orient,Torquay United,2,0,3b,3,2,2,1
1937,Mansfield Town,AFC Bournemouth,3,2,3b,3,5,1,1
1937,Mansfield Town,Leyton Orient,3,1,3b,3,4,2,1
1937,Mansfield Town,Reading,5,1,3b,3,6,4,1
1937,Mansfield Town,Torquay United,1,1,3b,3,2,0,0
1937,Millwall,AFC Bournemouth,4,0,3b,3,4,4,1
1937,Millwall,Northampton Town,3,0,3b,3,3,3,1
1937,Millwall,Reading,1,1,3b,3,2,0,0
1937,Newport County,AFC Bournemouth,1,1,3b,3,2,0,0
1937,Newport County,Reading,2,2,3b,3,4,0,0
1937,Northampton Town,Bristol City,1,0,3b,3,1,1,1
1937,Northampton Town,Crystal Palace,1,1,3b,3,2,0,0
1937,Northampton Town,Leyton Orient,2,0,3b,3,2,2,1
1937,Northampton Town,Newport County,2,0,3b,3,2,2,1
1937,Northampton Town,Reading,2,2,3b,3,4,0,0
1937,Northampton Town,Torquay United,0,3,3b,3,3,-3,0
1937,Queens Park Rangers,AFC Bournemouth,1,2,3b,3,3,-1,0
1937,Queens Park Rangers,Bristol City,0,2,3b,3,2,-2,0
1937,Queens Park Rangers,Leyton Orient,3,2,3b,3,5,1,1
1937,Queens Park Rangers,Newport County,0,0,3b,3,0,0,0
1937,Queens Park Rangers,Reading,3,0,3b,3,3,3,1
1937,Reading,AFC Bournemouth,4,1,3b,3,5,3,1
1937,Reading,Torquay United,1,1,3b,3,2,0,0
1937,Southend United,AFC Bournemouth,1,0,3b,3,1,1,1
1937,Southend United,Bristol City,5,0,3b,3,5,5,1
1937,Southend United,Crystal Palace,2,2,3b,3,4,0,0
1937,Southend United,Leyton Orient,1,2,3b,3,3,-1,0
1937,Southend United,Queens Park Rangers,2,1,3b,3,3,1,1
1937,Southend United,Torquay United,5,1,3b,3,6,4,1
1937,Swindon Town,AFC Bournemouth,1,0,3b,3,1,1,1
1937,Swindon Town,Bristol City,2,3,3b,3,5,-1,0
1937,Swindon Town,Queens Park Rangers,1,3,3b,3,4,-2,0
1937,Swindon Town,Torquay United,1,0,3b,3,1,1,1
1937,Torquay United,AFC Bournemouth,0,0,3b,3,0,0,0
1937,Torquay United,Crystal Palace,0,0,3b,3,0,0,0
1937,Torquay United,Swindon Town,1,0,3b,3,1,1,1
1937,Walsall,Bristol City,2,8,3b,3,10,-6,0
1937,Walsall,Crystal Palace,1,1,3b,3,2,0,0
1937,Walsall,Newport County,3,1,3b,3,4,2,1
1937,Watford,AFC Bournemouth,0,2,3b,3,2,-2,0
1937,Watford,Bristol City,3,1,3b,3,4,2,1
1937,Watford,Leyton Orient,2,0,3b,3,2,2,1
1938,Arsenal,Aston Villa,0,0,1,1,0,0,0
1938,Arsenal,Bolton Wanderers,3,1,1,1,4,2,1
1938,Arsenal,Leicester City,0,0,1,1,0,0,0
1938,Arsenal,Stoke City,4,1,1,1,5,3,1
1938,Aston Villa,Bolton Wanderers,1,3,1,1,4,-2,0
1938,Aston Villa,Grimsby Town,0,2,1,1,2,-2,0
1938,Aston Villa,Middlesbrough,1,1,1,1,2,0,0
1938,Aston Villa,Stoke City,3,0,1,1,3,3,1
1938,Birmingham City,Arsenal,1,2,1,1,3,-1,0
1938,Birmingham City,Bolton Wanderers,0,2,1,1,2,-2,0
1938,Birmingham City,Chelsea,1,1,1,1,2,0,0
1938,Birmingham City,Grimsby Town,1,1,1,1,2,0,0
1938,Birmingham City,Middlesbrough,2,1,1,1,3,1,1
1938,Blackpool,Bolton Wanderers,0,0,1,1,0,0,0
1938,Blackpool,Middlesbrough,4,0,1,1,4,4,1
1938,Blackpool,Stoke City,1,1,1,1,2,0,0
1938,Bolton Wanderers,Arsenal,1,1,1,1,2,0,0
1938,Bolton Wanderers,Grimsby Town,1,1,1,1,2,0,0
1938,Bolton Wanderers,Middlesbrough,4,1,1,1,5,3,1
1938,Bolton Wanderers,Stoke City,1,3,1,1,4,-2,0
1938,Brentford,Arsenal,1,0,1,1,1,1,1
1938,Charlton Athletic,Arsenal,1,0,1,1,1,1,1
1938,Charlton Athletic,Blackpool,3,1,1,1,4,2,1
1938,Charlton Athletic,Grimsby Town,3,1,1,1,4,2,1
1938,Charlton Athletic,Stoke City,4,2,1,1,6,2,1
1938,Chelsea,Arsenal,4,2,1,1,6,2,1
1938,Chelsea,Blackpool,1,1,1,1,2,0,0
1938,Chelsea,Charlton Athletic,1,3,1,1,4,-2,0
1938,Chelsea,Grimsby Town,5,1,1,1,6,4,1
1938,Chelsea,Middlesbrough,4,2,1,1,6,2,1
1938,Derby County,Arsenal,1,2,1,1,3,-1,0
1938,Derby County,Blackpool,2,1,1,1,3,1,1
1938,Derby County,Charlton Athletic,3,1,1,1,4,2,1
1938,Derby County,Grimsby Town,4,1,1,1,5,3,1
1938,Derby County,Stoke City,5,0,1,1,5,5,1
1938,Everton,Arsenal,2,0,1,1,2,2,1
1938,Everton,Leicester City,4,0,1,1,4,4,1
1938,Everton,Middlesbrough,4,0,1,1,4,4,1
1938,Grimsby Town,Arsenal,2,1,1,1,3,1,1
1938,Grimsby Town,Blackpool,2,0,1,1,2,2,1
1938,Grimsby Town,Everton,3,0,1,1,3,3,1
1938,Grimsby Town,Leicester City,6,1,1,1,7,5,1
1938,Grimsby Town,Middlesbrough,0,2,1,1,2,-2,0
1938,Grimsby Town,Stoke City,3,1,1,1,4,2,1
1938,Huddersfield Town,Blackpool,3,0,1,1,3,3,1
1938,Huddersfield Town,Charlton Athletic,4,0,1,1,4,4,1
1938,Huddersfield Town,Everton,3,0,1,1,3,3,1
1938,Huddersfield Town,Leicester City,2,0,1,1,2,2,1
1938,Huddersfield Town,Middlesbrough,0,1,1,1,1,-1,0
1938,Leeds United,Everton,1,2,1,1,3,-1,0
1938,Leeds United,Leicester City,8,2,1,1,10,6,1
1938,Leeds United,Middlesbrough,0,1,1,1,1,-1,0
1938,Leicester City,Blackpool,3,4,1,1,7,-1,0
1938,Leicester City,Charlton Athletic,1,5,1,1,6,-4,0
1938,Leicester City,Everton,3,0,1,1,3,3,1
1938,Leicester City,Middlesbrough,5,3,1,1,8,2,1
1938,Leicester City,Stoke City,2,2,1,1,4,0,0
1938,Liverpool,Blackpool,1,0,1,1,1,1,1
1938,Liverpool,Charlton Athletic,1,0,1,1,1,1,1
1938,Liverpool,Everton,0,3,1,1,3,-3,0
1938,Liverpool,Leeds United,3,0,1,1,3,3,1
1938,Manchester United,Everton,0,2,1,1,2,-2,0
1938,Manchester United,Middlesbrough,1,1,1,1,2,0,0
1938,Middlesbrough,Blackpool,9,2,1,1,11,7,1
1938,Middlesbrough,Charlton Athletic,4,0,1,1,4,4,1
1938,Middlesbrough,Everton,4,4,1,1,8,0,0
1938,Portsmouth,Arsenal,0,0,1,1,0,0,0
1938,Portsmouth,Everton,0,1,1,1,1,-1,0
1938,Portsmouth,Manchester United,0,0,1,1,0,0,0
1938,Preston North End,Everton,0,1,1,1,1,-1,0
1938,Preston North End,Leeds United,2,0,1,1,2,2,1
1938,Preston North End,Manchester United,1,1,1,1,2,0,0
1938,Preston North End,Stoke City,1,1,1,1,2,0,0
1938,Stoke City,Arsenal,1,0,1,1,1,1,1
1938,Stoke City,Everton,0,0,1,1,0,0,0
1938,Stoke City,Leeds United,1,1,1,1,2,0,0
1938,Stoke City,Manchester United,1,1,1,1,2,0,0
1938,Sunderland,Everton,1,2,1,1,3,-1,0
1938,Sunderland,Leeds United,2,1,1,1,3,1,1
1938,Sunderland,Manchester United,5,2,1,1,7,3,1
1938,Sunderland,Preston North End,1,2,1,1,3,-1,0
1938,Wolverhampton Wanderers,Charlton Athletic,3,1,1,1,4,2,1
1938,Wolverhampton Wanderers,Everton,7,0,1,1,7,7,1
1938,Wolverhampton Wanderers,Manchester United,3,0,1,1,3,3,1
1938,Wolverhampton Wanderers,Preston North End,3,0,1,1,3,3,1
1938,Blackburn Rovers,Bradford Park Avenue,6,4,2,2,10,2,1
1938,Blackburn Rovers,Chesterfield,3,0,2,2,3,3,1
1938,Blackburn Rovers,Plymouth Argyle,4,0,2,2,4,4,1
1938,Blackburn Rovers,Southampton,3,0,2,2,3,3,1
1938,Blackburn Rovers,Tranmere Rovers,3,2,2,2,5,1,1
1938,Bradford Park Avenue,Blackburn Rovers,0,4,2,2,4,-4,0
1938,Bradford Park Avenue,Luton Town,2,1,2,2,3,1,1
1938,Bradford Park Avenue,Newcastle United,0,1,2,2,1,-1,0
1938,Bradford Park Avenue,Plymouth Argyle,2,2,2,2,4,0,0
1938,Bradford Park Avenue,Southampton,2,1,2,2,3,1,1
1938,Burnley,Blackburn Rovers,3,2,2,2,5,1,1
1938,Burnley,Chesterfield,1,2,2,2,3,-1,0
1938,Burnley,Tranmere Rovers,3,1,2,2,4,2,1
1938,Bury,Blackburn Rovers,2,4,2,2,6,-2,0
1938,Bury,Newcastle United,1,1,2,2,2,0,0
1938,Bury,Southampton,5,2,2,2,7,3,1
1938,Chesterfield,Blackburn Rovers,0,2,2,2,2,-2,0
1938,Chesterfield,Bury,2,1,2,2,3,1,1
1938,Chesterfield,Luton Town,1,2,2,2,3,-1,0
1938,Chesterfield,Tranmere Rovers,3,0,2,2,3,3,1
1938,Coventry City,Blackburn Rovers,0,1,2,2,1,-1,0
1938,Coventry City,Newcastle United,1,0,2,2,1,1,1
1938,Coventry City,Tranmere Rovers,2,0,2,2,2,2,1
1938,Fulham,Blackburn Rovers,2,3,2,2,5,-1,0
1938,Fulham,Luton Town,2,1,2,2,3,1,1
1938,Fulham,Tranmere Rovers,1,0,2,2,1,1,1
1938,Luton Town,Newcastle United,2,1,2,2,3,1,1
1938,Luton Town,Plymouth Argyle,3,4,2,2,7,-1,0
1938,Manchester City,Blackburn Rovers,3,2,2,2,5,1,1
1938,Manchester City,Bury,0,0,2,2,0,0,0
1938,Manchester City,Fulham,3,5,2,2,8,-2,0
1938,Manchester City,Newcastle United,4,1,2,2,5,3,1
1938,Manchester City,Tranmere Rovers,5,2,2,2,7,3,1
1938,Millwall,Southampton,0,1,2,2,1,-1,0
1938,Millwall,Tranmere Rovers,2,1,2,2,3,1,1
1938,Newcastle United,Blackburn Rovers,2,2,2,2,4,0,0
1938,Newcastle United,Fulham,2,1,2,2,3,1,1
1938,Newcastle United,Southampton,1,0,2,2,1,1,1
1938,Newcastle United,Tranmere Rovers,5,1,2,2,6,4,1
1938,Norwich City,Blackburn Rovers,4,0,2,2,4,4,1
1938,Norwich City,Bury,3,1,2,2,4,2,1
1938,Norwich City,Millwall,0,2,2,2,2,-2,0
1938,Norwich City,Plymouth Argyle,2,1,2,2,3,1,1
1938,Nottingham Forest,Blackburn Rovers,1,3,2,2,4,-2,0
1938,Nottingham Forest,Bury,1,1,2,2,2,0,0
1938,Nottingham Forest,Plymouth Argyle,2,1,2,2,3,1,1
1938,Nottingham Forest,Southampton,0,2,2,2,2,-2,0
1938,Plymouth Argyle,Fulham,0,0,2,2,0,0,0
1938,Plymouth Argyle,Millwall,2,2,2,2,4,0,0
1938,Plymouth Argyle,Nottingham Forest,3,0,2,2,3,3,1
1938,Plymouth Argyle,Southampton,2,0,2,2,2,2,1
1938,Plymouth Argyle,Tranmere Rovers,3,1,2,2,4,2,1
1938,Sheffield United,Blackburn Rovers,0,0,2,2,0,0,0
1938,Sheffield United,Fulham,2,0,2,2,2,2,1
1938,Sheffield Wednesday,Bury,2,0,2,2,2,2,1
1938,Sheffield Wednesday,Fulham,5,1,2,2,6,4,1
1938,Sheffield Wednesday,Southampton,2,0,2,2,2,2,1
1938,Southampton,Blackburn Rovers,1,3,2,2,4,-2,0
1938,Southampton,Bury,0,0,2,2,0,0,0
1938,Southampton,Millwall,1,1,2,2,2,0,0
1938,Southampton,Nottingham Forest,2,2,2,2,4,0,0
1938,Swansea City,Blackburn Rovers,2,1,2,2,3,1,1
1938,Swansea City,Bury,3,3,2,2,6,0,0
1938,Swansea City,Fulham,1,1,2,2,2,0,0
1938,Swansea City,Millwall,1,1,2,2,2,0,0
1938,Swansea City,Nottingham Forest,1,0,2,2,1,1,1
1938,Swansea City,Sheffield Wednesday,0,1,2,2,1,-1,0
1938,Swansea City,Tranmere Rovers,1,0,2,2,1,1,1
1938,Tottenham Hotspur,Fulham,1,0,2,2,1,1,1
1938,Tottenham Hotspur,Nottingham Forest,4,1,2,2,5,3,1
1938,Tottenham Hotspur,Sheffield Wednesday,3,3,2,2,6,0,0
1938,Tranmere Rovers,Bury,3,0,2,2,3,3,1
1938,Tranmere Rovers,Fulham,0,1,2,2,1,-1,0
1938,Tranmere Rovers,Millwall,2,0,2,2,2,2,1
1938,Tranmere Rovers,Nottingham Forest,1,1,2,2,2,0,0
1938,Tranmere Rovers,Sheffield Wednesday,1,4,2,2,5,-3,0
1938,West Bromwich Albion,Blackburn Rovers,2,0,2,2,2,2,1
1938,West Bromwich Albion,Nottingham Forest,0,0,2,2,0,0,0
1938,West Bromwich Albion,Tottenham Hotspur,4,3,2,2,7,1,1
1938,West Ham United,Blackburn Rovers,1,2,2,2,3,-1,0
1938,West Ham United,Fulham,1,0,2,2,1,1,1
1938,West Ham United,Tottenham Hotspur,0,2,2,2,2,-2,0
1938,Accrington Stanley,Barnsley,0,2,3a,3,2,-2,0
1938,Accrington Stanley,Darlington,3,0,3a,3,3,3,1
1938,Accrington Stanley,Halifax Town,1,2,3a,3,3,-1,0
1938,Accrington Stanley,Stockport County,3,2,3a,3,5,1,1
1938,Barnsley,Carlisle United,3,0,3a,3,3,3,1
1938,Barnsley,Halifax Town,1,0,3a,3,1,1,1
1938,Barnsley,Stockport County,0,1,3a,3,1,-1,0
1938,Barrow,Accrington Stanley,2,3,3a,3,5,-1,0
1938,Barrow,Carlisle United,5,0,3a,3,5,5,1
1938,Barrow,Darlington,2,0,3a,3,2,2,1
1938,Barrow,Lincoln City,2,2,3a,3,4,0,0
1938,Bradford City,Carlisle United,2,0,3a,3,2,2,1
1938,Bradford City,Darlington,6,2,3a,3,8,4,1
1938,Bradford City,Halifax Town,1,0,3a,3,1,1,1
1938,Bradford City,Lincoln City,3,0,3a,3,3,3,1
1938,Bradford City,Stockport County,4,0,3a,3,4,4,1
1938,Carlisle United,Accrington Stanley,6,4,3a,3,10,2,1
1938,Carlisle United,Halifax Town,1,2,3a,3,3,-1,0
1938,Carlisle United,Rochdale,5,1,3a,3,6,4,1
1938,Chester,Accrington Stanley,1,0,3a,3,1,1,1
1938,Chester,Darlington,0,0,3a,3,0,0,0
1938,Chester,Rochdale,0,0,3a,3,0,0,0
1938,Chester,Stockport County,4,3,3a,3,7,1,1
1938,Crewe Alexandra,Bradford City,0,0,3a,3,0,0,0
1938,Crewe Alexandra,Darlington,2,0,3a,3,2,2,1
1938,Crewe Alexandra,Halifax Town,2,2,3a,3,4,0,0
1938,Crewe Alexandra,Lincoln City,6,0,3a,3,6,6,1
1938,Crewe Alexandra,Rochdale,4,1,3a,3,5,3,1
1938,Crewe Alexandra,Stockport County,2,1,3a,3,3,1,1
1938,Darlington,Bradford City,0,4,3a,3,4,-4,0
1938,Darlington,Crewe Alexandra,1,0,3a,3,1,1,1
1938,Darlington,Halifax Town,1,0,3a,3,1,1,1
1938,Darlington,Lincoln City,3,1,3a,3,4,2,1
1938,Darlington,Stockport County,4,3,3a,3,7,1,1
1938,Doncaster Rovers,Accrington Stanley,7,1,3a,3,8,6,1
1938,Doncaster Rovers,Crewe Alexandra,1,2,3a,3,3,-1,0
1938,Doncaster Rovers,Lincoln City,4,1,3a,3,5,3,1
1938,Doncaster Rovers,Stockport County,3,1,3a,3,4,2,1
1938,Gateshead,Lincoln City,4,0,3a,3,4,4,1
1938,Gateshead,Rochdale,2,2,3a,3,4,0,0
1938,Gateshead,Stockport County,4,1,3a,3,5,3,1
1938,Halifax Town,Crewe Alexandra,0,0,3a,3,0,0,0
1938,Halifax Town,Gateshead,3,3,3a,3,6,0,0
1938,Halifax Town,Stockport County,3,3,3a,3,6,0,0
1938,Hartlepool United,Accrington Stanley,2,1,3a,3,3,1,1
1938,Hartlepool United,Bradford City,1,3,3a,3,4,-2,0
1938,Hartlepool United,Crewe Alexandra,0,1,3a,3,1,-1,0
1938,Hartlepool United,Lincoln City,2,1,3a,3,3,1,1
1938,Hull City,Accrington Stanley,6,1,3a,3,7,5,1
1938,Hull City,Bradford City,3,2,3a,3,5,1,1
1938,Hull City,Crewe Alexandra,2,1,3a,3,3,1,1
1938,Hull City,Gateshead,1,0,3a,3,1,1,1
1938,Hull City,Lincoln City,4,2,3a,3,6,2,1
1938,Hull City,Rochdale,3,3,3a,3,6,0,0
1938,Lincoln City,Crewe Alexandra,3,2,3a,3,5,1,1
1938,Lincoln City,Stockport County,3,2,3a,3,5,1,1
1938,New Brighton,Accrington Stanley,4,1,3a,3,5,3,1
1938,New Brighton,Crewe Alexandra,1,2,3a,3,3,-1,0
1938,New Brighton,Gateshead,0,1,3a,3,1,-1,0
1938,New Brighton,Rochdale,3,1,3a,3,4,2,1
1938,Oldham Athletic,Accrington Stanley,2,0,3a,3,2,2,1
1938,Oldham Athletic,Bradford City,2,1,3a,3,3,1,1
1938,Oldham Athletic,Rochdale,1,2,3a,3,3,-1,0
1938,Oldham Athletic,Stockport County,3,1,3a,3,4,2,1
1938,Rochdale,Accrington Stanley,4,1,3a,3,5,3,1
1938,Rochdale,Bradford City,1,1,3a,3,2,0,0
1938,Rochdale,Crewe Alexandra,5,0,3a,3,5,5,1
1938,Rochdale,Hull City,4,0,3a,3,4,4,1
1938,Rochdale,Oldham Athletic,1,2,3a,3,3,-1,0
1938,Rochdale,Stockport County,0,1,3a,3,1,-1,0
1938,Rotherham United,Gateshead,2,2,3a,3,4,0,0
1938,Rotherham United,Hull City,0,2,3a,3,2,-2,0
1938,Rotherham United,Stockport County,3,2,3a,3,5,1,1
1938,Southport,Bradford City,2,2,3a,3,4,0,0
1938,Southport,Crewe Alexandra,1,2,3a,3,3,-1,0
1938,Southport,Hull City,4,0,3a,3,4,4,1
1938,Southport,Stockport County,3,0,3a,3,3,3,1
1938,Stockport County,Accrington Stanley,3,0,3a,3,3,3,1
1938,Stockport County,Gateshead,3,2,3a,3,5,1,1
1938,Stockport County,Hull City,2,2,3a,3,4,0,0
1938,Stockport County,Oldham Athletic,3,1,3a,3,4,2,1
1938,Wrexham,Bradford City,1,1,3a,3,2,0,0
1938,Wrexham,Crewe Alexandra,0,4,3a,3,4,-4,0
1938,Wrexham,Gateshead,2,0,3a,3,2,2,1
1938,Wrexham,Oldham Athletic,4,1,3a,3,5,3,1
1938,York City,Oldham Athletic,4,1,3a,3,5,3,1
1938,York City,Southport,2,3,3a,3,5,-1,0
1938,AFC Bournemouth,Aldershot,4,0,3b,3,4,4,1
1938,AFC Bournemouth,Bristol Rovers,5,2,3b,3,7,3,1
1938,AFC Bournemouth,Exeter City,2,0,3b,3,2,2,1
1938,Aldershot,Bristol Rovers,1,0,3b,3,1,1,1
1938,Aldershot,Exeter City,2,0,3b,3,2,2,1
1938,Aldershot,Notts County,0,3,3b,3,3,-3,0
1938,Aldershot,Reading,1,1,3b,3,2,0,0
1938,Brighton & Hove Albion,Exeter City,6,1,3b,3,7,5,1
1938,Brighton & Hove Albion,Mansfield Town,3,0,3b,3,3,3,1
1938,Brighton & Hove Albion,Notts County,2,0,3b,3,2,2,1
1938,Brighton & Hove Albion,Reading,2,2,3b,3,4,0,0
1938,Bristol City,Mansfield Town,2,0,3b,3,2,2,1
1938,Bristol City,Notts County,2,1,3b,3,3,1,1
1938,Bristol City,Torquay United,1,3,3b,3,4,-2,0
1938,Bristol Rovers,AFC Bournemouth,1,0,3b,3,1,1,1
1938,Bristol Rovers,Bristol City,1,1,3b,3,2,0,0
1938,Bristol Rovers,Exeter City,4,1,3b,3,5,3,1
1938,Bristol Rovers,Notts County,0,0,3b,3,0,0,0
1938,Bristol Rovers,Torquay United,0,1,3b,3,1,-1,0
1938,Cardiff City,Bristol City,2,1,3b,3,3,1,1
1938,Cardiff City,Exeter City,1,2,3b,3,3,-1,0
1938,Cardiff City,Mansfield Town,0,0,3b,3,0,0,0
1938,Cardiff City,Notts County,4,1,3b,3,5,3,1
1938,Cardiff City,Torquay United,3,1,3b,3,4,2,1
1938,Crystal Palace,Bristol City,3,2,3b,3,5,1,1
1938,Crystal Palace,Mansfield Town,6,2,3b,3,8,4,1
1938,Crystal Palace,Reading,0,0,3b,3,0,0,0
1938,Crystal Palace,Torquay United,1,3,3b,3,4,-2,0
1938,Ipswich Town,AFC Bournemouth,0,2,3b,3,2,-2,0
1938,Ipswich Town,Crystal Palace,2,1,3b,3,3,1,1
1938,Ipswich Town,Torquay United,1,0,3b,3,1,1,1
1938,Leyton Orient,AFC Bournemouth,1,1,3b,3,2,0,0
1938,Leyton Orient,Mansfield Town,0,0,3b,3,0,0,0
1938,Mansfield Town,AFC Bournemouth,2,0,3b,3,2,2,1
1938,Mansfield Town,Crystal Palace,0,0,3b,3,0,0,0
1938,Mansfield Town,Reading,0,0,3b,3,0,0,0
1938,Newport County,Leyton Orient,2,1,3b,3,3,1,1
1938,Newport County,Notts County,2,1,3b,3,3,1,1
1938,Northampton Town,Crystal Palace,0,0,3b,3,0,0,0
1938,Northampton Town,Notts County,2,1,3b,3,3,1,1
1938,Northampton Town,Torquay United,4,1,3b,3,5,3,1
1938,Notts County,AFC Bournemouth,0,1,3b,3,1,-1,0
1938,Notts County,Bristol City,0,0,3b,3,0,0,0
1938,Notts County,Leyton Orient,1,0,3b,3,1,1,1
1938,Notts County,Torquay United,5,1,3b,3,6,4,1
1938,Port Vale,AFC Bournemouth,2,0,3b,3,2,2,1
1938,Port Vale,Bristol City,4,0,3b,3,4,4,1
1938,Port Vale,Crystal Palace,2,0,3b,3,2,2,1
1938,Port Vale,Northampton Town,0,2,3b,3,2,-2,0
1938,Port Vale,Torquay United,0,1,3b,3,1,-1,0
1938,Queens Park Rangers,Crystal Palace,1,2,3b,3,3,-1,0
1938,Queens Park Rangers,Leyton Orient,1,1,3b,3,2,0,0
1938,Queens Park Rangers,Torquay United,1,1,3b,3,2,0,0
1938,Reading,Bristol City,2,2,3b,3,4,0,0
1938,Southend United,AFC Bournemouth,2,2,3b,3,4,0,0
1938,Southend United,Crystal Palace,3,1,3b,3,4,2,1
1938,Southend United,Leyton Orient,1,0,3b,3,1,1,1
1938,Southend United,Queens Park Rangers,2,1,3b,3,3,1,1
1938,Swindon Town,Crystal Palace,2,2,3b,3,4,0,0
1938,Swindon Town,Leyton Orient,2,0,3b,3,2,2,1
1938,Swindon Town,Queens Park Rangers,2,2,3b,3,4,0,0
1938,Swindon Town,Torquay United,3,1,3b,3,4,2,1
1938,Torquay United,AFC Bournemouth,2,0,3b,3,2,2,1
1938,Torquay United,Leyton Orient,2,1,3b,3,3,1,1
1938,Torquay United,Queens Park Rangers,2,3,3b,3,5,-1,0
1938,Torquay United,Swindon Town,1,3,3b,3,4,-2,0
1938,Walsall,Bristol City,5,0,3b,3,5,5,1
1938,Walsall,Crystal Palace,1,1,3b,3,2,0,0
1938,Walsall,Leyton Orient,5,1,3b,3,6,4,1
1938,Walsall,Northampton Town,1,0,3b,3,1,1,1
1938,Walsall,Queens Park Rangers,0,1,3b,3,1,-1,0
1938,Watford,Bristol City,2,2,3b,3,4,0,0
1938,Watford,Leyton Orient,1,0,3b,3,1,1,1
1938,Watford,Queens Park Rangers,4,1,3b,3,5,3,1
1938,Watford,Swindon Town,4,1,3b,3,5,3,1
1946,Arsenal,Aston Villa,0,2,1,1,2,-2,0
1946,Arsenal,Grimsby Town,5,3,1,1,8,2,1
1946,Arsenal,Liverpool,1,2,1,1,3,-1,0
1946,Aston Villa,Chelsea,2,0,1,1,2,2,1
1946,Aston Villa,Liverpool,1,2,1,1,3,-1,0
1946,Aston Villa,Portsmouth,1,1,1,1,2,0,0
1946,Blackburn Rovers,Arsenal,1,2,1,1,3,-1,0
1946,Blackburn Rovers,Bolton Wanderers,2,1,1,1,3,1,1
1946,Blackburn Rovers,Liverpool,0,0,1,1,0,0,0
1946,Blackburn Rovers,Portsmouth,0,1,1,1,1,-1,0
1946,Blackpool,Portsmouth,4,3,1,1,7,1,1
1946,Bolton Wanderers,Arsenal,1,3,1,1,4,-2,0
1946,Bolton Wanderers,Blackpool,1,1,1,1,2,0,0
1946,Bolton Wanderers,Chelsea,1,1,1,1,2,0,0
1946,Bolton Wanderers,Liverpool,1,3,1,1,4,-2,0
1946,Bolton Wanderers,Portsmouth,1,0,1,1,1,1,1
1946,Bolton Wanderers,Stoke City,3,2,1,1,5,1,1
1946,Brentford,Grimsby Town,0,1,1,1,1,-1,0
1946,Charlton Athletic,Blackpool,0,1,1,1,1,-1,0
1946,Charlton Athletic,Chelsea,2,3,1,1,5,-1,0
1946,Charlton Athletic,Grimsby Town,0,0,1,1,0,0,0
1946,Charlton Athletic,Stoke City,1,0,1,1,1,1,1
1946,Chelsea,Arsenal,2,1,1,1,3,1,1
1946,Chelsea,Charlton Athletic,2,2,1,1,4,0,0
1946,Chelsea,Grimsby Town,0,0,1,1,0,0,0
1946,Chelsea,Liverpool,3,1,1,1,4,2,1
1946,Derby County,Blackpool,1,2,1,1,3,-1,0
1946,Derby County,Charlton Athletic,1,0,1,1,1,1,1
1946,Derby County,Portsmouth,2,0,1,1,2,2,1
1946,Everton,Liverpool,1,0,1,1,1,1,1
1946,Everton,Stoke City,2,2,1,1,4,0,0
1946,Grimsby Town,Liverpool,1,6,1,1,7,-5,0
1946,Huddersfield Town,Arsenal,0,0,1,1,0,0,0
1946,Huddersfield Town,Charlton Athletic,5,1,1,1,6,4,1
1946,Huddersfield Town,Everton,1,0,1,1,1,1,1
1946,Huddersfield Town,Portsmouth,1,2,1,1,3,-1,0
1946,Huddersfield Town,Stoke City,1,0,1,1,1,1,1
1946,Leeds United,Blackpool,4,2,1,1,6,2,1
1946,Leeds United,Everton,2,1,1,1,3,1,1
1946,Leeds United,Stoke City,1,2,1,1,3,-1,0
1946,Liverpool,Arsenal,4,2,1,1,6,2,1
1946,Liverpool,Blackpool,2,3,1,1,5,-1,0
1946,Liverpool,Leeds United,2,0,1,1,2,2,1
1946,Liverpool,Stoke City,2,0,1,1,2,2,1
1946,Manchester United,Everton,3,0,1,1,3,3,1
1946,Manchester United,Stoke City,1,1,1,1,2,0,0
1946,Middlesbrough,Everton,4,0,1,1,4,4,1
1946,Middlesbrough,Portsmouth,3,3,1,1,6,0,0
1946,Portsmouth,Arsenal,0,2,1,1,2,-2,0
1946,Portsmouth,Blackpool,0,1,1,1,1,-1,0
1946,Portsmouth,Everton,2,1,1,1,3,1,1
1946,Portsmouth,Leeds United,4,1,1,1,5,3,1
1946,Preston North End,Arsenal,2,0,1,1,2,2,1
1946,Preston North End,Charlton Athletic,5,1,1,1,6,4,1
1946,Preston North End,Leeds United,3,2,1,1,5,1,1
1946,Preston North End,Stoke City,1,3,1,1,4,-2,0
1946,Sheffield United,Blackpool,4,2,1,1,6,2,1
1946,Sheffield United,Charlton Athletic,1,3,1,1,4,-2,0
1946,Sheffield United,Middlesbrough,2,1,1,1,3,1,1
1946,Sheffield United,Stoke City,2,1,1,1,3,1,1
1946,Stoke City,Blackpool,4,1,1,1,5,3,1
1946,Stoke City,Charlton Athletic,2,2,1,1,4,0,0
1946,Stoke City,Leeds United,5,2,1,1,7,3,1
1946,Sunderland,Arsenal,1,4,1,1,5,-3,0
1946,Sunderland,Blackpool,3,2,1,1,5,1,1
1946,Sunderland,Charlton Athletic,1,1,1,1,2,0,0
1946,Sunderland,Everton,4,1,1,1,5,3,1
1946,Sunderland,Middlesbrough,1,0,1,1,1,1,1
1946,Sunderland,Sheffield United,2,1,1,1,3,1,1
1946,Wolverhampton Wanderers,Arsenal,6,1,1,1,7,5,1
1946,Wolverhampton Wanderers,Charlton Athletic,2,0,1,1,2,2,1
1946,Wolverhampton Wanderers,Everton,2,3,1,1,5,-1,0
1946,Wolverhampton Wanderers,Middlesbrough,2,4,1,1,6,-2,0
1946,Wolverhampton Wanderers,Sheffield United,3,1,1,1,4,2,1
1946,Barnsley,Bury,4,0,2,2,4,4,1
1946,Barnsley,Fulham,4,1,2,2,5,3,1
1946,Barnsley,Newport County,3,1,2,2,4,2,1
1946,Barnsley,Tottenham Hotspur,1,3,2,2,4,-2,0
1946,Birmingham City,Barnsley,1,2,2,2,3,-1,0
1946,Birmingham City,Bury,3,0,2,2,3,3,1
1946,Birmingham City,Fulham,2,1,2,2,3,1,1
1946,Birmingham City,Tottenham Hotspur,1,0,2,2,1,1,1
1946,Bradford Park Avenue,Bury,2,2,2,2,4,0,0
1946,Bradford Park Avenue,Manchester City,1,1,2,2,2,0,0
1946,Bradford Park Avenue,Newport County,2,1,2,2,3,1,1
1946,Bradford Park Avenue,Sheffield Wednesday,1,1,2,2,2,0,0
1946,Burnley,Barnsley,2,2,2,2,4,0,0
1946,Burnley,Bury,1,1,2,2,2,0,0
1946,Burnley,Manchester City,0,0,2,2,0,0,0
1946,Burnley,Sheffield Wednesday,2,0,2,2,2,2,1
1946,Bury,Barnsley,4,4,2,2,8,0,0
1946,Bury,Tottenham Hotspur,1,2,2,2,3,-1,0
1946,Chesterfield,Barnsley,2,1,2,2,3,1,1
1946,Chesterfield,Burnley,0,0,2,2,0,0,0
1946,Chesterfield,Fulham,1,1,2,2,2,0,0
1946,Chesterfield,Manchester City,0,1,2,2,1,-1,0
1946,Chesterfield,Sheffield Wednesday,4,2,2,2,6,2,1
1946,Chesterfield,Tottenham Hotspur,0,0,2,2,0,0,0
1946,Coventry City,Burnley,0,3,2,2,3,-3,0
1946,Coventry City,Fulham,1,0,2,2,1,1,1
1946,Coventry City,Manchester City,1,1,2,2,2,0,0
1946,Coventry City,Sheffield Wednesday,5,1,2,2,6,4,1
1946,Coventry City,Tottenham Hotspur,3,1,2,2,4,2,1
1946,Fulham,Coventry City,2,0,2,2,2,2,1
1946,Fulham,Sheffield Wednesday,1,2,2,2,3,-1,0
1946,Fulham,Tottenham Hotspur,1,1,2,2,2,0,0
1946,Leicester City,Burnley,1,4,2,2,5,-3,0
1946,Leicester City,Coventry City,1,0,2,2,1,1,1
1946,Leicester City,Sheffield Wednesday,3,5,2,2,8,-2,0
1946,Leicester City,Tottenham Hotspur,1,1,2,2,2,0,0
1946,Luton Town,Barnsley,3,1,2,2,4,2,1
1946,Luton Town,Burnley,1,3,2,2,4,-2,0
1946,Luton Town,Sheffield Wednesday,4,1,2,2,5,3,1
1946,Luton Town,Tottenham Hotspur,3,2,2,2,5,1,1
1946,Manchester City,Burnley,1,0,2,2,1,1,1
1946,Manchester City,Coventry City,1,0,2,2,1,1,1
1946,Manchester City,Luton Town,2,0,2,2,2,2,1
1946,Manchester City,Newport County,5,1,2,2,6,4,1
1946,Manchester City,Sheffield Wednesday,2,1,2,2,3,1,1
1946,Millwall,Barnsley,3,1,2,2,4,2,1
1946,Millwall,Coventry City,3,5,2,2,8,-2,0
1946,Millwall,Newport County,3,1,2,2,4,2,1
1946,Millwall,Sheffield Wednesday,2,2,2,2,4,0,0
1946,Newcastle United,Coventry City,3,1,2,2,4,2,1
1946,Newcastle United,Newport County,13,0,2,2,13,13,1
1946,Newport County,Barnsley,2,1,2,2,3,1,1
1946,Newport County,Burnley,0,3,2,2,3,-3,0
1946,Newport County,Coventry City,4,2,2,2,6,2,1
1946,Newport County,Newcastle United,4,2,2,2,6,2,1
1946,Newport County,Sheffield Wednesday,4,3,2,2,7,1,1
1946,Newport County,Tottenham Hotspur,2,4,2,2,6,-2,0
1946,Nottingham Forest,Barnsley,2,1,2,2,3,1,1
1946,Nottingham Forest,Coventry City,1,0,2,2,1,1,1
1946,Nottingham Forest,Luton Town,4,2,2,2,6,2,1
1946,Nottingham Forest,Tottenham Hotspur,1,1,2,2,2,0,0
1946,Plymouth Argyle,Coventry City,2,2,2,2,4,0,0
1946,Plymouth Argyle,Tottenham Hotspur,3,4,2,2,7,-1,0
1946,Sheffield Wednesday,Coventry City,4,2,2,2,6,2,1
1946,Sheffield Wednesday,Luton Town,1,1,2,2,2,0,0
1946,Sheffield Wednesday,Plymouth Argyle,2,1,2,2,3,1,1
1946,Sheffield Wednesday,Tottenham Hotspur,5,1,2,2,6,4,1
1946,Southampton,Barnsley,1,1,2,2,2,0,0
1946,Southampton,Newcastle United,1,1,2,2,2,0,0
1946,Southampton,Plymouth Argyle,5,1,2,2,6,4,1
1946,Swansea City,Barnsley,2,2,2,2,4,0,0
1946,Swansea City,Burnley,0,2,2,2,2,-2,0
1946,Swansea City,Luton Town,2,0,2,2,2,2,1
1946,Swansea City,Newcastle United,1,2,2,2,3,-1,0
1946,Swansea City,Tottenham Hotspur,0,2,2,2,2,-2,0
1946,Tottenham Hotspur,Burnley,1,1,2,2,2,0,0
1946,Tottenham Hotspur,Plymouth Argyle,2,1,2,2,3,1,1
1946,West Bromwich Albion,Burnley,1,1,2,2,2,0,0
1946,West Bromwich Albion,Coventry City,1,1,2,2,2,0,0
1946,West Bromwich Albion,Newcastle United,3,2,2,2,5,1,1
1946,West Bromwich Albion,Swansea City,2,1,2,2,3,1,1
1946,West Ham United,Barnsley,4,0,2,2,4,4,1
1946,West Ham United,Luton Town,2,1,2,2,3,1,1
1946,West Ham United,Plymouth Argyle,4,1,2,2,5,3,1
1946,Accrington Stanley,Chester,1,4,3a,3,5,-3,0
1946,Accrington Stanley,Doncaster Rovers,0,1,3a,3,1,-1,0
1946,Accrington Stanley,Rotherham United,2,3,3a,3,5,-1,0
1946,Barrow,Accrington Stanley,1,3,3a,3,4,-2,0
1946,Barrow,Doncaster Rovers,0,1,3a,3,1,-1,0
1946,Barrow,Hartlepool United,2,0,3a,3,2,2,1
1946,Barrow,Rotherham United,2,3,3a,3,5,-1,0
1946,Bradford City,Accrington Stanley,3,1,3a,3,4,2,1
1946,Bradford City,Chester,0,0,3a,3,0,0,0
1946,Bradford City,Doncaster Rovers,0,1,3a,3,1,-1,0
1946,Bradford City,Hartlepool United,1,2,3a,3,3,-1,0
1946,Bradford City,New Brighton,2,1,3a,3,3,1,1
1946,Bradford City,Rotherham United,2,0,3a,3,2,2,1
1946,Bradford City,Tranmere Rovers,2,2,3a,3,4,0,0
1946,Carlisle United,Chester,3,2,3a,3,5,1,1
1946,Carlisle United,Rotherham United,1,1,3a,3,2,0,0
1946,Carlisle United,Tranmere Rovers,4,2,3a,3,6,2,1
1946,Chester,Accrington Stanley,3,1,3a,3,4,2,1
1946,Chester,Doncaster Rovers,1,3,3a,3,4,-2,0
1946,Chester,New Brighton,2,1,3a,3,3,1,1
1946,Chester,Rotherham United,2,2,3a,3,4,0,0
1946,Crewe Alexandra,Doncaster Rovers,0,3,3a,3,3,-3,0
1946,Crewe Alexandra,New Brighton,3,0,3a,3,3,3,1
1946,Crewe Alexandra,Rotherham United,1,2,3a,3,3,-1,0
1946,Darlington,Doncaster Rovers,1,1,3a,3,2,0,0
1946,Darlington,New Brighton,4,0,3a,3,4,4,1
1946,Darlington,Tranmere Rovers,1,2,3a,3,3,-1,0
1946,Doncaster Rovers,Carlisle United,9,2,3a,3,11,7,1
1946,Doncaster Rovers,Hartlepool United,5,1,3a,3,6,4,1
1946,Doncaster Rovers,Rotherham United,1,1,3a,3,2,0,0
1946,Doncaster Rovers,Tranmere Rovers,2,0,3a,3,2,2,1
1946,Gateshead,Accrington Stanley,2,1,3a,3,3,1,1
1946,Gateshead,Darlington,1,0,3a,3,1,1,1
1946,Gateshead,New Brighton,3,0,3a,3,3,3,1
1946,Gateshead,Rotherham United,2,0,3a,3,2,2,1
1946,Gateshead,Tranmere Rovers,3,1,3a,3,4,2,1
1946,Halifax Town,Accrington Stanley,2,1,3a,3,3,1,1
1946,Halifax Town,Carlisle United,0,1,3a,3,1,-1,0
1946,Halifax Town,Hartlepool United,1,4,3a,3,5,-3,0
1946,Hartlepool United,Darlington,4,1,3a,3,5,3,1
1946,Hartlepool United,Halifax Town,1,4,3a,3,5,-3,0
1946,Hartlepool United,New Brighton,3,0,3a,3,3,3,1
1946,Hull City,Tranmere Rovers,1,0,3a,3,1,1,1
1946,Lincoln City,Halifax Town,3,1,3a,3,4,2,1
1946,Lincoln City,Rotherham United,4,0,3a,3,4,4,1
1946,New Brighton,Halifax Town,1,1,3a,3,2,0,0
1946,New Brighton,Lincoln City,4,2,3a,3,6,2,1
1946,New Brighton,Rotherham United,1,0,3a,3,1,1,1
1946,Oldham Athletic,Carlisle United,0,2,3a,3,2,-2,0
1946,Oldham Athletic,Darlington,2,0,3a,3,2,2,1
1946,Oldham Athletic,Halifax Town,6,1,3a,3,7,5,1
1946,Rochdale,Darlington,3,0,3a,3,3,3,1
1946,Rochdale,Halifax Town,1,0,3a,3,1,1,1
1946,Rochdale,Rotherham United,1,1,3a,3,2,0,0
1946,Rotherham United,Accrington Stanley,4,1,3a,3,5,3,1
1946,Rotherham United,Carlisle United,4,0,3a,3,4,4,1
1946,Rotherham United,Darlington,4,1,3a,3,5,3,1
1946,Southport,Darlington,2,2,3a,3,4,0,0
1946,Southport,Rochdale,0,2,3a,3,2,-2,0
1946,Southport,Tranmere Rovers,1,2,3a,3,3,-1,0
1946,Stockport County,Darlington,1,0,3a,3,1,1,1
1946,Stockport County,Lincoln City,3,2,3a,3,5,1,1
1946,Tranmere Rovers,Accrington Stanley,0,1,3a,3,1,-1,0
1946,Tranmere Rovers,Carlisle United,1,1,3a,3,2,0,0
1946,Tranmere Rovers,Darlington,2,0,3a,3,2,2,1
1946,Tranmere Rovers,Lincoln City,5,2,3a,3,7,3,1
1946,Tranmere Rovers,Rochdale,2,3,3a,3,5,-1,0
1946,Wrexham,Accrington Stanley,4,0,3a,3,4,4,1
1946,Wrexham,Darlington,7,1,3a,3,8,6,1
1946,Wrexham,Lincoln City,4,1,3a,3,5,3,1
1946,Wrexham,Rochdale,2,2,3a,3,4,0,0
1946,Wrexham,Stockport County,2,1,3a,3,3,1,1
1946,York City,Accrington Stanley,0,1,3a,3,1,-1,0
1946,York City,Darlington,3,0,3a,3,3,3,1
1946,York City,Halifax Town,2,0,3a,3,2,2,1
1946,York City,Lincoln City,2,4,3a,3,6,-2,0
1946,AFC Bournemouth,Mansfield Town,3,1,3b,3,4,2,1
1946,Aldershot,Bristol Rovers,0,2,3b,3,2,-2,0
1946,Aldershot,Exeter City,2,0,3b,3,2,2,1
1946,Aldershot,Reading,1,3,3b,3,4,-2,0
1946,Aldershot,Torquay United,0,0,3b,3,0,0,0
1946,Brighton & Hove Albion,Reading,1,4,3b,3,5,-3,0
1946,Brighton & Hove Albion,Torquay United,2,0,3b,3,2,2,1
1946,Bristol City,AFC Bournemouth,1,0,3b,3,1,1,1
1946,Bristol City,Bristol Rovers,4,0,3b,3,4,4,1
1946,Bristol City,Exeter City,2,2,3b,3,4,0,0
1946,Bristol City,Mansfield Town,5,2,3b,3,7,3,1
1946,Bristol City,Reading,5,2,3b,3,7,3,1
1946,Bristol Rovers,Bristol City,0,3,3b,3,3,-3,0
1946,Bristol Rovers,Mansfield Town,1,0,3b,3,1,1,1
1946,Bristol Rovers,Notts County,4,1,3b,3,5,3,1
1946,Bristol Rovers,Reading,2,2,3b,3,4,0,0
1946,Cardiff City,Bristol City,1,1,3b,3,2,0,0
1946,Cardiff City,Torquay United,1,0,3b,3,1,1,1
1946,Crystal Palace,AFC Bournemouth,0,1,3b,3,1,-1,0
1946,Crystal Palace,Bristol City,0,0,3b,3,0,0,0
1946,Crystal Palace,Exeter City,1,0,3b,3,1,1,1
1946,Crystal Palace,Mansfield Town,1,1,3b,3,2,0,0
1946,Crystal Palace,Notts County,2,1,3b,3,3,1,1
1946,Crystal Palace,Reading,2,1,3b,3,3,1,1
1946,Crystal Palace,Torquay United,6,1,3b,3,7,5,1
1946,Exeter City,AFC Bournemouth,4,1,3b,3,5,3,1
1946,Exeter City,Bristol City,1,3,3b,3,4,-2,0
1946,Exeter City,Crystal Palace,2,1,3b,3,3,1,1
1946,Exeter City,Mansfield Town,1,0,3b,3,1,1,1
1946,Exeter City,Notts County,2,2,3b,3,4,0,0
1946,Exeter City,Reading,1,3,3b,3,4,-2,0
1946,Ipswich Town,AFC Bournemouth,2,1,3b,3,3,1,1
1946,Ipswich Town,Mansfield Town,2,1,3b,3,3,1,1
1946,Leyton Orient,AFC Bournemouth,2,3,3b,3,5,-1,0
1946,Leyton Orient,Bristol City,4,1,3b,3,5,3,1
1946,Leyton Orient,Reading,3,3,3b,3,6,0,0
1946,Leyton Orient,Torquay United,0,1,3b,3,1,-1,0
1946,Mansfield Town,AFC Bournemouth,1,1,3b,3,2,0,0
1946,Mansfield Town,Bristol City,1,3,3b,3,4,-2,0
1946,Mansfield Town,Crystal Palace,3,1,3b,3,4,2,1
1946,Mansfield Town,Torquay United,1,0,3b,3,1,1,1
1946,Northampton Town,Bristol City,2,2,3b,3,4,0,0
1946,Northampton Town,Crystal Palace,1,0,3b,3,1,1,1
1946,Northampton Town,Leyton Orient,4,1,3b,3,5,3,1
1946,Northampton Town,Notts County,2,1,3b,3,3,1,1
1946,Northampton Town,Reading,4,0,3b,3,4,4,1
1946,Northampton Town,Torquay United,0,0,3b,3,0,0,0
1946,Norwich City,AFC Bournemouth,1,6,3b,3,7,-5,0
1946,Norwich City,Crystal Palace,2,3,3b,3,5,-1,0
1946,Norwich City,Reading,0,2,3b,3,2,-2,0
1946,Norwich City,Torquay United,2,0,3b,3,2,2,1
1946,Notts County,Crystal Palace,0,0,3b,3,0,0,0
1946,Notts County,Norwich City,3,0,3b,3,3,3,1
1946,Notts County,Torquay United,0,2,3b,3,2,-2,0
1946,Port Vale,AFC Bournemouth,1,0,3b,3,1,1,1
1946,Port Vale,Leyton Orient,2,1,3b,3,3,1,1
1946,Port Vale,Norwich City,1,3,3b,3,4,-2,0
1946,Port Vale,Reading,5,1,3b,3,6,4,1
1946,Port Vale,Torquay United,2,1,3b,3,3,1,1
1946,Queens Park Rangers,AFC Bournemouth,3,0,3b,3,3,3,1
1946,Queens Park Rangers,Leyton Orient,2,0,3b,3,2,2,1
1946,Queens Park Rangers,Norwich City,1,1,3b,3,2,0,0
1946,Reading,Bristol City,2,5,3b,3,7,-3,0
1946,Reading,Queens Park Rangers,1,0,3b,3,1,1,1
1946,Southend United,AFC Bournemouth,2,2,3b,3,4,0,0
1946,Southend United,Bristol City,4,1,3b,3,5,3,1
1946,Southend United,Crystal Palace,2,0,3b,3,2,2,1
1946,Southend United,Norwich City,3,0,3b,3,3,3,1
1946,Southend United,Queens Park Rangers,1,3,3b,3,4,-2,0
1946,Swindon Town,AFC Bournemouth,1,3,3b,3,4,-2,0
1946,Swindon Town,Leyton Orient,2,0,3b,3,2,2,1
1946,Swindon Town,Queens Park Rangers,3,2,3b,3,5,1,1
1946,Swindon Town,Torquay United,2,4,3b,3,6,-2,0
1946,Torquay United,AFC Bournemouth,2,2,3b,3,4,0,0
1946,Torquay United,Bristol City,2,3,3b,3,5,-1,0
1946,Torquay United,Leyton Orient,3,2,3b,3,5,1,1
1946,Torquay United,Swindon Town,1,5,3b,3,6,-4,0
1946,Walsall,Bristol City,3,0,3b,3,3,3,1
1946,Walsall,Leyton Orient,3,1,3b,3,4,2,1
1946,Walsall,Norwich City,2,2,3b,3,4,0,0
1946,Walsall,Swindon Town,0,1,3b,3,1,-1,0
1946,Watford,AFC Bournemouth,0,2,3b,3,2,-2,0
1946,Watford,Crystal Palace,1,0,3b,3,1,1,1
1947,Arsenal,Aston Villa,1,0,1,1,1,1,1
1947,Arsenal,Grimsby Town,8,0,1,1,8,8,1
1947,Arsenal,Manchester City,1,1,1,1,2,0,0
1947,Arsenal,Portsmouth,0,0,1,1,0,0,0
1947,Arsenal,Stoke City,3,0,1,1,3,3,1
1947,Aston Villa,Arsenal,4,2,1,1,6,2,1
1947,Aston Villa,Chelsea,3,0,1,1,3,3,1
1947,Aston Villa,Portsmouth,2,1,1,1,3,1,1
1947,Aston Villa,Stoke City,1,0,1,1,1,1,1
1947,Blackburn Rovers,Arsenal,0,1,1,1,1,-1,0
1947,Blackburn Rovers,Chelsea,1,1,1,1,2,0,0
1947,Blackburn Rovers,Grimsby Town,4,0,1,1,4,4,1
1947,Blackburn Rovers,Stoke City,2,0,1,1,2,2,1
1947,Blackpool,Chelsea,3,0,1,1,3,3,1
1947,Blackpool,Grimsby Town,3,1,1,1,4,2,1
1947,Blackpool,Portsmouth,1,0,1,1,1,1,1
1947,Bolton Wanderers,Grimsby Town,2,0,1,1,2,2,1
1947,Bolton Wanderers,Manchester City,2,1,1,1,3,1,1
1947,Bolton Wanderers,Portsmouth,4,0,1,1,4,4,1
1947,Burnley,Blackpool,1,0,1,1,1,1,1
1947,Burnley,Chelsea,1,0,1,1,1,1,1
1947,Burnley,Grimsby Town,4,1,1,1,5,3,1
1947,Burnley,Stoke City,4,0,1,1,4,4,1
1947,Charlton Athletic,Arsenal,2,4,1,1,6,-2,0
1947,Charlton Athletic,Blackpool,2,0,1,1,2,2,1
1947,Derby County,Arsenal,1,0,1,1,1,1,1
1947,Derby County,Charlton Athletic,0,3,1,1,3,-3,0
1947,Derby County,Grimsby Town,4,1,1,1,5,3,1
1947,Derby County,Manchester City,0,0,1,1,0,0,0
1947,Derby County,Stoke City,1,1,1,1,2,0,0
1947,Everton,Arsenal,0,2,1,1,2,-2,0
1947,Everton,Charlton Athletic,0,1,1,1,1,-1,0
1947,Everton,Grimsby Town,3,1,1,1,4,2,1
1947,Everton,Manchester City,1,0,1,1,1,1,1
1947,Grimsby Town,Arsenal,0,4,1,1,4,-4,0
1947,Grimsby Town,Charlton Athletic,1,3,1,1,4,-2,0
1947,Grimsby Town,Portsmouth,1,0,1,1,1,1,1
1947,Grimsby Town,Stoke City,0,0,1,1,0,0,0
1947,Huddersfield Town,Portsmouth,0,2,1,1,2,-2,0
1947,Huddersfield Town,Stoke City,0,0,1,1,0,0,0
1947,Liverpool,Everton,4,0,1,1,4,4,1
1947,Liverpool,Portsmouth,0,3,1,1,3,-3,0
1947,Manchester City,Charlton Athletic,4,0,1,1,4,4,1
1947,Manchester City,Liverpool,2,0,1,1,2,2,1
1947,Manchester City,Stoke City,3,0,1,1,3,3,1
1947,Manchester United,Blackpool,1,1,1,1,2,0,0
1947,Manchester United,Liverpool,2,0,1,1,2,2,1
1947,Manchester United,Stoke City,1,1,1,1,2,0,0
1947,Middlesbrough,Arsenal,1,1,1,1,2,0,0
1947,Middlesbrough,Blackpool,4,0,1,1,4,4,1
1947,Middlesbrough,Liverpool,3,1,1,1,4,2,1
1947,Middlesbrough,Portsmouth,1,2,1,1,3,-1,0
1947,Portsmouth,Arsenal,0,0,1,1,0,0,0
1947,Portsmouth,Middlesbrough,6,1,1,1,7,5,1
1947,Portsmouth,Stoke City,3,0,1,1,3,3,1
1947,Preston North End,Charlton Athletic,2,1,1,1,3,1,1
1947,Preston North End,Everton,3,0,1,1,3,3,1
1947,Preston North End,Middlesbrough,2,1,1,1,3,1,1
1947,Preston North End,Stoke City,2,1,1,1,3,1,1
1947,Sheffield United,Blackpool,2,1,1,1,3,1,1
1947,Sheffield United,Everton,2,1,1,1,3,1,1
1947,Sheffield United,Stoke City,3,0,1,1,3,3,1
1947,Stoke City,Everton,1,1,1,1,2,0,0
1947,Stoke City,Middlesbrough,2,4,1,1,6,-2,0
1947,Sunderland,Liverpool,5,1,1,1,6,4,1
1947,Sunderland,Sheffield United,1,1,1,1,2,0,0
1947,Wolverhampton Wanderers,Arsenal,1,1,1,1,2,0,0
1947,Wolverhampton Wanderers,Blackpool,1,1,1,1,2,0,0
1947,Wolverhampton Wanderers,Charlton Athletic,2,0,1,1,2,2,1
1947,Wolverhampton Wanderers,Liverpool,1,2,1,1,3,-1,0
1947,Barnsley,Birmingham City,0,1,2,2,1,-1,0
1947,Barnsley,Bury,2,1,2,2,3,1,1
1947,Barnsley,Millwall,1,0,2,2,1,1,1
1947,Barnsley,Tottenham Hotspur,2,1,2,2,3,1,1
1947,Birmingham City,Barnsley,2,3,2,2,5,-1,0
1947,Birmingham City,Bury,2,0,2,2,2,2,1
1947,Birmingham City,Coventry City,1,1,2,2,2,0,0
1947,Birmingham City,Millwall,1,0,2,2,1,1,1
1947,Birmingham City,Plymouth Argyle,1,1,2,2,2,0,0
1947,Birmingham City,Tottenham Hotspur,0,0,2,2,0,0,0
1947,Bradford Park Avenue,Barnsley,3,2,2,2,5,1,1
1947,Bradford Park Avenue,Bury,5,3,2,2,8,2,1
1947,Bradford Park Avenue,Coventry City,2,2,2,2,4,0,0
1947,Bradford Park Avenue,Millwall,4,0,2,2,4,4,1
1947,Bradford Park Avenue,Plymouth Argyle,3,0,2,2,3,3,1
1947,Brentford,Coventry City,1,4,2,2,5,-3,0
1947,Brentford,Leeds United,3,0,2,2,3,3,1
1947,Brentford,Millwall,2,1,2,2,3,1,1
1947,Brentford,Plymouth Argyle,0,0,2,2,0,0,0
1947,Brentford,Tottenham Hotspur,2,0,2,2,2,2,1
1947,Bury,Barnsley,1,1,2,2,2,0,0
1947,Bury,Leeds United,1,1,2,2,2,0,0
1947,Cardiff City,Brentford,1,0,2,2,1,1,1
1947,Cardiff City,Plymouth Argyle,3,0,2,2,3,3,1
1947,Chesterfield,Brentford,4,0,2,2,4,4,1
1947,Chesterfield,Coventry City,4,3,2,2,7,1,1
1947,Chesterfield,Millwall,2,0,2,2,2,2,1
1947,Chesterfield,Plymouth Argyle,1,1,2,2,2,0,0
1947,Chesterfield,Tottenham Hotspur,3,1,2,2,4,2,1
1947,Coventry City,Brentford,3,0,2,2,3,3,1
1947,Coventry City,Chesterfield,3,0,2,2,3,3,1
1947,Coventry City,Leeds United,1,2,2,2,3,-1,0
1947,Coventry City,Millwall,0,1,2,2,1,-1,0
1947,Coventry City,Tottenham Hotspur,1,1,2,2,2,0,0
1947,Doncaster Rovers,Brentford,0,0,2,2,0,0,0
1947,Doncaster Rovers,Chesterfield,1,0,2,2,1,1,1
1947,Doncaster Rovers,Leeds United,3,0,2,2,3,3,1
1947,Fulham,Brentford,5,0,2,2,5,5,1
1947,Fulham,Chesterfield,0,0,2,2,0,0,0
1947,Fulham,Leeds United,3,2,2,2,5,1,1
1947,Fulham,Millwall,1,0,2,2,1,1,1
1947,Fulham,Plymouth Argyle,1,1,2,2,2,0,0
1947,Leeds United,Brentford,1,1,2,2,2,0,0
1947,Leeds United,Chesterfield,3,0,2,2,3,3,1
1947,Leeds United,Millwall,2,1,2,2,3,1,1
1947,Leeds United,Plymouth Argyle,5,0,2,2,5,5,1
1947,Leeds United,Tottenham Hotspur,1,3,2,2,4,-2,0
1947,Leicester City,Brentford,1,2,2,2,3,-1,0
1947,Leicester City,Chesterfield,1,2,2,2,3,-1,0
1947,Leicester City,Fulham,0,2,2,2,2,-2,0
1947,Leicester City,Millwall,3,0,2,2,3,3,1
1947,Leicester City,Tottenham Hotspur,0,3,2,2,3,-3,0
1947,Luton Town,Barnsley,2,1,2,2,3,1,1
1947,Luton Town,Brentford,3,0,2,2,3,3,1
1947,Luton Town,Chesterfield,2,1,2,2,3,1,1
1947,Luton Town,Millwall,1,2,2,2,3,-1,0
1947,Luton Town,Tottenham Hotspur,0,0,2,2,0,0,0
1947,Millwall,Brentford,0,1,2,2,1,-1,0
1947,Millwall,Chesterfield,0,2,2,2,2,-2,0
1947,Millwall,Fulham,1,2,2,2,3,-1,0
1947,Millwall,Tottenham Hotspur,0,0,2,2,0,0,0
1947,Newcastle United,Chesterfield,2,3,2,2,5,-1,0
1947,Newcastle United,Fulham,1,0,2,2,1,1,1
1947,Nottingham Forest,Barnsley,1,1,2,2,2,0,0
1947,Nottingham Forest,Brentford,2,0,2,2,2,2,1
1947,Nottingham Forest,Luton Town,1,2,2,2,3,-1,0
1947,Nottingham Forest,Plymouth Argyle,1,1,2,2,2,0,0
1947,Plymouth Argyle,Barnsley,1,0,2,2,1,1,1
1947,Plymouth Argyle,Brentford,0,0,2,2,0,0,0
1947,Plymouth Argyle,Chesterfield,1,2,2,2,3,-1,0
1947,Plymouth Argyle,Fulham,3,2,2,2,5,1,1
1947,Plymouth Argyle,Nottingham Forest,1,1,2,2,2,0,0
1947,Sheffield Wednesday,Brentford,1,1,2,2,2,0,0
1947,Sheffield Wednesday,Chesterfield,1,0,2,2,1,1,1
1947,Sheffield Wednesday,Luton Town,1,0,2,2,1,1,1
1947,Sheffield Wednesday,Nottingham Forest,2,1,2,2,3,1,1
1947,Southampton,Chesterfield,3,0,2,2,3,3,1
1947,Southampton,Tottenham Hotspur,1,1,2,2,2,0,0
1947,Tottenham Hotspur,Nottingham Forest,0,3,2,2,3,-3,0
1947,Tottenham Hotspur,Southampton,0,0,2,2,0,0,0
1947,West Bromwich Albion,Barnsley,0,2,2,2,2,-2,0
1947,West Bromwich Albion,Chesterfield,1,0,2,2,1,1,1
1947,West Bromwich Albion,Fulham,2,1,2,2,3,1,1
1947,West Ham United,Brentford,0,1,2,2,1,-1,0
1947,West Ham United,Chesterfield,4,0,2,2,4,4,1
1947,West Ham United,Nottingham Forest,2,1,2,2,3,1,1
1947,West Ham United,Southampton,2,0,2,2,2,2,1
1947,Accrington Stanley,Barrow,0,1,3a,3,1,-1,0
1947,Accrington Stanley,Chester,1,0,3a,3,1,1,1
1947,Accrington Stanley,New Brighton,5,3,3a,3,8,2,1
1947,Accrington Stanley,Rotherham United,0,1,3a,3,1,-1,0
1947,Barrow,Accrington Stanley,3,0,3a,3,3,3,1
1947,Barrow,Chester,1,0,3a,3,1,1,1
1947,Barrow,New Brighton,1,1,3a,3,2,0,0
1947,Barrow,Rotherham United,1,3,3a,3,4,-2,0
1947,Barrow,Tranmere Rovers,3,0,3a,3,3,3,1
1947,Bradford City,Chester,3,2,3a,3,5,1,1
1947,Bradford City,Gateshead,2,2,3a,3,4,0,0
1947,Bradford City,Hull City,2,0,3a,3,2,2,1
1947,Bradford City,New Brighton,1,1,3a,3,2,0,0
1947,Bradford City,Rotherham United,0,1,3a,3,1,-1,0
1947,Bradford City,Tranmere Rovers,4,1,3a,3,5,3,1
1947,Carlisle United,Accrington Stanley,2,3,3a,3,5,-1,0
1947,Carlisle United,Chester,2,0,3a,3,2,2,1
1947,Carlisle United,Gateshead,1,1,3a,3,2,0,0
1947,Carlisle United,Rotherham United,0,3,3a,3,3,-3,0
1947,Carlisle United,Tranmere Rovers,4,3,3a,3,7,1,1
1947,Chester,Gateshead,2,3,3a,3,5,-1,0
1947,Crewe Alexandra,Accrington Stanley,0,0,3a,3,0,0,0
1947,Crewe Alexandra,Gateshead,0,1,3a,3,1,-1,0
1947,Crewe Alexandra,Hull City,3,1,3a,3,4,2,1
1947,Crewe Alexandra,New Brighton,4,0,3a,3,4,4,1
1947,Crewe Alexandra,Rotherham United,3,3,3a,3,6,0,0
1947,Crewe Alexandra,Tranmere Rovers,3,2,3a,3,5,1,1
1947,Darlington,Tranmere Rovers,0,2,3a,3,2,-2,0
1947,Gateshead,Hull City,0,1,3a,3,1,-1,0
1947,Gateshead,New Brighton,3,1,3a,3,4,2,1
1947,Gateshead,Tranmere Rovers,3,0,3a,3,3,3,1
1947,Halifax Town,Carlisle United,2,1,3a,3,3,1,1
1947,Halifax Town,Darlington,1,1,3a,3,2,0,0
1947,Halifax Town,Hull City,0,2,3a,3,2,-2,0
1947,Halifax Town,New Brighton,1,2,3a,3,3,-1,0
1947,Halifax Town,Tranmere Rovers,2,2,3a,3,4,0,0
1947,Hartlepool United,Carlisle United,1,1,3a,3,2,0,0
1947,Hartlepool United,New Brighton,1,0,3a,3,1,1,1
1947,Hartlepool United,Tranmere Rovers,1,1,3a,3,2,0,0
1947,Hull City,Darlington,0,3,3a,3,3,-3,0
1947,Hull City,Hartlepool United,5,0,3a,3,5,5,1
1947,Hull City,New Brighton,3,0,3a,3,3,3,1
1947,Lincoln City,Accrington Stanley,2,3,3a,3,5,-1,0
1947,Lincoln City,Carlisle United,3,0,3a,3,3,3,1
1947,Lincoln City,Darlington,3,1,3a,3,4,2,1
1947,Lincoln City,New Brighton,1,2,3a,3,3,-1,0
1947,Lincoln City,Rotherham United,3,1,3a,3,4,2,1
1947,Mansfield Town,Accrington Stanley,1,0,3a,3,1,1,1
1947,Mansfield Town,Carlisle United,2,3,3a,3,5,-1,0
1947,Mansfield Town,New Brighton,5,0,3a,3,5,5,1
1947,New Brighton,Accrington Stanley,0,1,3a,3,1,-1,0
1947,New Brighton,Carlisle United,1,3,3a,3,4,-2,0
1947,New Brighton,Tranmere Rovers,0,2,3a,3,2,-2,0
1947,Oldham Athletic,Darlington,3,3,3a,3,6,0,0
1947,Oldham Athletic,Hartlepool United,0,2,3a,3,2,-2,0
1947,Oldham Athletic,Mansfield Town,1,1,3a,3,2,0,0
1947,Oldham Athletic,Tranmere Rovers,0,1,3a,3,1,-1,0
1947,Rochdale,Accrington Stanley,1,3,3a,3,4,-2,0
1947,Rochdale,Carlisle United,2,1,3a,3,3,1,1
1947,Rochdale,Hartlepool United,0,2,3a,3,2,-2,0
1947,Rotherham United,Carlisle United,7,2,3a,3,9,5,1
1947,Rotherham United,Darlington,0,0,3a,3,0,0,0
1947,Rotherham United,Mansfield Town,2,1,3a,3,3,1,1
1947,Rotherham United,Tranmere Rovers,2,0,3a,3,2,2,1
1947,Southport,Accrington Stanley,1,1,3a,3,2,0,0
1947,Southport,Carlisle United,0,4,3a,3,4,-4,0
1947,Southport,Darlington,2,0,3a,3,2,2,1
1947,Southport,Rochdale,2,2,3a,3,4,0,0
1947,Southport,Tranmere Rovers,1,4,3a,3,5,-3,0
1947,Stockport County,Accrington Stanley,1,1,3a,3,2,0,0
1947,Stockport County,Carlisle United,2,3,3a,3,5,-1,0
1947,Stockport County,Rochdale,4,0,3a,3,4,4,1
1947,Tranmere Rovers,Accrington Stanley,0,1,3a,3,1,-1,0
1947,Tranmere Rovers,Carlisle United,0,3,3a,3,3,-3,0
1947,Tranmere Rovers,Mansfield Town,0,1,3a,3,1,-1,0
1947,Tranmere Rovers,Rochdale,4,1,3a,3,5,3,1
1947,Wrexham,Accrington Stanley,1,1,3a,3,2,0,0
1947,Wrexham,Darlington,1,2,3a,3,3,-1,0
1947,Wrexham,Hartlepool United,3,1,3a,3,4,2,1
1947,Wrexham,Stockport County,2,0,3a,3,2,2,1
1947,York City,Accrington Stanley,1,2,3a,3,3,-1,0
1947,AFC Bournemouth,Bristol Rovers,3,0,3b,3,3,3,1
1947,AFC Bournemouth,Northampton Town,2,0,3b,3,2,2,1
1947,AFC Bournemouth,Southend United,0,1,3b,3,1,-1,0
1947,Brighton & Hove Albion,AFC Bournemouth,0,2,3b,3,2,-2,0
1947,Brighton & Hove Albion,Ipswich Town,4,1,3b,3,5,3,1
1947,Brighton & Hove Albion,Northampton Town,2,3,3b,3,5,-1,0
1947,Brighton & Hove Albion,Port Vale,2,2,3b,3,4,0,0
1947,Brighton & Hove Albion,Southend United,1,0,3b,3,1,1,1
1947,Bristol City,Ipswich Town,4,0,3b,3,4,4,1
1947,Bristol City,Southend United,6,0,3b,3,6,6,1
1947,Bristol Rovers,Bristol City,0,2,3b,3,2,-2,0
1947,Bristol Rovers,Ipswich Town,2,0,3b,3,2,2,1
1947,Bristol Rovers,Torquay United,0,2,3b,3,2,-2,0
1947,Crystal Palace,AFC Bournemouth,2,0,3b,3,2,2,1
1947,Crystal Palace,Bristol City,4,0,3b,3,4,4,1
1947,Crystal Palace,Ipswich Town,2,1,3b,3,3,1,1
1947,Crystal Palace,Torquay United,2,1,3b,3,3,1,1
1947,Exeter City,Bristol City,3,1,3b,3,4,2,1
1947,Exeter City,Ipswich Town,1,0,3b,3,1,1,1
1947,Ipswich Town,AFC Bournemouth,1,1,3b,3,2,0,0
1947,Ipswich Town,Bristol City,1,0,3b,3,1,1,1
1947,Ipswich Town,Northampton Town,5,2,3b,3,7,3,1
1947,Ipswich Town,Port Vale,2,1,3b,3,3,1,1
1947,Ipswich Town,Southend United,4,0,3b,3,4,4,1
1947,Ipswich Town,Torquay United,2,1,3b,3,3,1,1
1947,Leyton Orient,AFC Bournemouth,2,0,3b,3,2,2,1
1947,Leyton Orient,Exeter City,2,4,3b,3,6,-2,0
1947,Leyton Orient,Port Vale,0,0,3b,3,0,0,0
1947,Leyton Orient,Southend United,2,0,3b,3,2,2,1
1947,Newport County,Bristol City,1,0,3b,3,1,1,1
1947,Newport County,Exeter City,3,0,3b,3,3,3,1
1947,Newport County,Southend United,1,5,3b,3,6,-4,0
1947,Northampton Town,AFC Bournemouth,3,6,3b,3,9,-3,0
1947,Northampton Town,Exeter City,3,1,3b,3,4,2,1
1947,Northampton Town,Newport County,1,1,3b,3,2,0,0
1947,Northampton Town,Port Vale,4,1,3b,3,5,3,1
1947,Northampton Town,Southend United,2,0,3b,3,2,2,1
1947,Northampton Town,Torquay United,1,0,3b,3,1,1,1
1947,Norwich City,Bristol City,2,3,3b,3,5,-1,0
1947,Norwich City,Newport County,1,2,3b,3,3,-1,0
1947,Norwich City,Port Vale,1,2,3b,3,3,-1,0
1947,Notts County,AFC Bournemouth,1,2,3b,3,3,-1,0
1947,Notts County,Port Vale,2,1,3b,3,3,1,1
1947,Notts County,Torquay United,0,0,3b,3,0,0,0
1947,Port Vale,Exeter City,1,1,3b,3,2,0,0
1947,Port Vale,Newport County,4,1,3b,3,5,3,1
1947,Port Vale,Torquay United,1,1,3b,3,2,0,0
1947,Queens Park Rangers,AFC Bournemouth,1,0,3b,3,1,1,1
1947,Queens Park Rangers,Bristol City,2,0,3b,3,2,2,1
1947,Queens Park Rangers,Exeter City,3,1,3b,3,4,2,1
1947,Queens Park Rangers,Notts County,4,1,3b,3,5,3,1
1947,Reading,AFC Bournemouth,3,0,3b,3,3,3,1
1947,Reading,Newport County,0,0,3b,3,0,0,0
1947,Reading,Southend United,1,3,3b,3,4,-2,0
1947,Southend United,Bristol City,4,0,3b,3,4,4,1
1947,Southend United,Notts County,1,2,3b,3,3,-1,0
1947,Southend United,Reading,1,1,3b,3,2,0,0
1947,Swansea City,AFC Bournemouth,3,2,3b,3,5,1,1
1947,Swansea City,Bristol City,6,1,3b,3,7,5,1
1947,Swansea City,Notts County,1,1,3b,3,2,0,0
1947,Swindon Town,AFC Bournemouth,0,1,3b,3,1,-1,0
1947,Swindon Town,Newport County,1,2,3b,3,3,-1,0
1947,Swindon Town,Notts County,1,1,3b,3,2,0,0
1947,Swindon Town,Torquay United,2,2,3b,3,4,0,0
1947,Torquay United,AFC Bournemouth,0,1,3b,3,1,-1,0
1947,Torquay United,Bristol City,2,3,3b,3,5,-1,0
1947,Torquay United,Exeter City,1,2,3b,3,3,-1,0
1947,Torquay United,Notts County,2,2,3b,3,4,0,0
1947,Torquay United,Swindon Town,1,1,3b,3,2,0,0
1947,Walsall,Exeter City,4,0,3b,3,4,4,1
1947,Watford,Bristol City,1,1,3b,3,2,0,0
1947,Watford,Exeter City,3,1,3b,3,4,2,1
1947,Watford,Swindon Town,1,0,3b,3,1,1,1
1948,Arsenal,Aston Villa,3,1,1,1,4,2,1
1948,Arsenal,Huddersfield Town,3,0,1,1,3,3,1
1948,Arsenal,Portsmouth,3,2,1,1,5,1,1
1948,Arsenal,Stoke City,3,0,1,1,3,3,1
1948,Aston Villa,Arsenal,1,0,1,1,1,1,1
1948,Aston Villa,Chelsea,1,1,1,1,2,0,0
1948,Aston Villa,Huddersfield Town,3,3,1,1,6,0,0
1948,Birmingham City,Arsenal,1,1,1,1,2,0,0
1948,Birmingham City,Bolton Wanderers,0,0,1,1,0,0,0
1948,Birmingham City,Huddersfield Town,1,0,1,1,1,1,1
1948,Birmingham City,Manchester United,1,0,1,1,1,1,1
1948,Birmingham City,Portsmouth,3,0,1,1,3,3,1
1948,Blackpool,Bolton Wanderers,1,0,1,1,1,1,1
1948,Blackpool,Chelsea,2,1,1,1,3,1,1
1948,Blackpool,Huddersfield Town,0,0,1,1,0,0,0
1948,Blackpool,Portsmouth,1,0,1,1,1,1,1
1948,Blackpool,Stoke City,2,1,1,1,3,1,1
1948,Bolton Wanderers,Arsenal,1,0,1,1,1,1,1
1948,Bolton Wanderers,Blackpool,2,2,1,1,4,0,0
1948,Bolton Wanderers,Huddersfield Town,1,2,1,1,3,-1,0
1948,Bolton Wanderers,Manchester United,0,1,1,1,1,-1,0
1948,Burnley,Manchester United,0,2,1,1,2,-2,0
1948,Burnley,Portsmouth,2,1,1,1,3,1,1
1948,Charlton Athletic,Blackpool,0,0,1,1,0,0,0
1948,Charlton Athletic,Stoke City,4,1,1,1,5,3,1
1948,Chelsea,Arsenal,0,1,1,1,1,-1,0
1948,Chelsea,Blackpool,3,3,1,1,6,0,0
1948,Chelsea,Charlton Athletic,2,2,1,1,4,0,0
1948,Chelsea,Huddersfield Town,5,0,1,1,5,5,1
1948,Chelsea,Manchester United,1,1,1,1,2,0,0
1948,Chelsea,Portsmouth,1,2,1,1,3,-1,0
1948,Derby County,Blackpool,3,1,1,1,4,2,1
1948,Derby County,Charlton Athletic,5,1,1,1,6,4,1
1948,Derby County,Huddersfield Town,4,1,1,1,5,3,1
1948,Derby County,Portsmouth,1,0,1,1,1,1,1
1948,Derby County,Stoke City,4,1,1,1,5,3,1
1948,Everton,Blackpool,5,0,1,1,5,5,1
1948,Everton,Huddersfield Town,2,0,1,1,2,2,1
1948,Huddersfield Town,Blackpool,1,0,1,1,1,1,1
1948,Huddersfield Town,Everton,1,1,1,1,2,0,0
1948,Huddersfield Town,Portsmouth,0,0,1,1,0,0,0
1948,Liverpool,Arsenal,0,1,1,1,1,-1,0
1948,Liverpool,Charlton Athletic,1,1,1,1,2,0,0
1948,Liverpool,Everton,0,0,1,1,0,0,0
1948,Liverpool,Portsmouth,3,1,1,1,4,2,1
1948,Liverpool,Stoke City,4,0,1,1,4,4,1
1948,Manchester City,Arsenal,0,3,1,1,3,-3,0
1948,Manchester City,Charlton Athletic,0,1,1,1,1,-1,0
1948,Manchester City,Manchester United,0,0,1,1,0,0,0
1948,Manchester United,Arsenal,2,0,1,1,2,2,1
1948,Manchester United,Everton,2,0,1,1,2,2,1
1948,Manchester United,Manchester City,0,0,1,1,0,0,0
1948,Manchester United,Stoke City,3,0,1,1,3,3,1
1948,Middlesbrough,Manchester City,0,1,1,1,1,-1,0
1948,Middlesbrough,Stoke City,1,1,1,1,2,0,0
1948,Newcastle United,Arsenal,3,2,1,1,5,1,1
1948,Newcastle United,Blackpool,3,1,1,1,4,2,1
1948,Newcastle United,Charlton Athletic,2,0,1,1,2,2,1
1948,Newcastle United,Everton,1,0,1,1,1,1,1
1948,Newcastle United,Manchester City,0,0,1,1,0,0,0
1948,Newcastle United,Stoke City,2,2,1,1,4,0,0
1948,Portsmouth,Blackpool,1,1,1,1,2,0,0
1948,Portsmouth,Manchester City,3,1,1,1,4,2,1
1948,Portsmouth,Newcastle United,1,0,1,1,1,1,1
1948,Portsmouth,Stoke City,1,0,1,1,1,1,1
1948,Preston North End,Arsenal,1,1,1,1,2,0,0
1948,Preston North End,Everton,3,1,1,1,4,2,1
1948,Preston North End,Manchester City,1,3,1,1,4,-2,0
1948,Preston North End,Newcastle United,2,1,1,1,3,1,1
1948,Preston North End,Stoke City,2,1,1,1,3,1,1
1948,Sheffield United,Arsenal,1,1,1,1,2,0,0
1948,Sheffield United,Charlton Athletic,2,0,1,1,2,2,1
1948,Sheffield United,Everton,1,1,1,1,2,0,0
1948,Sheffield United,Manchester City,0,2,1,1,2,-2,0
1948,Sheffield United,Newcastle United,0,0,1,1,0,0,0
1948,Sheffield United,Stoke City,2,2,1,1,4,0,0
1948,Stoke City,Arsenal,1,0,1,1,1,1,1
1948,Stoke City,Blackpool,3,2,1,1,5,1,1
1948,Stoke City,Charlton Athletic,2,2,1,1,4,0,0
1948,Stoke City,Manchester City,2,3,1,1,5,-1,0
1948,Stoke City,Newcastle United,1,1,1,1,2,0,0
1948,Stoke City,Sheffield United,0,1,1,1,1,-1,0
1948,Sunderland,Arsenal,1,1,1,1,2,0,0
1948,Sunderland,Blackpool,2,2,1,1,4,0,0
1948,Sunderland,Everton,1,1,1,1,2,0,0
1948,Sunderland,Newcastle United,1,1,1,1,2,0,0
1948,Wolverhampton Wanderers,Arsenal,1,3,1,1,4,-2,0
1948,Wolverhampton Wanderers,Blackpool,2,1,1,1,3,1,1
1948,Wolverhampton Wanderers,Everton,1,0,1,1,1,1,1
1948,Wolverhampton Wanderers,Newcastle United,3,0,1,1,3,3,1
1948,Barnsley,Blackburn Rovers,1,1,2,2,2,0,0
1948,Barnsley,Bury,3,2,2,2,5,1,1
1948,Barnsley,Tottenham Hotspur,4,1,2,2,5,3,1
1948,Blackburn Rovers,Bury,1,2,2,2,3,-1,0
1948,Blackburn Rovers,Luton Town,4,1,2,2,5,3,1
1948,Blackburn Rovers,Queens Park Rangers,2,0,2,2,2,2,1
1948,Bradford Park Avenue,Bury,4,1,2,2,5,3,1
1948,Bradford Park Avenue,Luton Town,4,1,2,2,5,3,1
1948,Bradford Park Avenue,Queens Park Rangers,0,0,2,2,0,0,0
1948,Brentford,Coventry City,2,2,2,2,4,0,0
1948,Brentford,Leeds United,1,3,2,2,4,-2,0
1948,Bury,Brentford,1,2,2,2,3,-1,0
1948,Bury,Leeds United,3,1,2,2,4,2,1
1948,Cardiff City,Leeds United,2,1,2,2,3,1,1
1948,Cardiff City,Luton Town,3,3,2,2,6,0,0
1948,Chesterfield,Barnsley,3,2,2,2,5,1,1
1948,Chesterfield,Brentford,0,1,2,2,1,-1,0
1948,Chesterfield,Coventry City,0,0,2,2,0,0,0
1948,Chesterfield,Leeds United,3,1,2,2,4,2,1
1948,Chesterfield,Queens Park Rangers,2,1,2,2,3,1,1
1948,Coventry City,Luton Town,2,0,2,2,2,2,1
1948,Fulham,Barnsley,1,1,2,2,2,0,0
1948,Fulham,Brentford,2,1,2,2,3,1,1
1948,Fulham,Chesterfield,2,1,2,2,3,1,1
1948,Fulham,Leeds United,1,0,2,2,1,1,1
1948,Fulham,Luton Town,4,1,2,2,5,3,1
1948,Grimsby Town,Barnsley,3,0,2,2,3,3,1
1948,Grimsby Town,Chesterfield,3,3,2,2,6,0,0
1948,Grimsby Town,Leeds United,5,1,2,2,6,4,1
1948,Grimsby Town,Luton Town,2,1,2,2,3,1,1
1948,Grimsby Town,Tottenham Hotspur,1,1,2,2,2,0,0
1948,Leeds United,Brentford,0,0,2,2,0,0,0
1948,Leeds United,Chesterfield,1,0,2,2,1,1,1
1948,Leeds United,Grimsby Town,6,3,2,2,9,3,1
1948,Leeds United,Tottenham Hotspur,0,0,2,2,0,0,0
1948,Leicester City,Barnsley,1,1,2,2,2,0,0
1948,Leicester City,Brentford,0,0,2,2,0,0,0
1948,Leicester City,Chesterfield,2,2,2,2,4,0,0
1948,Leicester City,Tottenham Hotspur,1,2,2,2,3,-1,0
1948,Lincoln City,Brentford,3,1,2,2,4,2,1
1948,Lincoln City,Grimsby Town,2,3,2,2,5,-1,0
1948,Lincoln City,Luton Town,4,4,2,2,8,0,0
1948,Luton Town,Barnsley,1,0,2,2,1,1,1
1948,Luton Town,Grimsby Town,1,1,2,2,2,0,0
1948,Luton Town,Queens Park Rangers,0,0,2,2,0,0,0
1948,Nottingham Forest,Barnsley,0,1,2,2,1,-1,0
1948,Nottingham Forest,Chesterfield,0,1,2,2,1,-1,0
1948,Nottingham Forest,Grimsby Town,0,0,2,2,0,0,0
1948,Nottingham Forest,Queens Park Rangers,0,0,2,2,0,0,0
1948,Nottingham Forest,Tottenham Hotspur,2,2,2,2,4,0,0
1948,Plymouth Argyle,Barnsley,3,1,2,2,4,2,1
1948,Plymouth Argyle,Brentford,1,0,2,2,1,1,1
1948,Plymouth Argyle,Chesterfield,2,2,2,2,4,0,0
1948,Plymouth Argyle,Lincoln City,0,0,2,2,0,0,0
1948,Plymouth Argyle,Queens Park Rangers,3,1,2,2,4,2,1
1948,Plymouth Argyle,Tottenham Hotspur,0,5,2,2,5,-5,0
1948,Queens Park Rangers,Barnsley,2,2,2,2,4,0,0
1948,Queens Park Rangers,Grimsby Town,1,2,2,2,3,-1,0
1948,Queens Park Rangers,Lincoln City,2,0,2,2,2,2,1
1948,Sheffield Wednesday,Barnsley,1,1,2,2,2,0,0
1948,Sheffield Wednesday,Chesterfield,0,0,2,2,0,0,0
1948,Sheffield Wednesday,Grimsby Town,4,1,2,2,5,3,1
1948,Sheffield Wednesday,Plymouth Argyle,2,1,2,2,3,1,1
1948,Southampton,Barnsley,3,0,2,2,3,3,1
1948,Southampton,Brentford,2,0,2,2,2,2,1
1948,Southampton,Chesterfield,1,0,2,2,1,1,1
1948,Southampton,Grimsby Town,0,0,2,2,0,0,0
1948,Southampton,Lincoln City,4,0,2,2,4,4,1
1948,Southampton,Tottenham Hotspur,3,1,2,2,4,2,1
1948,Tottenham Hotspur,Chesterfield,4,0,2,2,4,4,1
1948,Tottenham Hotspur,Grimsby Town,5,2,2,2,7,3,1
1948,Tottenham Hotspur,Southampton,0,1,2,2,1,-1,0
1948,West Bromwich Albion,Brentford,2,0,2,2,2,2,1
1948,West Bromwich Albion,Chesterfield,0,0,2,2,0,0,0
1948,West Bromwich Albion,Lincoln City,5,0,2,2,5,5,1
1948,West Bromwich Albion,Plymouth Argyle,3,0,2,2,3,3,1
1948,West Ham United,Brentford,1,1,2,2,2,0,0
1948,West Ham United,Lincoln City,2,2,2,2,4,0,0
1948,West Ham United,Southampton,1,1,2,2,2,0,0
1948,Accrington Stanley,Doncaster Rovers,2,0,3a,3,2,2,1
1948,Accrington Stanley,Tranmere Rovers,0,2,3a,3,2,-2,0
1948,Barrow,Chester,1,1,3a,3,2,0,0
1948,Barrow,Hartlepool United,2,0,3a,3,2,2,1
1948,Barrow,Rotherham United,0,2,3a,3,2,-2,0
1948,Bradford City,Accrington Stanley,2,2,3a,3,4,0,0
1948,Bradford City,Hartlepool United,0,0,3a,3,0,0,0
1948,Carlisle United,Chester,2,1,3a,3,3,1,1
1948,Carlisle United,Doncaster Rovers,3,0,3a,3,3,3,1
1948,Carlisle United,New Brighton,2,2,3a,3,4,0,0
1948,Carlisle United,Tranmere Rovers,2,2,3a,3,4,0,0
1948,Chester,Accrington Stanley,3,0,3a,3,3,3,1
1948,Chester,Carlisle United,2,1,3a,3,3,1,1
1948,Chester,Doncaster Rovers,1,2,3a,3,3,-1,0
1948,Chester,New Brighton,2,0,3a,3,2,2,1
1948,Chester,Rotherham United,1,1,3a,3,2,0,0
1948,Chester,Tranmere Rovers,2,2,3a,3,4,0,0
1948,Crewe Alexandra,Carlisle United,3,0,3a,3,3,3,1
1948,Crewe Alexandra,Hartlepool United,3,0,3a,3,3,3,1
1948,Darlington,New Brighton,0,2,3a,3,2,-2,0
1948,Darlington,Rotherham United,2,0,3a,3,2,2,1
1948,Doncaster Rovers,Darlington,1,1,3a,3,2,0,0
1948,Doncaster Rovers,Rotherham United,0,0,3a,3,0,0,0
1948,Gateshead,Accrington Stanley,1,1,3a,3,2,0,0
1948,Gateshead,Carlisle United,3,0,3a,3,3,3,1
1948,Gateshead,Tranmere Rovers,3,3,3a,3,6,0,0
1948,Halifax Town,Darlington,0,3,3a,3,3,-3,0
1948,Hartlepool United,Carlisle United,1,0,3a,3,1,1,1
1948,Hartlepool United,Darlington,0,1,3a,3,1,-1,0
1948,Hartlepool United,Halifax Town,0,0,3a,3,0,0,0
1948,Hartlepool United,New Brighton,3,1,3a,3,4,2,1
1948,Hartlepool United,Rotherham United,1,4,3a,3,5,-3,0
1948,Hull City,Accrington Stanley,3,1,3a,3,4,2,1
1948,Hull City,Carlisle United,3,0,3a,3,3,3,1
1948,Hull City,Darlington,0,1,3a,3,1,-1,0
1948,Hull City,Halifax Town,6,0,3a,3,6,6,1
1948,Hull City,New Brighton,4,1,3a,3,5,3,1
1948,Hull City,Rotherham United,3,2,3a,3,5,1,1
1948,Mansfield Town,Accrington Stanley,2,0,3a,3,2,2,1
1948,Mansfield Town,Carlisle United,2,0,3a,3,2,2,1
1948,Mansfield Town,Darlington,2,2,3a,3,4,0,0
1948,Mansfield Town,Halifax Town,2,1,3a,3,3,1,1
1948,Mansfield Town,New Brighton,2,0,3a,3,2,2,1
1948,Mansfield Town,Rotherham United,1,2,3a,3,3,-1,0
1948,New Brighton,Darlington,1,0,3a,3,1,1,1
1948,New Brighton,Halifax Town,2,0,3a,3,2,2,1
1948,New Brighton,Mansfield Town,1,0,3a,3,1,1,1
1948,New Brighton,Rotherham United,0,1,3a,3,1,-1,0
1948,New Brighton,Tranmere Rovers,2,1,3a,3,3,1,1
1948,Oldham Athletic,Halifax Town,2,2,3a,3,4,0,0
1948,Oldham Athletic,Tranmere Rovers,0,2,3a,3,2,-2,0
1948,Rochdale,Darlington,3,4,3a,3,7,-1,0
1948,Rochdale,Mansfield Town,1,0,3a,3,1,1,1
1948,Rochdale,Tranmere Rovers,2,1,3a,3,3,1,1
1948,Rotherham United,Carlisle United,1,1,3a,3,2,0,0
1948,Rotherham United,Darlington,4,3,3a,3,7,1,1
1948,Rotherham United,Halifax Town,4,0,3a,3,4,4,1
1948,Rotherham United,Rochdale,3,1,3a,3,4,2,1
1948,Rotherham United,Tranmere Rovers,7,0,3a,3,7,7,1
1948,Southport,Accrington Stanley,3,0,3a,3,3,3,1
1948,Southport,Darlington,1,3,3a,3,4,-2,0
1948,Southport,Halifax Town,2,3,3a,3,5,-1,0
1948,Southport,Tranmere Rovers,2,3,3a,3,5,-1,0
1948,Stockport County,Darlington,2,0,3a,3,2,2,1
1948,Stockport County,Halifax Town,3,1,3a,3,4,2,1
1948,Stockport County,Mansfield Town,2,0,3a,3,2,2,1
1948,Stockport County,Rochdale,2,2,3a,3,4,0,0
1948,Stockport County,Tranmere Rovers,4,1,3a,3,5,3,1
1948,Tranmere Rovers,Carlisle United,2,1,3a,3,3,1,1
1948,Tranmere Rovers,Halifax Town,2,2,3a,3,4,0,0
1948,Tranmere Rovers,Mansfield Town,1,0,3a,3,1,1,1
1948,Wrexham,Halifax Town,2,1,3a,3,3,1,1
1948,Wrexham,Mansfield Town,1,1,3a,3,2,0,0
1948,Wrexham,Rochdale,2,0,3a,3,2,2,1
1948,Wrexham,Stockport County,0,0,3a,3,0,0,0
1948,York City,Carlisle United,6,0,3a,3,6,6,1
1948,York City,Darlington,2,5,3a,3,7,-3,0
1948,York City,Rochdale,1,1,3a,3,2,0,0
1948,AFC Bournemouth,Aldershot,1,0,3b,3,1,1,1
1948,AFC Bournemouth,Bristol Rovers,1,0,3b,3,1,1,1
1948,AFC Bournemouth,Newport County,1,2,3b,3,3,-1,0
1948,AFC Bournemouth,Southend United,3,2,3b,3,5,1,1
1948,AFC Bournemouth,Torquay United,5,0,3b,3,5,5,1
1948,Aldershot,Ipswich Town,2,0,3b,3,2,2,1
1948,Aldershot,Newport County,1,2,3b,3,3,-1,0
1948,Brighton & Hove Albion,AFC Bournemouth,1,6,3b,3,7,-5,0
1948,Brighton & Hove Albion,Newport County,3,2,3b,3,5,1,1
1948,Brighton & Hove Albion,Southend United,1,0,3b,3,1,1,1
1948,Bristol City,AFC Bournemouth,2,1,3b,3,3,1,1
1948,Bristol City,Ipswich Town,2,0,3b,3,2,2,1
1948,Bristol City,Notts County,3,1,3b,3,4,2,1
1948,Bristol Rovers,AFC Bournemouth,4,0,3b,3,4,4,1
1948,Bristol Rovers,Bristol City,3,1,3b,3,4,2,1
1948,Bristol Rovers,Notts County,3,2,3b,3,5,1,1
1948,Bristol Rovers,Southend United,0,0,3b,3,0,0,0
1948,Crystal Palace,Ipswich Town,1,1,3b,3,2,0,0
1948,Crystal Palace,Notts County,1,5,3b,3,6,-4,0
1948,Crystal Palace,Southend United,2,1,3b,3,3,1,1
1948,Exeter City,AFC Bournemouth,2,3,3b,3,5,-1,0
1948,Exeter City,Bristol City,1,1,3b,3,2,0,0
1948,Exeter City,Ipswich Town,1,3,3b,3,4,-2,0
1948,Ipswich Town,Bristol City,2,0,3b,3,2,2,1
1948,Ipswich Town,Newport County,5,1,3b,3,6,4,1
1948,Ipswich Town,Notts County,3,2,3b,3,5,1,1
1948,Ipswich Town,Southend United,1,3,3b,3,4,-2,0
1948,Leyton Orient,AFC Bournemouth,1,2,3b,3,3,-1,0
1948,Leyton Orient,Bristol City,3,1,3b,3,4,2,1
1948,Leyton Orient,Newport County,5,2,3b,3,7,3,1
1948,Leyton Orient,Southend United,2,0,3b,3,2,2,1
1948,Millwall,Exeter City,2,1,3b,3,3,1,1
1948,Millwall,Newport County,3,1,3b,3,4,2,1
1948,Millwall,Torquay United,1,3,3b,3,4,-2,0
1948,Newport County,Notts County,3,3,3b,3,6,0,0
1948,Newport County,Southend United,4,2,3b,3,6,2,1
1948,Northampton Town,AFC Bournemouth,1,0,3b,3,1,1,1
1948,Northampton Town,Exeter City,4,0,3b,3,4,4,1
1948,Northampton Town,Torquay United,0,0,3b,3,0,0,0
1948,Norwich City,AFC Bournemouth,1,1,3b,3,2,0,0
1948,Norwich City,Millwall,1,2,3b,3,3,-1,0
1948,Notts County,AFC Bournemouth,2,3,3b,3,5,-1,0
1948,Notts County,Bristol City,2,1,3b,3,3,1,1
1948,Notts County,Millwall,1,3,3b,3,4,-2,0
1948,Notts County,Norwich City,2,1,3b,3,3,1,1
1948,Notts County,Southend United,0,0,3b,3,0,0,0
1948,Notts County,Torquay United,5,0,3b,3,5,5,1
1948,Port Vale,AFC Bournemouth,0,2,3b,3,2,-2,0
1948,Port Vale,Bristol City,4,2,3b,3,6,2,1
1948,Port Vale,Millwall,1,0,3b,3,1,1,1
1948,Port Vale,Norwich City,0,0,3b,3,0,0,0
1948,Port Vale,Torquay United,3,1,3b,3,4,2,1
1948,Reading,AFC Bournemouth,4,2,3b,3,6,2,1
1948,Reading,Exeter City,2,0,3b,3,2,2,1
1948,Reading,Norwich City,2,1,3b,3,3,1,1
1948,Southend United,Bristol City,1,0,3b,3,1,1,1
1948,Southend United,Exeter City,0,0,3b,3,0,0,0
1948,Southend United,Norwich City,2,2,3b,3,4,0,0
1948,Swansea City,Bristol City,2,0,3b,3,2,2,1
1948,Swansea City,Millwall,2,0,3b,3,2,2,1
1948,Swansea City,Reading,2,1,3b,3,3,1,1
1948,Swindon Town,AFC Bournemouth,2,2,3b,3,4,0,0
1948,Swindon Town,Exeter City,1,1,3b,3,2,0,0
1948,Swindon Town,Reading,1,1,3b,3,2,0,0
1948,Swindon Town,Torquay United,1,1,3b,3,2,0,0
1948,Torquay United,AFC Bournemouth,1,1,3b,3,2,0,0
1948,Torquay United,Millwall,2,1,3b,3,3,1,1
1948,Torquay United,Reading,4,2,3b,3,6,2,1
1948,Torquay United,Swindon Town,3,1,3b,3,4,2,1
1948,Walsall,AFC Bournemouth,0,0,3b,3,0,0,0
1948,Walsall,Exeter City,4,3,3b,3,7,1,1
1948,Walsall,Reading,2,0,3b,3,2,2,1
1948,Walsall,Swindon Town,0,1,3b,3,1,-1,0
1948,Watford,AFC Bournemouth,0,1,3b,3,1,-1,0
1948,Watford,Bristol City,1,1,3b,3,2,0,0
1948,Watford,Exeter City,0,1,3b,3,1,-1,0
1948,Watford,Norwich City,1,1,3b,3,2,0,0
1949,Arsenal,Manchester City,4,1,1,1,5,3,1
1949,Arsenal,Newcastle United,4,2,1,1,6,2,1
1949,Arsenal,Sunderland,5,0,1,1,5,5,1
1949,Aston Villa,Arsenal,1,1,1,1,2,0,0
1949,Aston Villa,Bolton Wanderers,3,0,1,1,3,3,1
1949,Aston Villa,Fulham,3,1,1,1,4,2,1
1949,Aston Villa,Manchester City,1,0,1,1,1,1,1
1949,Birmingham City,Newcastle United,0,2,1,1,2,-2,0
1949,Birmingham City,Sunderland,1,2,1,1,3,-1,0
1949,Blackpool,Arsenal,2,1,1,1,3,1,1
1949,Blackpool,Chelsea,0,0,1,1,0,0,0
1949,Blackpool,Manchester City,0,0,1,1,0,0,0
1949,Blackpool,Newcastle United,0,0,1,1,0,0,0
1949,Bolton Wanderers,Blackpool,0,0,1,1,0,0,0
1949,Bolton Wanderers,Fulham,2,1,1,1,3,1,1
1949,Bolton Wanderers,Newcastle United,2,2,1,1,4,0,0
1949,Burnley,Arsenal,0,0,1,1,0,0,0
1949,Burnley,Blackpool,0,0,1,1,0,0,0
1949,Burnley,Fulham,0,0,1,1,0,0,0
1949,Burnley,Manchester City,0,0,1,1,0,0,0
1949,Charlton Athletic,Blackpool,1,2,1,1,3,-1,0
1949,Charlton Athletic,Chelsea,1,0,1,1,1,1,1
1949,Charlton Athletic,Fulham,2,1,1,1,3,1,1
1949,Charlton Athletic,Newcastle United,6,3,1,1,9,3,1
1949,Charlton Athletic,Sunderland,2,2,1,1,4,0,0
1949,Chelsea,Charlton Athletic,1,3,1,1,4,-2,0
1949,Chelsea,Manchester City,3,0,1,1,3,3,1
1949,Chelsea,Newcastle United,1,3,1,1,4,-2,0
1949,Chelsea,Sunderland,3,1,1,1,4,2,1
1949,Derby County,Arsenal,1,2,1,1,3,-1,0
1949,Derby County,Manchester City,7,0,1,1,7,7,1
1949,Derby County,Newcastle United,1,1,1,1,2,0,0
1949,Derby County,Sunderland,3,2,1,1,5,1,1
1949,Everton,Blackpool,3,0,1,1,3,3,1
1949,Everton,Fulham,1,1,1,1,2,0,0
1949,Everton,Manchester City,3,1,1,1,4,2,1
1949,Everton,Sunderland,0,2,1,1,2,-2,0
1949,Fulham,Manchester City,1,0,1,1,1,1,1
1949,Fulham,Sunderland,0,3,1,1,3,-3,0
1949,Huddersfield Town,Sunderland,3,1,1,1,4,2,1
1949,Liverpool,Blackpool,0,1,1,1,1,-1,0
1949,Liverpool,Charlton Athletic,1,0,1,1,1,1,1
1949,Liverpool,Manchester City,4,0,1,1,4,4,1
1949,Liverpool,Newcastle United,2,2,1,1,4,0,0
1949,Liverpool,Sunderland,4,2,1,1,6,2,1
1949,Manchester City,Blackpool,0,3,1,1,3,-3,0
1949,Manchester City,Everton,0,0,1,1,0,0,0
1949,Manchester United,Charlton Athletic,3,2,1,1,5,1,1
1949,Manchester United,Everton,1,1,1,1,2,0,0
1949,Newcastle United,Arsenal,0,3,1,1,3,-3,0
1949,Newcastle United,Blackpool,3,0,1,1,3,3,1
1949,Newcastle United,Charlton Athletic,1,0,1,1,1,1,1
1949,Newcastle United,Everton,4,0,1,1,4,4,1
1949,Portsmouth,Arsenal,2,1,1,1,3,1,1
1949,Portsmouth,Blackpool,2,3,1,1,5,-1,0
1949,Portsmouth,Everton,7,0,1,1,7,7,1
1949,Portsmouth,Middlesbrough,1,1,1,1,2,0,0
1949,Stoke City,Blackpool,1,1,1,1,2,0,0
1949,Stoke City,Liverpool,0,0,1,1,0,0,0
1949,Stoke City,Middlesbrough,1,0,1,1,1,1,1
1949,Sunderland,Blackpool,1,1,1,1,2,0,0
1949,Sunderland,Charlton Athletic,2,1,1,1,3,1,1
1949,Sunderland,Middlesbrough,2,0,1,1,2,2,1
1949,Sunderland,Stoke City,3,0,1,1,3,3,1
1949,West Bromwich Albion,Blackpool,1,0,1,1,1,1,1
1949,West Bromwich Albion,Everton,4,0,1,1,4,4,1
1949,West Bromwich Albion,Stoke City,0,0,1,1,0,0,0
1949,Wolverhampton Wanderers,Arsenal,3,0,1,1,3,3,1
1949,Wolverhampton Wanderers,Blackpool,3,0,1,1,3,3,1
1949,Wolverhampton Wanderers,Charlton Athletic,2,1,1,1,3,1,1
1949,Wolverhampton Wanderers,Everton,1,1,1,1,2,0,0
1949,Wolverhampton Wanderers,Liverpool,1,1,1,1,2,0,0
1949,Wolverhampton Wanderers,Middlesbrough,3,1,1,1,4,2,1
1949,Barnsley,Bury,1,0,2,2,1,1,1
1949,Barnsley,Coventry City,4,3,2,2,7,1,1
1949,Barnsley,Leeds United,1,1,2,2,2,0,0
1949,Barnsley,Sheffield United,2,2,2,2,4,0,0
1949,Barnsley,Swansea City,5,2,2,2,7,3,1
1949,Blackburn Rovers,Barnsley,4,0,2,2,4,4,1
1949,Blackburn Rovers,Bury,2,1,2,2,3,1,1
1949,Blackburn Rovers,Coventry City,0,1,2,2,1,-1,0
1949,Blackburn Rovers,Swansea City,2,0,2,2,2,2,1
1949,Bradford Park Avenue,Plymouth Argyle,3,2,2,2,5,1,1
1949,Bradford Park Avenue,Swansea City,0,2,2,2,2,-2,0
1949,Brentford,Barnsley,3,0,2,2,3,3,1
1949,Brentford,Plymouth Argyle,0,0,2,2,0,0,0
1949,Bury,Brentford,1,2,2,2,3,-1,0
1949,Bury,Leeds United,2,0,2,2,2,2,1
1949,Bury,Swansea City,1,1,2,2,2,0,0
1949,Cardiff City,Barnsley,3,0,2,2,3,3,1
1949,Cardiff City,Leeds United,1,0,2,2,1,1,1
1949,Cardiff City,Plymouth Argyle,1,0,2,2,1,1,1
1949,Chesterfield,Brentford,3,1,2,2,4,2,1
1949,Chesterfield,Leeds United,3,1,2,2,4,2,1
1949,Chesterfield,Swansea City,4,1,2,2,5,3,1
1949,Coventry City,Plymouth Argyle,3,0,2,2,3,3,1
1949,Coventry City,Sheffield United,2,4,2,2,6,-2,0
1949,Coventry City,Swansea City,1,2,2,2,3,-1,0
1949,Grimsby Town,Barnsley,2,2,2,2,4,0,0
1949,Grimsby Town,Brentford,4,1,2,2,5,3,1
1949,Grimsby Town,Chesterfield,5,2,2,2,7,3,1
1949,Grimsby Town,Leeds United,2,0,2,2,2,2,1
1949,Grimsby Town,Swansea City,2,1,2,2,3,1,1
1949,Hull City,Chesterfield,1,0,2,2,1,1,1
1949,Hull City,Plymouth Argyle,4,2,2,2,6,2,1
1949,Hull City,Swansea City,0,0,2,2,0,0,0
1949,Leeds United,Barnsley,1,0,2,2,1,1,1
1949,Leeds United,Plymouth Argyle,1,1,2,2,2,0,0
1949,Leeds United,Sheffield United,0,1,2,2,1,-1,0
1949,Leicester City,Chesterfield,0,1,2,2,1,-1,0
1949,Leicester City,Swansea City,0,0,2,2,0,0,0
1949,Luton Town,Brentford,1,0,2,2,1,1,1
1949,Luton Town,Sheffield United,1,3,2,2,4,-2,0
1949,Luton Town,Swansea City,1,2,2,2,3,-1,0
1949,Plymouth Argyle,Brentford,2,0,2,2,2,2,1
1949,Plymouth Argyle,Chesterfield,2,1,2,2,3,1,1
1949,Plymouth Argyle,Luton Town,0,0,2,2,0,0,0
1949,Preston North End,Chesterfield,0,0,2,2,0,0,0
1949,Preston North End,Hull City,4,2,2,2,6,2,1
1949,Preston North End,Luton Town,0,1,2,2,1,-1,0
1949,Preston North End,Sheffield United,4,1,2,2,5,3,1
1949,Queens Park Rangers,Chesterfield,3,2,2,2,5,1,1
1949,Queens Park Rangers,Hull City,1,4,2,2,5,-3,0
1949,Queens Park Rangers,Sheffield United,1,3,2,2,4,-2,0
1949,Queens Park Rangers,Swansea City,0,0,2,2,0,0,0
1949,Sheffield United,Barnsley,1,1,2,2,2,0,0
1949,Sheffield United,Chesterfield,1,0,2,2,1,1,1
1949,Sheffield United,Luton Town,2,2,2,2,4,0,0
1949,Sheffield United,Queens Park Rangers,1,1,2,2,2,0,0
1949,Sheffield United,Swansea City,1,1,2,2,2,0,0
1949,Sheffield Wednesday,Brentford,3,3,2,2,6,0,0
1949,Sheffield Wednesday,Chesterfield,4,2,2,2,6,2,1
1949,Sheffield Wednesday,Queens Park Rangers,1,0,2,2,1,1,1
1949,Sheffield Wednesday,Swansea City,3,0,2,2,3,3,1
1949,Southampton,Brentford,2,3,2,2,5,-1,0
1949,Southampton,Swansea City,1,2,2,2,3,-1,0
1949,Swansea City,Barnsley,4,0,2,2,4,4,1
1949,Swansea City,Brentford,3,0,2,2,3,3,1
1949,Swansea City,Hull City,1,2,2,2,3,-1,0
1949,Swansea City,Luton Town,0,0,2,2,0,0,0
1949,Swansea City,Queens Park Rangers,0,1,2,2,1,-1,0
1949,Tottenham Hotspur,Luton Town,0,0,2,2,0,0,0
1949,Tottenham Hotspur,Queens Park Rangers,3,0,2,2,3,3,1
1949,Tottenham Hotspur,Southampton,4,0,2,2,4,4,1
1949,West Ham United,Luton Town,0,0,2,2,0,0,0
1949,West Ham United,Queens Park Rangers,1,0,2,2,1,1,1
1949,Accrington Stanley,Barrow,1,0,3a,3,1,1,1
1949,Accrington Stanley,Chester,4,0,3a,3,4,4,1
1949,Accrington Stanley,Doncaster Rovers,2,2,3a,3,4,0,0
1949,Accrington Stanley,New Brighton,3,0,3a,3,3,3,1
1949,Barrow,New Brighton,1,1,3a,3,2,0,0
1949,Barrow,Rotherham United,1,1,3a,3,2,0,0
1949,Bradford City,Hartlepool United,1,3,3a,3,4,-2,0
1949,Bradford City,New Brighton,2,1,3a,3,3,1,1
1949,Bradford City,Rotherham United,1,2,3a,3,3,-1,0
1949,Carlisle United,Accrington Stanley,2,1,3a,3,3,1,1
1949,Carlisle United,Chester,5,1,3a,3,6,4,1
1949,Carlisle United,Doncaster Rovers,0,0,3a,3,0,0,0
1949,Carlisle United,New Brighton,0,0,3a,3,0,0,0
1949,Carlisle United,Rotherham United,3,1,3a,3,4,2,1
1949,Chester,Accrington Stanley,1,0,3a,3,1,1,1
1949,Chester,Carlisle United,2,4,3a,3,6,-2,0
1949,Chester,Doncaster Rovers,3,1,3a,3,4,2,1
1949,Chester,Tranmere Rovers,0,0,3a,3,0,0,0
1949,Crewe Alexandra,Accrington Stanley,2,1,3a,3,3,1,1
1949,Crewe Alexandra,Rotherham United,4,1,3a,3,5,3,1
1949,Crewe Alexandra,Tranmere Rovers,2,0,3a,3,2,2,1
1949,Darlington,Accrington Stanley,0,2,3a,3,2,-2,0
1949,Darlington,Doncaster Rovers,2,1,3a,3,3,1,1
1949,Darlington,Hartlepool United,1,0,3a,3,1,1,1
1949,Darlington,New Brighton,3,1,3a,3,4,2,1
1949,Darlington,Rotherham United,2,1,3a,3,3,1,1
1949,Doncaster Rovers,Darlington,2,1,3a,3,3,1,1
1949,Doncaster Rovers,New Brighton,0,0,3a,3,0,0,0
1949,Doncaster Rovers,Tranmere Rovers,1,1,3a,3,2,0,0
1949,Gateshead,Accrington Stanley,5,0,3a,3,5,5,1
1949,Gateshead,Carlisle United,2,1,3a,3,3,1,1
1949,Gateshead,Darlington,3,3,3a,3,6,0,0
1949,Gateshead,Tranmere Rovers,5,1,3a,3,6,4,1
1949,Halifax Town,Accrington Stanley,1,4,3a,3,5,-3,0
1949,Halifax Town,Darlington,1,3,3a,3,4,-2,0
1949,Halifax Town,Hartlepool United,1,2,3a,3,3,-1,0
1949,Halifax Town,Tranmere Rovers,0,1,3a,3,1,-1,0
1949,Hartlepool United,Carlisle United,1,5,3a,3,6,-4,0
1949,Hartlepool United,Halifax Town,3,3,3a,3,6,0,0
1949,Hartlepool United,Rotherham United,1,2,3a,3,3,-1,0
1949,Hartlepool United,Tranmere Rovers,2,0,3a,3,2,2,1
1949,Lincoln City,New Brighton,1,2,3a,3,3,-1,0
1949,Lincoln City,Rotherham United,0,0,3a,3,0,0,0
1949,New Brighton,Accrington Stanley,3,0,3a,3,3,3,1
1949,New Brighton,Carlisle United,3,2,3a,3,5,1,1
1949,New Brighton,Darlington,1,0,3a,3,1,1,1
1949,New Brighton,Halifax Town,1,1,3a,3,2,0,0
1949,Oldham Athletic,Accrington Stanley,0,1,3a,3,1,-1,0
1949,Oldham Athletic,Carlisle United,1,1,3a,3,2,0,0
1949,Oldham Athletic,Rotherham United,2,2,3a,3,4,0,0
1949,Rochdale,Carlisle United,1,0,3a,3,1,1,1
1949,Rochdale,Halifax Town,1,0,3a,3,1,1,1
1949,Rochdale,Rotherham United,1,0,3a,3,1,1,1
1949,Rotherham United,Accrington Stanley,6,0,3a,3,6,6,1
1949,Rotherham United,Halifax Town,2,1,3a,3,3,1,1
1949,Rotherham United,Rochdale,4,3,3a,3,7,1,1
1949,Southport,Tranmere Rovers,2,1,3a,3,3,1,1
1949,Stockport County,Accrington Stanley,1,0,3a,3,1,1,1
1949,Stockport County,Halifax Town,2,0,3a,3,2,2,1
1949,Tranmere Rovers,Accrington Stanley,0,1,3a,3,1,-1,0
1949,Tranmere Rovers,Halifax Town,2,1,3a,3,3,1,1
1949,Tranmere Rovers,Mansfield Town,2,1,3a,3,3,1,1
1949,Wrexham,Darlington,2,1,3a,3,3,1,1
1949,Wrexham,Halifax Town,2,3,3a,3,5,-1,0
1949,Wrexham,Mansfield Town,0,0,3a,3,0,0,0
1949,Wrexham,Stockport County,0,2,3a,3,2,-2,0
1949,York City,Accrington Stanley,2,1,3a,3,3,1,1
1949,York City,Carlisle United,1,1,3a,3,2,0,0
1949,York City,Darlington,1,1,3a,3,2,0,0
1949,York City,Halifax Town,3,1,3a,3,4,2,1
1949,York City,Stockport County,1,1,3a,3,2,0,0
1949,AFC Bournemouth,Aldershot,2,1,3b,3,3,1,1
1949,AFC Bournemouth,Reading,2,1,3b,3,3,1,1
1949,AFC Bournemouth,Torquay United,1,2,3b,3,3,-1,0
1949,Aldershot,AFC Bournemouth,0,1,3b,3,1,-1,0
1949,Aldershot,Bristol Rovers,3,1,3b,3,4,2,1
1949,Aldershot,Ipswich Town,5,0,3b,3,5,5,1
1949,Aldershot,Newport County,4,1,3b,3,5,3,1
1949,Aldershot,Nottingham Forest,1,1,3b,3,2,0,0
1949,Aldershot,Reading,2,0,3b,3,2,2,1
1949,Aldershot,Torquay United,3,5,3b,3,8,-2,0
1949,Brighton & Hove Albion,Ipswich Town,2,1,3b,3,3,1,1
1949,Brighton & Hove Albion,Reading,2,1,3b,3,3,1,1
1949,Bristol City,Bristol Rovers,1,2,3b,3,3,-1,0
1949,Bristol City,Nottingham Forest,0,2,3b,3,2,-2,0
1949,Bristol Rovers,Bristol City,2,3,3b,3,5,-1,0
1949,Bristol Rovers,Ipswich Town,2,0,3b,3,2,2,1
1949,Bristol Rovers,Newport County,3,0,3b,3,3,3,1
1949,Bristol Rovers,Torquay United,2,0,3b,3,2,2,1
1949,Crystal Palace,Bristol City,1,1,3b,3,2,0,0
1949,Crystal Palace,Nottingham Forest,1,1,3b,3,2,0,0
1949,Crystal Palace,Torquay United,1,3,3b,3,4,-2,0
1949,Exeter City,AFC Bournemouth,1,2,3b,3,3,-1,0
1949,Exeter City,Ipswich Town,1,1,3b,3,2,0,0
1949,Exeter City,Newport County,3,3,3b,3,6,0,0
1949,Exeter City,Reading,3,4,3b,3,7,-1,0
1949,Exeter City,Torquay United,1,1,3b,3,2,0,0
1949,Ipswich Town,AFC Bournemouth,1,2,3b,3,3,-1,0
1949,Ipswich Town,Bristol City,0,0,3b,3,0,0,0
1949,Ipswich Town,Exeter City,1,0,3b,3,1,1,1
1949,Leyton Orient,AFC Bournemouth,2,1,3b,3,3,1,1
1949,Leyton Orient,Exeter City,4,1,3b,3,5,3,1
1949,Leyton Orient,Newport County,2,1,3b,3,3,1,1
1949,Leyton Orient,Reading,2,1,3b,3,3,1,1
1949,Leyton Orient,Torquay United,2,1,3b,3,3,1,1
1949,Millwall,AFC Bournemouth,1,0,3b,3,1,1,1
1949,Millwall,Exeter City,3,1,3b,3,4,2,1
1949,Millwall,Reading,3,1,3b,3,4,2,1
1949,Newport County,Bristol City,6,4,3b,3,10,2,1
1949,Newport County,Exeter City,1,2,3b,3,3,-1,0
1949,Newport County,Millwall,4,3,3b,3,7,1,1
1949,Newport County,Nottingham Forest,4,1,3b,3,5,3,1
1949,Newport County,Torquay United,1,0,3b,3,1,1,1
1949,Norwich City,AFC Bournemouth,0,1,3b,3,1,-1,0
1949,Norwich City,Millwall,0,2,3b,3,2,-2,0
1949,Nottingham Forest,Millwall,3,1,3b,3,4,2,1
1949,Nottingham Forest,Reading,1,2,3b,3,3,-1,0
1949,Notts County,Exeter City,3,3,3b,3,6,0,0
1949,Notts County,Millwall,2,0,3b,3,2,2,1
1949,Notts County,Torquay United,1,1,3b,3,2,0,0
1949,Port Vale,AFC Bournemouth,1,1,3b,3,2,0,0
1949,Port Vale,Millwall,4,0,3b,3,4,4,1
1949,Port Vale,Reading,1,1,3b,3,2,0,0
1949,Reading,Millwall,2,0,3b,3,2,2,1
1949,Southend United,Exeter City,1,0,3b,3,1,1,1
1949,Southend United,Norwich City,1,0,3b,3,1,1,1
1949,Southend United,Port Vale,1,0,3b,3,1,1,1
1949,Swindon Town,AFC Bournemouth,3,1,3b,3,4,2,1
1949,Swindon Town,Bristol City,1,1,3b,3,2,0,0
1949,Swindon Town,Exeter City,7,1,3b,3,8,6,1
1949,Swindon Town,Norwich City,1,1,3b,3,2,0,0
1949,Swindon Town,Port Vale,0,0,3b,3,0,0,0
1949,Torquay United,Exeter City,1,4,3b,3,5,-3,0
1949,Torquay United,Norwich City,1,1,3b,3,2,0,0
1949,Torquay United,Swindon Town,1,0,3b,3,1,1,1
1949,Walsall,AFC Bournemouth,1,1,3b,3,2,0,0
1949,Walsall,Bristol City,1,1,3b,3,2,0,0
1949,Walsall,Millwall,0,1,3b,3,1,-1,0
1949,Walsall,Norwich City,1,1,3b,3,2,0,0
1949,Watford,Bristol City,2,0,3b,3,2,2,1
1949,Watford,Norwich City,0,0,3b,3,0,0,0
1949,Watford,Port Vale,0,2,3b,3,2,-2,0
1950,Arsenal,Aston Villa,2,1,1,1,3,1,1
1950,Arsenal,Huddersfield Town,6,2,1,1,8,4,1
1950,Arsenal,Middlesbrough,3,1,1,1,4,2,1
1950,Arsenal,Sheffield Wednesday,3,0,1,1,3,3,1
1950,Aston Villa,Arsenal,1,1,1,1,2,0,0
1950,Aston Villa,Sheffield Wednesday,2,1,1,1,3,1,1
1950,Blackpool,Burnley,1,2,1,1,3,-1,0
1950,Blackpool,Derby County,3,1,1,1,4,2,1
1950,Blackpool,Huddersfield Town,3,1,1,1,4,2,1
1950,Blackpool,Sheffield Wednesday,3,2,1,1,5,1,1
1950,Blackpool,Tottenham Hotspur,0,1,1,1,1,-1,0
1950,Bolton Wanderers,Derby County,3,0,1,1,3,3,1
1950,Bolton Wanderers,Huddersfield Town,4,0,1,1,4,4,1
1950,Bolton Wanderers,Sheffield Wednesday,0,1,1,1,1,-1,0
1950,Burnley,Bolton Wanderers,2,0,1,1,2,2,1
1950,Burnley,Huddersfield Town,0,1,1,1,1,-1,0
1950,Burnley,Tottenham Hotspur,2,0,1,1,2,2,1
1950,Charlton Athletic,Arsenal,1,3,1,1,4,-2,0
1950,Charlton Athletic,Bolton Wanderers,4,3,1,1,7,1,1
1950,Charlton Athletic,Derby County,1,2,1,1,3,-1,0
1950,Charlton Athletic,Sheffield Wednesday,2,1,1,1,3,1,1
1950,Charlton Athletic,Tottenham Hotspur,1,1,1,1,2,0,0
1950,Chelsea,Bolton Wanderers,4,0,1,1,4,4,1
1950,Chelsea,Huddersfield Town,1,2,1,1,3,-1,0
1950,Chelsea,Sheffield Wednesday,4,0,1,1,4,4,1
1950,Chelsea,Tottenham Hotspur,0,2,1,1,2,-2,0
1950,Derby County,Arsenal,4,2,1,1,6,2,1
1950,Derby County,Huddersfield Town,3,0,1,1,3,3,1
1950,Derby County,Sheffield Wednesday,4,1,1,1,5,3,1
1950,Derby County,Tottenham Hotspur,1,1,1,1,2,0,0
1950,Everton,Bolton Wanderers,1,1,1,1,2,0,0
1950,Everton,Huddersfield Town,3,2,1,1,5,1,1
1950,Everton,Middlesbrough,3,2,1,1,5,1,1
1950,Fulham,Huddersfield Town,1,1,1,1,2,0,0
1950,Fulham,Tottenham Hotspur,0,1,1,1,1,-1,0
1950,Huddersfield Town,Arsenal,2,2,1,1,4,0,0
1950,Huddersfield Town,Tottenham Hotspur,3,2,1,1,5,1,1
1950,Liverpool,Bolton Wanderers,3,3,1,1,6,0,0
1950,Liverpool,Chelsea,1,0,1,1,1,1,1
1950,Liverpool,Tottenham Hotspur,2,1,1,1,3,1,1
1950,Manchester United,Sheffield Wednesday,3,1,1,1,4,2,1
1950,Manchester United,Tottenham Hotspur,2,1,1,1,3,1,1
1950,Newcastle United,Arsenal,2,1,1,1,3,1,1
1950,Newcastle United,Chelsea,3,1,1,1,4,2,1
1950,Newcastle United,Fulham,1,2,1,1,3,-1,0
1950,Newcastle United,Manchester United,0,2,1,1,2,-2,0
1950,Newcastle United,Tottenham Hotspur,0,1,1,1,1,-1,0
1950,Portsmouth,Arsenal,1,1,1,1,2,0,0
1950,Portsmouth,Fulham,1,0,1,1,1,1,1
1950,Portsmouth,Tottenham Hotspur,1,1,1,1,2,0,0
1950,Sheffield Wednesday,Chelsea,2,2,1,1,4,0,0
1950,Sheffield Wednesday,Tottenham Hotspur,1,1,1,1,2,0,0
1950,Stoke City,Arsenal,1,0,1,1,1,1,1
1950,Stoke City,Bolton Wanderers,2,1,1,1,3,1,1
1950,Stoke City,Manchester United,2,0,1,1,2,2,1
1950,Sunderland,Arsenal,0,2,1,1,2,-2,0
1950,Sunderland,Portsmouth,0,0,1,1,0,0,0
1950,Tottenham Hotspur,Arsenal,1,0,1,1,1,1,1
1950,Tottenham Hotspur,Chelsea,2,1,1,1,3,1,1
1950,Tottenham Hotspur,Fulham,2,1,1,1,3,1,1
1950,Tottenham Hotspur,Manchester United,1,0,1,1,1,1,1
1950,Tottenham Hotspur,Portsmouth,5,1,1,1,6,4,1
1950,Tottenham Hotspur,Sunderland,1,1,1,1,2,0,0
1950,West Bromwich Albion,Arsenal,2,0,1,1,2,2,1
1950,West Bromwich Albion,Chelsea,1,1,1,1,2,0,0
1950,West Bromwich Albion,Fulham,0,0,1,1,0,0,0
1950,West Bromwich Albion,Portsmouth,5,0,1,1,5,5,1
1950,West Bromwich Albion,Sunderland,3,1,1,1,4,2,1
1950,Wolverhampton Wanderers,Arsenal,0,1,1,1,1,-1,0
1950,Wolverhampton Wanderers,Sunderland,2,1,1,1,3,1,1
1950,Barnsley,Birmingham City,0,2,2,2,2,-2,0
1950,Barnsley,Bury,2,3,2,2,5,-1,0
1950,Barnsley,Hull City,4,2,2,2,6,2,1
1950,Birmingham City,Luton Town,3,0,2,2,3,3,1
1950,Blackburn Rovers,Barnsley,3,4,2,2,7,-1,0
1950,Blackburn Rovers,Coventry City,1,0,2,2,1,1,1
1950,Blackburn Rovers,Luton Town,1,0,2,2,1,1,1
1950,Blackburn Rovers,Southampton,1,0,2,2,1,1,1
1950,Brentford,Barnsley,0,2,2,2,2,-2,0
1950,Brentford,Bury,4,0,2,2,4,4,1
1950,Brentford,Coventry City,0,4,2,2,4,-4,0
1950,Brentford,Luton Town,1,0,2,2,1,1,1
1950,Brentford,Southampton,4,0,2,2,4,4,1
1950,Bury,Coventry City,1,0,2,2,1,1,1
1950,Bury,Luton Town,4,1,2,2,5,3,1
1950,Bury,Southampton,1,0,2,2,1,1,1
1950,Cardiff City,Brentford,1,1,2,2,2,0,0
1950,Chesterfield,Hull City,0,0,2,2,0,0,0
1950,Chesterfield,Luton Town,1,1,2,2,2,0,0
1950,Chesterfield,Preston North End,2,0,2,2,2,2,1
1950,Coventry City,Chesterfield,1,0,2,2,1,1,1
1950,Doncaster Rovers,Barnsley,3,2,2,2,5,1,1
1950,Doncaster Rovers,Luton Town,5,2,2,2,7,3,1
1950,Grimsby Town,Brentford,7,2,2,2,9,5,1
1950,Grimsby Town,Chesterfield,1,2,2,2,3,-1,0
1950,Grimsby Town,Luton Town,0,2,2,2,2,-2,0
1950,Grimsby Town,Preston North End,0,4,2,2,4,-4,0
1950,Grimsby Town,Southampton,4,2,2,2,6,2,1
1950,Hull City,Chesterfield,2,1,2,2,3,1,1
1950,Hull City,Grimsby Town,2,1,2,2,3,1,1
1950,Hull City,Luton Town,5,3,2,2,8,2,1
1950,Hull City,Preston North End,0,0,2,2,0,0,0
1950,Hull City,Southampton,4,1,2,2,5,3,1
1950,Leeds United,Barnsley,2,2,2,2,4,0,0
1950,Leeds United,Chesterfield,2,0,2,2,2,2,1
1950,Leeds United,Grimsby Town,1,0,2,2,1,1,1
1950,Leeds United,Luton Town,2,1,2,2,3,1,1
1950,Leeds United,Preston North End,0,3,2,2,3,-3,0
1950,Leicester City,Chesterfield,1,0,2,2,1,1,1
1950,Leicester City,Luton Town,3,1,2,2,4,2,1
1950,Leicester City,Southampton,3,1,2,2,4,2,1
1950,Luton Town,Brentford,2,0,2,2,2,2,1
1950,Luton Town,Grimsby Town,4,0,2,2,4,4,1
1950,Luton Town,Leicester City,0,2,2,2,2,-2,0
1950,Manchester City,Barnsley,6,0,2,2,6,6,1
1950,Manchester City,Chesterfield,5,1,2,2,6,4,1
1950,Manchester City,Preston North End,0,3,2,2,3,-3,0
1950,Manchester City,Southampton,2,3,2,2,5,-1,0
1950,Notts County,Brentford,2,3,2,2,5,-1,0
1950,Notts County,Preston North End,1,3,2,2,4,-2,0
1950,Notts County,Southampton,2,2,2,2,4,0,0
1950,Preston North End,Barnsley,7,0,2,2,7,7,1
1950,Preston North End,Brentford,4,2,2,2,6,2,1
1950,Preston North End,Notts County,3,1,2,2,4,2,1
1950,Preston North End,Southampton,3,2,2,2,5,1,1
1950,Queens Park Rangers,Barnsley,2,1,2,2,3,1,1
1950,Queens Park Rangers,Chesterfield,1,1,2,2,2,0,0
1950,Queens Park Rangers,Leicester City,3,0,2,2,3,3,1
1950,Sheffield United,Brentford,5,1,2,2,6,4,1
1950,Sheffield United,Chesterfield,4,1,2,2,5,3,1
1950,Sheffield United,Grimsby Town,4,2,2,2,6,2,1
1950,Sheffield United,Notts County,1,2,2,2,3,-1,0
1950,Southampton,Brentford,2,1,2,2,3,1,1
1950,Southampton,Chesterfield,1,1,2,2,2,0,0
1950,Southampton,Grimsby Town,5,1,2,2,6,4,1
1950,Southampton,Leicester City,2,2,2,2,4,0,0
1950,Southampton,Notts County,1,0,2,2,1,1,1
1950,Swansea City,Notts County,2,1,2,2,3,1,1
1950,West Ham United,Barnsley,4,2,2,2,6,2,1
1950,West Ham United,Chesterfield,2,0,2,2,2,2,1
1950,West Ham United,Grimsby Town,2,1,2,2,3,1,1
1950,West Ham United,Leicester City,0,0,2,2,0,0,0
1950,West Ham United,Notts County,4,2,2,2,6,2,1
1950,West Ham United,Sheffield United,3,5,2,2,8,-2,0
1950,Accrington Stanley,Carlisle United,0,4,3a,3,4,-4,0
1950,Accrington Stanley,Wrexham,1,0,3a,3,1,1,1
1950,Barrow,Oldham Athletic,2,1,3a,3,3,1,1
1950,Barrow,Scunthorpe United,1,0,3a,3,1,1,1
1950,Bradford City,Bradford Park Avenue,4,1,3a,3,5,3,1
1950,Bradford City,Mansfield Town,2,3,3a,3,5,-1,0
1950,Bradford City,Rochdale,2,1,3a,3,3,1,1
1950,Bradford City,Shrewsbury Town,1,0,3a,3,1,1,1
1950,Bradford City,Tranmere Rovers,2,2,3a,3,4,0,0
1950,Bradford Park Avenue,Accrington Stanley,3,0,3a,3,3,3,1
1950,Bradford Park Avenue,Carlisle United,0,2,3a,3,2,-2,0
1950,Bradford Park Avenue,New Brighton,2,1,3a,3,3,1,1
1950,Bradford Park Avenue,Rotherham United,0,4,3a,3,4,-4,0
1950,Carlisle United,Barrow,1,1,3a,3,2,0,0
1950,Carlisle United,Chester,2,1,3a,3,3,1,1
1950,Carlisle United,Gateshead,3,0,3a,3,3,3,1
1950,Carlisle United,Lincoln City,2,0,3a,3,2,2,1
1950,Chester,Crewe Alexandra,1,1,3a,3,2,0,0
1950,Chester,Halifax Town,2,1,3a,3,3,1,1
1950,Chester,Mansfield Town,0,1,3a,3,1,-1,0
1950,Chester,Shrewsbury Town,3,1,3a,3,4,2,1
1950,Crewe Alexandra,Accrington Stanley,3,0,3a,3,3,3,1
1950,Crewe Alexandra,Bradford Park Avenue,2,4,3a,3,6,-2,0
1950,Crewe Alexandra,New Brighton,2,0,3a,3,2,2,1
1950,Crewe Alexandra,Southport,1,0,3a,3,1,1,1
1950,Darlington,Barrow,1,1,3a,3,2,0,0
1950,Darlington,Lincoln City,1,1,3a,3,2,0,0
1950,Darlington,Scunthorpe United,3,2,3a,3,5,1,1
1950,Darlington,York City,0,3,3a,3,3,-3,0
1950,Gateshead,Bradford City,2,0,3a,3,2,2,1
1950,Gateshead,Chester,2,1,3a,3,3,1,1
1950,Gateshead,Halifax Town,5,0,3a,3,5,5,1
1950,Gateshead,Rochdale,4,1,3a,3,5,3,1
1950,Gateshead,Tranmere Rovers,2,0,3a,3,2,2,1
1950,Halifax Town,Accrington Stanley,2,2,3a,3,4,0,0
1950,Halifax Town,Crewe Alexandra,1,0,3a,3,1,1,1
1950,Halifax Town,New Brighton,0,2,3a,3,2,-2,0
1950,Halifax Town,Wrexham,1,0,3a,3,1,1,1
1950,Hartlepool United,Barrow,6,1,3a,3,7,5,1
1950,Hartlepool United,Carlisle United,3,3,3a,3,6,0,0
1950,Hartlepool United,Darlington,6,1,3a,3,7,5,1
1950,Hartlepool United,Scunthorpe United,4,2,3a,3,6,2,1
1950,Hartlepool United,York City,4,1,3a,3,5,3,1
1950,Lincoln City,Bradford City,1,4,3a,3,5,-3,0
1950,Lincoln City,Mansfield Town,3,0,3a,3,3,3,1
1950,Lincoln City,Rochdale,4,2,3a,3,6,2,1
1950,Lincoln City,Tranmere Rovers,2,1,3a,3,3,1,1
1950,Mansfield Town,Bradford Park Avenue,3,2,3a,3,5,1,1
1950,Mansfield Town,Crewe Alexandra,4,1,3a,3,5,3,1
1950,Mansfield Town,Halifax Town,3,1,3a,3,4,2,1
1950,Mansfield Town,Southport,2,2,3a,3,4,0,0
1950,New Brighton,Barrow,1,2,3a,3,3,-1,0
1950,New Brighton,Darlington,2,2,3a,3,4,0,0
1950,New Brighton,Hartlepool United,1,0,3a,3,1,1,1
1950,New Brighton,Scunthorpe United,1,2,3a,3,3,-1,0
1950,New Brighton,Stockport County,1,0,3a,3,1,1,1
1950,Oldham Athletic,Bradford City,2,2,3a,3,4,0,0
1950,Oldham Athletic,Chester,1,0,3a,3,1,1,1
1950,Oldham Athletic,Lincoln City,0,0,3a,3,0,0,0
1950,Oldham Athletic,Shrewsbury Town,2,1,3a,3,3,1,1
1950,Oldham Athletic,Tranmere Rovers,3,4,3a,3,7,-1,0
1950,Rochdale,Halifax Town,0,0,3a,3,0,0,0
1950,Rochdale,Rotherham United,0,2,3a,3,2,-2,0
1950,Rotherham United,Barrow,3,0,3a,3,3,3,1
1950,Rotherham United,Hartlepool United,2,1,3a,3,3,1,1
1950,Rotherham United,New Brighton,5,0,3a,3,5,5,1
1950,Rotherham United,Stockport County,0,0,3a,3,0,0,0
1950,Rotherham United,York City,3,1,3a,3,4,2,1
1950,Scunthorpe United,Gateshead,2,1,3a,3,3,1,1
1950,Scunthorpe United,Lincoln City,1,1,3a,3,2,0,0
1950,Scunthorpe United,Oldham Athletic,1,0,3a,3,1,1,1
1950,Scunthorpe United,Shrewsbury Town,0,0,3a,3,0,0,0
1950,Shrewsbury Town,Bradford Park Avenue,1,0,3a,3,1,1,1
1950,Shrewsbury Town,Mansfield Town,1,1,3a,3,2,0,0
1950,Shrewsbury Town,Southport,1,5,3a,3,6,-4,0
1950,Southport,Carlisle United,1,0,3a,3,1,1,1
1950,Southport,Darlington,1,0,3a,3,1,1,1
1950,Southport,Hartlepool United,3,0,3a,3,3,3,1
1950,Southport,New Brighton,0,1,3a,3,1,-1,0
1950,Southport,Rotherham United,0,1,3a,3,1,-1,0
1950,Southport,Stockport County,2,0,3a,3,2,2,1
1950,Southport,York City,1,1,3a,3,2,0,0
1950,Stockport County,Bradford City,3,1,3a,3,4,2,1
1950,Stockport County,Chester,0,3,3a,3,3,-3,0
1950,Stockport County,Lincoln City,2,0,3a,3,2,2,1
1950,Stockport County,Oldham Athletic,1,4,3a,3,5,-3,0
1950,Tranmere Rovers,Mansfield Town,2,1,3a,3,3,1,1
1950,Tranmere Rovers,Rochdale,2,1,3a,3,3,1,1
1950,Tranmere Rovers,Shrewsbury Town,0,1,3a,3,1,-1,0
1950,Tranmere Rovers,Wrexham,1,2,3a,3,3,-1,0
1950,Wrexham,Carlisle United,2,1,3a,3,3,1,1
1950,Wrexham,Rotherham United,0,0,3a,3,0,0,0
1950,York City,Gateshead,1,1,3a,3,2,0,0
1950,AFC Bournemouth,Aldershot,4,0,3b,3,4,4,1
1950,AFC Bournemouth,Bristol Rovers,2,0,3b,3,2,2,1
1950,AFC Bournemouth,Leyton Orient,5,0,3b,3,5,5,1
1950,AFC Bournemouth,Northampton Town,1,0,3b,3,1,1,1
1950,AFC Bournemouth,Plymouth Argyle,0,2,3b,3,2,-2,0
1950,Aldershot,Millwall,2,1,3b,3,3,1,1
1950,Aldershot,Port Vale,2,0,3b,3,2,2,1
1950,Aldershot,Watford,1,1,3b,3,2,0,0
1950,Brighton & Hove Albion,Ipswich Town,4,0,3b,3,4,4,1
1950,Brighton & Hove Albion,Newport County,9,1,3b,3,10,8,1
1950,Brighton & Hove Albion,Nottingham Forest,1,2,3b,3,3,-1,0
1950,Brighton & Hove Albion,Torquay United,2,2,3b,3,4,0,0
1950,Bristol City,AFC Bournemouth,2,0,3b,3,2,2,1
1950,Bristol City,Exeter City,3,1,3b,3,4,2,1
1950,Bristol City,Leyton Orient,4,1,3b,3,5,3,1
1950,Bristol City,Northampton Town,1,0,3b,3,1,1,1
1950,Bristol City,Plymouth Argyle,1,0,3b,3,1,1,1
1950,Bristol City,Walsall,3,3,3b,3,6,0,0
1950,Bristol Rovers,Colchester United,1,1,3b,3,2,0,0
1950,Bristol Rovers,Millwall,1,0,3b,3,1,1,1
1950,Bristol Rovers,Norwich City,3,3,3b,3,6,0,0
1950,Bristol Rovers,Watford,3,0,3b,3,3,3,1
1950,Colchester United,Crystal Palace,1,0,3b,3,1,1,1
1950,Colchester United,Nottingham Forest,0,2,3b,3,2,-2,0
1950,Colchester United,Reading,1,1,3b,3,2,0,0
1950,Crystal Palace,AFC Bournemouth,0,1,3b,3,1,-1,0
1950,Crystal Palace,Bristol City,1,0,3b,3,1,1,1
1950,Crystal Palace,Leyton Orient,1,1,3b,3,2,0,0
1950,Crystal Palace,Northampton Town,0,0,3b,3,0,0,0
1950,Crystal Palace,Plymouth Argyle,0,1,3b,3,1,-1,0
1950,Crystal Palace,Southend United,0,2,3b,3,2,-2,0
1950,Crystal Palace,Walsall,1,0,3b,3,1,1,1
1950,Exeter City,Aldershot,3,0,3b,3,3,3,1
1950,Exeter City,Gillingham,1,2,3b,3,3,-1,0
1950,Exeter City,Watford,3,3,3b,3,6,0,0
1950,Gillingham,Ipswich Town,0,1,3b,3,1,-1,0
1950,Gillingham,Torquay United,2,0,3b,3,2,2,1
1950,Ipswich Town,AFC Bournemouth,1,0,3b,3,1,1,1
1950,Ipswich Town,Northampton Town,1,1,3b,3,2,0,0
1950,Ipswich Town,Plymouth Argyle,2,0,3b,3,2,2,1
1950,Ipswich Town,Southend United,1,0,3b,3,1,1,1
1950,Leyton Orient,Aldershot,1,0,3b,3,1,1,1
1950,Leyton Orient,Norwich City,3,1,3b,3,4,2,1
1950,Leyton Orient,Port Vale,2,3,3b,3,5,-1,0
1950,Leyton Orient,Swindon Town,2,1,3b,3,3,1,1
1950,Millwall,Colchester United,2,0,3b,3,2,2,1
1950,Millwall,Newport County,2,4,3b,3,6,-2,0
1950,Newport County,AFC Bournemouth,1,0,3b,3,1,1,1
1950,Newport County,Bristol City,0,1,3b,3,1,-1,0
1950,Newport County,Crystal Palace,2,4,3b,3,6,-2,0
1950,Newport County,Plymouth Argyle,2,0,3b,3,2,2,1
1950,Newport County,Southend United,6,1,3b,3,7,5,1
1950,Northampton Town,Aldershot,1,0,3b,3,1,1,1
1950,Northampton Town,Bristol Rovers,1,1,3b,3,2,0,0
1950,Northampton Town,Leyton Orient,3,3,3b,3,6,0,0
1950,Northampton Town,Norwich City,1,2,3b,3,3,-1,0
1950,Northampton Town,Port Vale,1,1,3b,3,2,0,0
1950,Northampton Town,Watford,6,0,3b,3,6,6,1
1950,Norwich City,Brighton & Hove Albion,1,1,3b,3,2,0,0
1950,Norwich City,Nottingham Forest,2,0,3b,3,2,2,1
1950,Norwich City,Torquay United,1,1,3b,3,2,0,0
1950,Nottingham Forest,Ipswich Town,0,0,3b,3,0,0,0
1950,Nottingham Forest,Plymouth Argyle,4,1,3b,3,5,3,1
1950,Plymouth Argyle,Bristol Rovers,0,0,3b,3,0,0,0
1950,Plymouth Argyle,Leyton Orient,2,1,3b,3,3,1,1
1950,Plymouth Argyle,Swindon Town,5,1,3b,3,6,4,1
1950,Plymouth Argyle,Watford,3,1,3b,3,4,2,1
1950,Port Vale,Brighton & Hove Albion,0,1,3b,3,1,-1,0
1950,Port Vale,Colchester United,1,1,3b,3,2,0,0
1950,Port Vale,Gillingham,4,3,3b,3,7,1,1
1950,Port Vale,Norwich City,2,1,3b,3,3,1,1
1950,Reading,AFC Bournemouth,0,0,3b,3,0,0,0
1950,Reading,Bristol City,4,2,3b,3,6,2,1
1950,Reading,Crystal Palace,1,1,3b,3,2,0,0
1950,Reading,Newport County,5,0,3b,3,5,5,1
1950,Southend United,Exeter City,5,1,3b,3,6,4,1
1950,Southend United,Northampton Town,3,0,3b,3,3,3,1
1950,Southend United,Plymouth Argyle,1,0,3b,3,1,1,1
1950,Southend United,Swindon Town,8,2,3b,3,10,6,1
1950,Swindon Town,Brighton & Hove Albion,0,0,3b,3,0,0,0
1950,Swindon Town,Colchester United,1,1,3b,3,2,0,0
1950,Swindon Town,Norwich City,1,0,3b,3,1,1,1
1950,Torquay United,Crystal Palace,4,1,3b,3,5,3,1
1950,Torquay United,Ipswich Town,0,1,3b,3,1,-1,0
1950,Torquay United,Reading,2,1,3b,3,3,1,1
1950,Walsall,Bristol Rovers,1,2,3b,3,3,-1,0
1950,Walsall,Leyton Orient,1,1,3b,3,2,0,0
1950,Walsall,Plymouth Argyle,1,1,3b,3,2,0,0
1950,Walsall,Southend United,1,2,3b,3,3,-1,0
1950,Walsall,Watford,1,0,3b,3,1,1,1
1950,Watford,Colchester United,2,0,3b,3,2,2,1
1951,Arsenal,Aston Villa,2,1,1,1,3,1,1
1951,Arsenal,Derby County,3,1,1,1,4,2,1
1951,Arsenal,Middlesbrough,3,1,1,1,4,2,1
1951,Aston Villa,Burnley,4,1,1,1,5,3,1
1951,Aston Villa,Derby County,4,1,1,1,5,3,1
1951,Aston Villa,Preston North End,3,2,1,1,5,1,1
1951,Aston Villa,Tottenham Hotspur,0,3,1,1,3,-3,0
1951,Blackpool,Arsenal,0,0,1,1,0,0,0
1951,Blackpool,Derby County,2,1,1,1,3,1,1
1951,Blackpool,Liverpool,2,0,1,1,2,2,1
1951,Blackpool,Middlesbrough,2,2,1,1,4,0,0
1951,Blackpool,Preston North End,0,3,1,1,3,-3,0
1951,Blackpool,Tottenham Hotspur,1,0,1,1,1,1,1
1951,Bolton Wanderers,Arsenal,2,1,1,1,3,1,1
1951,Bolton Wanderers,Burnley,1,4,1,1,5,-3,0
1951,Bolton Wanderers,Middlesbrough,3,1,1,1,4,2,1
1951,Burnley,Bolton Wanderers,1,3,1,1,4,-2,0
1951,Burnley,Preston North End,0,2,1,1,2,-2,0
1951,Charlton Athletic,Arsenal,1,3,1,1,4,-2,0
1951,Charlton Athletic,Derby County,3,3,1,1,6,0,0
1951,Charlton Athletic,Liverpool,2,0,1,1,2,2,1
1951,Charlton Athletic,Preston North End,4,2,1,1,6,2,1
1951,Chelsea,Bolton Wanderers,1,3,1,1,4,-2,0
1951,Chelsea,Derby County,0,1,1,1,1,-1,0
1951,Chelsea,Liverpool,1,3,1,1,4,-2,0
1951,Chelsea,Middlesbrough,5,0,1,1,5,5,1
1951,Derby County,Bolton Wanderers,5,2,1,1,7,3,1
1951,Derby County,Middlesbrough,3,1,1,1,4,2,1
1951,Fulham,Chelsea,1,2,1,1,3,-1,0
1951,Fulham,Liverpool,1,1,1,1,2,0,0
1951,Fulham,Preston North End,2,3,1,1,5,-1,0
1951,Huddersfield Town,Chelsea,1,0,1,1,1,1,1
1951,Huddersfield Town,Preston North End,2,0,1,1,2,2,1
1951,Huddersfield Town,Tottenham Hotspur,1,1,1,1,2,0,0
1951,Liverpool,Bolton Wanderers,1,1,1,1,2,0,0
1951,Liverpool,Chelsea,1,1,1,1,2,0,0
1951,Liverpool,Huddersfield Town,2,1,1,1,3,1,1
1951,Liverpool,Middlesbrough,1,1,1,1,2,0,0
1951,Liverpool,Tottenham Hotspur,1,1,1,1,2,0,0
1951,Manchester City,Huddersfield Town,3,0,1,1,3,3,1
1951,Manchester City,Preston North End,1,0,1,1,1,1,1
1951,Manchester United,Arsenal,6,1,1,1,7,5,1
1951,Manchester United,Chelsea,3,0,1,1,3,3,1
1951,Manchester United,Middlesbrough,4,2,1,1,6,2,1
1951,Manchester United,Preston North End,1,2,1,1,3,-1,0
1951,Manchester United,Tottenham Hotspur,2,0,1,1,2,2,1
1951,Middlesbrough,Chelsea,0,0,1,1,0,0,0
1951,Middlesbrough,Preston North End,2,5,1,1,7,-3,0
1951,Newcastle United,Arsenal,2,0,1,1,2,2,1
1951,Newcastle United,Bolton Wanderers,0,1,1,1,1,-1,0
1951,Newcastle United,Chelsea,3,1,1,1,4,2,1
1951,Newcastle United,Huddersfield Town,6,2,1,1,8,4,1
1951,Newcastle United,Tottenham Hotspur,7,2,1,1,9,5,1
1951,Portsmouth,Chelsea,1,0,1,1,1,1,1
1951,Portsmouth,Huddersfield Town,3,1,1,1,4,2,1
1951,Portsmouth,Manchester United,1,0,1,1,1,1,1
1951,Preston North End,Arsenal,2,0,1,1,2,2,1
1951,Preston North End,Chelsea,1,0,1,1,1,1,1
1951,Preston North End,Huddersfield Town,5,2,1,1,7,3,1
1951,Preston North End,Manchester United,1,2,1,1,3,-1,0
1951,Preston North End,Tottenham Hotspur,1,1,1,1,2,0,0
1951,Stoke City,Huddersfield Town,0,0,1,1,0,0,0
1951,Stoke City,Manchester United,0,0,1,1,0,0,0
1951,Stoke City,Portsmouth,2,0,1,1,2,2,1
1951,Stoke City,Tottenham Hotspur,1,6,1,1,7,-5,0
1951,Sunderland,Arsenal,4,1,1,1,5,3,1
1951,Tottenham Hotspur,Arsenal,1,2,1,1,3,-1,0
1951,Tottenham Hotspur,Chelsea,3,2,1,1,5,1,1
1951,Tottenham Hotspur,Portsmouth,3,1,1,1,4,2,1
1951,West Bromwich Albion,Arsenal,3,1,1,1,4,2,1
1951,West Bromwich Albion,Chelsea,0,1,1,1,1,-1,0
1951,West Bromwich Albion,Manchester United,3,3,1,1,6,0,0
1951,West Bromwich Albion,Portsmouth,5,0,1,1,5,5,1
1951,West Bromwich Albion,Sunderland,1,1,1,1,2,0,0
1951,Wolverhampton Wanderers,Bolton Wanderers,5,1,1,1,6,4,1
1951,Wolverhampton Wanderers,Chelsea,5,3,1,1,8,2,1
1951,Wolverhampton Wanderers,Manchester United,0,2,1,1,2,-2,0
1951,Wolverhampton Wanderers,Portsmouth,1,1,1,1,2,0,0
1951,Barnsley,Birmingham City,1,2,2,2,3,-1,0
1951,Barnsley,Doncaster Rovers,1,1,2,2,2,0,0
1951,Barnsley,Rotherham United,0,1,2,2,1,-1,0
1951,Birmingham City,Leeds United,1,1,2,2,2,0,0
1951,Birmingham City,Southampton,1,1,2,2,2,0,0
1951,Blackburn Rovers,Barnsley,2,1,2,2,3,1,1
1951,Blackburn Rovers,Bury,1,2,2,2,3,-1,0
1951,Blackburn Rovers,Doncaster Rovers,3,3,2,2,6,0,0
1951,Blackburn Rovers,Nottingham Forest,3,2,2,2,5,1,1
1951,Blackburn Rovers,Southampton,0,1,2,2,1,-1,0
1951,Brentford,Barnsley,1,1,2,2,2,0,0
1951,Bury,Brentford,1,0,2,2,1,1,1
1951,Bury,Doncaster Rovers,1,1,2,2,2,0,0
1951,Bury,Nottingham Forest,2,0,2,2,2,2,1
1951,Bury,Rotherham United,3,1,2,2,4,2,1
1951,Bury,Southampton,8,2,2,2,10,6,1
1951,Cardiff City,Barnsley,3,0,2,2,3,3,1
1951,Cardiff City,Brentford,2,0,2,2,2,2,1
1951,Cardiff City,Leeds United,3,1,2,2,4,2,1
1951,Cardiff City,Nottingham Forest,4,1,2,2,5,3,1
1951,Cardiff City,Rotherham United,2,4,2,2,6,-2,0
1951,Cardiff City,Southampton,1,0,2,2,1,1,1
1951,Coventry City,Barnsley,0,0,2,2,0,0,0
1951,Coventry City,Brentford,2,1,2,2,3,1,1
1951,Coventry City,Leeds United,4,2,2,2,6,2,1
1951,Coventry City,Nottingham Forest,3,3,2,2,6,0,0
1951,Coventry City,Southampton,3,1,2,2,4,2,1
1951,Doncaster Rovers,Barnsley,1,2,2,2,3,-1,0
1951,Doncaster Rovers,Brentford,1,2,2,2,3,-1,0
1951,Doncaster Rovers,Coventry City,1,0,2,2,1,1,1
1951,Doncaster Rovers,Leeds United,2,0,2,2,2,2,1
1951,Doncaster Rovers,Southampton,0,1,2,2,1,-1,0
1951,Everton,Barnsley,1,1,2,2,2,0,0
1951,Everton,Leeds United,2,0,2,2,2,2,1
1951,Everton,Rotherham United,3,3,2,2,6,0,0
1951,Everton,Southampton,3,0,2,2,3,3,1
1951,Hull City,Brentford,4,1,2,2,5,3,1
1951,Hull City,Leeds United,3,2,2,2,5,1,1
1951,Hull City,Nottingham Forest,1,4,2,2,5,-3,0
1951,Leeds United,Hull City,2,0,2,2,2,2,1
1951,Leeds United,Nottingham Forest,0,0,2,2,0,0,0
1951,Leeds United,Rotherham United,3,0,2,2,3,3,1
1951,Leicester City,Brentford,1,1,2,2,2,0,0
1951,Leicester City,Hull City,1,0,2,2,1,1,1
1951,Luton Town,Barnsley,4,2,2,2,6,2,1
1951,Luton Town,Nottingham Forest,3,3,2,2,6,0,0
1951,Nottingham Forest,Brentford,2,0,2,2,2,2,1
1951,Nottingham Forest,Hull City,4,0,2,2,4,4,1
1951,Nottingham Forest,Rotherham United,4,2,2,2,6,2,1
1951,Notts County,Brentford,5,2,2,2,7,3,1
1951,Notts County,Coventry City,2,1,2,2,3,1,1
1951,Notts County,Hull City,4,0,2,2,4,4,1
1951,Notts County,Southampton,3,4,2,2,7,-1,0
1951,Queens Park Rangers,Brentford,3,1,2,2,4,2,1
1951,Queens Park Rangers,Hull City,1,1,2,2,2,0,0
1951,Queens Park Rangers,Luton Town,0,0,2,2,0,0,0
1951,Queens Park Rangers,Southampton,2,1,2,2,3,1,1
1951,Rotherham United,Barnsley,4,0,2,2,4,4,1
1951,Rotherham United,Coventry City,0,1,2,2,1,-1,0
1951,Rotherham United,Southampton,4,1,2,2,5,3,1
1951,Sheffield United,Brentford,1,4,2,2,5,-3,0
1951,Sheffield United,Coventry City,1,2,2,2,3,-1,0
1951,Sheffield United,Luton Town,3,0,2,2,3,3,1
1951,Sheffield United,Southampton,2,2,2,2,4,0,0
1951,Sheffield Wednesday,Barnsley,2,1,2,2,3,1,1
1951,Sheffield Wednesday,Queens Park Rangers,2,1,2,2,3,1,1
1951,Sheffield Wednesday,Southampton,3,1,2,2,4,2,1
1951,Southampton,Coventry City,2,2,2,2,4,0,0
1951,Southampton,Hull City,1,1,2,2,2,0,0
1951,Southampton,Queens Park Rangers,1,1,2,2,2,0,0
1951,Swansea City,Barnsley,2,1,2,2,3,1,1
1951,Swansea City,Hull City,3,0,2,2,3,3,1
1951,Swansea City,Queens Park Rangers,2,3,2,2,5,-1,0
1951,Swansea City,Sheffield Wednesday,1,2,2,2,3,-1,0
1951,Accrington Stanley,Barrow,1,1,3a,3,2,0,0
1951,Accrington Stanley,Lincoln City,1,3,3a,3,4,-2,0
1951,Accrington Stanley,Stockport County,0,3,3a,3,3,-3,0
1951,Accrington Stanley,Wrexham,4,2,3a,3,6,2,1
1951,Barrow,Bradford City,1,0,3a,3,1,1,1
1951,Barrow,Chester,1,0,3a,3,1,1,1
1951,Barrow,Scunthorpe United,2,1,3a,3,3,1,1
1951,Barrow,Tranmere Rovers,2,0,3a,3,2,2,1
1951,Bradford City,Gateshead,1,1,3a,3,2,0,0
1951,Bradford City,Oldham Athletic,5,2,3a,3,7,3,1
1951,Bradford Park Avenue,Accrington Stanley,1,1,3a,3,2,0,0
1951,Bradford Park Avenue,Carlisle United,0,1,3a,3,1,-1,0
1951,Bradford Park Avenue,Crewe Alexandra,3,2,3a,3,5,1,1
1951,Bradford Park Avenue,Grimsby Town,3,2,3a,3,5,1,1
1951,Bradford Park Avenue,Lincoln City,1,1,3a,3,2,0,0
1951,Bradford Park Avenue,Wrexham,5,0,3a,3,5,5,1
1951,Carlisle United,Barrow,0,1,3a,3,1,-1,0
1951,Carlisle United,Darlington,1,1,3a,3,2,0,0
1951,Carlisle United,Halifax Town,2,2,3a,3,4,0,0
1951,Carlisle United,Mansfield Town,0,0,3a,3,0,0,0
1951,Carlisle United,Scunthorpe United,3,0,3a,3,3,3,1
1951,Carlisle United,Tranmere Rovers,1,0,3a,3,1,1,1
1951,Carlisle United,York City,2,1,3a,3,3,1,1
1951,Chester,Chesterfield,3,0,3a,3,3,3,1
1951,Chester,Gateshead,0,3,3a,3,3,-3,0
1951,Chester,Workington,2,2,3a,3,4,0,0
1951,Chesterfield,Lincoln City,2,2,3a,3,4,0,0
1951,Chesterfield,Stockport County,0,1,3a,3,1,-1,0
1951,Chesterfield,Wrexham,3,0,3a,3,3,3,1
1951,Crewe Alexandra,Barrow,1,1,3a,3,2,0,0
1951,Crewe Alexandra,Carlisle United,1,1,3a,3,2,0,0
1951,Crewe Alexandra,Scunthorpe United,2,2,3a,3,4,0,0
1951,Darlington,Bradford City,3,1,3a,3,4,2,1
1951,Darlington,Chester,1,1,3a,3,2,0,0
1951,Darlington,Hartlepool United,2,1,3a,3,3,1,1
1951,Darlington,Southport,1,1,3a,3,2,0,0
1951,Darlington,Workington,2,1,3a,3,3,1,1
1951,Gateshead,Chesterfield,1,1,3a,3,2,0,0
1951,Gateshead,Stockport County,0,2,3a,3,2,-2,0
1951,Gateshead,Wrexham,1,1,3a,3,2,0,0
1951,Grimsby Town,Carlisle United,4,1,3a,3,5,3,1
1951,Grimsby Town,Scunthorpe United,3,2,3a,3,5,1,1
1951,Grimsby Town,Tranmere Rovers,1,0,3a,3,1,1,1
1951,Grimsby Town,York City,0,0,3a,3,0,0,0
1951,Halifax Town,Bradford City,1,1,3a,3,2,0,0
1951,Halifax Town,Hartlepool United,2,0,3a,3,2,2,1
1951,Hartlepool United,Bradford Park Avenue,2,1,3a,3,3,1,1
1951,Hartlepool United,Lincoln City,1,1,3a,3,2,0,0
1951,Lincoln City,Barrow,3,0,3a,3,3,3,1
1951,Lincoln City,Crewe Alexandra,11,1,3a,3,12,10,1
1951,Mansfield Town,Darlington,3,2,3a,3,5,1,1
1951,Mansfield Town,Oldham Athletic,2,1,3a,3,3,1,1
1951,Oldham Athletic,Accrington Stanley,3,1,3a,3,4,2,1
1951,Oldham Athletic,Bradford Park Avenue,1,2,3a,3,3,-1,0
1951,Oldham Athletic,Chesterfield,3,0,3a,3,3,3,1
1951,Oldham Athletic,Gateshead,2,0,3a,3,2,2,1
1951,Oldham Athletic,Rochdale,1,1,3a,3,2,0,0
1951,Oldham Athletic,Stockport County,1,0,3a,3,1,1,1
1951,Oldham Athletic,Wrexham,2,1,3a,3,3,1,1
1951,Rochdale,Carlisle United,0,4,3a,3,4,-4,0
1951,Rochdale,Crewe Alexandra,1,0,3a,3,1,1,1
1951,Rochdale,Scunthorpe United,1,2,3a,3,3,-1,0
1951,Rochdale,Tranmere Rovers,3,2,3a,3,5,1,1
1951,Rochdale,York City,0,2,3a,3,2,-2,0
1951,Scunthorpe United,Chester,2,2,3a,3,4,0,0
1951,Scunthorpe United,Workington,3,1,3a,3,4,2,1
1951,Southport,Chesterfield,4,1,3a,3,5,3,1
1951,Southport,Wrexham,2,1,3a,3,3,1,1
1951,Stockport County,Grimsby Town,1,1,3a,3,2,0,0
1951,Tranmere Rovers,Chester,3,1,3a,3,4,2,1
1951,Tranmere Rovers,Halifax Town,1,2,3a,3,3,-1,0
1951,Tranmere Rovers,Scunthorpe United,3,1,3a,3,4,2,1
1951,Tranmere Rovers,Workington,3,1,3a,3,4,2,1
1951,Workington,Bradford Park Avenue,2,3,3a,3,5,-1,0
1951,Workington,Gateshead,1,2,3a,3,3,-1,0
1951,Workington,Hartlepool United,1,1,3a,3,2,0,0
1951,Workington,Oldham Athletic,0,1,3a,3,1,-1,0
1951,Workington,Southport,6,1,3a,3,7,5,1
1951,Workington,Wrexham,2,0,3a,3,2,2,1
1951,Wrexham,Carlisle United,3,1,3a,3,4,2,1
1951,Wrexham,Lincoln City,4,2,3a,3,6,2,1
1951,Wrexham,York City,1,1,3a,3,2,0,0
1951,York City,Darlington,2,1,3a,3,3,1,1
1951,York City,Mansfield Town,3,0,3a,3,3,3,1
1951,York City,Tranmere Rovers,1,1,3a,3,2,0,0
1951,AFC Bournemouth,Exeter City,0,4,3b,3,4,-4,0
1951,AFC Bournemouth,Leyton Orient,3,2,3b,3,5,1,1
1951,AFC Bournemouth,Southend United,2,1,3b,3,3,1,1
1951,AFC Bournemouth,Walsall,2,1,3b,3,3,1,1
1951,Aldershot,Brighton & Hove Albion,0,2,3b,3,2,-2,0
1951,Aldershot,Colchester United,1,1,3b,3,2,0,0
1951,Aldershot,Millwall,2,1,3b,3,3,1,1
1951,Aldershot,Watford,2,0,3b,3,2,2,1
1951,Brighton & Hove Albion,Crystal Palace,4,3,3b,3,7,1,1
1951,Brighton & Hove Albion,Ipswich Town,5,1,3b,3,6,4,1
1951,Brighton & Hove Albion,Plymouth Argyle,2,3,3b,3,5,-1,0
1951,Brighton & Hove Albion,Torquay United,3,4,3b,3,7,-1,0
1951,Bristol City,Bristol Rovers,1,1,3b,3,2,0,0
1951,Bristol City,Leyton Orient,1,1,3b,3,2,0,0
1951,Bristol City,Port Vale,1,0,3b,3,1,1,1
1951,Bristol City,Walsall,2,0,3b,3,2,2,1
1951,Bristol Rovers,Colchester United,6,0,3b,3,6,6,1
1951,Bristol Rovers,Gillingham,5,0,3b,3,5,5,1
1951,Bristol Rovers,Millwall,2,1,3b,3,3,1,1
1951,Bristol Rovers,Norwich City,1,1,3b,3,2,0,0
1951,Colchester United,Crystal Palace,1,2,3b,3,3,-1,0
1951,Colchester United,Torquay United,0,0,3b,3,0,0,0
1951,Crystal Palace,Exeter City,2,1,3b,3,3,1,1
1951,Crystal Palace,Northampton Town,3,3,3b,3,6,0,0
1951,Crystal Palace,Port Vale,3,1,3b,3,4,2,1
1951,Crystal Palace,Southend United,1,0,3b,3,1,1,1
1951,Crystal Palace,Walsall,2,1,3b,3,3,1,1
1951,Exeter City,Bristol Rovers,0,1,3b,3,1,-1,0
1951,Exeter City,Gillingham,4,2,3b,3,6,2,1
1951,Exeter City,Millwall,0,3,3b,3,3,-3,0
1951,Exeter City,Norwich City,2,4,3b,3,6,-2,0
1951,Exeter City,Swindon Town,1,2,3b,3,3,-1,0
1951,Exeter City,Watford,3,0,3b,3,3,3,1
1951,Gillingham,Colchester United,1,2,3b,3,3,-1,0
1951,Gillingham,Newport County,2,3,3b,3,5,-1,0
1951,Gillingham,Plymouth Argyle,1,2,3b,3,3,-1,0
1951,Gillingham,Torquay United,3,0,3b,3,3,3,1
1951,Ipswich Town,Leyton Orient,1,0,3b,3,1,1,1
1951,Ipswich Town,Port Vale,2,0,3b,3,2,2,1
1951,Ipswich Town,Walsall,0,1,3b,3,1,-1,0
1951,Leyton Orient,Aldershot,0,1,3b,3,1,-1,0
1951,Leyton Orient,Watford,0,0,3b,3,0,0,0
1951,Millwall,Colchester United,1,1,3b,3,2,0,0
1951,Millwall,Plymouth Argyle,0,2,3b,3,2,-2,0
1951,Millwall,Torquay United,4,1,3b,3,5,3,1
1951,Newport County,Crystal Palace,1,0,3b,3,1,1,1
1951,Newport County,Ipswich Town,2,1,3b,3,3,1,1
1951,Newport County,Northampton Town,2,0,3b,3,2,2,1
1951,Newport County,Southend United,3,0,3b,3,3,3,1
1951,Newport County,Walsall,4,2,3b,3,6,2,1
1951,Northampton Town,Aldershot,6,2,3b,3,8,4,1
1951,Northampton Town,Bristol Rovers,2,0,3b,3,2,2,1
1951,Norwich City,Brighton & Hove Albion,0,1,3b,3,1,-1,0
1951,Norwich City,Colchester United,5,2,3b,3,7,3,1
1951,Norwich City,Gillingham,5,0,3b,3,5,5,1
1951,Norwich City,Millwall,1,0,3b,3,1,1,1
1951,Norwich City,Plymouth Argyle,3,0,3b,3,3,3,1
1951,Plymouth Argyle,AFC Bournemouth,4,1,3b,3,5,3,1
1951,Plymouth Argyle,Bristol City,2,2,3b,3,4,0,0
1951,Plymouth Argyle,Ipswich Town,2,0,3b,3,2,2,1
1951,Plymouth Argyle,Port Vale,3,0,3b,3,3,3,1
1951,Plymouth Argyle,Southend United,2,0,3b,3,2,2,1
1951,Port Vale,Aldershot,4,1,3b,3,5,3,1
1951,Port Vale,Exeter City,3,0,3b,3,3,3,1
1951,Port Vale,Leyton Orient,3,0,3b,3,3,3,1
1951,Port Vale,Swindon Town,2,2,3b,3,4,0,0
1951,Port Vale,Watford,1,1,3b,3,2,0,0
1951,Reading,Brighton & Hove Albion,1,4,3b,3,5,-3,0
1951,Reading,Gillingham,2,1,3b,3,3,1,1
1951,Reading,Norwich City,1,1,3b,3,2,0,0
1951,Reading,Torquay United,6,1,3b,3,7,5,1
1951,Shrewsbury Town,Ipswich Town,0,2,3b,3,2,-2,0
1951,Shrewsbury Town,Plymouth Argyle,1,3,3b,3,4,-2,0
1951,Shrewsbury Town,Walsall,1,2,3b,3,3,-1,0
1951,Southend United,Bristol Rovers,2,1,3b,3,3,1,1
1951,Southend United,Leyton Orient,1,0,3b,3,1,1,1
1951,Southend United,Northampton Town,2,0,3b,3,2,2,1
1951,Swindon Town,Brighton & Hove Albion,0,2,3b,3,2,-2,0
1951,Swindon Town,Millwall,2,2,3b,3,4,0,0
1951,Swindon Town,Norwich City,1,1,3b,3,2,0,0
1951,Swindon Town,Torquay United,2,1,3b,3,3,1,1
1951,Torquay United,AFC Bournemouth,2,2,3b,3,4,0,0
1951,Torquay United,Newport County,1,2,3b,3,3,-1,0
1951,Walsall,Aldershot,1,0,3b,3,1,1,1
1951,Walsall,Bristol Rovers,1,0,3b,3,1,1,1
1951,Walsall,Leyton Orient,2,4,3b,3,6,-2,0
1951,Walsall,Southend United,2,0,3b,3,2,2,1
1951,Walsall,Watford,3,1,3b,3,4,2,1
1951,Watford,Gillingham,2,2,3b,3,4,0,0
1951,Watford,Norwich City,1,1,3b,3,2,0,0
1951,Watford,Reading,3,1,3b,3,4,2,1
1951,Watford,Swindon Town,1,7,3b,3,8,-6,0
1952,Arsenal,Manchester City,3,1,1,1,4,2,1
1952,Arsenal,Sheffield Wednesday,2,2,1,1,4,0,0
1952,Arsenal,Tottenham Hotspur,4,0,1,1,4,4,1
1952,Aston Villa,Arsenal,1,2,1,1,3,-1,0
1952,Aston Villa,Sheffield Wednesday,4,3,1,1,7,1,1
1952,Blackpool,Arsenal,3,2,1,1,5,1,1
1952,Blackpool,Burnley,4,2,1,1,6,2,1
1952,Blackpool,Manchester City,4,1,1,1,5,3,1
1952,Bolton Wanderers,Arsenal,4,6,1,1,10,-2,0
1952,Bolton Wanderers,Burnley,1,2,1,1,3,-1,0
1952,Burnley,Bolton Wanderers,0,1,1,1,1,-1,0
1952,Burnley,Sheffield Wednesday,1,1,1,1,2,0,0
1952,Burnley,Tottenham Hotspur,3,2,1,1,5,1,1
1952,Cardiff City,Arsenal,0,0,1,1,0,0,0
1952,Cardiff City,Bolton Wanderers,1,0,1,1,1,1,1
1952,Cardiff City,Manchester City,6,0,1,1,6,6,1
1952,Cardiff City,Newcastle United,0,0,1,1,0,0,0
1952,Cardiff City,Tottenham Hotspur,0,0,1,1,0,0,0
1952,Charlton Athletic,Arsenal,2,2,1,1,4,0,0
1952,Charlton Athletic,Bolton Wanderers,2,0,1,1,2,2,1
1952,Charlton Athletic,Manchester City,1,2,1,1,3,-1,0
1952,Charlton Athletic,Newcastle United,0,0,1,1,0,0,0
1952,Charlton Athletic,Sheffield Wednesday,3,0,1,1,3,3,1
1952,Chelsea,Arsenal,1,1,1,1,2,0,0
1952,Chelsea,Charlton Athletic,0,1,1,1,1,-1,0
1952,Chelsea,Manchester City,3,1,1,1,4,2,1
1952,Derby County,Sheffield Wednesday,2,1,1,1,3,1,1
1952,Derby County,Tottenham Hotspur,0,0,1,1,0,0,0
1952,Liverpool,Arsenal,1,5,1,1,6,-4,0
1952,Liverpool,Bolton Wanderers,0,0,1,1,0,0,0
1952,Liverpool,Charlton Athletic,1,2,1,1,3,-1,0
1952,Liverpool,Sheffield Wednesday,1,0,1,1,1,1,1
1952,Manchester City,Sheffield Wednesday,3,1,1,1,4,2,1
1952,Manchester City,Tottenham Hotspur,0,1,1,1,1,-1,0
1952,Manchester United,Bolton Wanderers,1,0,1,1,1,1,1
1952,Manchester United,Newcastle United,2,2,1,1,4,0,0
1952,Middlesbrough,Charlton Athletic,1,0,1,1,1,1,1
1952,Middlesbrough,Liverpool,2,3,1,1,5,-1,0
1952,Middlesbrough,Tottenham Hotspur,0,4,1,1,4,-4,0
1952,Newcastle United,Arsenal,2,2,1,1,4,0,0
1952,Newcastle United,Charlton Athletic,3,2,1,1,5,1,1
1952,Portsmouth,Arsenal,2,2,1,1,4,0,0
1952,Portsmouth,Bolton Wanderers,3,1,1,1,4,2,1
1952,Portsmouth,Charlton Athletic,1,1,1,1,2,0,0
1952,Portsmouth,Middlesbrough,1,4,1,1,5,-3,0
1952,Preston North End,Bolton Wanderers,2,2,1,1,4,0,0
1952,Preston North End,Charlton Athletic,2,1,1,1,3,1,1
1952,Preston North End,Liverpool,1,1,1,1,2,0,0
1952,Preston North End,Middlesbrough,3,0,1,1,3,3,1
1952,Sheffield Wednesday,Arsenal,1,4,1,1,5,-3,0
1952,Sheffield Wednesday,Bolton Wanderers,1,1,1,1,2,0,0
1952,Sheffield Wednesday,Liverpool,0,2,1,1,2,-2,0
1952,Sheffield Wednesday,Middlesbrough,2,0,1,1,2,2,1
1952,Sheffield Wednesday,Preston North End,1,1,1,1,2,0,0
1952,Stoke City,Bolton Wanderers,1,2,1,1,3,-1,0
1952,Stoke City,Charlton Athletic,1,0,1,1,1,1,1
1952,Stoke City,Tottenham Hotspur,2,0,1,1,2,2,1
1952,Sunderland,Bolton Wanderers,2,0,1,1,2,2,1
1952,Sunderland,Charlton Athletic,2,1,1,1,3,1,1
1952,Sunderland,Tottenham Hotspur,1,1,1,1,2,0,0
1952,Tottenham Hotspur,Arsenal,1,3,1,1,4,-2,0
1952,Tottenham Hotspur,Bolton Wanderers,1,1,1,1,2,0,0
1952,Tottenham Hotspur,Liverpool,3,1,1,1,4,2,1
1952,Tottenham Hotspur,Middlesbrough,7,1,1,1,8,6,1
1952,West Bromwich Albion,Charlton Athletic,3,1,1,1,4,2,1
1952,West Bromwich Albion,Liverpool,3,0,1,1,3,3,1
1952,West Bromwich Albion,Sunderland,1,1,1,1,2,0,0
1952,Wolverhampton Wanderers,Charlton Athletic,1,2,1,1,3,-1,0
1952,Wolverhampton Wanderers,Liverpool,3,0,1,1,3,3,1
1952,Wolverhampton Wanderers,Middlesbrough,3,3,1,1,6,0,0
1952,Wolverhampton Wanderers,Preston North End,0,2,1,1,2,-2,0
1952,Wolverhampton Wanderers,Sunderland,1,1,1,1,2,0,0
1952,Barnsley,Fulham,1,1,2,2,2,0,0
1952,Barnsley,Luton Town,2,3,2,2,5,-1,0
1952,Barnsley,Plymouth Argyle,0,3,2,2,3,-3,0
1952,Birmingham City,Fulham,1,4,2,2,5,-3,0
1952,Birmingham City,Luton Town,2,2,2,2,4,0,0
1952,Birmingham City,Southampton,2,0,2,2,2,2,1
1952,Blackburn Rovers,Fulham,2,2,2,2,4,0,0
1952,Blackburn Rovers,Plymouth Argyle,1,3,2,2,4,-2,0
1952,Brentford,Bury,2,2,2,2,4,0,0
1952,Brentford,Fulham,2,2,2,2,4,0,0
1952,Brentford,Luton Town,1,1,2,2,2,0,0
1952,Brentford,Plymouth Argyle,1,2,2,2,3,-1,0
1952,Bury,Brentford,3,0,2,2,3,3,1
1952,Bury,Fulham,1,1,2,2,2,0,0
1952,Bury,Luton Town,1,0,2,2,1,1,1
1952,Doncaster Rovers,Barnsley,1,1,2,2,2,0,0
1952,Doncaster Rovers,Brentford,0,2,2,2,2,-2,0
1952,Doncaster Rovers,Fulham,0,0,2,2,0,0,0
1952,Doncaster Rovers,Luton Town,1,0,2,2,1,1,1
1952,Everton,Leeds United,2,2,2,2,4,0,0
1952,Everton,Luton Town,1,1,2,2,2,0,0
1952,Everton,Southampton,2,2,2,2,4,0,0
1952,Fulham,Brentford,5,0,2,2,5,5,1
1952,Fulham,Leeds United,2,1,2,2,3,1,1
1952,Fulham,Luton Town,2,0,2,2,2,2,1
1952,Fulham,Plymouth Argyle,2,1,2,2,3,1,1
1952,Huddersfield Town,Barnsley,6,0,2,2,6,6,1
1952,Huddersfield Town,Brentford,0,0,2,2,0,0,0
1952,Huddersfield Town,Everton,8,2,2,2,10,6,1
1952,Huddersfield Town,Leeds United,1,0,2,2,1,1,1
1952,Huddersfield Town,Plymouth Argyle,4,0,2,2,4,4,1
1952,Huddersfield Town,Southampton,5,0,2,2,5,5,1
1952,Hull City,Barnsley,2,2,2,2,4,0,0
1952,Hull City,Luton Town,0,2,2,2,2,-2,0
1952,Hull City,Plymouth Argyle,0,1,2,2,1,-1,0
1952,Hull City,Southampton,1,0,2,2,1,1,1
1952,Leeds United,Barnsley,4,1,2,2,5,3,1
1952,Leeds United,Brentford,3,2,2,2,5,1,1
1952,Leeds United,Everton,2,0,2,2,2,2,1
1952,Leeds United,Luton Town,2,2,2,2,4,0,0
1952,Leeds United,Plymouth Argyle,1,1,2,2,2,0,0
1952,Leeds United,Southampton,1,1,2,2,2,0,0
1952,Lincoln City,Brentford,0,0,2,2,0,0,0
1952,Lincoln City,Everton,1,1,2,2,2,0,0
1952,Lincoln City,Hull City,2,1,2,2,3,1,1
1952,Lincoln City,Luton Town,1,2,2,2,3,-1,0
1952,Luton Town,Barnsley,6,0,2,2,6,6,1
1952,Luton Town,Brentford,0,1,2,2,1,-1,0
1952,Luton Town,Lincoln City,4,0,2,2,4,4,1
1952,Nottingham Forest,Brentford,3,0,2,2,3,3,1
1952,Nottingham Forest,Hull City,4,1,2,2,5,3,1
1952,Nottingham Forest,Lincoln City,1,1,2,2,2,0,0
1952,Nottingham Forest,Plymouth Argyle,3,1,2,2,4,2,1
1952,Nottingham Forest,Southampton,2,3,2,2,5,-1,0
1952,Notts County,Hull City,2,0,2,2,2,2,1
1952,Notts County,Lincoln City,1,1,2,2,2,0,0
1952,Notts County,Southampton,1,2,2,2,3,-1,0
1952,Plymouth Argyle,Barnsley,4,0,2,2,4,4,1
1952,Plymouth Argyle,Brentford,1,0,2,2,1,1,1
1952,Plymouth Argyle,Everton,1,0,2,2,1,1,1
1952,Plymouth Argyle,Hull City,1,2,2,2,3,-1,0
1952,Plymouth Argyle,Lincoln City,0,0,2,2,0,0,0
1952,Plymouth Argyle,Notts County,2,2,2,2,4,0,0
1952,Rotherham United,Everton,2,2,2,2,4,0,0
1952,Rotherham United,Hull City,2,1,2,2,3,1,1
1952,Rotherham United,Notts County,2,3,2,2,5,-1,0
1952,Sheffield United,Brentford,3,2,2,2,5,1,1
1952,Sheffield United,Everton,1,0,2,2,1,1,1
1952,Sheffield United,Lincoln City,6,1,2,2,7,5,1
1952,Southampton,Hull City,5,1,2,2,6,4,1
1952,Southampton,Lincoln City,1,0,2,2,1,1,1
1952,Southampton,Sheffield United,4,4,2,2,8,0,0
1952,Swansea City,Notts County,5,1,2,2,6,4,1
1952,Swansea City,Sheffield United,1,2,2,2,3,-1,0
1952,West Ham United,Barnsley,3,1,2,2,4,2,1
1952,West Ham United,Brentford,3,1,2,2,4,2,1
1952,West Ham United,Everton,3,1,2,2,4,2,1
1952,West Ham United,Notts County,2,2,2,2,4,0,0
1952,Accrington Stanley,Carlisle United,1,0,3a,3,1,1,1
1952,Accrington Stanley,Mansfield Town,2,2,3a,3,4,0,0
1952,Accrington Stanley,Rochdale,2,1,3a,3,3,1,1
1952,Accrington Stanley,Stockport County,1,4,3a,3,5,-3,0
1952,Accrington Stanley,Wrexham,1,2,3a,3,3,-1,0
1952,Barrow,Bradford City,5,1,3a,3,6,4,1
1952,Barrow,Chester,3,0,3a,3,3,3,1
1952,Barrow,Darlington,2,2,3a,3,4,0,0
1952,Barrow,Halifax Town,5,1,3a,3,6,4,1
1952,Barrow,Oldham Athletic,4,3,3a,3,7,1,1
1952,Bradford City,Bradford Park Avenue,2,1,3a,3,3,1,1
1952,Bradford City,Hartlepool United,1,1,3a,3,2,0,0
1952,Bradford City,Port Vale,1,0,3a,3,1,1,1
1952,Bradford City,Workington,4,0,3a,3,4,4,1
1952,Bradford Park Avenue,Mansfield Town,1,1,3a,3,2,0,0
1952,Bradford Park Avenue,Rochdale,2,1,3a,3,3,1,1
1952,Bradford Park Avenue,Wrexham,1,2,3a,3,3,-1,0
1952,Carlisle United,Halifax Town,1,2,3a,3,3,-1,0
1952,Carlisle United,Tranmere Rovers,4,0,3a,3,4,4,1
1952,Carlisle United,York City,1,1,3a,3,2,0,0
1952,Chester,Southport,0,0,3a,3,0,0,0
1952,Chester,Workington,1,1,3a,3,2,0,0
1952,Chesterfield,Accrington Stanley,3,0,3a,3,3,3,1
1952,Chesterfield,Grimsby Town,3,2,3a,3,5,1,1
1952,Crewe Alexandra,Darlington,0,1,3a,3,1,-1,0
1952,Crewe Alexandra,Halifax Town,1,1,3a,3,2,0,0
1952,Crewe Alexandra,Scunthorpe United,2,0,3a,3,2,2,1
1952,Crewe Alexandra,York City,3,0,3a,3,3,3,1
1952,Darlington,Chester,3,2,3a,3,5,1,1
1952,Darlington,Hartlepool United,3,0,3a,3,3,3,1
1952,Darlington,Southport,3,1,3a,3,4,2,1
1952,Gateshead,Accrington Stanley,5,0,3a,3,5,5,1
1952,Gateshead,Chesterfield,2,4,3a,3,6,-2,0
1952,Gateshead,Grimsby Town,2,0,3a,3,2,2,1
1952,Gateshead,Mansfield Town,1,2,3a,3,3,-1,0
1952,Gateshead,Rochdale,3,1,3a,3,4,2,1
1952,Gateshead,Stockport County,2,0,3a,3,2,2,1
1952,Grimsby Town,Barrow,2,1,3a,3,3,1,1
1952,Grimsby Town,Carlisle United,2,3,3a,3,5,-1,0
1952,Grimsby Town,Halifax Town,2,0,3a,3,2,2,1
1952,Halifax Town,Bradford City,1,1,3a,3,2,0,0
1952,Halifax Town,Chester,3,1,3a,3,4,2,1
1952,Halifax Town,Darlington,3,2,3a,3,5,1,1
1952,Halifax Town,Port Vale,1,2,3a,3,3,-1,0
1952,Hartlepool United,Bradford Park Avenue,0,1,3a,3,1,-1,0
1952,Hartlepool United,Chesterfield,2,0,3a,3,2,2,1
1952,Hartlepool United,Wrexham,1,2,3a,3,3,-1,0
1952,Mansfield Town,Crewe Alexandra,3,0,3a,3,3,3,1
1952,Mansfield Town,Grimsby Town,1,1,3a,3,2,0,0
1952,Mansfield Town,Scunthorpe United,1,0,3a,3,1,1,1
1952,Mansfield Town,York City,1,1,3a,3,2,0,0
1952,Oldham Athletic,Bradford City,2,0,3a,3,2,2,1
1952,Oldham Athletic,Halifax Town,1,0,3a,3,1,1,1
1952,Oldham Athletic,Southport,3,0,3a,3,3,3,1
1952,Port Vale,Accrington Stanley,0,1,3a,3,1,-1,0
1952,Port Vale,Bradford Park Avenue,1,0,3a,3,1,1,1
1952,Port Vale,Gateshead,1,1,3a,3,2,0,0
1952,Port Vale,Rochdale,5,2,3a,3,7,3,1
1952,Port Vale,Stockport County,2,0,3a,3,2,2,1
1952,Rochdale,Barrow,6,2,3a,3,8,4,1
1952,Rochdale,Scunthorpe United,2,2,3a,3,4,0,0
1952,Rochdale,Tranmere Rovers,3,0,3a,3,3,3,1
1952,Rochdale,York City,0,3,3a,3,3,-3,0
1952,Scunthorpe United,Bradford City,4,0,3a,3,4,4,1
1952,Scunthorpe United,Darlington,2,0,3a,3,2,2,1
1952,Scunthorpe United,Oldham Athletic,1,1,3a,3,2,0,0
1952,Scunthorpe United,Southport,3,0,3a,3,3,3,1
1952,Southport,Accrington Stanley,1,0,3a,3,1,1,1
1952,Southport,Chesterfield,1,0,3a,3,1,1,1
1952,Southport,Gateshead,3,2,3a,3,5,1,1
1952,Southport,Port Vale,0,0,3a,3,0,0,0
1952,Southport,Wrexham,1,0,3a,3,1,1,1
1952,Stockport County,Carlisle United,3,0,3a,3,3,3,1
1952,Stockport County,Crewe Alexandra,2,4,3a,3,6,-2,0
1952,Stockport County,Grimsby Town,2,2,3a,3,4,0,0
1952,Stockport County,Mansfield Town,2,2,3a,3,4,0,0
1952,Stockport County,Rochdale,2,0,3a,3,2,2,1
1952,Stockport County,Tranmere Rovers,3,2,3a,3,5,1,1
1952,Tranmere Rovers,Bradford City,3,1,3a,3,4,2,1
1952,Tranmere Rovers,Chester,4,0,3a,3,4,4,1
1952,Tranmere Rovers,Halifax Town,0,0,3a,3,0,0,0
1952,Tranmere Rovers,Oldham Athletic,0,0,3a,3,0,0,0
1952,Tranmere Rovers,Scunthorpe United,0,1,3a,3,1,-1,0
1952,Workington,Accrington Stanley,3,0,3a,3,3,3,1
1952,Workington,Bradford Park Avenue,2,2,3a,3,4,0,0
1952,Workington,Hartlepool United,1,1,3a,3,2,0,0
1952,Workington,Port Vale,1,1,3a,3,2,0,0
1952,Workington,Southport,2,4,3a,3,6,-2,0
1952,Workington,Wrexham,4,0,3a,3,4,4,1
1952,Wrexham,Barrow,4,0,3a,3,4,4,1
1952,Wrexham,Carlisle United,3,0,3a,3,3,3,1
1952,Wrexham,Crewe Alexandra,1,0,3a,3,1,1,1
1952,Wrexham,Mansfield Town,1,0,3a,3,1,1,1
1952,York City,Chester,0,0,3a,3,0,0,0
1952,York City,Darlington,3,0,3a,3,3,3,1
1952,York City,Tranmere Rovers,2,0,3a,3,2,2,1
1952,AFC Bournemouth,Aldershot,0,3,3b,3,3,-3,0
1952,AFC Bournemouth,Crystal Palace,4,2,3b,3,6,2,1
1952,AFC Bournemouth,Ipswich Town,2,1,3b,3,3,1,1
1952,AFC Bournemouth,Southend United,5,1,3b,3,6,4,1
1952,AFC Bournemouth,Walsall,5,1,3b,3,6,4,1
1952,Aldershot,Brighton & Hove Albion,1,2,3b,3,3,-1,0
1952,Aldershot,Leyton Orient,2,0,3b,3,2,2,1
1952,Aldershot,Northampton Town,2,1,3b,3,3,1,1
1952,Aldershot,Watford,1,2,3b,3,3,-1,0
1952,Brighton & Hove Albion,Bristol City,0,1,3b,3,1,-1,0
1952,Brighton & Hove Albion,Coventry City,1,1,3b,3,2,0,0
1952,Brighton & Hove Albion,Millwall,1,0,3b,3,1,1,1
1952,Brighton & Hove Albion,Norwich City,2,3,3b,3,5,-1,0
1952,Brighton & Hove Albion,Torquay United,2,1,3b,3,3,1,1
1952,Bristol City,AFC Bournemouth,1,1,3b,3,2,0,0
1952,Bristol City,Bristol Rovers,0,0,3b,3,0,0,0
1952,Bristol City,Newport County,2,0,3b,3,2,2,1
1952,Bristol City,Queens Park Rangers,4,4,3b,3,8,0,0
1952,Bristol Rovers,Colchester United,3,1,3b,3,4,2,1
1952,Bristol Rovers,Northampton Town,1,1,3b,3,2,0,0
1952,Bristol Rovers,Swindon Town,1,2,3b,3,3,-1,0
1952,Bristol Rovers,Watford,0,3,3b,3,3,-3,0
1952,Colchester United,Millwall,0,0,3b,3,0,0,0
1952,Colchester United,Norwich City,0,4,3b,3,4,-4,0
1952,Colchester United,Shrewsbury Town,1,0,3b,3,1,1,1
1952,Coventry City,Bristol City,2,2,3b,3,4,0,0
1952,Coventry City,Newport County,0,1,3b,3,1,-1,0
1952,Crystal Palace,Leyton Orient,2,2,3b,3,4,0,0
1952,Crystal Palace,Northampton Town,4,3,3b,3,7,1,1
1952,Crystal Palace,Reading,0,3,3b,3,3,-3,0
1952,Exeter City,Millwall,1,0,3b,3,1,1,1
1952,Exeter City,Torquay United,4,1,3b,3,5,3,1
1952,Gillingham,Bristol City,0,1,3b,3,1,-1,0
1952,Gillingham,Newport County,1,1,3b,3,2,0,0
1952,Gillingham,Queens Park Rangers,3,0,3b,3,3,3,1
1952,Gillingham,Walsall,3,1,3b,3,4,2,1
1952,Ipswich Town,Aldershot,2,1,3b,3,3,1,1
1952,Ipswich Town,Bristol Rovers,1,5,3b,3,6,-4,0
1952,Ipswich Town,Swindon Town,1,1,3b,3,2,0,0
1952,Ipswich Town,Watford,1,1,3b,3,2,0,0
1952,Leyton Orient,Colchester United,5,3,3b,3,8,2,1
1952,Leyton Orient,Millwall,1,4,3b,3,5,-3,0
1952,Leyton Orient,Shrewsbury Town,0,0,3b,3,0,0,0
1952,Leyton Orient,Torquay United,4,1,3b,3,5,3,1
1952,Millwall,AFC Bournemouth,3,1,3b,3,4,2,1
1952,Millwall,Newport County,3,0,3b,3,3,3,1
1952,Millwall,Queens Park Rangers,2,1,3b,3,3,1,1
1952,Millwall,Southend United,4,1,3b,3,5,3,1
1952,Newport County,Aldershot,2,1,3b,3,3,1,1
1952,Newport County,Bristol Rovers,2,2,3b,3,4,0,0
1952,Newport County,Ipswich Town,1,3,3b,3,4,-2,0
1952,Newport County,Swindon Town,3,0,3b,3,3,3,1
1952,Northampton Town,Brighton & Hove Albion,5,3,3b,3,8,2,1
1952,Northampton Town,Colchester United,2,0,3b,3,2,2,1
1952,Northampton Town,Leyton Orient,3,1,3b,3,4,2,1
1952,Northampton Town,Torquay United,3,3,3b,3,6,0,0
1952,Norwich City,AFC Bournemouth,1,1,3b,3,2,0,0
1952,Norwich City,Bristol City,0,0,3b,3,0,0,0
1952,Norwich City,Millwall,2,2,3b,3,4,0,0
1952,Norwich City,Queens Park Rangers,2,0,3b,3,2,2,1
1952,Norwich City,Southend United,3,1,3b,3,4,2,1
1952,Queens Park Rangers,Bristol Rovers,0,1,3b,3,1,-1,0
1952,Queens Park Rangers,Ipswich Town,2,2,3b,3,4,0,0
1952,Queens Park Rangers,Newport County,4,2,3b,3,6,2,1
1952,Queens Park Rangers,Reading,1,0,3b,3,1,1,1
1952,Queens Park Rangers,Swindon Town,1,1,3b,3,2,0,0
1952,Queens Park Rangers,Watford,2,2,3b,3,4,0,0
1952,Reading,Brighton & Hove Albion,0,0,3b,3,0,0,0
1952,Reading,Leyton Orient,2,0,3b,3,2,2,1
1952,Reading,Northampton Town,2,0,3b,3,2,2,1
1952,Reading,Shrewsbury Town,5,3,3b,3,8,2,1
1952,Shrewsbury Town,AFC Bournemouth,1,0,3b,3,1,1,1
1952,Shrewsbury Town,Coventry City,1,0,3b,3,1,1,1
1952,Shrewsbury Town,Millwall,2,4,3b,3,6,-2,0
1952,Shrewsbury Town,Walsall,1,0,3b,3,1,1,1
1952,Swindon Town,Brighton & Hove Albion,3,0,3b,3,3,3,1
1952,Swindon Town,Exeter City,5,2,3b,3,7,3,1
1952,Swindon Town,Leyton Orient,1,1,3b,3,2,0,0
1952,Swindon Town,Northampton Town,3,0,3b,3,3,3,1
1952,Torquay United,AFC Bournemouth,5,1,3b,3,6,4,1
1952,Torquay United,Bristol City,1,2,3b,3,3,-1,0
1952,Torquay United,Coventry City,2,1,3b,3,3,1,1
1952,Torquay United,Gillingham,3,2,3b,3,5,1,1
1952,Walsall,Crystal Palace,2,4,3b,3,6,-2,0
1952,Walsall,Ipswich Town,1,3,3b,3,4,-2,0
1952,Walsall,Newport County,1,3,3b,3,4,-2,0
1952,Walsall,Queens Park Rangers,1,1,3b,3,2,0,0
1952,Watford,Reading,2,1,3b,3,3,1,1
1952,Watford,Swindon Town,2,1,3b,3,3,1,1
1953,Arsenal,Burnley,2,5,1,1,7,-3,0
1953,Arsenal,Newcastle United,2,1,1,1,3,1,1
1953,Arsenal,Sheffield United,1,1,1,1,2,0,0
1953,Arsenal,Tottenham Hotspur,0,3,1,1,3,-3,0
1953,Aston Villa,Arsenal,2,1,1,1,3,1,1
1953,Aston Villa,Burnley,5,1,1,1,6,4,1
1953,Aston Villa,Tottenham Hotspur,1,2,1,1,3,-1,0
1953,Blackpool,Chelsea,2,1,1,1,3,1,1
1953,Blackpool,Manchester City,2,0,1,1,2,2,1
1953,Blackpool,Newcastle United,1,3,1,1,4,-2,0
1953,Bolton Wanderers,Burnley,0,0,1,1,0,0,0
1953,Bolton Wanderers,Chelsea,2,2,1,1,4,0,0
1953,Bolton Wanderers,Newcastle United,2,2,1,1,4,0,0
1953,Bolton Wanderers,Tottenham Hotspur,2,0,1,1,2,2,1
1953,Burnley,Bolton Wanderers,1,1,1,1,2,0,0
1953,Burnley,Newcastle United,1,2,1,1,3,-1,0
1953,Cardiff City,Tottenham Hotspur,1,0,1,1,1,1,1
1953,Charlton Athletic,Manchester City,2,1,1,1,3,1,1
1953,Charlton Athletic,Tottenham Hotspur,0,1,1,1,1,-1,0
1953,Chelsea,Arsenal,0,2,1,1,2,-2,0
1953,Chelsea,Charlton Athletic,3,1,1,1,4,2,1
1953,Chelsea,Newcastle United,1,2,1,1,3,-1,0
1953,Huddersfield Town,Charlton Athletic,4,1,1,1,5,3,1
1953,Huddersfield Town,Manchester City,1,1,1,1,2,0,0
1953,Huddersfield Town,Newcastle United,3,2,1,1,5,1,1
1953,Liverpool,Arsenal,1,2,1,1,3,-1,0
1953,Liverpool,Charlton Athletic,2,3,1,1,5,-1,0
1953,Liverpool,Newcastle United,2,2,1,1,4,0,0
1953,Manchester City,Arsenal,0,0,1,1,0,0,0
1953,Manchester City,Charlton Athletic,3,0,1,1,3,3,1
1953,Manchester City,Sheffield United,2,1,1,1,3,1,1
1953,Manchester City,Tottenham Hotspur,4,1,1,1,5,3,1
1953,Manchester United,Arsenal,2,2,1,1,4,0,0
1953,Manchester United,Charlton Athletic,2,0,1,1,2,2,1
1953,Manchester United,Sheffield United,2,2,1,1,4,0,0
1953,Manchester United,Tottenham Hotspur,2,0,1,1,2,2,1
1953,Middlesbrough,Bolton Wanderers,3,2,1,1,5,1,1
1953,Middlesbrough,Liverpool,0,1,1,1,1,-1,0
1953,Middlesbrough,Newcastle United,2,3,1,1,5,-1,0
1953,Middlesbrough,Sheffield United,2,0,1,1,2,2,1
1953,Middlesbrough,Tottenham Hotspur,3,0,1,1,3,3,1
1953,Newcastle United,Middlesbrough,2,3,1,1,5,-1,0
1953,Portsmouth,Charlton Athletic,3,1,1,1,4,2,1
1953,Portsmouth,Sheffield United,3,4,1,1,7,-1,0
1953,Preston North End,Arsenal,0,1,1,1,1,-1,0
1953,Preston North End,Middlesbrough,1,0,1,1,1,1,1
1953,Preston North End,Sheffield United,2,1,1,1,3,1,1
1953,Preston North End,Tottenham Hotspur,2,1,1,1,3,1,1
1953,Sheffield United,Arsenal,1,0,1,1,1,1,1
1953,Sheffield United,Liverpool,3,1,1,1,4,2,1
1953,Sheffield United,Middlesbrough,2,2,1,1,4,0,0
1953,Sheffield Wednesday,Arsenal,2,1,1,1,3,1,1
1953,Sheffield Wednesday,Liverpool,1,1,1,1,2,0,0
1953,Sheffield Wednesday,Preston North End,4,2,1,1,6,2,1
1953,Sheffield Wednesday,Tottenham Hotspur,2,1,1,1,3,1,1
1953,Sunderland,Bolton Wanderers,1,2,1,1,3,-1,0
1953,Sunderland,Charlton Athletic,2,1,1,1,3,1,1
1953,Sunderland,Liverpool,3,2,1,1,5,1,1
1953,Sunderland,Middlesbrough,0,2,1,1,2,-2,0
1953,Sunderland,Preston North End,2,2,1,1,4,0,0
1953,Tottenham Hotspur,Middlesbrough,4,1,1,1,5,3,1
1953,Tottenham Hotspur,Sunderland,0,3,1,1,3,-3,0
1953,West Bromwich Albion,Arsenal,2,0,1,1,2,2,1
1953,West Bromwich Albion,Bolton Wanderers,1,1,1,1,2,0,0
1953,West Bromwich Albion,Charlton Athletic,2,3,1,1,5,-1,0
1953,West Bromwich Albion,Middlesbrough,2,1,1,1,3,1,1
1953,Wolverhampton Wanderers,Bolton Wanderers,1,1,1,1,2,0,0
1953,Wolverhampton Wanderers,Charlton Athletic,5,0,1,1,5,5,1
1953,Wolverhampton Wanderers,Middlesbrough,2,4,1,1,6,-2,0
1953,Wolverhampton Wanderers,Preston North End,1,0,1,1,1,1,1
1953,Birmingham City,Everton,5,1,2,2,6,4,1
1953,Birmingham City,Leeds United,3,3,2,2,6,0,0
1953,Birmingham City,Luton Town,5,1,2,2,6,4,1
1953,Blackburn Rovers,Birmingham City,3,0,2,2,3,3,1
1953,Blackburn Rovers,Luton Town,2,0,2,2,2,2,1
1953,Blackburn Rovers,Oldham Athletic,4,0,2,2,4,4,1
1953,Blackburn Rovers,Stoke City,3,0,2,2,3,3,1
1953,Brentford,Birmingham City,2,0,2,2,2,2,1
1953,Brentford,Bury,2,1,2,2,3,1,1
1953,Brentford,Luton Town,0,1,2,2,1,-1,0
1953,Bristol Rovers,Birmingham City,1,1,2,2,2,0,0
1953,Bristol Rovers,Leeds United,1,1,2,2,2,0,0
1953,Bristol Rovers,Luton Town,3,3,2,2,6,0,0
1953,Bristol Rovers,Oldham Athletic,1,0,2,2,1,1,1
1953,Bristol Rovers,Stoke City,3,2,2,2,5,1,1
1953,Bury,Everton,2,2,2,2,4,0,0
1953,Bury,Oldham Athletic,1,0,2,2,1,1,1
1953,Bury,Stoke City,0,6,2,2,6,-6,0
1953,Derby County,Bristol Rovers,0,1,2,2,1,-1,0
1953,Derby County,Everton,2,6,2,2,8,-4,0
1953,Derby County,Oldham Athletic,3,1,2,2,4,2,1
1953,Doncaster Rovers,Bristol Rovers,1,0,2,2,1,1,1
1953,Doncaster Rovers,Everton,2,2,2,2,4,0,0
1953,Doncaster Rovers,Oldham Athletic,1,0,2,2,1,1,1
1953,Everton,Birmingham City,1,0,2,2,1,1,1
1953,Everton,Bristol Rovers,4,0,2,2,4,4,1
1953,Everton,Stoke City,1,1,2,2,2,0,0
1953,Fulham,Bristol Rovers,4,4,2,2,8,0,0
1953,Fulham,Doncaster Rovers,1,2,2,2,3,-1,0
1953,Fulham,Leeds United,1,3,2,2,4,-2,0
1953,Fulham,Luton Town,5,1,2,2,6,4,1
1953,Fulham,Oldham Athletic,3,1,2,2,4,2,1
1953,Fulham,Stoke City,0,1,2,2,1,-1,0
1953,Hull City,Bristol Rovers,4,1,2,2,5,3,1
1953,Hull City,Stoke City,1,2,2,2,3,-1,0
1953,Leeds United,Birmingham City,1,1,2,2,2,0,0
1953,Leeds United,Bristol Rovers,3,3,2,2,6,0,0
1953,Leeds United,Hull City,0,0,2,2,0,0,0
1953,Leeds United,Luton Town,2,1,2,2,3,1,1
1953,Leicester City,Doncaster Rovers,2,0,2,2,2,2,1
1953,Leicester City,Hull City,1,3,2,2,4,-2,0
1953,Leicester City,Luton Town,2,1,2,2,3,1,1
1953,Lincoln City,Birmingham City,0,1,2,2,1,-1,0
1953,Lincoln City,Hull City,3,0,2,2,3,3,1
1953,Lincoln City,Oldham Athletic,3,1,2,2,4,2,1
1953,Lincoln City,Stoke City,1,1,2,2,2,0,0
1953,Luton Town,Birmingham City,2,0,2,2,2,2,1
1953,Luton Town,Hull City,3,1,2,2,4,2,1
1953,Luton Town,Stoke City,0,1,2,2,1,-1,0
1953,Nottingham Forest,Birmingham City,1,1,2,2,2,0,0
1953,Nottingham Forest,Bristol Rovers,3,1,2,2,4,2,1
1953,Nottingham Forest,Hull City,2,0,2,2,2,2,1
1953,Nottingham Forest,Lincoln City,4,2,2,2,6,2,1
1953,Nottingham Forest,Oldham Athletic,1,1,2,2,2,0,0
1953,Notts County,Birmingham City,2,1,2,2,3,1,1
1953,Notts County,Bristol Rovers,1,5,2,2,6,-4,0
1953,Notts County,Doncaster Rovers,1,5,2,2,6,-4,0
1953,Notts County,Hull City,1,1,2,2,2,0,0
1953,Notts County,Stoke City,2,1,2,2,3,1,1
1953,Oldham Athletic,Birmingham City,2,3,2,2,5,-1,0
1953,Oldham Athletic,Bristol Rovers,0,0,2,2,0,0,0
1953,Oldham Athletic,Lincoln City,1,0,2,2,1,1,1
1953,Oldham Athletic,Notts County,1,3,2,2,4,-2,0
1953,Plymouth Argyle,Doncaster Rovers,0,0,2,2,0,0,0
1953,Plymouth Argyle,Lincoln City,1,2,2,2,3,-1,0
1953,Rotherham United,Birmingham City,1,0,2,2,1,1,1
1953,Rotherham United,Hull City,3,2,2,2,5,1,1
1953,Rotherham United,Lincoln City,4,1,2,2,5,3,1
1953,Rotherham United,Stoke City,2,2,2,2,4,0,0
1953,Stoke City,Birmingham City,3,2,2,2,5,1,1
1953,Stoke City,Doncaster Rovers,2,2,2,2,4,0,0
1953,Stoke City,Hull City,0,1,2,2,1,-1,0
1953,Stoke City,Lincoln City,4,1,2,2,5,3,1
1953,Stoke City,Rotherham United,1,1,2,2,2,0,0
1953,Swansea City,Birmingham City,1,3,2,2,4,-2,0
1953,Swansea City,Bristol Rovers,3,1,2,2,4,2,1
1953,Swansea City,Doncaster Rovers,0,1,2,2,1,-1,0
1953,Swansea City,Notts County,2,2,2,2,4,0,0
1953,Accrington Stanley,Gateshead,2,2,3a,3,4,0,0
1953,Accrington Stanley,Hartlepool United,2,0,3a,3,2,2,1
1953,Accrington Stanley,Stockport County,2,1,3a,3,3,1,1
1953,Accrington Stanley,Wrexham,1,2,3a,3,3,-1,0
1953,Barnsley,Grimsby Town,0,0,3a,3,0,0,0
1953,Barnsley,Mansfield Town,2,1,3a,3,3,1,1
1953,Barnsley,York City,2,1,3a,3,3,1,1
1953,Barrow,Bradford City,3,0,3a,3,3,3,1
1953,Barrow,Chester,2,1,3a,3,3,1,1
1953,Barrow,Darlington,2,2,3a,3,4,0,0
1953,Barrow,Halifax Town,1,1,3a,3,2,0,0
1953,Barrow,Port Vale,0,0,3a,3,0,0,0
1953,Barrow,Southport,2,3,3a,3,5,-1,0
1953,Bradford City,Hartlepool United,1,1,3a,3,2,0,0
1953,Bradford City,Stockport County,1,1,3a,3,2,0,0
1953,Bradford Park Avenue,Barnsley,0,2,3a,3,2,-2,0
1953,Bradford Park Avenue,Crewe Alexandra,1,1,3a,3,2,0,0
1953,Bradford Park Avenue,Scunthorpe United,2,2,3a,3,4,0,0
1953,Carlisle United,Barrow,2,2,3a,3,4,0,0
1953,Carlisle United,Chester,1,1,3a,3,2,0,0
1953,Carlisle United,Halifax Town,5,0,3a,3,5,5,1
1953,Carlisle United,Southport,3,2,3a,3,5,1,1
1953,Carlisle United,Workington,2,2,3a,3,4,0,0
1953,Chester,Accrington Stanley,3,0,3a,3,3,3,1
1953,Chester,Chesterfield,2,2,3a,3,4,0,0
1953,Chester,Gateshead,5,0,3a,3,5,5,1
1953,Chester,Rochdale,2,0,3a,3,2,2,1
1953,Chesterfield,Bradford Park Avenue,5,1,3a,3,6,4,1
1953,Chesterfield,Grimsby Town,1,0,3a,3,1,1,1
1953,Chesterfield,Mansfield Town,0,0,3a,3,0,0,0
1953,Chesterfield,Scunthorpe United,1,0,3a,3,1,1,1
1953,Chesterfield,York City,3,2,3a,3,5,1,1
1953,Crewe Alexandra,Southport,0,0,3a,3,0,0,0
1953,Crewe Alexandra,Workington,2,3,3a,3,5,-1,0
1953,Darlington,Accrington Stanley,4,1,3a,3,5,3,1
1953,Darlington,Hartlepool United,0,1,3a,3,1,-1,0
1953,Darlington,Stockport County,1,0,3a,3,1,1,1
1953,Darlington,Wrexham,0,2,3a,3,2,-2,0
1953,Gateshead,Mansfield Town,1,3,3a,3,4,-2,0
1953,Gateshead,Tranmere Rovers,2,1,3a,3,3,1,1
1953,Gateshead,York City,3,0,3a,3,3,3,1
1953,Grimsby Town,Barrow,1,0,3a,3,1,1,1
1953,Grimsby Town,Port Vale,2,2,3a,3,4,0,0
1953,Grimsby Town,Southport,1,2,3a,3,3,-1,0
1953,Halifax Town,Bradford City,0,1,3a,3,1,-1,0
1953,Halifax Town,Chester,1,1,3a,3,2,0,0
1953,Halifax Town,Hartlepool United,1,0,3a,3,1,1,1
1953,Hartlepool United,Gateshead,1,0,3a,3,1,1,1
1953,Hartlepool United,Mansfield Town,3,1,3a,3,4,2,1
1953,Hartlepool United,Tranmere Rovers,1,2,3a,3,3,-1,0
1953,Mansfield Town,Port Vale,1,2,3a,3,3,-1,0
1953,Mansfield Town,Southport,4,2,3a,3,6,2,1
1953,Port Vale,Chester,1,0,3a,3,1,1,1
1953,Port Vale,Halifax Town,2,0,3a,3,2,2,1
1953,Port Vale,Stockport County,7,0,3a,3,7,7,1
1953,Rochdale,Barnsley,1,1,3a,3,2,0,0
1953,Rochdale,Bradford Park Avenue,0,1,3a,3,1,-1,0
1953,Rochdale,Chesterfield,0,1,3a,3,1,-1,0
1953,Rochdale,Gateshead,0,1,3a,3,1,-1,0
1953,Rochdale,Hartlepool United,2,2,3a,3,4,0,0
1953,Rochdale,Tranmere Rovers,0,1,3a,3,1,-1,0
1953,Rochdale,York City,1,2,3a,3,3,-1,0
1953,Scunthorpe United,Crewe Alexandra,2,2,3a,3,4,0,0
1953,Scunthorpe United,Southport,1,1,3a,3,2,0,0
1953,Southport,Bradford City,0,1,3a,3,1,-1,0
1953,Southport,Chester,0,1,3a,3,1,-1,0
1953,Southport,Darlington,3,0,3a,3,3,3,1
1953,Southport,Halifax Town,1,0,3a,3,1,1,1
1953,Southport,Wrexham,4,0,3a,3,4,4,1
1953,Stockport County,Bradford Park Avenue,4,1,3a,3,5,3,1
1953,Stockport County,Gateshead,0,1,3a,3,1,-1,0
1953,Stockport County,Hartlepool United,1,0,3a,3,1,1,1
1953,Stockport County,York City,0,1,3a,3,1,-1,0
1953,Tranmere Rovers,Carlisle United,1,2,3a,3,3,-1,0
1953,Tranmere Rovers,Crewe Alexandra,1,0,3a,3,1,1,1
1953,Tranmere Rovers,Grimsby Town,2,4,3a,3,6,-2,0
1953,Tranmere Rovers,Mansfield Town,2,5,3a,3,7,-3,0
1953,Tranmere Rovers,Scunthorpe United,1,1,3a,3,2,0,0
1953,Tranmere Rovers,Workington,4,2,3a,3,6,2,1
1953,Workington,Bradford City,2,2,3a,3,4,0,0
1953,Workington,Southport,0,1,3a,3,1,-1,0
1953,Workington,Wrexham,1,1,3a,3,2,0,0
1953,Wrexham,Bradford Park Avenue,2,0,3a,3,2,2,1
1953,Wrexham,Chesterfield,1,2,3a,3,3,-1,0
1953,Wrexham,York City,1,1,3a,3,2,0,0
1953,York City,Barrow,5,2,3a,3,7,3,1
1953,York City,Crewe Alexandra,0,3,3a,3,3,-3,0
1953,York City,Mansfield Town,5,1,3a,3,6,4,1
1953,York City,Scunthorpe United,2,0,3a,3,2,2,1
1953,AFC Bournemouth,Aldershot,1,1,3b,3,2,0,0
1953,AFC Bournemouth,Exeter City,4,1,3b,3,5,3,1
1953,AFC Bournemouth,Leyton Orient,1,2,3b,3,3,-1,0
1953,AFC Bournemouth,Northampton Town,2,1,3b,3,3,1,1
1953,AFC Bournemouth,Walsall,1,1,3b,3,2,0,0
1953,Aldershot,Gillingham,1,2,3b,3,3,-1,0
1953,Aldershot,Millwall,1,1,3b,3,2,0,0
1953,Aldershot,Shrewsbury Town,1,0,3b,3,1,1,1
1953,Aldershot,Swindon Town,1,0,3b,3,1,1,1
1953,Brighton & Hove Albion,Crystal Palace,3,0,3b,3,3,3,1
1953,Brighton & Hove Albion,Newport County,4,2,3b,3,6,2,1
1953,Bristol City,Exeter City,5,1,3b,3,6,4,1
1953,Bristol City,Leyton Orient,1,0,3b,3,1,1,1
1953,Bristol City,Reading,3,1,3b,3,4,2,1
1953,Colchester United,Aldershot,3,0,3b,3,3,3,1
1953,Colchester United,Coventry City,0,3,3b,3,3,-3,0
1953,Colchester United,Norwich City,0,1,3b,3,1,-1,0
1953,Colchester United,Swindon Town,2,2,3b,3,4,0,0
1953,Colchester United,Watford,2,2,3b,3,4,0,0
1953,Coventry City,Brighton & Hove Albion,1,2,3b,3,3,-1,0
1953,Coventry City,Crystal Palace,0,0,3b,3,0,0,0
1953,Coventry City,Ipswich Town,1,3,3b,3,4,-2,0
1953,Coventry City,Torquay United,4,0,3b,3,4,4,1
1953,Crystal Palace,Bristol City,1,2,3b,3,3,-1,0
1953,Crystal Palace,Leyton Orient,2,2,3b,3,4,0,0
1953,Crystal Palace,Northampton Town,2,2,3b,3,4,0,0
1953,Crystal Palace,Walsall,1,0,3b,3,1,1,1
1953,Exeter City,Aldershot,1,3,3b,3,4,-2,0
1953,Exeter City,Gillingham,1,2,3b,3,3,-1,0
1953,Exeter City,Swindon Town,3,1,3b,3,4,2,1
1953,Exeter City,Watford,2,1,3b,3,3,1,1
1953,Gillingham,Brighton & Hove Albion,0,0,3b,3,0,0,0
1953,Gillingham,Newport County,0,1,3b,3,1,-1,0
1953,Ipswich Town,AFC Bournemouth,2,1,3b,3,3,1,1
1953,Leyton Orient,Aldershot,1,2,3b,3,3,-1,0
1953,Leyton Orient,Colchester United,3,1,3b,3,4,2,1
1953,Leyton Orient,Millwall,2,2,3b,3,4,0,0
1953,Leyton Orient,Shrewsbury Town,2,0,3b,3,2,2,1
1953,Leyton Orient,Watford,1,1,3b,3,2,0,0
1953,Millwall,Coventry City,1,2,3b,3,3,-1,0
1953,Millwall,Gillingham,3,1,3b,3,4,2,1
1953,Millwall,Newport County,3,1,3b,3,4,2,1
1953,Millwall,Queens Park Rangers,4,0,3b,3,4,4,1
1953,Millwall,Southampton,2,1,3b,3,3,1,1
1953,Newport County,AFC Bournemouth,4,0,3b,3,4,4,1
1953,Newport County,Crystal Palace,1,3,3b,3,4,-2,0
1953,Newport County,Northampton Town,2,0,3b,3,2,2,1
1953,Newport County,Southend United,3,2,3b,3,5,1,1
1953,Newport County,Walsall,4,2,3b,3,6,2,1
1953,Northampton Town,Colchester United,3,0,3b,3,3,3,1
1953,Northampton Town,Exeter City,2,2,3b,3,4,0,0
1953,Northampton Town,Shrewsbury Town,1,0,3b,3,1,1,1
1953,Northampton Town,Swindon Town,2,0,3b,3,2,2,1
1953,Norwich City,Brighton & Hove Albion,1,0,3b,3,1,1,1
1953,Norwich City,Coventry City,2,1,3b,3,3,1,1
1953,Norwich City,Gillingham,0,0,3b,3,0,0,0
1953,Norwich City,Queens Park Rangers,2,2,3b,3,4,0,0
1953,Queens Park Rangers,AFC Bournemouth,2,1,3b,3,3,1,1
1953,Queens Park Rangers,Bristol City,0,1,3b,3,1,-1,0
1953,Queens Park Rangers,Crystal Palace,1,1,3b,3,2,0,0
1953,Queens Park Rangers,Ipswich Town,3,1,3b,3,4,2,1
1953,Queens Park Rangers,Reading,2,0,3b,3,2,2,1
1953,Queens Park Rangers,Southend United,1,0,3b,3,1,1,1
1953,Queens Park Rangers,Walsall,2,0,3b,3,2,2,1
1953,Reading,Swindon Town,3,1,3b,3,4,2,1
1953,Shrewsbury Town,Brighton & Hove Albion,3,1,3b,3,4,2,1
1953,Shrewsbury Town,Gillingham,0,0,3b,3,0,0,0
1953,Shrewsbury Town,Millwall,3,1,3b,3,4,2,1
1953,Southampton,Bristol City,4,2,3b,3,6,2,1
1953,Southampton,Queens Park Rangers,3,1,3b,3,4,2,1
1953,Southampton,Southend United,3,5,3b,3,8,-2,0
1953,Southampton,Walsall,0,0,3b,3,0,0,0
1953,Southend United,Colchester United,3,0,3b,3,3,3,1
1953,Southend United,Exeter City,0,1,3b,3,1,-1,0
1953,Southend United,Leyton Orient,2,1,3b,3,3,1,1
1953,Southend United,Reading,1,2,3b,3,3,-1,0
1953,Southend United,Swindon Town,3,1,3b,3,4,2,1
1953,Swindon Town,Millwall,2,1,3b,3,3,1,1
1953,Torquay United,AFC Bournemouth,2,0,3b,3,2,2,1
1953,Torquay United,Bristol City,4,0,3b,3,4,4,1
1953,Torquay United,Crystal Palace,1,0,3b,3,1,1,1
1953,Torquay United,Ipswich Town,1,1,3b,3,2,0,0
1953,Torquay United,Walsall,3,1,3b,3,4,2,1
1953,Walsall,Aldershot,0,2,3b,3,2,-2,0
1953,Walsall,Colchester United,2,3,3b,3,5,-1,0
1953,Walsall,Northampton Town,0,1,3b,3,1,-1,0
1953,Walsall,Watford,0,0,3b,3,0,0,0
1953,Watford,Brighton & Hove Albion,1,1,3b,3,2,0,0
1953,Watford,Gillingham,6,1,3b,3,7,5,1
1953,Watford,Swindon Town,2,1,3b,3,3,1,1
1954,Arsenal,Aston Villa,2,0,1,1,2,2,1
1954,Arsenal,Burnley,4,0,1,1,4,4,1
1954,Arsenal,Chelsea,1,0,1,1,1,1,1
1954,Arsenal,Leicester City,1,1,1,1,2,0,0
1954,Arsenal,Newcastle United,1,3,1,1,4,-2,0
1954,Arsenal,Tottenham Hotspur,2,0,1,1,2,2,1
1954,Aston Villa,Chelsea,3,2,1,1,5,1,1
1954,Aston Villa,Newcastle United,1,2,1,1,3,-1,0
1954,Aston Villa,Sheffield United,3,1,1,1,4,2,1
1954,Blackpool,Burnley,1,0,1,1,1,1,1
1954,Blackpool,Leicester City,2,0,1,1,2,2,1
1954,Blackpool,Tottenham Hotspur,5,1,1,1,6,4,1
1954,Bolton Wanderers,Arsenal,2,2,1,1,4,0,0
1954,Bolton Wanderers,Chelsea,2,5,1,1,7,-3,0
1954,Bolton Wanderers,Newcastle United,2,1,1,1,3,1,1
1954,Bolton Wanderers,Sheffield United,1,0,1,1,1,1,1
1954,Bolton Wanderers,Tottenham Hotspur,1,2,1,1,3,-1,0
1954,Burnley,Bolton Wanderers,2,0,1,1,2,2,1
1954,Burnley,Leicester City,3,1,1,1,4,2,1
1954,Burnley,Newcastle United,0,1,1,1,1,-1,0
1954,Burnley,Tottenham Hotspur,1,2,1,1,3,-1,0
1954,Cardiff City,Arsenal,1,2,1,1,3,-1,0
1954,Cardiff City,Chelsea,0,1,1,1,1,-1,0
1954,Cardiff City,Tottenham Hotspur,1,2,1,1,3,-1,0
1954,Charlton Athletic,Arsenal,1,1,1,1,2,0,0
1954,Charlton Athletic,Newcastle United,1,1,1,1,2,0,0
1954,Charlton Athletic,Sheffield United,3,1,1,1,4,2,1
1954,Charlton Athletic,Tottenham Hotspur,1,2,1,1,3,-1,0
1954,Chelsea,Arsenal,1,1,1,1,2,0,0
1954,Chelsea,Charlton Athletic,1,2,1,1,3,-1,0
1954,Chelsea,Leicester City,3,1,1,1,4,2,1
1954,Chelsea,Newcastle United,4,3,1,1,7,1,1
1954,Everton,Arsenal,1,0,1,1,1,1,1
1954,Everton,Bolton Wanderers,0,0,1,1,0,0,0
1954,Huddersfield Town,Arsenal,0,1,1,1,1,-1,0
1954,Huddersfield Town,Bolton Wanderers,2,0,1,1,2,2,1
1954,Huddersfield Town,Charlton Athletic,0,0,1,1,0,0,0
1954,Huddersfield Town,Sheffield United,1,2,1,1,3,-1,0
1954,Huddersfield Town,Tottenham Hotspur,1,0,1,1,1,1,1
1954,Leicester City,Charlton Athletic,0,1,1,1,1,-1,0
1954,Leicester City,Huddersfield Town,1,3,1,1,4,-2,0
1954,Leicester City,Newcastle United,3,2,1,1,5,1,1
1954,Leicester City,Sheffield United,0,1,1,1,1,-1,0
1954,Manchester City,Arsenal,2,1,1,1,3,1,1
1954,Manchester City,Newcastle United,3,1,1,1,4,2,1
1954,Manchester United,Huddersfield Town,1,1,1,1,2,0,0
1954,Newcastle United,Charlton Athletic,3,1,1,1,4,2,1
1954,Newcastle United,Huddersfield Town,2,2,1,1,4,0,0
1954,Newcastle United,Tottenham Hotspur,4,4,1,1,8,0,0
1954,Portsmouth,Arsenal,2,1,1,1,3,1,1
1954,Portsmouth,Huddersfield Town,4,2,1,1,6,2,1
1954,Portsmouth,Manchester United,0,0,1,1,0,0,0
1954,Preston North End,Arsenal,3,1,1,1,4,2,1
1954,Preston North End,Bolton Wanderers,2,2,1,1,4,0,0
1954,Preston North End,Manchester United,0,2,1,1,2,-2,0
1954,Sheffield United,Bolton Wanderers,2,0,1,1,2,2,1
1954,Sheffield United,Preston North End,0,5,1,1,5,-5,0
1954,Sheffield United,Tottenham Hotspur,4,1,1,1,5,3,1
1954,Sheffield Wednesday,Bolton Wanderers,3,2,1,1,5,1,1
1954,Sheffield Wednesday,Tottenham Hotspur,2,2,1,1,4,0,0
1954,Sunderland,Charlton Athletic,1,2,1,1,3,-1,0
1954,Sunderland,Huddersfield Town,1,1,1,1,2,0,0
1954,Sunderland,Manchester United,4,3,1,1,7,1,1
1954,Sunderland,Preston North End,2,1,1,1,3,1,1
1954,Tottenham Hotspur,Arsenal,0,1,1,1,1,-1,0
1954,Tottenham Hotspur,Huddersfield Town,1,1,1,1,2,0,0
1954,Tottenham Hotspur,Manchester United,0,2,1,1,2,-2,0
1954,West Bromwich Albion,Arsenal,3,1,1,1,4,2,1
1954,West Bromwich Albion,Charlton Athletic,2,1,1,1,3,1,1
1954,West Bromwich Albion,Huddersfield Town,2,1,1,1,3,1,1
1954,West Bromwich Albion,Manchester United,2,0,1,1,2,2,1
1954,West Bromwich Albion,Sunderland,2,2,1,1,4,0,0
1954,Wolverhampton Wanderers,Charlton Athletic,2,1,1,1,3,1,1
1954,Wolverhampton Wanderers,Huddersfield Town,6,4,1,1,10,2,1
1954,Wolverhampton Wanderers,Preston North End,1,1,1,1,2,0,0
1954,Birmingham City,Derby County,1,1,2,2,2,0,0
1954,Birmingham City,Lincoln City,3,3,2,2,6,0,0
1954,Birmingham City,Middlesbrough,3,0,2,2,3,3,1
1954,Blackburn Rovers,Middlesbrough,9,0,2,2,9,9,1
1954,Blackburn Rovers,Plymouth Argyle,2,2,2,2,4,0,0
1954,Blackburn Rovers,Stoke City,2,0,2,2,2,2,1
1954,Bristol Rovers,Birmingham City,1,1,2,2,2,0,0
1954,Bristol Rovers,Derby County,4,1,2,2,5,3,1
1954,Bristol Rovers,Hull City,1,0,2,2,1,1,1
1954,Bristol Rovers,Middlesbrough,2,2,2,2,4,0,0
1954,Bristol Rovers,Stoke City,1,1,2,2,2,0,0
1954,Bury,Birmingham City,0,1,2,2,1,-1,0
1954,Bury,Hull City,4,1,2,2,5,3,1
1954,Bury,Lincoln City,3,1,2,2,4,2,1
1954,Bury,Plymouth Argyle,3,1,2,2,4,2,1
1954,Bury,Stoke City,1,1,2,2,2,0,0
1954,Derby County,Birmingham City,0,0,2,2,0,0,0
1954,Derby County,Lincoln City,3,0,2,2,3,3,1
1954,Doncaster Rovers,Bury,1,0,2,2,1,1,1
1954,Doncaster Rovers,Hull City,2,2,2,2,4,0,0
1954,Doncaster Rovers,Lincoln City,1,1,2,2,2,0,0
1954,Doncaster Rovers,Middlesbrough,3,1,2,2,4,2,1
1954,Fulham,Birmingham City,2,1,2,2,3,1,1
1954,Fulham,Hull City,0,1,2,2,1,-1,0
1954,Hull City,Birmingham City,0,3,2,2,3,-3,0
1954,Hull City,Bury,1,0,2,2,1,1,1
1954,Hull City,Fulham,0,0,2,2,0,0,0
1954,Hull City,Lincoln City,4,0,2,2,4,4,1
1954,Hull City,Middlesbrough,1,0,2,2,1,1,1
1954,Hull City,Plymouth Argyle,0,2,2,2,2,-2,0
1954,Ipswich Town,Birmingham City,1,2,2,2,3,-1,0
1954,Ipswich Town,Bury,2,3,2,2,5,-1,0
1954,Ipswich Town,Lincoln City,1,2,2,2,3,-1,0
1954,Ipswich Town,Middlesbrough,6,1,2,2,7,5,1
1954,Ipswich Town,Plymouth Argyle,2,1,2,2,3,1,1
1954,Ipswich Town,Stoke City,0,1,2,2,1,-1,0
1954,Leeds United,Fulham,1,1,2,2,2,0,0
1954,Leeds United,Lincoln City,2,3,2,2,5,-1,0
1954,Leeds United,Plymouth Argyle,3,2,2,2,5,1,1
1954,Leeds United,Stoke City,0,1,2,2,1,-1,0
1954,Lincoln City,Birmingham City,1,1,2,2,2,0,0
1954,Lincoln City,Bury,3,2,2,2,5,1,1
1954,Lincoln City,Leeds United,2,0,2,2,2,2,1
1954,Lincoln City,Middlesbrough,3,3,2,2,6,0,0
1954,Liverpool,Birmingham City,2,2,2,2,4,0,0
1954,Liverpool,Leeds United,2,2,2,2,4,0,0
1954,Liverpool,Middlesbrough,3,1,2,2,4,2,1
1954,Liverpool,Plymouth Argyle,3,3,2,2,6,0,0
1954,Liverpool,Stoke City,2,4,2,2,6,-2,0
1954,Luton Town,Birmingham City,1,0,2,2,1,1,1
1954,Luton Town,Bury,3,2,2,2,5,1,1
1954,Luton Town,Leeds United,0,0,2,2,0,0,0
1954,Luton Town,Middlesbrough,2,0,2,2,2,2,1
1954,Luton Town,Stoke City,3,1,2,2,4,2,1
1954,Middlesbrough,Bury,1,1,2,2,2,0,0
1954,Middlesbrough,Plymouth Argyle,4,1,2,2,5,3,1
1954,Middlesbrough,Stoke City,1,2,2,2,3,-1,0
1954,Nottingham Forest,Fulham,2,0,2,2,2,2,1
1954,Nottingham Forest,Leeds United,1,1,2,2,2,0,0
1954,Nottingham Forest,Plymouth Argyle,2,0,2,2,2,2,1
1954,Notts County,Fulham,0,0,2,2,0,0,0
1954,Notts County,Leeds United,1,2,2,2,3,-1,0
1954,Notts County,Luton Town,3,3,2,2,6,0,0
1954,Plymouth Argyle,Birmingham City,1,0,2,2,1,1,1
1954,Port Vale,Bury,1,0,2,2,1,1,1
1954,Rotherham United,Fulham,2,3,2,2,5,-1,0
1954,Rotherham United,Leeds United,3,0,2,2,3,3,1
1954,Stoke City,Fulham,1,1,2,2,2,0,0
1954,Stoke City,Leeds United,0,1,2,2,1,-1,0
1954,Swansea City,Birmingham City,0,3,2,2,3,-3,0
1954,Swansea City,Bury,1,1,2,2,2,0,0
1954,West Ham United,Fulham,2,1,2,2,3,1,1
1954,West Ham United,Leeds United,2,1,2,2,3,1,1
1954,West Ham United,Notts County,3,0,2,2,3,3,1
1954,Accrington Stanley,Chesterfield,4,1,3a,3,5,3,1
1954,Accrington Stanley,Gateshead,6,2,3a,3,8,4,1
1954,Accrington Stanley,Hartlepool United,2,5,3a,3,7,-3,0
1954,Accrington Stanley,Stockport County,0,1,3a,3,1,-1,0
1954,Barnsley,Barrow,3,0,3a,3,3,3,1
1954,Barnsley,Carlisle United,3,1,3a,3,4,2,1
1954,Barnsley,Grimsby Town,1,3,3a,3,4,-2,0
1954,Barnsley,Scunthorpe United,1,0,3a,3,1,1,1
1954,Barrow,Bradford City,3,2,3a,3,5,1,1
1954,Barrow,Chester,2,0,3a,3,2,2,1
1954,Barrow,Darlington,1,1,3a,3,2,0,0
1954,Barrow,Halifax Town,1,3,3a,3,4,-2,0
1954,Barrow,Oldham Athletic,3,1,3a,3,4,2,1
1954,Barrow,Southport,2,1,3a,3,3,1,1
1954,Bradford City,Accrington Stanley,0,3,3a,3,3,-3,0
1954,Bradford City,Bradford Park Avenue,1,1,3a,3,2,0,0
1954,Bradford City,Chesterfield,1,1,3a,3,2,0,0
1954,Bradford City,Hartlepool United,0,1,3a,3,1,-1,0
1954,Bradford City,Rochdale,1,0,3a,3,1,1,1
1954,Bradford Park Avenue,Carlisle United,0,2,3a,3,2,-2,0
1954,Bradford Park Avenue,Crewe Alexandra,2,1,3a,3,3,1,1
1954,Bradford Park Avenue,Tranmere Rovers,0,0,3a,3,0,0,0
1954,Carlisle United,Barrow,4,0,3a,3,4,4,1
1954,Carlisle United,Darlington,0,1,3a,3,1,-1,0
1954,Carlisle United,Halifax Town,4,0,3a,3,4,4,1
1954,Carlisle United,Workington,0,4,3a,3,4,-4,0
1954,Chester,Accrington Stanley,1,1,3a,3,2,0,0
1954,Chester,Chesterfield,1,0,3a,3,1,1,1
1954,Chester,Wrexham,1,0,3a,3,1,1,1
1954,Chesterfield,Bradford Park Avenue,1,3,3a,3,4,-2,0
1954,Chesterfield,Grimsby Town,1,0,3a,3,1,1,1
1954,Chesterfield,Scunthorpe United,2,0,3a,3,2,2,1
1954,Crewe Alexandra,Barrow,5,1,3a,3,6,4,1
1954,Crewe Alexandra,Darlington,2,2,3a,3,4,0,0
1954,Crewe Alexandra,Oldham Athletic,4,1,3a,3,5,3,1
1954,Darlington,Accrington Stanley,3,3,3a,3,6,0,0
1954,Darlington,Chester,4,1,3a,3,5,3,1
1954,Darlington,Gateshead,5,1,3a,3,6,4,1
1954,Darlington,Rochdale,2,2,3a,3,4,0,0
1954,Darlington,Wrexham,2,2,3a,3,4,0,0
1954,Gateshead,Grimsby Town,1,0,3a,3,1,1,1
1954,Gateshead,Scunthorpe United,0,1,3a,3,1,-1,0
1954,Gateshead,Tranmere Rovers,3,1,3a,3,4,2,1
1954,Grimsby Town,Barrow,1,0,3a,3,1,1,1
1954,Grimsby Town,Carlisle United,2,0,3a,3,2,2,1
1954,Grimsby Town,Crewe Alexandra,2,1,3a,3,3,1,1
1954,Grimsby Town,Halifax Town,0,1,3a,3,1,-1,0
1954,Grimsby Town,Southport,0,1,3a,3,1,-1,0
1954,Grimsby Town,Workington,0,1,3a,3,1,-1,0
1954,Halifax Town,Accrington Stanley,1,1,3a,3,2,0,0
1954,Halifax Town,Bradford City,0,0,3a,3,0,0,0
1954,Halifax Town,Darlington,4,1,3a,3,5,3,1
1954,Halifax Town,Wrexham,2,0,3a,3,2,2,1
1954,Hartlepool United,Chesterfield,2,0,3a,3,2,2,1
1954,Hartlepool United,Scunthorpe United,4,2,3a,3,6,2,1
1954,Hartlepool United,York City,1,0,3a,3,1,1,1
1954,Mansfield Town,Barrow,0,5,3a,3,5,-5,0
1954,Mansfield Town,Oldham Athletic,1,3,3a,3,4,-2,0
1954,Oldham Athletic,Accrington Stanley,0,1,3a,3,1,-1,0
1954,Oldham Athletic,Chester,2,1,3a,3,3,1,1
1954,Oldham Athletic,Halifax Town,1,2,3a,3,3,-1,0
1954,Oldham Athletic,Rochdale,0,0,3a,3,0,0,0
1954,Oldham Athletic,Stockport County,1,1,3a,3,2,0,0
1954,Rochdale,Bradford Park Avenue,3,2,3a,3,5,1,1
1954,Rochdale,Hartlepool United,2,1,3a,3,3,1,1
1954,Rochdale,Scunthorpe United,2,0,3a,3,2,2,1
1954,Scunthorpe United,Carlisle United,1,1,3a,3,2,0,0
1954,Scunthorpe United,Crewe Alexandra,3,1,3a,3,4,2,1
1954,Scunthorpe United,Grimsby Town,1,0,3a,3,1,1,1
1954,Scunthorpe United,Mansfield Town,2,0,3a,3,2,2,1
1954,Scunthorpe United,Southport,2,0,3a,3,2,2,1
1954,Scunthorpe United,Workington,1,1,3a,3,2,0,0
1954,Southport,Accrington Stanley,1,1,3a,3,2,0,0
1954,Southport,Bradford City,1,0,3a,3,1,1,1
1954,Southport,Oldham Athletic,1,0,3a,3,1,1,1
1954,Southport,Stockport County,1,1,3a,3,2,0,0
1954,Stockport County,Bradford Park Avenue,6,0,3a,3,6,6,1
1954,Stockport County,Chesterfield,3,2,3a,3,5,1,1
1954,Stockport County,Tranmere Rovers,2,0,3a,3,2,2,1
1954,Stockport County,York City,1,2,3a,3,3,-1,0
1954,Tranmere Rovers,Barrow,0,4,3a,3,4,-4,0
1954,Tranmere Rovers,Carlisle United,6,1,3a,3,7,5,1
1954,Tranmere Rovers,Grimsby Town,2,0,3a,3,2,2,1
1954,Tranmere Rovers,Mansfield Town,2,1,3a,3,3,1,1
1954,Tranmere Rovers,Scunthorpe United,1,2,3a,3,3,-1,0
1954,Tranmere Rovers,Workington,1,1,3a,3,2,0,0
1954,Workington,Accrington Stanley,0,1,3a,3,1,-1,0
1954,Workington,Bradford City,1,1,3a,3,2,0,0
1954,Workington,Chester,1,1,3a,3,2,0,0
1954,Workington,Wrexham,2,1,3a,3,3,1,1
1954,Wrexham,Chesterfield,0,2,3a,3,2,-2,0
1954,Wrexham,Gateshead,2,0,3a,3,2,2,1
1954,Wrexham,Hartlepool United,1,4,3a,3,5,-3,0
1954,Wrexham,York City,2,6,3a,3,8,-4,0
1954,York City,Mansfield Town,3,1,3a,3,4,2,1
1954,York City,Scunthorpe United,2,3,3a,3,5,-1,0
1954,York City,Tranmere Rovers,1,0,3a,3,1,1,1
1954,AFC Bournemouth,Crystal Palace,4,1,3b,3,5,3,1
1954,AFC Bournemouth,Leyton Orient,0,3,3b,3,3,-3,0
1954,AFC Bournemouth,Northampton Town,0,1,3b,3,1,-1,0
1954,AFC Bournemouth,Reading,0,0,3b,3,0,0,0
1954,AFC Bournemouth,Walsall,1,1,3b,3,2,0,0
1954,Aldershot,Brentford,2,3,3b,3,5,-1,0
1954,Aldershot,Colchester United,2,2,3b,3,4,0,0
1954,Aldershot,Millwall,3,0,3b,3,3,3,1
1954,Aldershot,Norwich City,4,1,3b,3,5,3,1
1954,Aldershot,Shrewsbury Town,2,0,3b,3,2,2,1
1954,Aldershot,Watford,3,0,3b,3,3,3,1
1954,Brentford,Coventry City,2,3,3b,3,5,-1,0
1954,Brentford,Newport County,1,0,3b,3,1,1,1
1954,Brentford,Southampton,0,3,3b,3,3,-3,0
1954,Brighton & Hove Albion,AFC Bournemouth,1,1,3b,3,2,0,0
1954,Brighton & Hove Albion,Crystal Palace,1,0,3b,3,1,1,1
1954,Brighton & Hove Albion,Leyton Orient,1,0,3b,3,1,1,1
1954,Brighton & Hove Albion,Northampton Town,2,1,3b,3,3,1,1
1954,Bristol City,Aldershot,6,1,3b,3,7,5,1
1954,Bristol City,Exeter City,2,0,3b,3,2,2,1
1954,Bristol City,Millwall,5,1,3b,3,6,4,1
1954,Bristol City,Norwich City,0,1,3b,3,1,-1,0
1954,Bristol City,Shrewsbury Town,4,1,3b,3,5,3,1
1954,Bristol City,Swindon Town,3,0,3b,3,3,3,1
1954,Bristol City,Watford,1,0,3b,3,1,1,1
1954,Colchester United,Coventry City,0,1,3b,3,1,-1,0
1954,Colchester United,Gillingham,2,2,3b,3,4,0,0
1954,Colchester United,Newport County,1,0,3b,3,1,1,1
1954,Colchester United,Queens Park Rangers,1,0,3b,3,1,1,1
1954,Colchester United,Southampton,3,5,3b,3,8,-2,0
1954,Colchester United,Torquay United,0,2,3b,3,2,-2,0
1954,Coventry City,Brighton & Hove Albion,2,1,3b,3,3,1,1
1954,Coventry City,Reading,2,1,3b,3,3,1,1
1954,Coventry City,Southend United,1,4,3b,3,5,-3,0
1954,Crystal Palace,Aldershot,3,2,3b,3,5,1,1
1954,Crystal Palace,Bristol City,1,2,3b,3,3,-1,0
1954,Crystal Palace,Exeter City,1,1,3b,3,2,0,0
1954,Crystal Palace,Millwall,1,1,3b,3,2,0,0
1954,Crystal Palace,Shrewsbury Town,2,2,3b,3,4,0,0
1954,Exeter City,Newport County,1,1,3b,3,2,0,0
1954,Exeter City,Torquay United,1,2,3b,3,3,-1,0
1954,Gillingham,AFC Bournemouth,0,2,3b,3,2,-2,0
1954,Gillingham,Brighton & Hove Albion,1,1,3b,3,2,0,0
1954,Gillingham,Leyton Orient,0,0,3b,3,0,0,0
1954,Gillingham,Southend United,1,1,3b,3,2,0,0
1954,Gillingham,Walsall,3,2,3b,3,5,1,1
1954,Leyton Orient,Bristol City,4,1,3b,3,5,3,1
1954,Leyton Orient,Crystal Palace,2,1,3b,3,3,1,1
1954,Leyton Orient,Millwall,1,0,3b,3,1,1,1
1954,Leyton Orient,Shrewsbury Town,5,0,3b,3,5,5,1
1954,Leyton Orient,Watford,0,1,3b,3,1,-1,0
1954,Millwall,Colchester United,5,2,3b,3,7,3,1
1954,Millwall,Newport County,1,1,3b,3,2,0,0
1954,Millwall,Torquay United,4,1,3b,3,5,3,1
1954,Newport County,AFC Bournemouth,1,1,3b,3,2,0,0
1954,Newport County,Brighton & Hove Albion,1,3,3b,3,4,-2,0
1954,Newport County,Coventry City,1,1,3b,3,2,0,0
1954,Newport County,Southend United,3,2,3b,3,5,1,1
1954,Newport County,Walsall,1,0,3b,3,1,1,1
1954,Northampton Town,Crystal Palace,1,1,3b,3,2,0,0
1954,Northampton Town,Leyton Orient,2,2,3b,3,4,0,0
1954,Northampton Town,Norwich City,1,1,3b,3,2,0,0
1954,Northampton Town,Shrewsbury Town,3,1,3b,3,4,2,1
1954,Norwich City,Brentford,1,0,3b,3,1,1,1
1954,Norwich City,Colchester United,0,2,3b,3,2,-2,0
1954,Norwich City,Exeter City,3,0,3b,3,3,3,1
1954,Norwich City,Millwall,2,1,3b,3,3,1,1
1954,Queens Park Rangers,Gillingham,1,1,3b,3,2,0,0
1954,Queens Park Rangers,Walsall,1,1,3b,3,2,0,0
1954,Reading,Bristol City,0,2,3b,3,2,-2,0
1954,Reading,Leyton Orient,0,2,3b,3,2,-2,0
1954,Reading,Watford,1,1,3b,3,2,0,0
1954,Shrewsbury Town,Brentford,2,2,3b,3,4,0,0
1954,Shrewsbury Town,Colchester United,2,0,3b,3,2,2,1
1954,Shrewsbury Town,Southampton,3,1,3b,3,4,2,1
1954,Shrewsbury Town,Torquay United,3,2,3b,3,5,1,1
1954,Southampton,Coventry City,1,0,3b,3,1,1,1
1954,Southampton,Gillingham,3,1,3b,3,4,2,1
1954,Southampton,Newport County,2,0,3b,3,2,2,1
1954,Southampton,Southend United,3,0,3b,3,3,3,1
1954,Southend United,Aldershot,0,1,3b,3,1,-1,0
1954,Southend United,Crystal Palace,3,2,3b,3,5,1,1
1954,Southend United,Leyton Orient,1,2,3b,3,3,-1,0
1954,Southend United,Reading,0,0,3b,3,0,0,0
1954,Swindon Town,Brentford,1,1,3b,3,2,0,0
1954,Swindon Town,Colchester United,1,1,3b,3,2,0,0
1954,Swindon Town,Millwall,1,1,3b,3,2,0,0
1954,Swindon Town,Norwich City,1,0,3b,3,1,1,1
1954,Swindon Town,Shrewsbury Town,2,1,3b,3,3,1,1
1954,Torquay United,AFC Bournemouth,0,1,3b,3,1,-1,0
1954,Torquay United,Brighton & Hove Albion,2,1,3b,3,3,1,1
1954,Torquay United,Gillingham,1,3,3b,3,4,-2,0
1954,Torquay United,Walsall,2,0,3b,3,2,2,1
1954,Walsall,Aldershot,2,2,3b,3,4,0,0
1954,Walsall,Crystal Palace,1,4,3b,3,5,-3,0
1954,Walsall,Leyton Orient,1,4,3b,3,5,-3,0
1954,Walsall,Northampton Town,6,1,3b,3,7,5,1
1954,Walsall,Reading,4,0,3b,3,4,4,1
1954,Walsall,Southend United,4,1,3b,3,5,3,1
1954,Watford,Brentford,2,2,3b,3,4,0,0
1954,Watford,Colchester United,2,0,3b,3,2,2,1
1954,Watford,Millwall,5,3,3b,3,8,2,1
1954,Watford,Norwich City,2,2,3b,3,4,0,0
1954,Watford,Swindon Town,3,0,3b,3,3,3,1
1955,Arsenal,Bolton Wanderers,3,1,1,1,4,2,1
1955,Arsenal,Manchester United,1,1,1,1,2,0,0
1955,Arsenal,Preston North End,3,2,1,1,5,1,1
1955,Arsenal,Tottenham Hotspur,0,1,1,1,1,-1,0
1955,Aston Villa,Bolton Wanderers,0,2,1,1,2,-2,0
1955,Aston Villa,Huddersfield Town,3,0,1,1,3,3,1
1955,Aston Villa,Preston North End,3,2,1,1,5,1,1
1955,Aston Villa,Tottenham Hotspur,0,2,1,1,2,-2,0
1955,Birmingham City,Bolton Wanderers,5,2,1,1,7,3,1
1955,Birmingham City,Huddersfield Town,5,0,1,1,5,5,1
1955,Birmingham City,Tottenham Hotspur,3,0,1,1,3,3,1
1955,Blackpool,Bolton Wanderers,0,0,1,1,0,0,0
1955,Blackpool,Charlton Athletic,5,0,1,1,5,5,1
1955,Blackpool,Huddersfield Town,4,2,1,1,6,2,1
1955,Blackpool,Preston North End,2,6,1,1,8,-4,0
1955,Bolton Wanderers,Arsenal,4,1,1,1,5,3,1
1955,Bolton Wanderers,Blackpool,1,3,1,1,4,-2,0
1955,Bolton Wanderers,Charlton Athletic,1,3,1,1,4,-2,0
1955,Bolton Wanderers,Manchester United,3,1,1,1,4,2,1
1955,Bolton Wanderers,Tottenham Hotspur,3,2,1,1,5,1,1
1955,Burnley,Arsenal,0,1,1,1,1,-1,0
1955,Burnley,Blackpool,0,2,1,1,2,-2,0
1955,Burnley,Charlton Athletic,2,1,1,1,3,1,1
1955,Burnley,Preston North End,1,2,1,1,3,-1,0
1955,Burnley,Tottenham Hotspur,2,0,1,1,2,2,1
1955,Cardiff City,Arsenal,1,2,1,1,3,-1,0
1955,Cardiff City,Blackpool,1,0,1,1,1,1,1
1955,Cardiff City,Charlton Athletic,3,1,1,1,4,2,1
1955,Cardiff City,Huddersfield Town,1,2,1,1,3,-1,0
1955,Cardiff City,Manchester United,0,1,1,1,1,-1,0
1955,Charlton Athletic,Arsenal,2,0,1,1,2,2,1
1955,Charlton Athletic,Blackpool,1,2,1,1,3,-1,0
1955,Charlton Athletic,Cardiff City,0,0,1,1,0,0,0
1955,Charlton Athletic,Huddersfield Town,4,1,1,1,5,3,1
1955,Chelsea,Arsenal,2,0,1,1,2,2,1
1955,Chelsea,Cardiff City,2,1,1,1,3,1,1
1955,Chelsea,Preston North End,0,1,1,1,1,-1,0
1955,Chelsea,Tottenham Hotspur,2,0,1,1,2,2,1
1955,Everton,Arsenal,1,1,1,1,2,0,0
1955,Everton,Manchester United,4,2,1,1,6,2,1
1955,Everton,Preston North End,0,4,1,1,4,-4,0
1955,Everton,Tottenham Hotspur,2,1,1,1,3,1,1
1955,Huddersfield Town,Arsenal,0,1,1,1,1,-1,0
1955,Huddersfield Town,Blackpool,3,1,1,1,4,2,1
1955,Huddersfield Town,Manchester United,0,2,1,1,2,-2,0
1955,Luton Town,Arsenal,0,0,1,1,0,0,0
1955,Luton Town,Blackpool,3,1,1,1,4,2,1
1955,Luton Town,Cardiff City,3,0,1,1,3,3,1
1955,Luton Town,Everton,2,2,1,1,4,0,0
1955,Luton Town,Manchester United,0,2,1,1,2,-2,0
1955,Luton Town,Tottenham Hotspur,2,1,1,1,3,1,1
1955,Manchester City,Arsenal,2,2,1,1,4,0,0
1955,Manchester City,Blackpool,2,0,1,1,2,2,1
1955,Manchester City,Cardiff City,3,1,1,1,4,2,1
1955,Manchester City,Everton,3,0,1,1,3,3,1
1955,Manchester City,Preston North End,0,2,1,1,2,-2,0
1955,Manchester United,Blackpool,2,1,1,1,3,1,1
1955,Manchester United,Tottenham Hotspur,2,2,1,1,4,0,0
1955,Newcastle United,Arsenal,2,0,1,1,2,2,1
1955,Newcastle United,Manchester City,3,1,1,1,4,2,1
1955,Newcastle United,Tottenham Hotspur,1,2,1,1,3,-1,0
1955,Portsmouth,Manchester City,2,4,1,1,6,-2,0
1955,Portsmouth,Preston North End,0,2,1,1,2,-2,0
1955,Portsmouth,Tottenham Hotspur,4,1,1,1,5,3,1
1955,Preston North End,Cardiff City,1,2,1,1,3,-1,0
1955,Preston North End,Everton,0,1,1,1,1,-1,0
1955,Preston North End,Manchester City,0,3,1,1,3,-3,0
1955,Sheffield United,Cardiff City,2,1,1,1,3,1,1
1955,Sheffield United,Portsmouth,1,3,1,1,4,-2,0
1955,Sheffield United,Tottenham Hotspur,2,0,1,1,2,2,1
1955,Sunderland,Cardiff City,1,1,1,1,2,0,0
1955,Sunderland,Everton,0,0,1,1,0,0,0
1955,Sunderland,Manchester City,0,3,1,1,3,-3,0
1955,Sunderland,Portsmouth,4,2,1,1,6,2,1
1955,Tottenham Hotspur,Everton,1,1,1,1,2,0,0
1955,West Bromwich Albion,Cardiff City,2,1,1,1,3,1,1
1955,West Bromwich Albion,Portsmouth,4,0,1,1,4,4,1
1955,Wolverhampton Wanderers,Portsmouth,3,1,1,1,4,2,1
1955,Barnsley,Hull City,2,1,2,2,3,1,1
1955,Barnsley,Lincoln City,1,0,2,2,1,1,1
1955,Barnsley,Nottingham Forest,1,1,2,2,2,0,0
1955,Blackburn Rovers,Hull City,2,0,2,2,2,2,1
1955,Blackburn Rovers,Port Vale,7,1,2,2,8,6,1
1955,Bristol City,Barnsley,2,0,2,2,2,2,1
1955,Bristol City,Nottingham Forest,0,0,2,2,0,0,0
1955,Bristol City,Port Vale,0,0,2,2,0,0,0
1955,Bristol City,Stoke City,0,1,2,2,1,-1,0
1955,Bristol Rovers,Hull City,4,2,2,2,6,2,1
1955,Bristol Rovers,Lincoln City,3,0,2,2,3,3,1
1955,Bristol Rovers,Stoke City,4,2,2,2,6,2,1
1955,Bury,Bristol Rovers,0,1,2,2,1,-1,0
1955,Bury,Lincoln City,3,3,2,2,6,0,0
1955,Bury,Port Vale,2,2,2,2,4,0,0
1955,Doncaster Rovers,Barnsley,1,1,2,2,2,0,0
1955,Doncaster Rovers,Hull City,3,0,2,2,3,3,1
1955,Doncaster Rovers,Lincoln City,2,0,2,2,2,2,1
1955,Doncaster Rovers,Nottingham Forest,1,3,2,2,4,-2,0
1955,Fulham,Barnsley,5,1,2,2,6,4,1
1955,Fulham,Lincoln City,3,0,2,2,3,3,1
1955,Fulham,Port Vale,1,4,2,2,5,-3,0
1955,Hull City,Barnsley,4,1,2,2,5,3,1
1955,Hull City,Bristol Rovers,1,2,2,2,3,-1,0
1955,Hull City,Fulham,2,2,2,2,4,0,0
1955,Hull City,Lincoln City,2,1,2,2,3,1,1
1955,Hull City,Port Vale,2,1,2,2,3,1,1
1955,Hull City,Stoke City,3,2,2,2,5,1,1
1955,Leeds United,Bristol Rovers,2,1,2,2,3,1,1
1955,Leeds United,Stoke City,1,0,2,2,1,1,1
1955,Leicester City,Lincoln City,4,0,2,2,4,4,1
1955,Leicester City,Nottingham Forest,5,2,2,2,7,3,1
1955,Leicester City,Port Vale,4,1,2,2,5,3,1
1955,Lincoln City,Barnsley,4,0,2,2,4,4,1
1955,Lincoln City,Bristol Rovers,2,0,2,2,2,2,1
1955,Lincoln City,Fulham,6,1,2,2,7,5,1
1955,Lincoln City,Nottingham Forest,1,3,2,2,4,-2,0
1955,Lincoln City,Port Vale,1,0,2,2,1,1,1
1955,Lincoln City,Stoke City,2,1,2,2,3,1,1
1955,Liverpool,Fulham,7,0,2,2,7,7,1
1955,Liverpool,Nottingham Forest,5,2,2,2,7,3,1
1955,Liverpool,Stoke City,2,2,2,2,4,0,0
1955,Middlesbrough,Nottingham Forest,3,2,2,2,5,1,1
1955,Middlesbrough,Port Vale,1,1,2,2,2,0,0
1955,Nottingham Forest,Barnsley,1,0,2,2,1,1,1
1955,Nottingham Forest,Bristol Rovers,1,1,2,2,2,0,0
1955,Nottingham Forest,Middlesbrough,2,4,2,2,6,-2,0
1955,Notts County,Barnsley,2,2,2,2,4,0,0
1955,Notts County,Fulham,3,4,2,2,7,-1,0
1955,Notts County,Leicester City,1,1,2,2,2,0,0
1955,Notts County,Stoke City,1,3,2,2,4,-2,0
1955,Plymouth Argyle,Barnsley,3,0,2,2,3,3,1
1955,Plymouth Argyle,Bristol Rovers,0,1,2,2,1,-1,0
1955,Plymouth Argyle,Fulham,0,0,2,2,0,0,0
1955,Plymouth Argyle,Leicester City,0,1,2,2,1,-1,0
1955,Plymouth Argyle,Port Vale,1,1,2,2,2,0,0
1955,Port Vale,Middlesbrough,3,2,2,2,5,1,1
1955,Port Vale,Plymouth Argyle,3,1,2,2,4,2,1
1955,Rotherham United,Barnsley,0,0,2,2,0,0,0
1955,Sheffield Wednesday,Barnsley,3,0,2,2,3,3,1
1955,Sheffield Wednesday,Bristol Rovers,4,2,2,2,6,2,1
1955,Sheffield Wednesday,Leicester City,1,1,2,2,2,0,0
1955,Sheffield Wednesday,Middlesbrough,3,1,2,2,4,2,1
1955,Sheffield Wednesday,Stoke City,4,0,2,2,4,4,1
1955,Stoke City,Leicester City,2,0,2,2,2,2,1
1955,Stoke City,Middlesbrough,2,5,2,2,7,-3,0
1955,Stoke City,Plymouth Argyle,4,1,2,2,5,3,1
1955,Swansea City,Barnsley,3,1,2,2,4,2,1
1955,Swansea City,Bristol Rovers,1,2,2,2,3,-1,0
1955,Swansea City,Fulham,2,0,2,2,2,2,1
1955,Swansea City,Plymouth Argyle,2,2,2,2,4,0,0
1955,West Ham United,Barnsley,4,0,2,2,4,4,1
1955,West Ham United,Leicester City,1,3,2,2,4,-2,0
1955,West Ham United,Middlesbrough,1,0,2,2,1,1,1
1955,Accrington Stanley,Barrow,2,0,3a,3,2,2,1
1955,Accrington Stanley,Carlisle United,1,0,3a,3,1,1,1
1955,Accrington Stanley,Gateshead,2,2,3a,3,4,0,0
1955,Accrington Stanley,Rochdale,3,0,3a,3,3,3,1
1955,Accrington Stanley,Stockport County,3,1,3a,3,4,2,1
1955,Barrow,Bradford City,3,1,3a,3,4,2,1
1955,Barrow,Darlington,0,1,3a,3,1,-1,0
1955,Barrow,Grimsby Town,0,0,3a,3,0,0,0
1955,Barrow,Scunthorpe United,2,2,3a,3,4,0,0
1955,Barrow,Tranmere Rovers,1,1,3a,3,2,0,0
1955,Barrow,York City,0,1,3a,3,1,-1,0
1955,Bradford City,Oldham Athletic,0,0,3a,3,0,0,0
1955,Bradford City,Southport,2,0,3a,3,2,2,1
1955,Bradford Park Avenue,Accrington Stanley,1,0,3a,3,1,1,1
1955,Bradford Park Avenue,Hartlepool United,1,3,3a,3,4,-2,0
1955,Bradford Park Avenue,Rochdale,3,3,3a,3,6,0,0
1955,Bradford Park Avenue,Stockport County,2,0,3a,3,2,2,1
1955,Carlisle United,Darlington,2,0,3a,3,2,2,1
1955,Carlisle United,Scunthorpe United,1,2,3a,3,3,-1,0
1955,Carlisle United,Tranmere Rovers,0,3,3a,3,3,-3,0
1955,Chester,Bradford City,1,1,3a,3,2,0,0
1955,Chester,Chesterfield,2,1,3a,3,3,1,1
1955,Chester,Oldham Athletic,3,2,3a,3,5,1,1
1955,Chesterfield,Accrington Stanley,0,1,3a,3,1,-1,0
1955,Chesterfield,Bradford Park Avenue,5,1,3a,3,6,4,1
1955,Chesterfield,Stockport County,2,3,3a,3,5,-1,0
1955,Chesterfield,Wrexham,2,0,3a,3,2,2,1
1955,Crewe Alexandra,Carlisle United,3,1,3a,3,4,2,1
1955,Crewe Alexandra,Grimsby Town,0,0,3a,3,0,0,0
1955,Crewe Alexandra,Scunthorpe United,1,2,3a,3,3,-1,0
1955,Crewe Alexandra,Tranmere Rovers,4,0,3a,3,4,4,1
1955,Darlington,Bradford City,1,1,3a,3,2,0,0
1955,Darlington,Chester,0,1,3a,3,1,-1,0
1955,Darlington,Derby County,1,0,3a,3,1,1,1
1955,Derby County,Chesterfield,3,0,3a,3,3,3,1
1955,Derby County,Hartlepool United,3,2,3a,3,5,1,1
1955,Derby County,Stockport County,2,0,3a,3,2,2,1
1955,Gateshead,Crewe Alexandra,4,1,3a,3,5,3,1
1955,Gateshead,Scunthorpe United,1,0,3a,3,1,1,1
1955,Gateshead,Tranmere Rovers,3,3,3a,3,6,0,0
1955,Gateshead,York City,3,2,3a,3,5,1,1
1955,Grimsby Town,Chester,6,1,3a,3,7,5,1
1955,Grimsby Town,Darlington,1,0,3a,3,1,1,1
1955,Grimsby Town,Halifax Town,4,0,3a,3,4,4,1
1955,Grimsby Town,Oldham Athletic,5,1,3a,3,6,4,1
1955,Grimsby Town,Southport,2,0,3a,3,2,2,1
1955,Grimsby Town,Workington,1,2,3a,3,3,-1,0
1955,Halifax Town,Accrington Stanley,2,0,3a,3,2,2,1
1955,Halifax Town,Derby County,2,2,3a,3,4,0,0
1955,Halifax Town,Rochdale,1,1,3a,3,2,0,0
1955,Halifax Town,Stockport County,1,0,3a,3,1,1,1
1955,Halifax Town,Wrexham,1,1,3a,3,2,0,0
1955,Hartlepool United,Crewe Alexandra,6,1,3a,3,7,5,1
1955,Hartlepool United,Mansfield Town,4,2,3a,3,6,2,1
1955,Hartlepool United,Tranmere Rovers,4,0,3a,3,4,4,1
1955,Mansfield Town,Bradford City,0,0,3a,3,0,0,0
1955,Mansfield Town,Chester,3,0,3a,3,3,3,1
1955,Mansfield Town,Grimsby Town,0,2,3a,3,2,-2,0
1955,Oldham Athletic,Bradford Park Avenue,5,1,3a,3,6,4,1
1955,Oldham Athletic,Chesterfield,2,2,3a,3,4,0,0
1955,Oldham Athletic,Derby County,1,1,3a,3,2,0,0
1955,Oldham Athletic,Wrexham,1,1,3a,3,2,0,0
1955,Rochdale,Crewe Alexandra,1,0,3a,3,1,1,1
1955,Rochdale,Scunthorpe United,3,2,3a,3,5,1,1
1955,Rochdale,Tranmere Rovers,1,3,3a,3,4,-2,0
1955,Rochdale,York City,3,1,3a,3,4,2,1
1955,Scunthorpe United,Bradford City,2,0,3a,3,2,2,1
1955,Scunthorpe United,Chester,2,1,3a,3,3,1,1
1955,Scunthorpe United,Darlington,0,1,3a,3,1,-1,0
1955,Southport,Chesterfield,1,0,3a,3,1,1,1
1955,Southport,Derby County,2,5,3a,3,7,-3,0
1955,Southport,Oldham Athletic,1,1,3a,3,2,0,0
1955,Southport,Stockport County,1,1,3a,3,2,0,0
1955,Stockport County,Barrow,4,1,3a,3,5,3,1
1955,Stockport County,Crewe Alexandra,2,1,3a,3,3,1,1
1955,Stockport County,Tranmere Rovers,7,0,3a,3,7,7,1
1955,Tranmere Rovers,Bradford City,1,1,3a,3,2,0,0
1955,Tranmere Rovers,Chester,4,0,3a,3,4,4,1
1955,Tranmere Rovers,Grimsby Town,0,1,3a,3,1,-1,0
1955,Tranmere Rovers,Mansfield Town,1,0,3a,3,1,1,1
1955,Tranmere Rovers,Workington,2,0,3a,3,2,2,1
1955,Workington,Chesterfield,0,1,3a,3,1,-1,0
1955,Workington,Derby County,0,3,3a,3,3,-3,0
1955,Workington,Halifax Town,2,0,3a,3,2,2,1
1955,Workington,Wrexham,3,1,3a,3,4,2,1
1955,Wrexham,Carlisle United,5,2,3a,3,7,3,1
1955,Wrexham,Gateshead,1,1,3a,3,2,0,0
1955,Wrexham,Stockport County,0,1,3a,3,1,-1,0
1955,Wrexham,York City,4,5,3a,3,9,-1,0
1955,York City,Bradford City,0,2,3a,3,2,-2,0
1955,York City,Chester,3,0,3a,3,3,3,1
1955,York City,Darlington,4,0,3a,3,4,4,1
1955,York City,Grimsby Town,3,4,3a,3,7,-1,0
1955,York City,Mansfield Town,1,1,3a,3,2,0,0
1955,York City,Scunthorpe United,0,0,3a,3,0,0,0
1955,AFC Bournemouth,Northampton Town,0,0,3b,3,0,0,0
1955,AFC Bournemouth,Walsall,2,0,3b,3,2,2,1
1955,Aldershot,Brentford,4,1,3b,3,5,3,1
1955,Aldershot,Coventry City,2,2,3b,3,4,0,0
1955,Aldershot,Gillingham,2,2,3b,3,4,0,0
1955,Aldershot,Millwall,2,1,3b,3,3,1,1
1955,Aldershot,Swindon Town,1,1,3b,3,2,0,0
1955,Aldershot,Watford,1,1,3b,3,2,0,0
1955,Brentford,Ipswich Town,3,2,3b,3,5,1,1
1955,Brentford,Newport County,1,1,3b,3,2,0,0
1955,Brentford,Queens Park Rangers,2,0,3b,3,2,2,1
1955,Brentford,Southampton,2,1,3b,3,3,1,1
1955,Brentford,Torquay United,1,3,3b,3,4,-2,0
1955,Brighton & Hove Albion,Colchester United,2,0,3b,3,2,2,1
1955,Brighton & Hove Albion,Exeter City,1,0,3b,3,1,1,1
1955,Brighton & Hove Albion,Walsall,3,0,3b,3,3,3,1
1955,Colchester United,Aldershot,4,0,3b,3,4,4,1
1955,Colchester United,Coventry City,2,0,3b,3,2,2,1
1955,Coventry City,Brentford,2,1,3b,3,3,1,1
1955,Coventry City,Crystal Palace,1,3,3b,3,4,-2,0
1955,Coventry City,Southampton,2,0,3b,3,2,2,1
1955,Crystal Palace,Brighton & Hove Albion,1,2,3b,3,3,-1,0
1955,Crystal Palace,Exeter City,0,1,3b,3,1,-1,0
1955,Crystal Palace,Leyton Orient,1,2,3b,3,3,-1,0
1955,Crystal Palace,Southend United,1,2,3b,3,3,-1,0
1955,Exeter City,Gillingham,2,1,3b,3,3,1,1
1955,Exeter City,Norwich City,1,1,3b,3,2,0,0
1955,Exeter City,Shrewsbury Town,3,0,3b,3,3,3,1
1955,Exeter City,Watford,1,2,3b,3,3,-1,0
1955,Gillingham,Brentford,1,2,3b,3,3,-1,0
1955,Gillingham,Ipswich Town,0,0,3b,3,0,0,0
1955,Gillingham,Queens Park Rangers,0,2,3b,3,2,-2,0
1955,Gillingham,Southampton,1,2,3b,3,3,-1,0
1955,Gillingham,Torquay United,1,3,3b,3,4,-2,0
1955,Ipswich Town,AFC Bournemouth,1,0,3b,3,1,1,1
1955,Leyton Orient,Aldershot,8,3,3b,3,11,5,1
1955,Leyton Orient,Norwich City,2,2,3b,3,4,0,0
1955,Millwall,Brentford,4,0,3b,3,4,4,1
1955,Millwall,Coventry City,0,2,3b,3,2,-2,0
1955,Millwall,Gillingham,5,0,3b,3,5,5,1
1955,Millwall,Newport County,2,4,3b,3,6,-2,0
1955,Millwall,Queens Park Rangers,2,0,3b,3,2,2,1
1955,Millwall,Southampton,3,2,3b,3,5,1,1
1955,Newport County,AFC Bournemouth,1,0,3b,3,1,1,1
1955,Newport County,Ipswich Town,2,1,3b,3,3,1,1
1955,Newport County,Northampton Town,0,1,3b,3,1,-1,0
1955,Newport County,Reading,2,3,3b,3,5,-1,0
1955,Newport County,Walsall,2,0,3b,3,2,2,1
1955,Northampton Town,Colchester United,0,2,3b,3,2,-2,0
1955,Northampton Town,Norwich City,1,1,3b,3,2,0,0
1955,Northampton Town,Shrewsbury Town,1,0,3b,3,1,1,1
1955,Northampton Town,Swindon Town,2,1,3b,3,3,1,1
1955,Norwich City,Brentford,1,0,3b,3,1,1,1
1955,Norwich City,Millwall,4,1,3b,3,5,3,1
1955,Norwich City,Queens Park Rangers,1,0,3b,3,1,1,1
1955,Norwich City,Torquay United,0,0,3b,3,0,0,0
1955,Queens Park Rangers,Crystal Palace,0,3,3b,3,3,-3,0
1955,Queens Park Rangers,Ipswich Town,1,1,3b,3,2,0,0
1955,Queens Park Rangers,Newport County,0,0,3b,3,0,0,0
1955,Queens Park Rangers,Southend United,1,2,3b,3,3,-1,0
1955,Reading,Colchester United,1,3,3b,3,4,-2,0
1955,Reading,Exeter City,1,2,3b,3,3,-1,0
1955,Reading,Leyton Orient,0,1,3b,3,1,-1,0
1955,Reading,Northampton Town,4,1,3b,3,5,3,1
1955,Reading,Shrewsbury Town,0,1,3b,3,1,-1,0
1955,Reading,Swindon Town,0,1,3b,3,1,-1,0
1955,Southampton,Ipswich Town,2,2,3b,3,4,0,0
1955,Southampton,Queens Park Rangers,4,0,3b,3,4,4,1
1955,Southampton,Southend United,0,0,3b,3,0,0,0
1955,Southend United,Aldershot,3,2,3b,3,5,1,1
1955,Southend United,Leyton Orient,0,0,3b,3,0,0,0
1955,Southend United,Northampton Town,2,0,3b,3,2,2,1
1955,Southend United,Swindon Town,0,0,3b,3,0,0,0
1955,Swindon Town,Coventry City,1,1,3b,3,2,0,0
1955,Torquay United,Ipswich Town,2,2,3b,3,4,0,0
1955,Torquay United,Southampton,3,2,3b,3,5,1,1
1955,Walsall,Colchester United,0,0,3b,3,0,0,0
1955,Watford,Shrewsbury Town,3,4,3b,3,7,-1,0
1956,Arsenal,Aston Villa,2,1,1,1,3,1,1
1956,Arsenal,Manchester United,1,2,1,1,3,-1,0
1956,Aston Villa,Arsenal,0,0,1,1,0,0,0
1956,Aston Villa,Bolton Wanderers,0,0,1,1,0,0,0
1956,Aston Villa,Leeds United,1,1,1,1,2,0,0
1956,Aston Villa,Preston North End,2,0,1,1,2,2,1
1956,Aston Villa,Tottenham Hotspur,2,4,1,1,6,-2,0
1956,Birmingham City,Arsenal,4,2,1,1,6,2,1
1956,Birmingham City,Bolton Wanderers,0,0,1,1,0,0,0
1956,Birmingham City,Charlton Athletic,4,2,1,1,6,2,1
1956,Birmingham City,Tottenham Hotspur,0,0,1,1,0,0,0
1956,Blackpool,Bolton Wanderers,4,2,1,1,6,2,1
1956,Blackpool,Leeds United,1,1,1,1,2,0,0
1956,Blackpool,Manchester United,2,2,1,1,4,0,0
1956,Blackpool,Preston North End,4,0,1,1,4,4,1
1956,Blackpool,Tottenham Hotspur,4,1,1,1,5,3,1
1956,Bolton Wanderers,Arsenal,2,1,1,1,3,1,1
1956,Bolton Wanderers,Blackpool,4,1,1,1,5,3,1
1956,Bolton Wanderers,Manchester United,2,0,1,1,2,2,1
1956,Burnley,Arsenal,3,1,1,1,4,2,1
1956,Burnley,Blackpool,2,2,1,1,4,0,0
1956,Burnley,Leeds United,0,0,1,1,0,0,0
1956,Cardiff City,Arsenal,2,3,1,1,5,-1,0
1956,Cardiff City,Charlton Athletic,2,3,1,1,5,-1,0
1956,Cardiff City,Leeds United,4,1,1,1,5,3,1
1956,Cardiff City,Manchester United,2,3,1,1,5,-1,0
1956,Cardiff City,Preston North End,2,3,1,1,5,-1,0
1956,Cardiff City,Tottenham Hotspur,0,3,1,1,3,-3,0
1956,Charlton Athletic,Cardiff City,0,2,1,1,2,-2,0
1956,Charlton Athletic,Tottenham Hotspur,1,1,1,1,2,0,0
1956,Chelsea,Blackpool,2,2,1,1,4,0,0
1956,Chelsea,Leeds United,1,1,1,1,2,0,0
1956,Chelsea,Manchester United,1,2,1,1,3,-1,0
1956,Chelsea,Preston North End,1,0,1,1,1,1,1
1956,Chelsea,Tottenham Hotspur,2,4,1,1,6,-2,0
1956,Everton,Cardiff City,0,0,1,1,0,0,0
1956,Everton,Manchester United,1,2,1,1,3,-1,0
1956,Everton,Preston North End,1,4,1,1,5,-3,0
1956,Leeds United,Blackpool,5,0,1,1,5,5,1
1956,Leeds United,Everton,5,1,1,1,6,4,1
1956,Leeds United,Preston North End,1,2,1,1,3,-1,0
1956,Leeds United,Tottenham Hotspur,1,1,1,1,2,0,0
1956,Luton Town,Blackpool,0,2,1,1,2,-2,0
1956,Luton Town,Everton,2,0,1,1,2,2,1
1956,Luton Town,Manchester United,0,2,1,1,2,-2,0
1956,Luton Town,Preston North End,1,1,1,1,2,0,0
1956,Luton Town,Tottenham Hotspur,1,3,1,1,4,-2,0
1956,Manchester City,Arsenal,2,3,1,1,5,-1,0
1956,Manchester City,Everton,2,4,1,1,6,-2,0
1956,Manchester City,Manchester United,2,4,1,1,6,-2,0
1956,Manchester United,Arsenal,6,2,1,1,8,4,1
1956,Manchester United,Blackpool,0,2,1,1,2,-2,0
1956,Manchester United,Cardiff City,3,1,1,1,4,2,1
1956,Manchester United,Everton,2,5,1,1,7,-3,0
1956,Newcastle United,Arsenal,3,1,1,1,4,2,1
1956,Newcastle United,Everton,0,0,1,1,0,0,0
1956,Portsmouth,Blackpool,0,0,1,1,0,0,0
1956,Portsmouth,Cardiff City,1,0,1,1,1,1,1
1956,Portsmouth,Preston North End,2,2,1,1,4,0,0
1956,Preston North End,Blackpool,0,0,1,1,0,0,0
1956,Preston North End,Everton,0,0,1,1,0,0,0
1956,Preston North End,Manchester City,3,1,1,1,4,2,1
1956,Preston North End,Tottenham Hotspur,1,4,1,1,5,-3,0
1956,Sheffield Wednesday,Cardiff City,5,3,1,1,8,2,1
1956,Sheffield Wednesday,Manchester City,2,2,1,1,4,0,0
1956,Tottenham Hotspur,Portsmouth,2,0,1,1,2,2,1
1956,West Bromwich Albion,Arsenal,0,2,1,1,2,-2,0
1956,West Bromwich Albion,Everton,3,0,1,1,3,3,1
1956,West Bromwich Albion,Manchester City,1,1,1,1,2,0,0
1956,West Bromwich Albion,Portsmouth,2,1,1,1,3,1,1
1956,Wolverhampton Wanderers,Arsenal,5,2,1,1,7,3,1
1956,Wolverhampton Wanderers,Blackpool,4,1,1,1,5,3,1
1956,Wolverhampton Wanderers,Everton,2,1,1,1,3,1,1
1956,Barnsley,Grimsby Town,2,0,2,2,2,2,1
1956,Barnsley,Leyton Orient,3,0,2,2,3,3,1
1956,Barnsley,Middlesbrough,1,3,2,2,4,-2,0
1956,Barnsley,Port Vale,2,0,2,2,2,2,1
1956,Barnsley,Stoke City,2,2,2,2,4,0,0
1956,Blackburn Rovers,Barnsley,2,0,2,2,2,2,1
1956,Blackburn Rovers,Bury,6,2,2,2,8,4,1
1956,Blackburn Rovers,Leyton Orient,3,3,2,2,6,0,0
1956,Blackburn Rovers,Middlesbrough,1,0,2,2,1,1,1
1956,Blackburn Rovers,Port Vale,2,4,2,2,6,-2,0
1956,Bristol City,Leyton Orient,4,2,2,2,6,2,1
1956,Bristol City,Middlesbrough,2,1,2,2,3,1,1
1956,Bristol Rovers,Bury,6,1,2,2,7,5,1
1956,Bristol Rovers,Grimsby Town,1,0,2,2,1,1,1
1956,Bristol Rovers,Leyton Orient,3,2,2,2,5,1,1
1956,Bristol Rovers,Middlesbrough,0,2,2,2,2,-2,0
1956,Bristol Rovers,Port Vale,2,1,2,2,3,1,1
1956,Bury,Barnsley,1,2,2,2,3,-1,0
1956,Bury,Leyton Orient,1,3,2,2,4,-2,0
1956,Bury,Middlesbrough,3,2,2,2,5,1,1
1956,Bury,Stoke City,0,1,2,2,1,-1,0
1956,Doncaster Rovers,Barnsley,5,2,2,2,7,3,1
1956,Doncaster Rovers,Leyton Orient,6,1,2,2,7,5,1
1956,Fulham,Bristol Rovers,3,2,2,2,5,1,1
1956,Fulham,Leyton Orient,3,1,2,2,4,2,1
1956,Grimsby Town,Bristol Rovers,3,2,2,2,5,1,1
1956,Grimsby Town,Leyton Orient,0,0,2,2,0,0,0
1956,Huddersfield Town,Barnsley,2,0,2,2,2,2,1
1956,Huddersfield Town,Port Vale,3,1,2,2,4,2,1
1956,Leicester City,Barnsley,5,2,2,2,7,3,1
1956,Leicester City,Bristol Rovers,7,2,2,2,9,5,1
1956,Leicester City,Leyton Orient,1,4,2,2,5,-3,0
1956,Leicester City,Port Vale,2,1,2,2,3,1,1
1956,Leicester City,Stoke City,3,2,2,2,5,1,1
1956,Leyton Orient,Barnsley,2,0,2,2,2,2,1
1956,Leyton Orient,Leicester City,1,5,2,2,6,-4,0
1956,Lincoln City,Barnsley,4,1,2,2,5,3,1
1956,Lincoln City,Bristol Rovers,1,0,2,2,1,1,1
1956,Lincoln City,Fulham,1,0,2,2,1,1,1
1956,Lincoln City,Leicester City,2,3,2,2,5,-1,0
1956,Lincoln City,Port Vale,4,0,2,2,4,4,1
1956,Lincoln City,Stoke City,0,1,2,2,1,-1,0
1956,Liverpool,Fulham,4,3,2,2,7,1,1
1956,Liverpool,Middlesbrough,1,2,2,2,3,-1,0
1956,Liverpool,Port Vale,4,1,2,2,5,3,1
1956,Middlesbrough,Barnsley,1,2,2,2,3,-1,0
1956,Middlesbrough,Liverpool,1,1,2,2,2,0,0
1956,Middlesbrough,Port Vale,3,1,2,2,4,2,1
1956,Nottingham Forest,Fulham,3,1,2,2,4,2,1
1956,Nottingham Forest,Liverpool,1,0,2,2,1,1,1
1956,Notts County,Barnsley,3,2,2,2,5,1,1
1956,Notts County,Bristol Rovers,0,2,2,2,2,-2,0
1956,Notts County,Fulham,0,0,2,2,0,0,0
1956,Notts County,Liverpool,1,1,2,2,2,0,0
1956,Port Vale,Bristol Rovers,2,3,2,2,5,-1,0
1956,Port Vale,Leicester City,2,3,2,2,5,-1,0
1956,Port Vale,Notts County,1,2,2,2,3,-1,0
1956,Rotherham United,Fulham,4,3,2,2,7,1,1
1956,Rotherham United,Notts County,0,0,2,2,0,0,0
1956,Rotherham United,Stoke City,1,0,2,2,1,1,1
1956,Sheffield United,Barnsley,5,0,2,2,5,5,1
1956,Sheffield United,Fulham,5,2,2,2,7,3,1
1956,Sheffield United,Leicester City,1,1,2,2,2,0,0
1956,Sheffield United,Notts County,5,1,2,2,6,4,1
1956,Sheffield United,Stoke City,1,1,2,2,2,0,0
1956,Stoke City,Barnsley,3,0,2,2,3,3,1
1956,Stoke City,Leicester City,3,1,2,2,4,2,1
1956,Stoke City,Liverpool,1,0,2,2,1,1,1
1956,Stoke City,Sheffield United,3,3,2,2,6,0,0
1956,Swansea City,Bristol Rovers,2,3,2,2,5,-1,0
1956,Swansea City,Fulham,4,5,2,2,9,-1,0
1956,Swansea City,Leicester City,2,3,2,2,5,-1,0
1956,Swansea City,Liverpool,1,1,2,2,2,0,0
1956,West Ham United,Fulham,2,1,2,2,3,1,1
1956,West Ham United,Liverpool,1,1,2,2,2,0,0
1956,West Ham United,Sheffield United,3,2,2,2,5,1,1
1956,Accrington Stanley,Gateshead,2,0,3a,3,2,2,1
1956,Accrington Stanley,Rochdale,2,1,3a,3,3,1,1
1956,Accrington Stanley,Stockport County,4,0,3a,3,4,4,1
1956,Accrington Stanley,Wrexham,1,0,3a,3,1,1,1
1956,Barrow,Tranmere Rovers,5,0,3a,3,5,5,1
1956,Barrow,York City,1,2,3a,3,3,-1,0
1956,Bradford City,Bradford Park Avenue,2,0,3a,3,2,2,1
1956,Bradford City,Derby County,0,2,3a,3,2,-2,0
1956,Bradford City,Oldham Athletic,4,1,3a,3,5,3,1
1956,Bradford City,Workington,2,3,3a,3,5,-1,0
1956,Bradford Park Avenue,Accrington Stanley,2,0,3a,3,2,2,1
1956,Bradford Park Avenue,Carlisle United,1,3,3a,3,4,-2,0
1956,Bradford Park Avenue,Wrexham,0,4,3a,3,4,-4,0
1956,Carlisle United,Darlington,1,2,3a,3,3,-1,0
1956,Carlisle United,Scunthorpe United,0,0,3a,3,0,0,0
1956,Chester,Bradford City,1,2,3a,3,3,-1,0
1956,Chester,Chesterfield,3,4,3a,3,7,-1,0
1956,Chester,Derby County,2,2,3a,3,4,0,0
1956,Chester,Hartlepool United,0,1,3a,3,1,-1,0
1956,Chester,Southport,2,0,3a,3,2,2,1
1956,Chesterfield,Bradford Park Avenue,4,1,3a,3,5,3,1
1956,Chesterfield,Crewe Alexandra,2,0,3a,3,2,2,1
1956,Chesterfield,Gateshead,6,0,3a,3,6,6,1
1956,Chesterfield,Rochdale,2,2,3a,3,4,0,0
1956,Chesterfield,Stockport County,1,0,3a,3,1,1,1
1956,Chesterfield,Wrexham,2,1,3a,3,3,1,1
1956,Crewe Alexandra,Halifax Town,1,3,3a,3,4,-2,0
1956,Crewe Alexandra,Tranmere Rovers,0,0,3a,3,0,0,0
1956,Crewe Alexandra,York City,1,1,3a,3,2,0,0
1956,Darlington,Bradford City,3,2,3a,3,5,1,1
1956,Darlington,Chester,5,1,3a,3,6,4,1
1956,Darlington,Derby County,1,1,3a,3,2,0,0
1956,Darlington,Oldham Athletic,1,0,3a,3,1,1,1
1956,Derby County,Bradford Park Avenue,6,1,3a,3,7,5,1
1956,Derby County,Chesterfield,7,1,3a,3,8,6,1
1956,Derby County,Gateshead,5,3,3a,3,8,2,1
1956,Derby County,Hull City,1,0,3a,3,1,1,1
1956,Derby County,Rochdale,3,0,3a,3,3,3,1
1956,Derby County,Stockport County,2,0,3a,3,2,2,1
1956,Gateshead,Barrow,2,2,3a,3,4,0,0
1956,Gateshead,Carlisle United,4,2,3a,3,6,2,1
1956,Gateshead,Halifax Town,2,1,3a,3,3,1,1
1956,Gateshead,Mansfield Town,1,1,3a,3,2,0,0
1956,Halifax Town,Chester,2,1,3a,3,3,1,1
1956,Halifax Town,Darlington,3,2,3a,3,5,1,1
1956,Halifax Town,Hartlepool United,2,0,3a,3,2,2,1
1956,Halifax Town,Workington,4,2,3a,3,6,2,1
1956,Hartlepool United,Chesterfield,5,1,3a,3,6,4,1
1956,Hartlepool United,Rochdale,0,0,3a,3,0,0,0
1956,Hull City,Barrow,3,0,3a,3,3,3,1
1956,Hull City,Carlisle United,0,0,3a,3,0,0,0
1956,Hull City,Mansfield Town,1,2,3a,3,3,-1,0
1956,Hull City,York City,1,1,3a,3,2,0,0
1956,Mansfield Town,Bradford City,3,1,3a,3,4,2,1
1956,Mansfield Town,Halifax Town,2,0,3a,3,2,2,1
1956,Mansfield Town,Southport,1,2,3a,3,3,-1,0
1956,Mansfield Town,Workington,2,2,3a,3,4,0,0
1956,Oldham Athletic,Bradford Park Avenue,3,1,3a,3,4,2,1
1956,Oldham Athletic,Hartlepool United,0,0,3a,3,0,0,0
1956,Oldham Athletic,Wrexham,1,2,3a,3,3,-1,0
1956,Rochdale,Carlisle United,2,1,3a,3,3,1,1
1956,Rochdale,Gateshead,0,0,3a,3,0,0,0
1956,Rochdale,Hull City,4,3,3a,3,7,1,1
1956,Rochdale,Scunthorpe United,3,0,3a,3,3,3,1
1956,Rochdale,York City,1,0,3a,3,1,1,1
1956,Scunthorpe United,Bradford City,1,1,3a,3,2,0,0
1956,Scunthorpe United,Darlington,1,2,3a,3,3,-1,0
1956,Scunthorpe United,Mansfield Town,0,1,3a,3,1,-1,0
1956,Scunthorpe United,Southport,1,0,3a,3,1,1,1
1956,Scunthorpe United,Workington,2,1,3a,3,3,1,1
1956,Southport,Accrington Stanley,3,5,3a,3,8,-2,0
1956,Southport,Oldham Athletic,2,0,3a,3,2,2,1
1956,Southport,Stockport County,0,1,3a,3,1,-1,0
1956,Stockport County,Crewe Alexandra,2,0,3a,3,2,2,1
1956,Stockport County,Rochdale,3,1,3a,3,4,2,1
1956,Stockport County,York City,3,0,3a,3,3,3,1
1956,Tranmere Rovers,Mansfield Town,3,1,3a,3,4,2,1
1956,Workington,Bradford Park Avenue,0,1,3a,3,1,-1,0
1956,Workington,Oldham Athletic,0,0,3a,3,0,0,0
1956,Wrexham,Carlisle United,6,4,3a,3,10,2,1
1956,Wrexham,Gateshead,4,1,3a,3,5,3,1
1956,Wrexham,Hull City,5,2,3a,3,7,3,1
1956,Wrexham,Rochdale,4,1,3a,3,5,3,1
1956,Wrexham,Stockport County,2,3,3a,3,5,-1,0
1956,York City,Chester,0,1,3a,3,1,-1,0
1956,York City,Darlington,1,0,3a,3,1,1,1
1956,York City,Halifax Town,1,2,3a,3,3,-1,0
1956,York City,Mansfield Town,2,0,3a,3,2,2,1
1956,AFC Bournemouth,Aldershot,3,2,3b,3,5,1,1
1956,AFC Bournemouth,Millwall,6,1,3b,3,7,5,1
1956,AFC Bournemouth,Norwich City,1,1,3b,3,2,0,0
1956,Aldershot,Brentford,0,2,3b,3,2,-2,0
1956,Aldershot,Coventry City,0,1,3b,3,1,-1,0
1956,Aldershot,Shrewsbury Town,1,1,3b,3,2,0,0
1956,Brentford,Ipswich Town,1,1,3b,3,2,0,0
1956,Brentford,Northampton Town,2,1,3b,3,3,1,1
1956,Brentford,Southampton,4,0,3b,3,4,4,1
1956,Brighton & Hove Albion,Norwich City,3,0,3b,3,3,3,1
1956,Brighton & Hove Albion,Reading,8,3,3b,3,11,5,1
1956,Brighton & Hove Albion,Southend United,1,1,3b,3,2,0,0
1956,Colchester United,Aldershot,1,1,3b,3,2,0,0
1956,Colchester United,Plymouth Argyle,2,1,3b,3,3,1,1
1956,Colchester United,Watford,2,0,3b,3,2,2,1
1956,Coventry City,Brentford,1,1,3b,3,2,0,0
1956,Coventry City,Ipswich Town,1,1,3b,3,2,0,0
1956,Coventry City,Queens Park Rangers,5,1,3b,3,6,4,1
1956,Coventry City,Southampton,2,1,3b,3,3,1,1
1956,Coventry City,Torquay United,3,2,3b,3,5,1,1
1956,Crystal Palace,Brighton & Hove Albion,2,2,3b,3,4,0,0
1956,Crystal Palace,Exeter City,0,0,3b,3,0,0,0
1956,Crystal Palace,Norwich City,4,1,3b,3,5,3,1
1956,Exeter City,Colchester United,0,2,3b,3,2,-2,0
1956,Exeter City,Newport County,2,0,3b,3,2,2,1
1956,Exeter City,Shrewsbury Town,5,1,3b,3,6,4,1
1956,Exeter City,Swindon Town,3,2,3b,3,5,1,1
1956,Gillingham,Brentford,2,1,3b,3,3,1,1
1956,Gillingham,Coventry City,1,2,3b,3,3,-1,0
1956,Gillingham,Ipswich Town,1,1,3b,3,2,0,0
1956,Gillingham,Northampton Town,1,2,3b,3,3,-1,0
1956,Gillingham,Queens Park Rangers,0,1,3b,3,1,-1,0
1956,Gillingham,Southampton,0,0,3b,3,0,0,0
1956,Gillingham,Torquay United,1,1,3b,3,2,0,0
1956,Ipswich Town,AFC Bournemouth,1,0,3b,3,1,1,1
1956,Ipswich Town,Brighton & Hove Albion,4,0,3b,3,4,4,1
1956,Ipswich Town,Norwich City,3,1,3b,3,4,2,1
1956,Ipswich Town,Reading,4,2,3b,3,6,2,1
1956,Ipswich Town,Walsall,2,2,3b,3,4,0,0
1956,Millwall,Aldershot,1,5,3b,3,6,-4,0
1956,Millwall,Exeter City,1,3,3b,3,4,-2,0
1956,Millwall,Plymouth Argyle,2,2,3b,3,4,0,0
1956,Millwall,Shrewsbury Town,0,0,3b,3,0,0,0
1956,Millwall,Swindon Town,2,1,3b,3,3,1,1
1956,Newport County,Coventry City,3,0,3b,3,3,3,1
1956,Newport County,Southampton,2,3,3b,3,5,-1,0
1956,Newport County,Torquay United,3,0,3b,3,3,3,1
1956,Northampton Town,Ipswich Town,2,1,3b,3,3,1,1
1956,Norwich City,Colchester United,1,2,3b,3,3,-1,0
1956,Norwich City,Exeter City,1,0,3b,3,1,1,1
1956,Norwich City,Plymouth Argyle,3,0,3b,3,3,3,1
1956,Norwich City,Shrewsbury Town,3,0,3b,3,3,3,1
1956,Norwich City,Swindon Town,2,4,3b,3,6,-2,0
1956,Plymouth Argyle,Gillingham,2,0,3b,3,2,2,1
1956,Plymouth Argyle,Newport County,3,2,3b,3,5,1,1
1956,Plymouth Argyle,Southampton,2,1,3b,3,3,1,1
1956,Queens Park Rangers,Crystal Palace,4,2,3b,3,6,2,1
1956,Queens Park Rangers,Northampton Town,1,0,3b,3,1,1,1
1956,Queens Park Rangers,Reading,1,1,3b,3,2,0,0
1956,Queens Park Rangers,Southend United,3,0,3b,3,3,3,1
1956,Queens Park Rangers,Walsall,1,0,3b,3,1,1,1
1956,Reading,Aldershot,2,1,3b,3,3,1,1
1956,Reading,Millwall,3,0,3b,3,3,3,1
1956,Reading,Norwich City,2,1,3b,3,3,1,1
1956,Reading,Shrewsbury Town,2,2,3b,3,4,0,0
1956,Shrewsbury Town,Brentford,3,2,3b,3,5,1,1
1956,Shrewsbury Town,Coventry City,5,0,3b,3,5,5,1
1956,Shrewsbury Town,Southampton,0,0,3b,3,0,0,0
1956,Southampton,AFC Bournemouth,3,0,3b,3,3,3,1
1956,Southampton,Ipswich Town,0,2,3b,3,2,-2,0
1956,Southampton,Northampton Town,2,0,3b,3,2,2,1
1956,Southampton,Walsall,3,1,3b,3,4,2,1
1956,Southend United,Colchester United,3,2,3b,3,5,1,1
1956,Swindon Town,Brentford,1,3,3b,3,4,-2,0
1956,Swindon Town,Coventry City,2,2,3b,3,4,0,0
1956,Swindon Town,Gillingham,2,3,3b,3,5,-1,0
1956,Swindon Town,Torquay United,1,2,3b,3,3,-1,0
1956,Torquay United,AFC Bournemouth,1,0,3b,3,1,1,1
1956,Torquay United,Brighton & Hove Albion,1,0,3b,3,1,1,1
1956,Torquay United,Crystal Palace,3,0,3b,3,3,3,1
1956,Torquay United,Ipswich Town,4,1,3b,3,5,3,1
1956,Torquay United,Queens Park Rangers,3,0,3b,3,3,3,1
1956,Torquay United,Southampton,2,0,3b,3,2,2,1
1956,Walsall,Exeter City,2,0,3b,3,2,2,1
1956,Walsall,Millwall,7,1,3b,3,8,6,1
1956,Walsall,Watford,2,0,3b,3,2,2,1
1956,Watford,Brentford,1,1,3b,3,2,0,0
1956,Watford,Coventry City,1,0,3b,3,1,1,1
1956,Watford,Gillingham,2,3,3b,3,5,-1,0
1956,Watford,Shrewsbury Town,2,3,3b,3,5,-1,0
1957,Arsenal,Aston Villa,4,0,1,1,4,4,1
1957,Arsenal,Everton,2,3,1,1,5,-1,0
1957,Aston Villa,Arsenal,3,0,1,1,3,3,1
1957,Aston Villa,Bolton Wanderers,4,0,1,1,4,4,1
1957,Aston Villa,Everton,0,1,1,1,1,-1,0
1957,Birmingham City,Bolton Wanderers,5,1,1,1,6,4,1
1957,Birmingham City,Everton,2,1,1,1,3,1,1
1957,Birmingham City,Luton Town,1,1,1,1,2,0,0
1957,Birmingham City,Newcastle United,1,4,1,1,5,-3,0
1957,Birmingham City,Tottenham Hotspur,0,0,1,1,0,0,0
1957,Blackpool,Arsenal,1,0,1,1,1,1,1
1957,Blackpool,Bolton Wanderers,2,3,1,1,5,-1,0
1957,Blackpool,Everton,0,1,1,1,1,-1,0
1957,Blackpool,Luton Town,1,2,1,1,3,-1,0
1957,Blackpool,Newcastle United,3,2,1,1,5,1,1
1957,Blackpool,Preston North End,1,2,1,1,3,-1,0
1957,Bolton Wanderers,Blackpool,3,0,1,1,3,3,1
1957,Bolton Wanderers,Tottenham Hotspur,3,2,1,1,5,1,1
1957,Burnley,Arsenal,2,1,1,1,3,1,1
1957,Burnley,Everton,0,2,1,1,2,-2,0
1957,Burnley,Luton Town,1,2,1,1,3,-1,0
1957,Burnley,Newcastle United,0,2,1,1,2,-2,0
1957,Chelsea,Blackpool,1,4,1,1,5,-3,0
1957,Chelsea,Everton,3,1,1,1,4,2,1
1957,Chelsea,Luton Town,1,3,1,1,4,-2,0
1957,Chelsea,Newcastle United,2,1,1,1,3,1,1
1957,Chelsea,Preston North End,0,2,1,1,2,-2,0
1957,Chelsea,Tottenham Hotspur,2,4,1,1,6,-2,0
1957,Everton,Blackpool,0,0,1,1,0,0,0
1957,Everton,Luton Town,0,2,1,1,2,-2,0
1957,Everton,Newcastle United,1,2,1,1,3,-1,0
1957,Everton,Tottenham Hotspur,3,4,1,1,7,-1,0
1957,Leeds United,Blackpool,2,1,1,1,3,1,1
1957,Leeds United,Chelsea,0,0,1,1,0,0,0
1957,Leeds United,Newcastle United,3,0,1,1,3,3,1
1957,Leeds United,Preston North End,2,3,1,1,5,-1,0
1957,Leeds United,Tottenham Hotspur,1,2,1,1,3,-1,0
1957,Leicester City,Blackpool,2,1,1,1,3,1,1
1957,Luton Town,Chelsea,0,2,1,1,2,-2,0
1957,Luton Town,Leicester City,2,1,1,1,3,1,1
1957,Luton Town,Newcastle United,0,3,1,1,3,-3,0
1957,Manchester City,Arsenal,2,4,1,1,6,-2,0
1957,Manchester City,Newcastle United,2,1,1,1,3,1,1
1957,Manchester City,Preston North End,2,0,1,1,2,2,1
1957,Manchester City,Tottenham Hotspur,5,1,1,1,6,4,1
1957,Manchester United,Chelsea,0,1,1,1,1,-1,0
1957,Manchester United,Leicester City,4,0,1,1,4,4,1
1957,Newcastle United,Blackpool,1,2,1,1,3,-1,0
1957,Newcastle United,Chelsea,1,3,1,1,4,-2,0
1957,Newcastle United,Leicester City,5,3,1,1,8,2,1
1957,Newcastle United,Manchester United,1,2,1,1,3,-1,0
1957,Newcastle United,Preston North End,0,2,1,1,2,-2,0
1957,Newcastle United,Tottenham Hotspur,3,1,1,1,4,2,1
1957,Nottingham Forest,Blackpool,1,2,1,1,3,-1,0
1957,Nottingham Forest,Chelsea,1,1,1,1,2,0,0
1957,Nottingham Forest,Preston North End,2,1,1,1,3,1,1
1957,Portsmouth,Arsenal,5,4,1,1,9,1,1
1957,Portsmouth,Blackpool,1,2,1,1,3,-1,0
1957,Portsmouth,Leicester City,2,0,1,1,2,2,1
1957,Portsmouth,Manchester United,3,3,1,1,6,0,0
1957,Portsmouth,Tottenham Hotspur,5,1,1,1,6,4,1
1957,Preston North End,Arsenal,3,0,1,1,3,3,1
1957,Preston North End,Blackpool,2,1,1,1,3,1,1
1957,Preston North End,Chelsea,5,2,1,1,7,3,1
1957,Sheffield Wednesday,Blackpool,0,3,1,1,3,-3,0
1957,Sheffield Wednesday,Chelsea,2,3,1,1,5,-1,0
1957,Sheffield Wednesday,Portsmouth,4,2,1,1,6,2,1
1957,Sheffield Wednesday,Tottenham Hotspur,2,0,1,1,2,2,1
1957,Tottenham Hotspur,Blackpool,2,1,1,1,3,1,1
1957,Tottenham Hotspur,Chelsea,1,1,1,1,2,0,0
1957,Tottenham Hotspur,Leicester City,1,4,1,1,5,-3,0
1957,Tottenham Hotspur,Sunderland,0,1,1,1,1,-1,0
1957,West Bromwich Albion,Arsenal,1,2,1,1,3,-1,0
1957,West Bromwich Albion,Leicester City,6,2,1,1,8,4,1
1957,West Bromwich Albion,Manchester United,4,3,1,1,7,1,1
1957,West Bromwich Albion,Portsmouth,3,1,1,1,4,2,1
1957,Wolverhampton Wanderers,Arsenal,1,2,1,1,3,-1,0
1957,Wolverhampton Wanderers,Chelsea,2,1,1,1,3,1,1
1957,Wolverhampton Wanderers,Sunderland,5,0,1,1,5,5,1
1957,Barnsley,Blackburn Rovers,0,2,2,2,2,-2,0
1957,Barnsley,Doncaster Rovers,1,1,2,2,2,0,0
1957,Blackburn Rovers,Barnsley,3,1,2,2,4,2,1
1957,Blackburn Rovers,Doncaster Rovers,3,2,2,2,5,1,1
1957,Blackburn Rovers,Huddersfield Town,1,1,2,2,2,0,0
1957,Blackburn Rovers,Stoke City,1,0,2,2,1,1,1
1957,Bristol City,Barnsley,5,0,2,2,5,5,1
1957,Bristol City,Cardiff City,2,0,2,2,2,2,1
1957,Bristol City,Doncaster Rovers,2,2,2,2,4,0,0
1957,Bristol City,Huddersfield Town,1,3,2,2,4,-2,0
1957,Bristol City,Lincoln City,4,0,2,2,4,4,1
1957,Bristol Rovers,Barnsley,1,1,2,2,2,0,0
1957,Bristol Rovers,Doncaster Rovers,2,1,2,2,3,1,1
1957,Bristol Rovers,Notts County,5,2,2,2,7,3,1
1957,Bristol Rovers,Stoke City,2,0,2,2,2,2,1
1957,Cardiff City,Doncaster Rovers,3,1,2,2,4,2,1
1957,Cardiff City,Huddersfield Town,1,0,2,2,1,1,1
1957,Cardiff City,Lincoln City,3,2,2,2,5,1,1
1957,Cardiff City,Notts County,2,0,2,2,2,2,1
1957,Cardiff City,Stoke City,5,2,2,2,7,3,1
1957,Charlton Athletic,Barnsley,4,2,2,2,6,2,1
1957,Charlton Athletic,Bristol Rovers,2,3,2,2,5,-1,0
1957,Charlton Athletic,Doncaster Rovers,2,0,2,2,2,2,1
1957,Charlton Athletic,Huddersfield Town,7,6,2,2,13,1,1
1957,Charlton Athletic,Lincoln City,4,1,2,2,5,3,1
1957,Charlton Athletic,Notts County,4,1,2,2,5,3,1
1957,Charlton Athletic,Stoke City,3,0,2,2,3,3,1
1957,Derby County,Bristol Rovers,2,1,2,2,3,1,1
1957,Derby County,Doncaster Rovers,1,0,2,2,1,1,1
1957,Derby County,Stoke City,0,0,2,2,0,0,0
1957,Doncaster Rovers,Derby County,1,2,2,2,3,-1,0
1957,Doncaster Rovers,Notts County,4,0,2,2,4,4,1
1957,Doncaster Rovers,Stoke City,0,1,2,2,1,-1,0
1957,Fulham,Barnsley,1,1,2,2,2,0,0
1957,Fulham,Derby County,2,0,2,2,2,2,1
1957,Fulham,Lincoln City,4,1,2,2,5,3,1
1957,Fulham,Notts County,1,0,2,2,1,1,1
1957,Grimsby Town,Bristol Rovers,3,2,2,2,5,1,1
1957,Grimsby Town,Lincoln City,4,0,2,2,4,4,1
1957,Grimsby Town,Notts County,2,0,2,2,2,2,1
1957,Huddersfield Town,Barnsley,0,5,2,2,5,-5,0
1957,Huddersfield Town,Lincoln City,0,1,2,2,1,-1,0
1957,Huddersfield Town,Stoke City,1,0,2,2,1,1,1
1957,Ipswich Town,Barnsley,3,0,2,2,3,3,1
1957,Ipswich Town,Bristol Rovers,3,2,2,2,5,1,1
1957,Leyton Orient,Barnsley,2,1,2,2,3,1,1
1957,Leyton Orient,Derby County,1,1,2,2,2,0,0
1957,Leyton Orient,Lincoln City,1,0,2,2,1,1,1
1957,Leyton Orient,Stoke City,0,2,2,2,2,-2,0
1957,Lincoln City,Barnsley,1,3,2,2,4,-2,0
1957,Lincoln City,Derby County,1,1,2,2,2,0,0
1957,Liverpool,Barnsley,1,1,2,2,2,0,0
1957,Liverpool,Derby County,2,0,2,2,2,2,1
1957,Middlesbrough,Barnsley,3,1,2,2,4,2,1
1957,Middlesbrough,Notts County,3,1,2,2,4,2,1
1957,Notts County,Barnsley,2,3,2,2,5,-1,0
1957,Notts County,Bristol Rovers,0,0,2,2,0,0,0
1957,Notts County,Derby County,1,0,2,2,1,1,1
1957,Notts County,Leyton Orient,0,1,2,2,1,-1,0
1957,Rotherham United,Barnsley,4,1,2,2,5,3,1
1957,Rotherham United,Bristol Rovers,2,0,2,2,2,2,1
1957,Rotherham United,Grimsby Town,2,0,2,2,2,2,1
1957,Rotherham United,Leyton Orient,2,2,2,2,4,0,0
1957,Rotherham United,Middlesbrough,1,4,2,2,5,-3,0
1957,Rotherham United,Stoke City,0,2,2,2,2,-2,0
1957,Sheffield United,Derby County,0,1,2,2,1,-1,0
1957,Sheffield United,Grimsby Town,3,1,2,2,4,2,1
1957,Sheffield United,Middlesbrough,3,2,2,2,5,1,1
1957,Sheffield United,Stoke City,3,0,2,2,3,3,1
1957,Stoke City,Bristol Rovers,3,5,2,2,8,-2,0
1957,Stoke City,Grimsby Town,4,1,2,2,5,3,1
1957,Swansea City,Bristol Rovers,6,4,2,2,10,2,1
1957,Swansea City,Derby County,7,0,2,2,7,7,1
1957,Swansea City,Middlesbrough,1,4,2,2,5,-3,0
1957,West Ham United,Barnsley,1,1,2,2,2,0,0
1957,Accrington Stanley,Barrow,3,2,3a,3,5,1,1
1957,Accrington Stanley,Bury,3,0,3a,3,3,3,1
1957,Accrington Stanley,Hull City,3,0,3a,3,3,3,1
1957,Accrington Stanley,Wrexham,2,1,3a,3,3,1,1
1957,Barrow,Halifax Town,0,3,3a,3,3,-3,0
1957,Bradford City,Darlington,3,1,3a,3,4,2,1
1957,Bradford City,Hartlepool United,0,1,3a,3,1,-1,0
1957,Bradford City,Oldham Athletic,0,0,3a,3,0,0,0
1957,Bradford Park Avenue,Bury,1,4,3a,3,5,-3,0
1957,Bradford Park Avenue,Chesterfield,2,0,3a,3,2,2,1
1957,Bradford Park Avenue,Hull City,4,4,3a,3,8,0,0
1957,Bradford Park Avenue,Stockport County,1,0,3a,3,1,1,1
1957,Bury,Barrow,4,1,3a,3,5,3,1
1957,Bury,Crewe Alexandra,2,0,3a,3,2,2,1
1957,Bury,Halifax Town,1,0,3a,3,1,1,1
1957,Bury,Scunthorpe United,2,1,3a,3,3,1,1
1957,Bury,York City,4,1,3a,3,5,3,1
1957,Carlisle United,Chester,3,2,3a,3,5,1,1
1957,Carlisle United,Oldham Athletic,1,1,3a,3,2,0,0
1957,Carlisle United,Southport,4,0,3a,3,4,4,1
1957,Carlisle United,Workington,2,2,3a,3,4,0,0
1957,Chester,Bradford Park Avenue,1,2,3a,3,3,-1,0
1957,Chester,Gateshead,1,1,3a,3,2,0,0
1957,Chester,Hull City,1,1,3a,3,2,0,0
1957,Chester,Wrexham,0,1,3a,3,1,-1,0
1957,Chesterfield,Barrow,4,3,3a,3,7,1,1
1957,Chesterfield,Bury,1,1,3a,3,2,0,0
1957,Chesterfield,Crewe Alexandra,1,1,3a,3,2,0,0
1957,Chesterfield,Halifax Town,1,1,3a,3,2,0,0
1957,Chesterfield,Mansfield Town,1,4,3a,3,5,-3,0
1957,Chesterfield,Scunthorpe United,1,1,3a,3,2,0,0
1957,Chesterfield,Tranmere Rovers,2,1,3a,3,3,1,1
1957,Crewe Alexandra,Bradford City,2,2,3a,3,4,0,0
1957,Crewe Alexandra,Hartlepool United,2,1,3a,3,3,1,1
1957,Crewe Alexandra,Oldham Athletic,0,2,3a,3,2,-2,0
1957,Crewe Alexandra,Workington,0,3,3a,3,3,-3,0
1957,Darlington,Stockport County,1,0,3a,3,1,1,1
1957,Gateshead,Bury,1,2,3a,3,3,-1,0
1957,Gateshead,Chesterfield,3,0,3a,3,3,3,1
1957,Gateshead,Halifax Town,0,0,3a,3,0,0,0
1957,Gateshead,Scunthorpe United,1,2,3a,3,3,-1,0
1957,Halifax Town,Bradford City,3,2,3a,3,5,1,1
1957,Halifax Town,Oldham Athletic,4,0,3a,3,4,4,1
1957,Halifax Town,Workington,2,2,3a,3,4,0,0
1957,Hartlepool United,Accrington Stanley,1,1,3a,3,2,0,0
1957,Hartlepool United,Bradford Park Avenue,0,0,3a,3,0,0,0
1957,Hartlepool United,Chester,2,1,3a,3,3,1,1
1957,Hartlepool United,Rochdale,1,3,3a,3,4,-2,0
1957,Hartlepool United,Wrexham,1,2,3a,3,3,-1,0
1957,Hull City,Barrow,1,1,3a,3,2,0,0
1957,Hull City,Mansfield Town,1,1,3a,3,2,0,0
1957,Hull City,Scunthorpe United,2,0,3a,3,2,2,1
1957,Hull City,Tranmere Rovers,0,0,3a,3,0,0,0
1957,Hull City,York City,0,1,3a,3,1,-1,0
1957,Mansfield Town,Bradford City,5,2,3a,3,7,3,1
1957,Mansfield Town,Carlisle United,2,0,3a,3,2,2,1
1957,Mansfield Town,Crewe Alexandra,2,1,3a,3,3,1,1
1957,Mansfield Town,Halifax Town,2,1,3a,3,3,1,1
1957,Mansfield Town,Oldham Athletic,4,4,3a,3,8,0,0
1957,Mansfield Town,Workington,6,3,3a,3,9,3,1
1957,Oldham Athletic,Accrington Stanley,0,3,3a,3,3,-3,0
1957,Oldham Athletic,Rochdale,0,0,3a,3,0,0,0
1957,Oldham Athletic,Stockport County,2,4,3a,3,6,-2,0
1957,Oldham Athletic,Wrexham,4,1,3a,3,5,3,1
1957,Rochdale,Gateshead,0,0,3a,3,0,0,0
1957,Rochdale,York City,2,1,3a,3,3,1,1
1957,Scunthorpe United,Bradford City,0,2,3a,3,2,-2,0
1957,Scunthorpe United,Carlisle United,3,1,3a,3,4,2,1
1957,Scunthorpe United,Crewe Alexandra,3,2,3a,3,5,1,1
1957,Scunthorpe United,Southport,1,0,3a,3,1,1,1
1957,Southport,Accrington Stanley,3,3,3a,3,6,0,0
1957,Southport,Bradford Park Avenue,2,1,3a,3,3,1,1
1957,Southport,Chester,2,4,3a,3,6,-2,0
1957,Southport,Darlington,0,3,3a,3,3,-3,0
1957,Southport,Wrexham,1,3,3a,3,4,-2,0
1957,Stockport County,Barrow,2,0,3a,3,2,2,1
1957,Stockport County,Bury,4,0,3a,3,4,4,1
1957,Stockport County,Gateshead,5,1,3a,3,6,4,1
1957,Stockport County,Hull City,1,0,3a,3,1,1,1
1957,Stockport County,Tranmere Rovers,2,1,3a,3,3,1,1
1957,Stockport County,York City,2,1,3a,3,3,1,1
1957,Tranmere Rovers,Halifax Town,2,0,3a,3,2,2,1
1957,Tranmere Rovers,Mansfield Town,1,2,3a,3,3,-1,0
1957,Tranmere Rovers,Scunthorpe United,1,4,3a,3,5,-3,0
1957,Tranmere Rovers,Workington,1,0,3a,3,1,1,1
1957,Workington,Accrington Stanley,0,1,3a,3,1,-1,0
1957,Workington,Chester,5,3,3a,3,8,2,1
1957,Workington,Oldham Athletic,4,2,3a,3,6,2,1
1957,Workington,Southport,2,0,3a,3,2,2,1
1957,Workington,Wrexham,4,2,3a,3,6,2,1
1957,Wrexham,Barrow,0,0,3a,3,0,0,0
1957,Wrexham,Chesterfield,2,2,3a,3,4,0,0
1957,Wrexham,Rochdale,2,0,3a,3,2,2,1
1957,Wrexham,York City,2,2,3a,3,4,0,0
1957,York City,Bradford City,2,0,3a,3,2,2,1
1957,York City,Carlisle United,0,5,3a,3,5,-5,0
1957,York City,Crewe Alexandra,3,1,3a,3,4,2,1
1957,York City,Halifax Town,1,1,3a,3,2,0,0
1957,York City,Mansfield Town,3,1,3a,3,4,2,1
1957,York City,Tranmere Rovers,4,0,3a,3,4,4,1
1957,AFC Bournemouth,Aldershot,5,1,3b,3,6,4,1
1957,AFC Bournemouth,Exeter City,2,1,3b,3,3,1,1
1957,AFC Bournemouth,Newport County,4,3,3b,3,7,1,1
1957,AFC Bournemouth,Reading,4,1,3b,3,5,3,1
1957,AFC Bournemouth,Southend United,2,1,3b,3,3,1,1
1957,AFC Bournemouth,Walsall,1,2,3b,3,3,-1,0
1957,Aldershot,Port Vale,0,1,3b,3,1,-1,0
1957,Aldershot,Watford,2,2,3b,3,4,0,0
1957,Brentford,Brighton & Hove Albion,1,0,3b,3,1,1,1
1957,Brentford,Crystal Palace,0,3,3b,3,3,-3,0
1957,Brentford,Millwall,4,1,3b,3,5,3,1
1957,Brentford,Norwich City,7,1,3b,3,8,6,1
1957,Brentford,Southampton,0,0,3b,3,0,0,0
1957,Brighton & Hove Albion,Colchester United,5,2,3b,3,7,3,1
1957,Brighton & Hove Albion,Newport County,5,3,3b,3,8,2,1
1957,Brighton & Hove Albion,Southend United,3,1,3b,3,4,2,1
1957,Brighton & Hove Albion,Walsall,2,0,3b,3,2,2,1
1957,Colchester United,Gillingham,3,2,3b,3,5,1,1
1957,Colchester United,Port Vale,2,1,3b,3,3,1,1
1957,Coventry City,Brentford,0,0,3b,3,0,0,0
1957,Coventry City,Millwall,1,4,3b,3,5,-3,0
1957,Coventry City,Norwich City,2,1,3b,3,3,1,1
1957,Coventry City,Queens Park Rangers,1,1,3b,3,2,0,0
1957,Coventry City,Torquay United,2,1,3b,3,3,1,1
1957,Crystal Palace,Brighton & Hove Albion,2,4,3b,3,6,-2,0
1957,Crystal Palace,Exeter City,2,0,3b,3,2,2,1
1957,Crystal Palace,Reading,2,2,3b,3,4,0,0
1957,Crystal Palace,Southend United,2,0,3b,3,2,2,1
1957,Exeter City,Gillingham,1,3,3b,3,4,-2,0
1957,Exeter City,Port Vale,1,0,3b,3,1,1,1
1957,Exeter City,Shrewsbury Town,2,1,3b,3,3,1,1
1957,Exeter City,Watford,1,2,3b,3,3,-1,0
1957,Gillingham,Coventry City,3,2,3b,3,5,1,1
1957,Gillingham,Norwich City,1,0,3b,3,1,1,1
1957,Gillingham,Torquay United,1,0,3b,3,1,1,1
1957,Millwall,Plymouth Argyle,0,1,3b,3,1,-1,0
1957,Millwall,Reading,0,0,3b,3,0,0,0
1957,Millwall,Walsall,1,3,3b,3,4,-2,0
1957,Newport County,Exeter City,0,0,3b,3,0,0,0
1957,Newport County,Northampton Town,0,1,3b,3,1,-1,0
1957,Newport County,Swindon Town,4,1,3b,3,5,3,1
1957,Newport County,Watford,2,1,3b,3,3,1,1
1957,Northampton Town,Brentford,3,1,3b,3,4,2,1
1957,Northampton Town,Gillingham,3,1,3b,3,4,2,1
1957,Northampton Town,Southampton,1,3,3b,3,4,-2,0
1957,Northampton Town,Torquay United,1,0,3b,3,1,1,1
1957,Norwich City,AFC Bournemouth,2,2,3b,3,4,0,0
1957,Norwich City,Millwall,1,1,3b,3,2,0,0
1957,Norwich City,Plymouth Argyle,1,0,3b,3,1,1,1
1957,Norwich City,Reading,2,2,3b,3,4,0,0
1957,Norwich City,Walsall,2,1,3b,3,3,1,1
1957,Plymouth Argyle,Colchester United,1,1,3b,3,2,0,0
1957,Port Vale,Brentford,0,1,3b,3,1,-1,0
1957,Port Vale,Coventry City,0,1,3b,3,1,-1,0
1957,Port Vale,Northampton Town,3,0,3b,3,3,3,1
1957,Queens Park Rangers,Brighton & Hove Albion,0,1,3b,3,1,-1,0
1957,Queens Park Rangers,Norwich City,1,1,3b,3,2,0,0
1957,Queens Park Rangers,Reading,3,0,3b,3,3,3,1
1957,Queens Park Rangers,Southend United,1,1,3b,3,2,0,0
1957,Queens Park Rangers,Walsall,1,0,3b,3,1,1,1
1957,Reading,Aldershot,3,0,3b,3,3,3,1
1957,Reading,Colchester United,7,0,3b,3,7,7,1
1957,Reading,Exeter City,2,0,3b,3,2,2,1
1957,Reading,Newport County,1,0,3b,3,1,1,1
1957,Reading,Swindon Town,0,4,3b,3,4,-4,0
1957,Shrewsbury Town,Brentford,0,2,3b,3,2,-2,0
1957,Shrewsbury Town,Coventry City,1,3,3b,3,4,-2,0
1957,Shrewsbury Town,Northampton Town,3,1,3b,3,4,2,1
1957,Shrewsbury Town,Torquay United,3,0,3b,3,3,3,1
1957,Southampton,AFC Bournemouth,7,0,3b,3,7,7,1
1957,Southampton,Brighton & Hove Albion,5,0,3b,3,5,5,1
1957,Southampton,Crystal Palace,2,1,3b,3,3,1,1
1957,Southampton,Norwich City,7,3,3b,3,10,4,1
1957,Southampton,Southend United,2,2,3b,3,4,0,0
1957,Southend United,Aldershot,1,2,3b,3,3,-1,0
1957,Southend United,Colchester United,2,3,3b,3,5,-1,0
1957,Southend United,Exeter City,2,0,3b,3,2,2,1
1957,Southend United,Newport County,1,1,3b,3,2,0,0
1957,Southend United,Plymouth Argyle,2,1,3b,3,3,1,1
1957,Southend United,Reading,2,1,3b,3,3,1,1
1957,Southend United,Watford,2,1,3b,3,3,1,1
1957,Swindon Town,Northampton Town,5,1,3b,3,6,4,1
1957,Swindon Town,Port Vale,0,0,3b,3,0,0,0
1957,Swindon Town,Shrewsbury Town,1,0,3b,3,1,1,1
1957,Torquay United,AFC Bournemouth,3,1,3b,3,4,2,1
1957,Torquay United,Millwall,2,3,3b,3,5,-1,0
1957,Torquay United,Southampton,1,1,3b,3,2,0,0
1957,Torquay United,Walsall,2,1,3b,3,3,1,1
1957,Walsall,Colchester United,3,0,3b,3,3,3,1
1957,Walsall,Plymouth Argyle,0,2,3b,3,2,-2,0
1957,Walsall,Reading,0,0,3b,3,0,0,0
1957,Walsall,Watford,1,3,3b,3,4,-2,0
1957,Watford,Swindon Town,0,0,3b,3,0,0,0
1958,Arsenal,Blackpool,1,4,1,1,5,-3,0
1958,Arsenal,Chelsea,1,1,1,1,2,0,0
1958,Aston Villa,Arsenal,1,2,1,1,3,-1,0
1958,Aston Villa,Blackpool,1,1,1,1,2,0,0
1958,Aston Villa,Chelsea,3,1,1,1,4,2,1
1958,Aston Villa,Leicester City,1,2,1,1,3,-1,0
1958,Aston Villa,Manchester United,0,2,1,1,2,-2,0
1958,Aston Villa,Portsmouth,3,2,1,1,5,1,1
1958,Aston Villa,West Bromwich Albion,1,4,1,1,5,-3,0
1958,Birmingham City,Chelsea,4,1,1,1,5,3,1
1958,Birmingham City,Leicester City,4,2,1,1,6,2,1
1958,Blackburn Rovers,Blackpool,0,0,1,1,0,0,0
1958,Blackburn Rovers,Chelsea,0,3,1,1,3,-3,0
1958,Blackburn Rovers,Leicester City,5,0,1,1,5,5,1
1958,Blackburn Rovers,Portsmouth,2,1,1,1,3,1,1
1958,Blackburn Rovers,West Bromwich Albion,0,0,1,1,0,0,0
1958,Blackpool,Arsenal,1,2,1,1,3,-1,0
1958,Blackpool,Blackburn Rovers,1,1,1,1,2,0,0
1958,Blackpool,Chelsea,5,0,1,1,5,5,1
1958,Blackpool,Leicester City,2,1,1,1,3,1,1
1958,Blackpool,Portsmouth,1,1,1,1,2,0,0
1958,Bolton Wanderers,Arsenal,2,1,1,1,3,1,1
1958,Bolton Wanderers,Leicester City,3,3,1,1,6,0,0
1958,Bolton Wanderers,Manchester United,6,3,1,1,9,3,1
1958,Bolton Wanderers,Portsmouth,2,1,1,1,3,1,1
1958,Burnley,Manchester United,4,2,1,1,6,2,1
1958,Burnley,Portsmouth,2,1,1,1,3,1,1
1958,Chelsea,Leicester City,5,2,1,1,7,3,1
1958,Chelsea,Manchester United,2,3,1,1,5,-1,0
1958,Chelsea,West Bromwich Albion,0,2,1,1,2,-2,0
1958,Everton,Leicester City,0,1,1,1,1,-1,0
1958,Leeds United,Arsenal,2,1,1,1,3,1,1
1958,Leeds United,Leicester City,1,1,1,1,2,0,0
1958,Leeds United,West Bromwich Albion,0,1,1,1,1,-1,0
1958,Leicester City,Arsenal,2,3,1,1,5,-1,0
1958,Leicester City,Burnley,1,1,1,1,2,0,0
1958,Leicester City,Leeds United,0,1,1,1,1,-1,0
1958,Leicester City,Portsmouth,3,1,1,1,4,2,1
1958,Leicester City,West Bromwich Albion,2,2,1,1,4,0,0
1958,Luton Town,Manchester United,0,0,1,1,0,0,0
1958,Manchester City,Burnley,1,4,1,1,5,-3,0
1958,Manchester City,Leeds United,2,1,1,1,3,1,1
1958,Manchester City,Manchester United,1,1,1,1,2,0,0
1958,Manchester City,Portsmouth,3,2,1,1,5,1,1
1958,Manchester City,West Bromwich Albion,0,2,1,1,2,-2,0
1958,Manchester United,Blackburn Rovers,6,1,1,1,7,5,1
1958,Manchester United,Manchester City,4,1,1,1,5,3,1
1958,Manchester United,West Bromwich Albion,1,2,1,1,3,-1,0
1958,Newcastle United,Arsenal,1,0,1,1,1,1,1
1958,Newcastle United,Burnley,5,2,1,1,7,3,1
1958,Newcastle United,West Bromwich Albion,1,2,1,1,3,-1,0
1958,Nottingham Forest,Arsenal,1,1,1,1,2,0,0
1958,Nottingham Forest,Burnley,1,2,1,1,3,-1,0
1958,Nottingham Forest,Portsmouth,5,0,1,1,5,5,1
1958,Portsmouth,Burnley,4,2,1,1,6,2,1
1958,Portsmouth,Leeds United,2,0,1,1,2,2,1
1958,Portsmouth,West Bromwich Albion,2,6,1,1,8,-4,0
1958,Preston North End,Blackburn Rovers,1,2,1,1,3,-1,0
1958,Preston North End,Burnley,0,4,1,1,4,-4,0
1958,Preston North End,Leeds United,1,2,1,1,3,-1,0
1958,Preston North End,Manchester City,2,0,1,1,2,2,1
1958,Preston North End,West Bromwich Albion,2,4,1,1,6,-2,0
1958,Tottenham Hotspur,Arsenal,1,4,1,1,5,-3,0
1958,Tottenham Hotspur,Burnley,2,2,1,1,4,0,0
1958,Tottenham Hotspur,Leeds United,2,3,1,1,5,-1,0
1958,Tottenham Hotspur,Manchester City,3,1,1,1,4,2,1
1958,West Bromwich Albion,Arsenal,1,1,1,1,2,0,0
1958,West Bromwich Albion,Blackburn Rovers,2,3,1,1,5,-1,0
1958,West Bromwich Albion,Burnley,2,4,1,1,6,-2,0
1958,West Bromwich Albion,Leeds United,1,2,1,1,3,-1,0
1958,West Bromwich Albion,Manchester City,3,0,1,1,3,3,1
1958,West Bromwich Albion,Tottenham Hotspur,4,3,1,1,7,1,1
1958,West Ham United,Manchester City,5,1,1,1,6,4,1
1958,West Ham United,Tottenham Hotspur,2,1,1,1,3,1,1
1958,Wolverhampton Wanderers,Arsenal,6,1,1,1,7,5,1
1958,Wolverhampton Wanderers,Blackburn Rovers,5,0,1,1,5,5,1
1958,Wolverhampton Wanderers,Manchester City,2,0,1,1,2,2,1
1958,Wolverhampton Wanderers,Nottingham Forest,5,1,1,1,6,4,1
1958,Wolverhampton Wanderers,Tottenham Hotspur,1,1,1,1,2,0,0
1958,Barnsley,Fulham,2,4,2,2,6,-2,0
1958,Barnsley,Ipswich Town,3,0,2,2,3,3,1
1958,Barnsley,Liverpool,0,2,2,2,2,-2,0
1958,Barnsley,Scunthorpe United,0,1,2,2,1,-1,0
1958,Brighton & Hove Albion,Liverpool,2,2,2,2,4,0,0
1958,Brighton & Hove Albion,Scunthorpe United,2,1,2,2,3,1,1
1958,Bristol City,Barnsley,3,1,2,2,4,2,1
1958,Bristol City,Fulham,1,1,2,2,2,0,0
1958,Bristol City,Liverpool,1,3,2,2,4,-2,0
1958,Bristol City,Scunthorpe United,0,1,2,2,1,-1,0
1958,Bristol Rovers,Barnsley,0,2,2,2,2,-2,0
1958,Bristol Rovers,Ipswich Town,1,1,2,2,2,0,0
1958,Bristol Rovers,Stoke City,1,0,2,2,1,1,1
1958,Cardiff City,Ipswich Town,1,2,2,2,3,-1,0
1958,Cardiff City,Stoke City,2,1,2,2,3,1,1
1958,Charlton Athletic,Bristol Rovers,4,3,2,2,7,1,1
1958,Charlton Athletic,Stoke City,1,2,2,2,3,-1,0
1958,Derby County,Barnsley,3,0,2,2,3,3,1
1958,Derby County,Fulham,2,0,2,2,2,2,1
1958,Derby County,Ipswich Town,3,2,2,2,5,1,1
1958,Derby County,Scunthorpe United,3,1,2,2,4,2,1
1958,Derby County,Stoke City,3,0,2,2,3,3,1
1958,Fulham,Bristol Rovers,1,0,2,2,1,1,1
1958,Fulham,Liverpool,0,1,2,2,1,-1,0
1958,Fulham,Scunthorpe United,1,1,2,2,2,0,0
1958,Grimsby Town,Barnsley,3,3,2,2,6,0,0
1958,Grimsby Town,Bristol Rovers,1,2,2,2,3,-1,0
1958,Grimsby Town,Ipswich Town,2,3,2,2,5,-1,0
1958,Grimsby Town,Liverpool,2,3,2,2,5,-1,0
1958,Huddersfield Town,Barnsley,2,1,2,2,3,1,1
1958,Huddersfield Town,Ipswich Town,3,0,2,2,3,3,1
1958,Huddersfield Town,Liverpool,5,0,2,2,5,5,1
1958,Huddersfield Town,Stoke City,1,2,2,2,3,-1,0
1958,Ipswich Town,Huddersfield Town,0,0,2,2,0,0,0
1958,Leyton Orient,Barnsley,5,1,2,2,6,4,1
1958,Leyton Orient,Bristol Rovers,1,3,2,2,4,-2,0
1958,Leyton Orient,Derby County,1,3,2,2,4,-2,0
1958,Leyton Orient,Huddersfield Town,2,5,2,2,7,-3,0
1958,Leyton Orient,Scunthorpe United,2,1,2,2,3,1,1
1958,Leyton Orient,Stoke City,0,1,2,2,1,-1,0
1958,Lincoln City,Huddersfield Town,1,1,2,2,2,0,0
1958,Lincoln City,Scunthorpe United,3,3,2,2,6,0,0
1958,Liverpool,Barnsley,3,2,2,2,5,1,1
1958,Liverpool,Derby County,3,0,2,2,3,3,1
1958,Liverpool,Huddersfield Town,2,2,2,2,4,0,0
1958,Liverpool,Lincoln City,3,2,2,2,5,1,1
1958,Liverpool,Scunthorpe United,3,0,2,2,3,3,1
1958,Middlesbrough,Huddersfield Town,3,1,2,2,4,2,1
1958,Middlesbrough,Scunthorpe United,6,1,2,2,7,5,1
1958,Middlesbrough,Stoke City,0,0,2,2,0,0,0
1958,Rotherham United,Scunthorpe United,1,0,2,2,1,1,1
1958,Rotherham United,Stoke City,0,0,2,2,0,0,0
1958,Scunthorpe United,Huddersfield Town,0,3,2,2,3,-3,0
1958,Scunthorpe United,Lincoln City,3,1,2,2,4,2,1
1958,Scunthorpe United,Rotherham United,2,0,2,2,2,2,1
1958,Scunthorpe United,Stoke City,1,1,2,2,2,0,0
1958,Sheffield United,Derby County,1,2,2,2,3,-1,0
1958,Sheffield United,Stoke City,2,1,2,2,3,1,1
1958,Sheffield Wednesday,Derby County,1,1,2,2,2,0,0
1958,Sheffield Wednesday,Huddersfield Town,4,1,2,2,5,3,1
1958,Sheffield Wednesday,Rotherham United,5,0,2,2,5,5,1
1958,Sheffield Wednesday,Stoke City,4,1,2,2,5,3,1
1958,Stoke City,Barnsley,2,1,2,2,3,1,1
1958,Stoke City,Huddersfield Town,5,1,2,2,6,4,1
1958,Stoke City,Lincoln City,1,0,2,2,1,1,1
1958,Stoke City,Sheffield Wednesday,3,0,2,2,3,3,1
1958,Sunderland,Barnsley,2,2,2,2,4,0,0
1958,Sunderland,Derby County,3,0,2,2,3,3,1
1958,Sunderland,Huddersfield Town,1,0,2,2,1,1,1
1958,Sunderland,Sheffield Wednesday,3,3,2,2,6,0,0
1958,Swansea City,Bristol Rovers,2,1,2,2,3,1,1
1958,Swansea City,Derby County,4,4,2,2,8,0,0
1958,Swansea City,Lincoln City,3,1,2,2,4,2,1
1958,Swansea City,Sheffield Wednesday,4,0,2,2,4,4,1
1958,Accrington Stanley,Doncaster Rovers,2,0,3,3,2,2,1
1958,Accrington Stanley,Mansfield Town,2,0,3,3,2,2,1
1958,Accrington Stanley,Notts County,3,0,3,3,3,3,1
1958,AFC Bournemouth,Bradford City,4,0,3,3,4,4,1
1958,AFC Bournemouth,Chesterfield,2,1,3,3,3,1,1
1958,AFC Bournemouth,Halifax Town,3,0,3,3,3,3,1
1958,AFC Bournemouth,Newport County,1,1,3,3,2,0,0
1958,Bradford City,Colchester United,1,3,3,3,4,-2,0
1958,Bradford City,Queens Park Rangers,1,0,3,3,1,1,1
1958,Bury,Newport County,0,0,3,3,0,0,0
1958,Bury,Stockport County,3,3,3,3,6,0,0
1958,Chesterfield,Norwich City,1,1,3,3,2,0,0
1958,Chesterfield,Queens Park Rangers,2,3,3,3,5,-1,0
1958,Chesterfield,Swindon Town,1,3,3,3,4,-2,0
1958,Colchester United,Accrington Stanley,1,0,3,3,1,1,1
1958,Colchester United,Doncaster Rovers,1,0,3,3,1,1,1
1958,Colchester United,Notts County,4,1,3,3,5,3,1
1958,Colchester United,Tranmere Rovers,1,1,3,3,2,0,0
1958,Doncaster Rovers,AFC Bournemouth,5,1,3,3,6,4,1
1958,Doncaster Rovers,Bury,0,1,3,3,1,-1,0
1958,Doncaster Rovers,Plymouth Argyle,4,6,3,3,10,-2,0
1958,Doncaster Rovers,Rochdale,1,1,3,3,2,0,0
1958,Doncaster Rovers,Wrexham,1,1,3,3,2,0,0
1958,Halifax Town,Hull City,1,2,3,3,3,-1,0
1958,Halifax Town,Queens Park Rangers,2,1,3,3,3,1,1
1958,Halifax Town,Southampton,2,0,3,3,2,2,1
1958,Hull City,Brentford,3,1,3,3,4,2,1
1958,Hull City,Colchester United,3,0,3,3,3,3,1
1958,Hull City,Mansfield Town,5,2,3,3,7,3,1
1958,Hull City,Notts County,5,0,3,3,5,5,1
1958,Hull City,Reading,2,0,3,3,2,2,1
1958,Hull City,Tranmere Rovers,1,0,3,3,1,1,1
1958,Mansfield Town,AFC Bournemouth,1,4,3,3,5,-3,0
1958,Mansfield Town,Bury,0,2,3,3,2,-2,0
1958,Mansfield Town,Plymouth Argyle,1,4,3,3,5,-3,0
1958,Mansfield Town,Rochdale,0,0,3,3,0,0,0
1958,Mansfield Town,Stockport County,2,1,3,3,3,1,1
1958,Mansfield Town,Wrexham,3,1,3,3,4,2,1
1958,Newport County,Halifax Town,0,2,3,3,2,-2,0
1958,Newport County,Norwich City,2,2,3,3,4,0,0
1958,Newport County,Queens Park Rangers,3,1,3,3,4,2,1
1958,Newport County,Swindon Town,3,0,3,3,3,3,1
1958,Notts County,Bury,1,1,3,3,2,0,0
1958,Notts County,Doncaster Rovers,2,2,3,3,4,0,0
1958,Notts County,Mansfield Town,3,4,3,3,7,-1,0
1958,Notts County,Rochdale,1,1,3,3,2,0,0
1958,Notts County,Stockport County,0,2,3,3,2,-2,0
1958,Plymouth Argyle,Halifax Town,1,1,3,3,2,0,0
1958,Plymouth Argyle,Newport County,3,2,3,3,5,1,1
1958,Plymouth Argyle,Swindon Town,3,2,3,3,5,1,1
1958,Queens Park Rangers,Accrington Stanley,3,1,3,3,4,2,1
1958,Queens Park Rangers,Brentford,1,2,3,3,3,-1,0
1958,Queens Park Rangers,Reading,2,0,3,3,2,2,1
1958,Queens Park Rangers,Southend United,1,3,3,3,4,-2,0
1958,Reading,AFC Bournemouth,2,0,3,3,2,2,1
1958,Reading,Bury,1,0,3,3,1,1,1
1958,Reading,Rochdale,3,0,3,3,3,3,1
1958,Reading,Wrexham,2,1,3,3,3,1,1
1958,Rochdale,Bradford City,0,3,3,3,3,-3,0
1958,Rochdale,Chesterfield,0,0,3,3,0,0,0
1958,Rochdale,Halifax Town,1,0,3,3,1,1,1
1958,Rochdale,Newport County,1,1,3,3,2,0,0
1958,Rochdale,Southampton,1,0,3,3,1,1,1
1958,Rochdale,Swindon Town,1,1,3,3,2,0,0
1958,Southampton,Accrington Stanley,3,1,3,3,4,2,1
1958,Southampton,Brentford,0,6,3,3,6,-6,0
1958,Southampton,Norwich City,1,1,3,3,2,0,0
1958,Southampton,Queens Park Rangers,1,0,3,3,1,1,1
1958,Southend United,AFC Bournemouth,2,0,3,3,2,2,1
1958,Southend United,Bury,1,0,3,3,1,1,1
1958,Southend United,Doncaster Rovers,5,0,3,3,5,5,1
1958,Southend United,Mansfield Town,5,1,3,3,6,4,1
1958,Southend United,Notts County,5,2,3,3,7,3,1
1958,Southend United,Reading,2,2,3,3,4,0,0
1958,Stockport County,Bradford City,1,1,3,3,2,0,0
1958,Stockport County,Chesterfield,1,1,3,3,2,0,0
1958,Stockport County,Halifax Town,0,1,3,3,1,-1,0
1958,Stockport County,Newport County,2,1,3,3,3,1,1
1958,Swindon Town,Accrington Stanley,1,2,3,3,3,-1,0
1958,Swindon Town,Queens Park Rangers,2,0,3,3,2,2,1
1958,Swindon Town,Tranmere Rovers,1,2,3,3,3,-1,0
1958,Tranmere Rovers,AFC Bournemouth,4,0,3,3,4,4,1
1958,Tranmere Rovers,Bury,4,0,3,3,4,4,1
1958,Tranmere Rovers,Doncaster Rovers,3,0,3,3,3,3,1
1958,Tranmere Rovers,Mansfield Town,2,2,3,3,4,0,0
1958,Tranmere Rovers,Notts County,0,3,3,3,3,-3,0
1958,Tranmere Rovers,Reading,2,1,3,3,3,1,1
1958,Wrexham,Chesterfield,3,4,3,3,7,-1,0
1958,Wrexham,Plymouth Argyle,1,1,3,3,2,0,0
1958,Wrexham,Rochdale,1,0,3,3,1,1,1
1958,Wrexham,Stockport County,3,1,3,3,4,2,1
1958,Aldershot,Millwall,4,2,4,4,6,2,1
1958,Aldershot,Port Vale,0,4,4,4,4,-4,0
1958,Barrow,Bradford Park Avenue,2,3,4,4,5,-1,0
1958,Barrow,Darlington,2,1,4,4,3,1,1
1958,Barrow,Northampton Town,2,2,4,4,4,0,0
1958,Barrow,Shrewsbury Town,3,4,4,4,7,-1,0
1958,Bradford Park Avenue,Carlisle United,0,3,4,4,3,-3,0
1958,Bradford Park Avenue,Crewe Alexandra,0,2,4,4,2,-2,0
1958,Bradford Park Avenue,Hartlepool United,4,1,4,4,5,3,1
1958,Carlisle United,Aldershot,1,0,4,4,1,1,1
1958,Carlisle United,Crystal Palace,3,3,4,4,6,0,0
1958,Carlisle United,Port Vale,0,3,4,4,3,-3,0
1958,Carlisle United,Torquay United,0,1,4,4,1,-1,0
1958,Chester,Barrow,2,0,4,4,2,2,1
1958,Chester,Gillingham,1,2,4,4,3,-1,0
1958,Chester,Northampton Town,2,3,4,4,5,-1,0
1958,Coventry City,Bradford Park Avenue,0,0,4,4,0,0,0
1958,Coventry City,Crewe Alexandra,3,2,4,4,5,1,1
1958,Coventry City,Exeter City,2,0,4,4,2,2,1
1958,Coventry City,Southport,1,0,4,4,1,1,1
1958,Coventry City,Watford,1,0,4,4,1,1,1
1958,Crewe Alexandra,Aldershot,5,0,4,4,5,5,1
1958,Crewe Alexandra,Carlisle United,3,1,4,4,4,2,1
1958,Crewe Alexandra,Millwall,4,1,4,4,5,3,1
1958,Crewe Alexandra,Torquay United,1,1,4,4,2,0,0
1958,Crewe Alexandra,Workington,2,0,4,4,2,2,1
1958,Crystal Palace,Chester,3,3,4,4,6,0,0
1958,Crystal Palace,Darlington,4,1,4,4,5,3,1
1958,Crystal Palace,Northampton Town,1,1,4,4,2,0,0
1958,Crystal Palace,Walsall,1,3,4,4,4,-2,0
1958,Darlington,Bradford Park Avenue,1,1,4,4,2,0,0
1958,Darlington,Coventry City,1,4,4,4,5,-3,0
1958,Darlington,Exeter City,1,1,4,4,2,0,0
1958,Darlington,Oldham Athletic,1,1,4,4,2,0,0
1958,Darlington,Southport,4,0,4,4,4,4,1
1958,Exeter City,Aldershot,2,0,4,4,2,2,1
1958,Exeter City,Millwall,3,1,4,4,4,2,1
1958,Exeter City,Port Vale,3,4,4,4,7,-1,0
1958,Exeter City,Torquay United,2,2,4,4,4,0,0
1958,Exeter City,Workington,1,0,4,4,1,1,1
1958,Gateshead,Chester,0,1,4,4,1,-1,0
1958,Gateshead,Gillingham,2,0,4,4,2,2,1
1958,Gateshead,Northampton Town,4,1,4,4,5,3,1
1958,Gateshead,Shrewsbury Town,1,2,4,4,3,-1,0
1958,Gateshead,Walsall,2,1,4,4,3,1,1
1958,Gateshead,York City,1,0,4,4,1,1,1
1958,Gillingham,Bradford Park Avenue,1,1,4,4,2,0,0
1958,Gillingham,Hartlepool United,4,1,4,4,5,3,1
1958,Gillingham,Oldham Athletic,3,2,4,4,5,1,1
1958,Gillingham,Southport,2,0,4,4,2,2,1
1958,Hartlepool United,Carlisle United,1,2,4,4,3,-1,0
1958,Hartlepool United,Crewe Alexandra,2,1,4,4,3,1,1
1958,Hartlepool United,Exeter City,3,3,4,4,6,0,0
1958,Hartlepool United,Millwall,3,1,4,4,4,2,1
1958,Hartlepool United,Port Vale,1,5,4,4,6,-4,0
1958,Hartlepool United,Workington,0,3,4,4,3,-3,0
1958,Millwall,Barrow,3,0,4,4,3,3,1
1958,Millwall,Crystal Palace,2,1,4,4,3,1,1
1958,Millwall,York City,5,2,4,4,7,3,1
1958,Northampton Town,Coventry City,4,0,4,4,4,4,1
1958,Northampton Town,Gillingham,4,2,4,4,6,2,1
1958,Northampton Town,Southport,3,1,4,4,4,2,1
1958,Oldham Athletic,Carlisle United,2,0,4,4,2,2,1
1958,Oldham Athletic,Crewe Alexandra,2,1,4,4,3,1,1
1958,Oldham Athletic,Exeter City,2,1,4,4,3,1,1
1958,Oldham Athletic,Torquay United,1,0,4,4,1,1,1
1958,Oldham Athletic,Workington,1,0,4,4,1,1,1
1958,Port Vale,Barrow,4,1,4,4,5,3,1
1958,Port Vale,Chester,4,0,4,4,4,4,1
1958,Port Vale,Crystal Palace,2,3,4,4,5,-1,0
1958,Port Vale,Gateshead,8,0,4,4,8,8,1
1958,Port Vale,Millwall,5,2,4,4,7,3,1
1958,Shrewsbury Town,Bradford Park Avenue,0,1,4,4,1,-1,0
1958,Shrewsbury Town,Darlington,1,0,4,4,1,1,1
1958,Shrewsbury Town,Gillingham,3,2,4,4,5,1,1
1958,Shrewsbury Town,Southport,6,2,4,4,8,4,1
1958,Southport,Carlisle United,0,1,4,4,1,-1,0
1958,Southport,Crewe Alexandra,3,0,4,4,3,3,1
1958,Southport,Exeter City,0,1,4,4,1,-1,0
1958,Southport,Torquay United,2,2,4,4,4,0,0
1958,Torquay United,Barrow,1,0,4,4,1,1,1
1958,Torquay United,Millwall,2,0,4,4,2,2,1
1958,Torquay United,Port Vale,1,1,4,4,2,0,0
1958,Torquay United,York City,1,1,4,4,2,0,0
1958,Walsall,Coventry City,3,0,4,4,3,3,1
1958,Walsall,Northampton Town,2,1,4,4,3,1,1
1958,Watford,Exeter City,2,1,4,4,3,1,1
1958,Watford,Oldham Athletic,2,1,4,4,3,1,1
1958,Workington,Barrow,2,2,4,4,4,0,0
1958,Workington,Chester,1,0,4,4,1,1,1
1958,Workington,Crystal Palace,0,4,4,4,4,-4,0
1958,Workington,Gateshead,4,2,4,4,6,2,1
1958,Workington,Port Vale,2,2,4,4,4,0,0
1958,Workington,Torquay United,3,3,4,4,6,0,0
1958,Workington,York City,2,2,4,4,4,0,0
1958,York City,Bradford Park Avenue,4,0,4,4,4,4,1
1958,York City,Gillingham,3,1,4,4,4,2,1
1958,York City,Northampton Town,2,1,4,4,3,1,1
1958,York City,Shrewsbury Town,2,0,4,4,2,2,1
1959,Arsenal,Manchester United,5,2,1,1,7,3,1
1959,Birmingham City,Arsenal,3,0,1,1,3,3,1
1959,Birmingham City,Bolton Wanderers,2,5,1,1,7,-3,0
1959,Birmingham City,Leicester City,3,4,1,1,7,-1,0
1959,Birmingham City,Preston North End,2,1,1,1,3,1,1
1959,Blackburn Rovers,Arsenal,1,1,1,1,2,0,0
1959,Blackburn Rovers,Everton,3,1,1,1,4,2,1
1959,Blackburn Rovers,Leicester City,0,1,1,1,1,-1,0
1959,Blackburn Rovers,Manchester United,1,1,1,1,2,0,0
1959,Blackburn Rovers,Preston North End,1,4,1,1,5,-3,0
1959,Blackburn Rovers,West Bromwich Albion,3,2,1,1,5,1,1
1959,Blackpool,Bolton Wanderers,3,2,1,1,5,1,1
1959,Blackpool,Everton,0,0,1,1,0,0,0
1959,Blackpool,Leicester City,3,3,1,1,6,0,0
1959,Blackpool,West Bromwich Albion,2,0,1,1,2,2,1
1959,Bolton Wanderers,Arsenal,0,1,1,1,1,-1,0
1959,Bolton Wanderers,Blackpool,0,3,1,1,3,-3,0
1959,Bolton Wanderers,Manchester United,1,1,1,1,2,0,0
1959,Bolton Wanderers,West Bromwich Albion,0,0,1,1,0,0,0
1959,Burnley,Manchester United,1,4,1,1,5,-3,0
1959,Chelsea,Arsenal,1,3,1,1,4,-2,0
1959,Chelsea,Blackpool,2,3,1,1,5,-1,0
1959,Chelsea,Manchester United,3,6,1,1,9,-3,0
1959,Chelsea,Preston North End,4,4,1,1,8,0,0
1959,Chelsea,West Bromwich Albion,2,2,1,1,4,0,0
1959,Everton,Arsenal,3,1,1,1,4,2,1
1959,Everton,Blackpool,4,0,1,1,4,4,1
1959,Everton,Chelsea,6,1,1,1,7,5,1
1959,Everton,Manchester United,2,1,1,1,3,1,1
1959,Everton,Preston North End,4,0,1,1,4,4,1
1959,Everton,West Bromwich Albion,2,2,1,1,4,0,0
1959,Fulham,Blackpool,1,0,1,1,1,1,1
1959,Fulham,Leicester City,1,1,1,1,2,0,0
1959,Leeds United,Blackpool,2,4,1,1,6,-2,0
1959,Leeds United,Chelsea,2,1,1,1,3,1,1
1959,Leeds United,West Bromwich Albion,1,4,1,1,5,-3,0
1959,Leicester City,Arsenal,2,2,1,1,4,0,0
1959,Luton Town,Leeds United,0,1,1,1,1,-1,0
1959,Luton Town,Manchester United,2,3,1,1,5,-1,0
1959,Luton Town,West Bromwich Albion,0,0,1,1,0,0,0
1959,Manchester City,Arsenal,1,2,1,1,3,-1,0
1959,Manchester City,Blackpool,2,3,1,1,5,-1,0
1959,Manchester City,Chelsea,1,1,1,1,2,0,0
1959,Manchester City,Preston North End,2,1,1,1,3,1,1
1959,Manchester City,West Bromwich Albion,0,1,1,1,1,-1,0
1959,Manchester United,Blackpool,3,1,1,1,4,2,1
1959,Manchester United,Preston North End,1,1,1,1,2,0,0
1959,Manchester United,West Bromwich Albion,2,3,1,1,5,-1,0
1959,Newcastle United,Blackpool,1,1,1,1,2,0,0
1959,Newcastle United,Manchester City,0,1,1,1,1,-1,0
1959,Newcastle United,Preston North End,1,2,1,1,3,-1,0
1959,Nottingham Forest,Blackpool,0,0,1,1,0,0,0
1959,Nottingham Forest,Leeds United,4,1,1,1,5,3,1
1959,Nottingham Forest,West Bromwich Albion,1,2,1,1,3,-1,0
1959,Preston North End,Blackpool,4,1,1,1,5,3,1
1959,Preston North End,West Bromwich Albion,1,1,1,1,2,0,0
1959,Sheffield Wednesday,Arsenal,5,1,1,1,6,4,1
1959,Sheffield Wednesday,Blackpool,5,0,1,1,5,5,1
1959,Sheffield Wednesday,Chelsea,1,1,1,1,2,0,0
1959,Sheffield Wednesday,Nottingham Forest,0,1,1,1,1,-1,0
1959,Sheffield Wednesday,West Bromwich Albion,2,0,1,1,2,2,1
1959,Tottenham Hotspur,Arsenal,3,0,1,1,3,3,1
1959,Tottenham Hotspur,Leeds United,1,4,1,1,5,-3,0
1959,Tottenham Hotspur,Manchester City,0,1,1,1,1,-1,0
1959,West Bromwich Albion,Blackpool,2,1,1,1,3,1,1
1959,West Bromwich Albion,Chelsea,1,3,1,1,4,-2,0
1959,West Bromwich Albion,Leeds United,3,0,1,1,3,3,1
1959,West Bromwich Albion,Manchester City,2,0,1,1,2,2,1
1959,West Bromwich Albion,Nottingham Forest,2,3,1,1,5,-1,0
1959,West Bromwich Albion,Tottenham Hotspur,1,2,1,1,3,-1,0
1959,West Ham United,Arsenal,0,0,1,1,0,0,0
1959,West Ham United,Nottingham Forest,4,1,1,1,5,3,1
1959,West Ham United,Tottenham Hotspur,1,2,1,1,3,-1,0
1959,Wolverhampton Wanderers,Blackpool,1,1,1,1,2,0,0
1959,Wolverhampton Wanderers,Chelsea,3,1,1,1,4,2,1
1959,Wolverhampton Wanderers,Manchester City,4,2,1,1,6,2,1
1959,Wolverhampton Wanderers,Nottingham Forest,3,1,1,1,4,2,1
1959,Aston Villa,Brighton & Hove Albion,3,1,2,2,4,2,1
1959,Aston Villa,Huddersfield Town,4,0,2,2,4,4,1
1959,Aston Villa,Leyton Orient,1,0,2,2,1,1,1
1959,Aston Villa,Rotherham United,3,0,2,2,3,3,1
1959,Aston Villa,Stoke City,2,1,2,2,3,1,1
1959,Brighton & Hove Albion,Aston Villa,1,2,2,2,3,-1,0
1959,Brighton & Hove Albion,Cardiff City,2,2,2,2,4,0,0
1959,Brighton & Hove Albion,Rotherham United,0,0,2,2,0,0,0
1959,Brighton & Hove Albion,Stoke City,1,0,2,2,1,1,1
1959,Bristol City,Cardiff City,0,3,2,2,3,-3,0
1959,Bristol City,Huddersfield Town,2,3,2,2,5,-1,0
1959,Bristol City,Leyton Orient,1,1,2,2,2,0,0
1959,Bristol City,Rotherham United,2,3,2,2,5,-1,0
1959,Bristol Rovers,Middlesbrough,0,2,2,2,2,-2,0
1959,Bristol Rovers,Rotherham United,3,1,2,2,4,2,1
1959,Bristol Rovers,Stoke City,3,1,2,2,4,2,1
1959,Cardiff City,Leyton Orient,5,1,2,2,6,4,1
1959,Cardiff City,Middlesbrough,2,0,2,2,2,2,1
1959,Cardiff City,Stoke City,4,4,2,2,8,0,0
1959,Charlton Athletic,Bristol Rovers,2,2,2,2,4,0,0
1959,Charlton Athletic,Middlesbrough,1,0,2,2,1,1,1
1959,Charlton Athletic,Rotherham United,2,2,2,2,4,0,0
1959,Derby County,Huddersfield Town,3,2,2,2,5,1,1
1959,Derby County,Leyton Orient,1,1,2,2,2,0,0
1959,Derby County,Rotherham United,1,1,2,2,2,0,0
1959,Derby County,Stoke City,2,0,2,2,2,2,1
1959,Huddersfield Town,Aston Villa,0,1,2,2,1,-1,0
1959,Huddersfield Town,Derby County,2,2,2,2,4,0,0
1959,Huddersfield Town,Leyton Orient,1,1,2,2,2,0,0
1959,Huddersfield Town,Middlesbrough,2,0,2,2,2,2,1
1959,Huddersfield Town,Rotherham United,2,1,2,2,3,1,1
1959,Hull City,Aston Villa,0,1,2,2,1,-1,0
1959,Hull City,Derby County,1,1,2,2,2,0,0
1959,Hull City,Leyton Orient,1,2,2,2,3,-1,0
1959,Hull City,Middlesbrough,3,3,2,2,6,0,0
1959,Ipswich Town,Aston Villa,2,1,2,2,3,1,1
1959,Ipswich Town,Bristol Rovers,3,0,2,2,3,3,1
1959,Ipswich Town,Derby County,1,1,2,2,2,0,0
1959,Ipswich Town,Leyton Orient,6,3,2,2,9,3,1
1959,Ipswich Town,Middlesbrough,1,0,2,2,1,1,1
1959,Ipswich Town,Rotherham United,2,3,2,2,5,-1,0
1959,Ipswich Town,Stoke City,4,0,2,2,4,4,1
1959,Leyton Orient,Bristol Rovers,1,2,2,2,3,-1,0
1959,Leyton Orient,Derby County,3,0,2,2,3,3,1
1959,Leyton Orient,Ipswich Town,4,1,2,2,5,3,1
1959,Leyton Orient,Rotherham United,2,3,2,2,5,-1,0
1959,Leyton Orient,Stoke City,2,1,2,2,3,1,1
1959,Lincoln City,Aston Villa,0,0,2,2,0,0,0
1959,Lincoln City,Bristol Rovers,0,1,2,2,1,-1,0
1959,Lincoln City,Derby County,6,2,2,2,8,4,1
1959,Lincoln City,Middlesbrough,5,2,2,2,7,3,1
1959,Lincoln City,Rotherham United,0,1,2,2,1,-1,0
1959,Liverpool,Bristol Rovers,4,0,2,2,4,4,1
1959,Liverpool,Ipswich Town,3,1,2,2,4,2,1
1959,Middlesbrough,Aston Villa,0,1,2,2,1,-1,0
1959,Middlesbrough,Liverpool,3,3,2,2,6,0,0
1959,Middlesbrough,Stoke City,1,0,2,2,1,1,1
1959,Plymouth Argyle,Aston Villa,3,0,2,2,3,3,1
1959,Portsmouth,Bristol Rovers,4,5,2,2,9,-1,0
1959,Portsmouth,Ipswich Town,0,2,2,2,2,-2,0
1959,Portsmouth,Stoke City,2,2,2,2,4,0,0
1959,Rotherham United,Bristol Rovers,3,0,2,2,3,3,1
1959,Rotherham United,Derby County,1,2,2,2,3,-1,0
1959,Rotherham United,Liverpool,2,2,2,2,4,0,0
1959,Scunthorpe United,Bristol Rovers,3,4,2,2,7,-1,0
1959,Scunthorpe United,Derby County,3,2,2,2,5,1,1
1959,Scunthorpe United,Ipswich Town,2,2,2,2,4,0,0
1959,Scunthorpe United,Portsmouth,1,0,2,2,1,1,1
1959,Sheffield United,Aston Villa,1,1,2,2,2,0,0
1959,Sheffield United,Bristol Rovers,1,1,2,2,2,0,0
1959,Sheffield United,Ipswich Town,1,0,2,2,1,1,1
1959,Sheffield United,Portsmouth,0,0,2,2,0,0,0
1959,Stoke City,Aston Villa,3,3,2,2,6,0,0
1959,Stoke City,Bristol Rovers,0,1,2,2,1,-1,0
1959,Stoke City,Liverpool,1,1,2,2,2,0,0
1959,Stoke City,Portsmouth,4,0,2,2,4,4,1
1959,Stoke City,Sheffield United,1,2,2,2,3,-1,0
1959,Sunderland,Liverpool,1,1,2,2,2,0,0
1959,Sunderland,Portsmouth,2,0,2,2,2,2,1
1959,Swansea City,Aston Villa,1,3,2,2,4,-2,0
1959,Swansea City,Bristol Rovers,3,0,2,2,3,3,1
1959,Swansea City,Derby County,1,3,2,2,4,-2,0
1959,Swansea City,Liverpool,5,4,2,2,9,1,1
1959,Swansea City,Portsmouth,1,1,2,2,2,0,0
1959,Accrington Stanley,AFC Bournemouth,2,1,3,3,3,1,1
1959,Accrington Stanley,Colchester United,1,2,3,3,3,-1,0
1959,Accrington Stanley,Halifax Town,0,5,3,3,5,-5,0
1959,Accrington Stanley,Reading,0,0,3,3,0,0,0
1959,Accrington Stanley,Southend United,0,4,3,3,4,-4,0
1959,Accrington Stanley,Wrexham,2,2,3,3,4,0,0
1959,AFC Bournemouth,Bury,2,1,3,3,3,1,1
1959,AFC Bournemouth,Port Vale,3,0,3,3,3,3,1
1959,AFC Bournemouth,Shrewsbury Town,2,2,3,3,4,0,0
1959,AFC Bournemouth,Swindon Town,3,1,3,3,4,2,1
1959,AFC Bournemouth,York City,2,0,3,3,2,2,1
1959,Barnsley,Bradford City,2,0,3,3,2,2,1
1959,Barnsley,Chesterfield,3,1,3,3,4,2,1
1959,Barnsley,Tranmere Rovers,2,0,3,3,2,2,1
1959,Bradford City,Colchester United,0,0,3,3,0,0,0
1959,Bradford City,Halifax Town,1,2,3,3,3,-1,0
1959,Bradford City,Norwich City,1,1,3,3,2,0,0
1959,Bradford City,Southend United,3,1,3,3,4,2,1
1959,Brentford,Bury,1,1,3,3,2,0,0
1959,Brentford,Swindon Town,2,1,3,3,3,1,1
1959,Bury,Chesterfield,1,1,3,3,2,0,0
1959,Bury,Tranmere Rovers,4,1,3,3,5,3,1
1959,Chesterfield,Bradford City,1,2,3,3,3,-1,0
1959,Chesterfield,Colchester United,1,1,3,3,2,0,0
1959,Chesterfield,Norwich City,2,1,3,3,3,1,1
1959,Chesterfield,Southend United,1,0,3,3,1,1,1
1959,Colchester United,AFC Bournemouth,1,2,3,3,3,-1,0
1959,Colchester United,Brentford,2,1,3,3,3,1,1
1959,Colchester United,Coventry City,0,0,3,3,0,0,0
1959,Colchester United,Shrewsbury Town,3,2,3,3,5,1,1
1959,Colchester United,York City,2,2,3,3,4,0,0
1959,Coventry City,Bury,0,1,3,3,1,-1,0
1959,Coventry City,Grimsby Town,0,2,3,3,2,-2,0
1959,Coventry City,Newport County,1,1,3,3,2,0,0
1959,Coventry City,Queens Park Rangers,0,0,3,3,0,0,0
1959,Coventry City,Southampton,4,1,3,3,5,3,1
1959,Grimsby Town,Chesterfield,5,1,3,3,6,4,1
1959,Grimsby Town,Southend United,1,1,3,3,2,0,0
1959,Halifax Town,Brentford,1,0,3,3,1,1,1
1959,Halifax Town,Swindon Town,3,1,3,3,4,2,1
1959,Halifax Town,York City,1,2,3,3,3,-1,0
1959,Mansfield Town,Bury,1,5,3,3,6,-4,0
1959,Mansfield Town,Newport County,3,1,3,3,4,2,1
1959,Mansfield Town,Tranmere Rovers,0,2,3,3,2,-2,0
1959,Newport County,Accrington Stanley,1,3,3,3,4,-2,0
1959,Newport County,Bradford City,2,0,3,3,2,2,1
1959,Newport County,Chesterfield,3,1,3,3,4,2,1
1959,Newport County,Grimsby Town,0,2,3,3,2,-2,0
1959,Newport County,Norwich City,1,1,3,3,2,0,0
1959,Newport County,Reading,3,2,3,3,5,1,1
1959,Newport County,Wrexham,4,1,3,3,5,3,1
1959,Norwich City,AFC Bournemouth,2,3,3,3,5,-1,0
1959,Norwich City,Port Vale,5,1,3,3,6,4,1
1959,Port Vale,Bury,3,0,3,3,3,3,1
1959,Port Vale,Mansfield Town,4,1,3,3,5,3,1
1959,Queens Park Rangers,Bradford City,5,0,3,3,5,5,1
1959,Queens Park Rangers,Chesterfield,3,3,3,3,6,0,0
1959,Queens Park Rangers,Grimsby Town,0,0,3,3,0,0,0
1959,Queens Park Rangers,Newport County,3,0,3,3,3,3,1
1959,Queens Park Rangers,Southend United,0,0,3,3,0,0,0
1959,Reading,Colchester United,2,1,3,3,3,1,1
1959,Reading,Halifax Town,1,1,3,3,2,0,0
1959,Shrewsbury Town,Coventry City,3,2,3,3,5,1,1
1959,Shrewsbury Town,Mansfield Town,6,3,3,3,9,3,1
1959,Shrewsbury Town,Southampton,1,1,3,3,2,0,0
1959,Shrewsbury Town,Tranmere Rovers,0,0,3,3,0,0,0
1959,Southampton,Bradford City,2,0,3,3,2,2,1
1959,Southampton,Grimsby Town,1,1,3,3,2,0,0
1959,Southampton,Newport County,2,0,3,3,2,2,1
1959,Southampton,Queens Park Rangers,2,1,3,3,3,1,1
1959,Southampton,Wrexham,3,0,3,3,3,3,1
1959,Southend United,AFC Bournemouth,3,0,3,3,3,3,1
1959,Southend United,Brentford,2,0,3,3,2,2,1
1959,Southend United,Swindon Town,1,3,3,3,4,-2,0
1959,Swindon Town,Bury,1,0,3,3,1,1,1
1959,Swindon Town,Mansfield Town,2,1,3,3,3,1,1
1959,Swindon Town,Tranmere Rovers,1,1,3,3,2,0,0
1959,Tranmere Rovers,Accrington Stanley,5,1,3,3,6,4,1
1959,Tranmere Rovers,Bradford City,2,3,3,3,5,-1,0
1959,Wrexham,AFC Bournemouth,1,2,3,3,3,-1,0
1959,Wrexham,Halifax Town,2,1,3,3,3,1,1
1959,York City,Barnsley,0,0,3,3,0,0,0
1959,York City,Bury,1,0,3,3,1,1,1
1959,York City,Shrewsbury Town,0,1,3,3,1,-1,0
1959,York City,Swindon Town,1,0,3,3,1,1,1
1959,Aldershot,Barrow,6,1,4,4,7,5,1
1959,Aldershot,Darlington,3,0,4,4,3,3,1
1959,Aldershot,Gateshead,3,2,4,4,5,1,1
1959,Aldershot,Stockport County,1,0,4,4,1,1,1
1959,Barrow,Bradford Park Avenue,3,3,4,4,6,0,0
1959,Barrow,Doncaster Rovers,1,1,4,4,2,0,0
1959,Barrow,Gillingham,0,1,4,4,1,-1,0
1959,Barrow,Rochdale,3,0,4,4,3,3,1
1959,Bradford Park Avenue,Crystal Palace,3,1,4,4,4,2,1
1959,Bradford Park Avenue,Exeter City,1,0,4,4,1,1,1
1959,Bradford Park Avenue,Hartlepool United,6,2,4,4,8,4,1
1959,Carlisle United,Darlington,1,0,4,4,1,1,1
1959,Carlisle United,Millwall,3,3,4,4,6,0,0
1959,Carlisle United,Oldham Athletic,0,1,4,4,1,-1,0
1959,Carlisle United,Stockport County,0,4,4,4,4,-4,0
1959,Chester,Crewe Alexandra,0,0,4,4,0,0,0
1959,Chester,Northampton Town,1,1,4,4,2,0,0
1959,Chester,Rochdale,2,1,4,4,3,1,1
1959,Chester,Workington,3,1,4,4,4,2,1
1959,Crewe Alexandra,Exeter City,1,1,4,4,2,0,0
1959,Crewe Alexandra,Notts County,2,1,4,4,3,1,1
1959,Crewe Alexandra,Southport,5,1,4,4,6,4,1
1959,Crystal Palace,Aldershot,1,1,4,4,2,0,0
1959,Crystal Palace,Carlisle United,2,1,4,4,3,1,1
1959,Crystal Palace,Darlington,2,0,4,4,2,2,1
1959,Crystal Palace,Gateshead,2,2,4,4,4,0,0
1959,Crystal Palace,Millwall,1,2,4,4,3,-1,0
1959,Crystal Palace,Stockport County,3,1,4,4,4,2,1
1959,Darlington,Doncaster Rovers,2,2,4,4,4,0,0
1959,Darlington,Torquay United,1,0,4,4,1,1,1
1959,Doncaster Rovers,Bradford Park Avenue,2,0,4,4,2,2,1
1959,Doncaster Rovers,Crewe Alexandra,4,0,4,4,4,4,1
1959,Doncaster Rovers,Hartlepool United,5,1,4,4,6,4,1
1959,Doncaster Rovers,Southport,5,0,4,4,5,5,1
1959,Doncaster Rovers,Walsall,1,1,4,4,2,0,0
1959,Exeter City,Carlisle United,1,3,4,4,4,-2,0
1959,Exeter City,Oldham Athletic,4,3,4,4,7,1,1
1959,Exeter City,Stockport County,2,1,4,4,3,1,1
1959,Exeter City,Watford,2,0,4,4,2,2,1
1959,Gateshead,Chester,0,1,4,4,1,-1,0
1959,Gateshead,Rochdale,1,2,4,4,3,-1,0
1959,Gateshead,Workington,2,1,4,4,3,1,1
1959,Gillingham,Bradford Park Avenue,2,0,4,4,2,2,1
1959,Gillingham,Crewe Alexandra,1,1,4,4,2,0,0
1959,Gillingham,Doncaster Rovers,2,1,4,4,3,1,1
1959,Gillingham,Hartlepool United,3,1,4,4,4,2,1
1959,Gillingham,Notts County,0,1,4,4,1,-1,0
1959,Hartlepool United,Carlisle United,1,2,4,4,3,-1,0
1959,Hartlepool United,Crystal Palace,0,1,4,4,1,-1,0
1959,Hartlepool United,Exeter City,4,3,4,4,7,1,1
1959,Hartlepool United,Stockport County,2,1,4,4,3,1,1
1959,Millwall,Barrow,3,3,4,4,6,0,0
1959,Millwall,Darlington,5,2,4,4,7,3,1
1959,Millwall,Gateshead,4,0,4,4,4,4,1
1959,Millwall,Northampton Town,2,1,4,4,3,1,1
1959,Millwall,Torquay United,2,0,4,4,2,2,1
1959,Millwall,Workington,3,0,4,4,3,3,1
1959,Northampton Town,Crewe Alexandra,0,0,4,4,0,0,0
1959,Northampton Town,Gillingham,2,1,4,4,3,1,1
1959,Northampton Town,Southport,2,2,4,4,4,0,0
1959,Notts County,Aldershot,5,3,4,4,8,2,1
1959,Notts County,Carlisle United,2,1,4,4,3,1,1
1959,Notts County,Exeter City,3,0,4,4,3,3,1
1959,Notts County,Stockport County,3,0,4,4,3,3,1
1959,Oldham Athletic,Barrow,1,0,4,4,1,1,1
1959,Oldham Athletic,Chester,0,0,4,4,0,0,0
1959,Oldham Athletic,Rochdale,1,0,4,4,1,1,1
1959,Rochdale,Bradford Park Avenue,0,1,4,4,1,-1,0
1959,Rochdale,Crewe Alexandra,4,2,4,4,6,2,1
1959,Rochdale,Northampton Town,2,2,4,4,4,0,0
1959,Southport,Aldershot,0,4,4,4,4,-4,0
1959,Southport,Notts County,1,2,4,4,3,-1,0
1959,Southport,Watford,1,1,4,4,2,0,0
1959,Stockport County,Chester,3,0,4,4,3,3,1
1959,Stockport County,Workington,2,0,4,4,2,2,1
1959,Torquay United,Bradford Park Avenue,1,1,4,4,2,0,0
1959,Torquay United,Gillingham,2,0,4,4,2,2,1
1959,Torquay United,Northampton Town,5,3,4,4,8,2,1
1959,Torquay United,Rochdale,1,1,4,4,2,0,0
1959,Torquay United,Walsall,2,1,4,4,3,1,1
1959,Walsall,Aldershot,1,0,4,4,1,1,1
1959,Walsall,Carlisle United,0,1,4,4,1,-1,0
1959,Walsall,Crystal Palace,3,0,4,4,3,3,1
1959,Walsall,Southport,8,0,4,4,8,8,1
1959,Walsall,Watford,3,4,4,4,7,-1,0
1959,Watford,Barrow,2,0,4,4,2,2,1
1959,Watford,Chester,4,2,4,4,6,2,1
1959,Watford,Darlington,2,1,4,4,3,1,1
1959,Watford,Gateshead,5,0,4,4,5,5,1
1959,Watford,Stockport County,0,0,4,4,0,0,0
1959,Watford,Workington,3,2,4,4,5,1,1
1959,Workington,Crewe Alexandra,5,0,4,4,5,5,1
1959,Workington,Gillingham,1,1,4,4,2,0,0
1959,Workington,Northampton Town,5,1,4,4,6,4,1
1960,Arsenal,Aston Villa,2,1,1,1,3,1,1
1960,Arsenal,Cardiff City,2,3,1,1,5,-1,0
1960,Arsenal,Fulham,4,2,1,1,6,2,1
1960,Aston Villa,Cardiff City,2,1,1,1,3,1,1
1960,Aston Villa,Manchester United,3,1,1,1,4,2,1
1960,Aston Villa,Preston North End,1,0,1,1,1,1,1
1960,Aston Villa,West Bromwich Albion,0,1,1,1,1,-1,0
1960,Birmingham City,Arsenal,2,0,1,1,2,2,1
1960,Birmingham City,Cardiff City,2,1,1,1,3,1,1
1960,Birmingham City,Fulham,1,0,1,1,1,1,1
1960,Birmingham City,Preston North End,1,3,1,1,4,-2,0
1960,Blackburn Rovers,West Bromwich Albion,2,1,1,1,3,1,1
1960,Blackpool,Blackburn Rovers,2,0,1,1,2,2,1
1960,Blackpool,Cardiff City,6,1,1,1,7,5,1
1960,Blackpool,Preston North End,0,1,1,1,1,-1,0
1960,Blackpool,West Bromwich Albion,0,1,1,1,1,-1,0
1960,Bolton Wanderers,Arsenal,1,1,1,1,2,0,0
1960,Bolton Wanderers,Cardiff City,3,0,1,1,3,3,1
1960,Bolton Wanderers,Fulham,0,3,1,1,3,-3,0
1960,Bolton Wanderers,Manchester United,1,1,1,1,2,0,0
1960,Bolton Wanderers,Preston North End,1,1,1,1,2,0,0
1960,Burnley,Arsenal,3,2,1,1,5,1,1
1960,Burnley,Blackburn Rovers,1,1,1,1,2,0,0
1960,Burnley,Fulham,5,0,1,1,5,5,1
1960,Cardiff City,Fulham,2,0,1,1,2,2,1
1960,Cardiff City,Manchester United,3,0,1,1,3,3,1
1960,Cardiff City,Preston North End,2,0,1,1,2,2,1
1960,Chelsea,Arsenal,3,1,1,1,4,2,1
1960,Chelsea,Burnley,2,6,1,1,8,-4,0
1960,Chelsea,Preston North End,1,1,1,1,2,0,0
1960,Chelsea,West Bromwich Albion,7,1,1,1,8,6,1
1960,Everton,Arsenal,4,1,1,1,5,3,1
1960,Everton,Burnley,0,3,1,1,3,-3,0
1960,Everton,Preston North End,0,0,1,1,0,0,0
1960,Everton,West Bromwich Albion,1,1,1,1,2,0,0
1960,Fulham,Arsenal,2,2,1,1,4,0,0
1960,Fulham,Preston North End,2,0,1,1,2,2,1
1960,Fulham,West Bromwich Albion,1,2,1,1,3,-1,0
1960,Leicester City,Arsenal,2,1,1,1,3,1,1
1960,Leicester City,Everton,4,1,1,1,5,3,1
1960,Leicester City,Manchester United,6,0,1,1,6,6,1
1960,Leicester City,Preston North End,5,2,1,1,7,3,1
1960,Manchester City,Arsenal,0,0,1,1,0,0,0
1960,Manchester City,Burnley,2,1,1,1,3,1,1
1960,Manchester City,Manchester United,1,3,1,1,4,-2,0
1960,Manchester City,Preston North End,2,3,1,1,5,-1,0
1960,Manchester City,West Bromwich Albion,3,0,1,1,3,3,1
1960,Manchester United,Blackburn Rovers,1,3,1,1,4,-2,0
1960,Manchester United,Burnley,6,0,1,1,6,6,1
1960,Newcastle United,Burnley,0,1,1,1,1,-1,0
1960,Newcastle United,Everton,0,4,1,1,4,-4,0
1960,Newcastle United,Manchester City,1,3,1,1,4,-2,0
1960,Nottingham Forest,Arsenal,3,5,1,1,8,-2,0
1960,Nottingham Forest,Blackburn Rovers,1,1,1,1,2,0,0
1960,Nottingham Forest,Burnley,3,1,1,1,4,2,1
1960,Nottingham Forest,West Bromwich Albion,1,2,1,1,3,-1,0
1960,Preston North End,Blackburn Rovers,2,0,1,1,2,2,1
1960,Preston North End,Burnley,2,3,1,1,5,-1,0
1960,Preston North End,Nottingham Forest,0,1,1,1,1,-1,0
1960,Sheffield Wednesday,Arsenal,1,1,1,1,2,0,0
1960,Sheffield Wednesday,Blackburn Rovers,5,4,1,1,9,1,1
1960,Sheffield Wednesday,Burnley,3,1,1,1,4,2,1
1960,Sheffield Wednesday,Manchester City,3,1,1,1,4,2,1
1960,Sheffield Wednesday,Nottingham Forest,1,0,1,1,1,1,1
1960,Sheffield Wednesday,West Bromwich Albion,1,0,1,1,1,1,1
1960,Tottenham Hotspur,Arsenal,4,2,1,1,6,2,1
1960,Tottenham Hotspur,Blackburn Rovers,5,2,1,1,7,3,1
1960,Tottenham Hotspur,Burnley,4,4,1,1,8,0,0
1960,Tottenham Hotspur,Everton,2,0,1,1,2,2,1
1960,Tottenham Hotspur,Manchester City,1,1,1,1,2,0,0
1960,Tottenham Hotspur,Nottingham Forest,1,0,1,1,1,1,1
1960,Tottenham Hotspur,West Bromwich Albion,1,2,1,1,3,-1,0
1960,West Bromwich Albion,Arsenal,2,3,1,1,5,-1,0
1960,West Bromwich Albion,Everton,3,0,1,1,3,3,1
1960,West Bromwich Albion,Tottenham Hotspur,1,3,1,1,4,-2,0
1960,West Ham United,Arsenal,6,0,1,1,6,6,1
1960,West Ham United,Burnley,1,2,1,1,3,-1,0
1960,West Ham United,Nottingham Forest,2,4,1,1,6,-2,0
1960,West Ham United,Tottenham Hotspur,0,3,1,1,3,-3,0
1960,Wolverhampton Wanderers,Arsenal,5,3,1,1,8,2,1
1960,Wolverhampton Wanderers,Burnley,2,1,1,1,3,1,1
1960,Wolverhampton Wanderers,Nottingham Forest,5,3,1,1,8,2,1
1960,Wolverhampton Wanderers,Tottenham Hotspur,0,4,1,1,4,-4,0
1960,Brighton & Hove Albion,Leyton Orient,1,1,2,2,2,0,0
1960,Brighton & Hove Albion,Plymouth Argyle,2,0,2,2,2,2,1
1960,Brighton & Hove Albion,Scunthorpe United,1,1,2,2,2,0,0
1960,Brighton & Hove Albion,Stoke City,0,1,2,2,1,-1,0
1960,Bristol Rovers,Brighton & Hove Albion,0,1,2,2,1,-1,0
1960,Bristol Rovers,Huddersfield Town,1,2,2,2,3,-1,0
1960,Bristol Rovers,Leyton Orient,4,2,2,2,6,2,1
1960,Bristol Rovers,Plymouth Argyle,2,5,2,2,7,-3,0
1960,Charlton Athletic,Plymouth Argyle,6,4,2,2,10,2,1
1960,Derby County,Brighton & Hove Albion,4,1,2,2,5,3,1
1960,Derby County,Huddersfield Town,1,1,2,2,2,0,0
1960,Derby County,Leyton Orient,3,1,2,2,4,2,1
1960,Derby County,Plymouth Argyle,4,1,2,2,5,3,1
1960,Derby County,Scunthorpe United,2,5,2,2,7,-3,0
1960,Huddersfield Town,Brighton & Hove Albion,0,1,2,2,1,-1,0
1960,Huddersfield Town,Derby County,1,3,2,2,4,-2,0
1960,Huddersfield Town,Leyton Orient,1,0,2,2,1,1,1
1960,Huddersfield Town,Plymouth Argyle,1,5,2,2,6,-4,0
1960,Huddersfield Town,Scunthorpe United,1,2,2,2,3,-1,0
1960,Ipswich Town,Brighton & Hove Albion,4,0,2,2,4,4,1
1960,Ipswich Town,Leyton Orient,6,2,2,2,8,4,1
1960,Ipswich Town,Plymouth Argyle,3,1,2,2,4,2,1
1960,Ipswich Town,Scunthorpe United,2,0,2,2,2,2,1
1960,Ipswich Town,Stoke City,2,1,2,2,3,1,1
1960,Leeds United,Brighton & Hove Albion,3,2,2,2,5,1,1
1960,Leeds United,Derby County,3,3,2,2,6,0,0
1960,Leeds United,Leyton Orient,1,3,2,2,4,-2,0
1960,Leeds United,Scunthorpe United,2,2,2,2,4,0,0
1960,Leeds United,Stoke City,0,1,2,2,1,-1,0
1960,Leyton Orient,Brighton & Hove Albion,2,1,2,2,3,1,1
1960,Leyton Orient,Derby County,2,1,2,2,3,1,1
1960,Leyton Orient,Leeds United,0,1,2,2,1,-1,0
1960,Leyton Orient,Luton Town,2,1,2,2,3,1,1
1960,Leyton Orient,Stoke City,3,1,2,2,4,2,1
1960,Lincoln City,Brighton & Hove Albion,2,1,2,2,3,1,1
1960,Lincoln City,Derby County,3,4,2,2,7,-1,0
1960,Lincoln City,Leeds United,2,3,2,2,5,-1,0
1960,Lincoln City,Stoke City,1,1,2,2,2,0,0
1960,Liverpool,Scunthorpe United,3,2,2,2,5,1,1
1960,Liverpool,Stoke City,3,0,2,2,3,3,1
1960,Luton Town,Brighton & Hove Albion,3,1,2,2,4,2,1
1960,Luton Town,Derby County,1,1,2,2,2,0,0
1960,Luton Town,Liverpool,2,1,2,2,3,1,1
1960,Luton Town,Plymouth Argyle,3,2,2,2,5,1,1
1960,Luton Town,Scunthorpe United,0,0,2,2,0,0,0
1960,Middlesbrough,Brighton & Hove Albion,2,2,2,2,4,0,0
1960,Middlesbrough,Leeds United,3,0,2,2,3,3,1
1960,Norwich City,Brighton & Hove Albion,2,2,2,2,4,0,0
1960,Norwich City,Leeds United,3,2,2,2,5,1,1
1960,Norwich City,Scunthorpe United,0,1,2,2,1,-1,0
1960,Norwich City,Stoke City,1,0,2,2,1,1,1
1960,Plymouth Argyle,Derby County,4,2,2,2,6,2,1
1960,Plymouth Argyle,Leeds United,3,1,2,2,4,2,1
1960,Plymouth Argyle,Norwich City,3,0,2,2,3,3,1
1960,Plymouth Argyle,Scunthorpe United,3,1,2,2,4,2,1
1960,Portsmouth,Leeds United,3,1,2,2,4,2,1
1960,Portsmouth,Norwich City,3,0,2,2,3,3,1
1960,Portsmouth,Scunthorpe United,2,2,2,2,4,0,0
1960,Portsmouth,Stoke City,1,0,2,2,1,1,1
1960,Rotherham United,Brighton & Hove Albion,5,2,2,2,7,3,1
1960,Rotherham United,Liverpool,1,0,2,2,1,1,1
1960,Rotherham United,Norwich City,0,2,2,2,2,-2,0
1960,Rotherham United,Scunthorpe United,4,0,2,2,4,4,1
1960,Rotherham United,Stoke City,0,0,2,2,0,0,0
1960,Scunthorpe United,Leeds United,3,2,2,2,5,1,1
1960,Scunthorpe United,Stoke City,1,1,2,2,2,0,0
1960,Sheffield United,Norwich City,1,1,2,2,2,0,0
1960,Sheffield United,Rotherham United,3,1,2,2,4,2,1
1960,Southampton,Derby County,5,1,2,2,6,4,1
1960,Southampton,Liverpool,4,1,2,2,5,3,1
1960,Southampton,Rotherham United,3,2,2,2,5,1,1
1960,Stoke City,Brighton & Hove Albion,0,2,2,2,2,-2,0
1960,Stoke City,Leeds United,0,0,2,2,0,0,0
1960,Stoke City,Rotherham United,1,4,2,2,5,-3,0
1960,Stoke City,Southampton,1,2,2,2,3,-1,0
1960,Sunderland,Leeds United,2,3,2,2,5,-1,0
1960,Sunderland,Liverpool,1,1,2,2,2,0,0
1960,Sunderland,Norwich City,0,3,2,2,3,-3,0
1960,Sunderland,Rotherham United,1,1,2,2,2,0,0
1960,Sunderland,Southampton,3,1,2,2,4,2,1
1960,Swansea City,Derby County,2,1,2,2,3,1,1
1960,Swansea City,Liverpool,2,0,2,2,2,2,1
1960,Swansea City,Norwich City,4,1,2,2,5,3,1
1960,Swansea City,Rotherham United,2,1,2,2,3,1,1
1960,Swansea City,Southampton,4,1,2,2,5,3,1
1960,AFC Bournemouth,Barnsley,1,2,3,3,3,-1,0
1960,AFC Bournemouth,Bristol City,2,2,3,3,4,0,0
1960,AFC Bournemouth,Walsall,0,3,3,3,3,-3,0
1960,Barnsley,Bradford City,5,2,3,3,7,3,1
1960,Barnsley,Hull City,1,0,3,3,1,1,1
1960,Barnsley,Port Vale,5,1,3,3,6,4,1
1960,Barnsley,Shrewsbury Town,4,2,3,3,6,2,1
1960,Barnsley,Torquay United,1,0,3,3,1,1,1
1960,Barnsley,Watford,0,1,3,3,1,-1,0
1960,Bradford City,Brentford,3,1,3,3,4,2,1
1960,Bradford City,Queens Park Rangers,1,1,3,3,2,0,0
1960,Brentford,AFC Bournemouth,2,2,3,3,4,0,0
1960,Brentford,Bristol City,2,0,3,3,2,2,1
1960,Brentford,Colchester United,0,0,3,3,0,0,0
1960,Brentford,Halifax Town,2,0,3,3,2,2,1
1960,Brentford,Reading,2,1,3,3,3,1,1
1960,Bristol City,Barnsley,4,0,3,3,4,4,1
1960,Bristol City,Coventry City,2,0,3,3,2,2,1
1960,Bristol City,Hull City,1,2,3,3,3,-1,0
1960,Bristol City,Shrewsbury Town,0,0,3,3,0,0,0
1960,Bristol City,Torquay United,2,2,3,3,4,0,0
1960,Bury,Bradford City,2,2,3,3,4,0,0
1960,Bury,Grimsby Town,2,0,3,3,2,2,1
1960,Bury,Newport County,4,1,3,3,5,3,1
1960,Chesterfield,AFC Bournemouth,0,1,3,3,1,-1,0
1960,Chesterfield,Halifax Town,3,0,3,3,3,3,1
1960,Chesterfield,Swindon Town,1,1,3,3,2,0,0
1960,Colchester United,Barnsley,4,2,3,3,6,2,1
1960,Colchester United,Bristol City,0,1,3,3,1,-1,0
1960,Colchester United,Coventry City,4,3,3,3,7,1,1
1960,Colchester United,Shrewsbury Town,1,1,3,3,2,0,0
1960,Colchester United,Torquay United,3,3,3,3,6,0,0
1960,Colchester United,Watford,1,4,3,3,5,-3,0
1960,Coventry City,Bradford City,2,2,3,3,4,0,0
1960,Coventry City,Grimsby Town,0,0,3,3,0,0,0
1960,Coventry City,Newport County,4,1,3,3,5,3,1
1960,Coventry City,Queens Park Rangers,4,4,3,3,8,0,0
1960,Coventry City,Tranmere Rovers,4,1,3,3,5,3,1
1960,Grimsby Town,AFC Bournemouth,0,1,3,3,1,-1,0
1960,Grimsby Town,Chesterfield,0,0,3,3,0,0,0
1960,Grimsby Town,Halifax Town,6,1,3,3,7,5,1
1960,Grimsby Town,Reading,3,1,3,3,4,2,1
1960,Grimsby Town,Swindon Town,3,2,3,3,5,1,1
1960,Grimsby Town,Walsall,3,1,3,3,4,2,1
1960,Halifax Town,Barnsley,1,0,3,3,1,1,1
1960,Halifax Town,Bristol City,2,1,3,3,3,1,1
1960,Halifax Town,Colchester United,2,1,3,3,3,1,1
1960,Halifax Town,Port Vale,3,3,3,3,6,0,0
1960,Hull City,Coventry City,1,1,3,3,2,0,0
1960,Hull City,Queens Park Rangers,3,1,3,3,4,2,1
1960,Hull City,Southend United,0,1,3,3,1,-1,0
1960,Hull City,Tranmere Rovers,4,2,3,3,6,2,1
1960,Newport County,AFC Bournemouth,2,0,3,3,2,2,1
1960,Newport County,Brentford,0,1,3,3,1,-1,0
1960,Newport County,Notts County,2,2,3,3,4,0,0
1960,Newport County,Reading,5,2,3,3,7,3,1
1960,Newport County,Swindon Town,2,0,3,3,2,2,1
1960,Notts County,Barnsley,5,1,3,3,6,4,1
1960,Notts County,Bristol City,3,0,3,3,3,3,1
1960,Notts County,Colchester United,4,2,3,3,6,2,1
1960,Notts County,Halifax Town,1,1,3,3,2,0,0
1960,Notts County,Port Vale,2,2,3,3,4,0,0
1960,Notts County,Shrewsbury Town,2,1,3,3,3,1,1
1960,Port Vale,Bradford City,2,4,3,3,6,-2,0
1960,Port Vale,Bury,4,3,3,3,7,1,1
1960,Port Vale,Coventry City,3,1,3,3,4,2,1
1960,Port Vale,Hull City,4,1,3,3,5,3,1
1960,Port Vale,Tranmere Rovers,5,0,3,3,5,5,1
1960,Queens Park Rangers,AFC Bournemouth,3,1,3,3,4,2,1
1960,Queens Park Rangers,Brentford,0,0,3,3,0,0,0
1960,Queens Park Rangers,Chesterfield,1,2,3,3,3,-1,0
1960,Queens Park Rangers,Grimsby Town,2,0,3,3,2,2,1
1960,Queens Park Rangers,Newport County,2,0,3,3,2,2,1
1960,Reading,Colchester United,2,1,3,3,3,1,1
1960,Reading,Halifax Town,1,1,3,3,2,0,0
1960,Reading,Torquay United,5,1,3,3,6,4,1
1960,Shrewsbury Town,Bury,2,1,3,3,3,1,1
1960,Shrewsbury Town,Southend United,2,2,3,3,4,0,0
1960,Southend United,Brentford,1,1,3,3,2,0,0
1960,Southend United,Chesterfield,1,1,3,3,2,0,0
1960,Southend United,Newport County,4,2,3,3,6,2,1
1960,Southend United,Queens Park Rangers,0,0,3,3,0,0,0
1960,Southend United,Swindon Town,0,2,3,3,2,-2,0
1960,Southend United,Walsall,1,2,3,3,3,-1,0
1960,Swindon Town,Notts County,1,0,3,3,1,1,1
1960,Swindon Town,Reading,1,1,3,3,2,0,0
1960,Swindon Town,Torquay United,3,1,3,3,4,2,1
1960,Swindon Town,Watford,1,2,3,3,3,-1,0
1960,Torquay United,Coventry City,3,0,3,3,3,3,1
1960,Torquay United,Tranmere Rovers,5,2,3,3,7,3,1
1960,Tranmere Rovers,Grimsby Town,3,6,3,3,9,-3,0
1960,Tranmere Rovers,Southend United,2,1,3,3,3,1,1
1960,Tranmere Rovers,Walsall,1,4,3,3,5,-3,0
1960,Walsall,Barnsley,1,0,3,3,1,1,1
1960,Walsall,Bristol City,4,0,3,3,4,4,1
1960,Walsall,Colchester United,3,0,3,3,3,3,1
1960,Walsall,Notts County,2,1,3,3,3,1,1
1960,Walsall,Swindon Town,2,1,3,3,3,1,1
1960,Watford,Bradford City,2,2,3,3,4,0,0
1960,Watford,Bury,1,1,3,3,2,0,0
1960,Watford,Hull City,2,2,3,3,4,0,0
1960,Watford,Port Vale,0,0,3,3,0,0,0
1960,Accrington Stanley,Aldershot,1,0,4,4,1,1,1
1960,Accrington Stanley,Carlisle United,1,0,4,4,1,1,1
1960,Accrington Stanley,Crystal Palace,2,3,4,4,5,-1,0
1960,Accrington Stanley,Mansfield Town,1,4,4,4,5,-3,0
1960,Accrington Stanley,Wrexham,0,3,4,4,3,-3,0
1960,Aldershot,Barrow,2,1,4,4,3,1,1
1960,Aldershot,Chester,3,2,4,4,5,1,1
1960,Aldershot,Darlington,1,3,4,4,4,-2,0
1960,Aldershot,Millwall,0,2,4,4,2,-2,0
1960,Aldershot,Stockport County,3,2,4,4,5,1,1
1960,Aldershot,York City,6,1,4,4,7,5,1
1960,Barrow,Crewe Alexandra,3,4,4,4,7,-1,0
1960,Barrow,Workington,0,4,4,4,4,-4,0
1960,Bradford Park Avenue,Carlisle United,0,0,4,4,0,0,0
1960,Bradford Park Avenue,Exeter City,5,2,4,4,7,3,1
1960,Bradford Park Avenue,Mansfield Town,2,1,4,4,3,1,1
1960,Bradford Park Avenue,Oldham Athletic,5,1,4,4,6,4,1
1960,Bradford Park Avenue,Wrexham,3,1,4,4,4,2,1
1960,Carlisle United,Aldershot,2,2,4,4,4,0,0
1960,Carlisle United,Peterborough United,3,3,4,4,6,0,0
1960,Carlisle United,York City,1,1,4,4,2,0,0
1960,Chester,Hartlepool United,1,2,4,4,3,-1,0
1960,Chester,Northampton Town,0,2,4,4,2,-2,0
1960,Crewe Alexandra,Accrington Stanley,0,1,4,4,1,-1,0
1960,Crewe Alexandra,Exeter City,2,0,4,4,2,2,1
1960,Crewe Alexandra,Mansfield Town,1,2,4,4,3,-1,0
1960,Crewe Alexandra,Oldham Athletic,2,1,4,4,3,1,1
1960,Crystal Palace,Gillingham,2,0,4,4,2,2,1
1960,Crystal Palace,Millwall,0,2,4,4,2,-2,0
1960,Crystal Palace,York City,1,0,4,4,1,1,1
1960,Darlington,Barrow,2,3,4,4,5,-1,0
1960,Darlington,Chester,5,1,4,4,6,4,1
1960,Darlington,Northampton Town,1,1,4,4,2,0,0
1960,Darlington,Rochdale,1,0,4,4,1,1,1
1960,Darlington,Workington,1,1,4,4,2,0,0
1960,Doncaster Rovers,Bradford Park Avenue,2,0,4,4,2,2,1
1960,Doncaster Rovers,Exeter City,2,1,4,4,3,1,1
1960,Doncaster Rovers,Mansfield Town,2,3,4,4,5,-1,0
1960,Doncaster Rovers,Oldham Athletic,2,1,4,4,3,1,1
1960,Exeter City,Crystal Palace,2,3,4,4,5,-1,0
1960,Exeter City,Peterborough United,3,4,4,4,7,-1,0
1960,Exeter City,York City,2,1,4,4,3,1,1
1960,Gillingham,Hartlepool United,5,1,4,4,6,4,1
1960,Gillingham,Northampton Town,0,1,4,4,1,-1,0
1960,Gillingham,Rochdale,0,0,4,4,0,0,0
1960,Gillingham,Workington,4,2,4,4,6,2,1
1960,Hartlepool United,Oldham Athletic,5,1,4,4,6,4,1
1960,Hartlepool United,Wrexham,0,0,4,4,0,0,0
1960,Mansfield Town,Carlisle United,1,3,4,4,4,-2,0
1960,Mansfield Town,Exeter City,2,3,4,4,5,-1,0
1960,Millwall,Darlington,0,1,4,4,1,-1,0
1960,Millwall,Gillingham,1,2,4,4,3,-1,0
1960,Northampton Town,Bradford Park Avenue,0,1,4,4,1,-1,0
1960,Northampton Town,Crewe Alexandra,4,1,4,4,5,3,1
1960,Northampton Town,Doncaster Rovers,3,0,4,4,3,3,1
1960,Northampton Town,Oldham Athletic,1,0,4,4,1,1,1
1960,Northampton Town,Southport,3,1,4,4,4,2,1
1960,Oldham Athletic,Mansfield Town,3,1,4,4,4,2,1
1960,Peterborough United,Barrow,6,2,4,4,8,4,1
1960,Peterborough United,Millwall,4,2,4,4,6,2,1
1960,Peterborough United,Workington,2,1,4,4,3,1,1
1960,Rochdale,Bradford Park Avenue,2,3,4,4,5,-1,0
1960,Rochdale,Northampton Town,1,1,4,4,2,0,0
1960,Rochdale,Southport,0,1,4,4,1,-1,0
1960,Southport,Crystal Palace,3,3,4,4,6,0,0
1960,Southport,Stockport County,1,0,4,4,1,1,1
1960,Southport,York City,2,2,4,4,4,0,0
1960,Stockport County,Barrow,1,0,4,4,1,1,1
1960,Stockport County,Chester,1,1,4,4,2,0,0
1960,Stockport County,Darlington,2,1,4,4,3,1,1
1960,Stockport County,Workington,1,0,4,4,1,1,1
1960,Workington,Crewe Alexandra,0,0,4,4,0,0,0
1960,Workington,Doncaster Rovers,1,3,4,4,4,-2,0
1960,Workington,Northampton Town,3,0,4,4,3,3,1
1960,Workington,Rochdale,3,0,4,4,3,3,1
1960,Workington,Wrexham,3,1,4,4,4,2,1
1960,Wrexham,Aldershot,3,1,4,4,4,2,1
1960,Wrexham,Crystal Palace,1,2,4,4,3,-1,0
1960,Wrexham,Oldham Athletic,2,2,4,4,4,0,0
1960,Wrexham,Southport,3,0,4,4,3,3,1
1960,Wrexham,York City,4,0,4,4,4,4,1
1960,York City,Millwall,3,2,4,4,5,1,1
1961,Arsenal,Aston Villa,4,5,1,1,9,-1,0
1961,Arsenal,Fulham,1,0,1,1,1,1,1
1961,Arsenal,Sheffield United,2,0,1,1,2,2,1
1961,Arsenal,West Bromwich Albion,0,1,1,1,1,-1,0
1961,Aston Villa,Blackpool,5,0,1,1,5,5,1
1961,Aston Villa,Cardiff City,2,2,1,1,4,0,0
1961,Birmingham City,Arsenal,1,0,1,1,1,1,1
1961,Birmingham City,Blackpool,1,1,1,1,2,0,0
1961,Birmingham City,Manchester City,1,1,1,1,2,0,0
1961,Blackburn Rovers,Arsenal,0,0,1,1,0,0,0
1961,Blackburn Rovers,Cardiff City,0,0,1,1,0,0,0
1961,Blackburn Rovers,Fulham,0,2,1,1,2,-2,0
1961,Blackburn Rovers,Manchester City,4,1,1,1,5,3,1
1961,Blackburn Rovers,Sheffield United,1,2,1,1,3,-1,0
1961,Blackpool,Arsenal,0,1,1,1,1,-1,0
1961,Blackpool,Manchester City,3,1,1,1,4,2,1
1961,Blackpool,Sheffield United,2,4,1,1,6,-2,0
1961,Blackpool,West Bromwich Albion,2,2,1,1,4,0,0
1961,Bolton Wanderers,Blackburn Rovers,1,1,1,1,2,0,0
1961,Bolton Wanderers,Cardiff City,1,1,1,1,2,0,0
1961,Bolton Wanderers,Fulham,2,3,1,1,5,-1,0
1961,Bolton Wanderers,West Bromwich Albion,3,2,1,1,5,1,1
1961,Burnley,Blackburn Rovers,0,1,1,1,1,-1,0
1961,Burnley,Cardiff City,2,1,1,1,3,1,1
1961,Cardiff City,Arsenal,1,1,1,1,2,0,0
1961,Cardiff City,Fulham,0,3,1,1,3,-3,0
1961,Chelsea,Burnley,1,2,1,1,3,-1,0
1961,Chelsea,Fulham,0,0,1,1,0,0,0
1961,Chelsea,Sheffield United,6,1,1,1,7,5,1
1961,Chelsea,West Bromwich Albion,4,1,1,1,5,3,1
1961,Everton,Arsenal,4,1,1,1,5,3,1
1961,Everton,Blackburn Rovers,1,0,1,1,1,1,1
1961,Everton,Sheffield United,1,0,1,1,1,1,1
1961,Everton,West Bromwich Albion,3,1,1,1,4,2,1
1961,Fulham,Arsenal,5,2,1,1,7,3,1
1961,Fulham,Blackburn Rovers,2,0,1,1,2,2,1
1961,Fulham,Burnley,3,5,1,1,8,-2,0
1961,Fulham,Everton,2,1,1,1,3,1,1
1961,Fulham,Sheffield United,5,2,1,1,7,3,1
1961,Ipswich Town,Blackburn Rovers,2,1,1,1,3,1,1
1961,Ipswich Town,Burnley,6,2,1,1,8,4,1
1961,Leicester City,Everton,2,0,1,1,2,2,1
1961,Leicester City,Sheffield United,4,1,1,1,5,3,1
1961,Leicester City,West Bromwich Albion,1,0,1,1,1,1,1
1961,Manchester City,Blackburn Rovers,3,1,1,1,4,2,1
1961,Manchester United,Burnley,1,4,1,1,5,-3,0
1961,Manchester United,Everton,1,1,1,1,2,0,0
1961,Manchester United,Leicester City,2,2,1,1,4,0,0
1961,Nottingham Forest,Burnley,3,2,1,1,5,1,1
1961,Nottingham Forest,West Bromwich Albion,4,4,1,1,8,0,0
1961,Sheffield United,Nottingham Forest,2,0,1,1,2,2,1
1961,Sheffield Wednesday,Arsenal,1,1,1,1,2,0,0
1961,Sheffield Wednesday,Burnley,4,0,1,1,4,4,1
1961,Sheffield Wednesday,Leicester City,1,2,1,1,3,-1,0
1961,Sheffield Wednesday,Nottingham Forest,3,0,1,1,3,3,1
1961,Sheffield Wednesday,West Bromwich Albion,2,1,1,1,3,1,1
1961,Tottenham Hotspur,Blackburn Rovers,4,1,1,1,5,3,1
1961,Tottenham Hotspur,Burnley,4,2,1,1,6,2,1
1961,Tottenham Hotspur,Everton,3,1,1,1,4,2,1
1961,Tottenham Hotspur,Leicester City,1,2,1,1,3,-1,0
1961,Tottenham Hotspur,West Bromwich Albion,1,2,1,1,3,-1,0
1961,West Bromwich Albion,Arsenal,4,0,1,1,4,4,1
1961,West Bromwich Albion,Blackburn Rovers,4,0,1,1,4,4,1
1961,West Bromwich Albion,Burnley,1,1,1,1,2,0,0
1961,West Ham United,Blackburn Rovers,2,3,1,1,5,-1,0
1961,West Ham United,Burnley,2,1,1,1,3,1,1
1961,West Ham United,Leicester City,4,1,1,1,5,3,1
1961,West Ham United,Tottenham Hotspur,2,1,1,1,3,1,1
1961,Wolverhampton Wanderers,Blackburn Rovers,0,2,1,1,2,-2,0
1961,Wolverhampton Wanderers,Leicester City,1,1,1,1,2,0,0
1961,Brighton & Hove Albion,Bristol Rovers,1,0,2,2,1,1,1
1961,Brighton & Hove Albion,Derby County,1,2,2,2,3,-1,0
1961,Brighton & Hove Albion,Leyton Orient,0,1,2,2,1,-1,0
1961,Brighton & Hove Albion,Middlesbrough,2,0,2,2,2,2,1
1961,Brighton & Hove Albion,Plymouth Argyle,3,2,2,2,5,1,1
1961,Bristol Rovers,Brighton & Hove Albion,0,1,2,2,1,-1,0
1961,Bristol Rovers,Leyton Orient,2,1,2,2,3,1,1
1961,Bristol Rovers,Plymouth Argyle,4,3,2,2,7,1,1
1961,Bristol Rovers,Scunthorpe United,2,1,2,2,3,1,1
1961,Bristol Rovers,Sunderland,2,3,2,2,5,-1,0
1961,Bury,Plymouth Argyle,1,1,2,2,2,0,0
1961,Charlton Athletic,Brighton & Hove Albion,2,3,2,2,5,-1,0
1961,Charlton Athletic,Derby County,4,0,2,2,4,4,1
1961,Charlton Athletic,Plymouth Argyle,3,1,2,2,4,2,1
1961,Charlton Athletic,Sunderland,2,0,2,2,2,2,1
1961,Derby County,Charlton Athletic,0,1,2,2,1,-1,0
1961,Derby County,Leyton Orient,1,2,2,2,3,-1,0
1961,Derby County,Plymouth Argyle,2,2,2,2,4,0,0
1961,Derby County,Scunthorpe United,2,2,2,2,4,0,0
1961,Huddersfield Town,Brighton & Hove Albion,2,0,2,2,2,2,1
1961,Huddersfield Town,Charlton Athletic,0,2,2,2,2,-2,0
1961,Huddersfield Town,Leyton Orient,1,1,2,2,2,0,0
1961,Huddersfield Town,Middlesbrough,0,0,2,2,0,0,0
1961,Huddersfield Town,Plymouth Argyle,5,1,2,2,6,4,1
1961,Leeds United,Middlesbrough,2,0,2,2,2,2,1
1961,Leeds United,Sunderland,1,0,2,2,1,1,1
1961,Leyton Orient,Brighton & Hove Albion,4,1,2,2,5,3,1
1961,Leyton Orient,Charlton Athletic,2,1,2,2,3,1,1
1961,Leyton Orient,Middlesbrough,2,0,2,2,2,2,1
1961,Leyton Orient,Scunthorpe United,0,1,2,2,1,-1,0
1961,Leyton Orient,Sunderland,1,1,2,2,2,0,0
1961,Liverpool,Charlton Athletic,2,1,2,2,3,1,1
1961,Liverpool,Leeds United,5,0,2,2,5,5,1
1961,Liverpool,Plymouth Argyle,2,1,2,2,3,1,1
1961,Liverpool,Sunderland,3,0,2,2,3,3,1
1961,Luton Town,Charlton Athletic,1,6,2,2,7,-5,0
1961,Luton Town,Leeds United,3,2,2,2,5,1,1
1961,Luton Town,Plymouth Argyle,0,2,2,2,2,-2,0
1961,Luton Town,Sunderland,1,2,2,2,3,-1,0
1961,Middlesbrough,Charlton Athletic,3,2,2,2,5,1,1
1961,Middlesbrough,Leeds United,1,3,2,2,4,-2,0
1961,Middlesbrough,Luton Town,2,4,2,2,6,-2,0
1961,Middlesbrough,Scunthorpe United,1,2,2,2,3,-1,0
1961,Middlesbrough,Sunderland,0,1,2,2,1,-1,0
1961,Newcastle United,Brighton & Hove Albion,5,0,2,2,5,5,1
1961,Newcastle United,Charlton Athletic,4,1,2,2,5,3,1
1961,Newcastle United,Leeds United,0,3,2,2,3,-3,0
1961,Newcastle United,Plymouth Argyle,0,2,2,2,2,-2,0
1961,Newcastle United,Scunthorpe United,2,1,2,2,3,1,1
1961,Norwich City,Charlton Athletic,2,2,2,2,4,0,0
1961,Norwich City,Sunderland,3,1,2,2,4,2,1
1961,Plymouth Argyle,Charlton Athletic,2,1,2,2,3,1,1
1961,Plymouth Argyle,Luton Town,0,3,2,2,3,-3,0
1961,Plymouth Argyle,Norwich City,3,1,2,2,4,2,1
1961,Preston North End,Brighton & Hove Albion,3,1,2,2,4,2,1
1961,Preston North End,Leeds United,1,1,2,2,2,0,0
1961,Preston North End,Luton Town,2,0,2,2,2,2,1
1961,Preston North End,Scunthorpe United,4,1,2,2,5,3,1
1961,Preston North End,Sunderland,0,1,2,2,1,-1,0
1961,Rotherham United,Scunthorpe United,0,1,2,2,1,-1,0
1961,Scunthorpe United,Brighton & Hove Albion,3,3,2,2,6,0,0
1961,Scunthorpe United,Luton Town,2,0,2,2,2,2,1
1961,Scunthorpe United,Rotherham United,5,2,2,2,7,3,1
1961,Southampton,Brighton & Hove Albion,6,1,2,2,7,5,1
1961,Southampton,Charlton Athletic,1,2,2,2,3,-1,0
1961,Southampton,Leeds United,4,1,2,2,5,3,1
1961,Southampton,Luton Town,3,0,2,2,3,3,1
1961,Stoke City,Charlton Athletic,4,0,2,2,4,4,1
1961,Stoke City,Leeds United,2,1,2,2,3,1,1
1961,Stoke City,Luton Town,2,1,2,2,3,1,1
1961,Stoke City,Norwich City,3,1,2,2,4,2,1
1961,Sunderland,Brighton & Hove Albion,0,0,2,2,0,0,0
1961,Sunderland,Leeds United,2,1,2,2,3,1,1
1961,Sunderland,Luton Town,2,2,2,2,4,0,0
1961,Sunderland,Stoke City,2,1,2,2,3,1,1
1961,Swansea City,Brighton & Hove Albion,3,0,2,2,3,3,1
1961,Walsall,Brighton & Hove Albion,2,2,2,2,4,0,0
1961,Walsall,Leeds United,1,1,2,2,2,0,0
1961,AFC Bournemouth,Barnsley,5,0,3,3,5,5,1
1961,AFC Bournemouth,Bristol City,2,1,3,3,3,1,1
1961,AFC Bournemouth,Notts County,2,1,3,3,3,1,1
1961,AFC Bournemouth,Portsmouth,2,0,3,3,2,2,1
1961,Barnsley,Coventry City,2,1,3,3,3,1,1
1961,Barnsley,Newport County,1,1,3,3,2,0,0
1961,Barnsley,Queens Park Rangers,2,4,3,3,6,-2,0
1961,Bradford Park Avenue,Crystal Palace,2,0,3,3,2,2,1
1961,Bradford Park Avenue,Hull City,1,0,3,3,1,1,1
1961,Bradford Park Avenue,Reading,1,3,3,3,4,-2,0
1961,Bradford Park Avenue,Swindon Town,2,2,3,3,4,0,0
1961,Brentford,AFC Bournemouth,2,2,3,3,4,0,0
1961,Brentford,Bristol City,0,2,3,3,2,-2,0
1961,Brentford,Grimsby Town,0,2,3,3,2,-2,0
1961,Brentford,Lincoln City,1,0,3,3,1,1,1
1961,Brentford,Shrewsbury Town,4,0,3,3,4,4,1
1961,Brentford,Torquay United,0,2,3,3,2,-2,0
1961,Bristol City,Watford,2,1,3,3,3,1,1
1961,Coventry City,Crystal Palace,0,2,3,3,2,-2,0
1961,Coventry City,Hull City,0,2,3,3,2,-2,0
1961,Coventry City,Port Vale,0,1,3,3,1,-1,0
1961,Crystal Palace,AFC Bournemouth,0,0,3,3,0,0,0
1961,Crystal Palace,Brentford,2,2,3,3,4,0,0
1961,Grimsby Town,Halifax Town,3,0,3,3,3,3,1
1961,Grimsby Town,Peterborough United,2,1,3,3,3,1,1
1961,Grimsby Town,Queens Park Rangers,1,1,3,3,2,0,0
1961,Halifax Town,Northampton Town,1,3,3,3,4,-2,0
1961,Halifax Town,Reading,2,1,3,3,3,1,1
1961,Hull City,AFC Bournemouth,2,1,3,3,3,1,1
1961,Hull City,Notts County,2,1,3,3,3,1,1
1961,Hull City,Portsmouth,0,1,3,3,1,-1,0
1961,Hull City,Shrewsbury Town,3,1,3,3,4,2,1
1961,Lincoln City,Bristol City,1,1,3,3,2,0,0
1961,Lincoln City,Newport County,3,2,3,3,5,1,1
1961,Lincoln City,Queens Park Rangers,0,5,3,3,5,-5,0
1961,Newport County,Halifax Town,0,1,3,3,1,-1,0
1961,Newport County,Northampton Town,0,0,3,3,0,0,0
1961,Newport County,Port Vale,1,1,3,3,2,0,0
1961,Newport County,Swindon Town,2,2,3,3,4,0,0
1961,Northampton Town,Crystal Palace,1,1,3,3,2,0,0
1961,Northampton Town,Hull City,2,0,3,3,2,2,1
1961,Northampton Town,Notts County,1,2,3,3,3,-1,0
1961,Northampton Town,Portsmouth,2,2,3,3,4,0,0
1961,Northampton Town,Torquay United,1,2,3,3,3,-1,0
1961,Notts County,Southend United,2,0,3,3,2,2,1
1961,Notts County,Watford,1,0,3,3,1,1,1
1961,Peterborough United,Halifax Town,5,1,3,3,6,4,1
1961,Peterborough United,Port Vale,1,3,3,3,4,-2,0
1961,Port Vale,AFC Bournemouth,1,0,3,3,1,1,1
1961,Port Vale,Crystal Palace,0,1,3,3,1,-1,0
1961,Port Vale,Northampton Town,1,1,3,3,2,0,0
1961,Port Vale,Shrewsbury Town,4,1,3,3,5,3,1
1961,Portsmouth,Notts County,0,0,3,3,0,0,0
1961,Portsmouth,Queens Park Rangers,4,1,3,3,5,3,1
1961,Portsmouth,Southend United,1,0,3,3,1,1,1
1961,Queens Park Rangers,Coventry City,4,1,3,3,5,3,1
1961,Queens Park Rangers,Halifax Town,6,2,3,3,8,4,1
1961,Queens Park Rangers,Newport County,4,0,3,3,4,4,1
1961,Reading,Brentford,4,0,3,3,4,4,1
1961,Reading,Port Vale,0,0,3,3,0,0,0
1961,Shrewsbury Town,Barnsley,4,1,3,3,5,3,1
1961,Shrewsbury Town,Lincoln City,0,0,3,3,0,0,0
1961,Shrewsbury Town,Notts County,3,0,3,3,3,3,1
1961,Shrewsbury Town,Southend United,1,1,3,3,2,0,0
1961,Southend United,Bradford Park Avenue,2,1,3,3,3,1,1
1961,Southend United,Coventry City,2,0,3,3,2,2,1
1961,Southend United,Halifax Town,2,1,3,3,3,1,1
1961,Southend United,Newport County,1,0,3,3,1,1,1
1961,Southend United,Queens Park Rangers,2,3,3,3,5,-1,0
1961,Swindon Town,AFC Bournemouth,1,1,3,3,2,0,0
1961,Swindon Town,Brentford,5,2,3,3,7,3,1
1961,Swindon Town,Crystal Palace,5,0,3,3,5,5,1
1961,Swindon Town,Hull City,1,1,3,3,2,0,0
1961,Swindon Town,Port Vale,1,0,3,3,1,1,1
1961,Torquay United,Grimsby Town,1,2,3,3,3,-1,0
1961,Torquay United,Lincoln City,3,4,3,3,7,-1,0
1961,Torquay United,Notts County,3,3,3,3,6,0,0
1961,Torquay United,Portsmouth,0,2,3,3,2,-2,0
1961,Torquay United,Shrewsbury Town,3,1,3,3,4,2,1
1961,Watford,Halifax Town,0,0,3,3,0,0,0
1961,Watford,Newport County,3,1,3,3,4,2,1
1961,Watford,Peterborough United,2,3,3,3,5,-1,0
1961,Accrington Stanley,Aldershot,0,2,4,4,2,-2,0
1961,Accrington Stanley,Colchester United,0,4,4,4,4,-4,0
1961,Aldershot,Barrow,3,1,4,4,4,2,1
1961,Aldershot,Crewe Alexandra,1,0,4,4,1,1,1
1961,Aldershot,Exeter City,1,1,4,4,2,0,0
1961,Aldershot,Rochdale,3,0,4,4,3,3,1
1961,Aldershot,Tranmere Rovers,3,1,4,4,4,2,1
1961,Barrow,Gillingham,7,0,4,4,7,7,1
1961,Barrow,Workington,1,1,4,4,2,0,0
1961,Bradford City,Carlisle United,3,2,4,4,5,1,1
1961,Bradford City,Doncaster Rovers,2,0,4,4,2,2,1
1961,Bradford City,Oldham Athletic,1,1,4,4,2,0,0
1961,Bradford City,Wrexham,5,3,4,4,8,2,1
1961,Carlisle United,Aldershot,2,1,4,4,3,1,1
1961,Carlisle United,Rochdale,2,2,4,4,4,0,0
1961,Carlisle United,Tranmere Rovers,0,3,4,4,3,-3,0
1961,Carlisle United,York City,3,2,4,4,5,1,1
1961,Chester,Barrow,2,3,4,4,5,-1,0
1961,Chester,Chesterfield,4,1,4,4,5,3,1
1961,Chester,Darlington,2,2,4,4,4,0,0
1961,Chester,Gillingham,1,1,4,4,2,0,0
1961,Chester,Millwall,2,4,4,4,6,-2,0
1961,Chester,Southport,2,0,4,4,2,2,1
1961,Chesterfield,Aldershot,2,3,4,4,5,-1,0
1961,Chesterfield,Crewe Alexandra,3,1,4,4,4,2,1
1961,Chesterfield,Rochdale,1,0,4,4,1,1,1
1961,Chesterfield,York City,1,1,4,4,2,0,0
1961,Colchester United,Darlington,2,0,4,4,2,2,1
1961,Crewe Alexandra,Bradford City,1,2,4,4,3,-1,0
1961,Crewe Alexandra,Chesterfield,2,1,4,4,3,1,1
1961,Crewe Alexandra,Doncaster Rovers,2,0,4,4,2,2,1
1961,Crewe Alexandra,Stockport County,3,2,4,4,5,1,1
1961,Darlington,Colchester United,0,2,4,4,2,-2,0
1961,Darlington,Exeter City,1,0,4,4,1,1,1
1961,Darlington,Rochdale,2,0,4,4,2,2,1
1961,Darlington,Tranmere Rovers,2,1,4,4,3,1,1
1961,Doncaster Rovers,Barrow,3,2,4,4,5,1,1
1961,Doncaster Rovers,Chester,2,0,4,4,2,2,1
1961,Doncaster Rovers,Crewe Alexandra,3,0,4,4,3,3,1
1961,Doncaster Rovers,Millwall,1,2,4,4,3,-1,0
1961,Doncaster Rovers,Workington,1,1,4,4,2,0,0
1961,Exeter City,Accrington Stanley,3,0,4,4,3,3,1
1961,Exeter City,Darlington,0,1,4,4,1,-1,0
1961,Exeter City,Stockport County,4,3,4,4,7,1,1
1961,Exeter City,Wrexham,1,1,4,4,2,0,0
1961,Gillingham,Colchester United,2,1,4,4,3,1,1
1961,Gillingham,Mansfield Town,2,2,4,4,4,0,0
1961,Gillingham,Rochdale,4,2,4,4,6,2,1
1961,Gillingham,York City,1,2,4,4,3,-1,0
1961,Hartlepool United,Bradford City,1,3,4,4,4,-2,0
1961,Hartlepool United,Oldham Athletic,1,1,4,4,2,0,0
1961,Mansfield Town,Barrow,0,1,4,4,1,-1,0
1961,Mansfield Town,Chester,3,0,4,4,3,3,1
1961,Mansfield Town,Crewe Alexandra,1,1,4,4,2,0,0
1961,Millwall,Carlisle United,3,0,4,4,3,3,1
1961,Millwall,Colchester United,2,0,4,4,2,2,1
1961,Millwall,Doncaster Rovers,2,0,4,4,2,2,1
1961,Millwall,Tranmere Rovers,3,0,4,4,3,3,1
1961,Millwall,York City,2,1,4,4,3,1,1
1961,Oldham Athletic,Chester,4,1,4,4,5,3,1
1961,Oldham Athletic,Exeter City,1,1,4,4,2,0,0
1961,Rochdale,Accrington Stanley,1,0,4,4,1,1,1
1961,Rochdale,Chesterfield,1,1,4,4,2,0,0
1961,Rochdale,Darlington,1,3,4,4,4,-2,0
1961,Rochdale,Wrexham,2,1,4,4,3,1,1
1961,Southport,Barrow,0,0,4,4,0,0,0
1961,Southport,Exeter City,1,1,4,4,2,0,0
1961,Southport,Mansfield Town,2,1,4,4,3,1,1
1961,Southport,Workington,1,1,4,4,2,0,0
1961,Stockport County,Chesterfield,2,1,4,4,3,1,1
1961,Stockport County,Gillingham,3,1,4,4,4,2,1
1961,Stockport County,Millwall,1,1,4,4,2,0,0
1961,Tranmere Rovers,Hartlepool United,3,2,4,4,5,1,1
1961,Tranmere Rovers,York City,2,2,4,4,4,0,0
1961,Workington,Bradford City,5,3,4,4,8,2,1
1961,Workington,Chesterfield,2,0,4,4,2,2,1
1961,Workington,Millwall,2,2,4,4,4,0,0
1961,Workington,Southport,3,0,4,4,3,3,1
1961,Wrexham,Barrow,1,1,4,4,2,0,0
1961,Wrexham,Crewe Alexandra,1,1,4,4,2,0,0
1961,Wrexham,Rochdale,3,0,4,4,3,3,1
1961,Wrexham,Tranmere Rovers,4,0,4,4,4,4,1
1961,York City,Chesterfield,4,0,4,4,4,4,1
1961,York City,Darlington,2,1,4,4,3,1,1
1961,York City,Millwall,0,1,4,4,1,-1,0
1961,York City,Workington,4,0,4,4,4,4,1
1962,Arsenal,Bolton Wanderers,3,2,1,1,5,1,1
1962,Arsenal,Leyton Orient,2,0,1,1,2,2,1
1962,Arsenal,West Ham United,1,1,1,1,2,0,0
1962,Aston Villa,Birmingham City,4,0,1,1,4,4,1
1962,Aston Villa,Leyton Orient,1,0,1,1,1,1,1
1962,Aston Villa,Sheffield Wednesday,0,2,1,1,2,-2,0
1962,Birmingham City,Aston Villa,3,2,1,1,5,1,1
1962,Birmingham City,Bolton Wanderers,2,2,1,1,4,0,0
1962,Birmingham City,Leyton Orient,2,2,1,1,4,0,0
1962,Birmingham City,Manchester United,2,1,1,1,3,1,1
1962,Birmingham City,Sheffield Wednesday,1,1,1,1,2,0,0
1962,Blackburn Rovers,Aston Villa,4,1,1,1,5,3,1
1962,Blackburn Rovers,Fulham,0,1,1,1,1,-1,0
1962,Blackburn Rovers,Leyton Orient,1,1,1,1,2,0,0
1962,Blackburn Rovers,Manchester United,2,2,1,1,4,0,0
1962,Blackburn Rovers,Sheffield Wednesday,3,0,1,1,3,3,1
1962,Blackpool,Bolton Wanderers,3,1,1,1,4,2,1
1962,Blackpool,Fulham,0,0,1,1,0,0,0
1962,Blackpool,Manchester United,2,2,1,1,4,0,0
1962,Blackpool,Sheffield Wednesday,2,3,1,1,5,-1,0
1962,Bolton Wanderers,Blackpool,3,0,1,1,3,3,1
1962,Bolton Wanderers,Fulham,1,0,1,1,1,1,1
1962,Bolton Wanderers,Leyton Orient,0,1,1,1,1,-1,0
1962,Bolton Wanderers,Manchester United,3,0,1,1,3,3,1
1962,Burnley,Fulham,4,0,1,1,4,4,1
1962,Burnley,Leyton Orient,2,0,1,1,2,2,1
1962,Burnley,Manchester United,0,1,1,1,1,-1,0
1962,Burnley,Sheffield Wednesday,4,0,1,1,4,4,1
1962,Burnley,West Ham United,1,1,1,1,2,0,0
1962,Everton,Blackpool,5,0,1,1,5,5,1
1962,Everton,Fulham,4,1,1,1,5,3,1
1962,Fulham,Aston Villa,1,0,1,1,1,1,1
1962,Fulham,Everton,1,0,1,1,1,1,1
1962,Fulham,Leyton Orient,0,2,1,1,2,-2,0
1962,Fulham,Manchester United,0,1,1,1,1,-1,0
1962,Fulham,Sheffield Wednesday,4,1,1,1,5,3,1
1962,Fulham,West Ham United,2,0,1,1,2,2,1
1962,Ipswich Town,Blackpool,5,2,1,1,7,3,1
1962,Ipswich Town,Everton,0,3,1,1,3,-3,0
1962,Ipswich Town,Leyton Orient,1,1,1,1,2,0,0
1962,Ipswich Town,West Ham United,2,3,1,1,5,-1,0
1962,Leicester City,Aston Villa,3,3,1,1,6,0,0
1962,Leicester City,Blackpool,0,0,1,1,0,0,0
1962,Leicester City,Leyton Orient,5,1,1,1,6,4,1
1962,Leicester City,Manchester United,4,3,1,1,7,1,1
1962,Leicester City,West Ham United,2,0,1,1,2,2,1
1962,Leyton Orient,Aston Villa,0,2,1,1,2,-2,0
1962,Leyton Orient,Blackpool,0,2,1,1,2,-2,0
1962,Leyton Orient,Everton,3,0,1,1,3,3,1
1962,Leyton Orient,Manchester United,1,0,1,1,1,1,1
1962,Leyton Orient,Sheffield Wednesday,2,4,1,1,6,-2,0
1962,Leyton Orient,West Ham United,2,0,1,1,2,2,1
1962,Liverpool,Leicester City,0,2,1,1,2,-2,0
1962,Liverpool,Manchester United,1,0,1,1,1,1,1
1962,Manchester City,Aston Villa,0,2,1,1,2,-2,0
1962,Manchester City,Sheffield Wednesday,3,2,1,1,5,1,1
1962,Manchester City,West Ham United,1,6,1,1,7,-5,0
1962,Manchester United,Aston Villa,2,2,1,1,4,0,0
1962,Manchester United,Blackpool,1,1,1,1,2,0,0
1962,Manchester United,Everton,0,1,1,1,1,-1,0
1962,Manchester United,Leicester City,2,2,1,1,4,0,0
1962,Manchester United,West Ham United,3,1,1,1,4,2,1
1962,Nottingham Forest,Leicester City,0,2,1,1,2,-2,0
1962,Nottingham Forest,Manchester City,1,1,1,1,2,0,0
1962,Nottingham Forest,West Ham United,3,4,1,1,7,-1,0
1962,Sheffield United,Blackpool,0,0,1,1,0,0,0
1962,Sheffield United,Everton,2,1,1,1,3,1,1
1962,Sheffield United,Manchester City,3,1,1,1,4,2,1
1962,Sheffield Wednesday,Aston Villa,0,0,1,1,0,0,0
1962,Sheffield Wednesday,Leicester City,0,3,1,1,3,-3,0
1962,Sheffield Wednesday,Manchester City,4,1,1,1,5,3,1
1962,Sheffield Wednesday,Sheffield United,3,1,1,1,4,2,1
1962,West Bromwich Albion,Blackpool,1,2,1,1,3,-1,0
1962,West Bromwich Albion,Manchester City,2,1,1,1,3,1,1
1962,West Ham United,Aston Villa,1,1,1,1,2,0,0
1962,West Ham United,Leicester City,2,0,1,1,2,2,1
1962,West Ham United,Sheffield United,1,1,1,1,2,0,0
1962,Wolverhampton Wanderers,Aston Villa,3,1,1,1,4,2,1
1962,Wolverhampton Wanderers,Leicester City,1,3,1,1,4,-2,0
1962,Wolverhampton Wanderers,West Bromwich Albion,7,0,1,1,7,7,1
1962,Bury,Charlton Athletic,3,1,2,2,4,2,1
1962,Bury,Grimsby Town,2,0,2,2,2,2,1
1962,Bury,Luton Town,1,0,2,2,1,1,1
1962,Cardiff City,Charlton Athletic,1,2,2,2,3,-1,0
1962,Cardiff City,Luton Town,1,0,2,2,1,1,1
1962,Cardiff City,Norwich City,2,4,2,2,6,-2,0
1962,Cardiff City,Preston North End,1,1,2,2,2,0,0
1962,Charlton Athletic,Cardiff City,2,4,2,2,6,-2,0
1962,Charlton Athletic,Grimsby Town,0,3,2,2,3,-3,0
1962,Charlton Athletic,Luton Town,2,0,2,2,2,2,1
1962,Charlton Athletic,Preston North End,2,1,2,2,3,1,1
1962,Chelsea,Cardiff City,6,0,2,2,6,6,1
1962,Chelsea,Luton Town,3,1,2,2,4,2,1
1962,Chelsea,Southampton,2,0,2,2,2,2,1
1962,Derby County,Cardiff City,1,2,2,2,3,-1,0
1962,Derby County,Grimsby Town,2,4,2,2,6,-2,0
1962,Derby County,Luton Town,1,0,2,2,1,1,1
1962,Derby County,Norwich City,3,0,2,2,3,3,1
1962,Derby County,Southampton,3,1,2,2,4,2,1
1962,Derby County,Swansea City,0,2,2,2,2,-2,0
1962,Grimsby Town,Cardiff City,1,2,2,2,3,-1,0
1962,Grimsby Town,Preston North End,2,0,2,2,2,2,1
1962,Huddersfield Town,Cardiff City,1,0,2,2,1,1,1
1962,Huddersfield Town,Luton Town,2,0,2,2,2,2,1
1962,Huddersfield Town,Norwich City,0,0,2,2,0,0,0
1962,Leeds United,Cardiff City,3,0,2,2,3,3,1
1962,Leeds United,Derby County,3,1,2,2,4,2,1
1962,Leeds United,Luton Town,3,0,2,2,3,3,1
1962,Leeds United,Norwich City,3,0,2,2,3,3,1
1962,Leeds United,Preston North End,4,1,2,2,5,3,1
1962,Leeds United,Southampton,1,1,2,2,2,0,0
1962,Luton Town,Cardiff City,2,3,2,2,5,-1,0
1962,Luton Town,Derby County,1,2,2,2,3,-1,0
1962,Luton Town,Norwich City,4,2,2,2,6,2,1
1962,Luton Town,Southampton,3,2,2,2,5,1,1
1962,Luton Town,Swansea City,3,1,2,2,4,2,1
1962,Middlesbrough,Norwich City,6,2,2,2,8,4,1
1962,Middlesbrough,Preston North End,2,0,2,2,2,2,1
1962,Middlesbrough,Southampton,1,2,2,2,3,-1,0
1962,Newcastle United,Cardiff City,2,1,2,2,3,1,1
1962,Newcastle United,Leeds United,1,1,2,2,2,0,0
1962,Newcastle United,Norwich City,2,1,2,2,3,1,1
1962,Norwich City,Cardiff City,0,0,2,2,0,0,0
1962,Norwich City,Derby County,2,0,2,2,2,2,1
1962,Norwich City,Leeds United,3,2,2,2,5,1,1
1962,Norwich City,Newcastle United,1,2,2,2,3,-1,0
1962,Norwich City,Preston North End,1,1,2,2,2,0,0
1962,Plymouth Argyle,Cardiff City,4,2,2,2,6,2,1
1962,Plymouth Argyle,Leeds United,3,1,2,2,4,2,1
1962,Plymouth Argyle,Newcastle United,0,2,2,2,2,-2,0
1962,Plymouth Argyle,Preston North End,7,1,2,2,8,6,1
1962,Plymouth Argyle,Southampton,2,1,2,2,3,1,1
1962,Plymouth Argyle,Swansea City,1,0,2,2,1,1,1
1962,Portsmouth,Leeds United,3,0,2,2,3,3,1
1962,Portsmouth,Preston North End,1,2,2,2,3,-1,0
1962,Portsmouth,Southampton,1,1,2,2,2,0,0
1962,Preston North End,Cardiff City,2,6,2,2,8,-4,0
1962,Preston North End,Leeds United,4,1,2,2,5,3,1
1962,Preston North End,Southampton,1,0,2,2,1,1,1
1962,Preston North End,Swansea City,6,3,2,2,9,3,1
1962,Rotherham United,Cardiff City,2,1,2,2,3,1,1
1962,Rotherham United,Derby County,2,2,2,2,4,0,0
1962,Rotherham United,Southampton,2,0,2,2,2,2,1
1962,Scunthorpe United,Derby County,2,1,2,2,3,1,1
1962,Scunthorpe United,Portsmouth,1,2,2,2,3,-1,0
1962,Scunthorpe United,Swansea City,1,0,2,2,1,1,1
1962,Southampton,Cardiff City,3,5,2,2,8,-2,0
1962,Southampton,Newcastle United,3,0,2,2,3,3,1
1962,Southampton,Portsmouth,4,2,2,2,6,2,1
1962,Southampton,Swansea City,3,0,2,2,3,3,1
1962,Stoke City,Derby County,3,3,2,2,6,0,0
1962,Stoke City,Newcastle United,3,1,2,2,4,2,1
1962,Stoke City,Scunthorpe United,2,3,2,2,5,-1,0
1962,Stoke City,Swansea City,2,0,2,2,2,2,1
1962,Sunderland,Cardiff City,2,1,2,2,3,1,1
1962,Sunderland,Portsmouth,1,0,2,2,1,1,1
1962,Sunderland,Scunthorpe United,0,0,2,2,0,0,0
1962,Swansea City,Cardiff City,2,1,2,2,3,1,1
1962,Swansea City,Leeds United,0,2,2,2,2,-2,0
1962,Swansea City,Sunderland,3,4,2,2,7,-1,0
1962,Walsall,Cardiff City,2,1,2,2,3,1,1
1962,Walsall,Scunthorpe United,1,1,2,2,2,0,0
1962,AFC Bournemouth,Bradford Park Avenue,2,2,3,3,4,0,0
1962,AFC Bournemouth,Coventry City,1,1,3,3,2,0,0
1962,AFC Bournemouth,Hull City,3,0,3,3,3,3,1
1962,AFC Bournemouth,Notts County,3,1,3,3,4,2,1
1962,AFC Bournemouth,Queens Park Rangers,2,1,3,3,3,1,1
1962,AFC Bournemouth,Wrexham,3,1,3,3,4,2,1
1962,Barnsley,Brighton & Hove Albion,2,0,3,3,2,2,1
1962,Barnsley,Carlisle United,2,0,3,3,2,2,1
1962,Barnsley,Swindon Town,1,1,3,3,2,0,0
1962,Bradford Park Avenue,AFC Bournemouth,1,1,3,3,2,0,0
1962,Bradford Park Avenue,Colchester United,1,1,3,3,2,0,0
1962,Bradford Park Avenue,Port Vale,2,1,3,3,3,1,1
1962,Bradford Park Avenue,Shrewsbury Town,2,1,3,3,3,1,1
1962,Brighton & Hove Albion,Barnsley,2,0,3,3,2,2,1
1962,Brighton & Hove Albion,Coventry City,2,2,3,3,4,0,0
1962,Brighton & Hove Albion,Queens Park Rangers,2,2,3,3,4,0,0
1962,Brighton & Hove Albion,Southend United,0,0,3,3,0,0,0
1962,Brighton & Hove Albion,Wrexham,1,3,3,3,4,-2,0
1962,Bristol City,Carlisle United,2,2,3,3,4,0,0
1962,Bristol City,Millwall,2,2,3,3,4,0,0
1962,Bristol City,Peterborough United,1,1,3,3,2,0,0
1962,Bristol City,Swindon Town,2,2,3,3,4,0,0
1962,Bristol Rovers,Port Vale,1,1,3,3,2,0,0
1962,Carlisle United,Bristol City,2,5,3,3,7,-3,0
1962,Carlisle United,Notts County,4,2,3,3,6,2,1
1962,Carlisle United,Southend United,1,2,3,3,3,-1,0
1962,Colchester United,Bristol Rovers,1,0,3,3,1,1,1
1962,Colchester United,Millwall,2,5,3,3,7,-3,0
1962,Colchester United,Peterborough United,2,0,3,3,2,2,1
1962,Coventry City,AFC Bournemouth,1,2,3,3,3,-1,0
1962,Coventry City,Carlisle United,3,2,3,3,5,1,1
1962,Coventry City,Watford,3,1,3,3,4,2,1
1962,Crystal Palace,Barnsley,1,2,3,3,3,-1,0
1962,Crystal Palace,Hull City,1,1,3,3,2,0,0
1962,Crystal Palace,Notts County,1,1,3,3,2,0,0
1962,Crystal Palace,Queens Park Rangers,1,0,3,3,1,1,1
1962,Crystal Palace,Southend United,2,3,3,3,5,-1,0
1962,Halifax Town,Coventry City,2,4,3,3,6,-2,0
1962,Halifax Town,Millwall,3,0,3,3,3,3,1
1962,Hull City,Brighton & Hove Albion,2,1,3,3,3,1,1
1962,Hull City,Carlisle United,3,1,3,3,4,2,1
1962,Hull City,Crystal Palace,0,0,3,3,0,0,0
1962,Hull City,Port Vale,0,1,3,3,1,-1,0
1962,Hull City,Shrewsbury Town,2,2,3,3,4,0,0
1962,Millwall,Bristol City,4,2,3,3,6,2,1
1962,Millwall,Halifax Town,1,1,3,3,2,0,0
1962,Millwall,Queens Park Rangers,0,0,3,3,0,0,0
1962,Millwall,Southend United,3,1,3,3,4,2,1
1962,Northampton Town,Peterborough United,2,3,3,3,5,-1,0
1962,Notts County,AFC Bournemouth,2,0,3,3,2,2,1
1962,Notts County,Brighton & Hove Albion,0,1,3,3,1,-1,0
1962,Notts County,Crystal Palace,0,2,3,3,2,-2,0
1962,Notts County,Millwall,3,3,3,3,6,0,0
1962,Peterborough United,Bristol City,3,1,3,3,4,2,1
1962,Peterborough United,Halifax Town,1,1,3,3,2,0,0
1962,Peterborough United,Northampton Town,0,4,3,3,4,-4,0
1962,Peterborough United,Queens Park Rangers,1,2,3,3,3,-1,0
1962,Peterborough United,Southend United,1,3,3,3,4,-2,0
1962,Port Vale,Bradford Park Avenue,2,1,3,3,3,1,1
1962,Port Vale,Coventry City,2,1,3,3,3,1,1
1962,Queens Park Rangers,Millwall,2,3,3,3,5,-1,0
1962,Queens Park Rangers,Shrewsbury Town,0,0,3,3,0,0,0
1962,Reading,Bristol City,0,3,3,3,3,-3,0
1962,Reading,Colchester United,4,1,3,3,5,3,1
1962,Reading,Wrexham,3,0,3,3,3,3,1
1962,Shrewsbury Town,Bradford Park Avenue,1,2,3,3,3,-1,0
1962,Shrewsbury Town,Bristol Rovers,7,2,3,3,9,5,1
1962,Shrewsbury Town,Coventry City,2,1,3,3,3,1,1
1962,Shrewsbury Town,Notts County,2,2,3,3,4,0,0
1962,Shrewsbury Town,Queens Park Rangers,0,3,3,3,3,-3,0
1962,Southend United,Brighton & Hove Albion,1,1,3,3,2,0,0
1962,Southend United,Crystal Palace,1,0,3,3,1,1,1
1962,Southend United,Millwall,2,1,3,3,3,1,1
1962,Southend United,Peterborough United,2,1,3,3,3,1,1
1962,Southend United,Reading,2,0,3,3,2,2,1
1962,Swindon Town,Colchester United,6,1,3,3,7,5,1
1962,Swindon Town,Halifax Town,1,1,3,3,2,0,0
1962,Watford,Hull City,4,2,3,3,6,2,1
1962,Watford,Queens Park Rangers,2,5,3,3,7,-3,0
1962,Watford,Southend United,3,1,3,3,4,2,1
1962,Wrexham,Brighton & Hove Albion,0,0,3,3,0,0,0
1962,Wrexham,Carlisle United,2,1,3,3,3,1,1
1962,Wrexham,Millwall,5,1,3,3,6,4,1
1962,Aldershot,Chesterfield,1,0,4,4,1,1,1
1962,Aldershot,Doncaster Rovers,3,1,4,4,4,2,1
1962,Aldershot,Newport County,2,1,4,4,3,1,1
1962,Aldershot,Torquay United,1,1,4,4,2,0,0
1962,Aldershot,York City,4,1,4,4,5,3,1
1962,Barrow,Exeter City,0,2,4,4,2,-2,0
1962,Barrow,Oldham Athletic,3,2,4,4,5,1,1
1962,Bradford City,Aldershot,0,2,4,4,2,-2,0
1962,Bradford City,Chester,2,0,4,4,2,2,1
1962,Bradford City,Gillingham,1,1,4,4,2,0,0
1962,Bradford City,Mansfield Town,1,3,4,4,4,-2,0
1962,Bradford City,Oxford United,1,4,4,4,5,-3,0
1962,Bradford City,Stockport County,3,2,4,4,5,1,1
1962,Brentford,Chesterfield,2,1,4,4,3,1,1
1962,Brentford,Doncaster Rovers,1,0,4,4,1,1,1
1962,Brentford,Hartlepool United,4,0,4,4,4,4,1
1962,Brentford,Newport County,3,1,4,4,4,2,1
1962,Brentford,Torquay United,2,2,4,4,4,0,0
1962,Brentford,York City,2,1,4,4,3,1,1
1962,Chester,Crewe Alexandra,1,2,4,4,3,-1,0
1962,Chester,Exeter City,3,1,4,4,4,2,1
1962,Chester,Lincoln City,3,2,4,4,5,1,1
1962,Chester,Southport,6,1,4,4,7,5,1
1962,Chesterfield,Darlington,6,1,4,4,7,5,1
1962,Chesterfield,Mansfield Town,4,4,4,4,8,0,0
1962,Chesterfield,Stockport County,1,2,4,4,3,-1,0
1962,Crewe Alexandra,Barrow,2,1,4,4,3,1,1
1962,Crewe Alexandra,Newport County,4,1,4,4,5,3,1
1962,Crewe Alexandra,Rochdale,1,2,4,4,3,-1,0
1962,Crewe Alexandra,York City,1,0,4,4,1,1,1
1962,Darlington,Bradford City,2,1,4,4,3,1,1
1962,Darlington,Chesterfield,2,1,4,4,3,1,1
1962,Darlington,Oldham Athletic,1,1,4,4,2,0,0
1962,Darlington,Southport,1,3,4,4,4,-2,0
1962,Doncaster Rovers,Aldershot,2,1,4,4,3,1,1
1962,Doncaster Rovers,Brentford,0,2,4,4,2,-2,0
1962,Doncaster Rovers,Crewe Alexandra,1,1,4,4,2,0,0
1962,Doncaster Rovers,Gillingham,1,0,4,4,1,1,1
1962,Doncaster Rovers,Mansfield Town,1,1,4,4,2,0,0
1962,Doncaster Rovers,Oxford United,4,2,4,4,6,2,1
1962,Exeter City,Barrow,0,2,4,4,2,-2,0
1962,Exeter City,Darlington,1,3,4,4,4,-2,0
1962,Exeter City,Hartlepool United,3,1,4,4,4,2,1
1962,Exeter City,Torquay United,0,3,4,4,3,-3,0
1962,Gillingham,Bradford City,2,1,4,4,3,1,1
1962,Gillingham,Chesterfield,2,1,4,4,3,1,1
1962,Gillingham,Southport,3,1,4,4,4,2,1
1962,Gillingham,Tranmere Rovers,0,0,4,4,0,0,0
1962,Hartlepool United,Aldershot,1,2,4,4,3,-1,0
1962,Hartlepool United,Workington,2,2,4,4,4,0,0
1962,Lincoln City,Darlington,2,1,4,4,3,1,1
1962,Lincoln City,Gillingham,2,1,4,4,3,1,1
1962,Lincoln City,Newport County,6,3,4,4,9,3,1
1962,Lincoln City,Rochdale,3,0,4,4,3,3,1
1962,Lincoln City,Torquay United,3,0,4,4,3,3,1
1962,Mansfield Town,Bradford City,3,1,4,4,4,2,1
1962,Mansfield Town,Chesterfield,3,0,4,4,3,3,1
1962,Mansfield Town,Southport,6,1,4,4,7,5,1
1962,Mansfield Town,Tranmere Rovers,6,1,4,4,7,5,1
1962,Newport County,Aldershot,2,2,4,4,4,0,0
1962,Newport County,Brentford,1,4,4,4,5,-3,0
1962,Newport County,Crewe Alexandra,5,1,4,4,6,4,1
1962,Newport County,Lincoln City,2,1,4,4,3,1,1
1962,Newport County,Oxford United,1,0,4,4,1,1,1
1962,Newport County,Workington,2,2,4,4,4,0,0
1962,Oldham Athletic,Barrow,2,1,4,4,3,1,1
1962,Oldham Athletic,Gillingham,2,1,4,4,3,1,1
1962,Oldham Athletic,Torquay United,1,1,4,4,2,0,0
1962,Oldham Athletic,York City,3,2,4,4,5,1,1
1962,Oxford United,Doncaster Rovers,3,3,4,4,6,0,0
1962,Oxford United,Tranmere Rovers,2,2,4,4,4,0,0
1962,Rochdale,Aldershot,1,1,4,4,2,0,0
1962,Rochdale,Crewe Alexandra,2,0,4,4,2,2,1
1962,Rochdale,Lincoln City,1,0,4,4,1,1,1
1962,Rochdale,Oldham Athletic,1,1,4,4,2,0,0
1962,Rochdale,Workington,3,2,4,4,5,1,1
1962,Southport,Barrow,3,3,4,4,6,0,0
1962,Southport,Gillingham,0,0,4,4,0,0,0
1962,Southport,Mansfield Town,3,2,4,4,5,1,1
1962,Stockport County,Bradford City,3,1,4,4,4,2,1
1962,Stockport County,Rochdale,1,0,4,4,1,1,1
1962,Torquay United,Crewe Alexandra,1,2,4,4,3,-1,0
1962,Torquay United,Lincoln City,0,0,4,4,0,0,0
1962,Torquay United,Southport,5,1,4,4,6,4,1
1962,Tranmere Rovers,Darlington,3,1,4,4,4,2,1
1962,Tranmere Rovers,Mansfield Town,5,1,4,4,6,4,1
1962,Tranmere Rovers,Oxford United,3,0,4,4,3,3,1
1962,Tranmere Rovers,Stockport County,3,1,4,4,4,2,1
1962,Workington,Chesterfield,0,0,4,4,0,0,0
1962,Workington,Doncaster Rovers,1,0,4,4,1,1,1
1962,Workington,Hartlepool United,0,0,4,4,0,0,0
1962,York City,Aldershot,0,0,4,4,0,0,0
1962,York City,Brentford,1,1,4,4,2,0,0
1962,York City,Exeter City,3,3,4,4,6,0,0
1962,York City,Oldham Athletic,5,2,4,4,7,3,1
1962,York City,Southport,1,1,4,4,2,0,0
1962,York City,Tranmere Rovers,1,2,4,4,3,-1,0
1963,Arsenal,Nottingham Forest,4,2,1,1,6,2,1
1963,Arsenal,West Ham United,3,3,1,1,6,0,0
1963,Aston Villa,Everton,0,1,1,1,1,-1,0
1963,Aston Villa,Leicester City,1,3,1,1,4,-2,0
1963,Aston Villa,Nottingham Forest,3,0,1,1,3,3,1
1963,Blackburn Rovers,Everton,1,2,1,1,3,-1,0
1963,Blackburn Rovers,Leicester City,5,2,1,1,7,3,1
1963,Blackburn Rovers,Nottingham Forest,2,0,1,1,2,2,1
1963,Blackburn Rovers,Stoke City,1,0,1,1,1,1,1
1963,Blackburn Rovers,West Ham United,1,3,1,1,4,-2,0
1963,Blackpool,Aston Villa,0,4,1,1,4,-4,0
1963,Blackpool,Everton,1,1,1,1,2,0,0
1963,Blackpool,Leicester City,3,3,1,1,6,0,0
1963,Blackpool,Nottingham Forest,1,0,1,1,1,1,1
1963,Blackpool,Stoke City,1,0,1,1,1,1,1
1963,Bolton Wanderers,Leicester City,0,0,1,1,0,0,0
1963,Bolton Wanderers,Nottingham Forest,2,3,1,1,5,-1,0
1963,Bolton Wanderers,West Ham United,1,1,1,1,2,0,0
1963,Burnley,Aston Villa,2,0,1,1,2,2,1
1963,Burnley,Blackpool,1,0,1,1,1,1,1
1963,Burnley,Stoke City,1,0,1,1,1,1,1
1963,Burnley,West Ham United,3,1,1,1,4,2,1
1963,Chelsea,Aston Villa,1,0,1,1,1,1,1
1963,Chelsea,Blackpool,1,0,1,1,1,1,1
1963,Chelsea,Nottingham Forest,1,0,1,1,1,1,1
1963,Chelsea,Stoke City,3,3,1,1,6,0,0
1963,Chelsea,West Ham United,0,0,1,1,0,0,0
1963,Everton,Blackpool,3,1,1,1,4,2,1
1963,Everton,Leicester City,0,3,1,1,3,-3,0
1963,Everton,Nottingham Forest,6,1,1,1,7,5,1
1963,Everton,West Ham United,2,0,1,1,2,2,1
1963,Fulham,Nottingham Forest,0,0,1,1,0,0,0
1963,Fulham,Stoke City,3,3,1,1,6,0,0
1963,Fulham,West Ham United,2,0,1,1,2,2,1
1963,Ipswich Town,Aston Villa,4,3,1,1,7,1,1
1963,Ipswich Town,Chelsea,1,3,1,1,4,-2,0
1963,Ipswich Town,Stoke City,0,2,1,1,2,-2,0
1963,Ipswich Town,West Ham United,3,2,1,1,5,1,1
1963,Leicester City,Aston Villa,0,0,1,1,0,0,0
1963,Leicester City,Stoke City,2,1,1,1,3,1,1
1963,Leicester City,West Ham United,2,2,1,1,4,0,0
1963,Liverpool,Blackpool,1,2,1,1,3,-1,0
1963,Liverpool,Nottingham Forest,1,2,1,1,3,-1,0
1963,Liverpool,Stoke City,6,1,1,1,7,5,1
1963,Liverpool,West Ham United,1,2,1,1,3,-1,0
1963,Manchester United,Aston Villa,1,0,1,1,1,1,1
1963,Manchester United,Blackpool,3,0,1,1,3,3,1
1963,Manchester United,Ipswich Town,2,0,1,1,2,2,1
1963,Manchester United,Nottingham Forest,3,1,1,1,4,2,1
1963,Manchester United,Stoke City,5,2,1,1,7,3,1
1963,Nottingham Forest,Aston Villa,0,1,1,1,1,-1,0
1963,Nottingham Forest,Blackpool,0,1,1,1,1,-1,0
1963,Nottingham Forest,Chelsea,0,1,1,1,1,-1,0
1963,Nottingham Forest,Ipswich Town,3,1,1,1,4,2,1
1963,Nottingham Forest,West Ham United,3,1,1,1,4,2,1
1963,Sheffield United,Manchester United,1,2,1,1,3,-1,0
1963,Sheffield United,Stoke City,4,1,1,1,5,3,1
1963,Sheffield Wednesday,Blackpool,1,0,1,1,1,1,1
1963,Sheffield Wednesday,Ipswich Town,3,1,1,1,4,2,1
1963,Sheffield Wednesday,Stoke City,2,0,1,1,2,2,1
1963,Stoke City,Chelsea,2,0,1,1,2,2,1
1963,Stoke City,Manchester United,3,1,1,1,4,2,1
1963,Tottenham Hotspur,Manchester United,2,3,1,1,5,-1,0
1963,Tottenham Hotspur,Sheffield Wednesday,1,1,1,1,2,0,0
1963,West Bromwich Albion,Blackpool,2,1,1,1,3,1,1
1963,West Bromwich Albion,West Ham United,0,1,1,1,1,-1,0
1963,West Ham United,Aston Villa,0,1,1,1,1,-1,0
1963,West Ham United,Chelsea,2,2,1,1,4,0,0
1963,West Ham United,Sheffield Wednesday,4,3,1,1,7,1,1
1963,West Ham United,West Bromwich Albion,4,2,1,1,6,2,1
1963,Wolverhampton Wanderers,Aston Villa,3,3,1,1,6,0,0
1963,Wolverhampton Wanderers,Blackpool,1,1,1,1,2,0,0
1963,Wolverhampton Wanderers,Ipswich Town,2,1,1,1,3,1,1
1963,Wolverhampton Wanderers,Manchester United,2,0,1,1,2,2,1
1963,Wolverhampton Wanderers,West Bromwich Albion,0,0,1,1,0,0,0
1963,Bury,Huddersfield Town,0,2,2,2,2,-2,0
1963,Bury,Northampton Town,1,1,2,2,2,0,0
1963,Cardiff City,Huddersfield Town,2,1,2,2,3,1,1
1963,Cardiff City,Manchester City,2,2,2,2,4,0,0
1963,Cardiff City,Northampton Town,1,0,2,2,1,1,1
1963,Cardiff City,Scunthorpe United,3,1,2,2,4,2,1
1963,Charlton Athletic,Huddersfield Town,5,2,2,2,7,3,1
1963,Charlton Athletic,Portsmouth,0,1,2,2,1,-1,0
1963,Charlton Athletic,Swansea City,3,1,2,2,4,2,1
1963,Derby County,Manchester City,1,3,2,2,4,-2,0
1963,Derby County,Northampton Town,0,0,2,2,0,0,0
1963,Derby County,Scunthorpe United,2,2,2,2,4,0,0
1963,Grimsby Town,Manchester City,1,1,2,2,2,0,0
1963,Grimsby Town,Northampton Town,4,1,2,2,5,3,1
1963,Grimsby Town,Scunthorpe United,2,0,2,2,2,2,1
1963,Huddersfield Town,Cardiff City,2,1,2,2,3,1,1
1963,Huddersfield Town,Grimsby Town,1,2,2,2,3,-1,0
1963,Huddersfield Town,Northampton Town,0,1,2,2,1,-1,0
1963,Huddersfield Town,Portsmouth,1,1,2,2,2,0,0
1963,Huddersfield Town,Scunthorpe United,3,2,2,2,5,1,1
1963,Huddersfield Town,Swansea City,1,0,2,2,1,1,1
1963,Leeds United,Northampton Town,0,0,2,2,0,0,0
1963,Leeds United,Portsmouth,3,1,2,2,4,2,1
1963,Leeds United,Swansea City,2,1,2,2,3,1,1
1963,Leyton Orient,Cardiff City,4,0,2,2,4,4,1
1963,Leyton Orient,Grimsby Town,0,0,2,2,0,0,0
1963,Leyton Orient,Manchester City,0,2,2,2,2,-2,0
1963,Leyton Orient,Scunthorpe United,2,2,2,2,4,0,0
1963,Manchester City,Swansea City,1,0,2,2,1,1,1
1963,Middlesbrough,Leyton Orient,2,0,2,2,2,2,1
1963,Middlesbrough,Northampton Town,1,0,2,2,1,1,1
1963,Middlesbrough,Swansea City,2,1,2,2,3,1,1
1963,Newcastle United,Grimsby Town,4,0,2,2,4,4,1
1963,Newcastle United,Portsmouth,1,0,2,2,1,1,1
1963,Newcastle United,Scunthorpe United,3,1,2,2,4,2,1
1963,Newcastle United,Swansea City,4,1,2,2,5,3,1
1963,Northampton Town,Grimsby Town,1,2,2,2,3,-1,0
1963,Northampton Town,Portsmouth,2,1,2,2,3,1,1
1963,Northampton Town,Scunthorpe United,2,0,2,2,2,2,1
1963,Norwich City,Grimsby Town,2,0,2,2,2,2,1
1963,Norwich City,Newcastle United,3,1,2,2,4,2,1
1963,Norwich City,Swansea City,3,0,2,2,3,3,1
1963,Plymouth Argyle,Newcastle United,3,4,2,2,7,-1,0
1963,Plymouth Argyle,Portsmouth,0,4,2,2,4,-4,0
1963,Plymouth Argyle,Swansea City,3,2,2,2,5,1,1
1963,Portsmouth,Cardiff City,5,0,2,2,5,5,1
1963,Portsmouth,Grimsby Town,2,2,2,2,4,0,0
1963,Portsmouth,Newcastle United,5,2,2,2,7,3,1
1963,Portsmouth,Plymouth Argyle,1,2,2,2,3,-1,0
1963,Portsmouth,Scunthorpe United,3,4,2,2,7,-1,0
1963,Preston North End,Grimsby Town,1,0,2,2,1,1,1
1963,Preston North End,Leyton Orient,0,0,2,2,0,0,0
1963,Preston North End,Newcastle United,3,0,2,2,3,3,1
1963,Preston North End,Scunthorpe United,1,0,2,2,1,1,1
1963,Preston North End,Swansea City,3,3,2,2,6,0,0
1963,Rotherham United,Cardiff City,1,0,2,2,1,1,1
1963,Rotherham United,Grimsby Town,1,0,2,2,1,1,1
1963,Rotherham United,Leyton Orient,2,4,2,2,6,-2,0
1963,Rotherham United,Plymouth Argyle,3,1,2,2,4,2,1
1963,Scunthorpe United,Rotherham United,4,3,2,2,7,1,1
1963,Southampton,Grimsby Town,6,0,2,2,6,6,1
1963,Southampton,Plymouth Argyle,1,2,2,2,3,-1,0
1963,Southampton,Swansea City,4,0,2,2,4,4,1
1963,Sunderland,Cardiff City,3,3,2,2,6,0,0
1963,Sunderland,Leyton Orient,4,1,2,2,5,3,1
1963,Sunderland,Newcastle United,2,1,2,2,3,1,1
1963,Sunderland,Plymouth Argyle,1,0,2,2,1,1,1
1963,Sunderland,Rotherham United,2,0,2,2,2,2,1
1963,Sunderland,Swansea City,1,0,2,2,1,1,1
1963,Swansea City,Grimsby Town,1,1,2,2,2,0,0
1963,Swansea City,Leyton Orient,1,0,2,2,1,1,1
1963,Swansea City,Newcastle United,0,1,2,2,1,-1,0
1963,Swindon Town,Cardiff City,1,2,2,2,3,-1,0
1963,Swindon Town,Grimsby Town,2,1,2,2,3,1,1
1963,Swindon Town,Newcastle United,0,0,2,2,0,0,0
1963,Swindon Town,Plymouth Argyle,2,1,2,2,3,1,1
1963,Swindon Town,Rotherham United,3,1,2,2,4,2,1
1963,AFC Bournemouth,Crystal Palace,4,3,3,3,7,1,1
1963,AFC Bournemouth,Oldham Athletic,1,0,3,3,1,1,1
1963,AFC Bournemouth,Southend United,1,0,3,3,1,1,1
1963,Barnsley,Bristol City,2,4,3,3,6,-2,0
1963,Barnsley,Coventry City,1,1,3,3,2,0,0
1963,Barnsley,Millwall,1,1,3,3,2,0,0
1963,Barnsley,Peterborough United,3,2,3,3,5,1,1
1963,Barnsley,Reading,0,3,3,3,3,-3,0
1963,Barnsley,Walsall,1,3,3,3,4,-2,0
1963,Brentford,AFC Bournemouth,2,0,3,3,2,2,1
1963,Brentford,Bristol Rovers,2,5,3,3,7,-3,0
1963,Brentford,Notts County,4,1,3,3,5,3,1
1963,Brentford,Port Vale,1,2,3,3,3,-1,0
1963,Brentford,Shrewsbury Town,0,1,3,3,1,-1,0
1963,Bristol City,Barnsley,5,2,3,3,7,3,1
1963,Bristol City,Colchester United,3,1,3,3,4,2,1
1963,Bristol City,Mansfield Town,2,3,3,3,5,-1,0
1963,Bristol City,Oldham Athletic,3,1,3,3,4,2,1
1963,Bristol City,Wrexham,4,0,3,3,4,4,1
1963,Bristol Rovers,Brentford,3,1,3,3,4,2,1
1963,Bristol Rovers,Coventry City,0,1,3,3,1,-1,0
1963,Colchester United,Bristol City,1,1,3,3,2,0,0
1963,Colchester United,Crewe Alexandra,4,0,3,3,4,4,1
1963,Colchester United,Luton Town,1,1,3,3,2,0,0
1963,Colchester United,Notts County,4,0,3,3,4,4,1
1963,Colchester United,Port Vale,1,2,3,3,3,-1,0
1963,Coventry City,Bristol Rovers,4,2,3,3,6,2,1
1963,Coventry City,Crystal Palace,5,1,3,3,6,4,1
1963,Coventry City,Oldham Athletic,4,1,3,3,5,3,1
1963,Coventry City,Queens Park Rangers,4,2,3,3,6,2,1
1963,Coventry City,Southend United,2,5,3,3,7,-3,0
1963,Coventry City,Wrexham,3,0,3,3,3,3,1
1963,Crewe Alexandra,Brentford,1,1,3,3,2,0,0
1963,Crewe Alexandra,Hull City,1,4,3,3,5,-3,0
1963,Crewe Alexandra,Millwall,1,0,3,3,1,1,1
1963,Crewe Alexandra,Reading,2,2,3,3,4,0,0
1963,Crystal Palace,Luton Town,1,1,3,3,2,0,0
1963,Crystal Palace,Shrewsbury Town,3,0,3,3,3,3,1
1963,Crystal Palace,Watford,2,0,3,3,2,2,1
1963,Hull City,Barnsley,2,2,3,3,4,0,0
1963,Hull City,Crewe Alexandra,2,1,3,3,3,1,1
1963,Hull City,Mansfield Town,3,1,3,3,4,2,1
1963,Hull City,Queens Park Rangers,3,0,3,3,3,3,1
1963,Hull City,Southend United,1,0,3,3,1,1,1
1963,Hull City,Wrexham,4,2,3,3,6,2,1
1963,Luton Town,Millwall,1,3,3,3,4,-2,0
1963,Luton Town,Peterborough United,2,3,3,3,5,-1,0
1963,Luton Town,Walsall,1,0,3,3,1,1,1
1963,Mansfield Town,AFC Bournemouth,1,1,3,3,2,0,0
1963,Mansfield Town,Bristol City,4,0,3,3,4,4,1
1963,Mansfield Town,Coventry City,3,2,3,3,5,1,1
1963,Mansfield Town,Port Vale,1,1,3,3,2,0,0
1963,Mansfield Town,Shrewsbury Town,3,1,3,3,4,2,1
1963,Millwall,Barnsley,4,2,3,3,6,2,1
1963,Millwall,Bristol Rovers,0,1,3,3,1,-1,0
1963,Millwall,Crewe Alexandra,1,0,3,3,1,1,1
1963,Millwall,Oldham Athletic,2,1,3,3,3,1,1
1963,Millwall,Southend United,1,1,3,3,2,0,0
1963,Millwall,Wrexham,1,4,3,3,5,-3,0
1963,Notts County,Colchester United,3,1,3,3,4,2,1
1963,Oldham Athletic,AFC Bournemouth,2,4,3,3,6,-2,0
1963,Oldham Athletic,Port Vale,1,0,3,3,1,1,1
1963,Oldham Athletic,Shrewsbury Town,2,4,3,3,6,-2,0
1963,Oldham Athletic,Watford,1,0,3,3,1,1,1
1963,Peterborough United,Barnsley,3,2,3,3,5,1,1
1963,Peterborough United,Crewe Alexandra,3,2,3,3,5,1,1
1963,Peterborough United,Queens Park Rangers,2,1,3,3,3,1,1
1963,Port Vale,Brentford,3,0,3,3,3,3,1
1963,Port Vale,Oldham Athletic,1,0,3,3,1,1,1
1963,Port Vale,Walsall,2,2,3,3,4,0,0
1963,Queens Park Rangers,Bristol City,0,2,3,3,2,-2,0
1963,Queens Park Rangers,Coventry City,3,6,3,3,9,-3,0
1963,Queens Park Rangers,Millwall,2,0,3,3,2,2,1
1963,Reading,Bristol Rovers,3,1,3,3,4,2,1
1963,Reading,Crewe Alexandra,2,2,3,3,4,0,0
1963,Reading,Notts County,3,2,3,3,5,1,1
1963,Reading,Southend United,4,2,3,3,6,2,1
1963,Shrewsbury Town,Crystal Palace,1,1,3,3,2,0,0
1963,Shrewsbury Town,Oldham Athletic,2,0,3,3,2,2,1
1963,Shrewsbury Town,Walsall,2,1,3,3,3,1,1
1963,Southend United,AFC Bournemouth,1,1,3,3,2,0,0
1963,Southend United,Bristol City,1,1,3,3,2,0,0
1963,Southend United,Hull City,1,1,3,3,2,0,0
1963,Southend United,Reading,2,0,3,3,2,2,1
1963,Walsall,Crewe Alexandra,2,1,3,3,3,1,1
1963,Walsall,Luton Town,4,0,3,3,4,4,1
1963,Walsall,Port Vale,2,1,3,3,3,1,1
1963,Walsall,Wrexham,0,2,3,3,2,-2,0
1963,Watford,Colchester United,3,1,3,3,4,2,1
1963,Watford,Mansfield Town,3,0,3,3,3,3,1
1963,Watford,Southend United,3,1,3,3,4,2,1
1963,Wrexham,Bristol City,1,1,3,3,2,0,0
1963,Wrexham,Coventry City,1,1,3,3,2,0,0
1963,Wrexham,Hull City,3,1,3,3,4,2,1
1963,Wrexham,Peterborough United,2,3,3,3,5,-1,0
1963,Wrexham,Reading,0,3,3,3,3,-3,0
1963,Wrexham,Walsall,4,0,3,3,4,4,1
1963,Aldershot,Bradford City,2,3,4,4,5,-1,0
1963,Aldershot,Carlisle United,3,2,4,4,5,1,1
1963,Aldershot,Gillingham,1,1,4,4,2,0,0
1963,Aldershot,Lincoln City,2,0,4,4,2,2,1
1963,Aldershot,Torquay United,1,0,4,4,1,1,1
1963,Aldershot,York City,5,2,4,4,7,3,1
1963,Barrow,Bradford Park Avenue,2,2,4,4,4,0,0
1963,Barrow,Halifax Town,0,0,4,4,0,0,0
1963,Barrow,Newport County,1,1,4,4,2,0,0
1963,Barrow,Tranmere Rovers,1,1,4,4,2,0,0
1963,Bradford City,Brighton & Hove Albion,3,1,4,4,4,2,1
1963,Bradford City,Oxford United,2,1,4,4,3,1,1
1963,Bradford City,Workington,0,2,4,4,2,-2,0
1963,Bradford Park Avenue,Barrow,1,0,4,4,1,1,1
1963,Bradford Park Avenue,Carlisle United,1,1,4,4,2,0,0
1963,Bradford Park Avenue,Darlington,4,1,4,4,5,3,1
1963,Bradford Park Avenue,Rochdale,2,2,4,4,4,0,0
1963,Bradford Park Avenue,York City,1,3,4,4,4,-2,0
1963,Brighton & Hove Albion,Chester,0,0,4,4,0,0,0
1963,Brighton & Hove Albion,Halifax Town,3,0,4,4,3,3,1
1963,Carlisle United,Stockport County,0,0,4,4,0,0,0
1963,Carlisle United,Workington,3,1,4,4,4,2,1
1963,Chester,Brighton & Hove Albion,0,0,4,4,0,0,0
1963,Chester,Darlington,0,1,4,4,1,-1,0
1963,Chester,Gillingham,1,0,4,4,1,1,1
1963,Chester,Lincoln City,3,1,4,4,4,2,1
1963,Chester,York City,1,1,4,4,2,0,0
1963,Chesterfield,Bradford City,3,2,4,4,5,1,1
1963,Chesterfield,Doncaster Rovers,3,3,4,4,6,0,0
1963,Darlington,Bradford Park Avenue,2,2,4,4,4,0,0
1963,Darlington,Chester,1,0,4,4,1,1,1
1963,Darlington,Exeter City,1,1,4,4,2,0,0
1963,Doncaster Rovers,Brighton & Hove Albion,1,1,4,4,2,0,0
1963,Doncaster Rovers,Chesterfield,1,1,4,4,2,0,0
1963,Doncaster Rovers,Gillingham,1,2,4,4,3,-1,0
1963,Doncaster Rovers,Lincoln City,0,0,4,4,0,0,0
1963,Doncaster Rovers,Torquay United,1,0,4,4,1,1,1
1963,Exeter City,Carlisle United,1,0,4,4,1,1,1
1963,Exeter City,Darlington,1,1,4,4,2,0,0
1963,Exeter City,Newport County,3,1,4,4,4,2,1
1963,Exeter City,Southport,1,1,4,4,2,0,0
1963,Gillingham,Bradford Park Avenue,2,0,4,4,2,2,1
1963,Gillingham,Chester,2,1,4,4,3,1,1
1963,Gillingham,Doncaster Rovers,1,1,4,4,2,0,0
1963,Gillingham,Hartlepool United,2,0,4,4,2,2,1
1963,Gillingham,Stockport County,0,0,4,4,0,0,0
1963,Halifax Town,Brighton & Hove Albion,2,2,4,4,4,0,0
1963,Halifax Town,Exeter City,2,0,4,4,2,2,1
1963,Halifax Town,Rochdale,3,2,4,4,5,1,1
1963,Halifax Town,York City,2,0,4,4,2,2,1
1963,Hartlepool United,Newport County,1,1,4,4,2,0,0
1963,Hartlepool United,Southport,2,3,4,4,5,-1,0
1963,Lincoln City,Doncaster Rovers,3,1,4,4,4,2,1
1963,Lincoln City,Halifax Town,4,0,4,4,4,4,1
1963,Lincoln City,Stockport County,1,0,4,4,1,1,1
1963,Lincoln City,Workington,0,2,4,4,2,-2,0
1963,Newport County,Barrow,3,0,4,4,3,3,1
1963,Newport County,Chesterfield,0,1,4,4,1,-1,0
1963,Newport County,Exeter City,0,1,4,4,1,-1,0
1963,Newport County,Hartlepool United,2,1,4,4,3,1,1
1963,Newport County,Torquay United,0,3,4,4,3,-3,0
1963,Newport County,York City,0,0,4,4,0,0,0
1963,Oxford United,Gillingham,3,1,4,4,4,2,1
1963,Oxford United,Southport,0,0,4,4,0,0,0
1963,Oxford United,Tranmere Rovers,0,2,4,4,2,-2,0
1963,Rochdale,Aldershot,2,2,4,4,4,0,0
1963,Rochdale,Doncaster Rovers,2,2,4,4,4,0,0
1963,Rochdale,Halifax Town,4,1,4,4,5,3,1
1963,Rochdale,Newport County,0,1,4,4,1,-1,0
1963,Rochdale,Workington,5,0,4,4,5,5,1
1963,Southport,Barrow,3,3,4,4,6,0,0
1963,Southport,Brighton & Hove Albion,3,3,4,4,6,0,0
1963,Southport,Chesterfield,0,1,4,4,1,-1,0
1963,Southport,Exeter City,1,1,4,4,2,0,0
1963,Southport,Hartlepool United,2,1,4,4,3,1,1
1963,Southport,York City,0,3,4,4,3,-3,0
1963,Stockport County,Carlisle United,0,3,4,4,3,-3,0
1963,Stockport County,Darlington,2,0,4,4,2,2,1
1963,Stockport County,Lincoln City,4,0,4,4,4,4,1
1963,Stockport County,Rochdale,1,0,4,4,1,1,1
1963,Torquay United,Bradford Park Avenue,6,2,4,4,8,4,1
1963,Torquay United,Doncaster Rovers,1,0,4,4,1,1,1
1963,Torquay United,Halifax Town,3,2,4,4,5,1,1
1963,Torquay United,Newport County,8,3,4,4,11,5,1
1963,Torquay United,Workington,2,1,4,4,3,1,1
1963,Tranmere Rovers,Barrow,1,1,4,4,2,0,0
1963,Tranmere Rovers,Brighton & Hove Albion,1,2,4,4,3,-1,0
1963,Tranmere Rovers,Chesterfield,2,1,4,4,3,1,1
1963,Tranmere Rovers,Exeter City,2,1,4,4,3,1,1
1963,Tranmere Rovers,York City,1,0,4,4,1,1,1
1963,Workington,Bradford City,1,0,4,4,1,1,1
1963,Workington,Darlington,3,0,4,4,3,3,1
1963,Workington,Gillingham,1,0,4,4,1,1,1
1963,Workington,Rochdale,3,0,4,4,3,3,1
1963,Workington,Torquay United,2,1,4,4,3,1,1
1963,York City,Aldershot,1,2,4,4,3,-1,0
1963,York City,Halifax Town,1,3,4,4,4,-2,0
1963,York City,Newport County,3,0,4,4,3,3,1
1963,York City,Southport,4,1,4,4,5,3,1
1964,Arsenal,Fulham,2,0,1,1,2,2,1
1964,Arsenal,Liverpool,0,0,1,1,0,0,0
1964,Arsenal,West Ham United,0,3,1,1,3,-3,0
1964,Aston Villa,Fulham,2,0,1,1,2,2,1
1964,Aston Villa,Liverpool,0,1,1,1,1,-1,0
1964,Aston Villa,Sheffield United,2,1,1,1,3,1,1
1964,Aston Villa,Sunderland,2,1,1,1,3,1,1
1964,Birmingham City,Aston Villa,0,1,1,1,1,-1,0
1964,Birmingham City,Liverpool,0,0,1,1,0,0,0
1964,Blackburn Rovers,Burnley,1,4,1,1,5,-3,0
1964,Blackburn Rovers,Sheffield United,4,0,1,1,4,4,1
1964,Blackburn Rovers,Sunderland,3,2,1,1,5,1,1
1964,Blackburn Rovers,West Ham United,4,0,1,1,4,4,1
1964,Blackpool,Fulham,3,0,1,1,3,3,1
1964,Blackpool,Sheffield United,2,2,1,1,4,0,0
1964,Blackpool,Sunderland,3,1,1,1,4,2,1
1964,Burnley,Aston Villa,2,2,1,1,4,0,0
1964,Burnley,Blackpool,2,2,1,1,4,0,0
1964,Burnley,Sheffield United,3,1,1,1,4,2,1
1964,Burnley,Sunderland,0,0,1,1,0,0,0
1964,Burnley,West Ham United,3,2,1,1,5,1,1
1964,Chelsea,Fulham,1,0,1,1,1,1,1
1964,Chelsea,Liverpool,4,0,1,1,4,4,1
1964,Chelsea,Sunderland,3,1,1,1,4,2,1
1964,Chelsea,West Ham United,0,3,1,1,3,-3,0
1964,Everton,Blackpool,0,0,1,1,0,0,0
1964,Everton,Liverpool,2,1,1,1,3,1,1
1964,Everton,Sheffield United,1,1,1,1,2,0,0
1964,Fulham,Blackpool,3,3,1,1,6,0,0
1964,Fulham,Everton,1,1,1,1,2,0,0
1964,Leeds United,Aston Villa,1,0,1,1,1,1,1
1964,Leeds United,Everton,4,1,1,1,5,3,1
1964,Leeds United,Sunderland,2,1,1,1,3,1,1
1964,Leicester City,Aston Villa,1,1,1,1,2,0,0
1964,Leicester City,Blackpool,3,2,1,1,5,1,1
1964,Leicester City,Sunderland,0,1,1,1,1,-1,0
1964,Liverpool,Everton,0,4,1,1,4,-4,0
1964,Liverpool,Sheffield United,3,1,1,1,4,2,1
1964,Manchester United,Aston Villa,7,0,1,1,7,7,1
1964,Manchester United,Blackpool,2,0,1,1,2,2,1
1964,Manchester United,Everton,2,1,1,1,3,1,1
1964,Manchester United,West Ham United,3,1,1,1,4,2,1
1964,Nottingham Forest,Blackpool,2,0,1,1,2,2,1
1964,Nottingham Forest,Everton,3,1,1,1,4,2,1
1964,Nottingham Forest,Leicester City,2,1,1,1,3,1,1
1964,Nottingham Forest,Sunderland,5,2,1,1,7,3,1
1964,Nottingham Forest,West Ham United,3,2,1,1,5,1,1
1964,Sheffield United,Aston Villa,4,2,1,1,6,2,1
1964,Sheffield United,Sunderland,3,0,1,1,3,3,1
1964,Sheffield United,West Ham United,2,1,1,1,3,1,1
1964,Sheffield Wednesday,Blackpool,4,1,1,1,5,3,1
1964,Sheffield Wednesday,Leicester City,0,0,1,1,0,0,0
1964,Sheffield Wednesday,Nottingham Forest,0,0,1,1,0,0,0
1964,Sheffield Wednesday,West Ham United,2,0,1,1,2,2,1
1964,Stoke City,Blackpool,4,2,1,1,6,2,1
1964,Stoke City,Everton,0,2,1,1,2,-2,0
1964,Stoke City,Leicester City,3,3,1,1,6,0,0
1964,Stoke City,West Ham United,3,1,1,1,4,2,1
1964,Sunderland,Blackpool,1,0,1,1,1,1,1
1964,Sunderland,Nottingham Forest,4,0,1,1,4,4,1
1964,Sunderland,Stoke City,2,2,1,1,4,0,0
1964,Sunderland,West Ham United,3,2,1,1,5,1,1
1964,Tottenham Hotspur,Everton,2,2,1,1,4,0,0
1964,Tottenham Hotspur,Leicester City,6,2,1,1,8,4,1
1964,Tottenham Hotspur,Stoke City,2,1,1,1,3,1,1
1964,Tottenham Hotspur,West Ham United,3,2,1,1,5,1,1
1964,West Bromwich Albion,Blackpool,1,3,1,1,4,-2,0
1964,West Bromwich Albion,Everton,4,0,1,1,4,4,1
1964,West Bromwich Albion,Nottingham Forest,2,2,1,1,4,0,0
1964,West Bromwich Albion,West Ham United,4,2,1,1,6,2,1
1964,West Ham United,Aston Villa,3,0,1,1,3,3,1
1964,West Ham United,Everton,0,1,1,1,1,-1,0
1964,West Ham United,Stoke City,0,1,1,1,1,-1,0
1964,Wolverhampton Wanderers,Blackpool,1,2,1,1,3,-1,0
1964,Wolverhampton Wanderers,Everton,2,4,1,1,6,-2,0
1964,Wolverhampton Wanderers,Leicester City,1,1,1,1,2,0,0
1964,Wolverhampton Wanderers,Nottingham Forest,1,2,1,1,3,-1,0
1964,Wolverhampton Wanderers,Stoke City,3,1,1,1,4,2,1
1964,Wolverhampton Wanderers,West Bromwich Albion,3,2,1,1,5,1,1
1964,Bolton Wanderers,Cardiff City,1,0,2,2,1,1,1
1964,Bolton Wanderers,Crystal Palace,3,0,2,2,3,3,1
1964,Bolton Wanderers,Swansea City,2,1,2,2,3,1,1
1964,Bury,Crystal Palace,3,1,2,2,4,2,1
1964,Bury,Middlesbrough,3,2,2,2,5,1,1
1964,Bury,Swansea City,2,2,2,2,4,0,0
1964,Cardiff City,Crystal Palace,0,0,2,2,0,0,0
1964,Cardiff City,Ipswich Town,0,0,2,2,0,0,0
1964,Cardiff City,Middlesbrough,6,1,2,2,7,5,1
1964,Cardiff City,Preston North End,3,3,2,2,6,0,0
1964,Charlton Athletic,Bury,1,2,2,2,3,-1,0
1964,Charlton Athletic,Crystal Palace,1,2,2,2,3,-1,0
1964,Charlton Athletic,Middlesbrough,0,2,2,2,2,-2,0
1964,Charlton Athletic,Preston North End,2,3,2,2,5,-1,0
1964,Coventry City,Bury,2,1,2,2,3,1,1
1964,Coventry City,Crystal Palace,0,0,2,2,0,0,0
1964,Coventry City,Norwich City,3,0,2,2,3,3,1
1964,Crystal Palace,Coventry City,2,2,2,2,4,0,0
1964,Crystal Palace,Ipswich Town,1,1,2,2,2,0,0
1964,Crystal Palace,Middlesbrough,3,1,2,2,4,2,1
1964,Crystal Palace,Swansea City,3,3,2,2,6,0,0
1964,Derby County,Coventry City,2,1,2,2,3,1,1
1964,Derby County,Middlesbrough,3,3,2,2,6,0,0
1964,Derby County,Norwich City,0,1,2,2,1,-1,0
1964,Derby County,Swansea City,3,4,2,2,7,-1,0
1964,Huddersfield Town,Coventry City,2,1,2,2,3,1,1
1964,Huddersfield Town,Ipswich Town,0,0,2,2,0,0,0
1964,Huddersfield Town,Middlesbrough,1,0,2,2,1,1,1
1964,Ipswich Town,Bury,1,0,2,2,1,1,1
1964,Ipswich Town,Middlesbrough,5,2,2,2,7,3,1
1964,Ipswich Town,Swansea City,3,0,2,2,3,3,1
1964,Leyton Orient,Huddersfield Town,1,0,2,2,1,1,1
1964,Leyton Orient,Middlesbrough,1,1,2,2,2,0,0
1964,Manchester City,Bury,0,0,2,2,0,0,0
1964,Manchester City,Preston North End,4,3,2,2,7,1,1
1964,Middlesbrough,Huddersfield Town,0,0,2,2,0,0,0
1964,Middlesbrough,Norwich City,2,0,2,2,2,2,1
1964,Newcastle United,Bury,2,3,2,2,5,-1,0
1964,Newcastle United,Huddersfield Town,2,1,2,2,3,1,1
1964,Newcastle United,Swansea City,3,1,2,2,4,2,1
1964,Northampton Town,Coventry City,1,1,2,2,2,0,0
1964,Northampton Town,Norwich City,0,0,2,2,0,0,0
1964,Northampton Town,Preston North End,2,1,2,2,3,1,1
1964,Northampton Town,Swansea City,2,1,2,2,3,1,1
1964,Norwich City,Bury,1,1,2,2,2,0,0
1964,Norwich City,Coventry City,1,0,2,2,1,1,1
1964,Norwich City,Manchester City,4,1,2,2,5,3,1
1964,Norwich City,Preston North End,4,2,2,2,6,2,1
1964,Norwich City,Swansea City,2,1,2,2,3,1,1
1964,Plymouth Argyle,Bury,2,2,2,2,4,0,0
1964,Plymouth Argyle,Coventry City,2,3,2,2,5,-1,0
1964,Plymouth Argyle,Manchester City,3,2,2,2,5,1,1
1964,Plymouth Argyle,Northampton Town,5,2,2,2,7,3,1
1964,Portsmouth,Coventry City,0,2,2,2,2,-2,0
1964,Portsmouth,Manchester City,1,1,2,2,2,0,0
1964,Portsmouth,Northampton Town,3,3,2,2,6,0,0
1964,Portsmouth,Swansea City,1,0,2,2,1,1,1
1964,Preston North End,Bury,2,2,2,2,4,0,0
1964,Preston North End,Coventry City,3,2,2,2,5,1,1
1964,Preston North End,Portsmouth,6,1,2,2,7,5,1
1964,Preston North End,Swansea City,2,2,2,2,4,0,0
1964,Rotherham United,Bury,3,0,2,2,3,3,1
1964,Rotherham United,Huddersfield Town,2,3,2,2,5,-1,0
1964,Rotherham United,Manchester City,0,0,2,2,0,0,0
1964,Rotherham United,Portsmouth,1,0,2,2,1,1,1
1964,Rotherham United,Swansea City,4,2,2,2,6,2,1
1964,Southampton,Coventry City,4,1,2,2,5,3,1
1964,Southampton,Huddersfield Town,3,3,2,2,6,0,0
1964,Southampton,Manchester City,1,0,2,2,1,1,1
1964,Southampton,Northampton Town,2,0,2,2,2,2,1
1964,Southampton,Portsmouth,2,2,2,2,4,0,0
1964,Swansea City,Bury,2,2,2,2,4,0,0
1964,Swansea City,Coventry City,1,1,2,2,2,0,0
1964,Swansea City,Northampton Town,1,2,2,2,3,-1,0
1964,Swansea City,Southampton,3,3,2,2,6,0,0
1964,Swindon Town,Bury,2,0,2,2,2,2,1
1964,Swindon Town,Coventry City,4,1,2,2,5,3,1
1964,Swindon Town,Northampton Town,4,2,2,2,6,2,1
1964,Swindon Town,Portsmouth,0,0,2,2,0,0,0
1964,AFC Bournemouth,Gillingham,1,2,3,3,3,-1,0
1964,AFC Bournemouth,Southend United,2,1,3,3,3,1,1
1964,AFC Bournemouth,Workington,4,0,3,3,4,4,1
1964,Barnsley,Port Vale,0,2,3,3,2,-2,0
1964,Barnsley,Scunthorpe United,2,0,3,3,2,2,1
1964,Brentford,AFC Bournemouth,2,1,3,3,3,1,1
1964,Brentford,Bristol Rovers,1,1,3,3,2,0,0
1964,Brentford,Exeter City,2,1,3,3,3,1,1
1964,Brentford,Hull City,1,3,3,3,4,-2,0
1964,Bristol City,Barnsley,5,1,3,3,6,4,1
1964,Bristol City,Gillingham,1,2,3,3,3,-1,0
1964,Bristol City,Reading,2,0,3,3,2,2,1
1964,Bristol City,Southend United,4,0,3,3,4,4,1
1964,Bristol Rovers,Brentford,1,2,3,3,3,-1,0
1964,Bristol Rovers,Mansfield Town,4,1,3,3,5,3,1
1964,Bristol Rovers,Port Vale,4,0,3,3,4,4,1
1964,Bristol Rovers,Walsall,0,1,3,3,1,-1,0
1964,Carlisle United,AFC Bournemouth,3,4,3,3,7,-1,0
1964,Carlisle United,Bristol City,1,1,3,3,2,0,0
1964,Carlisle United,Queens Park Rangers,2,0,3,3,2,2,1
1964,Carlisle United,Watford,1,1,3,3,2,0,0
1964,Colchester United,Barnsley,4,1,3,3,5,3,1
1964,Colchester United,Gillingham,2,1,3,3,3,1,1
1964,Colchester United,Reading,2,2,3,3,4,0,0
1964,Colchester United,Workington,1,1,3,3,2,0,0
1964,Exeter City,Mansfield Town,2,3,3,3,5,-1,0
1964,Exeter City,Port Vale,2,1,3,3,3,1,1
1964,Exeter City,Scunthorpe United,1,3,3,3,4,-2,0
1964,Gillingham,AFC Bournemouth,1,1,3,3,2,0,0
1964,Gillingham,Hull City,1,0,3,3,1,1,1
1964,Gillingham,Oldham Athletic,2,1,3,3,3,1,1
1964,Gillingham,Shrewsbury Town,5,0,3,3,5,5,1
1964,Gillingham,Watford,5,2,3,3,7,3,1
1964,Grimsby Town,Barnsley,3,2,3,3,5,1,1
1964,Grimsby Town,Bristol Rovers,1,1,3,3,2,0,0
1964,Grimsby Town,Exeter City,2,1,3,3,3,1,1
1964,Grimsby Town,Luton Town,2,2,3,3,4,0,0
1964,Grimsby Town,Reading,1,1,3,3,2,0,0
1964,Grimsby Town,Workington,0,1,3,3,1,-1,0
1964,Hull City,Brentford,2,1,3,3,3,1,1
1964,Hull City,Carlisle United,1,0,3,3,1,1,1
1964,Hull City,Mansfield Town,1,1,3,3,2,0,0
1964,Hull City,Port Vale,4,0,3,3,4,4,1
1964,Hull City,Walsall,2,0,3,3,2,2,1
1964,Luton Town,AFC Bournemouth,0,1,3,3,1,-1,0
1964,Luton Town,Grimsby Town,1,1,3,3,2,0,0
1964,Luton Town,Oldham Athletic,2,0,3,3,2,2,1
1964,Luton Town,Shrewsbury Town,2,7,3,3,9,-5,0
1964,Mansfield Town,Bristol Rovers,3,0,3,3,3,3,1
1964,Mansfield Town,Exeter City,2,1,3,3,3,1,1
1964,Mansfield Town,Peterborough United,0,0,3,3,0,0,0
1964,Mansfield Town,Southend United,6,1,3,3,7,5,1
1964,Mansfield Town,Workington,3,5,3,3,8,-2,0
1964,Oldham Athletic,Brentford,1,1,3,3,2,0,0
1964,Oldham Athletic,Carlisle United,2,3,3,3,5,-1,0
1964,Oldham Athletic,Scunthorpe United,2,1,3,3,3,1,1
1964,Oldham Athletic,Walsall,1,3,3,3,4,-2,0
1964,Peterborough United,Colchester United,4,1,3,3,5,3,1
1964,Peterborough United,Queens Park Rangers,6,1,3,3,7,5,1
1964,Port Vale,Barnsley,2,0,3,3,2,2,1
1964,Port Vale,Exeter City,0,1,3,3,1,-1,0
1964,Port Vale,Reading,2,0,3,3,2,2,1
1964,Port Vale,Southend United,2,2,3,3,4,0,0
1964,Queens Park Rangers,Brentford,1,3,3,3,4,-2,0
1964,Queens Park Rangers,Carlisle United,1,2,3,3,3,-1,0
1964,Queens Park Rangers,Gillingham,3,1,3,3,4,2,1
1964,Queens Park Rangers,Luton Town,7,1,3,3,8,6,1
1964,Queens Park Rangers,Peterborough United,3,2,3,3,5,1,1
1964,Reading,AFC Bournemouth,1,0,3,3,1,1,1
1964,Reading,Bristol City,1,1,3,3,2,0,0
1964,Reading,Colchester United,1,1,3,3,2,0,0
1964,Reading,Grimsby Town,2,0,3,3,2,2,1
1964,Reading,Mansfield Town,2,1,3,3,3,1,1
1964,Scunthorpe United,Barnsley,2,3,3,3,5,-1,0
1964,Shrewsbury Town,Brentford,1,0,3,3,1,1,1
1964,Shrewsbury Town,Luton Town,0,2,3,3,2,-2,0
1964,Shrewsbury Town,Peterborough United,1,1,3,3,2,0,0
1964,Shrewsbury Town,Walsall,3,1,3,3,4,2,1
1964,Southend United,Bristol City,0,4,3,3,4,-4,0
1964,Southend United,Mansfield Town,1,4,3,3,5,-3,0
1964,Southend United,Scunthorpe United,0,1,3,3,1,-1,0
1964,Southend United,Watford,0,1,3,3,1,-1,0
1964,Walsall,Bristol Rovers,2,0,3,3,2,2,1
1964,Watford,Carlisle United,0,0,3,3,0,0,0
1964,Watford,Luton Town,2,0,3,3,2,2,1
1964,Watford,Peterborough United,1,1,3,3,2,0,0
1964,Workington,Bristol City,1,0,3,3,1,1,1
1964,Workington,Colchester United,1,0,3,3,1,1,1
1964,Workington,Mansfield Town,1,5,3,3,6,-4,0
1964,Workington,Walsall,3,1,3,3,4,2,1
1964,Aldershot,Darlington,0,1,4,4,1,-1,0
1964,Aldershot,Torquay United,2,5,4,4,7,-3,0
1964,Barrow,Chesterfield,1,2,4,4,3,-1,0
1964,Barrow,Doncaster Rovers,1,2,4,4,3,-1,0
1964,Barrow,Notts County,2,0,4,4,2,2,1
1964,Barrow,Southport,1,1,4,4,2,0,0
1964,Barrow,Tranmere Rovers,0,2,4,4,2,-2,0
1964,Bradford City,Brighton & Hove Albion,4,1,4,4,5,3,1
1964,Bradford City,Crewe Alexandra,5,2,4,4,7,3,1
1964,Bradford City,Wrexham,4,1,4,4,5,3,1
1964,Bradford Park Avenue,Rochdale,0,0,4,4,0,0,0
1964,Bradford Park Avenue,York City,0,0,4,4,0,0,0
1964,Brighton & Hove Albion,Doncaster Rovers,1,1,4,4,2,0,0
1964,Brighton & Hove Albion,Lincoln City,4,0,4,4,4,4,1
1964,Brighton & Hove Albion,Tranmere Rovers,2,1,4,4,3,1,1
1964,Chester,Aldershot,6,2,4,4,8,4,1
1964,Chester,Bradford Park Avenue,3,0,4,4,3,3,1
1964,Chesterfield,Hartlepool United,3,1,4,4,4,2,1
1964,Chesterfield,Newport County,2,1,4,4,3,1,1
1964,Crewe Alexandra,Lincoln City,5,0,4,4,5,5,1
1964,Crewe Alexandra,Southport,4,1,4,4,5,3,1
1964,Crewe Alexandra,Tranmere Rovers,1,1,4,4,2,0,0
1964,Darlington,Aldershot,4,1,4,4,5,3,1
1964,Darlington,Chesterfield,2,2,4,4,4,0,0
1964,Darlington,Oxford United,2,0,4,4,2,2,1
1964,Doncaster Rovers,Brighton & Hove Albion,2,1,4,4,3,1,1
1964,Doncaster Rovers,Crewe Alexandra,3,1,4,4,4,2,1
1964,Doncaster Rovers,Rochdale,2,2,4,4,4,0,0
1964,Halifax Town,Darlington,4,0,4,4,4,4,1
1964,Halifax Town,Lincoln City,2,1,4,4,3,1,1
1964,Halifax Town,Notts County,1,1,4,4,2,0,0
1964,Halifax Town,Southport,2,1,4,4,3,1,1
1964,Hartlepool United,Bradford Park Avenue,2,0,4,4,2,2,1
1964,Hartlepool United,Chesterfield,1,1,4,4,2,0,0
1964,Hartlepool United,Doncaster Rovers,1,1,4,4,2,0,0
1964,Hartlepool United,Oxford United,1,1,4,4,2,0,0
1964,Hartlepool United,Stockport County,4,3,4,4,7,1,1
1964,Lincoln City,Barrow,1,0,4,4,1,1,1
1964,Lincoln City,Crewe Alexandra,1,2,4,4,3,-1,0
1964,Lincoln City,Halifax Town,2,3,4,4,5,-1,0
1964,Lincoln City,Torquay United,0,1,4,4,1,-1,0
1964,Lincoln City,York City,0,1,4,4,1,-1,0
1964,Millwall,Bradford City,3,0,4,4,3,3,1
1964,Millwall,Chester,1,0,4,4,1,1,1
1964,Millwall,Notts County,4,1,4,4,5,3,1
1964,Newport County,Aldershot,2,1,4,4,3,1,1
1964,Newport County,Bradford Park Avenue,4,3,4,4,7,1,1
1964,Newport County,Lincoln City,7,0,4,4,7,7,1
1964,Notts County,Crewe Alexandra,2,0,4,4,2,2,1
1964,Notts County,Millwall,1,2,4,4,3,-1,0
1964,Notts County,Torquay United,0,0,4,4,0,0,0
1964,Oxford United,Bradford City,3,1,4,4,4,2,1
1964,Oxford United,Chester,3,2,4,4,5,1,1
1964,Oxford United,Hartlepool United,3,0,4,4,3,3,1
1964,Oxford United,Southport,1,1,4,4,2,0,0
1964,Oxford United,Tranmere Rovers,1,0,4,4,1,1,1
1964,Rochdale,Bradford Park Avenue,4,3,4,4,7,1,1
1964,Rochdale,Chesterfield,1,2,4,4,3,-1,0
1964,Rochdale,Notts County,1,1,4,4,2,0,0
1964,Southport,Crewe Alexandra,2,3,4,4,5,-1,0
1964,Southport,Halifax Town,5,2,4,4,7,3,1
1964,Southport,Oxford United,0,3,4,4,3,-3,0
1964,Stockport County,Bradford City,2,0,4,4,2,2,1
1964,Stockport County,Hartlepool United,0,1,4,4,1,-1,0
1964,Stockport County,Rochdale,1,2,4,4,3,-1,0
1964,Torquay United,Aldershot,5,2,4,4,7,3,1
1964,Torquay United,Bradford Park Avenue,1,1,4,4,2,0,0
1964,Torquay United,Doncaster Rovers,2,4,4,4,6,-2,0
1964,Torquay United,Wrexham,3,4,4,4,7,-1,0
1964,Tranmere Rovers,Crewe Alexandra,1,0,4,4,1,1,1
1964,Tranmere Rovers,Stockport County,1,1,4,4,2,0,0
1964,Wrexham,Bradford City,3,2,4,4,5,1,1
1964,Wrexham,Darlington,4,2,4,4,6,2,1
1964,Wrexham,Newport County,4,2,4,4,6,2,1
1964,Wrexham,Torquay United,2,3,4,4,5,-1,0
1964,York City,Aldershot,1,0,4,4,1,1,1
1964,York City,Doncaster Rovers,4,2,4,4,6,2,1
1964,York City,Lincoln City,3,0,4,4,3,3,1
1964,York City,Notts County,2,1,4,4,3,1,1
1964,York City,Tranmere Rovers,4,0,4,4,4,4,1
1965,Arsenal,Blackburn Rovers,2,2,1,1,4,0,0
1965,Arsenal,Chelsea,1,3,1,1,4,-2,0
1965,Arsenal,Manchester United,4,2,1,1,6,2,1
1965,Arsenal,Nottingham Forest,1,0,1,1,1,1,1
1965,Arsenal,Stoke City,2,1,1,1,3,1,1
1965,Aston Villa,Manchester United,1,1,1,1,2,0,0
1965,Aston Villa,Stoke City,0,1,1,1,1,-1,0
1965,Blackburn Rovers,Chelsea,0,1,1,1,1,-1,0
1965,Blackburn Rovers,Leeds United,2,3,1,1,5,-1,0
1965,Blackburn Rovers,Manchester United,1,4,1,1,5,-3,0
1965,Blackburn Rovers,Nottingham Forest,5,0,1,1,5,5,1
1965,Blackburn Rovers,West Bromwich Albion,0,1,1,1,1,-1,0
1965,Blackpool,Chelsea,1,2,1,1,3,-1,0
1965,Blackpool,West Bromwich Albion,1,1,1,1,2,0,0
1965,Burnley,Chelsea,1,2,1,1,3,-1,0
1965,Burnley,Manchester United,3,0,1,1,3,3,1
1965,Burnley,Nottingham Forest,4,1,1,1,5,3,1
1965,Burnley,West Bromwich Albion,2,0,1,1,2,2,1
1965,Chelsea,Leeds United,1,0,1,1,1,1,1
1965,Chelsea,Nottingham Forest,1,0,1,1,1,1,1
1965,Chelsea,Stoke City,1,2,1,1,3,-1,0
1965,Everton,Aston Villa,2,0,1,1,2,2,1
1965,Everton,Manchester United,0,0,1,1,0,0,0
1965,Everton,West Bromwich Albion,2,3,1,1,5,-1,0
1965,Fulham,Manchester United,0,1,1,1,1,-1,0
1965,Fulham,Nottingham Forest,1,1,1,1,2,0,0
1965,Fulham,Stoke City,1,1,1,1,2,0,0
1965,Leeds United,Fulham,0,1,1,1,1,-1,0
1965,Leeds United,Stoke City,2,2,1,1,4,0,0
1965,Leeds United,West Bromwich Albion,4,0,1,1,4,4,1
1965,Leicester City,Fulham,5,0,1,1,5,5,1
1965,Leicester City,Nottingham Forest,2,1,1,1,3,1,1
1965,Leicester City,Stoke City,1,0,1,1,1,1,1
1965,Leicester City,West Bromwich Albion,2,1,1,1,3,1,1
1965,Liverpool,Fulham,2,1,1,1,3,1,1
1965,Liverpool,West Bromwich Albion,2,2,1,1,4,0,0
1965,Manchester United,Aston Villa,6,1,1,1,7,5,1
1965,Manchester United,Liverpool,2,0,1,1,2,2,1
1965,Manchester United,West Bromwich Albion,1,1,1,1,2,0,0
1965,Newcastle United,Aston Villa,1,0,1,1,1,1,1
1965,Newcastle United,Fulham,1,1,1,1,2,0,0
1965,Newcastle United,Nottingham Forest,2,2,1,1,4,0,0
1965,Newcastle United,Stoke City,3,1,1,1,4,2,1
1965,Newcastle United,West Bromwich Albion,0,1,1,1,1,-1,0
1965,Northampton Town,Aston Villa,2,1,1,1,3,1,1
1965,Northampton Town,Fulham,2,4,1,1,6,-2,0
1965,Northampton Town,West Bromwich Albion,3,4,1,1,7,-1,0
1965,Nottingham Forest,Aston Villa,1,2,1,1,3,-1,0
1965,Nottingham Forest,Liverpool,1,1,1,1,2,0,0
1965,Sheffield United,Liverpool,0,0,1,1,0,0,0
1965,Sheffield United,Northampton Town,2,2,1,1,4,0,0
1965,Sheffield United,West Bromwich Albion,0,2,1,1,2,-2,0
1965,Sheffield Wednesday,Aston Villa,2,0,1,1,2,2,1
1965,Sheffield Wednesday,Liverpool,0,2,1,1,2,-2,0
1965,Sheffield Wednesday,Northampton Town,3,1,1,1,4,2,1
1965,Sheffield Wednesday,Stoke City,4,1,1,1,5,3,1
1965,Sheffield Wednesday,West Bromwich Albion,1,2,1,1,3,-1,0
1965,Stoke City,Burnley,3,1,1,1,4,2,1
1965,Stoke City,Northampton Town,6,2,1,1,8,4,1
1965,Stoke City,Sheffield Wednesday,3,1,1,1,4,2,1
1965,Sunderland,Fulham,2,2,1,1,4,0,0
1965,Sunderland,Northampton Town,3,0,1,1,3,3,1
1965,Tottenham Hotspur,Fulham,4,3,1,1,7,1,1
1965,Tottenham Hotspur,Liverpool,2,1,1,1,3,1,1
1965,Tottenham Hotspur,Northampton Town,1,1,1,1,2,0,0
1965,Tottenham Hotspur,Sheffield Wednesday,2,3,1,1,5,-1,0
1965,West Bromwich Albion,Aston Villa,2,2,1,1,4,0,0
1965,West Bromwich Albion,Fulham,6,2,1,1,8,4,1
1965,West Bromwich Albion,Liverpool,3,0,1,1,3,3,1
1965,West Bromwich Albion,Northampton Town,1,1,1,1,2,0,0
1965,West Bromwich Albion,Sheffield Wednesday,4,2,1,1,6,2,1
1965,West Ham United,Aston Villa,4,2,1,1,6,2,1
1965,West Ham United,Burnley,1,1,1,1,2,0,0
1965,West Ham United,Fulham,1,3,1,1,4,-2,0
1965,West Ham United,Liverpool,1,5,1,1,6,-4,0
1965,West Ham United,Northampton Town,1,1,1,1,2,0,0
1965,Birmingham City,Ipswich Town,4,1,2,2,5,3,1
1965,Birmingham City,Portsmouth,1,3,2,2,4,-2,0
1965,Birmingham City,Southampton,0,1,2,2,1,-1,0
1965,Bolton Wanderers,Carlisle United,4,0,2,2,4,4,1
1965,Bolton Wanderers,Crystal Palace,3,0,2,2,3,3,1
1965,Bolton Wanderers,Middlesbrough,6,0,2,2,6,6,1
1965,Bristol City,Bolton Wanderers,2,2,2,2,4,0,0
1965,Bristol City,Crystal Palace,1,1,2,2,2,0,0
1965,Bristol City,Portsmouth,1,0,2,2,1,1,1
1965,Bristol City,Southampton,0,1,2,2,1,-1,0
1965,Bury,Carlisle United,2,1,2,2,3,1,1
1965,Bury,Middlesbrough,2,0,2,2,2,2,1
1965,Cardiff City,Bolton Wanderers,1,1,2,2,2,0,0
1965,Cardiff City,Middlesbrough,5,3,2,2,8,2,1
1965,Carlisle United,Cardiff City,2,0,2,2,2,2,1
1965,Carlisle United,Crystal Palace,3,1,2,2,4,2,1
1965,Carlisle United,Ipswich Town,3,1,2,2,4,2,1
1965,Carlisle United,Middlesbrough,2,1,2,2,3,1,1
1965,Carlisle United,Portsmouth,2,1,2,2,3,1,1
1965,Carlisle United,Southampton,1,0,2,2,1,1,1
1965,Charlton Athletic,Crystal Palace,1,0,2,2,1,1,1
1965,Charlton Athletic,Middlesbrough,1,0,2,2,1,1,1
1965,Charlton Athletic,Portsmouth,2,2,2,2,4,0,0
1965,Charlton Athletic,Southampton,2,2,2,2,4,0,0
1965,Coventry City,Ipswich Town,3,1,2,2,4,2,1
1965,Crystal Palace,Ipswich Town,3,1,2,2,4,2,1
1965,Crystal Palace,Portsmouth,4,1,2,2,5,3,1
1965,Crystal Palace,Southampton,1,0,2,2,1,1,1
1965,Derby County,Bolton Wanderers,2,0,2,2,2,2,1
1965,Derby County,Cardiff City,1,5,2,2,6,-4,0
1965,Derby County,Southampton,0,3,2,2,3,-3,0
1965,Huddersfield Town,Bolton Wanderers,1,0,2,2,1,1,1
1965,Huddersfield Town,Coventry City,0,2,2,2,2,-2,0
1965,Huddersfield Town,Middlesbrough,6,0,2,2,6,6,1
1965,Ipswich Town,Bolton Wanderers,2,0,2,2,2,2,1
1965,Ipswich Town,Huddersfield Town,2,2,2,2,4,0,0
1965,Ipswich Town,Portsmouth,1,0,2,2,1,1,1
1965,Ipswich Town,Southampton,3,0,2,2,3,3,1
1965,Leyton Orient,Coventry City,1,1,2,2,2,0,0
1965,Leyton Orient,Middlesbrough,2,3,2,2,5,-1,0
1965,Leyton Orient,Southampton,1,1,2,2,2,0,0
1965,Manchester City,Bolton Wanderers,4,1,2,2,5,3,1
1965,Manchester City,Coventry City,1,0,2,2,1,1,1
1965,Manchester City,Middlesbrough,3,1,2,2,4,2,1
1965,Manchester City,Portsmouth,3,1,2,2,4,2,1
1965,Middlesbrough,Bolton Wanderers,1,1,2,2,2,0,0
1965,Middlesbrough,Cardiff City,3,4,2,2,7,-1,0
1965,Norwich City,Bolton Wanderers,3,0,2,2,3,3,1
1965,Norwich City,Manchester City,3,3,2,2,6,0,0
1965,Norwich City,Southampton,3,4,2,2,7,-1,0
1965,Plymouth Argyle,Coventry City,1,2,2,2,3,-1,0
1965,Plymouth Argyle,Huddersfield Town,0,0,2,2,0,0,0
1965,Plymouth Argyle,Manchester City,1,0,2,2,1,1,1
1965,Plymouth Argyle,Southampton,2,3,2,2,5,-1,0
1965,Portsmouth,Huddersfield Town,2,1,2,2,3,1,1
1965,Portsmouth,Manchester City,2,2,2,2,4,0,0
1965,Portsmouth,Plymouth Argyle,4,1,2,2,5,3,1
1965,Portsmouth,Southampton,2,5,2,2,7,-3,0
1965,Preston North End,Cardiff City,9,0,2,2,9,9,1
1965,Preston North End,Huddersfield Town,1,1,2,2,2,0,0
1965,Preston North End,Southampton,1,1,2,2,2,0,0
1965,Rotherham United,Bolton Wanderers,2,1,2,2,3,1,1
1965,Rotherham United,Cardiff City,6,4,2,2,10,2,1
1965,Rotherham United,Coventry City,1,1,2,2,2,0,0
1965,Rotherham United,Huddersfield Town,0,0,2,2,0,0,0
1965,Rotherham United,Manchester City,0,1,2,2,1,-1,0
1965,Rotherham United,Southampton,1,0,2,2,1,1,1
1965,Southampton,Coventry City,1,0,2,2,1,1,1
1965,Southampton,Huddersfield Town,0,1,2,2,1,-1,0
1965,Southampton,Manchester City,0,1,2,2,1,-1,0
1965,Southampton,Rotherham United,1,1,2,2,2,0,0
1965,Wolverhampton Wanderers,Bolton Wanderers,3,1,2,2,4,2,1
1965,Wolverhampton Wanderers,Cardiff City,2,1,2,2,3,1,1
1965,Wolverhampton Wanderers,Coventry City,0,1,2,2,1,-1,0
1965,Wolverhampton Wanderers,Plymouth Argyle,0,0,2,2,0,0,0
1965,AFC Bournemouth,Brighton & Hove Albion,0,1,3,3,1,-1,0
1965,AFC Bournemouth,Mansfield Town,2,2,3,3,4,0,0
1965,AFC Bournemouth,Reading,3,2,3,3,5,1,1
1965,AFC Bournemouth,Southend United,0,0,3,3,0,0,0
1965,Brentford,Grimsby Town,3,2,3,3,5,1,1
1965,Brentford,Millwall,1,2,3,3,3,-1,0
1965,Brentford,Peterborough United,1,0,3,3,1,1,1
1965,Brentford,Scunthorpe United,0,1,3,3,1,-1,0
1965,Brighton & Hove Albion,Oldham Athletic,3,1,3,3,4,2,1
1965,Brighton & Hove Albion,Shrewsbury Town,1,1,3,3,2,0,0
1965,Brighton & Hove Albion,Swindon Town,1,0,3,3,1,1,1
1965,Bristol Rovers,Oxford United,3,1,3,3,4,2,1
1965,Bristol Rovers,Reading,0,0,3,3,0,0,0
1965,Bristol Rovers,Southend United,3,1,3,3,4,2,1
1965,Bristol Rovers,Walsall,3,0,3,3,3,3,1
1965,Exeter City,Brighton & Hove Albion,2,0,3,3,2,2,1
1965,Exeter City,Grimsby Town,2,0,3,3,2,2,1
1965,Exeter City,Peterborough United,2,5,3,3,7,-3,0
1965,Exeter City,Swansea City,1,1,3,3,2,0,0
1965,Exeter City,Watford,1,2,3,3,3,-1,0
1965,Gillingham,AFC Bournemouth,2,0,3,3,2,2,1
1965,Gillingham,Queens Park Rangers,3,1,3,3,4,2,1
1965,Grimsby Town,Brentford,3,2,3,3,5,1,1
1965,Grimsby Town,Exeter City,1,1,3,3,2,0,0
1965,Grimsby Town,Oxford United,1,1,3,3,2,0,0
1965,Grimsby Town,Southend United,1,0,3,3,1,1,1
1965,Grimsby Town,York City,3,1,3,3,4,2,1
1965,Hull City,Peterborough United,2,1,3,3,3,1,1
1965,Hull City,Swansea City,4,1,3,3,5,3,1
1965,Mansfield Town,Oldham Athletic,1,0,3,3,1,1,1
1965,Mansfield Town,Queens Park Rangers,2,1,3,3,3,1,1
1965,Mansfield Town,Swindon Town,1,5,3,3,6,-4,0
1965,Millwall,Exeter City,3,0,3,3,3,3,1
1965,Millwall,Hull City,3,0,3,3,3,3,1
1965,Millwall,Oxford United,2,0,3,3,2,2,1
1965,Millwall,Southend United,2,0,3,3,2,2,1
1965,Oldham Athletic,Gillingham,5,3,3,3,8,2,1
1965,Oldham Athletic,Mansfield Town,1,1,3,3,2,0,0
1965,Oldham Athletic,Scunthorpe United,1,3,3,3,4,-2,0
1965,Oxford United,Grimsby Town,2,0,3,3,2,2,1
1965,Oxford United,Millwall,3,1,3,3,4,2,1
1965,Oxford United,Shrewsbury Town,0,1,3,3,1,-1,0
1965,Oxford United,Swindon Town,0,3,3,3,3,-3,0
1965,Oxford United,Workington,0,2,3,3,2,-2,0
1965,Peterborough United,Hull City,4,1,3,3,5,3,1
1965,Peterborough United,Oldham Athletic,0,1,3,3,1,-1,0
1965,Queens Park Rangers,Brighton & Hove Albion,4,1,3,3,5,3,1
1965,Queens Park Rangers,Mansfield Town,1,2,3,3,3,-1,0
1965,Queens Park Rangers,Oxford United,2,3,3,3,5,-1,0
1965,Reading,Grimsby Town,0,0,3,3,0,0,0
1965,Reading,Millwall,1,1,3,3,2,0,0
1965,Reading,Peterborough United,2,1,3,3,3,1,1
1965,Reading,Swindon Town,0,2,3,3,2,-2,0
1965,Reading,Workington,1,1,3,3,2,0,0
1965,Scunthorpe United,Oldham Athletic,1,1,3,3,2,0,0
1965,Scunthorpe United,Queens Park Rangers,1,2,3,3,3,-1,0
1965,Scunthorpe United,Southend United,0,0,3,3,0,0,0
1965,Scunthorpe United,Walsall,4,2,3,3,6,2,1
1965,Shrewsbury Town,Brighton & Hove Albion,3,1,3,3,4,2,1
1965,Shrewsbury Town,Mansfield Town,2,1,3,3,3,1,1
1965,Shrewsbury Town,Oxford United,4,0,3,3,4,4,1
1965,Shrewsbury Town,Swansea City,5,0,3,3,5,5,1
1965,Shrewsbury Town,Watford,0,0,3,3,0,0,0
1965,Southend United,Grimsby Town,3,1,3,3,4,2,1
1965,Southend United,Millwall,0,2,3,3,2,-2,0
1965,Southend United,Peterborough United,2,0,3,3,2,2,1
1965,Southend United,Scunthorpe United,0,1,3,3,1,-1,0
1965,Southend United,Swindon Town,4,2,3,3,6,2,1
1965,Southend United,Workington,3,1,3,3,4,2,1
1965,Swansea City,Exeter City,1,0,3,3,1,1,1
1965,Swansea City,Hull City,4,2,3,3,6,2,1
1965,Swansea City,Queens Park Rangers,4,2,3,3,6,2,1
1965,Swansea City,Shrewsbury Town,4,0,3,3,4,4,1
1965,Swansea City,Walsall,1,0,3,3,1,1,1
1965,Swansea City,York City,7,2,3,3,9,5,1
1965,Swindon Town,Gillingham,0,1,3,3,1,-1,0
1965,Swindon Town,Oxford United,0,0,3,3,0,0,0
1965,Swindon Town,Reading,5,0,3,3,5,5,1
1965,Swindon Town,Southend United,4,0,3,3,4,4,1
1965,Swindon Town,Watford,0,1,3,3,1,-1,0
1965,Walsall,AFC Bournemouth,2,1,3,3,3,1,1
1965,Walsall,Scunthorpe United,3,0,3,3,3,3,1
1965,Walsall,Swansea City,1,1,3,3,2,0,0
1965,Walsall,Workington,1,1,3,3,2,0,0
1965,Watford,Brentford,1,1,3,3,2,0,0
1965,Watford,Hull City,1,1,3,3,2,0,0
1965,Workington,Brighton & Hove Albion,1,0,3,3,1,1,1
1965,Workington,Oxford United,2,1,3,3,3,1,1
1965,Workington,Reading,1,0,3,3,1,1,1
1965,York City,AFC Bournemouth,0,2,3,3,2,-2,0
1965,York City,Bristol Rovers,1,5,3,3,6,-4,0
1965,York City,Grimsby Town,1,1,3,3,2,0,0
1965,York City,Scunthorpe United,1,3,3,3,4,-2,0
1965,Aldershot,Crewe Alexandra,1,0,4,4,1,1,1
1965,Aldershot,Halifax Town,0,0,4,4,0,0,0
1965,Aldershot,Luton Town,3,1,4,4,4,2,1
1965,Aldershot,Stockport County,1,0,4,4,1,1,1
1965,Barnsley,Darlington,3,1,4,4,4,2,1
1965,Barnsley,Rochdale,5,0,4,4,5,5,1
1965,Barrow,Doncaster Rovers,2,1,4,4,3,1,1
1965,Barrow,Notts County,2,1,4,4,3,1,1
1965,Barrow,Southport,3,3,4,4,6,0,0
1965,Barrow,Tranmere Rovers,1,1,4,4,2,0,0
1965,Bradford City,Barnsley,1,0,4,4,1,1,1
1965,Bradford City,Chester,1,2,4,4,3,-1,0
1965,Bradford City,Crewe Alexandra,0,1,4,4,1,-1,0
1965,Bradford City,Halifax Town,0,1,4,4,1,-1,0
1965,Bradford City,Luton Town,2,2,4,4,4,0,0
1965,Bradford Park Avenue,Barrow,2,3,4,4,5,-1,0
1965,Bradford Park Avenue,Chesterfield,3,1,4,4,4,2,1
1965,Bradford Park Avenue,Hartlepool United,4,1,4,4,5,3,1
1965,Bradford Park Avenue,Newport County,6,1,4,4,7,5,1
1965,Bradford Park Avenue,Rochdale,1,2,4,4,3,-1,0
1965,Chester,Aldershot,3,2,4,4,5,1,1
1965,Chester,Doncaster Rovers,1,4,4,4,5,-3,0
1965,Chester,Lincoln City,4,2,4,4,6,2,1
1965,Chesterfield,Crewe Alexandra,3,1,4,4,4,2,1
1965,Chesterfield,Halifax Town,3,2,4,4,5,1,1
1965,Chesterfield,Port Vale,3,1,4,4,4,2,1
1965,Chesterfield,Wrexham,1,1,4,4,2,0,0
1965,Colchester United,Chester,1,1,4,4,2,0,0
1965,Colchester United,Newport County,3,2,4,4,5,1,1
1965,Colchester United,Rochdale,2,0,4,4,2,2,1
1965,Colchester United,Torquay United,0,2,4,4,2,-2,0
1965,Crewe Alexandra,Bradford City,7,1,4,4,8,6,1
1965,Crewe Alexandra,Tranmere Rovers,1,2,4,4,3,-1,0
1965,Darlington,Barnsley,2,1,4,4,3,1,1
1965,Darlington,Bradford Park Avenue,4,1,4,4,5,3,1
1965,Darlington,Halifax Town,2,0,4,4,2,2,1
1965,Darlington,Port Vale,2,1,4,4,3,1,1
1965,Darlington,Stockport County,3,0,4,4,3,3,1
1965,Darlington,Wrexham,2,0,4,4,2,2,1
1965,Doncaster Rovers,Barrow,1,1,4,4,2,0,0
1965,Doncaster Rovers,Newport County,1,0,4,4,1,1,1
1965,Doncaster Rovers,Rochdale,2,0,4,4,2,2,1
1965,Halifax Town,Aldershot,3,4,4,4,7,-1,0
1965,Halifax Town,Bradford City,3,2,4,4,5,1,1
1965,Halifax Town,Chesterfield,4,1,4,4,5,3,1
1965,Halifax Town,Darlington,2,2,4,4,4,0,0
1965,Halifax Town,Lincoln City,2,2,4,4,4,0,0
1965,Halifax Town,Notts County,0,1,4,4,1,-1,0
1965,Halifax Town,Tranmere Rovers,2,2,4,4,4,0,0
1965,Hartlepool United,Barnsley,1,2,4,4,3,-1,0
1965,Hartlepool United,Luton Town,2,0,4,4,2,2,1
1965,Lincoln City,Chester,2,2,4,4,4,0,0
1965,Lincoln City,Newport County,1,1,4,4,2,0,0
1965,Luton Town,Hartlepool United,2,1,4,4,3,1,1
1965,Luton Town,Notts County,5,1,4,4,6,4,1
1965,Newport County,Barnsley,1,0,4,4,1,1,1
1965,Newport County,Doncaster Rovers,4,0,4,4,4,4,1
1965,Newport County,Lincoln City,0,0,4,4,0,0,0
1965,Newport County,Wrexham,2,2,4,4,4,0,0
1965,Notts County,Barrow,0,2,4,4,2,-2,0
1965,Notts County,Chester,3,3,4,4,6,0,0
1965,Notts County,Crewe Alexandra,0,1,4,4,1,-1,0
1965,Notts County,Halifax Town,1,1,4,4,2,0,0
1965,Notts County,Rochdale,3,3,4,4,6,0,0
1965,Port Vale,Aldershot,2,1,4,4,3,1,1
1965,Port Vale,Bradford City,0,0,4,4,0,0,0
1965,Port Vale,Hartlepool United,0,0,4,4,0,0,0
1965,Port Vale,Newport County,3,0,4,4,3,3,1
1965,Rochdale,Colchester United,0,1,4,4,1,-1,0
1965,Rochdale,Lincoln City,0,1,4,4,1,-1,0
1965,Rochdale,Stockport County,4,0,4,4,4,4,1
1965,Rochdale,Wrexham,6,0,4,4,6,6,1
1965,Southport,Barrow,1,1,4,4,2,0,0
1965,Southport,Chester,2,0,4,4,2,2,1
1965,Southport,Crewe Alexandra,1,1,4,4,2,0,0
1965,Southport,Luton Town,3,2,4,4,5,1,1
1965,Southport,Port Vale,2,1,4,4,3,1,1
1965,Southport,Torquay United,3,3,4,4,6,0,0
1965,Stockport County,Aldershot,1,2,4,4,3,-1,0
1965,Stockport County,Chesterfield,2,1,4,4,3,1,1
1965,Stockport County,Newport County,2,1,4,4,3,1,1
1965,Stockport County,Rochdale,3,1,4,4,4,2,1
1965,Torquay United,Barnsley,3,0,4,4,3,3,1
1965,Torquay United,Colchester United,0,1,4,4,1,-1,0
1965,Torquay United,Doncaster Rovers,0,0,4,4,0,0,0
1965,Torquay United,Notts County,2,0,4,4,2,2,1
1965,Torquay United,Southport,1,1,4,4,2,0,0
1965,Torquay United,Wrexham,3,1,4,4,4,2,1
1965,Tranmere Rovers,Barrow,1,2,4,4,3,-1,0
1965,Tranmere Rovers,Halifax Town,5,2,4,4,7,3,1
1965,Tranmere Rovers,Luton Town,2,0,4,4,2,2,1
1965,Tranmere Rovers,Port Vale,1,0,4,4,1,1,1
1965,Wrexham,Aldershot,4,0,4,4,4,4,1
1965,Wrexham,Chesterfield,2,1,4,4,3,1,1
1966,Arsenal,Blackpool,1,1,1,1,2,0,0
1966,Arsenal,Everton,3,1,1,1,4,2,1
1966,Arsenal,Leicester City,2,4,1,1,6,-2,0
1966,Arsenal,Manchester United,1,1,1,1,2,0,0
1966,Arsenal,Stoke City,3,1,1,1,4,2,1
1966,Arsenal,West Bromwich Albion,2,3,1,1,5,-1,0
1966,Aston Villa,Everton,2,4,1,1,6,-2,0
1966,Aston Villa,West Bromwich Albion,3,2,1,1,5,1,1
1966,Blackpool,Everton,0,1,1,1,1,-1,0
1966,Blackpool,Leicester City,1,1,1,1,2,0,0
1966,Blackpool,Manchester United,1,2,1,1,3,-1,0
1966,Blackpool,Stoke City,0,1,1,1,1,-1,0
1966,Blackpool,West Bromwich Albion,1,3,1,1,4,-2,0
1966,Burnley,Everton,1,1,1,1,2,0,0
1966,Burnley,Leicester City,5,2,1,1,7,3,1
1966,Burnley,Manchester United,1,1,1,1,2,0,0
1966,Burnley,Sheffield United,4,0,1,1,4,4,1
1966,Burnley,Stoke City,0,2,1,1,2,-2,0
1966,Chelsea,Aston Villa,3,1,1,1,4,2,1
1966,Chelsea,Leicester City,2,2,1,1,4,0,0
1966,Chelsea,Sheffield United,1,1,1,1,2,0,0
1966,Chelsea,Stoke City,1,0,1,1,1,1,1
1966,Chelsea,West Bromwich Albion,0,2,1,1,2,-2,0
1966,Everton,Aston Villa,3,1,1,1,4,2,1
1966,Everton,Chelsea,3,1,1,1,4,2,1
1966,Everton,Leicester City,2,0,1,1,2,2,1
1966,Everton,Manchester United,1,2,1,1,3,-1,0
1966,Fulham,Aston Villa,5,1,1,1,6,4,1
1966,Fulham,Leicester City,4,2,1,1,6,2,1
1966,Fulham,Manchester United,2,2,1,1,4,0,0
1966,Fulham,West Bromwich Albion,2,2,1,1,4,0,0
1966,Leeds United,Aston Villa,0,2,1,1,2,-2,0
1966,Leeds United,Leicester City,3,1,1,1,4,2,1
1966,Leeds United,Stoke City,3,0,1,1,3,3,1
1966,Leicester City,Chelsea,3,2,1,1,5,1,1
1966,Leicester City,Sheffield United,2,2,1,1,4,0,0
1966,Leicester City,West Bromwich Albion,2,1,1,1,3,1,1
1966,Liverpool,Aston Villa,1,0,1,1,1,1,1
1966,Liverpool,Chelsea,2,1,1,1,3,1,1
1966,Liverpool,Manchester United,0,0,1,1,0,0,0
1966,Liverpool,Stoke City,2,1,1,1,3,1,1
1966,Liverpool,West Bromwich Albion,0,1,1,1,1,-1,0
1966,Manchester City,Aston Villa,1,1,1,1,2,0,0
1966,Manchester City,Leeds United,2,1,1,1,3,1,1
1966,Manchester City,Sheffield United,1,1,1,1,2,0,0
1966,Manchester City,Stoke City,3,1,1,1,4,2,1
1966,Manchester City,West Bromwich Albion,2,2,1,1,4,0,0
1966,Manchester United,Aston Villa,3,1,1,1,4,2,1
1966,Manchester United,Chelsea,1,1,1,1,2,0,0
1966,Manchester United,Leeds United,0,0,1,1,0,0,0
1966,Manchester United,Manchester City,1,0,1,1,1,1,1
1966,Manchester United,Stoke City,0,0,1,1,0,0,0
1966,Newcastle United,Chelsea,2,2,1,1,4,0,0
1966,Newcastle United,Leeds United,1,2,1,1,3,-1,0
1966,Newcastle United,Manchester City,2,0,1,1,2,2,1
1966,Newcastle United,Sheffield United,1,0,1,1,1,1,1
1966,Newcastle United,Stoke City,3,1,1,1,4,2,1
1966,Nottingham Forest,Aston Villa,3,0,1,1,3,3,1
1966,Nottingham Forest,Sheffield United,3,1,1,1,4,2,1
1966,Nottingham Forest,Stoke City,1,2,1,1,3,-1,0
1966,Sheffield United,Aston Villa,3,3,1,1,6,0,0
1966,Sheffield United,Chelsea,3,0,1,1,3,3,1
1966,Sheffield United,Leeds United,1,4,1,1,5,-3,0
1966,Sheffield United,Nottingham Forest,1,2,1,1,3,-1,0
1966,Sheffield United,Stoke City,2,1,1,1,3,1,1
1966,Sheffield United,West Bromwich Albion,4,3,1,1,7,1,1
1966,Sheffield Wednesday,Aston Villa,2,0,1,1,2,2,1
1966,Sheffield Wednesday,Chelsea,6,1,1,1,7,5,1
1966,Sheffield Wednesday,Manchester City,1,0,1,1,1,1,1
1966,Sheffield Wednesday,West Bromwich Albion,1,0,1,1,1,1,1
1966,Southampton,Aston Villa,6,2,1,1,8,4,1
1966,Southampton,Leeds United,0,2,1,1,2,-2,0
1966,Southampton,Nottingham Forest,2,1,1,1,3,1,1
1966,Stoke City,Leeds United,0,0,1,1,0,0,0
1966,Stoke City,Southampton,3,2,1,1,5,1,1
1966,Sunderland,Aston Villa,2,1,1,1,3,1,1
1966,Sunderland,Chelsea,2,0,1,1,2,2,1
1966,Sunderland,Manchester City,1,0,1,1,1,1,1
1966,Sunderland,Southampton,2,0,1,1,2,2,1
1966,Sunderland,West Bromwich Albion,2,2,1,1,4,0,0
1966,Tottenham Hotspur,Aston Villa,0,1,1,1,1,-1,0
1966,Tottenham Hotspur,Manchester City,1,1,1,1,2,0,0
1966,Tottenham Hotspur,Nottingham Forest,2,1,1,1,3,1,1
1966,Tottenham Hotspur,Southampton,5,3,1,1,8,2,1
1966,Tottenham Hotspur,West Bromwich Albion,0,0,1,1,0,0,0
1966,West Bromwich Albion,Leeds United,2,0,1,1,2,2,1
1966,West Bromwich Albion,Manchester City,0,3,1,1,3,-3,0
1966,West Bromwich Albion,Tottenham Hotspur,3,0,1,1,3,3,1
1966,West Ham United,Aston Villa,2,1,1,1,3,1,1
1966,West Ham United,Chelsea,1,2,1,1,3,-1,0
1966,West Ham United,Nottingham Forest,3,1,1,1,4,2,1
1966,West Ham United,Southampton,2,2,1,1,4,0,0
1966,West Ham United,Tottenham Hotspur,0,2,1,1,2,-2,0
1966,Birmingham City,Cardiff City,1,2,2,2,3,-1,0
1966,Birmingham City,Coventry City,1,1,2,2,2,0,0
1966,Birmingham City,Huddersfield Town,0,1,2,2,1,-1,0
1966,Blackburn Rovers,Coventry City,0,1,2,2,1,-1,0
1966,Blackburn Rovers,Huddersfield Town,2,0,2,2,2,2,1
1966,Blackburn Rovers,Millwall,1,0,2,2,1,1,1
1966,Bolton Wanderers,Coventry City,1,1,2,2,2,0,0
1966,Bolton Wanderers,Plymouth Argyle,1,2,2,2,3,-1,0
1966,Bolton Wanderers,Rotherham United,2,2,2,2,4,0,0
1966,Bristol City,Coventry City,2,2,2,2,4,0,0
1966,Bristol City,Huddersfield Town,1,1,2,2,2,0,0
1966,Bristol City,Millwall,1,1,2,2,2,0,0
1966,Bury,Coventry City,0,1,2,2,1,-1,0
1966,Bury,Millwall,0,1,2,2,1,-1,0
1966,Bury,Plymouth Argyle,1,0,2,2,1,1,1
1966,Cardiff City,Blackburn Rovers,1,1,2,2,2,0,0
1966,Cardiff City,Bury,3,0,2,2,3,3,1
1966,Cardiff City,Coventry City,1,1,2,2,2,0,0
1966,Cardiff City,Huddersfield Town,1,1,2,2,2,0,0
1966,Carlisle United,Coventry City,2,1,2,2,3,1,1
1966,Carlisle United,Plymouth Argyle,0,0,2,2,0,0,0
1966,Charlton Athletic,Bury,4,0,2,2,4,4,1
1966,Charlton Athletic,Huddersfield Town,1,2,2,2,3,-1,0
1966,Charlton Athletic,Plymouth Argyle,1,0,2,2,1,1,1
1966,Coventry City,Blackburn Rovers,2,0,2,2,2,2,1
1966,Coventry City,Millwall,3,1,2,2,4,2,1
1966,Crystal Palace,Blackburn Rovers,2,1,2,2,3,1,1
1966,Crystal Palace,Charlton Athletic,1,0,2,2,1,1,1
1966,Crystal Palace,Millwall,1,2,2,2,3,-1,0
1966,Derby County,Blackburn Rovers,2,3,2,2,5,-1,0
1966,Derby County,Huddersfield Town,4,3,2,2,7,1,1
1966,Derby County,Millwall,5,1,2,2,6,4,1
1966,Derby County,Rotherham United,2,0,2,2,2,2,1
1966,Huddersfield Town,Bury,4,2,2,2,6,2,1
1966,Huddersfield Town,Derby County,1,0,2,2,1,1,1
1966,Huddersfield Town,Millwall,2,0,2,2,2,2,1
1966,Huddersfield Town,Plymouth Argyle,1,1,2,2,2,0,0
1966,Hull City,Charlton Athletic,2,2,2,2,4,0,0
1966,Hull City,Derby County,1,3,2,2,4,-2,0
1966,Hull City,Rotherham United,1,0,2,2,1,1,1
1966,Ipswich Town,Bury,2,0,2,2,2,2,1
1966,Ipswich Town,Charlton Athletic,0,0,2,2,0,0,0
1966,Ipswich Town,Derby County,4,3,2,2,7,1,1
1966,Ipswich Town,Millwall,4,1,2,2,5,3,1
1966,Ipswich Town,Rotherham United,3,2,2,2,5,1,1
1966,Millwall,Bury,2,0,2,2,2,2,1
1966,Millwall,Charlton Athletic,0,0,2,2,0,0,0
1966,Millwall,Ipswich Town,1,0,2,2,1,1,1
1966,Millwall,Plymouth Argyle,1,2,2,2,3,-1,0
1966,Millwall,Rotherham United,2,0,2,2,2,2,1
1966,Northampton Town,Charlton Athletic,1,1,2,2,2,0,0
1966,Northampton Town,Derby County,0,2,2,2,2,-2,0
1966,Northampton Town,Plymouth Argyle,2,1,2,2,3,1,1
1966,Norwich City,Charlton Athletic,1,1,2,2,2,0,0
1966,Norwich City,Derby County,4,1,2,2,5,3,1
1966,Norwich City,Ipswich Town,1,2,2,2,3,-1,0
1966,Norwich City,Rotherham United,1,0,2,2,1,1,1
1966,Plymouth Argyle,Blackburn Rovers,4,0,2,2,4,4,1
1966,Plymouth Argyle,Bury,4,1,2,2,5,3,1
1966,Plymouth Argyle,Charlton Athletic,2,1,2,2,3,1,1
1966,Plymouth Argyle,Derby County,1,2,2,2,3,-1,0
1966,Portsmouth,Blackburn Rovers,1,1,2,2,2,0,0
1966,Portsmouth,Bury,1,2,2,2,3,-1,0
1966,Portsmouth,Charlton Athletic,1,2,2,2,3,-1,0
1966,Preston North End,Blackburn Rovers,3,0,2,2,3,3,1
1966,Preston North End,Norwich City,3,1,2,2,4,2,1
1966,Rotherham United,Blackburn Rovers,2,1,2,2,3,1,1
1966,Rotherham United,Bury,3,0,2,2,3,3,1
1966,Rotherham United,Charlton Athletic,2,0,2,2,2,2,1
1966,Rotherham United,Norwich City,2,1,2,2,3,1,1
1966,Rotherham United,Preston North End,2,1,2,2,3,1,1
1966,Wolverhampton Wanderers,Blackburn Rovers,4,0,2,2,4,4,1
1966,Wolverhampton Wanderers,Derby County,5,3,2,2,8,2,1
1966,Wolverhampton Wanderers,Preston North End,3,2,2,2,5,1,1
1966,AFC Bournemouth,Doncaster Rovers,4,1,3,3,5,3,1
1966,AFC Bournemouth,Leyton Orient,1,0,3,3,1,1,1
1966,AFC Bournemouth,Torquay United,1,0,3,3,1,1,1
1966,AFC Bournemouth,Workington,0,2,3,3,2,-2,0
1966,Brighton & Hove Albion,Gillingham,2,2,3,3,4,0,0
1966,Brighton & Hove Albion,Oxford United,2,0,3,3,2,2,1
1966,Brighton & Hove Albion,Reading,0,1,3,3,1,-1,0
1966,Brighton & Hove Albion,Walsall,2,3,3,3,5,-1,0
1966,Bristol Rovers,Middlesbrough,2,2,3,3,4,0,0
1966,Bristol Rovers,Scunthorpe United,1,1,3,3,2,0,0
1966,Colchester United,Doncaster Rovers,5,0,3,3,5,5,1
1966,Colchester United,Oldham Athletic,3,2,3,3,5,1,1
1966,Colchester United,Queens Park Rangers,1,3,3,3,4,-2,0
1966,Colchester United,Shrewsbury Town,3,1,3,3,4,2,1
1966,Darlington,Bristol Rovers,0,3,3,3,3,-3,0
1966,Darlington,Gillingham,1,1,3,3,2,0,0
1966,Darlington,Mansfield Town,1,1,3,3,2,0,0
1966,Darlington,Reading,0,1,3,3,1,-1,0
1966,Darlington,Swansea City,1,0,3,3,1,1,1
1966,Darlington,Walsall,0,1,3,3,1,-1,0
1966,Doncaster Rovers,Grimsby Town,3,2,3,3,5,1,1
1966,Doncaster Rovers,Peterborough United,3,1,3,3,4,2,1
1966,Doncaster Rovers,Scunthorpe United,3,0,3,3,3,3,1
1966,Doncaster Rovers,Swindon Town,1,0,3,3,1,1,1
1966,Doncaster Rovers,Watford,0,0,3,3,0,0,0
1966,Gillingham,Oldham Athletic,1,0,3,3,1,1,1
1966,Gillingham,Workington,1,1,3,3,2,0,0
1966,Grimsby Town,Mansfield Town,1,2,3,3,3,-1,0
1966,Leyton Orient,Peterborough United,1,1,3,3,2,0,0
1966,Leyton Orient,Swindon Town,0,0,3,3,0,0,0
1966,Mansfield Town,Darlington,2,2,3,3,4,0,0
1966,Mansfield Town,Grimsby Town,4,0,3,3,4,4,1
1966,Mansfield Town,Oldham Athletic,2,4,3,3,6,-2,0
1966,Mansfield Town,Queens Park Rangers,1,7,3,3,8,-6,0
1966,Mansfield Town,Shrewsbury Town,0,1,3,3,1,-1,0
1966,Mansfield Town,Torquay United,4,2,3,3,6,2,1
1966,Middlesbrough,Doncaster Rovers,2,0,3,3,2,2,1
1966,Middlesbrough,Leyton Orient,3,1,3,3,4,2,1
1966,Middlesbrough,Reading,2,2,3,3,4,0,0
1966,Oldham Athletic,AFC Bournemouth,1,1,3,3,2,0,0
1966,Oldham Athletic,Colchester United,4,0,3,3,4,4,1
1966,Oldham Athletic,Scunthorpe United,2,0,3,3,2,2,1
1966,Oldham Athletic,Watford,1,1,3,3,2,0,0
1966,Oxford United,Middlesbrough,1,1,3,3,2,0,0
1966,Oxford United,Queens Park Rangers,2,1,3,3,3,1,1
1966,Oxford United,Torquay United,2,2,3,3,4,0,0
1966,Peterborough United,Bristol Rovers,1,1,3,3,2,0,0
1966,Peterborough United,Oldham Athletic,3,1,3,3,4,2,1
1966,Peterborough United,Swansea City,4,4,3,3,8,0,0
1966,Peterborough United,Walsall,2,1,3,3,3,1,1
1966,Queens Park Rangers,AFC Bournemouth,4,0,3,3,4,4,1
1966,Queens Park Rangers,Gillingham,2,0,3,3,2,2,1
1966,Queens Park Rangers,Mansfield Town,0,0,3,3,0,0,0
1966,Queens Park Rangers,Watford,4,1,3,3,5,3,1
1966,Reading,Grimsby Town,6,0,3,3,6,6,1
1966,Reading,Peterborough United,2,2,3,3,4,0,0
1966,Reading,Torquay United,2,1,3,3,3,1,1
1966,Scunthorpe United,Oldham Athletic,1,1,3,3,2,0,0
1966,Scunthorpe United,Walsall,2,0,3,3,2,2,1
1966,Shrewsbury Town,Colchester United,2,1,3,3,3,1,1
1966,Shrewsbury Town,Oxford United,1,0,3,3,1,1,1
1966,Shrewsbury Town,Reading,1,0,3,3,1,1,1
1966,Shrewsbury Town,Swindon Town,3,1,3,3,4,2,1
1966,Swansea City,Darlington,1,1,3,3,2,0,0
1966,Swansea City,Grimsby Town,2,0,3,3,2,2,1
1966,Swansea City,Middlesbrough,4,4,3,3,8,0,0
1966,Swansea City,Peterborough United,3,3,3,3,6,0,0
1966,Swansea City,Torquay United,0,0,3,3,0,0,0
1966,Swindon Town,Doncaster Rovers,0,1,3,3,1,-1,0
1966,Swindon Town,Shrewsbury Town,2,2,3,3,4,0,0
1966,Torquay United,Colchester United,5,0,3,3,5,5,1
1966,Torquay United,Oxford United,1,0,3,3,1,1,1
1966,Torquay United,Reading,3,0,3,3,3,3,1
1966,Torquay United,Swansea City,2,4,3,3,6,-2,0
1966,Walsall,Brighton & Hove Albion,2,1,3,3,3,1,1
1966,Walsall,Darlington,1,1,3,3,2,0,0
1966,Walsall,Grimsby Town,1,0,3,3,1,1,1
1966,Walsall,Middlesbrough,2,1,3,3,3,1,1
1966,Walsall,Swindon Town,1,1,3,3,2,0,0
1966,Walsall,Workington,2,0,3,3,2,2,1
1966,Watford,Doncaster Rovers,4,1,3,3,5,3,1
1966,Watford,Shrewsbury Town,1,0,3,3,1,1,1
1966,Workington,Colchester United,1,0,3,3,1,1,1
1966,Workington,Reading,1,2,3,3,3,-1,0
1966,Aldershot,Barrow,0,1,4,4,1,-1,0
1966,Aldershot,Brentford,3,1,4,4,4,2,1
1966,Aldershot,Crewe Alexandra,1,0,4,4,1,1,1
1966,Aldershot,Newport County,5,0,4,4,5,5,1
1966,Barnsley,Bradford City,1,1,4,4,2,0,0
1966,Barnsley,Notts County,0,0,4,4,0,0,0
1966,Barnsley,Tranmere Rovers,2,2,4,4,4,0,0
1966,Barrow,Halifax Town,1,0,4,4,1,1,1
1966,Barrow,Southport,2,2,4,4,4,0,0
1966,Barrow,Wrexham,1,1,4,4,2,0,0
1966,Bradford City,Brentford,2,0,4,4,2,2,1
1966,Bradford City,Crewe Alexandra,0,3,4,4,3,-3,0
1966,Bradford City,Hartlepool United,3,0,4,4,3,3,1
1966,Bradford City,Rochdale,4,1,4,4,5,3,1
1966,Bradford Park Avenue,Tranmere Rovers,2,3,4,4,5,-1,0
1966,Brentford,Bradford City,2,0,4,4,2,2,1
1966,Brentford,Halifax Town,1,0,4,4,1,1,1
1966,Brentford,Port Vale,2,0,4,4,2,2,1
1966,Brentford,Wrexham,1,1,4,4,2,0,0
1966,Chester,Newport County,4,2,4,4,6,2,1
1966,Chester,Stockport County,1,1,4,4,2,0,0
1966,Chesterfield,Barrow,1,2,4,4,3,-1,0
1966,Chesterfield,Exeter City,1,0,4,4,1,1,1
1966,Chesterfield,Lincoln City,3,1,4,4,4,2,1
1966,Chesterfield,Notts County,1,1,4,4,2,0,0
1966,Chesterfield,Tranmere Rovers,3,1,4,4,4,2,1
1966,Crewe Alexandra,Bradford City,1,0,4,4,1,1,1
1966,Crewe Alexandra,Luton Town,3,1,4,4,4,2,1
1966,Crewe Alexandra,Port Vale,1,0,4,4,1,1,1
1966,Crewe Alexandra,Southport,1,1,4,4,2,0,0
1966,Crewe Alexandra,Wrexham,1,2,4,4,3,-1,0
1966,Exeter City,Bradford Park Avenue,4,1,4,4,5,3,1
1966,Exeter City,Hartlepool United,1,0,4,4,1,1,1
1966,Exeter City,Rochdale,0,0,4,4,0,0,0
1966,Halifax Town,Barrow,1,4,4,4,5,-3,0
1966,Halifax Town,Brentford,3,2,4,4,5,1,1
1966,Halifax Town,Notts County,5,2,4,4,7,3,1
1966,Halifax Town,Southend United,2,2,4,4,4,0,0
1966,Hartlepool United,Aldershot,3,2,4,4,5,1,1
1966,Hartlepool United,Exeter City,3,1,4,4,4,2,1
1966,Hartlepool United,Port Vale,2,1,4,4,3,1,1
1966,Hartlepool United,Southport,1,1,4,4,2,0,0
1966,Lincoln City,Bradford Park Avenue,2,2,4,4,4,0,0
1966,Lincoln City,Rochdale,0,2,4,4,2,-2,0
1966,Lincoln City,Stockport County,0,1,4,4,1,-1,0
1966,Lincoln City,York City,2,2,4,4,4,0,0
1966,Luton Town,Barrow,3,1,4,4,4,2,1
1966,Luton Town,Brentford,3,0,4,4,3,3,1
1966,Luton Town,Hartlepool United,0,2,4,4,2,-2,0
1966,Luton Town,Southend United,1,0,4,4,1,1,1
1966,Luton Town,Tranmere Rovers,2,0,4,4,2,2,1
1966,Newport County,Bradford City,1,1,4,4,2,0,0
1966,Newport County,Chester,2,3,4,4,5,-1,0
1966,Notts County,Stockport County,2,2,4,4,4,0,0
1966,Notts County,York City,2,0,4,4,2,2,1
1966,Port Vale,Barrow,2,1,4,4,3,1,1
1966,Port Vale,Brentford,1,3,4,4,4,-2,0
1966,Port Vale,Hartlepool United,0,0,4,4,0,0,0
1966,Port Vale,Newport County,2,0,4,4,2,2,1
1966,Port Vale,Tranmere Rovers,1,1,4,4,2,0,0
1966,Rochdale,Aldershot,2,1,4,4,3,1,1
1966,Rochdale,Lincoln City,1,0,4,4,1,1,1
1966,Rochdale,Notts County,1,1,4,4,2,0,0
1966,Rochdale,Southport,1,1,4,4,2,0,0
1966,Rochdale,Wrexham,1,3,4,4,4,-2,0
1966,Southend United,Bradford Park Avenue,4,0,4,4,4,4,1
1966,Southend United,Chesterfield,4,1,4,4,5,3,1
1966,Southend United,Port Vale,4,1,4,4,5,3,1
1966,Southend United,York City,2,1,4,4,3,1,1
1966,Southport,Barrow,4,1,4,4,5,3,1
1966,Southport,Crewe Alexandra,4,1,4,4,5,3,1
1966,Southport,Rochdale,1,2,4,4,3,-1,0
1966,Stockport County,Aldershot,1,0,4,4,1,1,1
1966,Stockport County,Lincoln City,4,5,4,4,9,-1,0
1966,Stockport County,Wrexham,1,0,4,4,1,1,1
1966,Tranmere Rovers,Chesterfield,1,0,4,4,1,1,1
1966,Tranmere Rovers,Halifax Town,1,0,4,4,1,1,1
1966,Tranmere Rovers,Port Vale,2,1,4,4,3,1,1
1966,Tranmere Rovers,Southport,1,2,4,4,3,-1,0
1966,Tranmere Rovers,York City,2,1,4,4,3,1,1
1966,Wrexham,Brentford,0,0,4,4,0,0,0
1966,Wrexham,Crewe Alexandra,1,1,4,4,2,0,0
1966,Wrexham,Hartlepool United,4,1,4,4,5,3,1
1966,Wrexham,Stockport County,2,2,4,4,4,0,0
1966,York City,Exeter City,2,4,4,4,6,-2,0
1966,York City,Tranmere Rovers,0,1,4,4,1,-1,0
1967,Arsenal,Chelsea,1,1,1,1,2,0,0
1967,Arsenal,Newcastle United,0,0,1,1,0,0,0
1967,Arsenal,Sunderland,2,1,1,1,3,1,1
1967,Burnley,Chelsea,1,1,1,1,2,0,0
1967,Burnley,Sheffield Wednesday,2,1,1,1,3,1,1
1967,Chelsea,Burnley,2,1,1,1,3,1,1
1967,Chelsea,West Ham United,1,3,1,1,4,-2,0
1967,Coventry City,Fulham,0,3,1,1,3,-3,0
1967,Coventry City,Newcastle United,1,4,1,1,5,-3,0
1967,Coventry City,Sheffield Wednesday,3,0,1,1,3,3,1
1967,Coventry City,West Ham United,1,1,1,1,2,0,0
1967,Everton,Fulham,5,1,1,1,6,4,1
1967,Everton,Liverpool,1,0,1,1,1,1,1
1967,Everton,Sheffield Wednesday,1,0,1,1,1,1,1
1967,Everton,Sunderland,3,0,1,1,3,3,1
1967,Fulham,Everton,2,1,1,1,3,1,1
1967,Fulham,Liverpool,1,1,1,1,2,0,0
1967,Fulham,Newcastle United,2,0,1,1,2,2,1
1967,Fulham,Sheffield Wednesday,2,0,1,1,2,2,1
1967,Leeds United,Burnley,2,1,1,1,3,1,1
1967,Leeds United,Newcastle United,2,0,1,1,2,2,1
1967,Leeds United,Sunderland,1,1,1,1,2,0,0
1967,Leicester City,Burnley,0,2,1,1,2,-2,0
1967,Leicester City,Everton,0,2,1,1,2,-2,0
1967,Leicester City,Sunderland,0,2,1,1,2,-2,0
1967,Liverpool,Burnley,3,2,1,1,5,1,1
1967,Liverpool,West Ham United,3,1,1,1,4,2,1
1967,Manchester City,Burnley,4,2,1,1,6,2,1
1967,Manchester City,Leicester City,6,0,1,1,6,6,1
1967,Manchester City,Newcastle United,2,0,1,1,2,2,1
1967,Manchester United,Leicester City,1,1,1,1,2,0,0
1967,Manchester United,Newcastle United,6,0,1,1,6,6,1
1967,Newcastle United,Leicester City,0,0,1,1,0,0,0
1967,Newcastle United,Manchester United,2,2,1,1,4,0,0
1967,Newcastle United,Sheffield Wednesday,4,0,1,1,4,4,1
1967,Newcastle United,West Ham United,1,0,1,1,1,1,1
1967,Nottingham Forest,Leicester City,2,1,1,1,3,1,1
1967,Nottingham Forest,Sheffield Wednesday,0,0,1,1,0,0,0
1967,Nottingham Forest,Sunderland,0,3,1,1,3,-3,0
1967,Sheffield United,Manchester United,0,3,1,1,3,-3,0
1967,Sheffield United,Sheffield Wednesday,0,1,1,1,1,-1,0
1967,Sheffield United,West Ham United,1,2,1,1,3,-1,0
1967,Sheffield Wednesday,Burnley,2,1,1,1,3,1,1
1967,Sheffield Wednesday,Manchester United,1,1,1,1,2,0,0
1967,Sheffield Wednesday,Sheffield United,1,1,1,1,2,0,0
1967,Sheffield Wednesday,Sunderland,0,1,1,1,1,-1,0
1967,Southampton,Everton,3,2,1,1,5,1,1
1967,Southampton,Sheffield United,3,3,1,1,6,0,0
1967,Southampton,Sunderland,3,2,1,1,5,1,1
1967,Southampton,West Ham United,0,0,1,1,0,0,0
1967,Stoke City,Leicester City,3,2,1,1,5,1,1
1967,Stoke City,Sunderland,2,1,1,1,3,1,1
1967,Sunderland,Burnley,2,2,1,1,4,0,0
1967,Sunderland,Leicester City,0,2,1,1,2,-2,0
1967,Sunderland,Manchester United,1,1,1,1,2,0,0
1967,Sunderland,Stoke City,3,1,1,1,4,2,1
1967,Sunderland,West Ham United,1,5,1,1,6,-4,0
1967,Tottenham Hotspur,Manchester United,1,2,1,1,3,-1,0
1967,Tottenham Hotspur,Sheffield United,1,1,1,1,2,0,0
1967,Tottenham Hotspur,West Ham United,5,1,1,1,6,4,1
1967,West Bromwich Albion,West Ham United,3,1,1,1,4,2,1
1967,West Ham United,Sheffield United,3,0,1,1,3,3,1
1967,Wolverhampton Wanderers,Everton,1,3,1,1,4,-2,0
1967,Wolverhampton Wanderers,Manchester United,2,3,1,1,5,-1,0
1967,Wolverhampton Wanderers,Sheffield United,1,3,1,1,4,-2,0
1967,Aston Villa,Blackburn Rovers,1,2,2,2,3,-1,0
1967,Aston Villa,Bristol City,2,4,2,2,6,-2,0
1967,Aston Villa,Charlton Athletic,4,1,2,2,5,3,1
1967,Aston Villa,Queens Park Rangers,1,2,2,2,3,-1,0
1967,Birmingham City,Blackburn Rovers,1,1,2,2,2,0,0
1967,Birmingham City,Bristol City,4,1,2,2,5,3,1
1967,Birmingham City,Huddersfield Town,6,1,2,2,7,5,1
1967,Birmingham City,Plymouth Argyle,2,2,2,2,4,0,0
1967,Birmingham City,Queens Park Rangers,2,0,2,2,2,2,1
1967,Blackburn Rovers,Birmingham City,1,2,2,2,3,-1,0
1967,Blackburn Rovers,Bristol City,2,0,2,2,2,2,1
1967,Blackburn Rovers,Huddersfield Town,0,0,2,2,0,0,0
1967,Blackpool,Birmingham City,1,0,2,2,1,1,1
1967,Blackpool,Bristol City,1,1,2,2,2,0,0
1967,Blackpool,Charlton Athletic,2,0,2,2,2,2,1
1967,Blackpool,Huddersfield Town,2,0,2,2,2,2,1
1967,Blackpool,Queens Park Rangers,0,1,2,2,1,-1,0
1967,Bolton Wanderers,Bristol City,1,0,2,2,1,1,1
1967,Bolton Wanderers,Charlton Athletic,2,0,2,2,2,2,1
1967,Bolton Wanderers,Huddersfield Town,3,1,2,2,4,2,1
1967,Bolton Wanderers,Queens Park Rangers,1,1,2,2,2,0,0
1967,Bristol City,Bolton Wanderers,1,1,2,2,2,0,0
1967,Bristol City,Charlton Athletic,0,2,2,2,2,-2,0
1967,Bristol City,Middlesbrough,0,0,2,2,0,0,0
1967,Bristol City,Queens Park Rangers,0,2,2,2,2,-2,0
1967,Cardiff City,Middlesbrough,3,0,2,2,3,3,1
1967,Carlisle United,Birmingham City,1,1,2,2,2,0,0
1967,Carlisle United,Bolton Wanderers,3,0,2,2,3,3,1
1967,Carlisle United,Charlton Athletic,0,0,2,2,0,0,0
1967,Carlisle United,Huddersfield Town,2,1,2,2,3,1,1
1967,Charlton Athletic,Bolton Wanderers,2,0,2,2,2,2,1
1967,Charlton Athletic,Huddersfield Town,4,2,2,2,6,2,1
1967,Charlton Athletic,Queens Park Rangers,3,3,2,2,6,0,0
1967,Crystal Palace,Birmingham City,0,0,2,2,0,0,0
1967,Crystal Palace,Plymouth Argyle,5,0,2,2,5,5,1
1967,Derby County,Birmingham City,2,2,2,2,4,0,0
1967,Derby County,Bolton Wanderers,2,1,2,2,3,1,1
1967,Derby County,Middlesbrough,2,4,2,2,6,-2,0
1967,Derby County,Plymouth Argyle,1,0,2,2,1,1,1
1967,Huddersfield Town,Birmingham City,2,3,2,2,5,-1,0
1967,Huddersfield Town,Bolton Wanderers,1,1,2,2,2,0,0
1967,Huddersfield Town,Derby County,3,1,2,2,4,2,1
1967,Huddersfield Town,Middlesbrough,1,0,2,2,1,1,1
1967,Hull City,Birmingham City,0,1,2,2,1,-1,0
1967,Hull City,Bolton Wanderers,1,2,2,2,3,-1,0
1967,Hull City,Carlisle United,1,0,2,2,1,1,1
1967,Hull City,Derby County,3,0,2,2,3,3,1
1967,Hull City,Plymouth Argyle,0,2,2,2,2,-2,0
1967,Ipswich Town,Bolton Wanderers,1,1,2,2,2,0,0
1967,Ipswich Town,Derby County,4,0,2,2,4,4,1
1967,Ipswich Town,Middlesbrough,1,2,2,2,3,-1,0
1967,Ipswich Town,Queens Park Rangers,2,2,2,2,4,0,0
1967,Middlesbrough,Birmingham City,1,1,2,2,2,0,0
1967,Middlesbrough,Bolton Wanderers,1,2,2,2,3,-1,0
1967,Middlesbrough,Derby County,2,2,2,2,4,0,0
1967,Middlesbrough,Plymouth Argyle,5,0,2,2,5,5,1
1967,Millwall,Birmingham City,1,1,2,2,2,0,0
1967,Millwall,Bolton Wanderers,3,0,2,2,3,3,1
1967,Millwall,Derby County,1,1,2,2,2,0,0
1967,Millwall,Ipswich Town,1,1,2,2,2,0,0
1967,Millwall,Plymouth Argyle,3,0,2,2,3,3,1
1967,Norwich City,Bolton Wanderers,3,1,2,2,4,2,1
1967,Norwich City,Carlisle United,2,1,2,2,3,1,1
1967,Norwich City,Ipswich Town,3,4,2,2,7,-1,0
1967,Norwich City,Plymouth Argyle,2,0,2,2,2,2,1
1967,Norwich City,Queens Park Rangers,0,0,2,2,0,0,0
1967,Plymouth Argyle,Bolton Wanderers,1,2,2,2,3,-1,0
1967,Plymouth Argyle,Ipswich Town,0,1,2,2,1,-1,0
1967,Plymouth Argyle,Queens Park Rangers,0,1,2,2,1,-1,0
1967,Portsmouth,Bolton Wanderers,3,0,2,2,3,3,1
1967,Portsmouth,Carlisle United,2,1,2,2,3,1,1
1967,Portsmouth,Queens Park Rangers,1,1,2,2,2,0,0
1967,Preston North End,Birmingham City,0,0,2,2,0,0,0
1967,Preston North End,Carlisle United,0,2,2,2,2,-2,0
1967,Queens Park Rangers,Birmingham City,2,0,2,2,2,2,1
1967,Queens Park Rangers,Bolton Wanderers,1,0,2,2,1,1,1
1967,Queens Park Rangers,Derby County,0,1,2,2,1,-1,0
1967,Rotherham United,Carlisle United,1,2,2,2,3,-1,0
1967,Rotherham United,Derby County,1,3,2,2,4,-2,0
1967,Rotherham United,Ipswich Town,1,3,2,2,4,-2,0
1967,AFC Bournemouth,Brighton & Hove Albion,2,2,3,3,4,0,0
1967,AFC Bournemouth,Reading,2,0,3,3,2,2,1
1967,AFC Bournemouth,Torquay United,1,1,3,3,2,0,0
1967,Barrow,Bristol Rovers,1,0,3,3,1,1,1
1967,Barrow,Mansfield Town,0,1,3,3,1,-1,0
1967,Barrow,Scunthorpe United,2,1,3,3,3,1,1
1967,Barrow,Tranmere Rovers,2,1,3,3,3,1,1
1967,Brighton & Hove Albion,AFC Bournemouth,2,3,3,3,5,-1,0
1967,Brighton & Hove Albion,Peterborough United,1,1,3,3,2,0,0
1967,Brighton & Hove Albion,Shrewsbury Town,3,0,3,3,3,3,1
1967,Brighton & Hove Albion,Swindon Town,0,0,3,3,0,0,0
1967,Bristol Rovers,Colchester United,1,1,3,3,2,0,0
1967,Bristol Rovers,Leyton Orient,0,2,3,3,2,-2,0
1967,Bristol Rovers,Oldham Athletic,4,3,3,3,7,1,1
1967,Bristol Rovers,Reading,1,0,3,3,1,1,1
1967,Bristol Rovers,Watford,0,2,3,3,2,-2,0
1967,Bury,Mansfield Town,3,1,3,3,4,2,1
1967,Bury,Oxford United,1,1,3,3,2,0,0
1967,Bury,Tranmere Rovers,3,3,3,3,6,0,0
1967,Colchester United,AFC Bournemouth,0,1,3,3,1,-1,0
1967,Colchester United,Northampton Town,2,1,3,3,3,1,1
1967,Colchester United,Walsall,2,2,3,3,4,0,0
1967,Gillingham,Leyton Orient,2,3,3,3,5,-1,0
1967,Gillingham,Reading,3,0,3,3,3,3,1
1967,Gillingham,Watford,0,0,3,3,0,0,0
1967,Grimsby Town,Colchester United,1,2,3,3,3,-1,0
1967,Grimsby Town,Mansfield Town,0,0,3,3,0,0,0
1967,Grimsby Town,Oxford United,0,1,3,3,1,-1,0
1967,Leyton Orient,AFC Bournemouth,1,0,3,3,1,1,1
1967,Leyton Orient,Bristol Rovers,2,2,3,3,4,0,0
1967,Leyton Orient,Swindon Town,0,0,3,3,0,0,0
1967,Mansfield Town,Barrow,1,2,3,3,3,-1,0
1967,Mansfield Town,Bury,1,1,3,3,2,0,0
1967,Mansfield Town,Grimsby Town,1,1,3,3,2,0,0
1967,Mansfield Town,Oldham Athletic,1,1,3,3,2,0,0
1967,Mansfield Town,Torquay United,2,0,3,3,2,2,1
1967,Mansfield Town,Watford,1,2,3,3,3,-1,0
1967,Northampton Town,Brighton & Hove Albion,2,2,3,3,4,0,0
1967,Northampton Town,Leyton Orient,2,1,3,3,3,1,1
1967,Northampton Town,Oxford United,1,1,3,3,2,0,0
1967,Northampton Town,Stockport County,4,1,3,3,5,3,1
1967,Oldham Athletic,Bristol Rovers,3,5,3,3,8,-2,0
1967,Oldham Athletic,Mansfield Town,1,0,3,3,1,1,1
1967,Oldham Athletic,Peterborough United,0,2,3,3,2,-2,0
1967,Oldham Athletic,Swindon Town,0,2,3,3,2,-2,0
1967,Oxford United,Barrow,3,1,3,3,4,2,1
1967,Oxford United,Northampton Town,1,0,3,3,1,1,1
1967,Oxford United,Reading,2,0,3,3,2,2,1
1967,Peterborough United,Leyton Orient,3,2,3,3,5,1,1
1967,Peterborough United,Oldham Athletic,2,1,3,3,3,1,1
1967,Peterborough United,Scunthorpe United,1,1,3,3,2,0,0
1967,Reading,Bristol Rovers,2,1,3,3,3,1,1
1967,Reading,Mansfield Town,2,1,3,3,3,1,1
1967,Reading,Oxford United,1,1,3,3,2,0,0
1967,Reading,Shrewsbury Town,0,0,3,3,0,0,0
1967,Reading,Swindon Town,2,1,3,3,3,1,1
1967,Reading,Walsall,2,2,3,3,4,0,0
1967,Scunthorpe United,Barrow,2,4,3,3,6,-2,0
1967,Scunthorpe United,Peterborough United,2,1,3,3,3,1,1
1967,Scunthorpe United,Southport,1,0,3,3,1,1,1
1967,Scunthorpe United,Torquay United,2,0,3,3,2,2,1
1967,Scunthorpe United,Watford,1,1,3,3,2,0,0
1967,Shrewsbury Town,Brighton & Hove Albion,0,0,3,3,0,0,0
1967,Shrewsbury Town,Reading,2,1,3,3,3,1,1
1967,Shrewsbury Town,Tranmere Rovers,1,1,3,3,2,0,0
1967,Southport,AFC Bournemouth,1,1,3,3,2,0,0
1967,Southport,Bristol Rovers,2,1,3,3,3,1,1
1967,Southport,Gillingham,4,1,3,3,5,3,1
1967,Southport,Mansfield Town,3,1,3,3,4,2,1
1967,Southport,Oxford United,1,0,3,3,1,1,1
1967,Southport,Swindon Town,1,1,3,3,2,0,0
1967,Stockport County,Shrewsbury Town,4,2,3,3,6,2,1
1967,Stockport County,Watford,2,0,3,3,2,2,1
1967,Swindon Town,Colchester United,1,1,3,3,2,0,0
1967,Swindon Town,Oldham Athletic,0,0,3,3,0,0,0
1967,Torquay United,AFC Bournemouth,2,1,3,3,3,1,1
1967,Torquay United,Bristol Rovers,2,0,3,3,2,2,1
1967,Torquay United,Gillingham,2,1,3,3,3,1,1
1967,Torquay United,Mansfield Town,0,2,3,3,2,-2,0
1967,Torquay United,Stockport County,3,0,3,3,3,3,1
1967,Torquay United,Walsall,4,1,3,3,5,3,1
1967,Tranmere Rovers,Barrow,0,0,3,3,0,0,0
1967,Tranmere Rovers,Grimsby Town,1,2,3,3,3,-1,0
1967,Tranmere Rovers,Northampton Town,2,2,3,3,4,0,0
1967,Tranmere Rovers,Peterborough United,0,1,3,3,1,-1,0
1967,Tranmere Rovers,Shrewsbury Town,4,1,3,3,5,3,1
1967,Tranmere Rovers,Swindon Town,3,2,3,3,5,1,1
1967,Watford,Bristol Rovers,4,0,3,3,4,4,1
1967,Watford,Gillingham,3,0,3,3,3,3,1
1967,Aldershot,Luton Town,0,1,4,4,1,-1,0
1967,Aldershot,Port Vale,2,0,4,4,2,2,1
1967,Aldershot,Swansea City,1,1,4,4,2,0,0
1967,Aldershot,York City,2,2,4,4,4,0,0
1967,Barnsley,Newport County,4,2,4,4,6,2,1
1967,Barnsley,Rochdale,1,1,4,4,2,0,0
1967,Barnsley,Workington,2,1,4,4,3,1,1
1967,Bradford City,Brentford,2,3,4,4,5,-1,0
1967,Bradford City,Exeter City,2,1,4,4,3,1,1
1967,Bradford City,Southend United,2,1,4,4,3,1,1
1967,Bradford City,Wrexham,3,1,4,4,4,2,1
1967,Bradford Park Avenue,Barnsley,1,1,4,4,2,0,0
1967,Bradford Park Avenue,Chester,0,2,4,4,2,-2,0
1967,Bradford Park Avenue,Darlington,1,2,4,4,3,-1,0
1967,Bradford Park Avenue,Luton Town,2,1,4,4,3,1,1
1967,Bradford Park Avenue,Swansea City,1,2,4,4,3,-1,0
1967,Bradford Park Avenue,York City,1,1,4,4,2,0,0
1967,Brentford,Bradford City,0,1,4,4,1,-1,0
1967,Brentford,Hartlepool United,0,1,4,4,1,-1,0
1967,Brentford,Newport County,3,1,4,4,4,2,1
1967,Brentford,Rochdale,4,0,4,4,4,4,1
1967,Chester,Crewe Alexandra,0,4,4,4,4,-4,0
1967,Chester,Lincoln City,6,0,4,4,6,6,1
1967,Chester,Notts County,1,3,4,4,4,-2,0
1967,Chester,Southend United,0,0,4,4,0,0,0
1967,Chesterfield,Barnsley,2,3,4,4,5,-1,0
1967,Chesterfield,Darlington,3,1,4,4,4,2,1
1967,Chesterfield,Swansea City,3,1,4,4,4,2,1
1967,Crewe Alexandra,Bradford City,1,1,4,4,2,0,0
1967,Crewe Alexandra,Hartlepool United,2,1,4,4,3,1,1
1967,Darlington,Chesterfield,1,1,4,4,2,0,0
1967,Darlington,Exeter City,0,1,4,4,1,-1,0
1967,Darlington,Lincoln City,1,1,4,4,2,0,0
1967,Darlington,Wrexham,1,1,4,4,2,0,0
1967,Doncaster Rovers,Crewe Alexandra,2,2,4,4,4,0,0
1967,Doncaster Rovers,Halifax Town,0,0,4,4,0,0,0
1967,Doncaster Rovers,Luton Town,2,0,4,4,2,2,1
1967,Doncaster Rovers,Port Vale,0,0,4,4,0,0,0
1967,Doncaster Rovers,York City,2,0,4,4,2,2,1
1967,Exeter City,Bradford City,4,1,4,4,5,3,1
1967,Exeter City,Chester,1,0,4,4,1,1,1
1967,Exeter City,Darlington,0,0,4,4,0,0,0
1967,Exeter City,Hartlepool United,0,0,4,4,0,0,0
1967,Halifax Town,Aldershot,2,2,4,4,4,0,0
1967,Halifax Town,Bradford Park Avenue,1,0,4,4,1,1,1
1967,Halifax Town,Notts County,0,1,4,4,1,-1,0
1967,Halifax Town,Southend United,1,2,4,4,3,-1,0
1967,Halifax Town,Wrexham,2,2,4,4,4,0,0
1967,Hartlepool United,Barnsley,2,1,4,4,3,1,1
1967,Hartlepool United,Brentford,2,0,4,4,2,2,1
1967,Hartlepool United,Crewe Alexandra,1,1,4,4,2,0,0
1967,Hartlepool United,Exeter City,3,1,4,4,4,2,1
1967,Hartlepool United,York City,1,0,4,4,1,1,1
1967,Lincoln City,Chester,3,0,4,4,3,3,1
1967,Lincoln City,Darlington,1,2,4,4,3,-1,0
1967,Luton Town,Bradford Park Avenue,2,0,4,4,2,2,1
1967,Luton Town,Chesterfield,1,0,4,4,1,1,1
1967,Luton Town,Notts County,2,0,4,4,2,2,1
1967,Newport County,Barnsley,3,0,4,4,3,3,1
1967,Newport County,Brentford,2,2,4,4,4,0,0
1967,Newport County,Exeter City,1,1,4,4,2,0,0
1967,Newport County,Swansea City,3,0,4,4,3,3,1
1967,Newport County,York City,2,1,4,4,3,1,1
1967,Notts County,Bradford City,1,0,4,4,1,1,1
1967,Notts County,Chester,1,2,4,4,3,-1,0
1967,Notts County,Halifax Town,1,3,4,4,4,-2,0
1967,Notts County,Luton Town,2,2,4,4,4,0,0
1967,Notts County,Rochdale,2,0,4,4,2,2,1
1967,Notts County,Workington,2,1,4,4,3,1,1
1967,Port Vale,Aldershot,0,3,4,4,3,-3,0
1967,Port Vale,Chesterfield,0,1,4,4,1,-1,0
1967,Port Vale,Doncaster Rovers,4,2,4,4,6,2,1
1967,Port Vale,Newport County,0,1,4,4,1,-1,0
1967,Port Vale,Wrexham,1,1,4,4,2,0,0
1967,Rochdale,Brentford,1,1,4,4,2,0,0
1967,Rochdale,Lincoln City,1,2,4,4,3,-1,0
1967,Rochdale,York City,3,2,4,4,5,1,1
1967,Southend United,Halifax Town,2,2,4,4,4,0,0
1967,Southend United,Luton Town,3,0,4,4,3,3,1
1967,Swansea City,Aldershot,1,0,4,4,1,1,1
1967,Swansea City,Chesterfield,0,1,4,4,1,-1,0
1967,Swansea City,Rochdale,1,0,4,4,1,1,1
1967,Swansea City,Wrexham,2,0,4,4,2,2,1
1967,Workington,Exeter City,1,0,4,4,1,1,1
1967,Workington,Lincoln City,2,4,4,4,6,-2,0
1967,Workington,Notts County,5,1,4,4,6,4,1
1967,Workington,Southend United,2,2,4,4,4,0,0
1967,York City,Aldershot,2,3,4,4,5,-1,0
1967,York City,Bradford Park Avenue,6,2,4,4,8,4,1
1967,York City,Chesterfield,0,2,4,4,2,-2,0
1967,York City,Hartlepool United,0,2,4,4,2,-2,0
1967,York City,Newport County,0,1,4,4,1,-1,0
1967,York City,Workington,1,1,4,4,2,0,0
1968,Arsenal,Ipswich Town,0,2,1,1,2,-2,0
1968,Arsenal,Newcastle United,0,0,1,1,0,0,0
1968,Arsenal,West Ham United,0,0,1,1,0,0,0
1968,Burnley,Chelsea,2,1,1,1,3,1,1
1968,Burnley,Ipswich Town,1,0,1,1,1,1,1
1968,Burnley,Liverpool,0,4,1,1,4,-4,0
1968,Burnley,Sheffield Wednesday,2,0,1,1,2,2,1
1968,Chelsea,Ipswich Town,3,1,1,1,4,2,1
1968,Chelsea,West Ham United,1,1,1,1,2,0,0
1968,Coventry City,Newcastle United,2,1,1,1,3,1,1
1968,Coventry City,Sunderland,3,1,1,1,4,2,1
1968,Everton,Burnley,3,0,1,1,3,3,1
1968,Everton,Liverpool,0,0,1,1,0,0,0
1968,Everton,Sunderland,2,0,1,1,2,2,1
1968,Ipswich Town,Burnley,2,0,1,1,2,2,1
1968,Ipswich Town,Everton,2,2,1,1,4,0,0
1968,Ipswich Town,Liverpool,0,2,1,1,2,-2,0
1968,Ipswich Town,Sheffield Wednesday,2,0,1,1,2,2,1
1968,Ipswich Town,West Ham United,2,2,1,1,4,0,0
1968,Leeds United,Everton,2,1,1,1,3,1,1
1968,Leeds United,Liverpool,1,0,1,1,1,1,1
1968,Leeds United,Newcastle United,2,1,1,1,3,1,1
1968,Leeds United,Sheffield Wednesday,2,0,1,1,2,2,1
1968,Leeds United,West Ham United,2,0,1,1,2,2,1
1968,Leicester City,Everton,1,1,1,1,2,0,0
1968,Leicester City,Newcastle United,2,1,1,1,3,1,1
1968,Leicester City,Sheffield Wednesday,1,1,1,1,2,0,0
1968,Liverpool,Burnley,1,1,1,1,2,0,0
1968,Liverpool,Everton,1,1,1,1,2,0,0
1968,Liverpool,Sheffield Wednesday,1,0,1,1,1,1,1
1968,Liverpool,Sunderland,4,1,1,1,5,3,1
1968,Liverpool,West Ham United,2,0,1,1,2,2,1
1968,Manchester City,West Ham United,1,1,1,1,2,0,0
1968,Manchester United,Burnley,2,0,1,1,2,2,1
1968,Manchester United,Everton,2,1,1,1,3,1,1
1968,Manchester United,Leicester City,3,2,1,1,5,1,1
1968,Newcastle United,Burnley,1,0,1,1,1,1,1
1968,Newcastle United,Everton,0,0,1,1,0,0,0
1968,Newcastle United,Sunderland,1,1,1,1,2,0,0
1968,Newcastle United,West Ham United,1,1,1,1,2,0,0
1968,Nottingham Forest,Leicester City,0,0,1,1,0,0,0
1968,Nottingham Forest,Manchester United,0,1,1,1,1,-1,0
1968,Queens Park Rangers,Burnley,0,2,1,1,2,-2,0
1968,Queens Park Rangers,Sunderland,2,2,1,1,4,0,0
1968,Queens Park Rangers,West Ham United,1,1,1,1,2,0,0
1968,Sheffield Wednesday,Everton,2,2,1,1,4,0,0
1968,Sheffield Wednesday,Leicester City,1,3,1,1,4,-2,0
1968,Sheffield Wednesday,Manchester United,5,4,1,1,9,1,1
1968,Sheffield Wednesday,Sunderland,1,1,1,1,2,0,0
1968,Sheffield Wednesday,West Ham United,1,1,1,1,2,0,0
1968,Southampton,Burnley,5,1,1,1,6,4,1
1968,Southampton,Queens Park Rangers,3,2,1,1,5,1,1
1968,Southampton,Sunderland,1,0,1,1,1,1,1
1968,Stoke City,Burnley,1,3,1,1,4,-2,0
1968,Stoke City,Everton,0,0,1,1,0,0,0
1968,Stoke City,Leicester City,1,0,1,1,1,1,1
1968,Sunderland,Burnley,2,0,1,1,2,2,1
1968,Sunderland,Everton,1,3,1,1,4,-2,0
1968,Sunderland,Leicester City,2,0,1,1,2,2,1
1968,Sunderland,Manchester United,1,1,1,1,2,0,0
1968,Sunderland,Queens Park Rangers,0,0,1,1,0,0,0
1968,Sunderland,Stoke City,4,1,1,1,5,3,1
1968,Tottenham Hotspur,Burnley,7,0,1,1,7,7,1
1968,Tottenham Hotspur,Everton,1,1,1,1,2,0,0
1968,Tottenham Hotspur,Leicester City,3,2,1,1,5,1,1
1968,Tottenham Hotspur,Stoke City,1,1,1,1,2,0,0
1968,Tottenham Hotspur,West Ham United,1,0,1,1,1,1,1
1968,West Bromwich Albion,Burnley,3,2,1,1,5,1,1
1968,West Bromwich Albion,Everton,1,1,1,1,2,0,0
1968,West Bromwich Albion,Leicester City,1,1,1,1,2,0,0
1968,West Bromwich Albion,Manchester United,3,1,1,1,4,2,1
1968,West Ham United,Leicester City,4,0,1,1,4,4,1
1968,West Ham United,Manchester United,0,0,1,1,0,0,0
1968,West Ham United,West Bromwich Albion,4,0,1,1,4,4,1
1968,Wolverhampton Wanderers,Burnley,1,1,1,1,2,0,0
1968,Wolverhampton Wanderers,Everton,1,2,1,1,3,-1,0
1968,Wolverhampton Wanderers,Manchester United,2,2,1,1,4,0,0
1968,Wolverhampton Wanderers,Queens Park Rangers,3,1,1,1,4,2,1
1968,Wolverhampton Wanderers,Stoke City,1,1,1,1,2,0,0
1968,Wolverhampton Wanderers,West Bromwich Albion,0,1,1,1,1,-1,0
1968,Aston Villa,Blackburn Rovers,1,1,2,2,2,0,0
1968,Aston Villa,Carlisle United,0,0,2,2,0,0,0
1968,Aston Villa,Derby County,0,1,2,2,1,-1,0
1968,Aston Villa,Preston North End,0,1,2,2,1,-1,0
1968,Birmingham City,Blackburn Rovers,3,1,2,2,4,2,1
1968,Birmingham City,Bristol City,2,0,2,2,2,2,1
1968,Birmingham City,Hull City,5,2,2,2,7,3,1
1968,Birmingham City,Norwich City,1,2,2,2,3,-1,0
1968,Birmingham City,Preston North End,3,1,2,2,4,2,1
1968,Blackburn Rovers,Hull City,1,1,2,2,2,0,0
1968,Blackburn Rovers,Norwich City,3,0,2,2,3,3,1
1968,Blackpool,Birmingham City,2,1,2,2,3,1,1
1968,Blackpool,Carlisle United,1,0,2,2,1,1,1
1968,Blackpool,Hull City,2,0,2,2,2,2,1
1968,Blackpool,Norwich City,2,1,2,2,3,1,1
1968,Bolton Wanderers,Derby County,1,2,2,2,3,-1,0
1968,Bolton Wanderers,Norwich City,1,1,2,2,2,0,0
1968,Bolton Wanderers,Preston North End,0,0,2,2,0,0,0
1968,Bristol City,Birmingham City,0,0,2,2,0,0,0
1968,Bristol City,Bolton Wanderers,2,2,2,2,4,0,0
1968,Bristol City,Carlisle United,3,0,2,2,3,3,1
1968,Bristol City,Derby County,0,0,2,2,0,0,0
1968,Bristol City,Preston North End,2,1,2,2,3,1,1
1968,Bury,Birmingham City,1,2,2,2,3,-1,0
1968,Bury,Carlisle United,3,2,2,2,5,1,1
1968,Bury,Derby County,0,1,2,2,1,-1,0
1968,Bury,Hull City,0,0,2,2,0,0,0
1968,Bury,Preston North End,0,1,2,2,1,-1,0
1968,Cardiff City,Carlisle United,2,1,2,2,3,1,1
1968,Cardiff City,Hull City,3,0,2,2,3,3,1
1968,Cardiff City,Norwich City,3,1,2,2,4,2,1
1968,Carlisle United,Birmingham City,2,3,2,2,5,-1,0
1968,Carlisle United,Derby County,1,1,2,2,2,0,0
1968,Carlisle United,Hull City,1,0,2,2,1,1,1
1968,Carlisle United,Norwich City,0,4,2,2,4,-4,0
1968,Charlton Athletic,Cardiff City,4,1,2,2,5,3,1
1968,Charlton Athletic,Norwich City,2,1,2,2,3,1,1
1968,Charlton Athletic,Preston North End,0,1,2,2,1,-1,0
1968,Crystal Palace,Hull City,2,0,2,2,2,2,1
1968,Crystal Palace,Norwich City,2,0,2,2,2,2,1
1968,Derby County,Birmingham City,1,0,2,2,1,1,1
1968,Derby County,Hull City,2,2,2,2,4,0,0
1968,Derby County,Norwich City,1,1,2,2,2,0,0
1968,Derby County,Preston North End,1,0,2,2,1,1,1
1968,Fulham,Crystal Palace,1,0,2,2,1,1,1
1968,Huddersfield Town,Birmingham City,0,0,2,2,0,0,0
1968,Huddersfield Town,Bolton Wanderers,3,0,2,2,3,3,1
1968,Huddersfield Town,Cardiff City,3,0,2,2,3,3,1
1968,Huddersfield Town,Norwich City,2,2,2,2,4,0,0
1968,Huddersfield Town,Preston North End,1,1,2,2,2,0,0
1968,Hull City,Birmingham City,1,2,2,2,3,-1,0
1968,Hull City,Bolton Wanderers,1,0,2,2,1,1,1
1968,Hull City,Crystal Palace,2,0,2,2,2,2,1
1968,Hull City,Norwich City,0,1,2,2,1,-1,0
1968,Middlesbrough,Birmingham City,3,1,2,2,4,2,1
1968,Middlesbrough,Cardiff City,0,0,2,2,0,0,0
1968,Middlesbrough,Norwich City,0,0,2,2,0,0,0
1968,Middlesbrough,Preston North End,2,1,2,2,3,1,1
1968,Millwall,Cardiff City,2,0,2,2,2,2,1
1968,Millwall,Huddersfield Town,5,1,2,2,6,4,1
1968,Millwall,Norwich City,3,1,2,2,4,2,1
1968,Millwall,Preston North End,0,0,2,2,0,0,0
1968,Norwich City,Birmingham City,1,1,2,2,2,0,0
1968,Norwich City,Cardiff City,3,1,2,2,4,2,1
1968,Norwich City,Huddersfield Town,1,0,2,2,1,1,1
1968,Oxford United,Bolton Wanderers,1,1,2,2,2,0,0
1968,Oxford United,Cardiff City,0,2,2,2,2,-2,0
1968,Oxford United,Crystal Palace,0,2,2,2,2,-2,0
1968,Oxford United,Millwall,1,0,2,2,1,1,1
1968,Oxford United,Preston North End,2,1,2,2,3,1,1
1968,Portsmouth,Bolton Wanderers,2,2,2,2,4,0,0
1968,Portsmouth,Huddersfield Town,1,2,2,2,3,-1,0
1968,Portsmouth,Millwall,3,0,2,2,3,3,1
1968,Portsmouth,Preston North End,1,1,2,2,2,0,0
1968,Preston North End,Cardiff City,0,1,2,2,1,-1,0
1968,Preston North End,Portsmouth,0,0,2,2,0,0,0
1968,Sheffield United,Bolton Wanderers,5,2,2,2,7,3,1
1968,Sheffield United,Cardiff City,2,2,2,2,4,0,0
1968,Sheffield United,Huddersfield Town,0,0,2,2,0,0,0
1968,Sheffield United,Portsmouth,2,0,2,2,2,2,1
1968,AFC Bournemouth,Barrow,1,0,3,3,1,1,1
1968,AFC Bournemouth,Crewe Alexandra,4,0,3,3,4,4,1
1968,AFC Bournemouth,Northampton Town,3,2,3,3,5,1,1
1968,AFC Bournemouth,Reading,1,1,3,3,2,0,0
1968,AFC Bournemouth,Southport,2,1,3,3,3,1,1
1968,Barnsley,Brighton & Hove Albion,4,0,3,3,4,4,1
1968,Barnsley,Oldham Athletic,0,1,3,3,1,-1,0
1968,Barnsley,Rotherham United,0,1,3,3,1,-1,0
1968,Barnsley,Stockport County,2,0,3,3,2,2,1
1968,Barrow,AFC Bournemouth,0,2,3,3,2,-2,0
1968,Barrow,Mansfield Town,3,0,3,3,3,3,1
1968,Barrow,Shrewsbury Town,2,1,3,3,3,1,1
1968,Brighton & Hove Albion,Barnsley,4,1,3,3,5,3,1
1968,Brighton & Hove Albion,Crewe Alexandra,3,1,3,3,4,2,1
1968,Brighton & Hove Albion,Leyton Orient,2,0,3,3,2,2,1
1968,Brighton & Hove Albion,Reading,2,0,3,3,2,2,1
1968,Bristol Rovers,Oldham Athletic,1,0,3,3,1,1,1
1968,Bristol Rovers,Rotherham United,1,1,3,3,2,0,0
1968,Crewe Alexandra,Hartlepool United,1,0,3,3,1,1,1
1968,Crewe Alexandra,Mansfield Town,2,1,3,3,3,1,1
1968,Crewe Alexandra,Shrewsbury Town,0,1,3,3,1,-1,0
1968,Gillingham,Barnsley,1,1,3,3,2,0,0
1968,Gillingham,Bristol Rovers,0,2,3,3,2,-2,0
1968,Gillingham,Leyton Orient,2,2,3,3,4,0,0
1968,Gillingham,Northampton Town,2,0,3,3,2,2,1
1968,Gillingham,Reading,2,2,3,3,4,0,0
1968,Gillingham,Torquay United,0,0,3,3,0,0,0
1968,Hartlepool United,Barrow,1,4,3,3,5,-3,0
1968,Leyton Orient,Brighton & Hove Albion,3,2,3,3,5,1,1
1968,Leyton Orient,Shrewsbury Town,4,0,3,3,4,4,1
1968,Luton Town,Bristol Rovers,3,0,3,3,3,3,1
1968,Luton Town,Southport,0,0,3,3,0,0,0
1968,Luton Town,Watford,2,1,3,3,3,1,1
1968,Mansfield Town,Barrow,4,2,3,3,6,2,1
1968,Mansfield Town,Crewe Alexandra,2,1,3,3,3,1,1
1968,Mansfield Town,Leyton Orient,0,2,3,3,2,-2,0
1968,Mansfield Town,Oldham Athletic,4,0,3,3,4,4,1
1968,Mansfield Town,Stockport County,0,0,3,3,0,0,0
1968,Mansfield Town,Tranmere Rovers,1,1,3,3,2,0,0
1968,Northampton Town,AFC Bournemouth,1,3,3,3,4,-2,0
1968,Northampton Town,Gillingham,0,1,3,3,1,-1,0
1968,Northampton Town,Luton Town,0,2,3,3,2,-2,0
1968,Northampton Town,Swindon Town,2,6,3,3,8,-4,0
1968,Oldham Athletic,Barnsley,1,1,3,3,2,0,0
1968,Oldham Athletic,Southport,0,1,3,3,1,-1,0
1968,Oldham Athletic,Torquay United,3,1,3,3,4,2,1
1968,Plymouth Argyle,Barrow,4,1,3,3,5,3,1
1968,Plymouth Argyle,Stockport County,2,2,3,3,4,0,0
1968,Plymouth Argyle,Tranmere Rovers,1,0,3,3,1,1,1
1968,Reading,AFC Bournemouth,0,1,3,3,1,-1,0
1968,Reading,Brighton & Hove Albion,1,0,3,3,1,1,1
1968,Reading,Gillingham,3,2,3,3,5,1,1
1968,Reading,Walsall,2,2,3,3,4,0,0
1968,Rotherham United,Southport,3,1,3,3,4,2,1
1968,Rotherham United,Watford,0,2,3,3,2,-2,0
1968,Shrewsbury Town,Leyton Orient,1,0,3,3,1,1,1
1968,Shrewsbury Town,Northampton Town,1,0,3,3,1,1,1
1968,Shrewsbury Town,Reading,3,3,3,3,6,0,0
1968,Southport,AFC Bournemouth,2,1,3,3,3,1,1
1968,Southport,Gillingham,4,2,3,3,6,2,1
1968,Southport,Oldham Athletic,3,1,3,3,4,2,1
1968,Southport,Swindon Town,1,1,3,3,2,0,0
1968,Stockport County,Barnsley,1,1,3,3,2,0,0
1968,Stockport County,Bristol Rovers,0,1,3,3,1,-1,0
1968,Stockport County,Shrewsbury Town,4,3,3,3,7,1,1
1968,Stockport County,Torquay United,1,2,3,3,3,-1,0
1968,Stockport County,Watford,4,2,3,3,6,2,1
1968,Swindon Town,Crewe Alexandra,1,0,3,3,1,1,1
1968,Swindon Town,Northampton Town,1,0,3,3,1,1,1
1968,Swindon Town,Reading,0,0,3,3,0,0,0
1968,Swindon Town,Southport,5,1,3,3,6,4,1
1968,Torquay United,Stockport County,0,1,3,3,1,-1,0
1968,Tranmere Rovers,Hartlepool United,1,0,3,3,1,1,1
1968,Tranmere Rovers,Shrewsbury Town,3,1,3,3,4,2,1
1968,Tranmere Rovers,Swindon Town,3,5,3,3,8,-2,0
1968,Tranmere Rovers,Watford,0,3,3,3,3,-3,0
1968,Walsall,Crewe Alexandra,1,1,3,3,2,0,0
1968,Walsall,Leyton Orient,2,1,3,3,3,1,1
1968,Walsall,Torquay United,0,1,3,3,1,-1,0
1968,Watford,Brighton & Hove Albion,1,0,3,3,1,1,1
1968,Watford,Oldham Athletic,2,0,3,3,2,2,1
1968,Watford,Rotherham United,5,1,3,3,6,4,1
1968,Watford,Stockport County,0,1,3,3,1,-1,0
1968,Watford,Tranmere Rovers,3,1,3,3,4,2,1
1968,Aldershot,Bradford Park Avenue,4,1,4,4,5,3,1
1968,Aldershot,Rochdale,0,0,4,4,0,0,0
1968,Aldershot,Swansea City,5,2,4,4,7,3,1
1968,Bradford City,Colchester United,1,1,4,4,2,0,0
1968,Bradford City,Exeter City,1,0,4,4,1,1,1
1968,Bradford City,Scunthorpe United,3,0,4,4,3,3,1
1968,Bradford Park Avenue,Aldershot,0,1,4,4,1,-1,0
1968,Bradford Park Avenue,Grimsby Town,1,1,4,4,2,0,0
1968,Bradford Park Avenue,Newport County,1,5,4,4,6,-4,0
1968,Bradford Park Avenue,Southend United,0,3,4,4,3,-3,0
1968,Brentford,Chesterfield,1,0,4,4,1,1,1
1968,Brentford,Notts County,0,0,4,4,0,0,0
1968,Chester,Colchester United,5,1,4,4,6,4,1
1968,Chester,Exeter City,0,1,4,4,1,-1,0
1968,Chester,Scunthorpe United,0,2,4,4,2,-2,0
1968,Chesterfield,Aldershot,1,2,4,4,3,-1,0
1968,Chesterfield,Brentford,1,2,4,4,3,-1,0
1968,Chesterfield,Darlington,2,2,4,4,4,0,0
1968,Chesterfield,Grimsby Town,0,0,4,4,0,0,0
1968,Colchester United,Chester,1,1,4,4,2,0,0
1968,Colchester United,Rochdale,0,0,4,4,0,0,0
1968,Colchester United,York City,1,0,4,4,1,1,1
1968,Darlington,Exeter City,1,2,4,4,3,-1,0
1968,Darlington,Lincoln City,5,0,4,4,5,5,1
1968,Darlington,Scunthorpe United,0,1,4,4,1,-1,0
1968,Darlington,Workington,6,2,4,4,8,4,1
1968,Doncaster Rovers,Port Vale,2,0,4,4,2,2,1
1968,Doncaster Rovers,Southend United,2,0,4,4,2,2,1
1968,Doncaster Rovers,Wrexham,0,0,4,4,0,0,0
1968,Exeter City,Darlington,2,0,4,4,2,2,1
1968,Exeter City,Rochdale,2,2,4,4,4,0,0
1968,Exeter City,Swansea City,0,1,4,4,1,-1,0
1968,Grimsby Town,Chesterfield,1,2,4,4,3,-1,0
1968,Grimsby Town,Doncaster Rovers,1,3,4,4,4,-2,0
1968,Grimsby Town,Scunthorpe United,0,1,4,4,1,-1,0
1968,Grimsby Town,Workington,0,1,4,4,1,-1,0
1968,Halifax Town,Exeter City,2,1,4,4,3,1,1
1968,Halifax Town,Port Vale,2,1,4,4,3,1,1
1968,Halifax Town,Southend United,1,1,4,4,2,0,0
1968,Lincoln City,Bradford City,2,0,4,4,2,2,1
1968,Lincoln City,Darlington,2,1,4,4,3,1,1
1968,Lincoln City,Swansea City,0,1,4,4,1,-1,0
1968,Lincoln City,York City,3,0,4,4,3,3,1
1968,Newport County,Chesterfield,1,2,4,4,3,-1,0
1968,Newport County,Doncaster Rovers,0,0,4,4,0,0,0
1968,Newport County,Halifax Town,2,0,4,4,2,2,1
1968,Newport County,Workington,0,0,4,4,0,0,0
1968,Notts County,Exeter City,3,1,4,4,4,2,1
1968,Notts County,Lincoln City,0,0,4,4,0,0,0
1968,Notts County,Port Vale,0,0,4,4,0,0,0
1968,Notts County,Southend United,2,2,4,4,4,0,0
1968,Notts County,Wrexham,5,0,4,4,5,5,1
1968,Peterborough United,Chester,1,2,4,4,3,-1,0
1968,Peterborough United,Darlington,1,1,4,4,2,0,0
1968,Peterborough United,Newport County,1,1,4,4,2,0,0
1968,Peterborough United,Rochdale,0,1,4,4,1,-1,0
1968,Peterborough United,York City,2,1,4,4,3,1,1
1968,Port Vale,Bradford Park Avenue,1,1,4,4,2,0,0
1968,Port Vale,Chesterfield,0,1,4,4,1,-1,0
1968,Port Vale,Halifax Town,1,1,4,4,2,0,0
1968,Port Vale,Scunthorpe United,4,1,4,4,5,3,1
1968,Rochdale,Aldershot,3,0,4,4,3,3,1
1968,Rochdale,Brentford,0,0,4,4,0,0,0
1968,Rochdale,Exeter City,1,1,4,4,2,0,0
1968,Rochdale,Wrexham,2,1,4,4,3,1,1
1968,Scunthorpe United,Bradford City,1,0,4,4,1,1,1
1968,Scunthorpe United,Grimsby Town,1,2,4,4,3,-1,0
1968,Scunthorpe United,York City,2,1,4,4,3,1,1
1968,Southend United,Doncaster Rovers,2,0,4,4,2,2,1
1968,Southend United,Notts County,4,0,4,4,4,4,1
1968,Southend United,Rochdale,1,3,4,4,4,-2,0
1968,Swansea City,Aldershot,2,2,4,4,4,0,0
1968,Swansea City,Lincoln City,5,0,4,4,5,5,1
1968,Swansea City,Wrexham,0,0,4,4,0,0,0
1968,Workington,Newport County,3,2,4,4,5,1,1
1968,Workington,Southend United,0,0,4,4,0,0,0
1968,Wrexham,Chesterfield,1,1,4,4,2,0,0
1968,Wrexham,Halifax Town,2,2,4,4,4,0,0
1968,Wrexham,Notts County,3,2,4,4,5,1,1
1968,Wrexham,Rochdale,3,2,4,4,5,1,1
1968,Wrexham,Swansea City,2,0,4,4,2,2,1
1968,York City,Aldershot,2,1,4,4,3,1,1
1968,York City,Exeter City,0,2,4,4,2,-2,0
1968,York City,Peterborough United,2,1,4,4,3,1,1
1968,York City,Scunthorpe United,2,1,4,4,3,1,1
1968,York City,Workington,2,1,4,4,3,1,1
1969,Arsenal,Sheffield Wednesday,0,0,1,1,0,0,0
1969,Arsenal,Sunderland,3,1,1,1,4,2,1
1969,Arsenal,West Ham United,2,1,1,1,3,1,1
1969,Burnley,Chelsea,3,1,1,1,4,2,1
1969,Burnley,Derby County,1,1,1,1,2,0,0
1969,Chelsea,Derby County,2,2,1,1,4,0,0
1969,Chelsea,Sheffield Wednesday,3,1,1,1,4,2,1
1969,Coventry City,Derby County,1,1,1,1,2,0,0
1969,Coventry City,Manchester United,1,2,1,1,3,-1,0
1969,Coventry City,West Ham United,2,2,1,1,4,0,0
1969,Crystal Palace,Burnley,1,2,1,1,3,-1,0
1969,Crystal Palace,Derby County,0,1,1,1,1,-1,0
1969,Crystal Palace,Manchester United,2,2,1,1,4,0,0
1969,Crystal Palace,Sheffield Wednesday,0,2,1,1,2,-2,0
1969,Crystal Palace,Sunderland,2,0,1,1,2,2,1
1969,Crystal Palace,West Ham United,0,0,1,1,0,0,0
1969,Derby County,Burnley,0,0,1,1,0,0,0
1969,Derby County,Crystal Palace,3,1,1,1,4,2,1
1969,Derby County,Leeds United,4,1,1,1,5,3,1
1969,Derby County,Sunderland,3,0,1,1,3,3,1
1969,Everton,Crystal Palace,2,1,1,1,3,1,1
1969,Everton,Leeds United,3,2,1,1,5,1,1
1969,Everton,Sunderland,3,1,1,1,4,2,1
1969,Everton,West Ham United,2,0,1,1,2,2,1
1969,Ipswich Town,Crystal Palace,2,0,1,1,2,2,1
1969,Ipswich Town,Manchester United,0,1,1,1,1,-1,0
1969,Ipswich Town,Sheffield Wednesday,1,0,1,1,1,1,1
1969,Leeds United,Manchester United,2,2,1,1,4,0,0
1969,Leeds United,Sunderland,2,0,1,1,2,2,1
1969,Liverpool,Ipswich Town,2,0,1,1,2,2,1
1969,Liverpool,Sheffield Wednesday,3,0,1,1,3,3,1
1969,Liverpool,Sunderland,2,0,1,1,2,2,1
1969,Liverpool,West Ham United,2,0,1,1,2,2,1
1969,Manchester City,Sheffield Wednesday,4,1,1,1,5,3,1
1969,Manchester City,Sunderland,0,1,1,1,1,-1,0
1969,Manchester United,Burnley,3,3,1,1,6,0,0
1969,Manchester United,Crystal Palace,1,1,1,1,2,0,0
1969,Manchester United,Sunderland,3,1,1,1,4,2,1
1969,Manchester United,West Ham United,5,2,1,1,7,3,1
1969,Newcastle United,Crystal Palace,0,0,1,1,0,0,0
1969,Newcastle United,Sheffield Wednesday,3,1,1,1,4,2,1
1969,Newcastle United,Sunderland,3,0,1,1,3,3,1
1969,Nottingham Forest,Manchester City,2,2,1,1,4,0,0
1969,Nottingham Forest,Sheffield Wednesday,2,1,1,1,3,1,1
1969,Sheffield Wednesday,Burnley,2,0,1,1,2,2,1
1969,Sheffield Wednesday,Crystal Palace,0,0,1,1,0,0,0
1969,Sheffield Wednesday,West Ham United,2,3,1,1,5,-1,0
1969,Southampton,Crystal Palace,1,1,1,1,2,0,0
1969,Southampton,Ipswich Town,4,2,1,1,6,2,1
1969,Southampton,Nottingham Forest,1,2,1,1,3,-1,0
1969,Southampton,West Ham United,1,1,1,1,2,0,0
1969,Stoke City,Burnley,2,1,1,1,3,1,1
1969,Stoke City,Crystal Palace,1,0,1,1,1,1,1
1969,Stoke City,Ipswich Town,3,3,1,1,6,0,0
1969,Stoke City,Manchester City,2,0,1,1,2,2,1
1969,Sunderland,Burnley,0,1,1,1,1,-1,0
1969,Sunderland,Ipswich Town,2,1,1,1,3,1,1
1969,Sunderland,Manchester City,0,4,1,1,4,-4,0
1969,Tottenham Hotspur,Crystal Palace,2,0,1,1,2,2,1
1969,Tottenham Hotspur,Ipswich Town,3,2,1,1,5,1,1
1969,Tottenham Hotspur,Nottingham Forest,4,1,1,1,5,3,1
1969,Tottenham Hotspur,West Ham United,0,2,1,1,2,-2,0
1969,West Bromwich Albion,Crystal Palace,3,2,1,1,5,1,1
1969,West Bromwich Albion,Manchester City,3,0,1,1,3,3,1
1969,West Bromwich Albion,Nottingham Forest,4,0,1,1,4,4,1
1969,West Ham United,Burnley,3,1,1,1,4,2,1
1969,West Ham United,Crystal Palace,2,1,1,1,3,1,1
1969,West Ham United,Nottingham Forest,1,1,1,1,2,0,0
1969,West Ham United,Stoke City,3,3,1,1,6,0,0
1969,Wolverhampton Wanderers,Burnley,1,1,1,1,2,0,0
1969,Wolverhampton Wanderers,Ipswich Town,2,0,1,1,2,2,1
1969,Wolverhampton Wanderers,Manchester City,1,3,1,1,4,-2,0
1969,Wolverhampton Wanderers,Nottingham Forest,3,3,1,1,6,0,0
1969,Wolverhampton Wanderers,Stoke City,3,1,1,1,4,2,1
1969,Aston Villa,Bristol City,0,2,2,2,2,-2,0
1969,Aston Villa,Norwich City,0,1,2,2,1,-1,0
1969,Aston Villa,Preston North End,0,0,2,2,0,0,0
1969,Aston Villa,Swindon Town,0,2,2,2,2,-2,0
1969,Birmingham City,Blackburn Rovers,3,0,2,2,3,3,1
1969,Birmingham City,Bristol City,2,2,2,2,4,0,0
1969,Birmingham City,Charlton Athletic,3,0,2,2,3,3,1
1969,Birmingham City,Norwich City,3,1,2,2,4,2,1
1969,Birmingham City,Swindon Town,2,0,2,2,2,2,1
1969,Blackburn Rovers,Birmingham City,1,1,2,2,2,0,0
1969,Blackburn Rovers,Bristol City,3,3,2,2,6,0,0
1969,Blackburn Rovers,Leicester City,3,1,2,2,4,2,1
1969,Blackburn Rovers,Swindon Town,2,0,2,2,2,2,1
1969,Blackpool,Leicester City,1,1,2,2,2,0,0
1969,Blackpool,Norwich City,0,0,2,2,0,0,0
1969,Blackpool,Preston North End,0,0,2,2,0,0,0
1969,Bolton Wanderers,Bristol City,3,1,2,2,4,2,1
1969,Bolton Wanderers,Charlton Athletic,1,1,2,2,2,0,0
1969,Bolton Wanderers,Norwich City,0,0,2,2,0,0,0
1969,Bolton Wanderers,Preston North End,2,0,2,2,2,2,1
1969,Bristol City,Bolton Wanderers,2,2,2,2,4,0,0
1969,Bristol City,Norwich City,4,0,2,2,4,4,1
1969,Bristol City,Preston North End,0,0,2,2,0,0,0
1969,Bristol City,Swindon Town,3,3,2,2,6,0,0
1969,Cardiff City,Bolton Wanderers,2,1,2,2,3,1,1
1969,Cardiff City,Charlton Athletic,1,0,2,2,1,1,1
1969,Cardiff City,Norwich City,0,1,2,2,1,-1,0
1969,Cardiff City,Preston North End,2,1,2,2,3,1,1
1969,Carlisle United,Preston North End,1,0,2,2,1,1,1
1969,Carlisle United,Swindon Town,2,2,2,2,4,0,0
1969,Charlton Athletic,Bolton Wanderers,1,1,2,2,2,0,0
1969,Charlton Athletic,Norwich City,3,0,2,2,3,3,1
1969,Charlton Athletic,Preston North End,2,1,2,2,3,1,1
1969,Huddersfield Town,Leicester City,1,1,2,2,2,0,0
1969,Hull City,Birmingham City,0,0,2,2,0,0,0
1969,Hull City,Bolton Wanderers,4,2,2,2,6,2,1
1969,Hull City,Carlisle United,2,4,2,2,6,-2,0
1969,Hull City,Leicester City,4,1,2,2,5,3,1
1969,Hull City,Norwich City,1,0,2,2,1,1,1
1969,Hull City,Preston North End,3,1,2,2,4,2,1
1969,Leicester City,Bolton Wanderers,2,2,2,2,4,0,0
1969,Leicester City,Norwich City,3,0,2,2,3,3,1
1969,Leicester City,Swindon Town,0,2,2,2,2,-2,0
1969,Middlesbrough,Birmingham City,4,2,2,2,6,2,1
1969,Middlesbrough,Bolton Wanderers,4,0,2,2,4,4,1
1969,Middlesbrough,Hull City,1,0,2,2,1,1,1
1969,Middlesbrough,Preston North End,1,1,2,2,2,0,0
1969,Middlesbrough,Swindon Town,0,0,2,2,0,0,0
1969,Millwall,Hull City,2,1,2,2,3,1,1
1969,Millwall,Norwich City,1,0,2,2,1,1,1
1969,Norwich City,Birmingham City,6,0,2,2,6,6,1
1969,Norwich City,Bolton Wanderers,1,0,2,2,1,1,1
1969,Norwich City,Carlisle United,1,0,2,2,1,1,1
1969,Norwich City,Preston North End,1,2,2,2,3,-1,0
1969,Norwich City,Swindon Town,1,0,2,2,1,1,1
1969,Oxford United,Bolton Wanderers,3,1,2,2,4,2,1
1969,Oxford United,Carlisle United,1,0,2,2,1,1,1
1969,Oxford United,Preston North End,3,1,2,2,4,2,1
1969,Portsmouth,Birmingham City,1,1,2,2,2,0,0
1969,Portsmouth,Bolton Wanderers,1,1,2,2,2,0,0
1969,Portsmouth,Millwall,0,1,2,2,1,-1,0
1969,Portsmouth,Preston North End,4,0,2,2,4,4,1
1969,Preston North End,Carlisle United,3,1,2,2,4,2,1
1969,Preston North End,Millwall,1,1,2,2,2,0,0
1969,Preston North End,Portsmouth,1,2,2,2,3,-1,0
1969,Preston North End,Swindon Town,3,1,2,2,4,2,1
1969,Queens Park Rangers,Carlisle United,0,0,2,2,0,0,0
1969,Queens Park Rangers,Millwall,3,2,2,2,5,1,1
1969,Queens Park Rangers,Swindon Town,2,0,2,2,2,2,1
1969,Sheffield United,Bolton Wanderers,0,1,2,2,1,-1,0
1969,Sheffield United,Hull City,3,0,2,2,3,3,1
1969,Swindon Town,Birmingham City,4,1,2,2,5,3,1
1969,Swindon Town,Bolton Wanderers,3,2,2,2,5,1,1
1969,Swindon Town,Carlisle United,2,2,2,2,4,0,0
1969,Swindon Town,Hull City,1,0,2,2,1,1,1
1969,Swindon Town,Portsmouth,3,1,2,2,4,2,1
1969,Swindon Town,Sheffield United,2,1,2,2,3,1,1
1969,Watford,Bolton Wanderers,0,0,2,2,0,0,0
1969,Watford,Hull City,1,1,2,2,2,0,0
1969,Watford,Millwall,1,1,2,2,2,0,0
1969,Watford,Portsmouth,4,0,2,2,4,4,1
1969,Watford,Sheffield United,1,2,2,2,3,-1,0
1969,AFC Bournemouth,Stockport County,1,0,3,3,1,1,1
1969,AFC Bournemouth,Walsall,2,2,3,3,4,0,0
1969,Barnsley,Bradford City,3,2,3,3,5,1,1
1969,Barnsley,Luton Town,2,1,3,3,3,1,1
1969,Barnsley,Reading,4,3,3,3,7,1,1
1969,Barnsley,Shrewsbury Town,1,1,3,3,2,0,0
1969,Barrow,Brighton & Hove Albion,1,1,3,3,2,0,0
1969,Barrow,Doncaster Rovers,1,1,3,3,2,0,0
1969,Barrow,Mansfield Town,0,1,3,3,1,-1,0
1969,Barrow,Rochdale,2,0,3,3,2,2,1
1969,Barrow,Tranmere Rovers,0,3,3,3,3,-3,0
1969,Bradford City,Barnsley,1,1,3,3,2,0,0
1969,Bradford City,Bristol Rovers,2,4,3,3,6,-2,0
1969,Bradford City,Plymouth Argyle,1,0,3,3,1,1,1
1969,Bradford City,Rotherham United,0,1,3,3,1,-1,0
1969,Bradford City,Walsall,3,0,3,3,3,3,1
1969,Brighton & Hove Albion,Luton Town,1,2,3,3,3,-1,0
1969,Bristol Rovers,AFC Bournemouth,5,2,3,3,7,3,1
1969,Bristol Rovers,Bradford City,1,1,3,3,2,0,0
1969,Bristol Rovers,Tranmere Rovers,3,0,3,3,3,3,1
1969,Bury,Fulham,1,0,3,3,1,1,1
1969,Bury,Rotherham United,2,1,3,3,3,1,1
1969,Bury,Stockport County,4,1,3,3,5,3,1
1969,Doncaster Rovers,Bristol Rovers,3,1,3,3,4,2,1
1969,Doncaster Rovers,Gillingham,1,0,3,3,1,1,1
1969,Doncaster Rovers,Luton Town,2,0,3,3,2,2,1
1969,Doncaster Rovers,Reading,2,3,3,3,5,-1,0
1969,Doncaster Rovers,Shrewsbury Town,2,1,3,3,3,1,1
1969,Doncaster Rovers,Torquay United,1,0,3,3,1,1,1
1969,Fulham,Bury,2,4,3,3,6,-2,0
1969,Fulham,Halifax Town,2,1,3,3,3,1,1
1969,Fulham,Rochdale,2,0,3,3,2,2,1
1969,Gillingham,Doncaster Rovers,2,1,3,3,3,1,1
1969,Gillingham,Leyton Orient,0,1,3,3,1,-1,0
1969,Gillingham,Plymouth Argyle,4,0,3,3,4,4,1
1969,Gillingham,Rotherham United,1,1,3,3,2,0,0
1969,Gillingham,Stockport County,0,2,3,3,2,-2,0
1969,Gillingham,Walsall,1,3,3,3,4,-2,0
1969,Halifax Town,Barrow,3,0,3,3,3,3,1
1969,Halifax Town,Bristol Rovers,1,1,3,3,2,0,0
1969,Halifax Town,Luton Town,0,0,3,3,0,0,0
1969,Halifax Town,Torquay United,1,1,3,3,2,0,0
1969,Leyton Orient,AFC Bournemouth,3,0,3,3,3,3,1
1969,Leyton Orient,Bury,3,0,3,3,3,3,1
1969,Leyton Orient,Gillingham,1,2,3,3,3,-1,0
1969,Leyton Orient,Rochdale,2,2,3,3,4,0,0
1969,Leyton Orient,Tranmere Rovers,2,0,3,3,2,2,1
1969,Luton Town,Halifax Town,1,1,3,3,2,0,0
1969,Luton Town,Rotherham United,2,1,3,3,3,1,1
1969,Luton Town,Stockport County,2,0,3,3,2,2,1
1969,Mansfield Town,Bristol Rovers,1,1,3,3,2,0,0
1969,Mansfield Town,Shrewsbury Town,2,0,3,3,2,2,1
1969,Plymouth Argyle,AFC Bournemouth,0,1,3,3,1,-1,0
1969,Plymouth Argyle,Bradford City,0,1,3,3,1,-1,0
1969,Plymouth Argyle,Luton Town,1,3,3,3,4,-2,0
1969,Plymouth Argyle,Tranmere Rovers,2,1,3,3,3,1,1
1969,Reading,Barnsley,6,2,3,3,8,4,1
1969,Reading,Doncaster Rovers,1,0,3,3,1,1,1
1969,Reading,Stockport County,3,1,3,3,4,2,1
1969,Reading,Walsall,2,3,3,3,5,-1,0
1969,Rochdale,Barrow,1,0,3,3,1,1,1
1969,Rochdale,Bristol Rovers,0,0,3,3,0,0,0
1969,Rochdale,Shrewsbury Town,3,0,3,3,3,3,1
1969,Rotherham United,Bury,4,3,3,3,7,1,1
1969,Rotherham United,Gillingham,0,1,3,3,1,-1,0
1969,Rotherham United,Luton Town,1,1,3,3,2,0,0
1969,Shrewsbury Town,Barnsley,1,1,3,3,2,0,0
1969,Shrewsbury Town,Brighton & Hove Albion,2,2,3,3,4,0,0
1969,Shrewsbury Town,Doncaster Rovers,0,0,3,3,0,0,0
1969,Shrewsbury Town,Halifax Town,3,1,3,3,4,2,1
1969,Shrewsbury Town,Rochdale,1,0,3,3,1,1,1
1969,Shrewsbury Town,Stockport County,3,1,3,3,4,2,1
1969,Southport,Barrow,1,0,3,3,1,1,1
1969,Southport,Leyton Orient,1,0,3,3,1,1,1
1969,Southport,Plymouth Argyle,0,0,3,3,0,0,0
1969,Stockport County,Bradford City,0,2,3,3,2,-2,0
1969,Stockport County,Luton Town,1,1,3,3,2,0,0
1969,Stockport County,Tranmere Rovers,0,1,3,3,1,-1,0
1969,Torquay United,Barnsley,1,1,3,3,2,0,0
1969,Torquay United,Brighton & Hove Albion,2,1,3,3,3,1,1
1969,Torquay United,Halifax Town,0,1,3,3,1,-1,0
1969,Torquay United,Mansfield Town,0,2,3,3,2,-2,0
1969,Torquay United,Walsall,0,0,3,3,0,0,0
1969,Tranmere Rovers,Barrow,5,0,3,3,5,5,1
1969,Tranmere Rovers,Bristol Rovers,5,2,3,3,7,3,1
1969,Tranmere Rovers,Fulham,1,0,3,3,1,1,1
1969,Tranmere Rovers,Leyton Orient,1,1,3,3,2,0,0
1969,Tranmere Rovers,Stockport County,3,0,3,3,3,3,1
1969,Walsall,AFC Bournemouth,2,1,3,3,3,1,1
1969,Walsall,Gillingham,0,1,3,3,1,-1,0
1969,Walsall,Luton Town,1,3,3,3,4,-2,0
1969,Walsall,Shrewsbury Town,3,2,3,3,5,1,1
1969,Aldershot,Brentford,1,2,4,4,3,-1,0
1969,Aldershot,Colchester United,1,1,4,4,2,0,0
1969,Bradford Park Avenue,Chester,1,2,4,4,3,-1,0
1969,Bradford Park Avenue,Crewe Alexandra,0,0,4,4,0,0,0
1969,Bradford Park Avenue,Grimsby Town,1,1,4,4,2,0,0
1969,Bradford Park Avenue,Scunthorpe United,0,5,4,4,5,-5,0
1969,Brentford,Aldershot,0,0,4,4,0,0,0
1969,Brentford,Hartlepool United,3,0,4,4,3,3,1
1969,Brentford,Peterborough United,5,2,4,4,7,3,1
1969,Brentford,Southend United,3,1,4,4,4,2,1
1969,Chester,Bradford Park Avenue,1,0,4,4,1,1,1
1969,Chester,Colchester United,1,0,4,4,1,1,1
1969,Chester,Port Vale,1,1,4,4,2,0,0
1969,Chesterfield,Grimsby Town,1,2,4,4,3,-1,0
1969,Chesterfield,Oldham Athletic,3,1,4,4,4,2,1
1969,Chesterfield,Scunthorpe United,2,1,4,4,3,1,1
1969,Colchester United,Darlington,2,1,4,4,3,1,1
1969,Colchester United,Peterborough United,2,1,4,4,3,1,1
1969,Colchester United,Wrexham,2,0,4,4,2,2,1
1969,Crewe Alexandra,Chesterfield,2,1,4,4,3,1,1
1969,Crewe Alexandra,Exeter City,1,1,4,4,2,0,0
1969,Crewe Alexandra,Port Vale,0,0,4,4,0,0,0
1969,Crewe Alexandra,York City,3,0,4,4,3,3,1
1969,Darlington,Newport County,0,0,4,4,0,0,0
1969,Darlington,Oldham Athletic,1,1,4,4,2,0,0
1969,Exeter City,Hartlepool United,6,0,4,4,6,6,1
1969,Exeter City,Northampton Town,1,0,4,4,1,1,1
1969,Exeter City,Southend United,3,0,4,4,3,3,1
1969,Exeter City,Wrexham,1,0,4,4,1,1,1
1969,Grimsby Town,Chesterfield,1,0,4,4,1,1,1
1969,Grimsby Town,Notts County,2,1,4,4,3,1,1
1969,Grimsby Town,Port Vale,2,0,4,4,2,2,1
1969,Grimsby Town,Swansea City,0,2,4,4,2,-2,0
1969,Hartlepool United,Colchester United,0,0,4,4,0,0,0
1969,Hartlepool United,Newport County,0,1,4,4,1,-1,0
1969,Hartlepool United,Oldham Athletic,1,1,4,4,2,0,0
1969,Lincoln City,Aldershot,1,1,4,4,2,0,0
1969,Lincoln City,Chester,2,0,4,4,2,2,1
1969,Lincoln City,Crewe Alexandra,2,1,4,4,3,1,1
1969,Lincoln City,Grimsby Town,2,0,4,4,2,2,1
1969,Lincoln City,Northampton Town,0,0,4,4,0,0,0
1969,Lincoln City,Southend United,3,3,4,4,6,0,0
1969,Lincoln City,Wrexham,0,0,4,4,0,0,0
1969,Newport County,Darlington,2,1,4,4,3,1,1
1969,Newport County,Hartlepool United,1,1,4,4,2,0,0
1969,Newport County,Notts County,1,0,4,4,1,1,1
1969,Notts County,Grimsby Town,2,1,4,4,3,1,1
1969,Notts County,Peterborough United,2,2,4,4,4,0,0
1969,Notts County,Wrexham,3,2,4,4,5,1,1
1969,Oldham Athletic,Chesterfield,1,0,4,4,1,1,1
1969,Oldham Athletic,Darlington,1,1,4,4,2,0,0
1969,Oldham Athletic,Hartlepool United,1,0,4,4,1,1,1
1969,Oldham Athletic,Port Vale,2,3,4,4,5,-1,0
1969,Peterborough United,Exeter City,1,1,4,4,2,0,0
1969,Peterborough United,Notts County,1,0,4,4,1,1,1
1969,Peterborough United,Scunthorpe United,2,2,4,4,4,0,0
1969,Port Vale,Chester,3,0,4,4,3,3,1
1969,Port Vale,Crewe Alexandra,2,0,4,4,2,2,1
1969,Port Vale,Southend United,3,0,4,4,3,3,1
1969,Scunthorpe United,Chesterfield,1,2,4,4,3,-1,0
1969,Scunthorpe United,Darlington,2,0,4,4,2,2,1
1969,Scunthorpe United,Hartlepool United,3,1,4,4,4,2,1
1969,Scunthorpe United,Northampton Town,1,0,4,4,1,1,1
1969,Scunthorpe United,Swansea City,1,2,4,4,3,-1,0
1969,Scunthorpe United,York City,1,1,4,4,2,0,0
1969,Southend United,Exeter City,1,1,4,4,2,0,0
1969,Southend United,Lincoln City,2,2,4,4,4,0,0
1969,Southend United,Port Vale,1,1,4,4,2,0,0
1969,Southend United,Workington,3,1,4,4,4,2,1
1969,Swansea City,Aldershot,1,1,4,4,2,0,0
1969,Swansea City,Chester,2,1,4,4,3,1,1
1969,Swansea City,Grimsby Town,2,0,4,4,2,2,1
1969,Swansea City,Newport County,1,1,4,4,2,0,0
1969,Swansea City,Oldham Athletic,4,0,4,4,4,4,1
1969,Swansea City,Scunthorpe United,2,1,4,4,3,1,1
1969,Swansea City,Wrexham,1,2,4,4,3,-1,0
1969,Workington,Bradford Park Avenue,1,0,4,4,1,1,1
1969,Workington,Chesterfield,1,1,4,4,2,0,0
1969,Workington,Hartlepool United,1,3,4,4,4,-2,0
1969,Workington,Northampton Town,2,0,4,4,2,2,1
1969,Wrexham,Brentford,1,0,4,4,1,1,1
1969,Wrexham,Exeter City,3,0,4,4,3,3,1
1969,Wrexham,Lincoln City,0,0,4,4,0,0,0
1969,York City,Chester,0,0,4,4,0,0,0
1969,York City,Crewe Alexandra,0,0,4,4,0,0,0
1969,York City,Grimsby Town,1,1,4,4,2,0,0
1969,York City,Scunthorpe United,3,2,4,4,5,1,1
1969,York City,Workington,1,0,4,4,1,1,1
1970,Arsenal,Burnley,1,0,1,1,1,1,1
1970,Arsenal,Crystal Palace,1,1,1,1,2,0,0
1970,Arsenal,Liverpool,2,0,1,1,2,2,1
1970,Arsenal,Stoke City,1,0,1,1,1,1,1
1970,Arsenal,West Ham United,2,0,1,1,2,2,1
1970,Blackpool,Burnley,1,1,1,1,2,0,0
1970,Blackpool,Huddersfield Town,2,2,1,1,4,0,0
1970,Blackpool,Liverpool,0,0,1,1,0,0,0
1970,Blackpool,Newcastle United,0,1,1,1,1,-1,0
1970,Blackpool,Stoke City,1,1,1,1,2,0,0
1970,Blackpool,West Ham United,1,1,1,1,2,0,0
1970,Burnley,Blackpool,1,0,1,1,1,1,1
1970,Burnley,Crystal Palace,2,1,1,1,3,1,1
1970,Burnley,Liverpool,1,2,1,1,3,-1,0
1970,Chelsea,Huddersfield Town,0,0,1,1,0,0,0
1970,Chelsea,Liverpool,1,0,1,1,1,1,1
1970,Chelsea,Newcastle United,1,0,1,1,1,1,1
1970,Chelsea,West Ham United,2,1,1,1,3,1,1
1970,Coventry City,Blackpool,2,0,1,1,2,2,1
1970,Coventry City,Crystal Palace,2,1,1,1,3,1,1
1970,Coventry City,Huddersfield Town,0,0,1,1,0,0,0
1970,Coventry City,Newcastle United,2,0,1,1,2,2,1
1970,Coventry City,Stoke City,1,0,1,1,1,1,1
1970,Crystal Palace,West Ham United,1,1,1,1,2,0,0
1970,Derby County,Blackpool,2,0,1,1,2,2,1
1970,Derby County,Coventry City,3,4,1,1,7,-1,0
1970,Derby County,Stoke City,2,0,1,1,2,2,1
1970,Everton,Huddersfield Town,2,1,1,1,3,1,1
1970,Everton,Newcastle United,3,1,1,1,4,2,1
1970,Everton,Stoke City,2,0,1,1,2,2,1
1970,Huddersfield Town,Coventry City,1,0,1,1,1,1,1
1970,Huddersfield Town,West Ham United,1,1,1,1,2,0,0
1970,Leeds United,Everton,3,2,1,1,5,1,1
1970,Leeds United,Newcastle United,3,0,1,1,3,3,1
1970,Leeds United,Stoke City,4,1,1,1,5,3,1
1970,Liverpool,Blackpool,2,2,1,1,4,0,0
1970,Liverpool,Coventry City,0,0,1,1,0,0,0
1970,Liverpool,Everton,3,2,1,1,5,1,1
1970,Liverpool,Stoke City,0,0,1,1,0,0,0
1970,Liverpool,West Ham United,1,0,1,1,1,1,1
1970,Manchester City,Newcastle United,1,1,1,1,2,0,0
1970,Manchester City,West Ham United,2,0,1,1,2,2,1
1970,Manchester United,Coventry City,2,0,1,1,2,2,1
1970,Manchester United,Everton,2,0,1,1,2,2,1
1970,Manchester United,Leeds United,0,1,1,1,1,-1,0
1970,Manchester United,West Ham United,1,1,1,1,2,0,0
1970,Newcastle United,Coventry City,0,0,1,1,0,0,0
1970,Newcastle United,Everton,2,1,1,1,3,1,1
1970,Newcastle United,Manchester United,1,0,1,1,1,1,1
1970,Newcastle United,Stoke City,0,2,1,1,2,-2,0
1970,Newcastle United,West Ham United,1,1,1,1,2,0,0
1970,Nottingham Forest,Blackpool,3,1,1,1,4,2,1
1970,Nottingham Forest,Everton,3,2,1,1,5,1,1
1970,Nottingham Forest,Leeds United,0,0,1,1,0,0,0
1970,Southampton,Everton,2,2,1,1,4,0,0
1970,Southampton,Leeds United,0,3,1,1,3,-3,0
1970,Southampton,Manchester United,1,0,1,1,1,1,1
1970,Southampton,Stoke City,2,1,1,1,3,1,1
1970,Southampton,West Ham United,1,2,1,1,3,-1,0
1970,Stoke City,Coventry City,2,1,1,1,3,1,1
1970,Tottenham Hotspur,Blackpool,3,0,1,1,3,3,1
1970,Tottenham Hotspur,Manchester United,2,2,1,1,4,0,0
1970,West Bromwich Albion,Manchester United,4,3,1,1,7,1,1
1970,West Bromwich Albion,Southampton,1,0,1,1,1,1,1
1970,West Ham United,West Bromwich Albion,2,1,1,1,3,1,1
1970,Wolverhampton Wanderers,Coventry City,0,0,1,1,0,0,0
1970,Wolverhampton Wanderers,Leeds United,2,3,1,1,5,-1,0
1970,Wolverhampton Wanderers,Southampton,0,1,1,1,1,-1,0
1970,Wolverhampton Wanderers,West Bromwich Albion,2,1,1,1,3,1,1
1970,Birmingham City,Bolton Wanderers,4,0,2,2,4,4,1
1970,Birmingham City,Carlisle United,1,0,2,2,1,1,1
1970,Birmingham City,Leicester City,0,0,2,2,0,0,0
1970,Birmingham City,Oxford United,1,1,2,2,2,0,0
1970,Birmingham City,Sheffield United,0,1,2,2,1,-1,0
1970,Blackburn Rovers,Leicester City,2,2,2,2,4,0,0
1970,Blackburn Rovers,Middlesbrough,1,1,2,2,2,0,0
1970,Blackburn Rovers,Sheffield United,1,3,2,2,4,-2,0
1970,Bolton Wanderers,Blackburn Rovers,1,1,2,2,2,0,0
1970,Bolton Wanderers,Middlesbrough,0,3,2,2,3,-3,0
1970,Bolton Wanderers,Oxford United,0,2,2,2,2,-2,0
1970,Bristol City,Blackburn Rovers,1,1,2,2,2,0,0
1970,Bristol City,Carlisle United,2,1,2,2,3,1,1
1970,Cardiff City,Carlisle United,4,0,2,2,4,4,1
1970,Cardiff City,Leicester City,2,2,2,2,4,0,0
1970,Cardiff City,Middlesbrough,3,4,2,2,7,-1,0
1970,Cardiff City,Sheffield United,1,1,2,2,2,0,0
1970,Cardiff City,Swindon Town,1,1,2,2,2,0,0
1970,Carlisle United,Blackburn Rovers,1,0,2,2,1,1,1
1970,Carlisle United,Leicester City,0,1,2,2,1,-1,0
1970,Charlton Athletic,Middlesbrough,1,0,2,2,1,1,1
1970,Charlton Athletic,Oxford United,2,0,2,2,2,2,1
1970,Hull City,Blackburn Rovers,0,0,2,2,0,0,0
1970,Hull City,Cardiff City,1,1,2,2,2,0,0
1970,Hull City,Leicester City,3,0,2,2,3,3,1
1970,Hull City,Sheffield United,1,1,2,2,2,0,0
1970,Leicester City,Blackburn Rovers,1,1,2,2,2,0,0
1970,Leicester City,Hull City,0,0,2,2,0,0,0
1970,Leicester City,Oxford United,0,0,2,2,0,0,0
1970,Leicester City,Swindon Town,3,1,2,2,4,2,1
1970,Leyton Orient,Cardiff City,0,0,2,2,0,0,0
1970,Luton Town,Hull City,3,1,2,2,4,2,1
1970,Luton Town,Oxford United,4,0,2,2,4,4,1
1970,Luton Town,Swindon Town,1,1,2,2,2,0,0
1970,Middlesbrough,Cardiff City,1,1,2,2,2,0,0
1970,Middlesbrough,Luton Town,2,1,2,2,3,1,1
1970,Middlesbrough,Sheffield United,1,1,2,2,2,0,0
1970,Millwall,Blackburn Rovers,2,0,2,2,2,2,1
1970,Millwall,Cardiff City,2,1,2,2,3,1,1
1970,Millwall,Oxford United,1,2,2,2,3,-1,0
1970,Millwall,Sheffield United,1,2,2,2,3,-1,0
1970,Millwall,Swindon Town,2,2,2,2,4,0,0
1970,Norwich City,Cardiff City,1,2,2,2,3,-1,0
1970,Norwich City,Hull City,0,2,2,2,2,-2,0
1970,Norwich City,Luton Town,1,1,2,2,2,0,0
1970,Norwich City,Oxford United,1,1,2,2,2,0,0
1970,Oxford United,Cardiff City,1,0,2,2,1,1,1
1970,Oxford United,Hull City,0,3,2,2,3,-3,0
1970,Oxford United,Luton Town,2,1,2,2,3,1,1
1970,Oxford United,Sheffield United,1,2,2,2,3,-1,0
1970,Oxford United,Swindon Town,0,0,2,2,0,0,0
1970,Portsmouth,Blackburn Rovers,4,1,2,2,5,3,1
1970,Portsmouth,Cardiff City,1,3,2,2,4,-2,0
1970,Portsmouth,Hull City,2,2,2,2,4,0,0
1970,Portsmouth,Norwich City,0,2,2,2,2,-2,0
1970,Queens Park Rangers,Norwich City,0,1,2,2,1,-1,0
1970,Sheffield United,Luton Town,2,1,2,2,3,1,1
1970,Sheffield United,Swindon Town,2,1,2,2,3,1,1
1970,Sheffield Wednesday,Cardiff City,1,2,2,2,3,-1,0
1970,Sheffield Wednesday,Queens Park Rangers,1,0,2,2,1,1,1
1970,Sunderland,Cardiff City,0,4,2,2,4,-4,0
1970,Sunderland,Hull City,0,1,2,2,1,-1,0
1970,Sunderland,Norwich City,2,1,2,2,3,1,1
1970,Swindon Town,Cardiff City,2,2,2,2,4,0,0
1970,Swindon Town,Hull City,1,1,2,2,2,0,0
1970,Swindon Town,Luton Town,0,0,2,2,0,0,0
1970,Swindon Town,Norwich City,3,2,2,2,5,1,1
1970,Swindon Town,Queens Park Rangers,1,0,2,2,1,1,1
1970,Swindon Town,Sunderland,2,0,2,2,2,2,1
1970,Watford,Hull City,1,2,2,2,3,-1,0
1970,Watford,Norwich City,2,0,2,2,2,2,1
1970,Watford,Sunderland,1,1,2,2,2,0,0
1970,Aston Villa,Bradford City,1,0,3,3,1,1,1
1970,Aston Villa,Bury,1,0,3,3,1,1,1
1970,Aston Villa,Fulham,1,0,3,3,1,1,1
1970,Aston Villa,Rotherham United,1,0,3,3,1,1,1
1970,Aston Villa,Wrexham,3,4,3,3,7,-1,0
1970,Barnsley,Chesterfield,1,0,3,3,1,1,1
1970,Barnsley,Gillingham,3,1,3,3,4,2,1
1970,Barnsley,Plymouth Argyle,2,0,3,3,2,2,1
1970,Barnsley,Shrewsbury Town,2,1,3,3,3,1,1
1970,Barnsley,Tranmere Rovers,0,0,3,3,0,0,0
1970,Bradford City,Doncaster Rovers,3,0,3,3,3,3,1
1970,Brighton & Hove Albion,Bury,1,0,3,3,1,1,1
1970,Brighton & Hove Albion,Fulham,3,2,3,3,5,1,1
1970,Brighton & Hove Albion,Mansfield Town,2,0,3,3,2,2,1
1970,Brighton & Hove Albion,Preston North End,0,0,3,3,0,0,0
1970,Brighton & Hove Albion,Rotherham United,1,1,3,3,2,0,0
1970,Brighton & Hove Albion,Torquay United,0,0,3,3,0,0,0
1970,Bristol Rovers,Plymouth Argyle,1,3,3,3,4,-2,0
1970,Bristol Rovers,Reading,4,0,3,3,4,4,1
1970,Bristol Rovers,Shrewsbury Town,2,2,3,3,4,0,0
1970,Bristol Rovers,Tranmere Rovers,0,1,3,3,1,-1,0
1970,Bury,Aston Villa,3,1,3,3,4,2,1
1970,Bury,Doncaster Rovers,2,3,3,3,5,-1,0
1970,Bury,Swansea City,1,1,3,3,2,0,0
1970,Chesterfield,Bristol Rovers,2,0,3,3,2,2,1
1970,Chesterfield,Fulham,0,0,3,3,0,0,0
1970,Chesterfield,Mansfield Town,2,2,3,3,4,0,0
1970,Chesterfield,Preston North End,0,0,3,3,0,0,0
1970,Chesterfield,Torquay United,5,0,3,3,5,5,1
1970,Doncaster Rovers,Bradford City,3,1,3,3,4,2,1
1970,Doncaster Rovers,Bury,2,0,3,3,2,2,1
1970,Doncaster Rovers,Gillingham,2,2,3,3,4,0,0
1970,Doncaster Rovers,Shrewsbury Town,1,1,3,3,2,0,0
1970,Fulham,Chesterfield,2,0,3,3,2,2,1
1970,Fulham,Halifax Town,3,1,3,3,4,2,1
1970,Fulham,Port Vale,4,1,3,3,5,3,1
1970,Fulham,Rochdale,2,0,3,3,2,2,1
1970,Fulham,Swansea City,4,1,3,3,5,3,1
1970,Fulham,Walsall,1,0,3,3,1,1,1
1970,Gillingham,Barnsley,2,1,3,3,3,1,1
1970,Gillingham,Preston North End,2,1,3,3,3,1,1
1970,Gillingham,Rotherham United,2,1,3,3,3,1,1
1970,Gillingham,Wrexham,1,2,3,3,3,-1,0
1970,Halifax Town,Bradford City,1,2,3,3,3,-1,0
1970,Halifax Town,Bury,3,0,3,3,3,3,1
1970,Halifax Town,Reading,4,0,3,3,4,4,1
1970,Halifax Town,Tranmere Rovers,4,3,3,3,7,1,1
1970,Mansfield Town,Aston Villa,2,0,3,3,2,2,1
1970,Mansfield Town,Gillingham,2,0,3,3,2,2,1
1970,Mansfield Town,Port Vale,2,0,3,3,2,2,1
1970,Mansfield Town,Swansea City,2,0,3,3,2,2,1
1970,Mansfield Town,Walsall,2,2,3,3,4,0,0
1970,Plymouth Argyle,Barnsley,2,1,3,3,3,1,1
1970,Plymouth Argyle,Bristol Rovers,0,0,3,3,0,0,0
1970,Plymouth Argyle,Doncaster Rovers,1,1,3,3,2,0,0
1970,Plymouth Argyle,Preston North End,1,1,3,3,2,0,0
1970,Plymouth Argyle,Rotherham United,4,1,3,3,5,3,1
1970,Plymouth Argyle,Torquay United,1,2,3,3,3,-1,0
1970,Plymouth Argyle,Wrexham,2,2,3,3,4,0,0
1970,Port Vale,Reading,3,1,3,3,4,2,1
1970,Port Vale,Tranmere Rovers,2,2,3,3,4,0,0
1970,Preston North End,Gillingham,1,0,3,3,1,1,1
1970,Preston North End,Swansea City,1,1,3,3,2,0,0
1970,Reading,Bristol Rovers,0,2,3,3,2,-2,0
1970,Reading,Rotherham United,4,2,3,3,6,2,1
1970,Rochdale,Bradford City,0,0,3,3,0,0,0
1970,Rochdale,Fulham,1,2,3,3,3,-1,0
1970,Rochdale,Preston North End,1,2,3,3,3,-1,0
1970,Rochdale,Tranmere Rovers,0,0,3,3,0,0,0
1970,Rotherham United,Aston Villa,1,1,3,3,2,0,0
1970,Rotherham United,Brighton & Hove Albion,2,0,3,3,2,2,1
1970,Rotherham United,Gillingham,0,0,3,3,0,0,0
1970,Rotherham United,Plymouth Argyle,1,1,3,3,2,0,0
1970,Rotherham United,Swansea City,2,0,3,3,2,2,1
1970,Shrewsbury Town,Bristol Rovers,1,4,3,3,5,-3,0
1970,Shrewsbury Town,Doncaster Rovers,0,3,3,3,3,-3,0
1970,Shrewsbury Town,Halifax Town,2,2,3,3,4,0,0
1970,Shrewsbury Town,Rochdale,0,2,3,3,2,-2,0
1970,Swansea City,Bradford City,2,0,3,3,2,2,1
1970,Swansea City,Fulham,4,1,3,3,5,3,1
1970,Swansea City,Tranmere Rovers,0,0,3,3,0,0,0
1970,Torquay United,Chesterfield,1,1,3,3,2,0,0
1970,Torquay United,Gillingham,2,3,3,3,5,-1,0
1970,Torquay United,Plymouth Argyle,2,1,3,3,3,1,1
1970,Torquay United,Reading,0,4,3,3,4,-4,0
1970,Torquay United,Shrewsbury Town,1,0,3,3,1,1,1
1970,Tranmere Rovers,Bristol Rovers,0,2,3,3,2,-2,0
1970,Tranmere Rovers,Doncaster Rovers,1,0,3,3,1,1,1
1970,Tranmere Rovers,Rochdale,0,2,3,3,2,-2,0
1970,Walsall,Bradford City,1,2,3,3,3,-1,0
1970,Walsall,Fulham,3,2,3,3,5,1,1
1970,Walsall,Mansfield Town,0,1,3,3,1,-1,0
1970,Walsall,Preston North End,0,1,3,3,1,-1,0
1970,Walsall,Rotherham United,0,1,3,3,1,-1,0
1970,Walsall,Torquay United,1,4,3,3,5,-3,0
1970,Wrexham,Brighton & Hove Albion,1,1,3,3,2,0,0
1970,Wrexham,Gillingham,3,4,3,3,7,-1,0
1970,Wrexham,Reading,2,0,3,3,2,2,1
1970,AFC Bournemouth,Chester,3,1,4,4,4,2,1
1970,AFC Bournemouth,York City,4,0,4,4,4,4,1
1970,Aldershot,Brentford,1,0,4,4,1,1,1
1970,Aldershot,Lincoln City,0,2,4,4,2,-2,0
1970,Aldershot,Notts County,0,1,4,4,1,-1,0
1970,Aldershot,Scunthorpe United,0,1,4,4,1,-1,0
1970,Brentford,Aldershot,2,3,4,4,5,-1,0
1970,Brentford,Chester,1,2,4,4,3,-1,0
1970,Brentford,Hartlepool United,1,0,4,4,1,1,1
1970,Brentford,York City,6,4,4,4,10,2,1
1970,Cambridge United,Colchester United,2,1,4,4,3,1,1
1970,Cambridge United,Exeter City,2,0,4,4,2,2,1
1970,Cambridge United,Lincoln City,1,1,4,4,2,0,0
1970,Cambridge United,Notts County,2,1,4,4,3,1,1
1970,Cambridge United,Scunthorpe United,1,1,4,4,2,0,0
1970,Chester,AFC Bournemouth,4,2,4,4,6,2,1
1970,Chester,Brentford,1,2,4,4,3,-1,0
1970,Chester,Crewe Alexandra,1,0,4,4,1,1,1
1970,Chester,Grimsby Town,5,0,4,4,5,5,1
1970,Chester,Newport County,2,1,4,4,3,1,1
1970,Chester,Oldham Athletic,0,1,4,4,1,-1,0
1970,Colchester United,Cambridge United,2,1,4,4,3,1,1
1970,Colchester United,Darlington,2,0,4,4,2,2,1
1970,Colchester United,Hartlepool United,1,0,4,4,1,1,1
1970,Colchester United,Southport,1,0,4,4,1,1,1
1970,Colchester United,York City,1,0,4,4,1,1,1
1970,Crewe Alexandra,Barrow,1,0,4,4,1,1,1
1970,Crewe Alexandra,Chester,6,3,4,4,9,3,1
1970,Crewe Alexandra,Lincoln City,3,1,4,4,4,2,1
1970,Crewe Alexandra,Scunthorpe United,3,1,4,4,4,2,1
1970,Darlington,AFC Bournemouth,1,0,4,4,1,1,1
1970,Darlington,Brentford,2,1,4,4,3,1,1
1970,Darlington,Colchester United,0,0,4,4,0,0,0
1970,Darlington,Grimsby Town,5,1,4,4,6,4,1
1970,Darlington,Newport County,2,1,4,4,3,1,1
1970,Darlington,Southend United,0,4,4,4,4,-4,0
1970,Darlington,Workington,0,1,4,4,1,-1,0
1970,Exeter City,Cambridge United,1,0,4,4,1,1,1
1970,Exeter City,Crewe Alexandra,6,2,4,4,8,4,1
1970,Exeter City,Northampton Town,1,1,4,4,2,0,0
1970,Exeter City,Peterborough United,3,2,4,4,5,1,1
1970,Grimsby Town,Notts County,2,1,4,4,3,1,1
1970,Hartlepool United,AFC Bournemouth,2,1,4,4,3,1,1
1970,Hartlepool United,Brentford,0,0,4,4,0,0,0
1970,Hartlepool United,Newport County,2,2,4,4,4,0,0
1970,Hartlepool United,Workington,1,1,4,4,2,0,0
1970,Lincoln City,Crewe Alexandra,2,2,4,4,4,0,0
1970,Lincoln City,Northampton Town,1,3,4,4,4,-2,0
1970,Lincoln City,Peterborough United,2,1,4,4,3,1,1
1970,Lincoln City,York City,4,5,4,4,9,-1,0
1970,Newport County,Chester,0,1,4,4,1,-1,0
1970,Newport County,Darlington,3,1,4,4,4,2,1
1970,Newport County,Hartlepool United,2,0,4,4,2,2,1
1970,Newport County,Notts County,2,1,4,4,3,1,1
1970,Newport County,Scunthorpe United,2,3,4,4,5,-1,0
1970,Newport County,Stockport County,3,1,4,4,4,2,1
1970,Northampton Town,AFC Bournemouth,2,3,4,4,5,-1,0
1970,Northampton Town,Colchester United,2,1,4,4,3,1,1
1970,Northampton Town,Southend United,0,2,4,4,2,-2,0
1970,Northampton Town,Workington,5,0,4,4,5,5,1
1970,Notts County,Aldershot,3,0,4,4,3,3,1
1970,Notts County,Cambridge United,4,1,4,4,5,3,1
1970,Notts County,Crewe Alexandra,5,1,4,4,6,4,1
1970,Notts County,Grimsby Town,1,0,4,4,1,1,1
1970,Notts County,Newport County,2,0,4,4,2,2,1
1970,Notts County,York City,2,1,4,4,3,1,1
1970,Oldham Athletic,Darlington,3,1,4,4,4,2,1
1970,Oldham Athletic,Hartlepool United,2,0,4,4,2,2,1
1970,Peterborough United,AFC Bournemouth,3,1,4,4,4,2,1
1970,Peterborough United,Brentford,1,2,4,4,3,-1,0
1970,Peterborough United,Workington,3,1,4,4,4,2,1
1970,Scunthorpe United,Crewe Alexandra,1,1,4,4,2,0,0
1970,Scunthorpe United,Grimsby Town,1,2,4,4,3,-1,0
1970,Southend United,Barrow,2,3,4,4,5,-1,0
1970,Southend United,Darlington,0,0,4,4,0,0,0
1970,Southend United,Peterborough United,1,2,4,4,3,-1,0
1970,Southport,Exeter City,0,2,4,4,2,-2,0
1970,Southport,Notts County,0,2,4,4,2,-2,0
1970,Stockport County,Aldershot,1,0,4,4,1,1,1
1970,Stockport County,Crewe Alexandra,2,2,4,4,4,0,0
1970,Stockport County,Grimsby Town,1,0,4,4,1,1,1
1970,Stockport County,Newport County,3,2,4,4,5,1,1
1970,Stockport County,Southend United,0,0,4,4,0,0,0
1970,Workington,Barrow,2,1,4,4,3,1,1
1970,Workington,Chester,1,0,4,4,1,1,1
1970,Workington,Hartlepool United,0,1,4,4,1,-1,0
1970,Workington,Northampton Town,2,0,4,4,2,2,1
1970,Workington,Southport,2,1,4,4,3,1,1
1970,York City,Brentford,0,0,4,4,0,0,0
1970,York City,Exeter City,2,2,4,4,4,0,0
1970,York City,Notts County,0,0,4,4,0,0,0
1970,York City,Scunthorpe United,2,0,4,4,2,2,1
1971,Arsenal,Coventry City,2,0,1,1,2,2,1
1971,Arsenal,Leeds United,2,0,1,1,2,2,1
1971,Arsenal,West Ham United,2,1,1,1,3,1,1
1971,Chelsea,Coventry City,3,3,1,1,6,0,0
1971,Chelsea,Leeds United,0,0,1,1,0,0,0
1971,Chelsea,Nottingham Forest,2,0,1,1,2,2,1
1971,Chelsea,Stoke City,2,0,1,1,2,2,1
1971,Chelsea,West Ham United,3,1,1,1,4,2,1
1971,Coventry City,Everton,4,1,1,1,5,3,1
1971,Coventry City,Leeds United,3,1,1,1,4,2,1
1971,Coventry City,Nottingham Forest,1,1,1,1,2,0,0
1971,Derby County,Everton,2,0,1,1,2,2,1
1971,Derby County,Leeds United,2,0,1,1,2,2,1
1971,Derby County,Manchester City,3,1,1,1,4,2,1
1971,Derby County,Stoke City,4,0,1,1,4,4,1
1971,Everton,Derby County,0,2,1,1,2,-2,0
1971,Everton,Leeds United,0,0,1,1,0,0,0
1971,Everton,Stoke City,0,0,1,1,0,0,0
1971,Everton,West Ham United,2,1,1,1,3,1,1
1971,Huddersfield Town,Chelsea,1,2,1,1,3,-1,0
1971,Huddersfield Town,Manchester City,1,1,1,1,2,0,0
1971,Huddersfield Town,Stoke City,0,0,1,1,0,0,0
1971,Huddersfield Town,West Ham United,1,0,1,1,1,1,1
1971,Ipswich Town,Chelsea,1,2,1,1,3,-1,0
1971,Leeds United,Chelsea,2,0,1,1,2,2,1
1971,Leeds United,Stoke City,1,0,1,1,1,1,1
1971,Leeds United,West Ham United,0,0,1,1,0,0,0
1971,Leicester City,Chelsea,1,1,1,1,2,0,0
1971,Leicester City,Nottingham Forest,2,1,1,1,3,1,1
1971,Leicester City,Stoke City,2,1,1,1,3,1,1
1971,Liverpool,Derby County,3,2,1,1,5,1,1
1971,Liverpool,Manchester City,3,0,1,1,3,3,1
1971,Liverpool,Nottingham Forest,3,1,1,1,4,2,1
1971,Manchester City,Derby County,2,0,1,1,2,2,1
1971,Manchester City,Liverpool,1,0,1,1,1,1,1
1971,Manchester City,Nottingham Forest,2,2,1,1,4,0,0
1971,Manchester United,Chelsea,0,1,1,1,1,-1,0
1971,Manchester United,Derby County,1,0,1,1,1,1,1
1971,Manchester United,West Ham United,4,2,1,1,6,2,1
1971,Newcastle United,Liverpool,3,2,1,1,5,1,1
1971,Newcastle United,Nottingham Forest,2,1,1,1,3,1,1
1971,Newcastle United,West Ham United,2,2,1,1,4,0,0
1971,Nottingham Forest,Derby County,0,2,1,1,2,-2,0
1971,Sheffield United,Ipswich Town,7,0,1,1,7,7,1
1971,Sheffield United,Liverpool,1,1,1,1,2,0,0
1971,Sheffield United,Stoke City,2,3,1,1,5,-1,0
1971,Southampton,Ipswich Town,0,0,1,1,0,0,0
1971,Southampton,Liverpool,0,1,1,1,1,-1,0
1971,Southampton,Stoke City,3,1,1,1,4,2,1
1971,Southampton,West Ham United,3,3,1,1,6,0,0
1971,Stoke City,Chelsea,0,1,1,1,1,-1,0
1971,Stoke City,Derby County,1,1,1,1,2,0,0
1971,Stoke City,Liverpool,0,0,1,1,0,0,0
1971,Stoke City,Newcastle United,3,3,1,1,6,0,0
1971,Stoke City,West Ham United,0,0,1,1,0,0,0
1971,Tottenham Hotspur,Derby County,0,1,1,1,1,-1,0
1971,Tottenham Hotspur,Liverpool,2,0,1,1,2,2,1
1971,Tottenham Hotspur,Newcastle United,0,0,1,1,0,0,0
1971,Tottenham Hotspur,Southampton,1,0,1,1,1,1,1
1971,Tottenham Hotspur,West Ham United,0,1,1,1,1,-1,0
1971,West Bromwich Albion,Chelsea,4,0,1,1,4,4,1
1971,West Bromwich Albion,Derby County,0,0,1,1,0,0,0
1971,West Bromwich Albion,Liverpool,1,0,1,1,1,1,1
1971,West Bromwich Albion,Southampton,3,2,1,1,5,1,1
1971,West Bromwich Albion,West Ham United,0,0,1,1,0,0,0
1971,West Ham United,Chelsea,2,1,1,1,3,1,1
1971,West Ham United,Derby County,3,3,1,1,6,0,0
1971,West Ham United,Ipswich Town,0,0,1,1,0,0,0
1971,West Ham United,Liverpool,0,2,1,1,2,-2,0
1971,West Ham United,Southampton,1,0,1,1,1,1,1
1971,Wolverhampton Wanderers,Chelsea,0,2,1,1,2,-2,0
1971,Wolverhampton Wanderers,Ipswich Town,2,2,1,1,4,0,0
1971,Wolverhampton Wanderers,Southampton,4,2,1,1,6,2,1
1971,Birmingham City,Bristol City,1,0,2,2,1,1,1
1971,Birmingham City,Carlisle United,3,2,2,2,5,1,1
1971,Birmingham City,Middlesbrough,1,1,2,2,2,0,0
1971,Blackpool,Bristol City,1,0,2,2,1,1,1
1971,Blackpool,Queens Park Rangers,1,1,2,2,2,0,0
1971,Blackpool,Swindon Town,4,1,2,2,5,3,1
1971,Bristol City,Carlisle United,1,4,2,2,5,-3,0
1971,Bristol City,Hull City,4,0,2,2,4,4,1
1971,Bristol City,Swindon Town,1,0,2,2,1,1,1
1971,Burnley,Hull City,0,2,2,2,2,-2,0
1971,Burnley,Oxford United,1,1,2,2,2,0,0
1971,Burnley,Queens Park Rangers,1,0,2,2,1,1,1
1971,Cardiff City,Hull City,1,1,2,2,2,0,0
1971,Cardiff City,Middlesbrough,1,0,2,2,1,1,1
1971,Cardiff City,Oxford United,1,1,2,2,2,0,0
1971,Cardiff City,Queens Park Rangers,0,0,2,2,0,0,0
1971,Cardiff City,Swindon Town,0,1,2,2,1,-1,0
1971,Carlisle United,Blackpool,2,0,2,2,2,2,1
1971,Carlisle United,Cardiff City,2,1,2,2,3,1,1
1971,Carlisle United,Hull City,2,1,2,2,3,1,1
1971,Carlisle United,Middlesbrough,3,0,2,2,3,3,1
1971,Carlisle United,Queens Park Rangers,1,4,2,2,5,-3,0
1971,Carlisle United,Swindon Town,0,0,2,2,0,0,0
1971,Charlton Athletic,Blackpool,2,3,2,2,5,-1,0
1971,Charlton Athletic,Cardiff City,2,2,2,2,4,0,0
1971,Charlton Athletic,Oxford United,3,0,2,2,3,3,1
1971,Charlton Athletic,Queens Park Rangers,2,1,2,2,3,1,1
1971,Charlton Athletic,Swindon Town,3,1,2,2,4,2,1
1971,Fulham,Blackpool,2,1,2,2,3,1,1
1971,Fulham,Hull City,1,0,2,2,1,1,1
1971,Fulham,Middlesbrough,2,2,2,2,4,0,0
1971,Fulham,Oxford United,1,1,2,2,2,0,0
1971,Fulham,Queens Park Rangers,0,3,2,2,3,-3,0
1971,Fulham,Swindon Town,2,4,2,2,6,-2,0
1971,Hull City,Blackpool,1,0,2,2,1,1,1
1971,Hull City,Fulham,4,0,2,2,4,4,1
1971,Leyton Orient,Cardiff City,4,1,2,2,5,3,1
1971,Leyton Orient,Fulham,1,0,2,2,1,1,1
1971,Leyton Orient,Middlesbrough,1,1,2,2,2,0,0
1971,Leyton Orient,Oxford United,1,1,2,2,2,0,0
1971,Leyton Orient,Queens Park Rangers,2,0,2,2,2,2,1
1971,Luton Town,Blackpool,1,4,2,2,5,-3,0
1971,Luton Town,Fulham,2,0,2,2,2,2,1
1971,Luton Town,Middlesbrough,3,2,2,2,5,1,1
1971,Luton Town,Queens Park Rangers,1,1,2,2,2,0,0
1971,Middlesbrough,Fulham,2,0,2,2,2,2,1
1971,Millwall,Blackpool,1,0,2,2,1,1,1
1971,Millwall,Oxford United,2,0,2,2,2,2,1
1971,Millwall,Queens Park Rangers,0,0,2,2,0,0,0
1971,Millwall,Swindon Town,2,2,2,2,4,0,0
1971,Norwich City,Blackpool,5,1,2,2,6,4,1
1971,Norwich City,Fulham,2,1,2,2,3,1,1
1971,Norwich City,Oxford United,3,2,2,2,5,1,1
1971,Oxford United,Cardiff City,1,0,2,2,1,1,1
1971,Oxford United,Fulham,1,0,2,2,1,1,1
1971,Oxford United,Luton Town,1,1,2,2,2,0,0
1971,Oxford United,Queens Park Rangers,3,1,2,2,4,2,1
1971,Oxford United,Swindon Town,1,1,2,2,2,0,0
1971,Portsmouth,Blackpool,1,3,2,2,4,-2,0
1971,Portsmouth,Fulham,6,3,2,2,9,3,1
1971,Portsmouth,Luton Town,0,3,2,2,3,-3,0
1971,Portsmouth,Norwich City,2,1,2,2,3,1,1
1971,Preston North End,Blackpool,1,4,2,2,5,-3,0
1971,Preston North End,Cardiff City,1,2,2,2,3,-1,0
1971,Preston North End,Fulham,2,0,2,2,2,2,1
1971,Preston North End,Luton Town,0,1,2,2,1,-1,0
1971,Preston North End,Norwich City,0,2,2,2,2,-2,0
1971,Preston North End,Swindon Town,2,2,2,2,4,0,0
1971,Queens Park Rangers,Blackpool,0,1,2,2,1,-1,0
1971,Queens Park Rangers,Cardiff City,3,0,2,2,3,3,1
1971,Queens Park Rangers,Luton Town,1,0,2,2,1,1,1
1971,Queens Park Rangers,Swindon Town,3,0,2,2,3,3,1
1971,Sheffield Wednesday,Blackpool,1,2,2,2,3,-1,0
1971,Sheffield Wednesday,Fulham,4,0,2,2,4,4,1
1971,Sheffield Wednesday,Luton Town,2,2,2,2,4,0,0
1971,Sheffield Wednesday,Norwich City,1,1,2,2,2,0,0
1971,Sunderland,Blackpool,0,0,2,2,0,0,0
1971,Sunderland,Luton Town,2,2,2,2,4,0,0
1971,Sunderland,Preston North End,4,3,2,2,7,1,1
1971,Sunderland,Swindon Town,1,0,2,2,1,1,1
1971,Swindon Town,Blackpool,1,0,2,2,1,1,1
1971,Swindon Town,Cardiff City,3,1,2,2,4,2,1
1971,Swindon Town,Fulham,4,0,2,2,4,4,1
1971,Swindon Town,Norwich City,0,1,2,2,1,-1,0
1971,Swindon Town,Preston North End,1,1,2,2,2,0,0
1971,Watford,Blackpool,1,0,2,2,1,1,1
1971,Watford,Luton Town,2,1,2,2,3,1,1
1971,Watford,Norwich City,1,1,2,2,2,0,0
1971,Watford,Sunderland,1,1,2,2,2,0,0
1971,AFC Bournemouth,Chesterfield,1,0,3,3,1,1,1
1971,AFC Bournemouth,Notts County,2,0,3,3,2,2,1
1971,AFC Bournemouth,Shrewsbury Town,3,1,3,3,4,2,1
1971,Aston Villa,Blackburn Rovers,4,1,3,3,5,3,1
1971,Aston Villa,Halifax Town,1,0,3,3,1,1,1
1971,Aston Villa,Oldham Athletic,1,0,3,3,1,1,1
1971,Aston Villa,Swansea City,2,0,3,3,2,2,1
1971,Barnsley,AFC Bournemouth,0,0,3,3,0,0,0
1971,Barnsley,Bolton Wanderers,1,0,3,3,1,1,1
1971,Barnsley,Bristol Rovers,0,0,3,3,0,0,0
1971,Barnsley,Wrexham,2,1,3,3,3,1,1
1971,Blackburn Rovers,Bradford City,1,0,3,3,1,1,1
1971,Blackburn Rovers,Chesterfield,1,0,3,3,1,1,1
1971,Blackburn Rovers,Shrewsbury Town,1,0,3,3,1,1,1
1971,Blackburn Rovers,Tranmere Rovers,4,1,3,3,5,3,1
1971,Blackburn Rovers,York City,3,0,3,3,3,3,1
1971,Bolton Wanderers,Barnsley,0,0,3,3,0,0,0
1971,Bolton Wanderers,Brighton & Hove Albion,1,1,3,3,2,0,0
1971,Bradford City,Wrexham,0,2,3,3,2,-2,0
1971,Brighton & Hove Albion,Aston Villa,2,1,3,3,3,1,1
1971,Brighton & Hove Albion,Notts County,1,1,3,3,2,0,0
1971,Brighton & Hove Albion,Tranmere Rovers,2,0,3,3,2,2,1
1971,Bristol Rovers,Barnsley,3,0,3,3,3,3,1
1971,Bristol Rovers,Halifax Town,1,0,3,3,1,1,1
1971,Bristol Rovers,Oldham Athletic,1,0,3,3,1,1,1
1971,Chesterfield,AFC Bournemouth,0,0,3,3,0,0,0
1971,Chesterfield,Mansfield Town,2,0,3,3,2,2,1
1971,Chesterfield,Plymouth Argyle,2,1,3,3,3,1,1
1971,Chesterfield,Rotherham United,0,1,3,3,1,-1,0
1971,Halifax Town,Aston Villa,0,1,3,3,1,-1,0
1971,Halifax Town,Port Vale,2,0,3,3,2,2,1
1971,Halifax Town,Tranmere Rovers,3,2,3,3,5,1,1
1971,Mansfield Town,Barnsley,0,0,3,3,0,0,0
1971,Mansfield Town,Swansea City,0,2,3,3,2,-2,0
1971,Notts County,AFC Bournemouth,1,1,3,3,2,0,0
1971,Notts County,Blackburn Rovers,1,0,3,3,1,1,1
1971,Notts County,Torquay United,2,1,3,3,3,1,1
1971,Oldham Athletic,Bolton Wanderers,2,2,3,3,4,0,0
1971,Oldham Athletic,Bristol Rovers,3,2,3,3,5,1,1
1971,Oldham Athletic,Shrewsbury Town,1,4,3,3,5,-3,0
1971,Oldham Athletic,Tranmere Rovers,3,1,3,3,4,2,1
1971,Plymouth Argyle,Bradford City,1,4,3,3,5,-3,0
1971,Port Vale,Blackburn Rovers,0,0,3,3,0,0,0
1971,Port Vale,Oldham Athletic,1,0,3,3,1,1,1
1971,Rochdale,Bolton Wanderers,2,2,3,3,4,0,0
1971,Rochdale,Shrewsbury Town,0,0,3,3,0,0,0
1971,Rochdale,York City,1,2,3,3,3,-1,0
1971,Rotherham United,Bradford City,2,0,3,3,2,2,1
1971,Rotherham United,Chesterfield,0,1,3,3,1,-1,0
1971,Rotherham United,Port Vale,3,0,3,3,3,3,1
1971,Rotherham United,Swansea City,4,0,3,3,4,4,1
1971,Shrewsbury Town,Blackburn Rovers,7,1,3,3,8,6,1
1971,Shrewsbury Town,Halifax Town,3,0,3,3,3,3,1
1971,Shrewsbury Town,Rochdale,2,1,3,3,3,1,1
1971,Shrewsbury Town,Wrexham,2,1,3,3,3,1,1
1971,Swansea City,Mansfield Town,1,1,3,3,2,0,0
1971,Swansea City,Rotherham United,0,2,3,3,2,-2,0
1971,Swansea City,Tranmere Rovers,1,1,3,3,2,0,0
1971,Swansea City,York City,2,1,3,3,3,1,1
1971,Torquay United,Barnsley,1,2,3,3,3,-1,0
1971,Torquay United,Chesterfield,3,2,3,3,5,1,1
1971,Torquay United,Notts County,1,1,3,3,2,0,0
1971,Torquay United,Port Vale,3,0,3,3,3,3,1
1971,Torquay United,Walsall,2,2,3,3,4,0,0
1971,Tranmere Rovers,AFC Bournemouth,1,2,3,3,3,-1,0
1971,Tranmere Rovers,Blackburn Rovers,1,3,3,3,4,-2,0
1971,Tranmere Rovers,Rochdale,2,0,3,3,2,2,1
1971,Tranmere Rovers,Swansea City,0,0,3,3,0,0,0
1971,Tranmere Rovers,Wrexham,2,1,3,3,3,1,1
1971,Walsall,Aston Villa,1,1,3,3,2,0,0
1971,Walsall,Bristol Rovers,2,0,3,3,2,2,1
1971,Walsall,Plymouth Argyle,1,0,3,3,1,1,1
1971,Walsall,Torquay United,1,0,3,3,1,1,1
1971,Wrexham,Chesterfield,2,0,3,3,2,2,1
1971,Wrexham,Notts County,1,1,3,3,2,0,0
1971,Wrexham,Port Vale,1,2,3,3,3,-1,0
1971,York City,Blackburn Rovers,0,1,3,3,1,-1,0
1971,York City,Oldham Athletic,0,0,3,3,0,0,0
1971,York City,Rochdale,2,0,3,3,2,2,1
1971,Aldershot,Chester,0,0,4,4,0,0,0
1971,Aldershot,Gillingham,0,2,4,4,2,-2,0
1971,Aldershot,Lincoln City,0,0,4,4,0,0,0
1971,Aldershot,Workington,2,2,4,4,4,0,0
1971,Barrow,Colchester United,2,2,4,4,4,0,0
1971,Barrow,Newport County,1,0,4,4,1,1,1
1971,Barrow,Reading,0,0,4,4,0,0,0
1971,Brentford,Crewe Alexandra,1,0,4,4,1,1,1
1971,Brentford,Northampton Town,6,1,4,4,7,5,1
1971,Brentford,Scunthorpe United,0,3,4,4,3,-3,0
1971,Bury,Barrow,4,0,4,4,4,4,1
1971,Bury,Darlington,3,2,4,4,5,1,1
1971,Bury,Gillingham,5,0,4,4,5,5,1
1971,Bury,Lincoln City,0,1,4,4,1,-1,0
1971,Bury,Peterborough United,1,1,4,4,2,0,0
1971,Bury,Southend United,2,0,4,4,2,2,1
1971,Bury,Workington,2,0,4,4,2,2,1
1971,Cambridge United,Newport County,0,1,4,4,1,-1,0
1971,Cambridge United,Southport,0,0,4,4,0,0,0
1971,Chester,Bury,2,0,4,4,2,2,1
1971,Chester,Crewe Alexandra,0,0,4,4,0,0,0
1971,Chester,Hartlepool United,4,0,4,4,4,4,1
1971,Colchester United,Barrow,0,1,4,4,1,-1,0
1971,Colchester United,Peterborough United,1,1,4,4,2,0,0
1971,Colchester United,Southend United,1,0,4,4,1,1,1
1971,Colchester United,Workington,1,0,4,4,1,1,1
1971,Crewe Alexandra,Brentford,2,1,4,4,3,1,1
1971,Crewe Alexandra,Doncaster Rovers,0,1,4,4,1,-1,0
1971,Crewe Alexandra,Grimsby Town,0,1,4,4,1,-1,0
1971,Darlington,Aldershot,4,2,4,4,6,2,1
1971,Darlington,Bury,0,0,4,4,0,0,0
1971,Darlington,Hartlepool United,1,2,4,4,3,-1,0
1971,Doncaster Rovers,Gillingham,1,1,4,4,2,0,0
1971,Doncaster Rovers,Lincoln City,2,0,4,4,2,2,1
1971,Doncaster Rovers,Peterborough United,3,2,4,4,5,1,1
1971,Exeter City,Brentford,0,1,4,4,1,-1,0
1971,Exeter City,Grimsby Town,3,4,4,4,7,-1,0
1971,Exeter City,Newport County,1,0,4,4,1,1,1
1971,Exeter City,Reading,0,0,4,4,0,0,0
1971,Exeter City,Southport,1,3,4,4,4,-2,0
1971,Grimsby Town,Cambridge United,2,1,4,4,3,1,1
1971,Grimsby Town,Peterborough United,3,2,4,4,5,1,1
1971,Grimsby Town,Southend United,4,1,4,4,5,3,1
1971,Grimsby Town,Workington,1,1,4,4,2,0,0
1971,Hartlepool United,Brentford,1,2,4,4,3,-1,0
1971,Hartlepool United,Gillingham,3,1,4,4,4,2,1
1971,Hartlepool United,Newport County,0,1,4,4,1,-1,0
1971,Hartlepool United,Reading,3,1,4,4,4,2,1
1971,Lincoln City,Bury,2,0,4,4,2,2,1
1971,Lincoln City,Doncaster Rovers,2,0,4,4,2,2,1
1971,Lincoln City,Grimsby Town,3,0,4,4,3,3,1
1971,Lincoln City,Northampton Town,2,0,4,4,2,2,1
1971,Lincoln City,Stockport County,2,1,4,4,3,1,1
1971,Newport County,Cambridge United,3,0,4,4,3,3,1
1971,Newport County,Crewe Alexandra,2,0,4,4,2,2,1
1971,Newport County,Exeter City,0,0,4,4,0,0,0
1971,Northampton Town,Chester,4,2,4,4,6,2,1
1971,Northampton Town,Darlington,1,2,4,4,3,-1,0
1971,Northampton Town,Gillingham,6,1,4,4,7,5,1
1971,Northampton Town,Lincoln City,2,3,4,4,5,-1,0
1971,Northampton Town,Reading,5,0,4,4,5,5,1
1971,Northampton Town,Southport,0,0,4,4,0,0,0
1971,Peterborough United,Aldershot,0,0,4,4,0,0,0
1971,Peterborough United,Doncaster Rovers,2,0,4,4,2,2,1
1971,Peterborough United,Newport County,3,1,4,4,4,2,1
1971,Reading,Cambridge United,1,0,4,4,1,1,1
1971,Reading,Exeter City,3,1,4,4,4,2,1
1971,Reading,Hartlepool United,3,0,4,4,3,3,1
1971,Reading,Northampton Town,2,1,4,4,3,1,1
1971,Reading,Southend United,1,4,4,4,5,-3,0
1971,Reading,Workington,0,0,4,4,0,0,0
1971,Scunthorpe United,Peterborough United,0,0,4,4,0,0,0
1971,Southend United,Colchester United,1,4,4,4,5,-3,0
1971,Southend United,Doncaster Rovers,2,1,4,4,3,1,1
1971,Southport,Barrow,1,0,4,4,1,1,1
1971,Southport,Crewe Alexandra,4,2,4,4,6,2,1
1971,Southport,Northampton Town,4,0,4,4,4,4,1
1971,Stockport County,Darlington,2,1,4,4,3,1,1
1971,Stockport County,Lincoln City,4,2,4,4,6,2,1
1971,Stockport County,Southend United,2,2,4,4,4,0,0
1971,Workington,Aldershot,5,0,4,4,5,5,1
1971,Workington,Grimsby Town,0,0,4,4,0,0,0
1971,Workington,Newport County,3,0,4,4,3,3,1
1972,Arsenal,Leeds United,2,1,1,1,3,1,1
1972,Arsenal,Norwich City,2,0,1,1,2,2,1
1972,Birmingham City,Leeds United,2,1,1,1,3,1,1
1972,Chelsea,Leeds United,4,0,1,1,4,4,1
1972,Chelsea,Manchester City,2,1,1,1,3,1,1
1972,Chelsea,Norwich City,3,1,1,1,4,2,1
1972,Coventry City,Derby County,0,2,1,1,2,-2,0
1972,Coventry City,Leeds United,0,1,1,1,1,-1,0
1972,Crystal Palace,Birmingham City,0,0,1,1,0,0,0
1972,Crystal Palace,Manchester City,1,0,1,1,1,1,1
1972,Crystal Palace,Norwich City,0,2,1,1,2,-2,0
1972,Crystal Palace,Stoke City,3,2,1,1,5,1,1
1972,Derby County,Crystal Palace,2,2,1,1,4,0,0
1972,Derby County,Leeds United,2,3,1,1,5,-1,0
1972,Derby County,Norwich City,1,0,1,1,1,1,1
1972,Derby County,West Ham United,1,1,1,1,2,0,0
1972,Everton,Birmingham City,1,1,1,1,2,0,0
1972,Everton,Crystal Palace,1,1,1,1,2,0,0
1972,Everton,Norwich City,2,2,1,1,4,0,0
1972,Everton,West Ham United,1,2,1,1,3,-1,0
1972,Ipswich Town,Manchester City,1,1,1,1,2,0,0
1972,Ipswich Town,Norwich City,1,2,1,1,3,-1,0
1972,Ipswich Town,Stoke City,2,0,1,1,2,2,1
1972,Ipswich Town,West Ham United,1,1,1,1,2,0,0
1972,Leeds United,Crystal Palace,4,0,1,1,4,4,1
1972,Leicester City,Birmingham City,0,1,1,1,1,-1,0
1972,Leicester City,Ipswich Town,1,1,1,1,2,0,0
1972,Leicester City,Manchester City,1,1,1,1,2,0,0
1972,Leicester City,West Ham United,2,1,1,1,3,1,1
1972,Liverpool,Birmingham City,4,3,1,1,7,1,1
1972,Liverpool,Ipswich Town,2,1,1,1,3,1,1
1972,Liverpool,Manchester City,2,0,1,1,2,2,1
1972,Liverpool,Stoke City,2,1,1,1,3,1,1
1972,Manchester City,Birmingham City,1,0,1,1,1,1,1
1972,Manchester City,Liverpool,1,1,1,1,2,0,0
1972,Manchester City,Stoke City,1,1,1,1,2,0,0
1972,Manchester City,West Ham United,4,3,1,1,7,1,1
1972,Manchester United,Ipswich Town,1,2,1,1,3,-1,0
1972,Manchester United,Norwich City,1,0,1,1,1,1,1
1972,Manchester United,Stoke City,0,2,1,1,2,-2,0
1972,Manchester United,West Ham United,2,2,1,1,4,0,0
1972,Newcastle United,Crystal Palace,2,0,1,1,2,2,1
1972,Newcastle United,Norwich City,3,1,1,1,4,2,1
1972,Norwich City,Birmingham City,1,2,1,1,3,-1,0
1972,Norwich City,Ipswich Town,0,0,1,1,0,0,0
1972,Norwich City,Liverpool,1,1,1,1,2,0,0
1972,Norwich City,Newcastle United,0,1,1,1,1,-1,0
1972,Norwich City,West Ham United,0,1,1,1,1,-1,0
1972,Sheffield United,Newcastle United,1,2,1,1,3,-1,0
1972,Southampton,Newcastle United,1,1,1,1,2,0,0
1972,Stoke City,Ipswich Town,1,0,1,1,1,1,1
1972,Stoke City,Liverpool,0,1,1,1,1,-1,0
1972,Stoke City,Newcastle United,2,0,1,1,2,2,1
1972,Stoke City,West Ham United,2,0,1,1,2,2,1
1972,Tottenham Hotspur,Birmingham City,2,0,1,1,2,2,1
1972,Tottenham Hotspur,Crystal Palace,2,1,1,1,3,1,1
1972,Tottenham Hotspur,Ipswich Town,0,1,1,1,1,-1,0
1972,Tottenham Hotspur,Liverpool,1,2,1,1,3,-1,0
1972,Tottenham Hotspur,Newcastle United,3,2,1,1,5,1,1
1972,Tottenham Hotspur,Southampton,1,2,1,1,3,-1,0
1972,Tottenham Hotspur,West Ham United,1,0,1,1,1,1,1
1972,West Bromwich Albion,Birmingham City,2,2,1,1,4,0,0
1972,West Bromwich Albion,Crystal Palace,0,4,1,1,4,-4,0
1972,West Bromwich Albion,Newcastle United,2,3,1,1,5,-1,0
1972,West Bromwich Albion,Southampton,1,1,1,1,2,0,0
1972,West Bromwich Albion,West Ham United,0,0,1,1,0,0,0
1972,West Ham United,Crystal Palace,4,0,1,1,4,4,1
1972,West Ham United,Newcastle United,1,1,1,1,2,0,0
1972,West Ham United,Southampton,4,3,1,1,7,1,1
1972,Wolverhampton Wanderers,Birmingham City,3,2,1,1,5,1,1
1972,Wolverhampton Wanderers,Southampton,0,1,1,1,1,-1,0
1972,Wolverhampton Wanderers,West Bromwich Albion,2,0,1,1,2,2,1
1972,Aston Villa,Brighton & Hove Albion,1,1,2,2,2,0,0
1972,Aston Villa,Luton Town,0,2,2,2,2,-2,0
1972,Aston Villa,Sunderland,2,0,2,2,2,2,1
1972,Blackpool,Cardiff City,1,0,2,2,1,1,1
1972,Blackpool,Nottingham Forest,2,0,2,2,2,2,1
1972,Brighton & Hove Albion,Blackpool,1,2,2,2,3,-1,0
1972,Brighton & Hove Albion,Huddersfield Town,2,1,2,2,3,1,1
1972,Brighton & Hove Albion,Nottingham Forest,2,2,2,2,4,0,0
1972,Brighton & Hove Albion,Sunderland,2,2,2,2,4,0,0
1972,Bristol City,Blackpool,3,0,2,2,3,3,1
1972,Bristol City,Cardiff City,1,0,2,2,1,1,1
1972,Bristol City,Huddersfield Town,0,0,2,2,0,0,0
1972,Bristol City,Preston North End,2,1,2,2,3,1,1
1972,Burnley,Blackpool,4,3,2,2,7,1,1
1972,Burnley,Cardiff City,3,0,2,2,3,3,1
1972,Burnley,Nottingham Forest,1,0,2,2,1,1,1
1972,Burnley,Preston North End,2,0,2,2,2,2,1
1972,Burnley,Sunderland,2,0,2,2,2,2,1
1972,Cardiff City,Blackpool,1,2,2,2,3,-1,0
1972,Cardiff City,Burnley,0,1,2,2,1,-1,0
1972,Cardiff City,Luton Town,2,1,2,2,3,1,1
1972,Cardiff City,Preston North End,3,0,2,2,3,3,1
1972,Cardiff City,Sunderland,1,1,2,2,2,0,0
1972,Carlisle United,Blackpool,2,3,2,2,5,-1,0
1972,Carlisle United,Burnley,1,1,2,2,2,0,0
1972,Carlisle United,Nottingham Forest,1,2,2,2,3,-1,0
1972,Carlisle United,Preston North End,6,1,2,2,7,5,1
1972,Carlisle United,Sunderland,4,3,2,2,7,1,1
1972,Fulham,Huddersfield Town,1,1,2,2,2,0,0
1972,Fulham,Nottingham Forest,3,1,2,2,4,2,1
1972,Fulham,Sunderland,1,2,2,2,3,-1,0
1972,Huddersfield Town,Blackpool,1,0,2,2,1,1,1
1972,Huddersfield Town,Luton Town,1,2,2,2,3,-1,0
1972,Huddersfield Town,Nottingham Forest,1,1,2,2,2,0,0
1972,Huddersfield Town,Preston North End,0,0,2,2,0,0,0
1972,Huddersfield Town,Sunderland,1,1,2,2,2,0,0
1972,Hull City,Burnley,1,1,2,2,2,0,0
1972,Hull City,Preston North End,6,2,2,2,8,4,1
1972,Hull City,Sunderland,0,2,2,2,2,-2,0
1972,Leyton Orient,Blackpool,2,0,2,2,2,2,1
1972,Leyton Orient,Burnley,1,1,2,2,2,0,0
1972,Leyton Orient,Fulham,3,2,2,2,5,1,1
1972,Leyton Orient,Luton Town,0,1,2,2,1,-1,0
1972,Leyton Orient,Nottingham Forest,3,0,2,2,3,3,1
1972,Luton Town,Leyton Orient,1,1,2,2,2,0,0
1972,Luton Town,Nottingham Forest,1,0,2,2,1,1,1
1972,Middlesbrough,Blackpool,2,0,2,2,2,2,1
1972,Middlesbrough,Burnley,3,3,2,2,6,0,0
1972,Middlesbrough,Leyton Orient,3,2,2,2,5,1,1
1972,Middlesbrough,Preston North End,0,0,2,2,0,0,0
1972,Middlesbrough,Sunderland,2,1,2,2,3,1,1
1972,Millwall,Blackpool,1,1,2,2,2,0,0
1972,Millwall,Fulham,1,3,2,2,4,-2,0
1972,Millwall,Leyton Orient,2,0,2,2,2,2,1
1972,Millwall,Sunderland,0,1,2,2,1,-1,0
1972,Nottingham Forest,Blackpool,4,0,2,2,4,4,1
1972,Nottingham Forest,Millwall,3,2,2,2,5,1,1
1972,Nottingham Forest,Sunderland,1,0,2,2,1,1,1
1972,Oxford United,Burnley,0,2,2,2,2,-2,0
1972,Oxford United,Sunderland,5,1,2,2,6,4,1
1972,Portsmouth,Fulham,1,2,2,2,3,-1,0
1972,Portsmouth,Millwall,1,1,2,2,2,0,0
1972,Portsmouth,Sunderland,2,3,2,2,5,-1,0
1972,Preston North End,Burnley,1,1,2,2,2,0,0
1972,Preston North End,Leyton Orient,0,0,2,2,0,0,0
1972,Preston North End,Millwall,1,0,2,2,1,1,1
1972,Preston North End,Portsmouth,0,5,2,2,5,-5,0
1972,Preston North End,Sunderland,1,3,2,2,4,-2,0
1972,Queens Park Rangers,Burnley,2,0,2,2,2,2,1
1972,Queens Park Rangers,Leyton Orient,3,1,2,2,4,2,1
1972,Queens Park Rangers,Portsmouth,5,0,2,2,5,5,1
1972,Queens Park Rangers,Sunderland,3,2,2,2,5,1,1
1972,Sheffield Wednesday,Blackpool,2,0,2,2,2,2,1
1972,Sheffield Wednesday,Burnley,0,1,2,2,1,-1,0
1972,Sheffield Wednesday,Fulham,3,0,2,2,3,3,1
1972,Sheffield Wednesday,Leyton Orient,2,0,2,2,2,2,1
1972,Sheffield Wednesday,Millwall,2,2,2,2,4,0,0
1972,Sunderland,Burnley,0,1,2,2,1,-1,0
1972,Sunderland,Fulham,0,0,2,2,0,0,0
1972,Sunderland,Millwall,2,0,2,2,2,2,1
1972,Swindon Town,Millwall,0,0,2,2,0,0,0
1972,Swindon Town,Portsmouth,1,1,2,2,2,0,0
1972,Swindon Town,Sheffield Wednesday,1,0,2,2,1,1,1
1972,AFC Bournemouth,Bolton Wanderers,2,0,3,3,2,2,1
1972,AFC Bournemouth,Halifax Town,1,0,3,3,1,1,1
1972,AFC Bournemouth,Rotherham United,4,0,3,3,4,4,1
1972,Blackburn Rovers,Brentford,2,1,3,3,3,1,1
1972,Blackburn Rovers,Chesterfield,0,1,3,3,1,-1,0
1972,Blackburn Rovers,Port Vale,0,1,3,3,1,-1,0
1972,Blackburn Rovers,Scunthorpe United,3,0,3,3,3,3,1
1972,Blackburn Rovers,Swansea City,3,0,3,3,3,3,1
1972,Bolton Wanderers,AFC Bournemouth,3,0,3,3,3,3,1
1972,Bolton Wanderers,Bristol Rovers,2,0,3,3,2,2,1
1972,Bolton Wanderers,Oldham Athletic,2,1,3,3,3,1,1
1972,Bolton Wanderers,Rochdale,2,1,3,3,3,1,1
1972,Bolton Wanderers,Shrewsbury Town,2,0,3,3,2,2,1
1972,Bolton Wanderers,Tranmere Rovers,2,0,3,3,2,2,1
1972,Brentford,Charlton Athletic,1,0,3,3,1,1,1
1972,Brentford,Walsall,2,0,3,3,2,2,1
1972,Bristol Rovers,Bolton Wanderers,1,1,3,3,2,0,0
1972,Bristol Rovers,Chesterfield,2,2,3,3,4,0,0
1972,Bristol Rovers,Port Vale,4,1,3,3,5,3,1
1972,Charlton Athletic,Brentford,2,1,3,3,3,1,1
1972,Charlton Athletic,Tranmere Rovers,1,1,3,3,2,0,0
1972,Chesterfield,Blackburn Rovers,3,1,3,3,4,2,1
1972,Chesterfield,Rotherham United,3,2,3,3,5,1,1
1972,Chesterfield,Southend United,2,4,3,3,6,-2,0
1972,Chesterfield,Walsall,3,0,3,3,3,3,1
1972,Chesterfield,York City,0,0,3,3,0,0,0
1972,Grimsby Town,Charlton Athletic,0,2,3,3,2,-2,0
1972,Grimsby Town,Notts County,3,1,3,3,4,2,1
1972,Grimsby Town,Port Vale,0,1,3,3,1,-1,0
1972,Grimsby Town,Scunthorpe United,1,0,3,3,1,1,1
1972,Grimsby Town,Swansea City,2,0,3,3,2,2,1
1972,Grimsby Town,Watford,2,0,3,3,2,2,1
1972,Halifax Town,Brentford,3,2,3,3,5,1,1
1972,Halifax Town,Chesterfield,0,1,3,3,1,-1,0
1972,Halifax Town,Oldham Athletic,0,3,3,3,3,-3,0
1972,Halifax Town,Shrewsbury Town,0,1,3,3,1,-1,0
1972,Halifax Town,Tranmere Rovers,2,1,3,3,3,1,1
1972,Notts County,Southend United,2,0,3,3,2,2,1
1972,Oldham Athletic,Scunthorpe United,3,0,3,3,3,3,1
1972,Plymouth Argyle,Brentford,0,1,3,3,1,-1,0
1972,Plymouth Argyle,Chesterfield,2,2,3,3,4,0,0
1972,Plymouth Argyle,Notts County,1,4,3,3,5,-3,0
1972,Plymouth Argyle,Wrexham,1,0,3,3,1,1,1
1972,Port Vale,Blackburn Rovers,2,1,3,3,3,1,1
1972,Port Vale,Grimsby Town,3,0,3,3,3,3,1
1972,Port Vale,Oldham Athletic,0,2,3,3,2,-2,0
1972,Port Vale,Rotherham United,4,1,3,3,5,3,1
1972,Port Vale,Southend United,3,1,3,3,4,2,1
1972,Port Vale,York City,2,1,3,3,3,1,1
1972,Rochdale,Bolton Wanderers,2,2,3,3,4,0,0
1972,Rochdale,Charlton Athletic,0,2,3,3,2,-2,0
1972,Rochdale,Halifax Town,0,0,3,3,0,0,0
1972,Rochdale,Plymouth Argyle,0,6,3,3,6,-6,0
1972,Rochdale,Watford,1,0,3,3,1,1,1
1972,Rotherham United,AFC Bournemouth,2,7,3,3,9,-5,0
1972,Rotherham United,Brentford,2,1,3,3,3,1,1
1972,Rotherham United,Notts County,1,4,3,3,5,-3,0
1972,Rotherham United,Wrexham,1,1,3,3,2,0,0
1972,Scunthorpe United,Oldham Athletic,0,0,3,3,0,0,0
1972,Scunthorpe United,Southend United,0,0,3,3,0,0,0
1972,Scunthorpe United,Walsall,2,1,3,3,3,1,1
1972,Scunthorpe United,York City,1,0,3,3,1,1,1
1972,Shrewsbury Town,Rotherham United,1,1,3,3,2,0,0
1972,Shrewsbury Town,Swansea City,2,1,3,3,3,1,1
1972,Southend United,Chesterfield,5,1,3,3,6,4,1
1972,Southend United,Notts County,2,1,3,3,3,1,1
1972,Southend United,Tranmere Rovers,1,0,3,3,1,1,1
1972,Swansea City,Blackburn Rovers,2,2,3,3,4,0,0
1972,Swansea City,Bristol Rovers,0,2,3,3,2,-2,0
1972,Swansea City,Oldham Athletic,0,0,3,3,0,0,0
1972,Swansea City,Shrewsbury Town,0,2,3,3,2,-2,0
1972,Tranmere Rovers,Bolton Wanderers,1,1,3,3,2,0,0
1972,Tranmere Rovers,Plymouth Argyle,2,2,3,3,4,0,0
1972,Tranmere Rovers,Rotherham United,2,0,3,3,2,2,1
1972,Walsall,Brentford,3,0,3,3,3,3,1
1972,Walsall,Notts County,1,3,3,3,4,-2,0
1972,Walsall,Scunthorpe United,1,1,3,3,2,0,0
1972,Walsall,Wrexham,2,0,3,3,2,2,1
1972,Watford,Bristol Rovers,2,1,3,3,3,1,1
1972,Watford,Oldham Athletic,2,1,3,3,3,1,1
1972,Watford,Rochdale,0,0,3,3,0,0,0
1972,Wrexham,Southend United,4,2,3,3,6,2,1
1972,York City,AFC Bournemouth,0,0,3,3,0,0,0
1972,York City,Brentford,0,1,3,3,1,-1,0
1972,York City,Notts County,1,1,3,3,2,0,0
1972,York City,Port Vale,0,0,3,3,0,0,0
1972,York City,Watford,0,0,3,3,0,0,0
1972,Aldershot,Bradford City,2,1,4,4,3,1,1
1972,Aldershot,Lincoln City,0,0,4,4,0,0,0
1972,Aldershot,Northampton Town,3,0,4,4,3,3,1
1972,Aldershot,Workington,2,0,4,4,2,2,1
1972,Barnsley,Bury,0,1,4,4,1,-1,0
1972,Barnsley,Colchester United,4,0,4,4,4,4,1
1972,Barnsley,Hartlepool United,2,1,4,4,3,1,1
1972,Barnsley,Stockport County,1,3,4,4,4,-2,0
1972,Bradford City,Cambridge United,0,1,4,4,1,-1,0
1972,Bradford City,Crewe Alexandra,2,2,4,4,4,0,0
1972,Bradford City,Newport County,2,1,4,4,3,1,1
1972,Bradford City,Reading,1,1,4,4,2,0,0
1972,Bury,Barnsley,2,1,4,4,3,1,1
1972,Bury,Gillingham,2,1,4,4,3,1,1
1972,Bury,Southport,0,1,4,4,1,-1,0
1972,Bury,Workington,3,0,4,4,3,3,1
1972,Cambridge United,Bradford City,2,1,4,4,3,1,1
1972,Cambridge United,Colchester United,3,0,4,4,3,3,1
1972,Cambridge United,Hartlepool United,1,1,4,4,2,0,0
1972,Chester,Aldershot,0,0,4,4,0,0,0
1972,Chester,Exeter City,0,1,4,4,1,-1,0
1972,Chester,Newport County,0,2,4,4,2,-2,0
1972,Chester,Reading,2,0,4,4,2,2,1
1972,Chester,Torquay United,1,2,4,4,3,-1,0
1972,Colchester United,Cambridge United,0,1,4,4,1,-1,0
1972,Colchester United,Darlington,1,0,4,4,1,1,1
1972,Colchester United,Gillingham,4,0,4,4,4,4,1
1972,Colchester United,Lincoln City,0,2,4,4,2,-2,0
1972,Colchester United,Northampton Town,2,2,4,4,4,0,0
1972,Colchester United,Workington,1,1,4,4,2,0,0
1972,Crewe Alexandra,Bradford City,1,2,4,4,3,-1,0
1972,Crewe Alexandra,Chester,1,1,4,4,2,0,0
1972,Crewe Alexandra,Doncaster Rovers,0,1,4,4,1,-1,0
1972,Crewe Alexandra,Hartlepool United,2,0,4,4,2,2,1
1972,Crewe Alexandra,Peterborough United,0,2,4,4,2,-2,0
1972,Darlington,Bury,1,1,4,4,2,0,0
1972,Darlington,Hereford United,2,2,4,4,4,0,0
1972,Darlington,Newport County,2,3,4,4,5,-1,0
1972,Darlington,Reading,0,2,4,4,2,-2,0
1972,Doncaster Rovers,Barnsley,0,0,4,4,0,0,0
1972,Doncaster Rovers,Gillingham,0,1,4,4,1,-1,0
1972,Doncaster Rovers,Northampton Town,3,0,4,4,3,3,1
1972,Doncaster Rovers,Southport,2,0,4,4,2,2,1
1972,Doncaster Rovers,Workington,1,1,4,4,2,0,0
1972,Exeter City,Darlington,1,1,4,4,2,0,0
1972,Exeter City,Hartlepool United,1,1,4,4,2,0,0
1972,Exeter City,Peterborough United,1,1,4,4,2,0,0
1972,Exeter City,Stockport County,3,0,4,4,3,3,1
1972,Gillingham,Doncaster Rovers,3,0,4,4,3,3,1
1972,Gillingham,Hereford United,2,0,4,4,2,2,1
1972,Gillingham,Reading,1,0,4,4,1,1,1
1972,Hartlepool United,Barnsley,1,4,4,4,5,-3,0
1972,Hartlepool United,Cambridge United,0,0,4,4,0,0,0
1972,Hartlepool United,Southport,0,2,4,4,2,-2,0
1972,Hereford United,Darlington,1,0,4,4,1,1,1
1972,Hereford United,Gillingham,0,0,4,4,0,0,0
1972,Lincoln City,Aldershot,0,2,4,4,2,-2,0
1972,Lincoln City,Doncaster Rovers,2,1,4,4,3,1,1
1972,Mansfield Town,Barnsley,3,1,4,4,4,2,1
1972,Mansfield Town,Crewe Alexandra,5,1,4,4,6,4,1
1972,Mansfield Town,Exeter City,3,0,4,4,3,3,1
1972,Mansfield Town,Hereford United,1,1,4,4,2,0,0
1972,Mansfield Town,Northampton Town,1,0,4,4,1,1,1
1972,Newport County,Chester,3,2,4,4,5,1,1
1972,Newport County,Darlington,0,0,4,4,0,0,0
1972,Newport County,Lincoln City,2,2,4,4,4,0,0
1972,Newport County,Peterborough United,1,1,4,4,2,0,0
1972,Newport County,Stockport County,1,0,4,4,1,1,1
1972,Northampton Town,Aldershot,0,2,4,4,2,-2,0
1972,Northampton Town,Colchester United,4,0,4,4,4,4,1
1972,Northampton Town,Hartlepool United,3,1,4,4,4,2,1
1972,Northampton Town,Mansfield Town,1,0,4,4,1,1,1
1972,Northampton Town,Torquay United,0,2,4,4,2,-2,0
1972,Peterborough United,Barnsley,6,3,4,4,9,3,1
1972,Peterborough United,Cambridge United,1,1,4,4,2,0,0
1972,Reading,Bradford City,2,0,4,4,2,2,1
1972,Reading,Darlington,1,0,4,4,1,1,1
1972,Reading,Lincoln City,1,1,4,4,2,0,0
1972,Reading,Northampton Town,3,0,4,4,3,3,1
1972,Southport,Aldershot,3,1,4,4,4,2,1
1972,Southport,Bury,2,1,4,4,3,1,1
1972,Southport,Colchester United,1,0,4,4,1,1,1
1972,Southport,Torquay United,2,1,4,4,3,1,1
1972,Stockport County,Barnsley,2,0,4,4,2,2,1
1972,Stockport County,Cambridge United,2,2,4,4,4,0,0
1972,Stockport County,Reading,2,2,4,4,4,0,0
1972,Stockport County,Workington,3,0,4,4,3,3,1
1972,Torquay United,Darlington,2,1,4,4,3,1,1
1972,Torquay United,Gillingham,0,0,4,4,0,0,0
1972,Torquay United,Northampton Town,2,1,4,4,3,1,1
1972,Torquay United,Southport,2,0,4,4,2,2,1
1972,Workington,Aldershot,2,1,4,4,3,1,1
1972,Workington,Bury,2,0,4,4,2,2,1
1972,Workington,Mansfield Town,2,0,4,4,2,2,1
1972,Workington,Stockport County,2,0,4,4,2,2,1
1973,Arsenal,Burnley,1,1,1,1,2,0,0
1973,Arsenal,Derby County,2,0,1,1,2,2,1
1973,Arsenal,Leeds United,1,2,1,1,3,-1,0
1973,Arsenal,Manchester City,2,0,1,1,2,2,1
1973,Arsenal,Norwich City,2,0,1,1,2,2,1
1973,Arsenal,West Ham United,0,0,1,1,0,0,0
1973,Birmingham City,Burnley,2,2,1,1,4,0,0
1973,Birmingham City,Derby County,0,0,1,1,0,0,0
1973,Birmingham City,Leeds United,1,1,1,1,2,0,0
1973,Birmingham City,Southampton,1,1,1,1,2,0,0
1973,Birmingham City,West Ham United,3,1,1,1,4,2,1
1973,Burnley,Birmingham City,2,1,1,1,3,1,1
1973,Burnley,Derby County,1,1,1,1,2,0,0
1973,Burnley,Manchester City,3,0,1,1,3,3,1
1973,Burnley,Southampton,3,0,1,1,3,3,1
1973,Burnley,West Ham United,1,1,1,1,2,0,0
1973,Chelsea,Derby County,1,1,1,1,2,0,0
1973,Chelsea,Leeds United,1,2,1,1,3,-1,0
1973,Chelsea,Southampton,4,0,1,1,4,4,1
1973,Coventry City,Birmingham City,0,1,1,1,1,-1,0
1973,Coventry City,Derby County,1,0,1,1,1,1,1
1973,Coventry City,Manchester City,2,1,1,1,3,1,1
1973,Coventry City,West Ham United,0,1,1,1,1,-1,0
1973,Derby County,Birmingham City,1,1,1,1,2,0,0
1973,Derby County,Coventry City,1,0,1,1,1,1,1
1973,Derby County,Leeds United,0,0,1,1,0,0,0
1973,Derby County,Norwich City,1,1,1,1,2,0,0
1973,Derby County,West Ham United,1,1,1,1,2,0,0
1973,Everton,Coventry City,1,0,1,1,1,1,1
1973,Everton,Manchester City,2,0,1,1,2,2,1
1973,Everton,Norwich City,4,1,1,1,5,3,1
1973,Ipswich Town,Coventry City,3,0,1,1,3,3,1
1973,Ipswich Town,Leeds United,0,3,1,1,3,-3,0
1973,Ipswich Town,Norwich City,1,1,1,1,2,0,0
1973,Ipswich Town,West Ham United,1,3,1,1,4,-2,0
1973,Leeds United,Birmingham City,3,0,1,1,3,3,1
1973,Leeds United,Manchester City,1,0,1,1,1,1,1
1973,Leeds United,Norwich City,1,0,1,1,1,1,1
1973,Leeds United,Southampton,2,1,1,1,3,1,1
1973,Leeds United,West Ham United,4,1,1,1,5,3,1
1973,Leicester City,Birmingham City,3,3,1,1,6,0,0
1973,Leicester City,Coventry City,0,2,1,1,2,-2,0
1973,Leicester City,Manchester City,1,1,1,1,2,0,0
1973,Leicester City,Norwich City,3,0,1,1,3,3,1
1973,Liverpool,Ipswich Town,4,2,1,1,6,2,1
1973,Liverpool,Manchester City,4,0,1,1,4,4,1
1973,Liverpool,Norwich City,1,0,1,1,1,1,1
1973,Liverpool,Southampton,1,0,1,1,1,1,1
1973,Manchester City,Birmingham City,3,1,1,1,4,2,1
1973,Manchester City,Coventry City,1,0,1,1,1,1,1
1973,Manchester City,Ipswich Town,1,3,1,1,4,-2,0
1973,Manchester City,Liverpool,1,1,1,1,2,0,0
1973,Manchester City,Southampton,1,1,1,1,2,0,0
1973,Manchester United,Coventry City,2,3,1,1,5,-1,0
1973,Manchester United,Norwich City,0,0,1,1,0,0,0
1973,Manchester United,Southampton,0,0,1,1,0,0,0
1973,Manchester United,West Ham United,3,1,1,1,4,2,1
1973,Newcastle United,Coventry City,5,1,1,1,6,4,1
1973,Newcastle United,West Ham United,1,1,1,1,2,0,0
1973,Norwich City,Birmingham City,2,1,1,1,3,1,1
1973,Norwich City,Liverpool,1,1,1,1,2,0,0
1973,Norwich City,West Ham United,2,2,1,1,4,0,0
1973,Queens Park Rangers,Ipswich Town,0,1,1,1,1,-1,0
1973,Queens Park Rangers,Newcastle United,3,2,1,1,5,1,1
1973,Queens Park Rangers,West Ham United,0,0,1,1,0,0,0
1973,Sheffield United,Birmingham City,1,1,1,1,2,0,0
1973,Sheffield United,Ipswich Town,0,3,1,1,3,-3,0
1973,Sheffield United,Liverpool,1,0,1,1,1,1,1
1973,Sheffield United,Newcastle United,1,1,1,1,2,0,0
1973,Southampton,Coventry City,1,1,1,1,2,0,0
1973,Southampton,Ipswich Town,2,0,1,1,2,2,1
1973,Stoke City,Coventry City,3,0,1,1,3,3,1
1973,Stoke City,Liverpool,1,1,1,1,2,0,0
1973,Tottenham Hotspur,Coventry City,2,1,1,1,3,1,1
1973,Tottenham Hotspur,Newcastle United,0,2,1,1,2,-2,0
1973,West Ham United,Birmingham City,0,0,1,1,0,0,0
1973,West Ham United,Coventry City,2,3,1,1,5,-1,0
1973,West Ham United,Liverpool,2,2,1,1,4,0,0
1973,West Ham United,Newcastle United,1,2,1,1,3,-1,0
1973,West Ham United,Tottenham Hotspur,0,1,1,1,1,-1,0
1973,Wolverhampton Wanderers,Birmingham City,1,0,1,1,1,1,1
1973,Wolverhampton Wanderers,Liverpool,0,1,1,1,1,-1,0
1973,Wolverhampton Wanderers,Tottenham Hotspur,1,1,1,1,2,0,0
1973,Aston Villa,Hull City,1,1,2,2,2,0,0
1973,Aston Villa,Notts County,1,1,2,2,2,0,0
1973,Aston Villa,Preston North End,2,0,2,2,2,2,1
1973,Blackpool,Bolton Wanderers,0,2,2,2,2,-2,0
1973,Blackpool,Hull City,1,2,2,2,3,-1,0
1973,Blackpool,Middlesbrough,0,0,2,2,0,0,0
1973,Blackpool,Swindon Town,2,0,2,2,2,2,1
1973,Bolton Wanderers,Blackpool,1,1,2,2,2,0,0
1973,Bolton Wanderers,Carlisle United,2,0,2,2,2,2,1
1973,Bolton Wanderers,Preston North End,0,2,2,2,2,-2,0
1973,Bolton Wanderers,Swindon Town,2,0,2,2,2,2,1
1973,Bristol City,Blackpool,0,1,2,2,1,-1,0
1973,Bristol City,Preston North End,0,0,2,2,0,0,0
1973,Cardiff City,Carlisle United,2,2,2,2,4,0,0
1973,Cardiff City,Hull City,1,3,2,2,4,-2,0
1973,Cardiff City,Middlesbrough,3,2,2,2,5,1,1
1973,Cardiff City,Preston North End,2,0,2,2,2,2,1
1973,Cardiff City,Swindon Town,2,1,2,2,3,1,1
1973,Carlisle United,Blackpool,2,3,2,2,5,-1,0
1973,Carlisle United,Hull City,4,0,2,2,4,4,1
1973,Carlisle United,Notts County,3,0,2,2,3,3,1
1973,Carlisle United,Swindon Town,5,1,2,2,6,4,1
1973,Crystal Palace,Middlesbrough,2,3,2,2,5,-1,0
1973,Crystal Palace,Notts County,1,4,2,2,5,-3,0
1973,Crystal Palace,Preston North End,2,0,2,2,2,2,1
1973,Crystal Palace,Swindon Town,4,2,2,2,6,2,1
1973,Fulham,Blackpool,0,0,2,2,0,0,0
1973,Fulham,Cardiff City,0,1,2,2,1,-1,0
1973,Fulham,Hull City,0,0,2,2,0,0,0
1973,Fulham,Middlesbrough,0,4,2,2,4,-4,0
1973,Fulham,Preston North End,0,0,2,2,0,0,0
1973,Fulham,Swindon Town,4,1,2,2,5,3,1
1973,Hull City,Blackpool,1,0,2,2,1,1,1
1973,Hull City,Cardiff City,1,1,2,2,2,0,0
1973,Hull City,Fulham,2,0,2,2,2,2,1
1973,Hull City,Notts County,1,0,2,2,1,1,1
1973,Hull City,Preston North End,1,0,2,2,1,1,1
1973,Leyton Orient,Blackpool,3,2,2,2,5,1,1
1973,Leyton Orient,Preston North End,2,2,2,2,4,0,0
1973,Luton Town,Cardiff City,1,0,2,2,1,1,1
1973,Luton Town,Fulham,1,1,2,2,2,0,0
1973,Luton Town,Notts County,1,1,2,2,2,0,0
1973,Luton Town,Swindon Town,2,1,2,2,3,1,1
1973,Middlesbrough,Cardiff City,3,0,2,2,3,3,1
1973,Middlesbrough,Fulham,0,2,2,2,2,-2,0
1973,Middlesbrough,Luton Town,2,1,2,2,3,1,1
1973,Middlesbrough,Preston North End,3,0,2,2,3,3,1
1973,Millwall,Blackpool,2,2,2,2,4,0,0
1973,Millwall,Luton Town,0,1,2,2,1,-1,0
1973,Millwall,Notts County,0,0,2,2,0,0,0
1973,Millwall,Preston North End,5,1,2,2,6,4,1
1973,Nottingham Forest,Blackpool,2,0,2,2,2,2,1
1973,Nottingham Forest,Notts County,0,0,2,2,0,0,0
1973,Nottingham Forest,Swindon Town,2,0,2,2,2,2,1
1973,Notts County,Fulham,2,1,2,2,3,1,1
1973,Notts County,Luton Town,1,1,2,2,2,0,0
1973,Oxford United,Blackpool,2,2,2,2,4,0,0
1973,Oxford United,Fulham,0,0,2,2,0,0,0
1973,Oxford United,Luton Town,1,1,2,2,2,0,0
1973,Oxford United,Preston North End,1,1,2,2,2,0,0
1973,Portsmouth,Fulham,3,0,2,2,3,3,1
1973,Preston North End,Swindon Town,1,1,2,2,2,0,0
1973,Sheffield Wednesday,Cardiff City,5,0,2,2,5,5,1
1973,Sheffield Wednesday,Fulham,0,3,2,2,3,-3,0
1973,Sheffield Wednesday,Luton Town,2,2,2,2,4,0,0
1973,Sheffield Wednesday,Portsmouth,1,2,2,2,3,-1,0
1973,Sunderland,Blackpool,2,1,2,2,3,1,1
1973,Sunderland,Fulham,1,0,2,2,1,1,1
1973,Sunderland,Portsmouth,3,0,2,2,3,3,1
1973,Swindon Town,Blackpool,1,0,2,2,1,1,1
1973,Swindon Town,Fulham,1,1,2,2,2,0,0
1973,Swindon Town,Luton Town,0,2,2,2,2,-2,0
1973,Swindon Town,Portsmouth,1,2,2,2,3,-1,0
1973,West Bromwich Albion,Blackpool,1,1,2,2,2,0,0
1973,West Bromwich Albion,Cardiff City,2,2,2,2,4,0,0
1973,AFC Bournemouth,Blackburn Rovers,1,2,3,3,3,-1,0
1973,AFC Bournemouth,Huddersfield Town,1,0,3,3,1,1,1
1973,AFC Bournemouth,Port Vale,2,2,3,3,4,0,0
1973,AFC Bournemouth,Southend United,1,3,3,3,4,-2,0
1973,AFC Bournemouth,Walsall,1,0,3,3,1,1,1
1973,Aldershot,Brighton & Hove Albion,0,1,3,3,1,-1,0
1973,Aldershot,Charlton Athletic,2,1,3,3,3,1,1
1973,Aldershot,Halifax Town,2,1,3,3,3,1,1
1973,Aldershot,Oldham Athletic,0,1,3,3,1,-1,0
1973,Aldershot,Rochdale,4,0,3,3,4,4,1
1973,Aldershot,Southport,4,0,3,3,4,4,1
1973,Blackburn Rovers,Bristol Rovers,0,2,3,3,2,-2,0
1973,Blackburn Rovers,Hereford United,1,2,3,3,3,-1,0
1973,Blackburn Rovers,Plymouth Argyle,2,0,3,3,2,2,1
1973,Brighton & Hove Albion,Aldershot,0,1,3,3,1,-1,0
1973,Brighton & Hove Albion,Cambridge United,4,1,3,3,5,3,1
1973,Brighton & Hove Albion,Huddersfield Town,1,2,3,3,3,-1,0
1973,Brighton & Hove Albion,Port Vale,2,1,3,3,3,1,1
1973,Brighton & Hove Albion,Southend United,0,2,3,3,2,-2,0
1973,Bristol Rovers,Charlton Athletic,2,1,3,3,3,1,1
1973,Bristol Rovers,Watford,1,0,3,3,1,1,1
1973,Cambridge United,AFC Bournemouth,2,1,3,3,3,1,1
1973,Cambridge United,Hereford United,2,0,3,3,2,2,1
1973,Cambridge United,Plymouth Argyle,3,1,3,3,4,2,1
1973,Cambridge United,Tranmere Rovers,1,0,3,3,1,1,1
1973,Cambridge United,Wrexham,2,1,3,3,3,1,1
1973,Charlton Athletic,Aldershot,2,0,3,3,2,2,1
1973,Charlton Athletic,Huddersfield Town,2,1,3,3,3,1,1
1973,Charlton Athletic,Walsall,0,1,3,3,1,-1,0
1973,Chesterfield,Blackburn Rovers,3,0,3,3,3,3,1
1973,Chesterfield,Oldham Athletic,1,0,3,3,1,1,1
1973,Chesterfield,Rochdale,1,0,3,3,1,1,1
1973,Chesterfield,Watford,3,1,3,3,4,2,1
1973,Grimsby Town,Brighton & Hove Albion,0,0,3,3,0,0,0
1973,Grimsby Town,Shrewsbury Town,1,2,3,3,3,-1,0
1973,Grimsby Town,Wrexham,1,1,3,3,2,0,0
1973,Halifax Town,Aldershot,0,0,3,3,0,0,0
1973,Halifax Town,Bristol Rovers,0,0,3,3,0,0,0
1973,Halifax Town,Southend United,0,0,3,3,0,0,0
1973,Hereford United,Cambridge United,0,0,3,3,0,0,0
1973,Hereford United,Oldham Athletic,3,4,3,3,7,-1,0
1973,Hereford United,Rochdale,2,1,3,3,3,1,1
1973,Hereford United,Southport,3,0,3,3,3,3,1
1973,Huddersfield Town,AFC Bournemouth,1,1,3,3,2,0,0
1973,Huddersfield Town,Halifax Town,4,0,3,3,4,4,1
1973,Huddersfield Town,Shrewsbury Town,1,0,3,3,1,1,1
1973,Oldham Athletic,Aldershot,2,0,3,3,2,2,1
1973,Oldham Athletic,Bristol Rovers,1,1,3,3,2,0,0
1973,Oldham Athletic,Hereford United,1,1,3,3,2,0,0
1973,Oldham Athletic,Southend United,2,0,3,3,2,2,1
1973,Oldham Athletic,Walsall,2,1,3,3,3,1,1
1973,Oldham Athletic,York City,2,1,3,3,3,1,1
1973,Plymouth Argyle,Blackburn Rovers,2,1,3,3,3,1,1
1973,Plymouth Argyle,Grimsby Town,1,0,3,3,1,1,1
1973,Plymouth Argyle,Rochdale,5,0,3,3,5,5,1
1973,Plymouth Argyle,Southport,4,1,3,3,5,3,1
1973,Plymouth Argyle,Watford,2,0,3,3,2,2,1
1973,Port Vale,Oldham Athletic,3,0,3,3,3,3,1
1973,Port Vale,Shrewsbury Town,3,0,3,3,3,3,1
1973,Port Vale,Tranmere Rovers,1,0,3,3,1,1,1
1973,Rochdale,Chesterfield,1,2,3,3,3,-1,0
1973,Rochdale,Walsall,0,1,3,3,1,-1,0
1973,Shrewsbury Town,Cambridge United,2,0,3,3,2,2,1
1973,Shrewsbury Town,Grimsby Town,1,1,3,3,2,0,0
1973,Shrewsbury Town,Huddersfield Town,3,0,3,3,3,3,1
1973,Shrewsbury Town,Watford,3,2,3,3,5,1,1
1973,Southend United,Wrexham,1,1,3,3,2,0,0
1973,Southport,Aldershot,3,0,3,3,3,3,1
1973,Southport,Bristol Rovers,1,0,3,3,1,1,1
1973,Southport,Walsall,1,1,3,3,2,0,0
1973,Tranmere Rovers,Cambridge United,5,2,3,3,7,3,1
1973,Tranmere Rovers,Grimsby Town,0,0,3,3,0,0,0
1973,Tranmere Rovers,Huddersfield Town,1,1,3,3,2,0,0
1973,Tranmere Rovers,Port Vale,3,0,3,3,3,3,1
1973,Walsall,Brighton & Hove Albion,0,1,3,3,1,-1,0
1973,Walsall,Halifax Town,2,2,3,3,4,0,0
1973,Walsall,Oldham Athletic,1,1,3,3,2,0,0
1973,Walsall,Rochdale,0,0,3,3,0,0,0
1973,Walsall,Southport,2,0,3,3,2,2,1
1973,Walsall,Wrexham,3,0,3,3,3,3,1
1973,Watford,Chesterfield,2,1,3,3,3,1,1
1973,Watford,Shrewsbury Town,1,0,3,3,1,1,1
1973,Watford,Tranmere Rovers,4,2,3,3,6,2,1
1973,Wrexham,Blackburn Rovers,2,2,3,3,4,0,0
1973,Wrexham,Cambridge United,2,1,3,3,3,1,1
1973,Wrexham,Grimsby Town,1,1,3,3,2,0,0
1973,Wrexham,Huddersfield Town,0,0,3,3,0,0,0
1973,York City,Brighton & Hove Albion,3,0,3,3,3,3,1
1973,York City,Halifax Town,1,1,3,3,2,0,0
1973,York City,Oldham Athletic,1,1,3,3,2,0,0
1973,York City,Rochdale,2,1,3,3,3,1,1
1973,Barnsley,Brentford,2,1,4,4,3,1,1
1973,Barnsley,Colchester United,0,1,4,4,1,-1,0
1973,Bradford City,Bury,4,2,4,4,6,2,1
1973,Bradford City,Crewe Alexandra,0,1,4,4,1,-1,0
1973,Bradford City,Exeter City,1,0,4,4,1,1,1
1973,Bradford City,Lincoln City,4,0,4,4,4,4,1
1973,Bradford City,Rotherham United,2,1,4,4,3,1,1
1973,Brentford,Chester,3,0,4,4,3,3,1
1973,Brentford,Darlington,0,0,4,4,0,0,0
1973,Brentford,Torquay United,0,0,4,4,0,0,0
1973,Bury,Bradford City,3,0,4,4,3,3,1
1973,Bury,Colchester United,2,0,4,4,2,2,1
1973,Bury,Hartlepool United,1,0,4,4,1,1,1
1973,Bury,Workington,3,1,4,4,4,2,1
1973,Chester,Brentford,0,0,4,4,0,0,0
1973,Chester,Crewe Alexandra,1,0,4,4,1,1,1
1973,Chester,Exeter City,0,1,4,4,1,-1,0
1973,Chester,Rotherham United,1,0,4,4,1,1,1
1973,Colchester United,Bury,1,1,4,4,2,0,0
1973,Colchester United,Gillingham,0,2,4,4,2,-2,0
1973,Colchester United,Mansfield Town,1,0,4,4,1,1,1
1973,Crewe Alexandra,Chester,1,0,4,4,1,1,1
1973,Crewe Alexandra,Hartlepool United,1,3,4,4,4,-2,0
1973,Crewe Alexandra,Reading,2,1,4,4,3,1,1
1973,Darlington,Brentford,1,2,4,4,3,-1,0
1973,Darlington,Exeter City,1,0,4,4,1,1,1
1973,Darlington,Rotherham United,1,1,4,4,2,0,0
1973,Darlington,Swansea City,1,1,4,4,2,0,0
1973,Doncaster Rovers,Barnsley,1,0,4,4,1,1,1
1973,Doncaster Rovers,Bury,1,1,4,4,2,0,0
1973,Doncaster Rovers,Gillingham,1,2,4,4,3,-1,0
1973,Doncaster Rovers,Mansfield Town,0,0,4,4,0,0,0
1973,Doncaster Rovers,Peterborough United,3,1,4,4,4,2,1
1973,Doncaster Rovers,Torquay United,0,1,4,4,1,-1,0
1973,Exeter City,Bradford City,0,0,4,4,0,0,0
1973,Exeter City,Chester,2,1,4,4,3,1,1
1973,Exeter City,Darlington,3,0,4,4,3,3,1
1973,Exeter City,Newport County,0,1,4,4,1,-1,0
1973,Exeter City,Reading,0,1,4,4,1,-1,0
1973,Exeter City,Workington,1,1,4,4,2,0,0
1973,Gillingham,Colchester United,4,1,4,4,5,3,1
1973,Gillingham,Northampton Town,3,1,4,4,4,2,1
1973,Gillingham,Rotherham United,1,1,4,4,2,0,0
1973,Gillingham,Swansea City,1,1,4,4,2,0,0
1973,Hartlepool United,Bury,1,1,4,4,2,0,0
1973,Hartlepool United,Torquay United,0,0,4,4,0,0,0
1973,Lincoln City,Bradford City,0,1,4,4,1,-1,0
1973,Lincoln City,Chester,2,2,4,4,4,0,0
1973,Lincoln City,Gillingham,2,3,4,4,5,-1,0
1973,Lincoln City,Workington,2,0,4,4,2,2,1
1973,Mansfield Town,Brentford,1,1,4,4,2,0,0
1973,Mansfield Town,Doncaster Rovers,2,0,4,4,2,2,1
1973,Mansfield Town,Northampton Town,2,0,4,4,2,2,1
1973,Mansfield Town,Swansea City,2,1,4,4,3,1,1
1973,Newport County,Barnsley,1,0,4,4,1,1,1
1973,Newport County,Crewe Alexandra,4,2,4,4,6,2,1
1973,Northampton Town,Mansfield Town,2,0,4,4,2,2,1
1973,Northampton Town,Workington,1,0,4,4,1,1,1
1973,Peterborough United,Brentford,1,0,4,4,1,1,1
1973,Peterborough United,Doncaster Rovers,5,1,4,4,6,4,1
1973,Peterborough United,Swansea City,3,0,4,4,3,3,1
1973,Reading,Barnsley,1,0,4,4,1,1,1
1973,Reading,Crewe Alexandra,2,0,4,4,2,2,1
1973,Reading,Exeter City,4,1,4,4,5,3,1
1973,Reading,Scunthorpe United,0,0,4,4,0,0,0
1973,Rotherham United,Chester,3,2,4,4,5,1,1
1973,Rotherham United,Darlington,0,1,4,4,1,-1,0
1973,Rotherham United,Peterborough United,3,1,4,4,4,2,1
1973,Scunthorpe United,Colchester United,1,0,4,4,1,1,1
1973,Scunthorpe United,Doncaster Rovers,2,1,4,4,3,1,1
1973,Scunthorpe United,Rotherham United,3,0,4,4,3,3,1
1973,Scunthorpe United,Torquay United,0,0,4,4,0,0,0
1973,Stockport County,Gillingham,2,0,4,4,2,2,1
1973,Stockport County,Scunthorpe United,3,1,4,4,4,2,1
1973,Swansea City,Brentford,0,0,4,4,0,0,0
1973,Swansea City,Colchester United,2,0,4,4,2,2,1
1973,Swansea City,Doncaster Rovers,0,0,4,4,0,0,0
1973,Swansea City,Hartlepool United,0,0,4,4,0,0,0
1973,Swansea City,Newport County,1,1,4,4,2,0,0
1973,Torquay United,Barnsley,1,1,4,4,2,0,0
1973,Torquay United,Swansea City,3,1,4,4,4,2,1
1973,Workington,Bradford City,1,0,4,4,1,1,1
1973,Workington,Chester,1,1,4,4,2,0,0
1973,Workington,Gillingham,3,3,4,4,6,0,0
1973,Workington,Scunthorpe United,1,2,4,4,3,-1,0
1973,Workington,Torquay United,3,1,4,4,4,2,1
1974,Arsenal,Carlisle United,2,1,1,1,3,1,1
1974,Birmingham City,Luton Town,1,4,1,1,5,-3,0
1974,Burnley,Carlisle United,2,1,1,1,3,1,1
1974,Burnley,Luton Town,1,0,1,1,1,1,1
1974,Burnley,Newcastle United,4,1,1,1,5,3,1
1974,Carlisle United,Derby County,3,0,1,1,3,3,1
1974,Carlisle United,Leeds United,1,2,1,1,3,-1,0
1974,Carlisle United,Newcastle United,1,2,1,1,3,-1,0
1974,Chelsea,Derby County,1,2,1,1,3,-1,0
1974,Chelsea,Leeds United,0,2,1,1,2,-2,0
1974,Chelsea,Luton Town,2,0,1,1,2,2,1
1974,Coventry City,Derby County,1,1,1,1,2,0,0
1974,Coventry City,Luton Town,2,1,1,1,3,1,1
1974,Coventry City,Newcastle United,2,0,1,1,2,2,1
1974,Coventry City,Stoke City,2,0,1,1,2,2,1
1974,Derby County,Leeds United,0,0,1,1,0,0,0
1974,Derby County,Stoke City,1,2,1,1,3,-1,0
1974,Derby County,Wolverhampton Wanderers,1,0,1,1,1,1,1
1974,Everton,Burnley,1,1,1,1,2,0,0
1974,Everton,Leeds United,3,2,1,1,5,1,1
1974,Everton,Luton Town,3,1,1,1,4,2,1
1974,Everton,Newcastle United,1,1,1,1,2,0,0
1974,Everton,Stoke City,2,1,1,1,3,1,1
1974,Ipswich Town,Leeds United,0,0,1,1,0,0,0
1974,Leeds United,Ipswich Town,2,1,1,1,3,1,1
1974,Leeds United,Stoke City,3,1,1,1,4,2,1
1974,Leicester City,Burnley,1,0,1,1,1,1,1
1974,Liverpool,Burnley,0,1,1,1,1,-1,0
1974,Liverpool,Coventry City,2,1,1,1,3,1,1
1974,Liverpool,Luton Town,2,0,1,1,2,2,1
1974,Liverpool,Newcastle United,4,0,1,1,4,4,1
1974,Luton Town,Coventry City,1,3,1,1,4,-2,0
1974,Luton Town,Ipswich Town,1,4,1,1,5,-3,0
1974,Luton Town,Liverpool,1,2,1,1,3,-1,0
1974,Luton Town,Stoke City,0,0,1,1,0,0,0
1974,Manchester City,Burnley,2,0,1,1,2,2,1
1974,Manchester City,Coventry City,1,0,1,1,1,1,1
1974,Manchester City,Ipswich Town,1,1,1,1,2,0,0
1974,Manchester City,Liverpool,2,0,1,1,2,2,1
1974,Manchester City,Newcastle United,5,1,1,1,6,4,1
1974,Middlesbrough,Burnley,2,0,1,1,2,2,1
1974,Middlesbrough,Liverpool,1,0,1,1,1,1,1
1974,Middlesbrough,Wolverhampton Wanderers,2,1,1,1,3,1,1
1974,Newcastle United,Burnley,3,0,1,1,3,3,1
1974,Newcastle United,Ipswich Town,1,0,1,1,1,1,1
1974,Newcastle United,Liverpool,4,1,1,1,5,3,1
1974,Newcastle United,Middlesbrough,2,1,1,1,3,1,1
1974,Newcastle United,Wolverhampton Wanderers,0,0,1,1,0,0,0
1974,Queens Park Rangers,Coventry City,2,0,1,1,2,2,1
1974,Queens Park Rangers,Ipswich Town,1,0,1,1,1,1,1
1974,Queens Park Rangers,Middlesbrough,0,0,1,1,0,0,0
1974,Queens Park Rangers,Wolverhampton Wanderers,2,0,1,1,2,2,1
1974,Sheffield United,Liverpool,1,0,1,1,1,1,1
1974,Stoke City,Burnley,2,0,1,1,2,2,1
1974,Stoke City,Coventry City,2,0,1,1,2,2,1
1974,Stoke City,Ipswich Town,1,2,1,1,3,-1,0
1974,Stoke City,Liverpool,2,0,1,1,2,2,1
1974,Stoke City,Middlesbrough,1,1,1,1,2,0,0
1974,Stoke City,Sheffield United,3,2,1,1,5,1,1
1974,Stoke City,Wolverhampton Wanderers,2,2,1,1,4,0,0
1974,Tottenham Hotspur,Ipswich Town,0,1,1,1,1,-1,0
1974,Tottenham Hotspur,Liverpool,0,2,1,1,2,-2,0
1974,Tottenham Hotspur,Middlesbrough,1,2,1,1,3,-1,0
1974,West Ham United,Burnley,2,1,1,1,3,1,1
1974,West Ham United,Middlesbrough,3,0,1,1,3,3,1
1974,West Ham United,Wolverhampton Wanderers,5,2,1,1,7,3,1
1974,Wolverhampton Wanderers,Burnley,4,2,1,1,6,2,1
1974,Wolverhampton Wanderers,Ipswich Town,2,1,1,1,3,1,1
1974,Wolverhampton Wanderers,Middlesbrough,2,0,1,1,2,2,1
1974,Wolverhampton Wanderers,West Ham United,3,1,1,1,4,2,1
1974,Aston Villa,Fulham,1,1,2,2,2,0,0
1974,Aston Villa,Manchester United,2,0,2,2,2,2,1
1974,Aston Villa,Nottingham Forest,3,0,2,2,3,3,1
1974,Blackpool,Manchester United,0,3,2,2,3,-3,0
1974,Blackpool,Southampton,3,0,2,2,3,3,1
1974,Bolton Wanderers,Bristol City,0,2,2,2,2,-2,0
1974,Bolton Wanderers,Manchester United,0,1,2,2,1,-1,0
1974,Bolton Wanderers,Oxford United,3,1,2,2,4,2,1
1974,Bristol City,Fulham,3,1,2,2,4,2,1
1974,Bristol City,Nottingham Forest,1,0,2,2,1,1,1
1974,Bristol City,Oxford United,3,0,2,2,3,3,1
1974,Bristol City,York City,0,0,2,2,0,0,0
1974,Bristol Rovers,Bolton Wanderers,1,0,2,2,1,1,1
1974,Bristol Rovers,Fulham,1,2,2,2,3,-1,0
1974,Bristol Rovers,Manchester United,1,1,2,2,2,0,0
1974,Bristol Rovers,Nottingham Forest,4,2,2,2,6,2,1
1974,Cardiff City,Manchester United,0,1,2,2,1,-1,0
1974,Cardiff City,Nottingham Forest,2,1,2,2,3,1,1
1974,Cardiff City,Oxford United,1,1,2,2,2,0,0
1974,Cardiff City,Southampton,2,2,2,2,4,0,0
1974,Cardiff City,York City,3,2,2,2,5,1,1
1974,Fulham,Bolton Wanderers,2,1,2,2,3,1,1
1974,Fulham,Cardiff City,4,0,2,2,4,4,1
1974,Fulham,Southampton,3,2,2,2,5,1,1
1974,Hull City,Manchester United,2,0,2,2,2,2,1
1974,Hull City,Oxford United,1,0,2,2,1,1,1
1974,Hull City,York City,2,0,2,2,2,2,1
1974,Leyton Orient,Manchester United,0,2,2,2,2,-2,0
1974,Leyton Orient,Nottingham Forest,1,1,2,2,2,0,0
1974,Leyton Orient,Southampton,2,1,2,2,3,1,1
1974,Manchester United,Cardiff City,4,0,2,2,4,4,1
1974,Manchester United,Leyton Orient,0,0,2,2,0,0,0
1974,Manchester United,Oxford United,4,0,2,2,4,4,1
1974,Manchester United,Southampton,1,0,2,2,1,1,1
1974,Manchester United,York City,2,1,2,2,3,1,1
1974,Millwall,Leyton Orient,1,1,2,2,2,0,0
1974,Norwich City,Bolton Wanderers,2,0,2,2,2,2,1
1974,Norwich City,Cardiff City,1,1,2,2,2,0,0
1974,Norwich City,Leyton Orient,2,0,2,2,2,2,1
1974,Norwich City,Southampton,1,0,2,2,1,1,1
1974,Nottingham Forest,Bolton Wanderers,2,3,2,2,5,-1,0
1974,Nottingham Forest,Leyton Orient,2,2,2,2,4,0,0
1974,Nottingham Forest,Oxford United,1,2,2,2,3,-1,0
1974,Nottingham Forest,York City,2,1,2,2,3,1,1
1974,Notts County,Bolton Wanderers,1,1,2,2,2,0,0
1974,Notts County,Oxford United,4,1,2,2,5,3,1
1974,Notts County,Southampton,3,2,2,2,5,1,1
1974,Oldham Athletic,Leyton Orient,0,0,2,2,0,0,0
1974,Oxford United,Cardiff City,1,0,2,2,1,1,1
1974,Oxford United,Oldham Athletic,1,0,2,2,1,1,1
1974,Oxford United,Southampton,0,4,2,2,4,-4,0
1974,Portsmouth,Bolton Wanderers,2,0,2,2,2,2,1
1974,Portsmouth,Cardiff City,2,2,2,2,4,0,0
1974,Portsmouth,Leyton Orient,3,0,2,2,3,3,1
1974,Portsmouth,Norwich City,0,3,2,2,3,-3,0
1974,Portsmouth,Oldham Athletic,1,1,2,2,2,0,0
1974,Portsmouth,Southampton,1,2,2,2,3,-1,0
1974,Portsmouth,York City,1,0,2,2,1,1,1
1974,Sheffield Wednesday,Norwich City,0,1,2,2,1,-1,0
1974,Sheffield Wednesday,Oldham Athletic,1,1,2,2,2,0,0
1974,Sheffield Wednesday,York City,3,0,2,2,3,3,1
1974,Southampton,Cardiff City,2,0,2,2,2,2,1
1974,Southampton,Sheffield Wednesday,0,1,2,2,1,-1,0
1974,West Bromwich Albion,Bolton Wanderers,0,1,2,2,1,-1,0
1974,West Bromwich Albion,Cardiff City,2,0,2,2,2,2,1
1974,West Bromwich Albion,Oldham Athletic,1,0,2,2,1,1,1
1974,York City,Bolton Wanderers,1,3,2,2,4,-2,0
1974,York City,Cardiff City,1,0,2,2,1,1,1
1974,York City,Sheffield Wednesday,3,0,2,2,3,3,1
1974,York City,West Bromwich Albion,1,3,2,2,4,-2,0
1974,AFC Bournemouth,Hereford United,2,1,3,3,3,1,1
1974,AFC Bournemouth,Plymouth Argyle,3,7,3,3,10,-4,0
1974,AFC Bournemouth,Southend United,0,0,3,3,0,0,0
1974,AFC Bournemouth,Walsall,0,1,3,3,1,-1,0
1974,Aldershot,AFC Bournemouth,1,2,3,3,3,-1,0
1974,Aldershot,Bury,1,1,3,3,2,0,0
1974,Aldershot,Huddersfield Town,1,0,3,3,1,1,1
1974,Aldershot,Swindon Town,0,1,3,3,1,-1,0
1974,Aldershot,Watford,3,1,3,3,4,2,1
1974,Blackburn Rovers,Aldershot,2,0,3,3,2,2,1
1974,Blackburn Rovers,Preston North End,3,0,3,3,3,3,1
1974,Blackburn Rovers,Tranmere Rovers,2,1,3,3,3,1,1
1974,Brighton & Hove Albion,Chesterfield,2,1,3,3,3,1,1
1974,Brighton & Hove Albion,Gillingham,4,3,3,3,7,1,1
1974,Brighton & Hove Albion,Southend United,2,0,3,3,2,2,1
1974,Bury,Colchester United,0,0,3,3,0,0,0
1974,Bury,Grimsby Town,1,1,3,3,2,0,0
1974,Bury,Swindon Town,0,0,3,3,0,0,0
1974,Charlton Athletic,Crystal Palace,1,0,3,3,1,1,1
1974,Charlton Athletic,Halifax Town,3,1,3,3,4,2,1
1974,Charlton Athletic,Peterborough United,3,0,3,3,3,3,1
1974,Charlton Athletic,Wrexham,1,1,3,3,2,0,0
1974,Chesterfield,Charlton Athletic,2,0,3,3,2,2,1
1974,Chesterfield,Gillingham,2,1,3,3,3,1,1
1974,Chesterfield,Hereford United,4,1,3,3,5,3,1
1974,Chesterfield,Plymouth Argyle,1,2,3,3,3,-1,0
1974,Chesterfield,Walsall,2,2,3,3,4,0,0
1974,Colchester United,Chesterfield,1,2,3,3,3,-1,0
1974,Colchester United,Huddersfield Town,3,2,3,3,5,1,1
1974,Colchester United,Watford,1,1,3,3,2,0,0
1974,Crystal Palace,Aldershot,3,0,3,3,3,3,1
1974,Crystal Palace,Colchester United,2,1,3,3,3,1,1
1974,Gillingham,Blackburn Rovers,1,1,3,3,2,0,0
1974,Gillingham,Charlton Athletic,0,1,3,3,1,-1,0
1974,Gillingham,Crystal Palace,3,1,3,3,4,2,1
1974,Gillingham,Hereford United,2,3,3,3,5,-1,0
1974,Gillingham,Plymouth Argyle,2,2,3,3,4,0,0
1974,Grimsby Town,Brighton & Hove Albion,3,2,3,3,5,1,1
1974,Grimsby Town,Chesterfield,2,0,3,3,2,2,1
1974,Grimsby Town,Port Vale,3,0,3,3,3,3,1
1974,Grimsby Town,Watford,2,2,3,3,4,0,0
1974,Halifax Town,Aldershot,1,0,3,3,1,1,1
1974,Halifax Town,Peterborough United,2,1,3,3,3,1,1
1974,Halifax Town,Preston North End,3,0,3,3,3,3,1
1974,Halifax Town,Tranmere Rovers,0,0,3,3,0,0,0
1974,Hereford United,Blackburn Rovers,6,3,3,3,9,3,1
1974,Hereford United,Crystal Palace,2,0,3,3,2,2,1
1974,Huddersfield Town,Brighton & Hove Albion,1,0,3,3,1,1,1
1974,Huddersfield Town,Hereford United,2,1,3,3,3,1,1
1974,Huddersfield Town,Port Vale,3,1,3,3,4,2,1
1974,Huddersfield Town,Swindon Town,2,2,3,3,4,0,0
1974,Huddersfield Town,Watford,3,1,3,3,4,2,1
1974,Peterborough United,Bury,3,1,3,3,4,2,1
1974,Peterborough United,Tranmere Rovers,1,2,3,3,3,-1,0
1974,Plymouth Argyle,Blackburn Rovers,2,1,3,3,3,1,1
1974,Plymouth Argyle,Crystal Palace,0,1,3,3,1,-1,0
1974,Plymouth Argyle,Halifax Town,2,0,3,3,2,2,1
1974,Plymouth Argyle,Peterborough United,2,0,3,3,2,2,1
1974,Plymouth Argyle,Walsall,2,1,3,3,3,1,1
1974,Port Vale,AFC Bournemouth,0,0,3,3,0,0,0
1974,Port Vale,Chesterfield,3,2,3,3,5,1,1
1974,Port Vale,Swindon Town,2,2,3,3,4,0,0
1974,Port Vale,Watford,0,0,3,3,0,0,0
1974,Preston North End,Colchester United,0,2,3,3,2,-2,0
1974,Preston North End,Grimsby Town,2,0,3,3,2,2,1
1974,Preston North End,Wrexham,3,1,3,3,4,2,1
1974,Southend United,Blackburn Rovers,2,2,3,3,4,0,0
1974,Southend United,Walsall,3,0,3,3,3,3,1
1974,Swindon Town,AFC Bournemouth,2,1,3,3,3,1,1
1974,Swindon Town,Chesterfield,1,0,3,3,1,1,1
1974,Swindon Town,Hereford United,1,0,3,3,1,1,1
1974,Swindon Town,Southend United,2,0,3,3,2,2,1
1974,Tranmere Rovers,Aldershot,2,0,3,3,2,2,1
1974,Tranmere Rovers,Colchester United,2,0,3,3,2,2,1
1974,Tranmere Rovers,Grimsby Town,3,1,3,3,4,2,1
1974,Tranmere Rovers,Huddersfield Town,1,2,3,3,3,-1,0
1974,Tranmere Rovers,Swindon Town,3,0,3,3,3,3,1
1974,Tranmere Rovers,Wrexham,0,1,3,3,1,-1,0
1974,Walsall,Crystal Palace,3,0,3,3,3,3,1
1974,Walsall,Halifax Town,1,1,3,3,2,0,0
1974,Walsall,Preston North End,2,0,3,3,2,2,1
1974,Walsall,Tranmere Rovers,1,0,3,3,1,1,1
1974,Watford,Chesterfield,2,2,3,3,4,0,0
1974,Watford,Gillingham,0,0,3,3,0,0,0
1974,Watford,Plymouth Argyle,1,3,3,3,4,-2,0
1974,Watford,Southend United,2,0,3,3,2,2,1
1974,Wrexham,Bury,3,1,3,3,4,2,1
1974,Wrexham,Grimsby Town,2,3,3,3,5,-1,0
1974,Wrexham,Huddersfield Town,3,0,3,3,3,3,1
1974,Wrexham,Port Vale,2,2,3,3,4,0,0
1974,Wrexham,Swindon Town,1,2,3,3,3,-1,0
1974,Wrexham,Watford,5,1,3,3,6,4,1
1974,Barnsley,Darlington,1,1,4,4,2,0,0
1974,Barnsley,Hartlepool United,2,1,4,4,3,1,1
1974,Barnsley,Shrewsbury Town,1,0,4,4,1,1,1
1974,Bradford City,Chester,2,0,4,4,2,2,1
1974,Bradford City,Rotherham United,1,1,4,4,2,0,0
1974,Bradford City,Southport,1,2,4,4,3,-1,0
1974,Brentford,Scunthorpe United,2,0,4,4,2,2,1
1974,Cambridge United,Hartlepool United,3,2,4,4,5,1,1
1974,Cambridge United,Shrewsbury Town,0,2,4,4,2,-2,0
1974,Chester,Doncaster Rovers,3,0,4,4,3,3,1
1974,Chester,Rotherham United,0,1,4,4,1,-1,0
1974,Chester,Southport,3,0,4,4,3,3,1
1974,Crewe Alexandra,Chester,0,1,4,4,1,-1,0
1974,Crewe Alexandra,Mansfield Town,0,2,4,4,2,-2,0
1974,Crewe Alexandra,Reading,1,0,4,4,1,1,1
1974,Crewe Alexandra,Scunthorpe United,1,1,4,4,2,0,0
1974,Crewe Alexandra,Stockport County,2,0,4,4,2,2,1
1974,Crewe Alexandra,Workington,0,0,4,4,0,0,0
1974,Darlington,Rochdale,1,2,4,4,3,-1,0
1974,Darlington,Shrewsbury Town,1,2,4,4,3,-1,0
1974,Doncaster Rovers,Barnsley,1,1,4,4,2,0,0
1974,Doncaster Rovers,Cambridge United,0,1,4,4,1,-1,0
1974,Doncaster Rovers,Lincoln City,2,2,4,4,4,0,0
1974,Doncaster Rovers,Northampton Town,2,0,4,4,2,2,1
1974,Doncaster Rovers,Torquay United,3,0,4,4,3,3,1
1974,Exeter City,Bradford City,1,0,4,4,1,1,1
1974,Exeter City,Chester,1,0,4,4,1,1,1
1974,Exeter City,Doncaster Rovers,2,1,4,4,3,1,1
1974,Exeter City,Mansfield Town,0,1,4,4,1,-1,0
1974,Exeter City,Scunthorpe United,0,0,4,4,0,0,0
1974,Exeter City,Stockport County,4,1,4,4,5,3,1
1974,Hartlepool United,Brentford,3,2,4,4,5,1,1
1974,Hartlepool United,Swansea City,0,2,4,4,2,-2,0
1974,Lincoln City,Darlington,1,1,4,4,2,0,0
1974,Lincoln City,Rotherham United,2,0,4,4,2,2,1
1974,Mansfield Town,Doncaster Rovers,5,2,4,4,7,3,1
1974,Mansfield Town,Reading,1,1,4,4,2,0,0
1974,Mansfield Town,Stockport County,1,1,4,4,2,0,0
1974,Mansfield Town,Workington,1,0,4,4,1,1,1
1974,Newport County,Brentford,1,0,4,4,1,1,1
1974,Newport County,Crewe Alexandra,1,1,4,4,2,0,0
1974,Newport County,Shrewsbury Town,2,4,4,4,6,-2,0
1974,Northampton Town,Cambridge United,1,2,4,4,3,-1,0
1974,Northampton Town,Darlington,3,0,4,4,3,3,1
1974,Northampton Town,Hartlepool United,3,0,4,4,3,3,1
1974,Northampton Town,Rotherham United,1,1,4,4,2,0,0
1974,Northampton Town,Torquay United,1,1,4,4,2,0,0
1974,Reading,Bradford City,1,1,4,4,2,0,0
1974,Reading,Chester,2,1,4,4,3,1,1
1974,Reading,Stockport County,1,3,4,4,4,-2,0
1974,Reading,Workington,3,0,4,4,3,3,1
1974,Rochdale,Crewe Alexandra,3,0,4,4,3,3,1
1974,Rochdale,Mansfield Town,0,1,4,4,1,-1,0
1974,Rochdale,Swansea City,1,0,4,4,1,1,1
1974,Rotherham United,Barnsley,2,0,4,4,2,2,1
1974,Rotherham United,Cambridge United,0,0,4,4,0,0,0
1974,Rotherham United,Darlington,1,1,4,4,2,0,0
1974,Rotherham United,Hartlepool United,1,2,4,4,3,-1,0
1974,Rotherham United,Newport County,1,1,4,4,2,0,0
1974,Rotherham United,Southport,3,0,4,4,3,3,1
1974,Scunthorpe United,Lincoln City,1,1,4,4,2,0,0
1974,Scunthorpe United,Rotherham United,0,3,4,4,3,-3,0
1974,Shrewsbury Town,Brentford,1,0,4,4,1,1,1
1974,Shrewsbury Town,Crewe Alexandra,0,1,4,4,1,-1,0
1974,Shrewsbury Town,Exeter City,2,2,4,4,4,0,0
1974,Shrewsbury Town,Reading,2,0,4,4,2,2,1
1974,Shrewsbury Town,Swansea City,2,0,4,4,2,2,1
1974,Southport,Cambridge United,2,2,4,4,4,0,0
1974,Southport,Darlington,1,0,4,4,1,1,1
1974,Southport,Shrewsbury Town,1,2,4,4,3,-1,0
1974,Stockport County,Bradford City,1,1,4,4,2,0,0
1974,Stockport County,Chester,1,1,4,4,2,0,0
1974,Stockport County,Doncaster Rovers,0,2,4,4,2,-2,0
1974,Stockport County,Lincoln City,0,0,4,4,0,0,0
1974,Stockport County,Northampton Town,1,0,4,4,1,1,1
1974,Stockport County,Rotherham United,1,0,4,4,1,1,1
1974,Swansea City,Brentford,0,1,4,4,1,-1,0
1974,Swansea City,Mansfield Town,1,2,4,4,3,-1,0
1974,Swansea City,Scunthorpe United,1,0,4,4,1,1,1
1974,Swansea City,Stockport County,1,0,4,4,1,1,1
1974,Torquay United,Barnsley,1,1,4,4,2,0,0
1974,Torquay United,Darlington,0,0,4,4,0,0,0
1974,Torquay United,Hartlepool United,2,1,4,4,3,1,1
1974,Torquay United,Swansea City,0,0,4,4,0,0,0
1974,Workington,Doncaster Rovers,0,3,4,4,3,-3,0
1974,Workington,Rotherham United,0,2,4,4,2,-2,0
1974,Workington,Southport,0,1,4,4,1,-1,0
1974,Workington,Torquay United,2,1,4,4,3,1,1
1975,Arsenal,Leicester City,1,1,1,1,2,0,0
1975,Arsenal,Norwich City,2,1,1,1,3,1,1
1975,Arsenal,Stoke City,0,1,1,1,1,-1,0
1975,Arsenal,Wolverhampton Wanderers,2,1,1,1,3,1,1
1975,Aston Villa,Leicester City,1,1,1,1,2,0,0
1975,Aston Villa,Manchester United,2,1,1,1,3,1,1
1975,Aston Villa,Norwich City,3,2,1,1,5,1,1
1975,Aston Villa,Stoke City,0,0,1,1,0,0,0
1975,Aston Villa,Wolverhampton Wanderers,1,1,1,1,2,0,0
1975,Birmingham City,Everton,0,1,1,1,1,-1,0
1975,Birmingham City,Leicester City,2,1,1,1,3,1,1
1975,Burnley,Leicester City,1,0,1,1,1,1,1
1975,Burnley,Manchester United,0,1,1,1,1,-1,0
1975,Burnley,Norwich City,4,4,1,1,8,0,0
1975,Burnley,Stoke City,0,1,1,1,1,-1,0
1975,Coventry City,Leicester City,0,2,1,1,2,-2,0
1975,Coventry City,Manchester United,1,1,1,1,2,0,0
1975,Coventry City,Norwich City,1,0,1,1,1,1,1
1975,Coventry City,Stoke City,0,3,1,1,3,-3,0
1975,Coventry City,Wolverhampton Wanderers,3,1,1,1,4,2,1
1975,Derby County,Everton,1,3,1,1,4,-2,0
1975,Derby County,Leicester City,2,2,1,1,4,0,0
1975,Everton,Leicester City,1,1,1,1,2,0,0
1975,Everton,Manchester United,1,1,1,1,2,0,0
1975,Everton,Norwich City,1,1,1,1,2,0,0
1975,Everton,Wolverhampton Wanderers,3,0,1,1,3,3,1
1975,Ipswich Town,Leicester City,1,1,1,1,2,0,0
1975,Ipswich Town,Manchester United,3,0,1,1,3,3,1
1975,Ipswich Town,Stoke City,1,1,1,1,2,0,0
1975,Leeds United,Leicester City,4,0,1,1,4,4,1
1975,Leeds United,Norwich City,0,3,1,1,3,-3,0
1975,Leeds United,Stoke City,2,0,1,1,2,2,1
1975,Leeds United,Wolverhampton Wanderers,3,0,1,1,3,3,1
1975,Leicester City,Birmingham City,3,3,1,1,6,0,0
1975,Leicester City,Derby County,2,1,1,1,3,1,1
1975,Leicester City,Leeds United,2,1,1,1,3,1,1
1975,Leicester City,Manchester United,2,1,1,1,3,1,1
1975,Leicester City,Norwich City,0,0,1,1,0,0,0
1975,Leicester City,Wolverhampton Wanderers,2,0,1,1,2,2,1
1975,Liverpool,Birmingham City,3,1,1,1,4,2,1
1975,Liverpool,Derby County,1,1,1,1,2,0,0
1975,Liverpool,Leeds United,2,0,1,1,2,2,1
1975,Liverpool,Norwich City,1,3,1,1,4,-2,0
1975,Liverpool,Stoke City,5,3,1,1,8,2,1
1975,Liverpool,Wolverhampton Wanderers,2,0,1,1,2,2,1
1975,Manchester City,Manchester United,2,2,1,1,4,0,0
1975,Manchester City,Norwich City,3,0,1,1,3,3,1
1975,Manchester United,Birmingham City,3,1,1,1,4,2,1
1975,Manchester United,Derby County,1,1,1,1,2,0,0
1975,Manchester United,Leeds United,3,2,1,1,5,1,1
1975,Manchester United,Norwich City,1,0,1,1,1,1,1
1975,Manchester United,Wolverhampton Wanderers,1,0,1,1,1,1,1
1975,Middlesbrough,Derby County,0,2,1,1,2,-2,0
1975,Middlesbrough,Wolverhampton Wanderers,1,0,1,1,1,1,1
1975,Newcastle United,Derby County,4,3,1,1,7,1,1
1975,Newcastle United,Norwich City,5,2,1,1,7,3,1
1975,Newcastle United,Wolverhampton Wanderers,5,1,1,1,6,4,1
1975,Norwich City,Birmingham City,1,0,1,1,1,1,1
1975,Norwich City,Manchester City,2,2,1,1,4,0,0
1975,Norwich City,Stoke City,0,1,1,1,1,-1,0
1975,Queens Park Rangers,Derby County,1,1,1,1,2,0,0
1975,Queens Park Rangers,Manchester City,1,0,1,1,1,1,1
1975,Queens Park Rangers,Stoke City,3,2,1,1,5,1,1
1975,Queens Park Rangers,Wolverhampton Wanderers,4,2,1,1,6,2,1
1975,Sheffield United,Birmingham City,1,1,1,1,2,0,0
1975,Sheffield United,Derby County,1,1,1,1,2,0,0
1975,Sheffield United,Newcastle United,1,0,1,1,1,1,1
1975,Sheffield United,Stoke City,0,2,1,1,2,-2,0
1975,Sheffield United,Wolverhampton Wanderers,1,4,1,1,5,-3,0
1975,Stoke City,Birmingham City,1,0,1,1,1,1,1
1975,Stoke City,Derby County,1,0,1,1,1,1,1
1975,Stoke City,Manchester City,0,0,1,1,0,0,0
1975,Stoke City,Sheffield United,2,1,1,1,3,1,1
1975,Stoke City,Wolverhampton Wanderers,2,2,1,1,4,0,0
1975,Tottenham Hotspur,Leeds United,0,0,1,1,0,0,0
1975,Tottenham Hotspur,Manchester City,2,2,1,1,4,0,0
1975,Tottenham Hotspur,Newcastle United,0,3,1,1,3,-3,0
1975,Tottenham Hotspur,Sheffield United,5,0,1,1,5,5,1
1975,West Ham United,Birmingham City,1,2,1,1,3,-1,0
1975,West Ham United,Derby County,1,2,1,1,3,-1,0
1975,West Ham United,Newcastle United,2,1,1,1,3,1,1
1975,Wolverhampton Wanderers,Leeds United,1,1,1,1,2,0,0
1975,Wolverhampton Wanderers,Manchester City,0,4,1,1,4,-4,0
1975,Wolverhampton Wanderers,Newcastle United,5,0,1,1,5,5,1
1975,Blackburn Rovers,Bristol City,1,2,2,2,3,-1,0
1975,Blackburn Rovers,Charlton Athletic,2,0,2,2,2,2,1
1975,Blackburn Rovers,Hull City,1,0,2,2,1,1,1
1975,Blackburn Rovers,Oxford United,0,0,2,2,0,0,0
1975,Blackburn Rovers,York City,4,0,2,2,4,4,1
1975,Blackpool,Bristol City,2,1,2,2,3,1,1
1975,Blackpool,Charlton Athletic,2,1,2,2,3,1,1
1975,Blackpool,Southampton,4,3,2,2,7,1,1
1975,Bolton Wanderers,Charlton Athletic,5,0,2,2,5,5,1
1975,Bolton Wanderers,Nottingham Forest,0,0,2,2,0,0,0
1975,Bolton Wanderers,Oxford United,0,1,2,2,1,-1,0
1975,Bolton Wanderers,Southampton,3,0,2,2,3,3,1
1975,Bristol City,Charlton Athletic,4,0,2,2,4,4,1
1975,Bristol City,Oxford United,4,1,2,2,5,3,1
1975,Bristol City,Southampton,1,1,2,2,2,0,0
1975,Bristol City,York City,4,1,2,2,5,3,1
1975,Bristol Rovers,Bolton Wanderers,2,2,2,2,4,0,0
1975,Bristol Rovers,Charlton Athletic,0,0,2,2,0,0,0
1975,Bristol Rovers,Hull City,0,1,2,2,1,-1,0
1975,Bristol Rovers,Southampton,2,0,2,2,2,2,1
1975,Carlisle United,Bolton Wanderers,3,2,2,2,5,1,1
1975,Carlisle United,Charlton Athletic,1,1,2,2,2,0,0
1975,Carlisle United,Hull City,0,0,2,2,0,0,0
1975,Carlisle United,Nottingham Forest,1,1,2,2,2,0,0
1975,Carlisle United,Southampton,1,0,2,2,1,1,1
1975,Carlisle United,York City,1,0,2,2,1,1,1
1975,Charlton Athletic,Carlisle United,4,2,2,2,6,2,1
1975,Charlton Athletic,Nottingham Forest,2,2,2,2,4,0,0
1975,Charlton Athletic,Oxford United,2,1,2,2,3,1,1
1975,Charlton Athletic,Southampton,4,1,2,2,5,3,1
1975,Charlton Athletic,York City,3,2,2,2,5,1,1
1975,Chelsea,Hull City,0,0,2,2,0,0,0
1975,Chelsea,Nottingham Forest,0,0,2,2,0,0,0
1975,Chelsea,Oxford United,3,1,2,2,4,2,1
1975,Hull City,Bolton Wanderers,2,2,2,2,4,0,0
1975,Hull City,Carlisle United,2,3,2,2,5,-1,0
1975,Hull City,Nottingham Forest,1,0,2,2,1,1,1
1975,Hull City,York City,1,1,2,2,2,0,0
1975,Luton Town,Carlisle United,3,0,2,2,3,3,1
1975,Luton Town,Fulham,1,0,2,2,1,1,1
1975,Luton Town,Nottingham Forest,1,1,2,2,2,0,0
1975,Luton Town,York City,4,0,2,2,4,4,1
1975,Nottingham Forest,Fulham,1,0,2,2,1,1,1
1975,Notts County,Bolton Wanderers,1,1,2,2,2,0,0
1975,Notts County,Carlisle United,1,0,2,2,1,1,1
1975,Notts County,Fulham,4,0,2,2,4,4,1
1975,Notts County,Southampton,0,0,2,2,0,0,0
1975,Notts County,York City,4,0,2,2,4,4,1
1975,Oldham Athletic,Carlisle United,2,2,2,2,4,0,0
1975,Oldham Athletic,Fulham,2,2,2,2,4,0,0
1975,Oldham Athletic,Oxford United,1,1,2,2,2,0,0
1975,Oxford United,Bolton Wanderers,2,0,2,2,2,2,1
1975,Oxford United,Carlisle United,0,0,2,2,0,0,0
1975,Oxford United,Luton Town,1,3,2,2,4,-2,0
1975,Oxford United,Southampton,1,2,2,2,3,-1,0
1975,Oxford United,York City,1,0,2,2,1,1,1
1975,Plymouth Argyle,Carlisle United,2,1,2,2,3,1,1
1975,Plymouth Argyle,Fulham,4,0,2,2,4,4,1
1975,Plymouth Argyle,Luton Town,3,0,2,2,3,3,1
1975,Portsmouth,Carlisle United,1,0,2,2,1,1,1
1975,Portsmouth,Fulham,0,1,2,2,1,-1,0
1975,Portsmouth,Luton Town,0,2,2,2,2,-2,0
1975,Portsmouth,Oldham Athletic,1,1,2,2,2,0,0
1975,Portsmouth,Southampton,0,1,2,2,1,-1,0
1975,Portsmouth,York City,0,1,2,2,1,-1,0
1975,Southampton,Bolton Wanderers,0,0,2,2,0,0,0
1975,Southampton,Carlisle United,1,1,2,2,2,0,0
1975,Southampton,Oldham Athletic,3,2,2,2,5,1,1
1975,Southampton,York City,2,0,2,2,2,2,1
1975,Sunderland,Fulham,2,0,2,2,2,2,1
1975,Sunderland,Portsmouth,2,0,2,2,2,2,1
1975,Sunderland,York City,1,0,2,2,1,1,1
1975,West Bromwich Albion,York City,2,2,2,2,4,0,0
1975,York City,Bolton Wanderers,1,2,2,2,3,-1,0
1975,York City,Luton Town,2,3,2,2,5,-1,0
1975,Aldershot,Cardiff City,2,1,3,3,3,1,1
1975,Aldershot,Colchester United,2,2,3,3,4,0,0
1975,Aldershot,Mansfield Town,2,1,3,3,3,1,1
1975,Brighton & Hove Albion,Chester,6,0,3,3,6,6,1
1975,Brighton & Hove Albion,Crystal Palace,2,0,3,3,2,2,1
1975,Brighton & Hove Albion,Preston North End,1,0,3,3,1,1,1
1975,Brighton & Hove Albion,Walsall,1,2,3,3,3,-1,0
1975,Bury,Gillingham,2,0,3,3,2,2,1
1975,Bury,Rotherham United,4,0,3,3,4,4,1
1975,Bury,Southend United,1,0,3,3,1,1,1
1975,Bury,Wrexham,0,1,3,3,1,-1,0
1975,Cardiff City,Colchester United,2,0,3,3,2,2,1
1975,Cardiff City,Mansfield Town,1,0,3,3,1,1,1
1975,Chester,Cardiff City,1,1,3,3,2,0,0
1975,Chester,Millwall,3,1,3,3,4,2,1
1975,Chester,Preston North End,3,0,3,3,3,3,1
1975,Chesterfield,Brighton & Hove Albion,2,1,3,3,3,1,1
1975,Chesterfield,Chester,1,1,3,3,2,0,0
1975,Chesterfield,Gillingham,0,1,3,3,1,-1,0
1975,Chesterfield,Hereford United,2,3,3,3,5,-1,0
1975,Chesterfield,Peterborough United,1,1,3,3,2,0,0
1975,Chesterfield,Rotherham United,1,0,3,3,1,1,1
1975,Chesterfield,Wrexham,1,1,3,3,2,0,0
1975,Colchester United,Bury,0,0,3,3,0,0,0
1975,Colchester United,Grimsby Town,1,0,3,3,1,1,1
1975,Colchester United,Mansfield Town,0,2,3,3,2,-2,0
1975,Colchester United,Port Vale,1,0,3,3,1,1,1
1975,Crystal Palace,Cardiff City,0,1,3,3,1,-1,0
1975,Crystal Palace,Preston North End,2,0,3,3,2,2,1
1975,Crystal Palace,Walsall,0,1,3,3,1,-1,0
1975,Gillingham,Crystal Palace,1,2,3,3,3,-1,0
1975,Gillingham,Hereford United,3,4,3,3,7,-1,0
1975,Gillingham,Rotherham United,0,0,3,3,0,0,0
1975,Gillingham,Southend United,1,2,3,3,3,-1,0
1975,Gillingham,Wrexham,1,1,3,3,2,0,0
1975,Grimsby Town,Bury,0,0,3,3,0,0,0
1975,Grimsby Town,Chesterfield,3,0,3,3,3,3,1
1975,Grimsby Town,Mansfield Town,4,1,3,3,5,3,1
1975,Grimsby Town,Sheffield Wednesday,1,1,3,3,2,0,0
1975,Halifax Town,Millwall,1,2,3,3,3,-1,0
1975,Halifax Town,Shrewsbury Town,0,0,3,3,0,0,0
1975,Halifax Town,Walsall,2,1,3,3,3,1,1
1975,Hereford United,Peterborough United,2,4,3,3,6,-2,0
1975,Hereford United,Rotherham United,3,2,3,3,5,1,1
1975,Hereford United,Southend United,2,1,3,3,3,1,1
1975,Hereford United,Wrexham,2,0,3,3,2,2,1
1975,Mansfield Town,Bury,1,1,3,3,2,0,0
1975,Mansfield Town,Gillingham,1,1,3,3,2,0,0
1975,Mansfield Town,Hereford United,2,2,3,3,4,0,0
1975,Mansfield Town,Sheffield Wednesday,3,0,3,3,3,3,1
1975,Mansfield Town,Swindon Town,3,1,3,3,4,2,1
1975,Millwall,Grimsby Town,1,1,3,3,2,0,0
1975,Millwall,Preston North End,2,0,3,3,2,2,1
1975,Peterborough United,Brighton & Hove Albion,1,0,3,3,1,1,1
1975,Peterborough United,Crystal Palace,2,0,3,3,2,2,1
1975,Peterborough United,Millwall,1,1,3,3,2,0,0
1975,Peterborough United,Wrexham,2,0,3,3,2,2,1
1975,Port Vale,Hereford United,1,1,3,3,2,0,0
1975,Port Vale,Sheffield Wednesday,1,0,3,3,1,1,1
1975,Preston North End,Cardiff City,3,1,3,3,4,2,1
1975,Preston North End,Colchester United,2,1,3,3,3,1,1
1975,Preston North End,Grimsby Town,0,0,3,3,0,0,0
1975,Preston North End,Mansfield Town,0,2,3,3,2,-2,0
1975,Preston North End,Shrewsbury Town,0,2,3,3,2,-2,0
1975,Preston North End,Walsall,3,1,3,3,4,2,1
1975,Rotherham United,Brighton & Hove Albion,1,1,3,3,2,0,0
1975,Rotherham United,Chester,0,1,3,3,1,-1,0
1975,Rotherham United,Crystal Palace,4,1,3,3,5,3,1
1975,Rotherham United,Halifax Town,0,1,3,3,1,-1,0
1975,Rotherham United,Millwall,1,2,3,3,3,-1,0
1975,Rotherham United,Preston North End,1,1,3,3,2,0,0
1975,Rotherham United,Southend United,2,0,3,3,2,2,1
1975,Sheffield Wednesday,Bury,1,0,3,3,1,1,1
1975,Sheffield Wednesday,Peterborough United,2,2,3,3,4,0,0
1975,Sheffield Wednesday,Rotherham United,0,0,3,3,0,0,0
1975,Sheffield Wednesday,Swindon Town,0,2,3,3,2,-2,0
1975,Shrewsbury Town,Aldershot,5,3,3,3,8,2,1
1975,Shrewsbury Town,Cardiff City,3,1,3,3,4,2,1
1975,Shrewsbury Town,Mansfield Town,1,2,3,3,3,-1,0
1975,Shrewsbury Town,Sheffield Wednesday,0,0,3,3,0,0,0
1975,Shrewsbury Town,Walsall,1,1,3,3,2,0,0
1975,Southend United,Brighton & Hove Albion,4,0,3,3,4,4,1
1975,Southend United,Crystal Palace,1,2,3,3,3,-1,0
1975,Southend United,Millwall,0,0,3,3,0,0,0
1975,Southend United,Shrewsbury Town,1,3,3,3,4,-2,0
1975,Southend United,Wrexham,2,1,3,3,3,1,1
1975,Swindon Town,Chesterfield,0,1,3,3,1,-1,0
1975,Swindon Town,Gillingham,2,2,3,3,4,0,0
1975,Swindon Town,Peterborough United,0,3,3,3,3,-3,0
1975,Swindon Town,Rotherham United,1,1,3,3,2,0,0
1975,Walsall,Cardiff City,2,3,3,3,5,-1,0
1975,Walsall,Grimsby Town,2,0,3,3,2,2,1
1975,Walsall,Mansfield Town,0,1,3,3,1,-1,0
1975,Walsall,Sheffield Wednesday,2,2,3,3,4,0,0
1975,Walsall,Swindon Town,1,1,3,3,2,0,0
1975,Wrexham,Brighton & Hove Albion,3,0,3,3,3,3,1
1975,Wrexham,Chester,1,1,3,3,2,0,0
1975,Wrexham,Millwall,1,1,3,3,2,0,0
1975,Wrexham,Preston North End,1,2,3,3,3,-1,0
1975,Wrexham,Shrewsbury Town,2,3,3,3,5,-1,0
1975,AFC Bournemouth,Hartlepool United,4,2,4,4,6,2,1
1975,AFC Bournemouth,Stockport County,2,0,4,4,2,2,1
1975,AFC Bournemouth,Tranmere Rovers,4,2,4,4,6,2,1
1975,Barnsley,Cambridge United,4,0,4,4,4,4,1
1975,Barnsley,Huddersfield Town,2,3,4,4,5,-1,0
1975,Barnsley,Scunthorpe United,1,0,4,4,1,1,1
1975,Barnsley,Watford,1,0,4,4,1,1,1
1975,Bradford City,Exeter City,0,0,4,4,0,0,0
1975,Bradford City,Lincoln City,1,5,4,4,6,-4,0
1975,Bradford City,Reading,1,1,4,4,2,0,0
1975,Bradford City,Southport,1,1,4,4,2,0,0
1975,Brentford,Darlington,3,0,4,4,3,3,1
1975,Brentford,Hartlepool United,1,1,4,4,2,0,0
1975,Brentford,Newport County,1,3,4,4,4,-2,0
1975,Brentford,Rochdale,3,0,4,4,3,3,1
1975,Cambridge United,Brentford,2,1,4,4,3,1,1
1975,Cambridge United,Northampton Town,0,1,4,4,1,-1,0
1975,Cambridge United,Scunthorpe United,2,2,4,4,4,0,0
1975,Cambridge United,Watford,4,1,4,4,5,3,1
1975,Crewe Alexandra,Barnsley,1,1,4,4,2,0,0
1975,Crewe Alexandra,Cambridge United,1,2,4,4,3,-1,0
1975,Crewe Alexandra,Reading,3,3,4,4,6,0,0
1975,Crewe Alexandra,Torquay United,6,0,4,4,6,6,1
1975,Darlington,Hartlepool United,1,2,4,4,3,-1,0
1975,Darlington,Stockport County,0,1,4,4,1,-1,0
1975,Doncaster Rovers,AFC Bournemouth,1,1,4,4,2,0,0
1975,Doncaster Rovers,Brentford,1,1,4,4,2,0,0
1975,Doncaster Rovers,Huddersfield Town,4,1,4,4,5,3,1
1975,Doncaster Rovers,Watford,1,2,4,4,3,-1,0
1975,Exeter City,Cambridge United,1,2,4,4,3,-1,0
1975,Exeter City,Doncaster Rovers,1,0,4,4,1,1,1
1975,Exeter City,Lincoln City,0,0,4,4,0,0,0
1975,Exeter City,Reading,4,1,4,4,5,3,1
1975,Exeter City,Southport,2,0,4,4,2,2,1
1975,Exeter City,Torquay United,0,0,4,4,0,0,0
1975,Hartlepool United,Bradford City,2,2,4,4,4,0,0
1975,Hartlepool United,Crewe Alexandra,1,3,4,4,4,-2,0
1975,Hartlepool United,Rochdale,3,0,4,4,3,3,1
1975,Hartlepool United,Stockport County,3,0,4,4,3,3,1
1975,Huddersfield Town,Hartlepool United,2,0,4,4,2,2,1
1975,Huddersfield Town,Northampton Town,1,1,4,4,2,0,0
1975,Huddersfield Town,Scunthorpe United,1,1,4,4,2,0,0
1975,Lincoln City,Doncaster Rovers,5,0,4,4,5,5,1
1975,Lincoln City,Huddersfield Town,0,0,4,4,0,0,0
1975,Lincoln City,Reading,3,1,4,4,4,2,1
1975,Lincoln City,Southport,6,0,4,4,6,6,1
1975,Lincoln City,Workington,4,1,4,4,5,3,1
1975,Newport County,Crewe Alexandra,2,2,4,4,4,0,0
1975,Newport County,Rochdale,1,1,4,4,2,0,0
1975,Newport County,Stockport County,2,2,4,4,4,0,0
1975,Northampton Town,Brentford,3,1,4,4,4,2,1
1975,Northampton Town,Hartlepool United,5,2,4,4,7,3,1
1975,Northampton Town,Scunthorpe United,2,1,4,4,3,1,1
1975,Reading,Barnsley,0,0,4,4,0,0,0
1975,Reading,Cambridge United,1,0,4,4,1,1,1
1975,Reading,Doncaster Rovers,0,1,4,4,1,-1,0
1975,Reading,Southport,1,0,4,4,1,1,1
1975,Rochdale,Crewe Alexandra,0,1,4,4,1,-1,0
1975,Rochdale,Reading,0,0,4,4,0,0,0
1975,Rochdale,Stockport County,2,3,4,4,5,-1,0
1975,Scunthorpe United,AFC Bournemouth,2,0,4,4,2,2,1
1975,Scunthorpe United,Hartlepool United,5,1,4,4,6,4,1
1975,Scunthorpe United,Rochdale,1,3,4,4,4,-2,0
1975,Southport,Cambridge United,2,4,4,4,6,-2,0
1975,Southport,Huddersfield Town,1,2,4,4,3,-1,0
1975,Southport,Northampton Town,0,1,4,4,1,-1,0
1975,Stockport County,Crewe Alexandra,0,0,4,4,0,0,0
1975,Stockport County,Exeter City,2,1,4,4,3,1,1
1975,Stockport County,Reading,1,1,4,4,2,0,0
1975,Stockport County,Southport,1,0,4,4,1,1,1
1975,Swansea City,AFC Bournemouth,1,1,4,4,2,0,0
1975,Swansea City,Brentford,2,2,4,4,4,0,0
1975,Swansea City,Newport County,2,2,4,4,4,0,0
1975,Swansea City,Stockport County,5,0,4,4,5,5,1
1975,Torquay United,Barnsley,2,0,4,4,2,2,1
1975,Torquay United,Doncaster Rovers,2,2,4,4,4,0,0
1975,Torquay United,Northampton Town,0,1,4,4,1,-1,0
1975,Torquay United,Scunthorpe United,1,0,4,4,1,1,1
1975,Torquay United,Swansea City,0,2,4,4,2,-2,0
1975,Tranmere Rovers,Bradford City,3,3,4,4,6,0,0
1975,Tranmere Rovers,Crewe Alexandra,2,1,4,4,3,1,1
1975,Tranmere Rovers,Exeter City,1,1,4,4,2,0,0
1975,Tranmere Rovers,Lincoln City,2,0,4,4,2,2,1
1975,Tranmere Rovers,Reading,2,0,4,4,2,2,1
1975,Tranmere Rovers,Southport,1,0,4,4,1,1,1
1975,Watford,AFC Bournemouth,1,1,4,4,2,0,0
1975,Watford,Darlington,2,0,4,4,2,2,1
1975,Watford,Hartlepool United,2,1,4,4,3,1,1
1975,Watford,Rochdale,3,0,4,4,3,3,1
1975,Watford,Stockport County,1,1,4,4,2,0,0
1975,Workington,Barnsley,1,7,4,4,8,-6,0
1975,Workington,Cambridge United,1,0,4,4,1,1,1
1975,Workington,Doncaster Rovers,3,1,4,4,4,2,1
1975,Workington,Huddersfield Town,0,2,4,4,2,-2,0
1975,Workington,Northampton Town,1,0,4,4,1,1,1
1975,Workington,Scunthorpe United,2,3,4,4,5,-1,0
1976,Arsenal,Bristol City,0,1,1,1,1,-1,0
1976,Arsenal,Norwich City,1,0,1,1,1,1,1
1976,Aston Villa,Leicester City,2,0,1,1,2,2,1
1976,Aston Villa,Manchester United,3,2,1,1,5,1,1
1976,Birmingham City,Everton,1,1,1,1,2,0,0
1976,Birmingham City,Sunderland,2,0,1,1,2,2,1
1976,Bristol City,Everton,1,2,1,1,3,-1,0
1976,Bristol City,Manchester United,1,1,1,1,2,0,0
1976,Bristol City,Sunderland,4,1,1,1,5,3,1
1976,Coventry City,Everton,4,2,1,1,6,2,1
1976,Coventry City,Leicester City,1,1,1,1,2,0,0
1976,Coventry City,Norwich City,2,0,1,1,2,2,1
1976,Derby County,Birmingham City,0,0,1,1,0,0,0
1976,Derby County,Everton,2,3,1,1,5,-1,0
1976,Derby County,West Ham United,1,1,1,1,2,0,0
1976,Everton,Birmingham City,2,2,1,1,4,0,0
1976,Everton,Manchester United,1,2,1,1,3,-1,0
1976,Everton,West Ham United,3,2,1,1,5,1,1
1976,Ipswich Town,Birmingham City,1,0,1,1,1,1,1
1976,Ipswich Town,Derby County,0,0,1,1,0,0,0
1976,Ipswich Town,Leicester City,0,0,1,1,0,0,0
1976,Ipswich Town,Norwich City,5,0,1,1,5,5,1
1976,Ipswich Town,Sunderland,3,1,1,1,4,2,1
1976,Leeds United,Derby County,2,0,1,1,2,2,1
1976,Leeds United,Manchester United,0,2,1,1,2,-2,0
1976,Leicester City,Sunderland,2,0,1,1,2,2,1
1976,Manchester City,Birmingham City,2,1,1,1,3,1,1
1976,Manchester City,Derby County,3,2,1,1,5,1,1
1976,Manchester City,Leeds United,2,1,1,1,3,1,1
1976,Manchester City,Norwich City,2,0,1,1,2,2,1
1976,Manchester City,Sunderland,1,0,1,1,1,1,1
1976,Manchester City,West Ham United,4,2,1,1,6,2,1
1976,Manchester United,Birmingham City,2,2,1,1,4,0,0
1976,Manchester United,Leeds United,1,0,1,1,1,1,1
1976,Manchester United,Manchester City,3,1,1,1,4,2,1
1976,Manchester United,Norwich City,2,2,1,1,4,0,0
1976,Middlesbrough,Birmingham City,2,2,1,1,4,0,0
1976,Middlesbrough,Derby County,2,0,1,1,2,2,1
1976,Middlesbrough,Manchester City,0,0,1,1,0,0,0
1976,Middlesbrough,Sunderland,2,1,1,1,3,1,1
1976,Newcastle United,Derby County,2,2,1,1,4,0,0
1976,Newcastle United,Leeds United,3,0,1,1,3,3,1
1976,Newcastle United,Manchester City,2,2,1,1,4,0,0
1976,Newcastle United,West Ham United,3,0,1,1,3,3,1
1976,Norwich City,Birmingham City,1,0,1,1,1,1,1
1976,Norwich City,Derby County,0,0,1,1,0,0,0
1976,Norwich City,Manchester City,0,2,1,1,2,-2,0
1976,Norwich City,Sunderland,2,2,1,1,4,0,0
1976,Queens Park Rangers,Birmingham City,2,2,1,1,4,0,0
1976,Queens Park Rangers,Leeds United,0,0,1,1,0,0,0
1976,Queens Park Rangers,Newcastle United,1,2,1,1,3,-1,0
1976,Queens Park Rangers,Sunderland,2,0,1,1,2,2,1
1976,Stoke City,Derby County,1,0,1,1,1,1,1
1976,Stoke City,Manchester City,0,2,1,1,2,-2,0
1976,Stoke City,Sunderland,0,0,1,1,0,0,0
1976,Stoke City,West Ham United,2,1,1,1,3,1,1
1976,Sunderland,Leeds United,0,1,1,1,1,-1,0
1976,Sunderland,Newcastle United,2,2,1,1,4,0,0
1976,Sunderland,West Ham United,6,0,1,1,6,6,1
1976,Tottenham Hotspur,Derby County,0,0,1,1,0,0,0
1976,Tottenham Hotspur,Manchester City,2,2,1,1,4,0,0
1976,West Bromwich Albion,Leeds United,1,2,1,1,3,-1,0
1976,West Bromwich Albion,Manchester City,0,2,1,1,2,-2,0
1976,West Bromwich Albion,Stoke City,3,1,1,1,4,2,1
1976,West Ham United,Birmingham City,2,2,1,1,4,0,0
1976,West Ham United,Manchester City,1,0,1,1,1,1,1
1976,West Ham United,Newcastle United,1,2,1,1,3,-1,0
1976,West Ham United,West Bromwich Albion,0,0,1,1,0,0,0
1976,Blackburn Rovers,Bristol Rovers,0,0,2,2,0,0,0
1976,Blackburn Rovers,Carlisle United,1,3,2,2,4,-2,0
1976,Blackburn Rovers,Fulham,1,0,2,2,1,1,1
1976,Blackburn Rovers,Nottingham Forest,1,3,2,2,4,-2,0
1976,Blackburn Rovers,Plymouth Argyle,2,0,2,2,2,2,1
1976,Blackburn Rovers,Wolverhampton Wanderers,0,2,2,2,2,-2,0
1976,Blackpool,Bristol Rovers,4,0,2,2,4,4,1
1976,Blackpool,Nottingham Forest,1,0,2,2,1,1,1
1976,Blackpool,Wolverhampton Wanderers,2,2,2,2,4,0,0
1976,Bolton Wanderers,Bristol Rovers,1,0,2,2,1,1,1
1976,Bolton Wanderers,Carlisle United,3,4,2,2,7,-1,0
1976,Bolton Wanderers,Fulham,2,1,2,2,3,1,1
1976,Bolton Wanderers,Nottingham Forest,1,1,2,2,2,0,0
1976,Bolton Wanderers,Plymouth Argyle,3,0,2,2,3,3,1
1976,Bristol Rovers,Leyton Orient,1,0,2,2,1,1,1
1976,Bristol Rovers,Plymouth Argyle,1,1,2,2,2,0,0
1976,Bristol Rovers,Wolverhampton Wanderers,1,5,2,2,6,-4,0
1976,Burnley,Bolton Wanderers,0,0,2,2,0,0,0
1976,Burnley,Wolverhampton Wanderers,0,0,2,2,0,0,0
1976,Cardiff City,Leyton Orient,0,1,2,2,1,-1,0
1976,Cardiff City,Plymouth Argyle,0,1,2,2,1,-1,0
1976,Cardiff City,Wolverhampton Wanderers,2,2,2,2,4,0,0
1976,Carlisle United,Fulham,1,2,2,2,3,-1,0
1976,Carlisle United,Leyton Orient,1,0,2,2,1,1,1
1976,Carlisle United,Plymouth Argyle,3,1,2,2,4,2,1
1976,Carlisle United,Wolverhampton Wanderers,2,1,2,2,3,1,1
1976,Charlton Athletic,Bolton Wanderers,1,1,2,2,2,0,0
1976,Charlton Athletic,Cardiff City,0,2,2,2,2,-2,0
1976,Charlton Athletic,Fulham,1,1,2,2,2,0,0
1976,Charlton Athletic,Wolverhampton Wanderers,1,1,2,2,2,0,0
1976,Chelsea,Bolton Wanderers,2,1,2,2,3,1,1
1976,Chelsea,Cardiff City,2,1,2,2,3,1,1
1976,Chelsea,Plymouth Argyle,2,2,2,2,4,0,0
1976,Chelsea,Wolverhampton Wanderers,3,3,2,2,6,0,0
1976,Fulham,Bolton Wanderers,0,2,2,2,2,-2,0
1976,Fulham,Cardiff City,1,2,2,2,3,-1,0
1976,Fulham,Leyton Orient,6,1,2,2,7,5,1
1976,Fulham,Plymouth Argyle,2,0,2,2,2,2,1
1976,Hereford United,Cardiff City,2,2,2,2,4,0,0
1976,Hereford United,Chelsea,2,2,2,2,4,0,0
1976,Hereford United,Leyton Orient,2,3,2,2,5,-1,0
1976,Hereford United,Nottingham Forest,0,1,2,2,1,-1,0
1976,Hereford United,Wolverhampton Wanderers,1,6,2,2,7,-5,0
1976,Hull City,Bolton Wanderers,2,2,2,2,4,0,0
1976,Hull City,Nottingham Forest,1,0,2,2,1,1,1
1976,Hull City,Plymouth Argyle,3,1,2,2,4,2,1
1976,Hull City,Wolverhampton Wanderers,2,0,2,2,2,2,1
1976,Leyton Orient,Nottingham Forest,0,1,2,2,1,-1,0
1976,Luton Town,Cardiff City,2,1,2,2,3,1,1
1976,Luton Town,Nottingham Forest,1,1,2,2,2,0,0
1976,Luton Town,Plymouth Argyle,1,1,2,2,2,0,0
1976,Millwall,Chelsea,3,0,2,2,3,3,1
1976,Millwall,Hull City,2,1,2,2,3,1,1
1976,Millwall,Nottingham Forest,0,2,2,2,2,-2,0
1976,Millwall,Plymouth Argyle,3,0,2,2,3,3,1
1976,Millwall,Wolverhampton Wanderers,1,1,2,2,2,0,0
1976,Nottingham Forest,Millwall,1,0,2,2,1,1,1
1976,Nottingham Forest,Wolverhampton Wanderers,1,3,2,2,4,-2,0
1976,Notts County,Bolton Wanderers,0,1,2,2,1,-1,0
1976,Notts County,Hull City,1,1,2,2,2,0,0
1976,Notts County,Plymouth Argyle,2,0,2,2,2,2,1
1976,Oldham Athletic,Bolton Wanderers,2,2,2,2,4,0,0
1976,Oldham Athletic,Cardiff City,3,2,2,2,5,1,1
1976,Oldham Athletic,Hull City,3,0,2,2,3,3,1
1976,Oldham Athletic,Plymouth Argyle,2,2,2,2,4,0,0
1976,Oldham Athletic,Wolverhampton Wanderers,0,2,2,2,2,-2,0
1976,Plymouth Argyle,Bolton Wanderers,1,1,2,2,2,0,0
1976,Plymouth Argyle,Cardiff City,2,2,2,2,4,0,0
1976,Plymouth Argyle,Hull City,1,2,2,2,3,-1,0
1976,Plymouth Argyle,Millwall,2,2,2,2,4,0,0
1976,Plymouth Argyle,Oldham Athletic,2,2,2,2,4,0,0
1976,Plymouth Argyle,Wolverhampton Wanderers,0,0,2,2,0,0,0
1976,Sheffield United,Bolton Wanderers,2,3,2,2,5,-1,0
1976,Sheffield United,Cardiff City,3,0,2,2,3,3,1
1976,Sheffield United,Oldham Athletic,2,1,2,2,3,1,1
1976,Southampton,Cardiff City,3,2,2,2,5,1,1
1976,Southampton,Oldham Athletic,4,0,2,2,4,4,1
1976,Wolverhampton Wanderers,Bolton Wanderers,1,0,2,2,1,1,1
1976,Brighton & Hove Albion,Northampton Town,2,0,3,3,2,2,1
1976,Brighton & Hove Albion,Reading,2,0,3,3,2,2,1
1976,Bury,Brighton & Hove Albion,3,0,3,3,3,3,1
1976,Bury,Crystal Palace,0,1,3,3,1,-1,0
1976,Bury,Lincoln City,3,0,3,3,3,3,1
1976,Bury,Wrexham,0,2,3,3,2,-2,0
1976,Chester,Bury,1,0,3,3,1,1,1
1976,Chester,Mansfield Town,1,0,3,3,1,1,1
1976,Chester,Preston North End,0,0,3,3,0,0,0
1976,Chester,Sheffield Wednesday,1,0,3,3,1,1,1
1976,Chester,Tranmere Rovers,1,0,3,3,1,1,1
1976,Chester,York City,1,0,3,3,1,1,1
1976,Chesterfield,Port Vale,4,0,3,3,4,4,1
1976,Chesterfield,Walsall,1,0,3,3,1,1,1
1976,Crystal Palace,Chesterfield,0,0,3,3,0,0,0
1976,Crystal Palace,Oxford United,2,2,3,3,4,0,0
1976,Crystal Palace,Rotherham United,2,1,3,3,3,1,1
1976,Crystal Palace,Wrexham,2,1,3,3,3,1,1
1976,Gillingham,Mansfield Town,3,1,3,3,4,2,1
1976,Gillingham,Preston North End,1,1,3,3,2,0,0
1976,Gillingham,Sheffield Wednesday,1,0,3,3,1,1,1
1976,Gillingham,Tranmere Rovers,3,0,3,3,3,3,1
1976,Grimsby Town,Chester,0,0,3,3,0,0,0
1976,Grimsby Town,Port Vale,2,4,3,3,6,-2,0
1976,Grimsby Town,Shrewsbury Town,2,1,3,3,3,1,1
1976,Grimsby Town,Walsall,2,2,3,3,4,0,0
1976,Lincoln City,Brighton & Hove Albion,2,2,3,3,4,0,0
1976,Lincoln City,Chesterfield,3,2,3,3,5,1,1
1976,Lincoln City,Grimsby Town,2,0,3,3,2,2,1
1976,Lincoln City,Oxford United,0,1,3,3,1,-1,0
1976,Lincoln City,Portsmouth,2,1,3,3,3,1,1
1976,Lincoln City,Rotherham United,2,2,3,3,4,0,0
1976,Lincoln City,Swindon Town,0,0,3,3,0,0,0
1976,Mansfield Town,Peterborough United,1,1,3,3,2,0,0
1976,Mansfield Town,Preston North End,3,1,3,3,4,2,1
1976,Northampton Town,Gillingham,1,2,3,3,3,-1,0
1976,Northampton Town,Mansfield Town,0,1,3,3,1,-1,0
1976,Oxford United,Brighton & Hove Albion,1,0,3,3,1,1,1
1976,Oxford United,Chesterfield,3,2,3,3,5,1,1
1976,Oxford United,Portsmouth,2,1,3,3,3,1,1
1976,Oxford United,Rotherham United,1,2,3,3,3,-1,0
1976,Peterborough United,Bury,0,1,3,3,1,-1,0
1976,Peterborough United,Lincoln City,1,2,3,3,3,-1,0
1976,Peterborough United,York City,3,0,3,3,3,3,1
1976,Port Vale,Mansfield Town,1,4,3,3,5,-3,0
1976,Port Vale,Peterborough United,1,1,3,3,2,0,0
1976,Port Vale,Reading,1,0,3,3,1,1,1
1976,Port Vale,Walsall,0,0,3,3,0,0,0
1976,Portsmouth,Northampton Town,2,1,3,3,3,1,1
1976,Portsmouth,Swindon Town,2,1,3,3,3,1,1
1976,Portsmouth,Wrexham,0,1,3,3,1,-1,0
1976,Preston North End,Bury,0,1,3,3,1,-1,0
1976,Preston North End,Oxford United,2,1,3,3,3,1,1
1976,Preston North End,Sheffield Wednesday,4,1,3,3,5,3,1
1976,Preston North End,York City,4,2,3,3,6,2,1
1976,Reading,Chester,2,0,3,3,2,2,1
1976,Reading,Shrewsbury Town,0,0,3,3,0,0,0
1976,Rotherham United,Brighton & Hove Albion,0,0,3,3,0,0,0
1976,Rotherham United,Grimsby Town,3,2,3,3,5,1,1
1976,Rotherham United,Northampton Town,2,0,3,3,2,2,1
1976,Rotherham United,Port Vale,1,1,3,3,2,0,0
1976,Rotherham United,Swindon Town,1,1,3,3,2,0,0
1976,Sheffield Wednesday,Bury,1,0,3,3,1,1,1
1976,Sheffield Wednesday,Crystal Palace,1,0,3,3,1,1,1
1976,Sheffield Wednesday,Lincoln City,1,1,3,3,2,0,0
1976,Sheffield Wednesday,Oxford United,2,0,3,3,2,2,1
1976,Sheffield Wednesday,York City,3,2,3,3,5,1,1
1976,Shrewsbury Town,Preston North End,1,2,3,3,3,-1,0
1976,Shrewsbury Town,Walsall,1,2,3,3,3,-1,0
1976,Swindon Town,Grimsby Town,4,1,3,3,5,3,1
1976,Swindon Town,Northampton Town,5,1,3,3,6,4,1
1976,Tranmere Rovers,Oxford United,1,1,3,3,2,0,0
1976,Walsall,Chester,1,0,3,3,1,1,1
1976,Walsall,Sheffield Wednesday,5,1,3,3,6,4,1
1976,Walsall,Tranmere Rovers,2,0,3,3,2,2,1
1976,Wrexham,Chesterfield,3,1,3,3,4,2,1
1976,Wrexham,Grimsby Town,3,2,3,3,5,1,1
1976,Wrexham,Northampton Town,3,1,3,3,4,2,1
1976,Wrexham,Port Vale,6,2,3,3,8,4,1
1976,Wrexham,Reading,3,1,3,3,4,2,1
1976,Wrexham,Shrewsbury Town,1,0,3,3,1,1,1
1976,Wrexham,Walsall,1,0,3,3,1,1,1
1976,York City,Bury,2,2,3,3,4,0,0
1976,York City,Oxford United,2,1,3,3,3,1,1
1976,York City,Portsmouth,1,4,3,3,5,-3,0
1976,York City,Rotherham United,1,1,3,3,2,0,0
1976,York City,Swindon Town,4,2,3,3,6,2,1
1976,AFC Bournemouth,Bradford City,1,1,4,4,2,0,0
1976,AFC Bournemouth,Hartlepool United,2,0,4,4,2,2,1
1976,AFC Bournemouth,Rochdale,1,1,4,4,2,0,0
1976,AFC Bournemouth,Southport,5,0,4,4,5,5,1
1976,AFC Bournemouth,Torquay United,1,1,4,4,2,0,0
1976,Aldershot,Brentford,1,1,4,4,2,0,0
1976,Aldershot,Exeter City,2,2,4,4,4,0,0
1976,Aldershot,Huddersfield Town,1,0,4,4,1,1,1
1976,Barnsley,Darlington,1,1,4,4,2,0,0
1976,Barnsley,Newport County,2,0,4,4,2,2,1
1976,Barnsley,Southend United,3,1,4,4,4,2,1
1976,Barnsley,Swansea City,1,0,4,4,1,1,1
1976,Barnsley,Workington,4,0,4,4,4,4,1
1976,Bradford City,Barnsley,0,0,4,4,0,0,0
1976,Bradford City,Rochdale,3,0,4,4,3,3,1
1976,Bradford City,Torquay United,3,2,4,4,5,1,1
1976,Brentford,AFC Bournemouth,3,2,4,4,5,1,1
1976,Brentford,Bradford City,4,0,4,4,4,4,1
1976,Brentford,Exeter City,1,0,4,4,1,1,1
1976,Brentford,Stockport County,4,0,4,4,4,4,1
1976,Brentford,Watford,3,0,4,4,3,3,1
1976,Cambridge United,Aldershot,4,1,4,4,5,3,1
1976,Cambridge United,Darlington,4,0,4,4,4,4,1
1976,Cambridge United,Halifax Town,4,0,4,4,4,4,1
1976,Cambridge United,Newport County,3,1,4,4,4,2,1
1976,Cambridge United,Southend United,2,3,4,4,5,-1,0
1976,Cambridge United,Swansea City,2,3,4,4,5,-1,0
1976,Cambridge United,Workington,4,1,4,4,5,3,1
1976,Colchester United,Cambridge United,0,1,4,4,1,-1,0
1976,Colchester United,Hartlepool United,6,2,4,4,8,4,1
1976,Colchester United,Rochdale,1,0,4,4,1,1,1
1976,Colchester United,Southport,4,1,4,4,5,3,1
1976,Colchester United,Torquay United,4,0,4,4,4,4,1
1976,Crewe Alexandra,AFC Bournemouth,2,1,4,4,3,1,1
1976,Crewe Alexandra,Bradford City,1,0,4,4,1,1,1
1976,Crewe Alexandra,Colchester United,1,0,4,4,1,1,1
1976,Crewe Alexandra,Huddersfield Town,0,0,4,4,0,0,0
1976,Crewe Alexandra,Watford,2,0,4,4,2,2,1
1976,Darlington,Aldershot,2,1,4,4,3,1,1
1976,Darlington,Newport County,1,0,4,4,1,1,1
1976,Darlington,Southend United,0,0,4,4,0,0,0
1976,Darlington,Swansea City,0,4,4,4,4,-4,0
1976,Doncaster Rovers,Barnsley,2,1,4,4,3,1,1
1976,Doncaster Rovers,Rochdale,2,0,4,4,2,2,1
1976,Doncaster Rovers,Torquay United,0,4,4,4,4,-4,0
1976,Exeter City,Doncaster Rovers,0,2,4,4,2,-2,0
1976,Exeter City,Huddersfield Town,2,0,4,4,2,2,1
1976,Exeter City,Scunthorpe United,2,0,4,4,2,2,1
1976,Exeter City,Watford,2,2,4,4,4,0,0
1976,Halifax Town,Aldershot,2,0,4,4,2,2,1
1976,Halifax Town,Crewe Alexandra,3,0,4,4,3,3,1
1976,Halifax Town,Exeter City,1,2,4,4,3,-1,0
1976,Halifax Town,Newport County,0,0,4,4,0,0,0
1976,Halifax Town,Southend United,3,1,4,4,4,2,1
1976,Hartlepool United,Cambridge United,2,2,4,4,4,0,0
1976,Hartlepool United,Southport,1,1,4,4,2,0,0
1976,Huddersfield Town,Bradford City,3,0,4,4,3,3,1
1976,Huddersfield Town,Colchester United,0,0,4,4,0,0,0
1976,Huddersfield Town,Doncaster Rovers,2,1,4,4,3,1,1
1976,Huddersfield Town,Stockport County,2,0,4,4,2,2,1
1976,Newport County,Crewe Alexandra,2,1,4,4,3,1,1
1976,Newport County,Exeter City,0,3,4,4,3,-3,0
1976,Newport County,Workington,1,0,4,4,1,1,1
1976,Rochdale,Cambridge United,2,2,4,4,4,0,0
1976,Rochdale,Darlington,2,2,4,4,4,0,0
1976,Rochdale,Halifax Town,4,1,4,4,5,3,1
1976,Rochdale,Southport,3,0,4,4,3,3,1
1976,Rochdale,Torquay United,0,1,4,4,1,-1,0
1976,Scunthorpe United,AFC Bournemouth,0,0,4,4,0,0,0
1976,Scunthorpe United,Hartlepool United,2,0,4,4,2,2,1
1976,Scunthorpe United,Stockport County,2,2,4,4,4,0,0
1976,Scunthorpe United,Watford,0,0,4,4,0,0,0
1976,Southend United,Huddersfield Town,1,1,4,4,2,0,0
1976,Southend United,Swansea City,1,2,4,4,3,-1,0
1976,Southend United,Workington,2,0,4,4,2,2,1
1976,Southport,Barnsley,1,0,4,4,1,1,1
1976,Southport,Cambridge United,0,0,4,4,0,0,0
1976,Southport,Darlington,0,0,4,4,0,0,0
1976,Southport,Halifax Town,0,0,4,4,0,0,0
1976,Southport,Torquay United,1,1,4,4,2,0,0
1976,Stockport County,Bradford City,1,1,4,4,2,0,0
1976,Stockport County,Doncaster Rovers,2,1,4,4,3,1,1
1976,Stockport County,Hartlepool United,1,0,4,4,1,1,1
1976,Stockport County,Watford,2,2,4,4,4,0,0
1976,Swansea City,Aldershot,4,2,4,4,6,2,1
1976,Swansea City,Brentford,5,3,4,4,8,2,1
1976,Swansea City,Scunthorpe United,2,0,4,4,2,2,1
1976,Swansea City,Stockport County,4,4,4,4,8,0,0
1976,Swansea City,Workington,4,0,4,4,4,4,1
1976,Torquay United,Darlington,2,0,4,4,2,2,1
1976,Torquay United,Newport County,1,0,4,4,1,1,1
1976,Torquay United,Swansea City,2,1,4,4,3,1,1
1976,Watford,Bradford City,1,1,4,4,2,0,0
1976,Watford,Colchester United,2,1,4,4,3,1,1
1976,Watford,Doncaster Rovers,5,1,4,4,6,4,1
1976,Watford,Hartlepool United,4,0,4,4,4,4,1
1976,Watford,Torquay United,4,0,4,4,4,4,1
1976,Workington,Brentford,1,3,4,4,4,-2,0
1976,Workington,Crewe Alexandra,1,0,4,4,1,1,1
1976,Workington,Scunthorpe United,1,0,4,4,1,1,1
1976,Workington,Stockport County,2,2,4,4,4,0,0
1977,Arsenal,Bristol City,4,1,1,1,5,3,1
1977,Arsenal,Derby County,1,3,1,1,4,-2,0
1977,Arsenal,Newcastle United,2,1,1,1,3,1,1
1977,Arsenal,Queens Park Rangers,1,0,1,1,1,1,1
1977,Aston Villa,Bristol City,1,0,1,1,1,1,1
1977,Aston Villa,Derby County,0,0,1,1,0,0,0
1977,Aston Villa,Manchester City,1,4,1,1,5,-3,0
1977,Aston Villa,Wolverhampton Wanderers,2,0,1,1,2,2,1
1977,Birmingham City,Bristol City,3,0,1,1,3,3,1
1977,Birmingham City,Derby County,3,1,1,1,4,2,1
1977,Birmingham City,Queens Park Rangers,2,1,1,1,3,1,1
1977,Birmingham City,Wolverhampton Wanderers,2,1,1,1,3,1,1
1977,Bristol City,Birmingham City,0,1,1,1,1,-1,0
1977,Bristol City,Manchester City,2,2,1,1,4,0,0
1977,Bristol City,Queens Park Rangers,2,2,1,1,4,0,0
1977,Bristol City,Wolverhampton Wanderers,2,3,1,1,5,-1,0
1977,Chelsea,Derby County,1,1,1,1,2,0,0
1977,Chelsea,Newcastle United,2,2,1,1,4,0,0
1977,Chelsea,Wolverhampton Wanderers,1,1,1,1,2,0,0
1977,Coventry City,Wolverhampton Wanderers,4,0,1,1,4,4,1
1977,Derby County,Birmingham City,1,3,1,1,4,-2,0
1977,Derby County,Coventry City,4,2,1,1,6,2,1
1977,Derby County,Leeds United,2,2,1,1,4,0,0
1977,Derby County,Manchester City,2,1,1,1,3,1,1
1977,Derby County,Newcastle United,1,1,1,1,2,0,0
1977,Derby County,Queens Park Rangers,2,0,1,1,2,2,1
1977,Derby County,Wolverhampton Wanderers,3,1,1,1,4,2,1
1977,Everton,Coventry City,6,0,1,1,6,6,1
1977,Everton,Newcastle United,4,4,1,1,8,0,0
1977,Everton,Queens Park Rangers,3,3,1,1,6,0,0
1977,Ipswich Town,Birmingham City,5,2,1,1,7,3,1
1977,Ipswich Town,Manchester City,1,0,1,1,1,1,1
1977,Leeds United,Coventry City,2,0,1,1,2,2,1
1977,Leeds United,Ipswich Town,2,1,1,1,3,1,1
1977,Leeds United,Queens Park Rangers,3,0,1,1,3,3,1
1977,Leeds United,Wolverhampton Wanderers,2,1,1,1,3,1,1
1977,Leicester City,Birmingham City,1,4,1,1,5,-3,0
1977,Leicester City,Ipswich Town,2,1,1,1,3,1,1
1977,Leicester City,Manchester City,0,1,1,1,1,-1,0
1977,Leicester City,Newcastle United,3,0,1,1,3,3,1
1977,Leicester City,Queens Park Rangers,0,0,1,1,0,0,0
1977,Leicester City,Wolverhampton Wanderers,1,0,1,1,1,1,1
1977,Liverpool,Coventry City,2,0,1,1,2,2,1
1977,Liverpool,Ipswich Town,2,2,1,1,4,0,0
1977,Liverpool,Newcastle United,2,0,1,1,2,2,1
1977,Liverpool,Queens Park Rangers,1,0,1,1,1,1,1
1977,Manchester City,Birmingham City,3,0,1,1,3,3,1
1977,Manchester City,Coventry City,3,1,1,1,4,2,1
1977,Manchester United,Coventry City,2,1,1,1,3,1,1
1977,Manchester United,Newcastle United,3,2,1,1,5,1,1
1977,Middlesbrough,Coventry City,1,1,1,1,2,0,0
1977,Middlesbrough,Ipswich Town,1,1,1,1,2,0,0
1977,Newcastle United,Liverpool,0,2,1,1,2,-2,0
1977,Newcastle United,Middlesbrough,2,4,1,1,6,-2,0
1977,Norwich City,Birmingham City,1,0,1,1,1,1,1
1977,Norwich City,Ipswich Town,1,0,1,1,1,1,1
1977,Norwich City,Queens Park Rangers,1,1,1,1,2,0,0
1977,Norwich City,Wolverhampton Wanderers,2,1,1,1,3,1,1
1977,Nottingham Forest,Birmingham City,0,0,1,1,0,0,0
1977,Nottingham Forest,Coventry City,2,1,1,1,3,1,1
1977,Queens Park Rangers,Coventry City,2,1,1,1,3,1,1
1977,Queens Park Rangers,Ipswich Town,3,3,1,1,6,0,0
1977,Queens Park Rangers,Liverpool,2,0,1,1,2,2,1
1977,Queens Park Rangers,Wolverhampton Wanderers,1,3,1,1,4,-2,0
1977,West Bromwich Albion,Birmingham City,3,1,1,1,4,2,1
1977,West Bromwich Albion,Coventry City,3,3,1,1,6,0,0
1977,West Bromwich Albion,Ipswich Town,1,0,1,1,1,1,1
1977,West Bromwich Albion,Middlesbrough,2,1,1,1,3,1,1
1977,West Bromwich Albion,Nottingham Forest,2,2,1,1,4,0,0
1977,West Ham United,Birmingham City,1,0,1,1,1,1,1
1977,West Ham United,Coventry City,2,1,1,1,3,1,1
1977,West Ham United,Ipswich Town,3,0,1,1,3,3,1
1977,West Ham United,Middlesbrough,0,2,1,1,2,-2,0
1977,Wolverhampton Wanderers,Birmingham City,0,1,1,1,1,-1,0
1977,Wolverhampton Wanderers,Coventry City,1,3,1,1,4,-2,0
1977,Wolverhampton Wanderers,Ipswich Town,0,0,1,1,0,0,0
1977,Wolverhampton Wanderers,Liverpool,1,3,1,1,4,-2,0
1977,Wolverhampton Wanderers,Middlesbrough,0,0,1,1,0,0,0
1977,Blackburn Rovers,Fulham,4,0,2,2,4,4,1
1977,Blackburn Rovers,Luton Town,2,0,2,2,2,2,1
1977,Blackburn Rovers,Notts County,1,0,2,2,1,1,1
1977,Blackburn Rovers,Southampton,2,1,2,2,3,1,1
1977,Blackpool,Cardiff City,3,0,2,2,3,3,1
1977,Blackpool,Fulham,1,2,2,2,3,-1,0
1977,Blackpool,Tottenham Hotspur,0,2,2,2,2,-2,0
1977,Bolton Wanderers,Cardiff City,6,3,2,2,9,3,1
1977,Bolton Wanderers,Luton Town,2,1,2,2,3,1,1
1977,Bolton Wanderers,Notts County,2,0,2,2,2,2,1
1977,Bolton Wanderers,Southampton,0,0,2,2,0,0,0
1977,Brighton & Hove Albion,Bolton Wanderers,1,2,2,2,3,-1,0
1977,Brighton & Hove Albion,Notts County,2,1,2,2,3,1,1
1977,Bristol Rovers,Bolton Wanderers,0,1,2,2,1,-1,0
1977,Bristol Rovers,Cardiff City,3,2,2,2,5,1,1
1977,Bristol Rovers,Fulham,0,0,2,2,0,0,0
1977,Bristol Rovers,Southampton,0,0,2,2,0,0,0
1977,Burnley,Cardiff City,4,2,2,2,6,2,1
1977,Burnley,Luton Town,2,1,2,2,3,1,1
1977,Burnley,Southampton,3,3,2,2,6,0,0
1977,Burnley,Tottenham Hotspur,2,1,2,2,3,1,1
1977,Cardiff City,Notts County,2,1,2,2,3,1,1
1977,Cardiff City,Southampton,1,0,2,2,1,1,1
1977,Charlton Athletic,Bolton Wanderers,2,1,2,2,3,1,1
1977,Charlton Athletic,Burnley,3,2,2,2,5,1,1
1977,Charlton Athletic,Luton Town,0,0,2,2,0,0,0
1977,Charlton Athletic,Southampton,1,3,2,2,4,-2,0
1977,Charlton Athletic,Tottenham Hotspur,4,1,2,2,5,3,1
1977,Crystal Palace,Luton Town,3,3,2,2,6,0,0
1977,Crystal Palace,Southampton,1,2,2,2,3,-1,0
1977,Fulham,Burnley,4,1,2,2,5,3,1
1977,Fulham,Southampton,1,1,2,2,2,0,0
1977,Hull City,Bolton Wanderers,0,0,2,2,0,0,0
1977,Hull City,Burnley,1,3,2,2,4,-2,0
1977,Hull City,Crystal Palace,1,0,2,2,1,1,1
1977,Hull City,Southampton,0,3,2,2,3,-3,0
1977,Leyton Orient,Burnley,3,0,2,2,3,3,1
1977,Leyton Orient,Crystal Palace,0,0,2,2,0,0,0
1977,Leyton Orient,Notts County,0,0,2,2,0,0,0
1977,Luton Town,Notts County,2,0,2,2,2,2,1
1977,Luton Town,Southampton,1,2,2,2,3,-1,0
1977,Luton Town,Tottenham Hotspur,1,4,2,2,5,-3,0
1977,Mansfield Town,Burnley,4,1,2,2,5,3,1
1977,Mansfield Town,Crystal Palace,1,3,2,2,4,-2,0
1977,Mansfield Town,Leyton Orient,1,1,2,2,2,0,0
1977,Millwall,Bolton Wanderers,1,0,2,2,1,1,1
1977,Millwall,Burnley,1,1,2,2,2,0,0
1977,Millwall,Leyton Orient,2,0,2,2,2,2,1
1977,Millwall,Southampton,3,0,2,2,3,3,1
1977,Notts County,Bolton Wanderers,1,1,2,2,2,0,0
1977,Notts County,Leyton Orient,1,1,2,2,2,0,0
1977,Notts County,Tottenham Hotspur,3,3,2,2,6,0,0
1977,Oldham Athletic,Burnley,2,0,2,2,2,2,1
1977,Oldham Athletic,Crystal Palace,1,1,2,2,2,0,0
1977,Oldham Athletic,Leyton Orient,2,1,2,2,3,1,1
1977,Oldham Athletic,Millwall,2,2,2,2,4,0,0
1977,Oldham Athletic,Southampton,1,1,2,2,2,0,0
1977,Oldham Athletic,Tottenham Hotspur,1,1,2,2,2,0,0
1977,Sheffield United,Southampton,3,2,2,2,5,1,1
1977,Sheffield United,Tottenham Hotspur,2,2,2,2,4,0,0
1977,Southampton,Burnley,3,0,2,2,3,3,1
1977,Southampton,Crystal Palace,2,0,2,2,2,2,1
1977,Southampton,Leyton Orient,1,0,2,2,1,1,1
1977,Southampton,Millwall,2,3,2,2,5,-1,0
1977,Southampton,Sheffield United,2,1,2,2,3,1,1
1977,Southampton,Tottenham Hotspur,0,0,2,2,0,0,0
1977,Stoke City,Burnley,2,1,2,2,3,1,1
1977,Stoke City,Crystal Palace,0,2,2,2,2,-2,0
1977,Stoke City,Sheffield United,4,0,2,2,4,4,1
1977,Sunderland,Leyton Orient,1,1,2,2,2,0,0
1977,Sunderland,Sheffield United,5,1,2,2,6,4,1
1977,Tottenham Hotspur,Bolton Wanderers,1,0,2,2,1,1,1
1977,Tottenham Hotspur,Crystal Palace,2,2,2,2,4,0,0
1977,Tottenham Hotspur,Millwall,3,3,2,2,6,0,0
1977,Tottenham Hotspur,Sheffield United,4,2,2,2,6,2,1
1977,Bradford City,Carlisle United,2,2,3,3,4,0,0
1977,Bradford City,Portsmouth,1,0,3,3,1,1,1
1977,Bury,Bradford City,2,2,3,3,4,0,0
1977,Bury,Chester,1,1,3,3,2,0,0
1977,Cambridge United,Gillingham,2,3,3,3,5,-1,0
1977,Cambridge United,Oxford United,2,1,3,3,3,1,1
1977,Cambridge United,Swindon Town,5,2,3,3,7,3,1
1977,Carlisle United,Cambridge United,1,1,3,3,2,0,0
1977,Carlisle United,Colchester United,1,3,3,3,4,-2,0
1977,Carlisle United,Hereford United,2,0,3,3,2,2,1
1977,Carlisle United,Sheffield Wednesday,1,0,3,3,1,1,1
1977,Carlisle United,Tranmere Rovers,2,2,3,3,4,0,0
1977,Chester,Carlisle United,2,2,3,3,4,0,0
1977,Chester,Exeter City,2,1,3,3,3,1,1
1977,Chester,Walsall,1,1,3,3,2,0,0
1977,Chesterfield,Bury,2,1,3,3,3,1,1
1977,Chesterfield,Chester,1,2,3,3,3,-1,0
1977,Chesterfield,Rotherham United,0,0,3,3,0,0,0
1977,Chesterfield,Swindon Town,3,1,3,3,4,2,1
1977,Chesterfield,Wrexham,1,0,3,3,1,1,1
1977,Colchester United,Hereford United,0,0,3,3,0,0,0
1977,Colchester United,Portsmouth,4,0,3,3,4,4,1
1977,Colchester United,Sheffield Wednesday,1,1,3,3,2,0,0
1977,Exeter City,Bradford City,1,0,3,3,1,1,1
1977,Exeter City,Carlisle United,0,1,3,3,1,-1,0
1977,Exeter City,Lincoln City,3,0,3,3,3,3,1
1977,Exeter City,Preston North End,2,0,3,3,2,2,1
1977,Exeter City,Shrewsbury Town,1,1,3,3,2,0,0
1977,Gillingham,Bury,1,4,3,3,5,-3,0
1977,Gillingham,Wrexham,0,0,3,3,0,0,0
1977,Hereford United,Cambridge United,0,0,3,3,0,0,0
1977,Hereford United,Chesterfield,2,1,3,3,3,1,1
1977,Hereford United,Gillingham,2,0,3,3,2,2,1
1977,Hereford United,Sheffield Wednesday,0,1,3,3,1,-1,0
1977,Hereford United,Tranmere Rovers,0,1,3,3,1,-1,0
1977,Lincoln City,Carlisle United,2,1,3,3,3,1,1
1977,Lincoln City,Hereford United,0,0,3,3,0,0,0
1977,Lincoln City,Plymouth Argyle,2,2,3,3,4,0,0
1977,Lincoln City,Shrewsbury Town,1,3,3,3,4,-2,0
1977,Oxford United,Chester,4,1,3,3,5,3,1
1977,Oxford United,Rotherham United,2,3,3,3,5,-1,0
1977,Oxford United,Wrexham,2,1,3,3,3,1,1
1977,Peterborough United,Gillingham,1,1,3,3,2,0,0
1977,Peterborough United,Oxford United,1,0,3,3,1,1,1
1977,Peterborough United,Portsmouth,0,0,3,3,0,0,0
1977,Peterborough United,Sheffield Wednesday,2,1,3,3,3,1,1
1977,Plymouth Argyle,Bradford City,6,0,3,3,6,6,1
1977,Plymouth Argyle,Peterborough United,1,0,3,3,1,1,1
1977,Plymouth Argyle,Preston North End,0,0,3,3,0,0,0
1977,Port Vale,Chester,0,0,3,3,0,0,0
1977,Port Vale,Plymouth Argyle,3,3,3,3,6,0,0
1977,Port Vale,Rotherham United,3,0,3,3,3,3,1
1977,Portsmouth,Cambridge United,2,2,3,3,4,0,0
1977,Portsmouth,Gillingham,1,1,3,3,2,0,0
1977,Portsmouth,Port Vale,1,1,3,3,2,0,0
1977,Preston North End,Bradford City,3,1,3,3,4,2,1
1977,Preston North End,Carlisle United,2,1,3,3,3,1,1
1977,Preston North End,Colchester United,4,0,3,3,4,4,1
1977,Preston North End,Hereford United,0,0,3,3,0,0,0
1977,Preston North End,Peterborough United,0,1,3,3,1,-1,0
1977,Preston North End,Portsmouth,3,1,3,3,4,2,1
1977,Rotherham United,Bury,0,3,3,3,3,-3,0
1977,Rotherham United,Lincoln City,0,0,3,3,0,0,0
1977,Rotherham United,Plymouth Argyle,1,2,3,3,3,-1,0
1977,Sheffield Wednesday,Chesterfield,1,0,3,3,1,1,1
1977,Sheffield Wednesday,Port Vale,3,1,3,3,4,2,1
1977,Sheffield Wednesday,Tranmere Rovers,1,0,3,3,1,1,1
1977,Shrewsbury Town,Colchester United,1,0,3,3,1,1,1
1977,Shrewsbury Town,Hereford United,3,0,3,3,3,3,1
1977,Shrewsbury Town,Peterborough United,0,0,3,3,0,0,0
1977,Shrewsbury Town,Portsmouth,6,1,3,3,7,5,1
1977,Shrewsbury Town,Sheffield Wednesday,0,0,3,3,0,0,0
1977,Swindon Town,Bury,1,1,3,3,2,0,0
1977,Swindon Town,Lincoln City,1,0,3,3,1,1,1
1977,Swindon Town,Wrexham,1,2,3,3,3,-1,0
1977,Tranmere Rovers,Cambridge United,0,1,3,3,1,-1,0
1977,Tranmere Rovers,Chesterfield,1,1,3,3,2,0,0
1977,Tranmere Rovers,Port Vale,2,1,3,3,3,1,1
1977,Tranmere Rovers,Rotherham United,2,2,3,3,4,0,0
1977,Walsall,Carlisle United,0,0,3,3,0,0,0
1977,Wrexham,Chester,1,2,3,3,3,-1,0
1977,Wrexham,Plymouth Argyle,2,0,3,3,2,2,1
1977,Wrexham,Preston North End,0,0,3,3,0,0,0
1977,Wrexham,Shrewsbury Town,0,0,3,3,0,0,0
1977,Wrexham,Walsall,1,0,3,3,1,1,1
1977,AFC Bournemouth,Brentford,3,2,4,4,5,1,1
1977,AFC Bournemouth,Stockport County,1,0,4,4,1,1,1
1977,AFC Bournemouth,Watford,1,2,4,4,3,-1,0
1977,Aldershot,Crewe Alexandra,2,0,4,4,2,2,1
1977,Aldershot,Reading,1,1,4,4,2,0,0
1977,Aldershot,Southend United,3,0,4,4,3,3,1
1977,Aldershot,Swansea City,2,2,4,4,4,0,0
1977,Barnsley,Rochdale,4,0,4,4,4,4,1
1977,Brentford,Hartlepool United,2,0,4,4,2,2,1
1977,Brentford,Scunthorpe United,2,0,4,4,2,2,1
1977,Crewe Alexandra,AFC Bournemouth,3,1,4,4,4,2,1
1977,Crewe Alexandra,Brentford,4,6,4,4,10,-2,0
1977,Crewe Alexandra,Huddersfield Town,1,1,4,4,2,0,0
1977,Crewe Alexandra,Reading,1,1,4,4,2,0,0
1977,Crewe Alexandra,Swansea City,2,1,4,4,3,1,1
1977,Crewe Alexandra,Wimbledon,0,0,4,4,0,0,0
1977,Darlington,Rochdale,1,0,4,4,1,1,1
1977,Darlington,Southport,3,0,4,4,3,3,1
1977,Darlington,York City,0,2,4,4,2,-2,0
1977,Doncaster Rovers,Barnsley,2,1,4,4,3,1,1
1977,Doncaster Rovers,Darlington,1,2,4,4,3,-1,0
1977,Doncaster Rovers,Scunthorpe United,1,1,4,4,2,0,0
1977,Doncaster Rovers,Stockport County,1,0,4,4,1,1,1
1977,Grimsby Town,AFC Bournemouth,0,2,4,4,2,-2,0
1977,Grimsby Town,Brentford,2,1,4,4,3,1,1
1977,Grimsby Town,Reading,0,1,4,4,1,-1,0
1977,Grimsby Town,Swansea City,2,1,4,4,3,1,1
1977,Halifax Town,Grimsby Town,0,0,4,4,0,0,0
1977,Halifax Town,Rochdale,3,1,4,4,4,2,1
1977,Halifax Town,Southport,2,1,4,4,3,1,1
1977,Halifax Town,Torquay United,0,0,4,4,0,0,0
1977,Halifax Town,York City,2,0,4,4,2,2,1
1977,Hartlepool United,Darlington,2,1,4,4,3,1,1
1977,Hartlepool United,Northampton Town,0,2,4,4,2,-2,0
1977,Hartlepool United,Scunthorpe United,1,0,4,4,1,1,1
1977,Hartlepool United,Stockport County,2,0,4,4,2,2,1
1977,Huddersfield Town,AFC Bournemouth,2,0,4,4,2,2,1
1977,Huddersfield Town,Doncaster Rovers,4,1,4,4,5,3,1
1977,Huddersfield Town,Hartlepool United,3,1,4,4,4,2,1
1977,Newport County,Aldershot,2,1,4,4,3,1,1
1977,Newport County,Crewe Alexandra,1,0,4,4,1,1,1
1977,Newport County,Grimsby Town,3,0,4,4,3,3,1
1977,Newport County,Southport,1,1,4,4,2,0,0
1977,Newport County,York City,2,1,4,4,3,1,1
1977,Northampton Town,Barnsley,1,1,4,4,2,0,0
1977,Northampton Town,Darlington,2,2,4,4,4,0,0
1977,Northampton Town,Newport County,2,4,4,4,6,-2,0
1977,Northampton Town,Watford,0,2,4,4,2,-2,0
1977,Reading,AFC Bournemouth,0,0,4,4,0,0,0
1977,Reading,Doncaster Rovers,3,0,4,4,3,3,1
1977,Reading,Southend United,0,1,4,4,1,-1,0
1977,Reading,Wimbledon,2,2,4,4,4,0,0
1977,Rochdale,Crewe Alexandra,0,2,4,4,2,-2,0
1977,Rochdale,Grimsby Town,1,3,4,4,4,-2,0
1977,Rochdale,Huddersfield Town,0,0,4,4,0,0,0
1977,Rochdale,Reading,1,0,4,4,1,1,1
1977,Rochdale,Southport,2,1,4,4,3,1,1
1977,Rochdale,Torquay United,1,3,4,4,4,-2,0
1977,Rochdale,York City,1,2,4,4,3,-1,0
1977,Scunthorpe United,Halifax Town,2,0,4,4,2,2,1
1977,Scunthorpe United,Newport County,2,0,4,4,2,2,1
1977,Scunthorpe United,Rochdale,1,0,4,4,1,1,1
1977,Southend United,Doncaster Rovers,4,0,4,4,4,4,1
1977,Southend United,Northampton Town,0,0,4,4,0,0,0
1977,Southend United,Scunthorpe United,2,0,4,4,2,2,1
1977,Southend United,Swansea City,2,1,4,4,3,1,1
1977,Southport,Aldershot,1,1,4,4,2,0,0
1977,Southport,Reading,1,1,4,4,2,0,0
1977,Southport,Torquay United,0,0,4,4,0,0,0
1977,Southport,York City,4,1,4,4,5,3,1
1977,Stockport County,Barnsley,3,0,4,4,3,3,1
1977,Stockport County,Rochdale,2,0,4,4,2,2,1
1977,Stockport County,Southport,2,1,4,4,3,1,1
1977,Stockport County,Watford,1,3,4,4,4,-2,0
1977,Swansea City,AFC Bournemouth,1,0,4,4,1,1,1
1977,Swansea City,Doncaster Rovers,3,0,4,4,3,3,1
1977,Swansea City,Hartlepool United,8,0,4,4,8,8,1
1977,Swansea City,Stockport County,3,1,4,4,4,2,1
1977,Swansea City,Wimbledon,3,0,4,4,3,3,1
1977,Torquay United,Aldershot,1,2,4,4,3,-1,0
1977,Torquay United,Grimsby Town,3,1,4,4,4,2,1
1977,Torquay United,Reading,3,0,4,4,3,3,1
1977,Torquay United,Swansea City,2,4,4,4,6,-2,0
1977,Watford,Darlington,2,1,4,4,3,1,1
1977,Watford,Halifax Town,1,1,4,4,2,0,0
1977,Watford,Southport,3,2,4,4,5,1,1
1977,Watford,Torquay United,1,0,4,4,1,1,1
1977,Wimbledon,AFC Bournemouth,3,1,4,4,4,2,1
1977,Wimbledon,Watford,1,3,4,4,4,-2,0
1977,York City,Crewe Alexandra,1,1,4,4,2,0,0
1977,York City,Southend United,1,2,4,4,3,-1,0
1977,York City,Swansea City,2,1,4,4,3,1,1
1977,York City,Wimbledon,1,1,4,4,2,0,0
1978,Arsenal,Bolton Wanderers,1,0,1,1,1,1,1
1978,Arsenal,Ipswich Town,4,1,1,1,5,3,1
1978,Arsenal,Norwich City,1,1,1,1,2,0,0
1978,Arsenal,Southampton,1,0,1,1,1,1,1
1978,Arsenal,Wolverhampton Wanderers,0,1,1,1,1,-1,0
1978,Aston Villa,Ipswich Town,2,2,1,1,4,0,0
1978,Aston Villa,Norwich City,1,1,1,1,2,0,0
1978,Aston Villa,Wolverhampton Wanderers,1,0,1,1,1,1,1
1978,Birmingham City,Coventry City,0,0,1,1,0,0,0
1978,Birmingham City,Southampton,2,2,1,1,4,0,0
1978,Birmingham City,Wolverhampton Wanderers,1,1,1,1,2,0,0
1978,Bolton Wanderers,Coventry City,0,0,1,1,0,0,0
1978,Bolton Wanderers,Manchester City,2,2,1,1,4,0,0
1978,Bolton Wanderers,Southampton,2,0,1,1,2,2,1
1978,Bristol City,Birmingham City,2,1,1,1,3,1,1
1978,Bristol City,Coventry City,5,0,1,1,5,5,1
1978,Bristol City,Manchester City,1,1,1,1,2,0,0
1978,Chelsea,Birmingham City,2,1,1,1,3,1,1
1978,Chelsea,Coventry City,1,3,1,1,4,-2,0
1978,Chelsea,Ipswich Town,2,3,1,1,5,-1,0
1978,Coventry City,Chelsea,3,2,1,1,5,1,1
1978,Coventry City,Southampton,4,0,1,1,4,4,1
1978,Derby County,Ipswich Town,0,1,1,1,1,-1,0
1978,Derby County,Norwich City,1,1,1,1,2,0,0
1978,Derby County,Wolverhampton Wanderers,4,1,1,1,5,3,1
1978,Everton,Chelsea,3,2,1,1,5,1,1
1978,Everton,Ipswich Town,0,1,1,1,1,-1,0
1978,Everton,Southampton,0,0,1,1,0,0,0
1978,Ipswich Town,Birmingham City,3,0,1,1,3,3,1
1978,Ipswich Town,Chelsea,5,1,1,1,6,4,1
1978,Ipswich Town,Everton,0,1,1,1,1,-1,0
1978,Ipswich Town,Manchester City,2,1,1,1,3,1,1
1978,Leeds United,Birmingham City,3,0,1,1,3,3,1
1978,Leeds United,Chelsea,2,1,1,1,3,1,1
1978,Leeds United,Manchester City,1,1,1,1,2,0,0
1978,Leeds United,Southampton,4,0,1,1,4,4,1
1978,Leeds United,Wolverhampton Wanderers,3,0,1,1,3,3,1
1978,Liverpool,Chelsea,2,0,1,1,2,2,1
1978,Liverpool,Everton,1,1,1,1,2,0,0
1978,Liverpool,Manchester City,1,0,1,1,1,1,1
1978,Liverpool,Southampton,2,0,1,1,2,2,1
1978,Liverpool,Wolverhampton Wanderers,2,0,1,1,2,2,1
1978,Manchester City,Birmingham City,3,1,1,1,4,2,1
1978,Manchester City,Chelsea,2,3,1,1,5,-1,0
1978,Manchester City,Liverpool,1,4,1,1,5,-3,0
1978,Manchester City,Southampton,1,2,1,1,3,-1,0
1978,Manchester City,Wolverhampton Wanderers,3,1,1,1,4,2,1
1978,Manchester United,Birmingham City,1,0,1,1,1,1,1
1978,Manchester United,Norwich City,1,0,1,1,1,1,1
1978,Manchester United,Southampton,1,1,1,1,2,0,0
1978,Manchester United,Wolverhampton Wanderers,3,2,1,1,5,1,1
1978,Middlesbrough,Chelsea,7,2,1,1,9,5,1
1978,Middlesbrough,Liverpool,0,1,1,1,1,-1,0
1978,Norwich City,Birmingham City,4,0,1,1,4,4,1
1978,Norwich City,Chelsea,2,0,1,1,2,2,1
1978,Norwich City,Liverpool,1,4,1,1,5,-3,0
1978,Nottingham Forest,Liverpool,0,0,1,1,0,0,0
1978,Nottingham Forest,Southampton,1,0,1,1,1,1,1
1978,Nottingham Forest,Wolverhampton Wanderers,3,1,1,1,4,2,1
1978,Queens Park Rangers,Liverpool,1,3,1,1,4,-2,0
1978,Queens Park Rangers,Middlesbrough,1,1,1,1,2,0,0
1978,Queens Park Rangers,Southampton,0,1,1,1,1,-1,0
1978,Queens Park Rangers,Wolverhampton Wanderers,3,3,1,1,6,0,0
1978,Southampton,Everton,3,0,1,1,3,3,1
1978,Southampton,Liverpool,1,1,1,1,2,0,0
1978,Southampton,Middlesbrough,2,1,1,1,3,1,1
1978,Southampton,Queens Park Rangers,1,1,1,1,2,0,0
1978,Tottenham Hotspur,Birmingham City,1,0,1,1,1,1,1
1978,Tottenham Hotspur,Chelsea,2,2,1,1,4,0,0
1978,West Bromwich Albion,Everton,1,0,1,1,1,1,1
1978,Wolverhampton Wanderers,Birmingham City,2,1,1,1,3,1,1
1978,Wolverhampton Wanderers,Everton,1,0,1,1,1,1,1
1978,Wolverhampton Wanderers,Middlesbrough,1,3,1,1,4,-2,0
1978,Blackburn Rovers,Burnley,1,2,2,2,3,-1,0
1978,Blackburn Rovers,Charlton Athletic,1,2,2,2,3,-1,0
1978,Blackburn Rovers,Stoke City,2,2,2,2,4,0,0
1978,Blackburn Rovers,Wrexham,1,1,2,2,2,0,0
1978,Brighton & Hove Albion,Charlton Athletic,2,0,2,2,2,2,1
1978,Brighton & Hove Albion,Oldham Athletic,1,0,2,2,1,1,1
1978,Bristol Rovers,Millwall,0,3,2,2,3,-3,0
1978,Bristol Rovers,Stoke City,0,0,2,2,0,0,0
1978,Burnley,Charlton Athletic,2,1,2,2,3,1,1
1978,Burnley,Oldham Athletic,1,0,2,2,1,1,1
1978,Burnley,Wrexham,0,0,2,2,0,0,0
1978,Cambridge United,Bristol Rovers,1,1,2,2,2,0,0
1978,Cambridge United,Stoke City,0,1,2,2,1,-1,0
1978,Cardiff City,Charlton Athletic,1,4,2,2,5,-3,0
1978,Cardiff City,Leicester City,1,0,2,2,1,1,1
1978,Cardiff City,Wrexham,1,0,2,2,1,1,1
1978,Charlton Athletic,Cardiff City,1,1,2,2,2,0,0
1978,Charlton Athletic,Stoke City,1,4,2,2,5,-3,0
1978,Charlton Athletic,Wrexham,1,1,2,2,2,0,0
1978,Crystal Palace,Cardiff City,2,0,2,2,2,2,1
1978,Crystal Palace,Oldham Athletic,1,0,2,2,1,1,1
1978,Fulham,Wrexham,0,1,2,2,1,-1,0
1978,Leicester City,Millwall,0,0,2,2,0,0,0
1978,Leicester City,Oldham Athletic,2,0,2,2,2,2,1
1978,Leicester City,Stoke City,1,1,2,2,2,0,0
1978,Leyton Orient,Oldham Athletic,0,0,2,2,0,0,0
1978,Luton Town,Bristol Rovers,3,2,2,2,5,1,1
1978,Luton Town,Fulham,2,0,2,2,2,2,1
1978,Luton Town,Millwall,2,2,2,2,4,0,0
1978,Luton Town,Oldham Athletic,6,1,2,2,7,5,1
1978,Millwall,Fulham,0,0,2,2,0,0,0
1978,Millwall,Luton Town,0,2,2,2,2,-2,0
1978,Millwall,Wrexham,2,2,2,2,4,0,0
1978,Newcastle United,Luton Town,1,0,2,2,1,1,1
1978,Newcastle United,Stoke City,2,0,2,2,2,2,1
1978,Oldham Athletic,Bristol Rovers,3,1,2,2,4,2,1
1978,Oldham Athletic,Cardiff City,2,1,2,2,3,1,1
1978,Oldham Athletic,Fulham,0,2,2,2,2,-2,0
1978,Oldham Athletic,Notts County,3,3,2,2,6,0,0
1978,Oldham Athletic,Wrexham,1,0,2,2,1,1,1
1978,Preston North End,Cardiff City,2,1,2,2,3,1,1
1978,Preston North End,Luton Town,2,2,2,2,4,0,0
1978,Preston North End,Wrexham,2,1,2,2,3,1,1
1978,Sheffield United,Bristol Rovers,1,0,2,2,1,1,1
1978,Sheffield United,Luton Town,1,1,2,2,2,0,0
1978,Stoke City,Bristol Rovers,2,0,2,2,2,2,1
1978,Stoke City,Cardiff City,2,0,2,2,2,2,1
1978,Stoke City,Luton Town,0,0,2,2,0,0,0
1978,Sunderland,Bristol Rovers,5,0,2,2,5,5,1
1978,Sunderland,Luton Town,1,0,2,2,1,1,1
1978,Sunderland,Notts County,3,0,2,2,3,3,1
1978,Sunderland,Wrexham,1,0,2,2,1,1,1
1978,West Ham United,Bristol Rovers,2,0,2,2,2,2,1
1978,West Ham United,Fulham,0,1,2,2,1,-1,0
1978,West Ham United,Wrexham,1,1,2,2,2,0,0
1978,Wrexham,Bristol Rovers,0,1,2,2,1,-1,0
1978,Wrexham,Cardiff City,1,2,2,2,3,-1,0
1978,Wrexham,Fulham,1,1,2,2,2,0,0
1978,Wrexham,Luton Town,2,0,2,2,2,2,1
1978,Wrexham,Notts County,3,1,2,2,4,2,1
1978,Wrexham,Sheffield United,4,0,2,2,4,4,1
1978,Blackpool,Carlisle United,3,1,3,3,4,2,1
1978,Blackpool,Hull City,3,1,3,3,4,2,1
1978,Blackpool,Oxford United,1,0,3,3,1,1,1
1978,Blackpool,Rotherham United,1,2,3,3,3,-1,0
1978,Brentford,Blackpool,3,2,3,3,5,1,1
1978,Brentford,Chester,6,0,3,3,6,6,1
1978,Brentford,Walsall,1,0,3,3,1,1,1
1978,Bury,Chesterfield,3,1,3,3,4,2,1
1978,Bury,Mansfield Town,0,0,3,3,0,0,0
1978,Bury,Shrewsbury Town,3,0,3,3,3,3,1
1978,Bury,Swindon Town,0,1,3,3,1,-1,0
1978,Bury,Watford,1,2,3,3,3,-1,0
1978,Carlisle United,Colchester United,4,0,3,3,4,4,1
1978,Carlisle United,Southend United,0,0,3,3,0,0,0
1978,Chester,Lincoln City,5,1,3,3,6,4,1
1978,Chester,Peterborough United,1,1,3,3,2,0,0
1978,Chester,Swansea City,2,0,3,3,2,2,1
1978,Chester,Walsall,2,1,3,3,3,1,1
1978,Chesterfield,Chester,3,1,3,3,4,2,1
1978,Chesterfield,Gillingham,0,2,3,3,2,-2,0
1978,Chesterfield,Plymouth Argyle,1,3,3,3,4,-2,0
1978,Chesterfield,Shrewsbury Town,2,1,3,3,3,1,1
1978,Chesterfield,Swindon Town,1,1,3,3,2,0,0
1978,Colchester United,Chesterfield,0,0,3,3,0,0,0
1978,Colchester United,Oxford United,1,1,3,3,2,0,0
1978,Colchester United,Southend United,1,1,3,3,2,0,0
1978,Colchester United,Tranmere Rovers,1,0,3,3,1,1,1
1978,Exeter City,Peterborough United,1,0,3,3,1,1,1
1978,Gillingham,Exeter City,2,0,3,3,2,2,1
1978,Gillingham,Plymouth Argyle,2,0,3,3,2,2,1
1978,Gillingham,Shrewsbury Town,2,0,3,3,2,2,1
1978,Hull City,Bury,4,1,3,3,5,3,1
1978,Hull City,Chesterfield,1,1,3,3,2,0,0
1978,Hull City,Gillingham,0,1,3,3,1,-1,0
1978,Hull City,Rotherham United,1,0,3,3,1,1,1
1978,Hull City,Tranmere Rovers,2,1,3,3,3,1,1
1978,Lincoln City,Blackpool,1,2,3,3,3,-1,0
1978,Lincoln City,Carlisle United,1,1,3,3,2,0,0
1978,Lincoln City,Peterborough United,0,1,3,3,1,-1,0
1978,Lincoln City,Swansea City,2,1,3,3,3,1,1
1978,Mansfield Town,Exeter City,1,1,3,3,2,0,0
1978,Mansfield Town,Shrewsbury Town,2,2,3,3,4,0,0
1978,Oxford United,Bury,0,0,3,3,0,0,0
1978,Peterborough United,Sheffield Wednesday,2,0,3,3,2,2,1
1978,Peterborough United,Swansea City,2,0,3,3,2,2,1
1978,Plymouth Argyle,Lincoln City,2,1,3,3,3,1,1
1978,Plymouth Argyle,Swindon Town,2,0,3,3,2,2,1
1978,Plymouth Argyle,Watford,1,1,3,3,2,0,0
1978,Rotherham United,Bury,2,1,3,3,3,1,1
1978,Rotherham United,Plymouth Argyle,1,0,3,3,1,1,1
1978,Rotherham United,Southend United,2,1,3,3,3,1,1
1978,Sheffield Wednesday,Blackpool,2,0,3,3,2,2,1
1978,Sheffield Wednesday,Oxford United,1,1,3,3,2,0,0
1978,Sheffield Wednesday,Rotherham United,2,1,3,3,3,1,1
1978,Sheffield Wednesday,Swansea City,0,0,3,3,0,0,0
1978,Shrewsbury Town,Brentford,1,0,3,3,1,1,1
1978,Shrewsbury Town,Lincoln City,2,0,3,3,2,2,1
1978,Shrewsbury Town,Peterborough United,2,0,3,3,2,2,1
1978,Shrewsbury Town,Sheffield Wednesday,2,2,3,3,4,0,0
1978,Shrewsbury Town,Swindon Town,0,0,3,3,0,0,0
1978,Shrewsbury Town,Watford,1,1,3,3,2,0,0
1978,Southend United,Bury,0,0,3,3,0,0,0
1978,Southend United,Plymouth Argyle,2,1,3,3,3,1,1
1978,Southend United,Tranmere Rovers,0,1,3,3,1,-1,0
1978,Swansea City,Carlisle United,0,0,3,3,0,0,0
1978,Swansea City,Rotherham United,4,4,3,3,8,0,0
1978,Swansea City,Southend United,3,2,3,3,5,1,1
1978,Swindon Town,Brentford,2,0,3,3,2,2,1
1978,Swindon Town,Peterborough United,3,1,3,3,4,2,1
1978,Swindon Town,Sheffield Wednesday,3,0,3,3,3,3,1
1978,Swindon Town,Swansea City,0,1,3,3,1,-1,0
1978,Tranmere Rovers,Gillingham,1,1,3,3,2,0,0
1978,Tranmere Rovers,Mansfield Town,1,2,3,3,3,-1,0
1978,Tranmere Rovers,Plymouth Argyle,2,1,3,3,3,1,1
1978,Walsall,Carlisle United,1,2,3,3,3,-1,0
1978,Walsall,Colchester United,2,2,3,3,4,0,0
1978,Walsall,Oxford United,0,1,3,3,1,-1,0
1978,Walsall,Southend United,1,1,3,3,2,0,0
1978,Walsall,Tranmere Rovers,2,0,3,3,2,2,1
1978,Watford,Brentford,2,0,3,3,2,2,1
1978,Watford,Exeter City,1,0,3,3,1,1,1
1978,Watford,Sheffield Wednesday,1,0,3,3,1,1,1
1978,AFC Bournemouth,Bradford City,1,0,4,4,1,1,1
1978,AFC Bournemouth,Doncaster Rovers,7,1,4,4,8,6,1
1978,AFC Bournemouth,Hartlepool United,0,1,4,4,1,-1,0
1978,AFC Bournemouth,Newport County,3,1,4,4,4,2,1
1978,Aldershot,AFC Bournemouth,1,0,4,4,1,1,1
1978,Aldershot,Grimsby Town,2,0,4,4,2,2,1
1978,Aldershot,Northampton Town,2,0,4,4,2,2,1
1978,Aldershot,Stockport County,3,2,4,4,5,1,1
1978,Barnsley,Halifax Town,4,2,4,4,6,2,1
1978,Barnsley,Huddersfield Town,1,0,4,4,1,1,1
1978,Barnsley,Port Vale,6,2,4,4,8,4,1
1978,Barnsley,Torquay United,1,2,4,4,3,-1,0
1978,Barnsley,York City,3,0,4,4,3,3,1
1978,Bradford City,Barnsley,1,2,4,4,3,-1,0
1978,Bradford City,Hartlepool United,1,2,4,4,3,-1,0
1978,Bradford City,Newport County,1,3,4,4,4,-2,0
1978,Bradford City,Portsmouth,2,0,4,4,2,2,1
1978,Bradford City,Scunthorpe United,1,1,4,4,2,0,0
1978,Bradford City,Wigan Athletic,1,1,4,4,2,0,0
1978,Crewe Alexandra,Bradford City,1,2,4,4,3,-1,0
1978,Crewe Alexandra,Northampton Town,2,4,4,4,6,-2,0
1978,Crewe Alexandra,Stockport County,2,2,4,4,4,0,0
1978,Darlington,Crewe Alexandra,1,1,4,4,2,0,0
1978,Darlington,Halifax Town,2,1,4,4,3,1,1
1978,Darlington,Torquay United,1,2,4,4,3,-1,0
1978,Darlington,York City,0,1,4,4,1,-1,0
1978,Doncaster Rovers,Barnsley,2,2,4,4,4,0,0
1978,Doncaster Rovers,Hartlepool United,0,0,4,4,0,0,0
1978,Doncaster Rovers,Newport County,0,0,4,4,0,0,0
1978,Doncaster Rovers,Wigan Athletic,0,1,4,4,1,-1,0
1978,Grimsby Town,Bradford City,5,1,4,4,6,4,1
1978,Grimsby Town,Hereford United,1,1,4,4,2,0,0
1978,Grimsby Town,Northampton Town,4,3,4,4,7,1,1
1978,Grimsby Town,Reading,1,2,4,4,3,-1,0
1978,Grimsby Town,Stockport County,2,1,4,4,3,1,1
1978,Halifax Town,Aldershot,1,1,4,4,2,0,0
1978,Halifax Town,Huddersfield Town,2,3,4,4,5,-1,0
1978,Halifax Town,Rochdale,2,1,4,4,3,1,1
1978,Hartlepool United,Darlington,0,2,4,4,2,-2,0
1978,Hartlepool United,Halifax Town,3,1,4,4,4,2,1
1978,Hartlepool United,Portsmouth,1,1,4,4,2,0,0
1978,Hartlepool United,Scunthorpe United,1,1,4,4,2,0,0
1978,Hartlepool United,Wigan Athletic,1,1,4,4,2,0,0
1978,Hereford United,Hartlepool United,1,0,4,4,1,1,1
1978,Hereford United,Northampton Town,4,3,4,4,7,1,1
1978,Hereford United,Reading,0,0,4,4,0,0,0
1978,Hereford United,Stockport County,1,0,4,4,1,1,1
1978,Hereford United,Wimbledon,0,0,4,4,0,0,0
1978,Huddersfield Town,Hereford United,2,3,4,4,5,-1,0
1978,Huddersfield Town,Rochdale,1,0,4,4,1,1,1
1978,Huddersfield Town,Torquay United,1,1,4,4,2,0,0
1978,Newport County,Halifax Town,2,0,4,4,2,2,1
1978,Newport County,Huddersfield Town,2,1,4,4,3,1,1
1978,Northampton Town,AFC Bournemouth,4,2,4,4,6,2,1
1978,Northampton Town,Doncaster Rovers,3,0,4,4,3,3,1
1978,Northampton Town,Hartlepool United,1,1,4,4,2,0,0
1978,Northampton Town,Reading,2,2,4,4,4,0,0
1978,Northampton Town,Wimbledon,1,1,4,4,2,0,0
1978,Port Vale,Grimsby Town,1,1,4,4,2,0,0
1978,Port Vale,Northampton Town,2,2,4,4,4,0,0
1978,Portsmouth,Halifax Town,3,1,4,4,4,2,1
1978,Portsmouth,Huddersfield Town,1,0,4,4,1,1,1
1978,Reading,AFC Bournemouth,1,0,4,4,1,1,1
1978,Reading,Doncaster Rovers,3,0,4,4,3,3,1
1978,Reading,Hartlepool United,3,1,4,4,4,2,1
1978,Reading,Newport County,2,1,4,4,3,1,1
1978,Reading,Portsmouth,2,0,4,4,2,2,1
1978,Reading,Wimbledon,1,0,4,4,1,1,1
1978,Rochdale,Aldershot,1,1,4,4,2,0,0
1978,Rochdale,Crewe Alexandra,2,1,4,4,3,1,1
1978,Rochdale,Grimsby Town,2,5,4,4,7,-3,0
1978,Rochdale,Hereford United,0,2,4,4,2,-2,0
1978,Rochdale,Northampton Town,4,1,4,4,5,3,1
1978,Rochdale,Torquay United,1,0,4,4,1,1,1
1978,Rochdale,York City,1,2,4,4,3,-1,0
1978,Scunthorpe United,Barnsley,0,1,4,4,1,-1,0
1978,Scunthorpe United,Darlington,1,0,4,4,1,1,1
1978,Scunthorpe United,Halifax Town,1,0,4,4,1,1,1
1978,Scunthorpe United,Rochdale,0,4,4,4,4,-4,0
1978,Scunthorpe United,Wigan Athletic,0,1,4,4,1,-1,0
1978,Stockport County,Portsmouth,4,2,4,4,6,2,1
1978,Stockport County,Scunthorpe United,0,2,4,4,2,-2,0
1978,Stockport County,Wimbledon,0,1,4,4,1,-1,0
1978,Torquay United,Aldershot,2,1,4,4,3,1,1
1978,Torquay United,Grimsby Town,3,1,4,4,4,2,1
1978,Torquay United,Stockport County,1,0,4,4,1,1,1
1978,Torquay United,York City,3,0,4,4,3,3,1
1978,Wigan Athletic,Barnsley,1,1,4,4,2,0,0
1978,Wigan Athletic,Huddersfield Town,2,1,4,4,3,1,1
1978,Wimbledon,Bradford City,2,1,4,4,3,1,1
1978,Wimbledon,Doncaster Rovers,3,2,4,4,5,1,1
1978,Wimbledon,Hartlepool United,3,1,4,4,4,2,1
1978,Wimbledon,Newport County,0,0,4,4,0,0,0
1978,Wimbledon,Portsmouth,2,4,4,4,6,-2,0
1978,York City,Grimsby Town,0,0,4,4,0,0,0
1978,York City,Northampton Town,1,0,4,4,1,1,1
1979,Arsenal,Ipswich Town,0,2,1,1,2,-2,0
1979,Arsenal,Manchester City,0,0,1,1,0,0,0
1979,Aston Villa,Stoke City,2,1,1,1,3,1,1
1979,Bolton Wanderers,Crystal Palace,1,1,1,1,2,0,0
1979,Bolton Wanderers,Ipswich Town,0,1,1,1,1,-1,0
1979,Bolton Wanderers,Norwich City,1,0,1,1,1,1,1
1979,Bolton Wanderers,Wolverhampton Wanderers,0,0,1,1,0,0,0
1979,Brighton & Hove Albion,Bolton Wanderers,3,1,1,1,4,2,1
1979,Brighton & Hove Albion,Ipswich Town,2,0,1,1,2,2,1
1979,Brighton & Hove Albion,Manchester City,4,1,1,1,5,3,1
1979,Brighton & Hove Albion,Norwich City,2,4,1,1,6,-2,0
1979,Bristol City,Bolton Wanderers,2,1,1,1,3,1,1
1979,Bristol City,Crystal Palace,0,2,1,1,2,-2,0
1979,Bristol City,Ipswich Town,0,3,1,1,3,-3,0
1979,Bristol City,Manchester City,1,0,1,1,1,1,1
1979,Bristol City,Stoke City,0,0,1,1,0,0,0
1979,Bristol City,Wolverhampton Wanderers,2,0,1,1,2,2,1
1979,Coventry City,Crystal Palace,2,1,1,1,3,1,1
1979,Coventry City,Stoke City,1,3,1,1,4,-2,0
1979,Coventry City,Wolverhampton Wanderers,1,3,1,1,4,-2,0
1979,Crystal Palace,Bolton Wanderers,3,1,1,1,4,2,1
1979,Crystal Palace,Coventry City,0,0,1,1,0,0,0
1979,Crystal Palace,Norwich City,0,0,1,1,0,0,0
1979,Crystal Palace,Stoke City,0,1,1,1,1,-1,0
1979,Crystal Palace,Wolverhampton Wanderers,1,0,1,1,1,1,1
1979,Derby County,Ipswich Town,0,1,1,1,1,-1,0
1979,Derby County,Wolverhampton Wanderers,0,1,1,1,1,-1,0
1979,Everton,Ipswich Town,0,4,1,1,4,-4,0
1979,Everton,Manchester City,1,2,1,1,3,-1,0
1979,Ipswich Town,Manchester City,4,0,1,1,4,4,1
1979,Ipswich Town,Norwich City,4,2,1,1,6,2,1
1979,Leeds United,Everton,2,0,1,1,2,2,1
1979,Leeds United,Manchester City,1,2,1,1,3,-1,0
1979,Leeds United,Stoke City,3,0,1,1,3,3,1
1979,Liverpool,Bolton Wanderers,0,0,1,1,0,0,0
1979,Liverpool,Coventry City,4,0,1,1,4,4,1
1979,Liverpool,Norwich City,0,0,1,1,0,0,0
1979,Liverpool,Stoke City,1,0,1,1,1,1,1
1979,Manchester City,Bolton Wanderers,2,2,1,1,4,0,0
1979,Manchester City,Coventry City,3,0,1,1,3,3,1
1979,Manchester City,Everton,1,1,1,1,2,0,0
1979,Manchester City,Liverpool,0,4,1,1,4,-4,0
1979,Manchester City,Wolverhampton Wanderers,2,3,1,1,5,-1,0
1979,Manchester United,Coventry City,2,1,1,1,3,1,1
1979,Manchester United,Everton,0,0,1,1,0,0,0
1979,Manchester United,Stoke City,4,0,1,1,4,4,1
1979,Manchester United,Wolverhampton Wanderers,0,1,1,1,1,-1,0
1979,Middlesbrough,Coventry City,1,2,1,1,3,-1,0
1979,Middlesbrough,Everton,2,1,1,1,3,1,1
1979,Norwich City,Coventry City,1,0,1,1,1,1,1
1979,Norwich City,Everton,0,0,1,1,0,0,0
1979,Norwich City,Stoke City,2,2,1,1,4,0,0
1979,Norwich City,Wolverhampton Wanderers,0,4,1,1,4,-4,0
1979,Nottingham Forest,Everton,1,0,1,1,1,1,1
1979,Nottingham Forest,Liverpool,1,0,1,1,1,1,1
1979,Nottingham Forest,Wolverhampton Wanderers,3,2,1,1,5,1,1
1979,Southampton,Everton,1,0,1,1,1,1,1
1979,Southampton,Stoke City,3,1,1,1,4,2,1
1979,Stoke City,Coventry City,3,2,1,1,5,1,1
1979,Stoke City,Liverpool,0,2,1,1,2,-2,0
1979,Stoke City,Wolverhampton Wanderers,0,1,1,1,1,-1,0
1979,Tottenham Hotspur,Bolton Wanderers,2,0,1,1,2,2,1
1979,Tottenham Hotspur,Everton,3,0,1,1,3,3,1
1979,Tottenham Hotspur,Southampton,0,0,1,1,0,0,0
1979,West Bromwich Albion,Bolton Wanderers,4,4,1,1,8,0,0
1979,West Bromwich Albion,Coventry City,4,1,1,1,5,3,1
1979,West Bromwich Albion,Middlesbrough,0,0,1,1,0,0,0
1979,West Bromwich Albion,Southampton,4,0,1,1,4,4,1
1979,Wolverhampton Wanderers,Bolton Wanderers,3,1,1,1,4,2,1
1979,Wolverhampton Wanderers,Coventry City,0,3,1,1,3,-3,0
1979,Wolverhampton Wanderers,West Bromwich Albion,0,0,1,1,0,0,0
1979,Birmingham City,Chelsea,5,1,2,2,6,4,1
1979,Birmingham City,Leyton Orient,3,1,2,2,4,2,1
1979,Birmingham City,Notts County,3,3,2,2,6,0,0
1979,Birmingham City,Queens Park Rangers,2,1,2,2,3,1,1
1979,Birmingham City,Swansea City,2,0,2,2,2,2,1
1979,Bristol Rovers,Cambridge United,0,0,2,2,0,0,0
1979,Bristol Rovers,Leyton Orient,1,2,2,2,3,-1,0
1979,Burnley,Cambridge United,5,3,2,2,8,2,1
1979,Burnley,Leyton Orient,1,2,2,2,3,-1,0
1979,Burnley,Notts County,0,1,2,2,1,-1,0
1979,Burnley,Queens Park Rangers,0,3,2,2,3,-3,0
1979,Burnley,Swansea City,0,0,2,2,0,0,0
1979,Burnley,Wrexham,1,0,2,2,1,1,1
1979,Cambridge United,Burnley,3,1,2,2,4,2,1
1979,Cambridge United,Notts County,2,3,2,2,5,-1,0
1979,Cambridge United,Swansea City,0,1,2,2,1,-1,0
1979,Cardiff City,Burnley,2,1,2,2,3,1,1
1979,Cardiff City,Leyton Orient,0,0,2,2,0,0,0
1979,Cardiff City,Wrexham,1,0,2,2,1,1,1
1979,Charlton Athletic,Chelsea,1,2,2,2,3,-1,0
1979,Charlton Athletic,Leyton Orient,0,1,2,2,1,-1,0
1979,Charlton Athletic,Notts County,0,0,2,2,0,0,0
1979,Chelsea,Burnley,2,1,2,2,3,1,1
1979,Chelsea,Charlton Athletic,3,1,2,2,4,2,1
1979,Chelsea,Queens Park Rangers,0,2,2,2,2,-2,0
1979,Fulham,Charlton Athletic,1,0,2,2,1,1,1
1979,Fulham,Leyton Orient,0,0,2,2,0,0,0
1979,Fulham,Notts County,1,3,2,2,4,-2,0
1979,Fulham,Queens Park Rangers,0,2,2,2,2,-2,0
1979,Fulham,Swansea City,1,2,2,2,3,-1,0
1979,Fulham,Wrexham,0,2,2,2,2,-2,0
1979,Leicester City,Notts County,1,0,2,2,1,1,1
1979,Leicester City,Swansea City,1,1,2,2,2,0,0
1979,Leicester City,Wrexham,2,0,2,2,2,2,1
1979,Leyton Orient,Burnley,2,2,2,2,4,0,0
1979,Leyton Orient,Leicester City,0,1,2,2,1,-1,0
1979,Leyton Orient,Queens Park Rangers,1,1,2,2,2,0,0
1979,Luton Town,Queens Park Rangers,1,1,2,2,2,0,0
1979,Luton Town,Swansea City,5,0,2,2,5,5,1
1979,Newcastle United,Burnley,1,1,2,2,2,0,0
1979,Newcastle United,Leicester City,3,2,2,2,5,1,1
1979,Newcastle United,Notts County,2,2,2,2,4,0,0
1979,Newcastle United,Swansea City,1,3,2,2,4,-2,0
1979,Newcastle United,Wrexham,1,0,2,2,1,1,1
1979,Notts County,Leicester City,0,1,2,2,1,-1,0
1979,Notts County,Queens Park Rangers,1,0,2,2,1,1,1
1979,Notts County,Wrexham,1,1,2,2,2,0,0
1979,Oldham Athletic,Burnley,2,1,2,2,3,1,1
1979,Oldham Athletic,Charlton Athletic,4,3,2,2,7,1,1
1979,Oldham Athletic,Newcastle United,1,0,2,2,1,1,1
1979,Oldham Athletic,Swansea City,4,1,2,2,5,3,1
1979,Oldham Athletic,Wrexham,2,3,2,2,5,-1,0
1979,Preston North End,Queens Park Rangers,0,3,2,2,3,-3,0
1979,Preston North End,Wrexham,0,0,2,2,0,0,0
1979,Queens Park Rangers,Burnley,7,0,2,2,7,7,1
1979,Queens Park Rangers,Swansea City,3,2,2,2,5,1,1
1979,Queens Park Rangers,Wrexham,2,2,2,2,4,0,0
1979,Shrewsbury Town,Burnley,2,0,2,2,2,2,1
1979,Shrewsbury Town,Leicester City,2,2,2,2,4,0,0
1979,Shrewsbury Town,Preston North End,1,3,2,2,4,-2,0
1979,Shrewsbury Town,Swansea City,2,2,2,2,4,0,0
1979,Shrewsbury Town,Wrexham,3,1,2,2,4,2,1
1979,Sunderland,Leicester City,0,0,2,2,0,0,0
1979,Sunderland,Swansea City,1,1,2,2,2,0,0
1979,Sunderland,Wrexham,1,1,2,2,2,0,0
1979,Swansea City,Burnley,2,1,2,2,3,1,1
1979,Swansea City,Charlton Athletic,1,0,2,2,1,1,1
1979,Swansea City,Leicester City,0,2,2,2,2,-2,0
1979,Swansea City,Preston North End,1,0,2,2,1,1,1
1979,Swansea City,Wrexham,1,0,2,2,1,1,1
1979,Watford,Burnley,4,0,2,2,4,4,1
1979,Watford,Charlton Athletic,2,1,2,2,3,1,1
1979,Watford,Sunderland,1,1,2,2,2,0,0
1979,Watford,Wrexham,3,1,2,2,4,2,1
1979,West Ham United,Charlton Athletic,4,1,2,2,5,3,1
1979,West Ham United,Newcastle United,1,1,2,2,2,0,0
1979,Wrexham,Charlton Athletic,3,2,2,2,5,1,1
1979,Wrexham,Leicester City,0,1,2,2,1,-1,0
1979,Wrexham,Newcastle United,1,0,2,2,1,1,1
1979,Wrexham,Sunderland,0,1,2,2,1,-1,0
1979,Barnsley,Brentford,1,0,3,3,1,1,1
1979,Barnsley,Chester,1,1,3,3,2,0,0
1979,Barnsley,Southend United,1,2,3,3,3,-1,0
1979,Blackburn Rovers,Barnsley,0,1,3,3,1,-1,0
1979,Blackburn Rovers,Chesterfield,1,0,3,3,1,1,1
1979,Blackburn Rovers,Gillingham,3,1,3,3,4,2,1
1979,Blackburn Rovers,Sheffield United,1,0,3,3,1,1,1
1979,Blackpool,Carlisle United,2,1,3,3,3,1,1
1979,Blackpool,Colchester United,1,0,3,3,1,1,1
1979,Blackpool,Grimsby Town,0,3,3,3,3,-3,0
1979,Blackpool,Millwall,2,2,3,3,4,0,0
1979,Blackpool,Reading,5,2,3,3,7,3,1
1979,Brentford,Exeter City,0,2,3,3,2,-2,0
1979,Brentford,Hull City,7,2,3,3,9,5,1
1979,Brentford,Rotherham United,0,1,3,3,1,-1,0
1979,Bury,Chesterfield,2,0,3,3,2,2,1
1979,Bury,Plymouth Argyle,2,1,3,3,3,1,1
1979,Carlisle United,Blackburn Rovers,1,1,3,3,2,0,0
1979,Carlisle United,Bury,1,0,3,3,1,1,1
1979,Carlisle United,Millwall,4,0,3,3,4,4,1
1979,Carlisle United,Reading,3,3,3,3,6,0,0
1979,Carlisle United,Wimbledon,1,1,3,3,2,0,0
1979,Chester,Exeter City,1,3,3,3,4,-2,0
1979,Chester,Hull City,2,1,3,3,3,1,1
1979,Chester,Oxford United,1,0,3,3,1,1,1
1979,Chester,Southend United,2,1,3,3,3,1,1
1979,Chesterfield,Barnsley,2,0,3,3,2,2,1
1979,Chesterfield,Gillingham,0,0,3,3,0,0,0
1979,Chesterfield,Swindon Town,2,1,3,3,3,1,1
1979,Colchester United,Blackburn Rovers,0,1,3,3,1,-1,0
1979,Colchester United,Bury,2,1,3,3,3,1,1
1979,Colchester United,Chesterfield,0,1,3,3,1,-1,0
1979,Colchester United,Reading,1,1,3,3,2,0,0
1979,Colchester United,Sheffield Wednesday,0,0,3,3,0,0,0
1979,Colchester United,Wimbledon,4,0,3,3,4,4,1
1979,Exeter City,Oxford United,0,0,3,3,0,0,0
1979,Exeter City,Rotherham United,1,1,3,3,2,0,0
1979,Exeter City,Southend United,4,2,3,3,6,2,1
1979,Gillingham,Barnsley,1,1,3,3,2,0,0
1979,Gillingham,Exeter City,1,0,3,3,1,1,1
1979,Gillingham,Mansfield Town,2,0,3,3,2,2,1
1979,Gillingham,Swindon Town,0,0,3,3,0,0,0
1979,Grimsby Town,Chesterfield,1,1,3,3,2,0,0
1979,Grimsby Town,Reading,2,1,3,3,3,1,1
1979,Grimsby Town,Sheffield Wednesday,3,1,3,3,4,2,1
1979,Hull City,Blackpool,3,1,3,3,4,2,1
1979,Hull City,Colchester United,0,2,3,3,2,-2,0
1979,Hull City,Oxford United,2,2,3,3,4,0,0
1979,Hull City,Rotherham United,1,1,3,3,2,0,0
1979,Mansfield Town,Barnsley,1,4,3,3,5,-3,0
1979,Mansfield Town,Brentford,0,0,3,3,0,0,0
1979,Mansfield Town,Plymouth Argyle,0,0,3,3,0,0,0
1979,Mansfield Town,Swindon Town,1,1,3,3,2,0,0
1979,Millwall,Blackburn Rovers,1,0,3,3,1,1,1
1979,Millwall,Chesterfield,2,0,3,3,2,2,1
1979,Millwall,Gillingham,2,0,3,3,2,2,1
1979,Millwall,Mansfield Town,2,2,3,3,4,0,0
1979,Millwall,Reading,2,0,3,3,2,2,1
1979,Millwall,Sheffield Wednesday,3,3,3,3,6,0,0
1979,Millwall,Wimbledon,2,2,3,3,4,0,0
1979,Oxford United,Colchester United,0,2,3,3,2,-2,0
1979,Oxford United,Rotherham United,5,1,3,3,6,4,1
1979,Plymouth Argyle,Barnsley,2,1,3,3,3,1,1
1979,Plymouth Argyle,Brentford,0,1,3,3,1,-1,0
1979,Plymouth Argyle,Chester,1,0,3,3,1,1,1
1979,Plymouth Argyle,Oxford United,1,1,3,3,2,0,0
1979,Plymouth Argyle,Swindon Town,2,0,3,3,2,2,1
1979,Reading,Blackburn Rovers,1,1,3,3,2,0,0
1979,Reading,Bury,3,1,3,3,4,2,1
1979,Reading,Gillingham,1,3,3,3,4,-2,0
1979,Reading,Mansfield Town,1,0,3,3,1,1,1
1979,Reading,Sheffield Wednesday,0,2,3,3,2,-2,0
1979,Rotherham United,Carlisle United,4,1,3,3,5,3,1
1979,Rotherham United,Millwall,2,1,3,3,3,1,1
1979,Rotherham United,Reading,1,1,3,3,2,0,0
1979,Rotherham United,Southend United,2,1,3,3,3,1,1
1979,Sheffield United,Barnsley,2,0,3,3,2,2,1
1979,Sheffield United,Exeter City,3,1,3,3,4,2,1
1979,Sheffield United,Hull City,1,1,3,3,2,0,0
1979,Sheffield United,Oxford United,3,1,3,3,4,2,1
1979,Sheffield United,Rotherham United,1,0,3,3,1,1,1
1979,Sheffield United,Swindon Town,2,1,3,3,3,1,1
1979,Sheffield Wednesday,Gillingham,1,0,3,3,1,1,1
1979,Sheffield Wednesday,Mansfield Town,0,0,3,3,0,0,0
1979,Sheffield Wednesday,Sheffield United,4,0,3,3,4,4,1
1979,Southend United,Blackpool,1,2,3,3,3,-1,0
1979,Southend United,Carlisle United,1,0,3,3,1,1,1
1979,Southend United,Grimsby Town,1,0,3,3,1,1,1
1979,Southend United,Reading,2,2,3,3,4,0,0
1979,Southend United,Sheffield Wednesday,1,1,3,3,2,0,0
1979,Swindon Town,Exeter City,2,3,3,3,5,-1,0
1979,Swindon Town,Oxford United,1,1,3,3,2,0,0
1979,Swindon Town,Southend United,1,0,3,3,1,1,1
1979,Wimbledon,Blackburn Rovers,1,0,3,3,1,1,1
1979,AFC Bournemouth,Halifax Town,0,1,4,4,1,-1,0
1979,AFC Bournemouth,Northampton Town,2,2,4,4,4,0,0
1979,AFC Bournemouth,Portsmouth,0,1,4,4,1,-1,0
1979,Aldershot,Peterborough United,2,0,4,4,2,2,1
1979,Aldershot,Torquay United,1,1,4,4,2,0,0
1979,Bradford City,Aldershot,2,0,4,4,2,2,1
1979,Bradford City,Port Vale,2,0,4,4,2,2,1
1979,Bradford City,Scunthorpe United,2,0,4,4,2,2,1
1979,Bradford City,Tranmere Rovers,2,0,4,4,2,2,1
1979,Crewe Alexandra,Bradford City,2,0,4,4,2,2,1
1979,Crewe Alexandra,Halifax Town,2,1,4,4,3,1,1
1979,Crewe Alexandra,Northampton Town,2,1,4,4,3,1,1
1979,Darlington,AFC Bournemouth,0,1,4,4,1,-1,0
1979,Darlington,Crewe Alexandra,0,0,4,4,0,0,0
1979,Darlington,Peterborough United,1,1,4,4,2,0,0
1979,Darlington,Wigan Athletic,2,2,4,4,4,0,0
1979,Doncaster Rovers,Aldershot,1,1,4,4,2,0,0
1979,Doncaster Rovers,Darlington,0,1,4,4,1,-1,0
1979,Doncaster Rovers,Hereford United,1,0,4,4,1,1,1
1979,Doncaster Rovers,Newport County,1,3,4,4,4,-2,0
1979,Halifax Town,Northampton Town,2,1,4,4,3,1,1
1979,Halifax Town,Portsmouth,1,2,4,4,3,-1,0
1979,Halifax Town,Stockport County,1,3,4,4,4,-2,0
1979,Halifax Town,Walsall,2,1,4,4,3,1,1
1979,Hartlepool United,AFC Bournemouth,3,1,4,4,4,2,1
1979,Hartlepool United,Lincoln City,0,0,4,4,0,0,0
1979,Hartlepool United,Peterborough United,1,2,4,4,3,-1,0
1979,Hartlepool United,Rochdale,1,1,4,4,2,0,0
1979,Hartlepool United,Torquay United,2,2,4,4,4,0,0
1979,Hartlepool United,Wigan Athletic,1,1,4,4,2,0,0
1979,Hereford United,Darlington,1,0,4,4,1,1,1
1979,Hereford United,Port Vale,0,0,4,4,0,0,0
1979,Hereford United,York City,3,1,4,4,4,2,1
1979,Huddersfield Town,Bradford City,0,0,4,4,0,0,0
1979,Huddersfield Town,Doncaster Rovers,3,0,4,4,3,3,1
1979,Huddersfield Town,Hereford United,0,1,4,4,1,-1,0
1979,Huddersfield Town,Northampton Town,5,0,4,4,5,5,1
1979,Huddersfield Town,Portsmouth,1,3,4,4,4,-2,0
1979,Newport County,Darlington,4,0,4,4,4,4,1
1979,Newport County,Hartlepool United,1,0,4,4,1,1,1
1979,Newport County,Lincoln City,1,1,4,4,2,0,0
1979,Newport County,Tranmere Rovers,2,0,4,4,2,2,1
1979,Northampton Town,Newport County,3,2,4,4,5,1,1
1979,Northampton Town,Portsmouth,0,2,4,4,2,-2,0
1979,Peterborough United,Crewe Alexandra,3,0,4,4,3,3,1
1979,Peterborough United,Northampton Town,0,0,4,4,0,0,0
1979,Peterborough United,Wigan Athletic,1,2,4,4,3,-1,0
1979,Port Vale,Aldershot,0,2,4,4,2,-2,0
1979,Port Vale,Hartlepool United,1,1,4,4,2,0,0
1979,Port Vale,Lincoln City,1,2,4,4,3,-1,0
1979,Port Vale,Peterborough United,0,1,4,4,1,-1,0
1979,Port Vale,Scunthorpe United,1,0,4,4,1,1,1
1979,Port Vale,York City,1,2,4,4,3,-1,0
1979,Portsmouth,Doncaster Rovers,2,0,4,4,2,2,1
1979,Portsmouth,Hereford United,0,0,4,4,0,0,0
1979,Portsmouth,Newport County,0,2,4,4,2,-2,0
1979,Portsmouth,Port Vale,2,2,4,4,4,0,0
1979,Portsmouth,Stockport County,1,0,4,4,1,1,1
1979,Portsmouth,Walsall,1,2,4,4,3,-1,0
1979,Rochdale,AFC Bournemouth,0,2,4,4,2,-2,0
1979,Rochdale,Crewe Alexandra,0,0,4,4,0,0,0
1979,Rochdale,Northampton Town,3,2,4,4,5,1,1
1979,Rochdale,Torquay United,0,0,4,4,0,0,0
1979,Scunthorpe United,Darlington,3,0,4,4,3,3,1
1979,Scunthorpe United,Hartlepool United,1,3,4,4,4,-2,0
1979,Scunthorpe United,Lincoln City,1,0,4,4,1,1,1
1979,Scunthorpe United,Rochdale,2,0,4,4,2,2,1
1979,Stockport County,Bradford City,2,2,4,4,4,0,0
1979,Stockport County,Newport County,0,5,4,4,5,-5,0
1979,Stockport County,Scunthorpe United,1,2,4,4,3,-1,0
1979,Torquay United,AFC Bournemouth,0,0,4,4,0,0,0
1979,Torquay United,Crewe Alexandra,1,0,4,4,1,1,1
1979,Torquay United,Northampton Town,2,2,4,4,4,0,0
1979,Tranmere Rovers,Aldershot,1,2,4,4,3,-1,0
1979,Tranmere Rovers,Lincoln City,1,0,4,4,1,1,1
1979,Walsall,Doncaster Rovers,3,1,4,4,4,2,1
1979,Walsall,Hereford United,3,2,4,4,5,1,1
1979,Walsall,Scunthorpe United,1,1,4,4,2,0,0
1979,Walsall,Tranmere Rovers,2,0,4,4,2,2,1
1979,Wigan Athletic,AFC Bournemouth,2,1,4,4,3,1,1
1979,Wigan Athletic,Crewe Alexandra,2,0,4,4,2,2,1
1979,Wigan Athletic,Stockport County,3,1,4,4,4,2,1
1979,York City,Hartlepool United,2,1,4,4,3,1,1
1979,York City,Peterborough United,0,2,4,4,2,-2,0
1979,York City,Rochdale,3,2,4,4,5,1,1
1979,York City,Torquay United,1,0,4,4,1,1,1
1979,York City,Wigan Athletic,1,2,4,4,3,-1,0
1980,Arsenal,Everton,2,1,1,1,3,1,1
1980,Arsenal,Nottingham Forest,1,0,1,1,1,1,1
1980,Arsenal,Sunderland,2,2,1,1,4,0,0
1980,Aston Villa,Leicester City,2,0,1,1,2,2,1
1980,Aston Villa,Wolverhampton Wanderers,2,1,1,1,3,1,1
1980,Birmingham City,Brighton & Hove Albion,2,1,1,1,3,1,1
1980,Birmingham City,Leicester City,1,2,1,1,3,-1,0
1980,Birmingham City,Nottingham Forest,2,0,1,1,2,2,1
1980,Birmingham City,Sunderland,3,2,1,1,5,1,1
1980,Birmingham City,Wolverhampton Wanderers,1,0,1,1,1,1,1
1980,Brighton & Hove Albion,Everton,1,3,1,1,4,-2,0
1980,Brighton & Hove Albion,Manchester United,1,4,1,1,5,-3,0
1980,Brighton & Hove Albion,Sunderland,2,1,1,1,3,1,1
1980,Coventry City,Birmingham City,2,1,1,1,3,1,1
1980,Coventry City,Everton,0,5,1,1,5,-5,0
1980,Coventry City,Leicester City,4,1,1,1,5,3,1
1980,Coventry City,Sunderland,2,1,1,1,3,1,1
1980,Crystal Palace,Leicester City,2,1,1,1,3,1,1
1980,Crystal Palace,Manchester United,1,0,1,1,1,1,1
1980,Crystal Palace,Wolverhampton Wanderers,0,0,1,1,0,0,0
1980,Everton,Crystal Palace,5,0,1,1,5,5,1
1980,Everton,Manchester United,0,1,1,1,1,-1,0
1980,Everton,Nottingham Forest,0,0,1,1,0,0,0
1980,Everton,Sunderland,2,1,1,1,3,1,1
1980,Everton,Wolverhampton Wanderers,2,0,1,1,2,2,1
1980,Ipswich Town,Crystal Palace,3,2,1,1,5,1,1
1980,Ipswich Town,Nottingham Forest,2,0,1,1,2,2,1
1980,Leeds United,Birmingham City,0,0,1,1,0,0,0
1980,Leeds United,Crystal Palace,1,0,1,1,1,1,1
1980,Leeds United,Manchester United,0,0,1,1,0,0,0
1980,Leeds United,Sunderland,1,0,1,1,1,1,1
1980,Leicester City,Leeds United,0,1,1,1,1,-1,0
1980,Leicester City,Nottingham Forest,1,1,1,1,2,0,0
1980,Leicester City,Sunderland,0,1,1,1,1,-1,0
1980,Leicester City,Wolverhampton Wanderers,2,0,1,1,2,2,1
1980,Liverpool,Crystal Palace,3,0,1,1,3,3,1
1980,Liverpool,Nottingham Forest,0,0,1,1,0,0,0
1980,Liverpool,Sunderland,0,1,1,1,1,-1,0
1980,Manchester City,Crystal Palace,1,1,1,1,2,0,0
1980,Manchester City,Manchester United,1,0,1,1,1,1,1
1980,Manchester City,Sunderland,0,4,1,1,4,-4,0
1980,Manchester City,Wolverhampton Wanderers,4,0,1,1,4,4,1
1980,Manchester United,Crystal Palace,1,0,1,1,1,1,1
1980,Manchester United,Leeds United,0,1,1,1,1,-1,0
1980,Manchester United,Nottingham Forest,1,1,1,1,2,0,0
1980,Manchester United,Sunderland,1,1,1,1,2,0,0
1980,Manchester United,Wolverhampton Wanderers,0,0,1,1,0,0,0
1980,Norwich City,Crystal Palace,1,1,1,1,2,0,0
1980,Norwich City,Sunderland,1,0,1,1,1,1,1
1980,Norwich City,Wolverhampton Wanderers,1,1,1,1,2,0,0
1980,Nottingham Forest,Leeds United,2,1,1,1,3,1,1
1980,Nottingham Forest,Sunderland,3,1,1,1,4,2,1
1980,Southampton,Birmingham City,3,1,1,1,4,2,1
1980,Southampton,Crystal Palace,4,2,1,1,6,2,1
1980,Southampton,Sunderland,2,1,1,1,3,1,1
1980,Southampton,Wolverhampton Wanderers,4,2,1,1,6,2,1
1980,Stoke City,Birmingham City,0,0,1,1,0,0,0
1980,Stoke City,Leeds United,3,0,1,1,3,3,1
1980,Stoke City,Manchester City,2,1,1,1,3,1,1
1980,Stoke City,Sunderland,2,0,1,1,2,2,1
1980,Stoke City,Wolverhampton Wanderers,3,2,1,1,5,1,1
1980,Sunderland,Birmingham City,3,0,1,1,3,3,1
1980,Sunderland,Crystal Palace,1,0,1,1,1,1,1
1980,Sunderland,Norwich City,3,0,1,1,3,3,1
1980,Sunderland,Stoke City,0,0,1,1,0,0,0
1980,Tottenham Hotspur,Birmingham City,1,0,1,1,1,1,1
1980,Tottenham Hotspur,Crystal Palace,4,2,1,1,6,2,1
1980,Tottenham Hotspur,Leeds United,1,1,1,1,2,0,0
1980,Tottenham Hotspur,Norwich City,2,3,1,1,5,-1,0
1980,Tottenham Hotspur,Stoke City,2,2,1,1,4,0,0
1980,Tottenham Hotspur,Wolverhampton Wanderers,2,2,1,1,4,0,0
1980,West Bromwich Albion,Norwich City,3,0,1,1,3,3,1
1980,West Bromwich Albion,Wolverhampton Wanderers,1,1,1,1,2,0,0
1980,Wolverhampton Wanderers,Crystal Palace,2,0,1,1,2,2,1
1980,Wolverhampton Wanderers,Leeds United,2,1,1,1,3,1,1
1980,Wolverhampton Wanderers,Stoke City,1,0,1,1,1,1,1
1980,Blackburn Rovers,Bristol Rovers,2,0,2,2,2,2,1
1980,Blackburn Rovers,Leyton Orient,2,0,2,2,2,2,1
1980,Blackburn Rovers,Queens Park Rangers,2,1,2,2,3,1,1
1980,Blackburn Rovers,Swansea City,0,0,2,2,0,0,0
1980,Bolton Wanderers,Bristol Rovers,2,0,2,2,2,2,1
1980,Bolton Wanderers,Chelsea,2,3,2,2,5,-1,0
1980,Bolton Wanderers,Leyton Orient,3,1,2,2,4,2,1
1980,Bolton Wanderers,Wrexham,1,1,2,2,2,0,0
1980,Bristol City,Chelsea,0,0,2,2,0,0,0
1980,Bristol City,Leyton Orient,3,1,2,2,4,2,1
1980,Bristol City,Swansea City,0,1,2,2,1,-1,0
1980,Bristol City,Wrexham,0,2,2,2,2,-2,0
1980,Bristol Rovers,Chelsea,1,0,2,2,1,1,1
1980,Bristol Rovers,Notts County,1,1,2,2,2,0,0
1980,Bristol Rovers,Queens Park Rangers,1,2,2,2,3,-1,0
1980,Cambridge United,Bristol City,2,1,2,2,3,1,1
1980,Cambridge United,Chelsea,0,1,2,2,1,-1,0
1980,Cambridge United,Leyton Orient,1,0,2,2,1,1,1
1980,Cambridge United,Wrexham,1,0,2,2,1,1,1
1980,Cardiff City,Swansea City,3,3,2,2,6,0,0
1980,Chelsea,Leyton Orient,0,1,2,2,1,-1,0
1980,Chelsea,Swansea City,0,0,2,2,0,0,0
1980,Chelsea,Wrexham,2,2,2,2,4,0,0
1980,Derby County,Bristol City,1,0,2,2,1,1,1
1980,Derby County,Cardiff City,1,1,2,2,2,0,0
1980,Grimsby Town,Leyton Orient,2,0,2,2,2,2,1
1980,Grimsby Town,Notts County,2,1,2,2,3,1,1
1980,Grimsby Town,Queens Park Rangers,0,0,2,2,0,0,0
1980,Grimsby Town,Swansea City,1,0,2,2,1,1,1
1980,Grimsby Town,Wrexham,1,0,2,2,1,1,1
1980,Leyton Orient,Cardiff City,2,2,2,2,4,0,0
1980,Leyton Orient,Notts County,0,2,2,2,2,-2,0
1980,Luton Town,Bristol City,3,1,2,2,4,2,1
1980,Luton Town,Grimsby Town,0,2,2,2,2,-2,0
1980,Luton Town,Notts County,0,1,2,2,1,-1,0
1980,Luton Town,Swansea City,2,2,2,2,4,0,0
1980,Luton Town,Wrexham,1,1,2,2,2,0,0
1980,Newcastle United,Bristol City,0,0,2,2,0,0,0
1980,Newcastle United,Grimsby Town,1,1,2,2,2,0,0
1980,Newcastle United,Notts County,1,1,2,2,2,0,0
1980,Newcastle United,Queens Park Rangers,1,0,2,2,1,1,1
1980,Newcastle United,Swansea City,1,2,2,2,3,-1,0
1980,Newcastle United,Wrexham,0,1,2,2,1,-1,0
1980,Notts County,Cardiff City,4,2,2,2,6,2,1
1980,Notts County,Newcastle United,0,0,2,2,0,0,0
1980,Notts County,Swansea City,2,1,2,2,3,1,1
1980,Oldham Athletic,Bristol City,2,0,2,2,2,2,1
1980,Oldham Athletic,Grimsby Town,1,2,2,2,3,-1,0
1980,Oldham Athletic,Queens Park Rangers,1,0,2,2,1,1,1
1980,Oldham Athletic,Swansea City,2,2,2,2,4,0,0
1980,Preston North End,Bristol City,1,1,2,2,2,0,0
1980,Preston North End,Cardiff City,3,1,2,2,4,2,1
1980,Preston North End,Grimsby Town,2,4,2,2,6,-2,0
1980,Preston North End,Queens Park Rangers,3,2,2,2,5,1,1
1980,Preston North End,Swansea City,1,3,2,2,4,-2,0
1980,Queens Park Rangers,Cardiff City,2,0,2,2,2,2,1
1980,Queens Park Rangers,Grimsby Town,1,0,2,2,1,1,1
1980,Sheffield Wednesday,Grimsby Town,1,2,2,2,3,-1,0
1980,Sheffield Wednesday,Newcastle United,2,0,2,2,2,2,1
1980,Sheffield Wednesday,Preston North End,3,0,2,2,3,3,1
1980,Sheffield Wednesday,Swansea City,2,0,2,2,2,2,1
1980,Sheffield Wednesday,Wrexham,2,1,2,2,3,1,1
1980,Shrewsbury Town,Bristol City,4,0,2,2,4,4,1
1980,Shrewsbury Town,Newcastle United,1,0,2,2,1,1,1
1980,Shrewsbury Town,Swansea City,0,0,2,2,0,0,0
1980,Shrewsbury Town,Wrexham,1,2,2,2,3,-1,0
1980,Swansea City,Bristol City,0,0,2,2,0,0,0
1980,Swansea City,Cardiff City,1,1,2,2,2,0,0
1980,Swansea City,Preston North End,3,0,2,2,3,3,1
1980,Swansea City,Shrewsbury Town,2,1,2,2,3,1,1
1980,Swansea City,Wrexham,3,1,2,2,4,2,1
1980,Watford,Grimsby Town,3,1,2,2,4,2,1
1980,Watford,Newcastle United,0,0,2,2,0,0,0
1980,Watford,Preston North End,2,1,2,2,3,1,1
1980,Watford,Shrewsbury Town,1,0,2,2,1,1,1
1980,West Ham United,Newcastle United,1,0,2,2,1,1,1
1980,West Ham United,Preston North End,5,0,2,2,5,5,1
1980,West Ham United,Shrewsbury Town,3,0,2,2,3,3,1
1980,Wrexham,Bristol City,1,0,2,2,1,1,1
1980,Wrexham,Grimsby Town,0,2,2,2,2,-2,0
1980,Wrexham,Newcastle United,0,0,2,2,0,0,0
1980,Wrexham,Shrewsbury Town,1,2,2,2,3,-1,0
1980,Wrexham,West Ham United,2,2,2,2,4,0,0
1980,Barnsley,Exeter City,1,0,3,3,1,1,1
1980,Barnsley,Huddersfield Town,1,0,3,3,1,1,1
1980,Barnsley,Sheffield United,2,1,3,3,3,1,1
1980,Blackpool,Barnsley,1,0,3,3,1,1,1
1980,Blackpool,Carlisle United,0,1,3,3,1,-1,0
1980,Blackpool,Fulham,0,2,3,3,2,-2,0
1980,Blackpool,Hull City,2,2,3,3,4,0,0
1980,Blackpool,Swindon Town,1,1,3,3,2,0,0
1980,Brentford,Charlton Athletic,0,1,3,3,1,-1,0
1980,Brentford,Colchester United,2,1,3,3,3,1,1
1980,Brentford,Millwall,1,0,3,3,1,1,1
1980,Brentford,Plymouth Argyle,0,1,3,3,1,-1,0
1980,Brentford,Rotherham United,2,1,3,3,3,1,1
1980,Burnley,Brentford,2,0,3,3,2,2,1
1980,Burnley,Exeter City,1,0,3,3,1,1,1
1980,Burnley,Huddersfield Town,4,2,3,3,6,2,1
1980,Burnley,Portsmouth,1,3,3,3,4,-2,0
1980,Burnley,Sheffield United,3,2,3,3,5,1,1
1980,Carlisle United,Burnley,3,2,3,3,5,1,1
1980,Carlisle United,Chesterfield,2,6,3,3,8,-4,0
1980,Carlisle United,Oxford United,0,0,3,3,0,0,0
1980,Charlton Athletic,Blackpool,2,1,3,3,3,1,1
1980,Charlton Athletic,Gillingham,2,1,3,3,3,1,1
1980,Charlton Athletic,Millwall,0,0,3,3,0,0,0
1980,Charlton Athletic,Plymouth Argyle,1,1,3,3,2,0,0
1980,Charlton Athletic,Walsall,2,0,3,3,2,2,1
1980,Chester,Charlton Athletic,4,0,3,3,4,4,1
1980,Chester,Newport County,1,1,3,3,2,0,0
1980,Chester,Sheffield United,3,2,3,3,5,1,1
1980,Chesterfield,Chester,2,0,3,3,2,2,1
1980,Chesterfield,Fulham,0,0,3,3,0,0,0
1980,Colchester United,Carlisle United,1,0,3,3,1,1,1
1980,Colchester United,Millwall,3,0,3,3,3,3,1
1980,Colchester United,Rotherham United,0,0,3,3,0,0,0
1980,Colchester United,Walsall,1,1,3,3,2,0,0
1980,Exeter City,Brentford,0,0,3,3,0,0,0
1980,Exeter City,Newport County,2,2,3,3,4,0,0
1980,Fulham,Barnsley,2,3,3,3,5,-1,0
1980,Fulham,Burnley,0,2,3,3,2,-2,0
1980,Fulham,Exeter City,0,1,3,3,1,-1,0
1980,Fulham,Hull City,0,0,3,3,0,0,0
1980,Fulham,Reading,1,2,3,3,3,-1,0
1980,Gillingham,Blackpool,3,1,3,3,4,2,1
1980,Gillingham,Chesterfield,1,0,3,3,1,1,1
1980,Huddersfield Town,Brentford,3,0,3,3,3,3,1
1980,Huddersfield Town,Charlton Athletic,0,1,3,3,1,-1,0
1980,Huddersfield Town,Newport County,4,1,3,3,5,2,1
1980,Huddersfield Town,Sheffield United,1,0,3,3,1,1,1
1980,Hull City,Burnley,0,0,3,3,0,0,0
1980,Hull City,Huddersfield Town,2,1,3,3,3,1,1
1980,Hull City,Oxford United,0,1,3,3,1,-1,0
1980,Hull City,Reading,2,0,3,3,2,2,1
1980,Hull City,Swindon Town,0,0,3,3,0,0,0
1980,Millwall,Fulham,3,1,3,3,4,2,1
1980,Millwall,Hull City,1,1,3,3,2,0,0
1980,Millwall,Plymouth Argyle,1,1,3,3,2,0,0
1980,Millwall,Rotherham United,0,1,3,3,1,-1,0
1980,Newport County,Brentford,1,1,3,3,2,0,0
1980,Newport County,Charlton Athletic,1,2,3,3,3,-1,0
1980,Newport County,Colchester United,1,0,3,3,1,1,1
1980,Newport County,Portsmouth,2,1,3,3,3,1,1
1980,Newport County,Sheffield United,4,0,3,3,4,4,1
1980,Oxford United,Barnsley,1,1,3,3,2,0,0
1980,Oxford United,Exeter City,1,2,3,3,3,-1,0
1980,Oxford United,Huddersfield Town,0,2,3,3,2,-2,0
1980,Oxford United,Swindon Town,0,0,3,3,0,0,0
1980,Plymouth Argyle,Blackpool,0,2,3,3,2,-2,0
1980,Plymouth Argyle,Chesterfield,1,0,3,3,1,1,1
1980,Plymouth Argyle,Oxford United,3,0,3,3,3,3,1
1980,Portsmouth,Brentford,0,2,3,3,2,-2,0
1980,Portsmouth,Charlton Athletic,1,0,3,3,1,1,1
1980,Portsmouth,Gillingham,0,0,3,3,0,0,0
1980,Portsmouth,Millwall,2,1,3,3,3,1,1
1980,Portsmouth,Plymouth Argyle,1,3,3,3,4,-2,0
1980,Portsmouth,Sheffield United,1,0,3,3,1,1,1
1980,Reading,Barnsley,3,2,3,3,5,1,1
1980,Reading,Huddersfield Town,2,1,3,3,3,1,1
1980,Reading,Newport County,1,1,3,3,2,0,0
1980,Rotherham United,Chesterfield,0,0,3,3,0,0,0
1980,Rotherham United,Fulham,2,2,3,3,4,0,0
1980,Rotherham United,Reading,2,0,3,3,2,2,1
1980,Rotherham United,Walsall,2,1,3,3,3,1,1
1980,Sheffield United,Colchester United,3,0,3,3,3,3,1
1980,Sheffield United,Millwall,2,3,3,3,5,-1,0
1980,Sheffield United,Rotherham United,1,2,3,3,3,-1,0
1980,Swindon Town,Burnley,0,3,3,3,3,-3,0
1980,Swindon Town,Chester,1,2,3,3,3,-1,0
1980,Swindon Town,Exeter City,2,2,3,3,4,0,0
1980,Swindon Town,Newport County,1,1,3,3,2,0,0
1980,Walsall,Carlisle United,4,3,3,3,7,1,1
1980,Walsall,Chesterfield,4,3,3,3,7,1,1
1980,Walsall,Fulham,1,2,3,3,3,-1,0
1980,Walsall,Oxford United,0,3,3,3,3,-3,0
1980,Walsall,Swindon Town,2,1,3,3,3,1,1
1980,AFC Bournemouth,Doncaster Rovers,1,2,4,4,3,-1,0
1980,AFC Bournemouth,Hereford United,1,0,4,4,1,1,1
1980,AFC Bournemouth,Northampton Town,0,0,4,4,0,0,0
1980,AFC Bournemouth,Rochdale,2,1,4,4,3,1,1
1980,AFC Bournemouth,Wigan Athletic,3,0,4,4,3,3,1
1980,Aldershot,Crewe Alexandra,2,0,4,4,2,2,1
1980,Aldershot,Lincoln City,0,0,4,4,0,0,0
1980,Aldershot,Peterborough United,0,0,4,4,0,0,0
1980,Aldershot,Scunthorpe United,0,0,4,4,0,0,0
1980,Aldershot,Wimbledon,2,0,4,4,2,2,1
1980,Bradford City,Aldershot,1,0,4,4,1,1,1
1980,Bradford City,Port Vale,2,1,4,4,3,1,1
1980,Bradford City,Tranmere Rovers,0,3,4,4,3,-3,0
1980,Bradford City,York City,1,1,4,4,2,0,0
1980,Bury,Bradford City,2,2,4,4,4,0,0
1980,Bury,Hereford United,2,1,4,4,3,1,1
1980,Crewe Alexandra,AFC Bournemouth,0,2,4,4,2,-2,0
1980,Crewe Alexandra,Halifax Town,2,1,4,4,3,1,1
1980,Crewe Alexandra,Lincoln City,0,3,4,4,3,-3,0
1980,Crewe Alexandra,Torquay United,0,1,4,4,1,-1,0
1980,Crewe Alexandra,Wimbledon,0,3,4,4,3,-3,0
1980,Darlington,Aldershot,1,2,4,4,3,-1,0
1980,Darlington,Crewe Alexandra,2,1,4,4,3,1,1
1980,Darlington,Southend United,0,2,4,4,2,-2,0
1980,Doncaster Rovers,Bradford City,2,0,4,4,2,2,1
1980,Doncaster Rovers,Stockport County,2,1,4,4,3,1,1
1980,Halifax Town,Doncaster Rovers,0,3,4,4,3,-3,0
1980,Halifax Town,Lincoln City,1,3,4,4,4,-2,0
1980,Halifax Town,Scunthorpe United,1,0,4,4,1,1,1
1980,Hartlepool United,Crewe Alexandra,6,2,4,4,8,4,1
1980,Hartlepool United,Halifax Town,3,0,4,4,3,3,1
1980,Hartlepool United,Mansfield Town,0,1,4,4,1,-1,0
1980,Hartlepool United,Tranmere Rovers,3,0,4,4,3,3,1
1980,Hereford United,Bradford City,4,0,4,4,4,4,1
1980,Hereford United,Northampton Town,4,1,4,4,5,3,1
1980,Hereford United,Rochdale,3,0,4,4,3,3,1
1980,Hereford United,Stockport County,2,0,4,4,2,2,1
1980,Lincoln City,Hereford United,1,0,4,4,1,1,1
1980,Lincoln City,Peterborough United,1,1,4,4,2,0,0
1980,Lincoln City,Torquay United,5,0,4,4,5,5,1
1980,Lincoln City,Wimbledon,0,0,4,4,0,0,0
1980,Mansfield Town,Crewe Alexandra,4,1,4,4,5,3,1
1980,Mansfield Town,Halifax Town,0,1,4,4,1,-1,0
1980,Mansfield Town,Southend United,0,1,4,4,1,-1,0
1980,Mansfield Town,York City,0,1,4,4,1,-1,0
1980,Northampton Town,Bradford City,0,1,4,4,1,-1,0
1980,Northampton Town,Darlington,2,2,4,4,4,0,0
1980,Northampton Town,Mansfield Town,0,1,4,4,1,-1,0
1980,Northampton Town,Stockport County,0,1,4,4,1,-1,0
1980,Peterborough United,Doncaster Rovers,0,1,4,4,1,-1,0
1980,Peterborough United,Scunthorpe United,0,2,4,4,2,-2,0
1980,Port Vale,Aldershot,0,1,4,4,1,-1,0
1980,Port Vale,Halifax Town,0,0,4,4,0,0,0
1980,Port Vale,Lincoln City,0,1,4,4,1,-1,0
1980,Port Vale,Peterborough United,1,1,4,4,2,0,0
1980,Port Vale,Tranmere Rovers,5,1,4,4,6,4,1
1980,Port Vale,York City,2,0,4,4,2,2,1
1980,Rochdale,Darlington,0,0,4,4,0,0,0
1980,Rochdale,Hartlepool United,1,1,4,4,2,0,0
1980,Rochdale,Port Vale,2,1,4,4,3,1,1
1980,Scunthorpe United,Bury,2,2,4,4,4,0,0
1980,Scunthorpe United,Doncaster Rovers,1,1,4,4,2,0,0
1980,Scunthorpe United,Rochdale,1,1,4,4,2,0,0
1980,Scunthorpe United,Wimbledon,1,2,4,4,3,-1,0
1980,Southend United,Aldershot,3,0,4,4,3,3,1
1980,Southend United,Halifax Town,5,1,4,4,6,4,1
1980,Southend United,Lincoln City,0,0,4,4,0,0,0
1980,Southend United,Scunthorpe United,2,0,4,4,2,2,1
1980,Southend United,York City,3,0,4,4,3,3,1
1980,Stockport County,Hartlepool United,0,2,4,4,2,-2,0
1980,Stockport County,Wigan Athletic,0,1,4,4,1,-1,0
1980,Torquay United,AFC Bournemouth,2,0,4,4,2,2,1
1980,Torquay United,Northampton Town,3,3,4,4,6,0,0
1980,Tranmere Rovers,Crewe Alexandra,0,1,4,4,1,-1,0
1980,Tranmere Rovers,Halifax Town,2,0,4,4,2,2,1
1980,Tranmere Rovers,Torquay United,1,0,4,4,1,1,1
1980,Tranmere Rovers,York City,5,0,4,4,5,5,1
1980,Wigan Athletic,Darlington,3,1,4,4,4,2,1
1980,Wigan Athletic,Port Vale,1,0,4,4,1,1,1
1980,Wigan Athletic,Tranmere Rovers,1,1,4,4,2,0,0
1980,Wimbledon,Bury,2,4,4,4,6,-2,0
1980,York City,Aldershot,4,1,4,4,5,3,1
1980,York City,Crewe Alexandra,2,0,4,4,2,2,1
1980,York City,Lincoln City,1,0,4,4,1,1,1
1980,York City,Peterborough United,1,2,4,4,3,-1,0
1980,York City,Scunthorpe United,1,0,4,4,1,1,1
1981,Arsenal,Nottingham Forest,2,0,1,1,2,2,1
1981,Aston Villa,Ipswich Town,0,1,1,1,1,-1,0
1981,Aston Villa,Manchester City,0,0,1,1,0,0,0
1981,Aston Villa,Nottingham Forest,3,1,1,1,4,2,1
1981,Aston Villa,Wolverhampton Wanderers,3,1,1,1,4,2,1
1981,Birmingham City,Ipswich Town,1,1,1,1,2,0,0
1981,Birmingham City,Nottingham Forest,4,3,1,1,7,1,1
1981,Brighton & Hove Albion,Birmingham City,1,1,1,1,2,0,0
1981,Brighton & Hove Albion,Ipswich Town,0,1,1,1,1,-1,0
1981,Brighton & Hove Albion,Nottingham Forest,0,1,1,1,1,-1,0
1981,Brighton & Hove Albion,Tottenham Hotspur,1,3,1,1,4,-2,0
1981,Brighton & Hove Albion,Wolverhampton Wanderers,2,0,1,1,2,2,1
1981,Coventry City,Ipswich Town,2,4,1,1,6,-2,0
1981,Coventry City,Manchester City,0,1,1,1,1,-1,0
1981,Coventry City,Nottingham Forest,0,1,1,1,1,-1,0
1981,Coventry City,Stoke City,3,0,1,1,3,3,1
1981,Coventry City,Tottenham Hotspur,0,0,1,1,0,0,0
1981,Coventry City,Wolverhampton Wanderers,0,0,1,1,0,0,0
1981,Everton,Birmingham City,3,1,1,1,4,2,1
1981,Everton,Ipswich Town,2,1,1,1,3,1,1
1981,Everton,Stoke City,0,0,1,1,0,0,0
1981,Everton,Wolverhampton Wanderers,1,1,1,1,2,0,0
1981,Ipswich Town,Birmingham City,3,2,1,1,5,1,1
1981,Leeds United,Birmingham City,3,3,1,1,6,0,0
1981,Leeds United,Stoke City,0,0,1,1,0,0,0
1981,Leeds United,Wolverhampton Wanderers,3,0,1,1,3,3,1
1981,Liverpool,Manchester City,1,3,1,1,4,-2,0
1981,Liverpool,Tottenham Hotspur,3,1,1,1,4,2,1
1981,Liverpool,Wolverhampton Wanderers,2,1,1,1,3,1,1
1981,Manchester City,Stoke City,1,1,1,1,2,0,0
1981,Manchester City,Wolverhampton Wanderers,2,1,1,1,3,1,1
1981,Manchester United,Birmingham City,1,1,1,1,2,0,0
1981,Manchester United,Everton,1,1,1,1,2,0,0
1981,Manchester United,Stoke City,2,0,1,1,2,2,1
1981,Manchester United,Tottenham Hotspur,2,0,1,1,2,2,1
1981,Manchester United,Wolverhampton Wanderers,5,0,1,1,5,5,1
1981,Middlesbrough,Birmingham City,2,1,1,1,3,1,1
1981,Middlesbrough,Wolverhampton Wanderers,0,0,1,1,0,0,0
1981,Nottingham Forest,Birmingham City,2,1,1,1,3,1,1
1981,Nottingham Forest,Everton,0,1,1,1,1,-1,0
1981,Nottingham Forest,Middlesbrough,1,1,1,1,2,0,0
1981,Nottingham Forest,Stoke City,0,0,1,1,0,0,0
1981,Nottingham Forest,Tottenham Hotspur,2,0,1,1,2,2,1
1981,Nottingham Forest,Wolverhampton Wanderers,0,1,1,1,1,-1,0
1981,Notts County,Everton,2,2,1,1,4,0,0
1981,Notts County,Tottenham Hotspur,2,2,1,1,4,0,0
1981,Notts County,Wolverhampton Wanderers,4,0,1,1,4,4,1
1981,Southampton,Middlesbrough,2,0,1,1,2,2,1
1981,Southampton,Wolverhampton Wanderers,4,1,1,1,5,3,1
1981,Stoke City,Birmingham City,1,0,1,1,1,1,1
1981,Stoke City,Liverpool,1,5,1,1,6,-4,0
1981,Stoke City,Tottenham Hotspur,0,2,1,1,2,-2,0
1981,Sunderland,Everton,3,1,1,1,4,2,1
1981,Sunderland,Liverpool,0,2,1,1,2,-2,0
1981,Sunderland,Middlesbrough,0,2,1,1,2,-2,0
1981,Sunderland,Tottenham Hotspur,0,2,1,1,2,-2,0
1981,Swansea City,Everton,1,3,1,1,4,-2,0
1981,Swansea City,Middlesbrough,1,2,1,1,3,-1,0
1981,Swansea City,Southampton,1,0,1,1,1,1,1
1981,Swansea City,Tottenham Hotspur,2,1,1,1,3,1,1
1981,Swansea City,Wolverhampton Wanderers,0,0,1,1,0,0,0
1981,Tottenham Hotspur,Birmingham City,1,1,1,1,2,0,0
1981,Tottenham Hotspur,Everton,3,0,1,1,3,3,1
1981,Tottenham Hotspur,Southampton,3,2,1,1,5,1,1
1981,Tottenham Hotspur,Wolverhampton Wanderers,6,1,1,1,7,5,1
1981,West Bromwich Albion,Southampton,1,1,1,1,2,0,0
1981,West Bromwich Albion,Swansea City,4,1,1,1,5,3,1
1981,West Bromwich Albion,Wolverhampton Wanderers,3,0,1,1,3,3,1
1981,West Ham United,Everton,1,1,1,1,2,0,0
1981,West Ham United,Middlesbrough,3,2,1,1,5,1,1
1981,West Ham United,Swansea City,1,1,1,1,2,0,0
1981,West Ham United,Wolverhampton Wanderers,3,1,1,1,4,2,1
1981,Wolverhampton Wanderers,Everton,0,3,1,1,3,-3,0
1981,Wolverhampton Wanderers,Middlesbrough,0,0,1,1,0,0,0
1981,Wolverhampton Wanderers,Southampton,0,0,1,1,0,0,0
1981,Barnsley,Grimsby Town,3,2,2,2,5,1,1
1981,Barnsley,Luton Town,4,3,2,2,7,1,1
1981,Blackburn Rovers,Luton Town,0,1,2,2,1,-1,0
1981,Blackburn Rovers,Oldham Athletic,0,0,2,2,0,0,0
1981,Blackburn Rovers,Wrexham,0,0,2,2,0,0,0
1981,Bolton Wanderers,Cambridge United,3,4,2,2,7,-1,0
1981,Bolton Wanderers,Chelsea,2,2,2,2,4,0,0
1981,Bolton Wanderers,Grimsby Town,1,2,2,2,3,-1,0
1981,Bolton Wanderers,Oldham Athletic,0,2,2,2,2,-2,0
1981,Bolton Wanderers,Wrexham,2,0,2,2,2,2,1
1981,Cambridge United,Sheffield Wednesday,1,2,2,2,3,-1,0
1981,Cardiff City,Grimsby Town,2,1,2,2,3,1,1
1981,Cardiff City,Oldham Athletic,0,1,2,2,1,-1,0
1981,Charlton Athletic,Bolton Wanderers,1,0,2,2,1,1,1
1981,Charlton Athletic,Oldham Athletic,3,1,2,2,4,2,1
1981,Charlton Athletic,Wrexham,1,0,2,2,1,1,1
1981,Chelsea,Bolton Wanderers,2,0,2,2,2,2,1
1981,Chelsea,Grimsby Town,1,1,2,2,2,0,0
1981,Chelsea,Sheffield Wednesday,2,1,2,2,3,1,1
1981,Crystal Palace,Charlton Athletic,2,0,2,2,2,2,1
1981,Crystal Palace,Grimsby Town,0,3,2,2,3,-3,0
1981,Crystal Palace,Sheffield Wednesday,1,2,2,2,3,-1,0
1981,Derby County,Grimsby Town,1,1,2,2,2,0,0
1981,Derby County,Oldham Athletic,1,0,2,2,1,1,1
1981,Grimsby Town,Charlton Athletic,3,3,2,2,6,0,0
1981,Grimsby Town,Luton Town,0,0,2,2,0,0,0
1981,Grimsby Town,Oldham Athletic,2,1,2,2,3,1,1
1981,Grimsby Town,Sheffield Wednesday,0,1,2,2,1,-1,0
1981,Grimsby Town,Wrexham,1,1,2,2,2,0,0
1981,Leicester City,Bolton Wanderers,1,0,2,2,1,1,1
1981,Leicester City,Luton Town,1,2,2,2,3,-1,0
1981,Leicester City,Oldham Athletic,2,1,2,2,3,1,1
1981,Leicester City,Sheffield Wednesday,0,0,2,2,0,0,0
1981,Leicester City,Wrexham,1,0,2,2,1,1,1
1981,Leyton Orient,Charlton Athletic,1,1,2,2,2,0,0
1981,Leyton Orient,Luton Town,0,3,2,2,3,-3,0
1981,Leyton Orient,Sheffield Wednesday,3,0,2,2,3,3,1
1981,Luton Town,Charlton Athletic,3,0,2,2,3,3,1
1981,Luton Town,Leyton Orient,2,0,2,2,2,2,1
1981,Luton Town,Sheffield Wednesday,0,3,2,2,3,-3,0
1981,Newcastle United,Charlton Athletic,4,1,2,2,5,3,1
1981,Newcastle United,Derby County,3,0,2,2,3,3,1
1981,Newcastle United,Sheffield Wednesday,1,0,2,2,1,1,1
1981,Norwich City,Bolton Wanderers,0,0,2,2,0,0,0
1981,Norwich City,Oldham Athletic,1,2,2,2,3,-1,0
1981,Norwich City,Sheffield Wednesday,2,3,2,2,5,-1,0
1981,Oldham Athletic,Derby County,1,1,2,2,2,0,0
1981,Oldham Athletic,Norwich City,2,0,2,2,2,2,1
1981,Oldham Athletic,Sheffield Wednesday,0,3,2,2,3,-3,0
1981,Queens Park Rangers,Charlton Athletic,4,0,2,2,4,4,1
1981,Queens Park Rangers,Norwich City,2,0,2,2,2,2,1
1981,Queens Park Rangers,Wrexham,1,1,2,2,2,0,0
1981,Rotherham United,Bolton Wanderers,2,0,2,2,2,2,1
1981,Rotherham United,Derby County,2,1,2,2,3,1,1
1981,Rotherham United,Leyton Orient,1,0,2,2,1,1,1
1981,Rotherham United,Sheffield Wednesday,2,2,2,2,4,0,0
1981,Rotherham United,Wrexham,2,0,2,2,2,2,1
1981,Sheffield Wednesday,Bolton Wanderers,0,1,2,2,1,-1,0
1981,Sheffield Wednesday,Leyton Orient,2,0,2,2,2,2,1
1981,Shrewsbury Town,Charlton Athletic,1,1,2,2,2,0,0
1981,Shrewsbury Town,Derby County,4,1,2,2,5,3,1
1981,Watford,Bolton Wanderers,3,0,2,2,3,3,1
1981,Watford,Charlton Athletic,2,2,2,2,4,0,0
1981,Watford,Derby County,6,1,2,2,7,5,1
1981,Watford,Norwich City,3,0,2,2,3,3,1
1981,Watford,Wrexham,2,0,2,2,2,2,1
1981,Wrexham,Leyton Orient,0,1,2,2,1,-1,0
1981,Wrexham,Norwich City,2,3,2,2,5,-1,0
1981,Wrexham,Rotherham United,3,2,2,2,5,1,1
1981,Brentford,Lincoln City,3,1,3,3,4,2,1
1981,Brentford,Preston North End,0,0,3,3,0,0,0
1981,Brentford,Swindon Town,4,2,3,3,6,2,1
1981,Bristol City,Brentford,0,1,3,3,1,-1,0
1981,Bristol City,Doncaster Rovers,2,2,3,3,4,0,0
1981,Bristol City,Millwall,4,1,3,3,5,3,1
1981,Bristol City,Plymouth Argyle,3,2,3,3,5,1,1
1981,Bristol City,Walsall,0,1,3,3,1,-1,0
1981,Bristol Rovers,Bristol City,1,0,3,3,1,1,1
1981,Bristol Rovers,Chester,2,2,3,3,4,0,0
1981,Bristol Rovers,Exeter City,3,2,3,3,5,1,1
1981,Bristol Rovers,Huddersfield Town,3,2,3,3,5,1,1
1981,Bristol Rovers,Wimbledon,2,2,3,3,4,0,0
1981,Burnley,Bristol Rovers,4,0,3,3,4,4,1
1981,Burnley,Chesterfield,1,1,3,3,2,0,0
1981,Burnley,Lincoln City,1,0,3,3,1,1,1
1981,Burnley,Oxford United,2,1,3,3,3,1,1
1981,Burnley,Preston North End,2,0,3,3,2,2,1
1981,Carlisle United,Brentford,1,0,3,3,1,1,1
1981,Carlisle United,Gillingham,2,0,3,3,2,2,1
1981,Carlisle United,Reading,2,1,3,3,3,1,1
1981,Chester,Carlisle United,0,1,3,3,1,-1,0
1981,Chester,Exeter City,0,2,3,3,2,-2,0
1981,Chester,Newport County,0,2,3,3,2,-2,0
1981,Chesterfield,Bristol Rovers,2,0,3,3,2,2,1
1981,Chesterfield,Chester,3,5,3,3,8,-2,0
1981,Chesterfield,Fulham,3,0,3,3,3,3,1
1981,Chesterfield,Oxford United,2,2,3,3,4,0,0
1981,Doncaster Rovers,Brentford,1,0,3,3,1,1,1
1981,Doncaster Rovers,Burnley,0,1,3,3,1,-1,0
1981,Doncaster Rovers,Reading,0,1,3,3,1,-1,0
1981,Doncaster Rovers,Walsall,1,0,3,3,1,1,1
1981,Exeter City,Huddersfield Town,1,0,3,3,1,1,1
1981,Exeter City,Newport County,1,0,3,3,1,1,1
1981,Exeter City,Southend United,1,1,3,3,2,0,0
1981,Fulham,Bristol Rovers,4,2,3,3,6,2,1
1981,Fulham,Chester,2,0,3,3,2,2,1
1981,Fulham,Exeter City,4,1,3,3,5,3,1
1981,Fulham,Oxford United,0,0,3,3,0,0,0
1981,Fulham,Preston North End,3,0,3,3,3,3,1
1981,Fulham,Swindon Town,2,0,3,3,2,2,1
1981,Gillingham,Burnley,3,1,3,3,4,2,1
1981,Gillingham,Fulham,2,0,3,3,2,2,1
1981,Gillingham,Millwall,1,1,3,3,2,0,0
1981,Gillingham,Plymouth Argyle,3,2,3,3,5,1,1
1981,Gillingham,Walsall,1,4,3,3,5,-3,0
1981,Huddersfield Town,Bristol City,5,0,3,3,5,5,1
1981,Huddersfield Town,Carlisle United,2,1,3,3,3,1,1
1981,Huddersfield Town,Doncaster Rovers,1,2,3,3,3,-1,0
1981,Huddersfield Town,Gillingham,2,0,3,3,2,2,1
1981,Huddersfield Town,Newport County,2,0,3,3,2,2,1
1981,Huddersfield Town,Portsmouth,0,1,3,3,1,-1,0
1981,Lincoln City,Chester,3,0,3,3,3,3,1
1981,Lincoln City,Swindon Town,2,0,3,3,2,2,1
1981,Millwall,Burnley,4,3,3,3,7,1,1
1981,Millwall,Fulham,4,3,3,3,7,1,1
1981,Millwall,Reading,0,1,3,3,1,-1,0
1981,Newport County,Bristol City,1,1,3,3,2,0,0
1981,Newport County,Carlisle United,2,0,3,3,2,2,1
1981,Newport County,Gillingham,4,2,3,3,6,2,1
1981,Newport County,Millwall,1,1,3,3,2,0,0
1981,Newport County,Portsmouth,1,1,3,3,2,0,0
1981,Newport County,Wimbledon,0,0,3,3,0,0,0
1981,Oxford United,Bristol Rovers,1,1,3,3,2,0,0
1981,Oxford United,Chester,3,1,3,3,4,2,1
1981,Oxford United,Exeter City,0,0,3,3,0,0,0
1981,Oxford United,Newport County,1,1,3,3,2,0,0
1981,Plymouth Argyle,Brentford,1,0,3,3,1,1,1
1981,Plymouth Argyle,Burnley,1,1,3,3,2,0,0
1981,Plymouth Argyle,Chesterfield,0,2,3,3,2,-2,0
1981,Plymouth Argyle,Fulham,3,1,3,3,4,2,1
1981,Plymouth Argyle,Lincoln City,0,2,3,3,2,-2,0
1981,Plymouth Argyle,Reading,1,1,3,3,2,0,0
1981,Portsmouth,Bristol City,2,0,3,3,2,2,1
1981,Portsmouth,Carlisle United,1,2,3,3,3,-1,0
1981,Portsmouth,Southend United,0,0,3,3,0,0,0
1981,Portsmouth,Wimbledon,1,0,3,3,1,1,1
1981,Preston North End,Chester,0,1,3,3,1,-1,0
1981,Preston North End,Huddersfield Town,1,1,3,3,2,0,0
1981,Preston North End,Newport County,2,1,3,3,3,1,1
1981,Preston North End,Portsmouth,1,0,3,3,1,1,1
1981,Preston North End,Swindon Town,0,0,3,3,0,0,0
1981,Reading,Brentford,4,1,3,3,5,3,1
1981,Reading,Burnley,1,1,3,3,2,0,0
1981,Reading,Lincoln City,3,2,3,3,5,1,1
1981,Southend United,Bristol City,3,0,3,3,3,3,1
1981,Southend United,Millwall,2,2,3,3,4,0,0
1981,Southend United,Reading,2,0,3,3,2,2,1
1981,Swindon Town,Bristol Rovers,5,2,3,3,7,3,1
1981,Swindon Town,Chester,3,0,3,3,3,3,1
1981,Swindon Town,Exeter City,3,2,3,3,5,1,1
1981,Swindon Town,Huddersfield Town,1,5,3,3,6,-4,0
1981,Swindon Town,Newport County,1,1,3,3,2,0,0
1981,Swindon Town,Portsmouth,2,0,3,3,2,2,1
1981,Walsall,Burnley,1,1,3,3,2,0,0
1981,Walsall,Chesterfield,1,1,3,3,2,0,0
1981,Walsall,Fulham,1,1,3,3,2,0,0
1981,Walsall,Oxford United,1,3,3,3,4,-2,0
1981,Walsall,Preston North End,0,3,3,3,3,-3,0
1981,Wimbledon,Bristol City,0,0,3,3,0,0,0
1981,Wimbledon,Doncaster Rovers,0,1,3,3,1,-1,0
1981,Wimbledon,Gillingham,0,2,3,3,2,-2,0
1981,Wimbledon,Plymouth Argyle,2,1,3,3,3,1,1
1981,Wimbledon,Reading,0,0,3,3,0,0,0
1981,Wimbledon,Walsall,2,0,3,3,2,2,1
1981,AFC Bournemouth,Crewe Alexandra,2,0,4,4,2,2,1
1981,AFC Bournemouth,Mansfield Town,1,0,4,4,1,1,1
1981,AFC Bournemouth,Sheffield United,0,0,4,4,0,0,0
1981,Aldershot,Bury,1,2,4,4,3,-1,0
1981,Aldershot,Darlington,0,0,4,4,0,0,0
1981,Aldershot,Northampton Town,2,1,4,4,3,1,1
1981,Aldershot,Rochdale,2,2,4,4,4,0,0
1981,Aldershot,Stockport County,1,1,4,4,2,0,0
1981,Blackpool,Colchester United,0,0,4,4,0,0,0
1981,Blackpool,Hull City,3,1,4,4,4,2,1
1981,Blackpool,Peterborough United,2,2,4,4,4,0,0
1981,Blackpool,Torquay United,2,1,4,4,3,1,1
1981,Bradford City,Blackpool,1,0,4,4,1,1,1
1981,Bradford City,Crewe Alexandra,4,1,4,4,5,3,1
1981,Bradford City,Mansfield Town,3,4,4,4,7,-1,0
1981,Bradford City,Sheffield United,0,2,4,4,2,-2,0
1981,Bradford City,Tranmere Rovers,1,1,4,4,2,0,0
1981,Bury,Bradford City,1,1,4,4,2,0,0
1981,Bury,Darlington,2,0,4,4,2,2,1
1981,Bury,Northampton Town,7,1,4,4,8,6,1
1981,Bury,Wigan Athletic,5,3,4,4,8,2,1
1981,Colchester United,Aldershot,1,1,4,4,2,0,0
1981,Colchester United,Bury,1,1,4,4,2,0,0
1981,Colchester United,Hull City,2,0,4,4,2,2,1
1981,Colchester United,Scunthorpe United,2,1,4,4,3,1,1
1981,Colchester United,Torquay United,3,0,4,4,3,3,1
1981,Crewe Alexandra,Blackpool,1,1,4,4,2,0,0
1981,Crewe Alexandra,Colchester United,1,3,4,4,4,-2,0
1981,Crewe Alexandra,Port Vale,0,2,4,4,2,-2,0
1981,Crewe Alexandra,Sheffield United,2,3,4,4,5,-1,0
1981,Darlington,AFC Bournemouth,0,1,4,4,1,-1,0
1981,Darlington,Hereford United,0,1,4,4,1,-1,0
1981,Darlington,Northampton Town,3,0,4,4,3,3,1
1981,Darlington,Wigan Athletic,3,1,4,4,4,2,1
1981,Halifax Town,Bury,2,1,4,4,3,1,1
1981,Halifax Town,Darlington,3,3,4,4,6,0,0
1981,Halifax Town,Hull City,2,2,4,4,4,0,0
1981,Halifax Town,Scunthorpe United,1,2,4,4,3,-1,0
1981,Halifax Town,Torquay United,1,2,4,4,3,-1,0
1981,Hartlepool United,Halifax Town,3,2,4,4,5,1,1
1981,Hartlepool United,Mansfield Town,3,0,4,4,3,3,1
1981,Hartlepool United,Tranmere Rovers,0,0,4,4,0,0,0
1981,Hereford United,Hartlepool United,1,1,4,4,2,0,0
1981,Hereford United,Northampton Town,2,1,4,4,3,1,1
1981,Hereford United,Rochdale,0,0,4,4,0,0,0
1981,Hull City,Aldershot,1,2,4,4,3,-1,0
1981,Hull City,Bury,3,2,4,4,5,1,1
1981,Hull City,Scunthorpe United,2,0,4,4,2,2,1
1981,Hull City,Torquay United,1,0,4,4,1,1,1
1981,Mansfield Town,Halifax Town,3,2,4,4,5,1,1
1981,Mansfield Town,Tranmere Rovers,3,0,4,4,3,3,1
1981,Northampton Town,AFC Bournemouth,1,0,4,4,1,1,1
1981,Northampton Town,Bradford City,0,2,4,4,2,-2,0
1981,Northampton Town,Mansfield Town,1,1,4,4,2,0,0
1981,Northampton Town,Stockport County,0,0,4,4,0,0,0
1981,Northampton Town,Wigan Athletic,2,3,4,4,5,-1,0
1981,Peterborough United,Aldershot,7,1,4,4,8,6,1
1981,Peterborough United,Hereford United,3,1,4,4,4,2,1
1981,Peterborough United,Scunthorpe United,2,1,4,4,3,1,1
1981,Port Vale,Halifax Town,0,0,4,4,0,0,0
1981,Rochdale,Bradford City,1,1,4,4,2,0,0
1981,Rochdale,Crewe Alexandra,1,0,4,4,1,1,1
1981,Rochdale,Hartlepool United,2,1,4,4,3,1,1
1981,Rochdale,Mansfield Town,1,1,4,4,2,0,0
1981,Rochdale,Stockport County,4,1,4,4,5,3,1
1981,Rochdale,Wigan Athletic,1,1,4,4,2,0,0
1981,Scunthorpe United,Aldershot,1,1,4,4,2,0,0
1981,Scunthorpe United,Bury,2,2,4,4,4,0,0
1981,Scunthorpe United,Hereford United,2,2,4,4,4,0,0
1981,Scunthorpe United,Northampton Town,2,1,4,4,3,1,1
1981,Scunthorpe United,Torquay United,0,2,4,4,2,-2,0
1981,Scunthorpe United,York City,0,3,4,4,3,-3,0
1981,Sheffield United,Colchester United,1,0,4,4,1,1,1
1981,Sheffield United,Halifax Town,2,2,4,4,4,0,0
1981,Sheffield United,Scunthorpe United,1,0,4,4,1,1,1
1981,Stockport County,AFC Bournemouth,1,2,4,4,3,-1,0
1981,Stockport County,Port Vale,1,2,4,4,3,-1,0
1981,Stockport County,Sheffield United,1,0,4,4,1,1,1
1981,Torquay United,Bury,1,1,4,4,2,0,0
1981,Torquay United,Darlington,1,2,4,4,3,-1,0
1981,Tranmere Rovers,Blackpool,3,1,4,4,4,2,1
1981,Tranmere Rovers,Colchester United,2,1,4,4,3,1,1
1981,Tranmere Rovers,Scunthorpe United,0,1,4,4,1,-1,0
1981,Tranmere Rovers,Torquay United,1,1,4,4,2,0,0
1981,Wigan Athletic,Bradford City,4,1,4,4,5,3,1
1981,Wigan Athletic,Crewe Alexandra,3,0,4,4,3,3,1
1981,Wigan Athletic,Hartlepool United,1,1,4,4,2,0,0
1981,Wigan Athletic,Sheffield United,0,1,4,4,1,-1,0
1981,York City,Aldershot,4,0,4,4,4,4,1
1981,York City,Bury,0,0,4,4,0,0,0
1981,York City,Darlington,2,2,4,4,4,0,0
1981,York City,Stockport County,2,2,4,4,4,0,0
1982,Arsenal,Brighton & Hove Albion,3,1,1,1,4,2,1
1982,Arsenal,Ipswich Town,2,2,1,1,4,0,0
1982,Arsenal,Stoke City,3,0,1,1,3,3,1
1982,Arsenal,Tottenham Hotspur,2,0,1,1,2,2,1
1982,Aston Villa,Nottingham Forest,4,1,1,1,5,3,1
1982,Aston Villa,Stoke City,4,0,1,1,4,4,1
1982,Aston Villa,Tottenham Hotspur,4,0,1,1,4,4,1
1982,Aston Villa,West Ham United,1,0,1,1,1,1,1
1982,Birmingham City,Nottingham Forest,1,1,1,1,2,0,0
1982,Birmingham City,Stoke City,1,4,1,1,5,-3,0
1982,Birmingham City,Tottenham Hotspur,2,0,1,1,2,2,1
1982,Brighton & Hove Albion,Ipswich Town,1,1,1,1,2,0,0
1982,Brighton & Hove Albion,Nottingham Forest,1,1,1,1,2,0,0
1982,Brighton & Hove Albion,West Ham United,3,1,1,1,4,2,1
1982,Coventry City,Ipswich Town,1,1,1,1,2,0,0
1982,Coventry City,Nottingham Forest,1,2,1,1,3,-1,0
1982,Coventry City,Stoke City,2,0,1,1,2,2,1
1982,Everton,Birmingham City,0,0,1,1,0,0,0
1982,Everton,Nottingham Forest,3,1,1,1,4,2,1
1982,Everton,Stoke City,3,1,1,1,4,2,1
1982,Everton,West Ham United,2,0,1,1,2,2,1
1982,Ipswich Town,Birmingham City,3,1,1,1,4,2,1
1982,Ipswich Town,Manchester City,1,0,1,1,1,1,1
1982,Ipswich Town,Nottingham Forest,2,0,1,1,2,2,1
1982,Ipswich Town,Stoke City,2,3,1,1,5,-1,0
1982,Ipswich Town,Tottenham Hotspur,1,2,1,1,3,-1,0
1982,Ipswich Town,West Ham United,1,2,1,1,3,-1,0
1982,Liverpool,Birmingham City,1,0,1,1,1,1,1
1982,Liverpool,Everton,0,0,1,1,0,0,0
1982,Liverpool,Stoke City,5,1,1,1,6,4,1
1982,Liverpool,West Ham United,3,0,1,1,3,3,1
1982,Luton Town,Manchester City,3,1,1,1,4,2,1
1982,Luton Town,Nottingham Forest,0,2,1,1,2,-2,0
1982,Luton Town,Stoke City,0,0,1,1,0,0,0
1982,Manchester City,Everton,0,0,1,1,0,0,0
1982,Manchester City,Luton Town,0,1,1,1,1,-1,0
1982,Manchester City,Stoke City,1,0,1,1,1,1,1
1982,Manchester United,Everton,2,1,1,1,3,1,1
1982,Manchester United,Luton Town,3,0,1,1,3,3,1
1982,Manchester United,Nottingham Forest,2,0,1,1,2,2,1
1982,Manchester United,Stoke City,1,0,1,1,1,1,1
1982,Manchester United,Tottenham Hotspur,1,0,1,1,1,1,1
1982,Manchester United,West Ham United,2,1,1,1,3,1,1
1982,Norwich City,Everton,0,1,1,1,1,-1,0
1982,Norwich City,Luton Town,1,0,1,1,1,1,1
1982,Norwich City,Nottingham Forest,0,1,1,1,1,-1,0
1982,Norwich City,Tottenham Hotspur,0,0,1,1,0,0,0
1982,Nottingham Forest,Norwich City,2,2,1,1,4,0,0
1982,Nottingham Forest,Stoke City,1,0,1,1,1,1,1
1982,Nottingham Forest,Tottenham Hotspur,2,2,1,1,4,0,0
1982,Nottingham Forest,West Ham United,1,0,1,1,1,1,1
1982,Notts County,Luton Town,1,1,1,1,2,0,0
1982,Notts County,Norwich City,2,2,1,1,4,0,0
1982,Notts County,Stoke City,4,0,1,1,4,4,1
1982,Notts County,Tottenham Hotspur,3,0,1,1,3,3,1
1982,Southampton,Birmingham City,0,1,1,1,1,-1,0
1982,Southampton,Norwich City,4,0,1,1,4,4,1
1982,Southampton,Stoke City,1,0,1,1,1,1,1
1982,Stoke City,Everton,1,0,1,1,1,1,1
1982,Stoke City,Tottenham Hotspur,2,0,1,1,2,2,1
1982,Sunderland,Luton Town,1,1,1,1,2,0,0
1982,Sunderland,Norwich City,4,1,1,1,5,3,1
1982,Sunderland,Southampton,1,1,1,1,2,0,0
1982,Sunderland,West Ham United,1,0,1,1,1,1,1
1982,Swansea City,Birmingham City,0,0,1,1,0,0,0
1982,Swansea City,Norwich City,4,0,1,1,4,4,1
1982,Swansea City,West Ham United,1,5,1,1,6,-4,0
1982,Tottenham Hotspur,Birmingham City,2,1,1,1,3,1,1
1982,Tottenham Hotspur,Luton Town,2,2,1,1,4,0,0
1982,Tottenham Hotspur,Southampton,6,0,1,1,6,6,1
1982,Tottenham Hotspur,Swansea City,1,0,1,1,1,1,1
1982,Tottenham Hotspur,West Ham United,2,1,1,1,3,1,1
1982,Watford,Birmingham City,2,1,1,1,3,1,1
1982,Watford,Everton,2,0,1,1,2,2,1
1982,West Bromwich Albion,Birmingham City,2,0,1,1,2,2,1
1982,West Bromwich Albion,Everton,2,2,1,1,4,0,0
1982,West Bromwich Albion,Luton Town,1,0,1,1,1,1,1
1982,West Bromwich Albion,Southampton,1,0,1,1,1,1,1
1982,West Ham United,Southampton,1,1,1,1,2,0,0
1982,West Ham United,Swansea City,3,2,1,1,5,1,1
1982,West Ham United,West Bromwich Albion,0,1,1,1,1,-1,0
1982,Barnsley,Derby County,1,1,2,2,2,0,0
1982,Barnsley,Leeds United,2,1,2,2,3,1,1
1982,Barnsley,Newcastle United,0,5,2,2,5,-5,0
1982,Blackburn Rovers,Rotherham United,3,0,2,2,3,3,1
1982,Blackburn Rovers,Wolverhampton Wanderers,2,2,2,2,4,0,0
1982,Bolton Wanderers,Burnley,3,0,2,2,3,3,1
1982,Bolton Wanderers,Charlton Athletic,4,1,2,2,5,3,1
1982,Bolton Wanderers,Derby County,0,2,2,2,2,-2,0
1982,Bolton Wanderers,Rotherham United,2,2,2,2,4,0,0
1982,Bolton Wanderers,Wolverhampton Wanderers,0,1,2,2,1,-1,0
1982,Burnley,Charlton Athletic,7,1,2,2,8,6,1
1982,Burnley,Newcastle United,1,0,2,2,1,1,1
1982,Cambridge United,Charlton Athletic,3,2,2,2,5,1,1
1982,Cambridge United,Derby County,0,0,2,2,0,0,0
1982,Cambridge United,Leeds United,0,0,2,2,0,0,0
1982,Cambridge United,Newcastle United,1,0,2,2,1,1,1
1982,Cambridge United,Wolverhampton Wanderers,2,1,2,2,3,1,1
1982,Carlisle United,Bolton Wanderers,5,0,2,2,5,5,1
1982,Carlisle United,Derby County,3,0,2,2,3,3,1
1982,Carlisle United,Newcastle United,2,0,2,2,2,2,1
1982,Charlton Athletic,Bolton Wanderers,4,1,2,2,5,3,1
1982,Charlton Athletic,Carlisle United,0,0,2,2,0,0,0
1982,Charlton Athletic,Derby County,1,1,2,2,2,0,0
1982,Charlton Athletic,Rotherham United,1,5,2,2,6,-4,0
1982,Chelsea,Carlisle United,4,2,2,2,6,2,1
1982,Chelsea,Leeds United,0,0,2,2,0,0,0
1982,Chelsea,Newcastle United,0,2,2,2,2,-2,0
1982,Chelsea,Rotherham United,1,1,2,2,2,0,0
1982,Chelsea,Wolverhampton Wanderers,0,0,2,2,0,0,0
1982,Crystal Palace,Bolton Wanderers,3,0,2,2,3,3,1
1982,Crystal Palace,Leeds United,1,1,2,2,2,0,0
1982,Crystal Palace,Newcastle United,0,2,2,2,2,-2,0
1982,Derby County,Bolton Wanderers,0,0,2,2,0,0,0
1982,Derby County,Carlisle United,0,3,2,2,3,-3,0
1982,Derby County,Leeds United,3,3,2,2,6,0,0
1982,Derby County,Newcastle United,2,1,2,2,3,1,1
1982,Fulham,Bolton Wanderers,4,0,2,2,4,4,1
1982,Fulham,Carlisle United,2,0,2,2,2,2,1
1982,Fulham,Rotherham United,1,1,2,2,2,0,0
1982,Fulham,Wolverhampton Wanderers,1,3,2,2,4,-2,0
1982,Grimsby Town,Carlisle United,2,1,2,2,3,1,1
1982,Grimsby Town,Crystal Palace,4,1,2,2,5,3,1
1982,Grimsby Town,Leeds United,1,1,2,2,2,0,0
1982,Grimsby Town,Newcastle United,2,2,2,2,4,0,0
1982,Grimsby Town,Rotherham United,1,2,2,2,3,-1,0
1982,Grimsby Town,Wolverhampton Wanderers,1,1,2,2,2,0,0
1982,Leeds United,Bolton Wanderers,1,1,2,2,2,0,0
1982,Leeds United,Rotherham United,2,2,2,2,4,0,0
1982,Leicester City,Crystal Palace,0,1,2,2,1,-1,0
1982,Leicester City,Grimsby Town,2,0,2,2,2,2,1
1982,Leicester City,Newcastle United,2,2,2,2,4,0,0
1982,Middlesbrough,Carlisle United,1,0,2,2,1,1,1
1982,Middlesbrough,Newcastle United,1,1,2,2,2,0,0
1982,Middlesbrough,Wolverhampton Wanderers,0,0,2,2,0,0,0
1982,Newcastle United,Bolton Wanderers,2,2,2,2,4,0,0
1982,Newcastle United,Carlisle United,2,2,2,2,4,0,0
1982,Newcastle United,Crystal Palace,1,0,2,2,1,1,1
1982,Newcastle United,Middlesbrough,1,1,2,2,2,0,0
1982,Newcastle United,Wolverhampton Wanderers,1,1,2,2,2,0,0
1982,Oldham Athletic,Bolton Wanderers,2,3,2,2,5,-1,0
1982,Oldham Athletic,Carlisle United,4,3,2,2,7,1,1
1982,Oldham Athletic,Grimsby Town,1,1,2,2,2,0,0
1982,Oldham Athletic,Middlesbrough,3,0,2,2,3,3,1
1982,Oldham Athletic,Rotherham United,1,1,2,2,2,0,0
1982,Oldham Athletic,Wolverhampton Wanderers,4,1,2,2,5,3,1
1982,Queens Park Rangers,Bolton Wanderers,1,0,2,2,1,1,1
1982,Rotherham United,Bolton Wanderers,1,1,2,2,2,0,0
1982,Rotherham United,Crystal Palace,2,2,2,2,4,0,0
1982,Rotherham United,Queens Park Rangers,0,0,2,2,0,0,0
1982,Sheffield Wednesday,Carlisle United,1,1,2,2,2,0,0
1982,Sheffield Wednesday,Grimsby Town,2,0,2,2,2,2,1
1982,Shrewsbury Town,Queens Park Rangers,0,0,2,2,0,0,0
1982,Shrewsbury Town,Wolverhampton Wanderers,0,2,2,2,2,-2,0
1982,Wolverhampton Wanderers,Bolton Wanderers,0,0,2,2,0,0,0
1982,Wolverhampton Wanderers,Carlisle United,2,1,2,2,3,1,1
1982,Wolverhampton Wanderers,Crystal Palace,1,0,2,2,1,1,1
1982,Wolverhampton Wanderers,Grimsby Town,3,0,2,2,3,3,1
1982,Wolverhampton Wanderers,Middlesbrough,4,0,2,2,4,4,1
1982,Wolverhampton Wanderers,Queens Park Rangers,4,0,2,2,4,4,1
1982,Wolverhampton Wanderers,Shrewsbury Town,2,2,2,2,4,0,0
1982,AFC Bournemouth,Bristol Rovers,0,0,3,3,0,0,0
1982,AFC Bournemouth,Doncaster Rovers,2,2,3,3,4,0,0
1982,AFC Bournemouth,Huddersfield Town,0,1,3,3,1,-1,0
1982,AFC Bournemouth,Millwall,3,0,3,3,3,3,1
1982,AFC Bournemouth,Plymouth Argyle,1,0,3,3,1,1,1
1982,AFC Bournemouth,Walsall,3,0,3,3,3,3,1
1982,Bradford City,AFC Bournemouth,2,3,3,3,5,-1,0
1982,Bradford City,Cardiff City,4,2,3,3,6,2,1
1982,Bradford City,Exeter City,3,3,3,3,6,0,0
1982,Bradford City,Newport County,4,2,3,3,6,2,1
1982,Bradford City,Portsmouth,2,2,3,3,4,0,0
1982,Brentford,Bradford City,0,2,3,3,2,-2,0
1982,Brentford,Chesterfield,4,2,3,3,6,2,1
1982,Brentford,Oxford United,1,1,3,3,2,0,0
1982,Brentford,Southend United,4,2,3,3,6,2,1
1982,Bristol Rovers,Brentford,2,0,3,3,2,2,1
1982,Bristol Rovers,Doncaster Rovers,2,0,3,3,2,2,1
1982,Bristol Rovers,Huddersfield Town,1,0,3,3,1,1,1
1982,Bristol Rovers,Plymouth Argyle,2,0,3,3,2,2,1
1982,Bristol Rovers,Reading,3,0,3,3,3,3,1
1982,Bristol Rovers,Walsall,2,0,3,3,2,2,1
1982,Cardiff City,Exeter City,2,0,3,3,2,2,1
1982,Cardiff City,Leyton Orient,2,0,3,3,2,2,1
1982,Cardiff City,Newport County,3,2,3,3,5,1,1
1982,Cardiff City,Sheffield United,2,0,3,3,2,2,1
1982,Chesterfield,Gillingham,1,2,3,3,3,-1,0
1982,Chesterfield,Lincoln City,1,3,3,3,4,-2,0
1982,Chesterfield,Southend United,0,2,3,3,2,-2,0
1982,Chesterfield,Wrexham,5,1,3,3,6,4,1
1982,Doncaster Rovers,Brentford,4,4,3,3,8,0,0
1982,Doncaster Rovers,Chesterfield,0,0,3,3,0,0,0
1982,Doncaster Rovers,Millwall,2,1,3,3,3,1,1
1982,Doncaster Rovers,Plymouth Argyle,2,2,3,3,4,0,0
1982,Doncaster Rovers,Reading,7,5,3,3,12,2,1
1982,Exeter City,Doncaster Rovers,3,0,3,3,3,3,1
1982,Exeter City,Leyton Orient,2,0,3,3,2,2,1
1982,Exeter City,Portsmouth,1,1,3,3,2,0,0
1982,Exeter City,Sheffield United,0,3,3,3,3,-3,0
1982,Gillingham,Cardiff City,2,3,3,3,5,-1,0
1982,Gillingham,Lincoln City,0,2,3,3,2,-2,0
1982,Gillingham,Southend United,1,0,3,3,1,1,1
1982,Gillingham,Wrexham,1,1,3,3,2,0,0
1982,Huddersfield Town,Reading,3,1,3,3,4,2,1
1982,Leyton Orient,AFC Bournemouth,5,0,3,3,5,5,1
1982,Leyton Orient,Portsmouth,2,1,3,3,3,1,1
1982,Leyton Orient,Sheffield United,4,1,3,3,5,3,1
1982,Leyton Orient,Wigan Athletic,1,1,3,3,2,0,0
1982,Lincoln City,Bradford City,1,0,3,3,1,1,1
1982,Lincoln City,Cardiff City,2,1,3,3,3,1,1
1982,Lincoln City,Exeter City,4,1,3,3,5,3,1
1982,Lincoln City,Oxford United,1,1,3,3,2,0,0
1982,Lincoln City,Preston North End,3,0,3,3,3,3,1
1982,Lincoln City,Southend United,0,1,3,3,1,-1,0
1982,Lincoln City,Wrexham,2,0,3,3,2,2,1
1982,Millwall,Chesterfield,1,1,3,3,2,0,0
1982,Millwall,Lincoln City,2,1,3,3,3,1,1
1982,Millwall,Reading,1,1,3,3,2,0,0
1982,Millwall,Walsall,2,2,3,3,4,0,0
1982,Newport County,Doncaster Rovers,1,2,3,3,3,-1,0
1982,Newport County,Wigan Athletic,1,0,3,3,1,1,1
1982,Oxford United,Bradford City,5,1,3,3,6,4,1
1982,Oxford United,Exeter City,1,1,3,3,2,0,0
1982,Oxford United,Leyton Orient,2,2,3,3,4,0,0
1982,Oxford United,Preston North End,3,2,3,3,5,1,1
1982,Oxford United,Southend United,1,0,3,3,1,1,1
1982,Oxford United,Wrexham,2,0,3,3,2,2,1
1982,Plymouth Argyle,Oxford United,2,1,3,3,3,1,1
1982,Plymouth Argyle,Reading,3,0,3,3,3,3,1
1982,Plymouth Argyle,Walsall,0,0,3,3,0,0,0
1982,Portsmouth,Doncaster Rovers,2,1,3,3,3,1,1
1982,Portsmouth,Huddersfield Town,3,2,3,3,5,1,1
1982,Portsmouth,Millwall,2,0,3,3,2,2,1
1982,Portsmouth,Sheffield United,4,1,3,3,5,3,1
1982,Preston North End,Leyton Orient,2,1,3,3,3,1,1
1982,Preston North End,Southend United,1,1,3,3,2,0,0
1982,Reading,Lincoln City,1,1,3,3,2,0,0
1982,Reading,Walsall,1,1,3,3,2,0,0
1982,Sheffield United,AFC Bournemouth,2,2,3,3,4,0,0
1982,Sheffield United,Bristol Rovers,2,1,3,3,3,1,1
1982,Sheffield United,Huddersfield Town,2,0,3,3,2,2,1
1982,Sheffield United,Plymouth Argyle,3,1,3,3,4,2,1
1982,Sheffield United,Wigan Athletic,2,0,3,3,2,2,1
1982,Southend United,Leyton Orient,1,1,3,3,2,0,0
1982,Southend United,Newport County,1,4,3,3,5,-3,0
1982,Southend United,Portsmouth,4,0,3,3,4,4,1
1982,Walsall,Chesterfield,0,1,3,3,1,-1,0
1982,Walsall,Gillingham,0,0,3,3,0,0,0
1982,Walsall,Lincoln City,1,1,3,3,2,0,0
1982,Walsall,Preston North End,2,1,3,3,3,1,1
1982,Wigan Athletic,AFC Bournemouth,1,2,3,3,3,-1,0
1982,Wigan Athletic,Bristol Rovers,0,5,3,3,5,-5,0
1982,Wigan Athletic,Plymouth Argyle,3,0,3,3,3,3,1
1982,Wigan Athletic,Reading,2,2,3,3,4,0,0
1982,Wrexham,Cardiff City,0,0,3,3,0,0,0
1982,Wrexham,Exeter City,1,2,3,3,3,-1,0
1982,Wrexham,Leyton Orient,1,0,3,3,1,1,1
1982,Wrexham,Newport County,1,0,3,3,1,1,1
1982,Wrexham,Portsmouth,0,2,3,3,2,-2,0
1982,Wrexham,Wigan Athletic,1,1,3,3,2,0,0
1982,Aldershot,Crewe Alexandra,2,1,4,4,3,1,1
1982,Aldershot,Hartlepool United,0,2,4,4,2,-2,0
1982,Aldershot,Mansfield Town,2,1,4,4,3,1,1
1982,Aldershot,Stockport County,2,1,4,4,3,1,1
1982,Blackpool,Aldershot,4,1,4,4,5,3,1
1982,Blackpool,Chester,1,1,4,4,2,0,0
1982,Blackpool,Darlington,2,0,4,4,2,2,1
1982,Blackpool,Northampton Town,0,0,4,4,0,0,0
1982,Blackpool,Swindon Town,2,1,4,4,3,1,1
1982,Blackpool,Wimbledon,1,1,4,4,2,0,0
1982,Bristol City,Blackpool,0,0,4,4,0,0,0
1982,Bristol City,Halifax Town,3,0,4,4,3,3,1
1982,Bristol City,Hull City,2,1,4,4,3,1,1
1982,Bristol City,York City,2,2,4,4,4,0,0
1982,Bury,Bristol City,2,2,4,4,4,0,0
1982,Bury,Crewe Alexandra,0,1,4,4,1,-1,0
1982,Bury,Hartlepool United,4,0,4,4,4,4,1
1982,Bury,Mansfield Town,1,0,4,4,1,1,1
1982,Bury,Port Vale,0,1,4,4,1,-1,0
1982,Bury,Stockport County,3,2,4,4,5,1,1
1982,Bury,Tranmere Rovers,3,0,4,4,3,3,1
1982,Chester,Darlington,2,3,4,4,5,-1,0
1982,Chester,Hereford United,5,0,4,4,5,5,1
1982,Chester,Rochdale,5,2,4,4,7,3,1
1982,Chester,Swindon Town,0,1,4,4,1,-1,0
1982,Colchester United,Blackpool,4,1,4,4,5,3,1
1982,Colchester United,Halifax Town,1,0,4,4,1,1,1
1982,Colchester United,Hull City,0,0,4,4,0,0,0
1982,Colchester United,Peterborough United,1,0,4,4,1,1,1
1982,Crewe Alexandra,Colchester United,0,1,4,4,1,-1,0
1982,Crewe Alexandra,Hartlepool United,3,0,4,4,3,3,1
1982,Crewe Alexandra,Tranmere Rovers,0,1,4,4,1,-1,0
1982,Darlington,Aldershot,1,1,4,4,2,0,0
1982,Darlington,Bury,1,2,4,4,3,-1,0
1982,Darlington,Crewe Alexandra,1,1,4,4,2,0,0
1982,Darlington,Northampton Town,2,0,4,4,2,2,1
1982,Darlington,Rochdale,3,0,4,4,3,3,1
1982,Darlington,Swindon Town,1,0,4,4,1,1,1
1982,Halifax Town,Chester,0,0,4,4,0,0,0
1982,Halifax Town,Darlington,2,0,4,4,2,2,1
1982,Halifax Town,Torquay United,3,0,4,4,3,3,1
1982,Halifax Town,York City,2,2,4,4,4,0,0
1982,Hartlepool United,Colchester United,1,4,4,4,5,-3,0
1982,Hartlepool United,Mansfield Town,0,4,4,4,4,-4,0
1982,Hartlepool United,Stockport County,3,2,4,4,5,1,1
1982,Hereford United,Aldershot,2,1,4,4,3,1,1
1982,Hereford United,Bury,0,2,4,4,2,-2,0
1982,Hereford United,Crewe Alexandra,1,0,4,4,1,1,1
1982,Hereford United,Hartlepool United,1,0,4,4,1,1,1
1982,Hereford United,Swindon Town,1,2,4,4,3,-1,0
1982,Hull City,Blackpool,3,1,4,4,4,2,1
1982,Hull City,Chester,2,0,4,4,2,2,1
1982,Hull City,Hereford United,2,0,4,4,2,2,1
1982,Hull City,Peterborough United,4,1,4,4,5,3,1
1982,Hull City,Scunthorpe United,1,1,4,4,2,0,0
1982,Hull City,Torquay United,4,1,4,4,5,3,1
1982,Hull City,York City,4,0,4,4,4,4,1
1982,Mansfield Town,Bristol City,1,1,4,4,2,0,0
1982,Mansfield Town,Hull City,3,1,4,4,4,2,1
1982,Mansfield Town,Stockport County,1,0,4,4,1,1,1
1982,Northampton Town,Crewe Alexandra,4,0,4,4,4,4,1
1982,Northampton Town,Mansfield Town,1,2,4,4,3,-1,0
1982,Northampton Town,Swindon Town,0,1,4,4,1,-1,0
1982,Peterborough United,Blackpool,3,1,4,4,4,2,1
1982,Peterborough United,Chester,0,1,4,4,1,-1,0
1982,Peterborough United,Darlington,1,1,4,4,2,0,0
1982,Peterborough United,Hereford United,4,0,4,4,4,4,1
1982,Peterborough United,Northampton Town,2,0,4,4,2,2,1
1982,Peterborough United,Scunthorpe United,0,1,4,4,1,-1,0
1982,Peterborough United,Torquay United,1,3,4,4,4,-2,0
1982,Port Vale,Bristol City,1,1,4,4,2,0,0
1982,Port Vale,Colchester United,0,0,4,4,0,0,0
1982,Port Vale,Halifax Town,2,1,4,4,3,1,1
1982,Port Vale,Hull City,1,0,4,4,1,1,1
1982,Port Vale,Peterborough United,2,1,4,4,3,1,1
1982,Port Vale,Stockport County,2,3,4,4,5,-1,0
1982,Port Vale,Tranmere Rovers,0,1,4,4,1,-1,0
1982,Rochdale,Bury,0,0,4,4,0,0,0
1982,Rochdale,Crewe Alexandra,2,0,4,4,2,2,1
1982,Rochdale,Hartlepool United,2,0,4,4,2,2,1
1982,Rochdale,Mansfield Town,2,2,4,4,4,0,0
1982,Rochdale,Swindon Town,1,1,4,4,2,0,0
1982,Scunthorpe United,Darlington,2,2,4,4,4,0,0
1982,Scunthorpe United,Torquay United,2,0,4,4,2,2,1
1982,Stockport County,Bristol City,2,2,4,4,4,0,0
1982,Stockport County,Colchester United,3,0,4,4,3,3,1
1982,Stockport County,Halifax Town,4,2,4,4,6,2,1
1982,Stockport County,Hull City,1,1,4,4,2,0,0
1982,Stockport County,Peterborough United,1,1,4,4,2,0,0
1982,Stockport County,Scunthorpe United,1,1,4,4,2,0,0
1982,Swindon Town,Aldershot,2,0,4,4,2,2,1
1982,Swindon Town,Crewe Alexandra,1,0,4,4,1,1,1
1982,Swindon Town,Port Vale,1,0,4,4,1,1,1
1982,Swindon Town,Stockport County,2,0,4,4,2,2,1
1982,Torquay United,Darlington,1,0,4,4,1,1,1
1982,Torquay United,Hereford United,2,1,4,4,3,1,1
1982,Torquay United,Northampton Town,3,1,4,4,4,2,1
1982,Torquay United,Swindon Town,1,1,4,4,2,0,0
1982,Torquay United,York City,1,3,4,4,4,-2,0
1982,Tranmere Rovers,Bristol City,2,2,4,4,4,0,0
1982,Tranmere Rovers,Peterborough United,1,0,4,4,1,1,1
1982,Tranmere Rovers,Torquay United,2,0,4,4,2,2,1
1982,Wimbledon,Port Vale,1,0,4,4,1,1,1
1982,Wimbledon,Stockport County,2,1,4,4,3,1,1
1982,York City,Blackpool,2,0,4,4,2,2,1
1982,York City,Chester,1,0,4,4,1,1,1
1982,York City,Darlington,5,2,4,4,7,3,1
1982,York City,Hereford United,5,1,4,4,6,4,1
1982,York City,Rochdale,1,0,4,4,1,1,1
1982,York City,Wimbledon,1,4,4,4,5,-3,0
1983,Arsenal,Coventry City,0,1,1,1,1,-1,0
1983,Arsenal,Leicester City,2,1,1,1,3,1,1
1983,Arsenal,Stoke City,3,1,1,1,4,2,1
1983,Arsenal,Watford,3,1,1,1,4,2,1
1983,Aston Villa,Coventry City,2,0,1,1,2,2,1
1983,Aston Villa,Leicester City,3,1,1,1,4,2,1
1983,Aston Villa,Manchester United,0,3,1,1,3,-3,0
1983,Aston Villa,Notts County,3,1,1,1,4,2,1
1983,Aston Villa,Wolverhampton Wanderers,4,0,1,1,4,4,1
1983,Birmingham City,Coventry City,1,2,1,1,3,-1,0
1983,Birmingham City,Manchester United,2,2,1,1,4,0,0
1983,Birmingham City,Notts County,0,0,1,1,0,0,0
1983,Birmingham City,Stoke City,1,0,1,1,1,1,1
1983,Coventry City,Leicester City,2,1,1,1,3,1,1
1983,Coventry City,Stoke City,2,3,1,1,5,-1,0
1983,Coventry City,Watford,1,2,1,1,3,-1,0
1983,Coventry City,Wolverhampton Wanderers,2,1,1,1,3,1,1
1983,Everton,Birmingham City,1,1,1,1,2,0,0
1983,Ipswich Town,Birmingham City,1,2,1,1,3,-1,0
1983,Ipswich Town,Notts County,1,0,1,1,1,1,1
1983,Leicester City,Birmingham City,2,3,1,1,5,-1,0
1983,Leicester City,Notts County,0,4,1,1,4,-4,0
1983,Leicester City,Wolverhampton Wanderers,5,1,1,1,6,4,1
1983,Liverpool,Birmingham City,1,0,1,1,1,1,1
1983,Liverpool,Ipswich Town,2,2,1,1,4,0,0
1983,Liverpool,Manchester United,1,1,1,1,2,0,0
1983,Liverpool,Watford,3,0,1,1,3,3,1
1983,Liverpool,Wolverhampton Wanderers,0,1,1,1,1,-1,0
1983,Luton Town,Birmingham City,1,1,1,1,2,0,0
1983,Luton Town,Manchester United,0,5,1,1,5,-5,0
1983,Luton Town,Notts County,3,2,1,1,5,1,1
1983,Luton Town,Watford,1,2,1,1,3,-1,0
1983,Luton Town,Wolverhampton Wanderers,4,0,1,1,4,4,1
1983,Manchester United,Notts County,3,3,1,1,6,0,0
1983,Manchester United,Stoke City,1,0,1,1,1,1,1
1983,Norwich City,Luton Town,0,0,1,1,0,0,0
1983,Norwich City,Stoke City,2,2,1,1,4,0,0
1983,Norwich City,Watford,6,1,1,1,7,5,1
1983,Nottingham Forest,Ipswich Town,2,1,1,1,3,1,1
1983,Nottingham Forest,Notts County,3,1,1,1,4,2,1
1983,Notts County,Birmingham City,2,1,1,1,3,1,1
1983,Notts County,Wolverhampton Wanderers,4,0,1,1,4,4,1
1983,Queens Park Rangers,Ipswich Town,1,0,1,1,1,1,1
1983,Southampton,Nottingham Forest,0,1,1,1,1,-1,0
1983,Southampton,Watford,1,0,1,1,1,1,1
1983,Southampton,Wolverhampton Wanderers,1,0,1,1,1,1,1
1983,Stoke City,Ipswich Town,1,0,1,1,1,1,1
1983,Stoke City,Nottingham Forest,1,1,1,1,2,0,0
1983,Stoke City,Southampton,1,1,1,1,2,0,0
1983,Stoke City,Watford,0,4,1,1,4,-4,0
1983,Stoke City,Wolverhampton Wanderers,4,0,1,1,4,4,1
1983,Sunderland,Luton Town,2,0,1,1,2,2,1
1983,Sunderland,Watford,3,0,1,1,3,3,1
1983,Sunderland,Wolverhampton Wanderers,3,2,1,1,5,1,1
1983,Tottenham Hotspur,Birmingham City,0,1,1,1,1,-1,0
1983,Tottenham Hotspur,Ipswich Town,2,0,1,1,2,2,1
1983,Tottenham Hotspur,Luton Town,2,1,1,1,3,1,1
1983,Tottenham Hotspur,Nottingham Forest,2,1,1,1,3,1,1
1983,Tottenham Hotspur,Southampton,0,0,1,1,0,0,0
1983,Tottenham Hotspur,Watford,2,3,1,1,5,-1,0
1983,Watford,Ipswich Town,2,2,1,1,4,0,0
1983,Watford,Wolverhampton Wanderers,0,0,1,1,0,0,0
1983,West Bromwich Albion,Luton Town,3,0,1,1,3,3,1
1983,West Bromwich Albion,Nottingham Forest,0,5,1,1,5,-5,0
1983,West Bromwich Albion,Southampton,0,2,1,1,2,-2,0
1983,West Ham United,Birmingham City,4,0,1,1,4,4,1
1983,West Ham United,Ipswich Town,2,1,1,1,3,1,1
1983,West Ham United,Nottingham Forest,1,2,1,1,3,-1,0
1983,West Ham United,Southampton,0,1,1,1,1,-1,0
1983,Wolverhampton Wanderers,West Ham United,0,3,1,1,3,-3,0
1983,Barnsley,Charlton Athletic,2,0,2,2,2,2,1
1983,Barnsley,Derby County,5,1,2,2,6,4,1
1983,Barnsley,Huddersfield Town,2,2,2,2,4,0,0
1983,Barnsley,Middlesbrough,0,2,2,2,2,-2,0
1983,Blackburn Rovers,Cambridge United,1,0,2,2,1,1,1
1983,Blackburn Rovers,Middlesbrough,1,0,2,2,1,1,1
1983,Blackburn Rovers,Portsmouth,2,1,2,2,3,1,1
1983,Blackburn Rovers,Swansea City,4,1,2,2,5,3,1
1983,Brighton & Hove Albion,Cambridge United,3,0,2,2,3,3,1
1983,Brighton & Hove Albion,Portsmouth,0,1,2,2,1,-1,0
1983,Brighton & Hove Albion,Swansea City,1,1,2,2,2,0,0
1983,Cambridge United,Brighton & Hove Albion,3,4,2,2,7,-1,0
1983,Cambridge United,Charlton Athletic,2,2,2,2,4,0,0
1983,Cambridge United,Derby County,0,1,2,2,1,-1,0
1983,Cambridge United,Huddersfield Town,0,3,2,2,3,-3,0
1983,Cambridge United,Middlesbrough,0,0,2,2,0,0,0
1983,Cambridge United,Portsmouth,1,3,2,2,4,-2,0
1983,Cardiff City,Brighton & Hove Albion,2,2,2,2,4,0,0
1983,Cardiff City,Charlton Athletic,2,1,2,2,3,1,1
1983,Carlisle United,Brighton & Hove Albion,1,2,2,2,3,-1,0
1983,Carlisle United,Derby County,2,1,2,2,3,1,1
1983,Carlisle United,Huddersfield Town,0,0,2,2,0,0,0
1983,Carlisle United,Portsmouth,0,0,2,2,0,0,0
1983,Charlton Athletic,Carlisle United,1,0,2,2,1,1,1
1983,Charlton Athletic,Portsmouth,2,1,2,2,3,1,1
1983,Chelsea,Brighton & Hove Albion,1,0,2,2,1,1,1
1983,Chelsea,Derby County,5,0,2,2,5,5,1
1983,Chelsea,Swansea City,6,1,2,2,7,5,1
1983,Crystal Palace,Brighton & Hove Albion,0,2,2,2,2,-2,0
1983,Crystal Palace,Huddersfield Town,0,0,2,2,0,0,0
1983,Crystal Palace,Portsmouth,2,1,2,2,3,1,1
1983,Derby County,Carlisle United,1,4,2,2,5,-3,0
1983,Derby County,Middlesbrough,1,0,2,2,1,1,1
1983,Fulham,Middlesbrough,2,1,2,2,3,1,1
1983,Fulham,Portsmouth,0,2,2,2,2,-2,0
1983,Grimsby Town,Portsmouth,3,4,2,2,7,-1,0
1983,Huddersfield Town,Grimsby Town,0,0,2,2,0,0,0
1983,Huddersfield Town,Middlesbrough,2,2,2,2,4,0,0
1983,Huddersfield Town,Swansea City,1,0,2,2,1,1,1
1983,Leeds United,Carlisle United,3,0,2,2,3,3,1
1983,Leeds United,Crystal Palace,1,1,2,2,2,0,0
1983,Leeds United,Swansea City,1,0,2,2,1,1,1
1983,Manchester City,Brighton & Hove Albion,4,0,2,2,4,4,1
1983,Manchester City,Crystal Palace,3,1,2,2,4,2,1
1983,Manchester City,Middlesbrough,2,1,2,2,3,1,1
1983,Manchester City,Swansea City,2,1,2,2,3,1,1
1983,Middlesbrough,Carlisle United,0,1,2,2,1,-1,0
1983,Middlesbrough,Crystal Palace,1,3,2,2,4,-2,0
1983,Newcastle United,Brighton & Hove Albion,3,1,2,2,4,2,1
1983,Newcastle United,Grimsby Town,0,1,2,2,1,-1,0
1983,Newcastle United,Portsmouth,4,2,2,2,6,2,1
1983,Newcastle United,Swansea City,2,0,2,2,2,2,1
1983,Oldham Athletic,Crystal Palace,3,2,2,2,5,1,1
1983,Oldham Athletic,Grimsby Town,2,1,2,2,3,1,1
1983,Oldham Athletic,Manchester City,2,2,2,2,4,0,0
1983,Portsmouth,Crystal Palace,0,1,2,2,1,-1,0
1983,Portsmouth,Grimsby Town,4,0,2,2,4,4,1
1983,Portsmouth,Manchester City,1,2,2,2,3,-1,0
1983,Portsmouth,Oldham Athletic,3,4,2,2,7,-1,0
1983,Portsmouth,Swansea City,5,0,2,2,5,5,1
1983,Sheffield Wednesday,Carlisle United,2,0,2,2,2,2,1
1983,Sheffield Wednesday,Oldham Athletic,3,0,2,2,3,3,1
1983,Sheffield Wednesday,Swansea City,6,1,2,2,7,5,1
1983,Shrewsbury Town,Grimsby Town,1,2,2,2,3,-1,0
1983,Shrewsbury Town,Oldham Athletic,2,0,2,2,2,2,1
1983,Shrewsbury Town,Swansea City,2,0,2,2,2,2,1
1983,Swansea City,Grimsby Town,0,1,2,2,1,-1,0
1983,Swansea City,Oldham Athletic,0,0,2,2,0,0,0
1983,Swansea City,Shrewsbury Town,0,2,2,2,2,-2,0
1983,AFC Bournemouth,Brentford,0,3,3,3,3,-3,0
1983,AFC Bournemouth,Leyton Orient,3,2,3,3,5,1,1
1983,AFC Bournemouth,Newport County,1,1,3,3,2,0,0
1983,AFC Bournemouth,Scunthorpe United,1,1,3,3,2,0,0
1983,AFC Bournemouth,Walsall,3,0,3,3,3,3,1
1983,Bolton Wanderers,AFC Bournemouth,0,1,3,3,1,-1,0
1983,Bolton Wanderers,Bristol Rovers,3,0,3,3,3,3,1
1983,Bolton Wanderers,Lincoln City,0,2,3,3,2,-2,0
1983,Bolton Wanderers,Oxford United,1,0,3,3,1,1,1
1983,Bolton Wanderers,Sheffield United,3,1,3,3,4,2,1
1983,Bradford City,Hull City,0,0,3,3,0,0,0
1983,Bradford City,Millwall,3,3,3,3,6,0,0
1983,Bradford City,Plymouth Argyle,2,0,3,3,2,2,1
1983,Brentford,Bradford City,1,4,3,3,5,-3,0
1983,Brentford,Exeter City,3,0,3,3,3,3,1
1983,Bristol Rovers,AFC Bournemouth,1,3,3,3,4,-2,0
1983,Bristol Rovers,Brentford,3,1,3,3,4,2,1
1983,Bristol Rovers,Lincoln City,3,1,3,3,4,2,1
1983,Burnley,Millwall,1,0,3,3,1,1,1
1983,Burnley,Plymouth Argyle,2,1,3,3,3,1,1
1983,Burnley,Rotherham United,2,2,3,3,4,0,0
1983,Burnley,Southend United,3,0,3,3,3,3,1
1983,Exeter City,Bradford City,0,2,3,3,2,-2,0
1983,Exeter City,Burnley,1,1,3,3,2,0,0
1983,Exeter City,Leyton Orient,3,4,3,3,7,-1,0
1983,Exeter City,Port Vale,1,1,3,3,2,0,0
1983,Exeter City,Walsall,0,1,3,3,1,-1,0
1983,Gillingham,Brentford,4,2,3,3,6,2,1
1983,Gillingham,Exeter City,3,1,3,3,4,2,1
1983,Gillingham,Preston North End,2,0,3,3,2,2,1
1983,Gillingham,Wigan Athletic,3,0,3,3,3,3,1
1983,Hull City,Plymouth Argyle,1,2,3,3,3,-1,0
1983,Hull City,Rotherham United,5,0,3,3,5,5,1
1983,Leyton Orient,Burnley,1,2,3,3,3,-1,0
1983,Leyton Orient,Hull City,3,1,3,3,4,2,1
1983,Leyton Orient,Newport County,2,2,3,3,4,0,0
1983,Leyton Orient,Port Vale,3,0,3,3,3,3,1
1983,Leyton Orient,Scunthorpe United,1,0,3,3,1,1,1
1983,Leyton Orient,Walsall,0,1,3,3,1,-1,0
1983,Lincoln City,Exeter City,1,1,3,3,2,0,0
1983,Lincoln City,Leyton Orient,2,0,3,3,2,2,1
1983,Lincoln City,Preston North End,2,1,3,3,3,1,1
1983,Millwall,Lincoln City,0,2,3,3,2,-2,0
1983,Millwall,Plymouth Argyle,1,0,3,3,1,1,1
1983,Millwall,Rotherham United,2,0,3,3,2,2,1
1983,Millwall,Southend United,4,0,3,3,4,4,1
1983,Millwall,Wimbledon,1,1,3,3,2,0,0
1983,Newport County,Burnley,1,0,3,3,1,1,1
1983,Newport County,Hull City,1,1,3,3,2,0,0
1983,Newport County,Port Vale,2,1,3,3,3,1,1
1983,Newport County,Scunthorpe United,1,1,3,3,2,0,0
1983,Newport County,Walsall,3,1,3,3,4,2,1
1983,Oxford United,AFC Bournemouth,3,2,3,3,5,1,1
1983,Oxford United,Exeter City,1,1,3,3,2,0,0
1983,Oxford United,Leyton Orient,5,2,3,3,7,3,1
1983,Plymouth Argyle,Lincoln City,2,2,3,3,4,0,0
1983,Port Vale,Plymouth Argyle,0,1,3,3,1,-1,0
1983,Port Vale,Scunthorpe United,0,0,3,3,0,0,0
1983,Port Vale,Walsall,0,2,3,3,2,-2,0
1983,Preston North End,AFC Bournemouth,2,0,3,3,2,2,1
1983,Preston North End,Brentford,3,3,3,3,6,0,0
1983,Preston North End,Wigan Athletic,2,3,3,3,5,-1,0
1983,Rotherham United,Bolton Wanderers,1,1,3,3,2,0,0
1983,Rotherham United,Bristol Rovers,2,2,3,3,4,0,0
1983,Rotherham United,Gillingham,3,0,3,3,3,3,1
1983,Scunthorpe United,Bradford City,2,1,3,3,3,1,1
1983,Scunthorpe United,Hull City,2,0,3,3,2,2,1
1983,Scunthorpe United,Plymouth Argyle,3,0,3,3,3,3,1
1983,Scunthorpe United,Rotherham United,1,2,3,3,3,-1,0
1983,Scunthorpe United,Walsall,0,0,3,3,0,0,0
1983,Sheffield United,Brentford,0,0,3,3,0,0,0
1983,Sheffield United,Exeter City,2,2,3,3,4,0,0
1983,Sheffield United,Leyton Orient,6,3,3,3,9,3,1
1983,Sheffield United,Port Vale,3,1,3,3,4,2,1
1983,Sheffield United,Scunthorpe United,5,3,3,3,8,2,1
1983,Southend United,Bristol Rovers,1,2,3,3,3,-1,0
1983,Southend United,Lincoln City,2,0,3,3,2,2,1
1983,Southend United,Preston North End,1,1,3,3,2,0,0
1983,Southend United,Sheffield United,0,1,3,3,1,-1,0
1983,Southend United,Wimbledon,1,1,3,3,2,0,0
1983,Walsall,Bradford City,1,2,3,3,3,-1,0
1983,Walsall,Rotherham United,2,2,3,3,4,0,0
1983,Walsall,Southend United,4,0,3,3,4,4,1
1983,Wigan Athletic,Scunthorpe United,2,0,3,3,2,2,1
1983,Wigan Athletic,Walsall,0,1,3,3,1,-1,0
1983,Wimbledon,Lincoln City,3,1,3,3,4,2,1
1983,Wimbledon,Oxford United,3,1,3,3,4,2,1
1983,Wimbledon,Sheffield United,3,1,3,3,4,2,1
1983,Aldershot,Colchester United,5,1,4,4,6,4,1
1983,Aldershot,Doncaster Rovers,2,1,4,4,3,1,1
1983,Aldershot,Hereford United,1,4,4,4,5,-3,0
1983,Aldershot,Peterborough United,3,2,4,4,5,1,1
1983,Aldershot,Tranmere Rovers,1,1,4,4,2,0,0
1983,Blackpool,Crewe Alexandra,3,0,4,4,3,3,1
1983,Blackpool,Mansfield Town,2,0,4,4,2,2,1
1983,Bristol City,Darlington,1,0,4,4,1,1,1
1983,Bristol City,Hartlepool United,2,0,4,4,2,2,1
1983,Bristol City,Rochdale,1,1,4,4,2,0,0
1983,Bristol City,York City,1,0,4,4,1,1,1
1983,Bury,Doncaster Rovers,2,3,4,4,5,-1,0
1983,Bury,Tranmere Rovers,0,0,4,4,0,0,0
1983,Chester,Bury,2,1,4,4,3,1,1
1983,Chester,Crewe Alexandra,0,1,4,4,1,-1,0
1983,Chester,Swindon Town,0,3,4,4,3,-3,0
1983,Chester,Wrexham,1,0,4,4,1,1,1
1983,Chesterfield,Blackpool,1,1,4,4,2,0,0
1983,Chesterfield,Darlington,1,1,4,4,2,0,0
1983,Chesterfield,Hartlepool United,4,1,4,4,5,3,1
1983,Colchester United,Bristol City,0,0,4,4,0,0,0
1983,Colchester United,Stockport County,1,1,4,4,2,0,0
1983,Colchester United,Tranmere Rovers,0,1,4,4,1,-1,0
1983,Crewe Alexandra,Aldershot,0,0,4,4,0,0,0
1983,Crewe Alexandra,Halifax Town,6,1,4,4,7,5,1
1983,Crewe Alexandra,Mansfield Town,1,3,4,4,4,-2,0
1983,Crewe Alexandra,Wrexham,1,1,4,4,2,0,0
1983,Darlington,Chester,2,1,4,4,3,1,1
1983,Darlington,York City,0,0,4,4,0,0,0
1983,Doncaster Rovers,Darlington,3,2,4,4,5,1,1
1983,Doncaster Rovers,Peterborough United,1,1,4,4,2,0,0
1983,Doncaster Rovers,Stockport County,2,1,4,4,3,1,1
1983,Halifax Town,Aldershot,1,0,4,4,1,1,1
1983,Halifax Town,Bury,0,0,4,4,0,0,0
1983,Halifax Town,Reading,0,1,4,4,1,-1,0
1983,Hartlepool United,Chester,1,1,4,4,2,0,0
1983,Hartlepool United,Crewe Alexandra,2,1,4,4,3,1,1
1983,Hartlepool United,Northampton Town,2,0,4,4,2,2,1
1983,Hartlepool United,Rochdale,1,2,4,4,3,-1,0
1983,Hereford United,Chesterfield,3,1,4,4,4,2,1
1983,Hereford United,Darlington,1,0,4,4,1,1,1
1983,Hereford United,Hartlepool United,5,0,4,4,5,5,1
1983,Hereford United,Stockport County,2,0,4,4,2,2,1
1983,Mansfield Town,Aldershot,5,2,4,4,7,3,1
1983,Mansfield Town,Bury,1,1,4,4,2,0,0
1983,Mansfield Town,Doncaster Rovers,1,2,4,4,3,-1,0
1983,Mansfield Town,Hereford United,1,1,4,4,2,0,0
1983,Mansfield Town,Reading,2,0,4,4,2,2,1
1983,Mansfield Town,Wrexham,3,4,4,4,7,-1,0
1983,Northampton Town,Crewe Alexandra,2,0,4,4,2,2,1
1983,Northampton Town,Halifax Town,1,1,4,4,2,0,0
1983,Northampton Town,Rochdale,1,1,4,4,2,0,0
1983,Northampton Town,York City,1,2,4,4,3,-1,0
1983,Peterborough United,Chesterfield,2,0,4,4,2,2,1
1983,Peterborough United,Darlington,2,2,4,4,4,0,0
1983,Peterborough United,Hartlepool United,3,1,4,4,4,2,1
1983,Peterborough United,Tranmere Rovers,2,0,4,4,2,2,1
1983,Reading,Bury,1,1,4,4,2,0,0
1983,Reading,Doncaster Rovers,3,2,4,4,5,1,1
1983,Reading,Wrexham,4,1,4,4,5,3,1
1983,Rochdale,Crewe Alexandra,1,0,4,4,1,1,1
1983,Rochdale,Halifax Town,1,1,4,4,2,0,0
1983,Rochdale,Torquay United,1,0,4,4,1,1,1
1983,Stockport County,Bristol City,0,0,4,4,0,0,0
1983,Stockport County,Darlington,2,0,4,4,2,2,1
1983,Stockport County,Northampton Town,1,0,4,4,1,1,1
1983,Stockport County,Tranmere Rovers,2,1,4,4,3,1,1
1983,Swindon Town,Colchester United,2,1,4,4,3,1,1
1983,Swindon Town,Doncaster Rovers,2,1,4,4,3,1,1
1983,Swindon Town,Wrexham,0,1,4,4,1,-1,0
1983,Torquay United,Chester,1,0,4,4,1,1,1
1983,Torquay United,Halifax Town,1,1,4,4,2,0,0
1983,Torquay United,Mansfield Town,1,0,4,4,1,1,1
1983,Torquay United,Swindon Town,1,0,4,4,1,1,1
1983,Tranmere Rovers,Chesterfield,0,3,4,4,3,-3,0
1983,Tranmere Rovers,Hartlepool United,0,1,4,4,1,-1,0
1983,Tranmere Rovers,Rochdale,2,2,4,4,4,0,0
1983,Wrexham,Bury,3,0,4,4,3,3,1
1983,Wrexham,Colchester United,0,2,4,4,2,-2,0
1983,Wrexham,Hereford United,0,0,4,4,0,0,0
1983,Wrexham,Peterborough United,2,2,4,4,4,0,0
1983,Wrexham,Tranmere Rovers,5,1,4,4,6,4,1
1983,York City,Blackpool,4,0,4,4,4,4,1
1983,York City,Crewe Alexandra,5,2,4,4,7,3,1
1983,York City,Halifax Town,4,1,4,4,5,3,1
1983,York City,Swindon Town,2,0,4,4,2,2,1
1984,Arsenal,Nottingham Forest,1,1,1,1,2,0,0
1984,Arsenal,Southampton,1,0,1,1,1,1,1
1984,Aston Villa,Coventry City,1,0,1,1,1,1,1
1984,Aston Villa,Manchester United,3,0,1,1,3,3,1
1984,Aston Villa,Tottenham Hotspur,0,1,1,1,1,-1,0
1984,Chelsea,Leicester City,3,0,1,1,3,3,1
1984,Chelsea,Nottingham Forest,1,0,1,1,1,1,1
1984,Chelsea,Tottenham Hotspur,1,1,1,1,2,0,0
1984,Coventry City,Leicester City,2,0,1,1,2,2,1
1984,Coventry City,Nottingham Forest,1,3,1,1,4,-2,0
1984,Coventry City,Southampton,2,1,1,1,3,1,1
1984,Everton,Chelsea,3,4,1,1,7,-1,0
1984,Everton,Leicester City,3,0,1,1,3,3,1
1984,Everton,Nottingham Forest,5,0,1,1,5,5,1
1984,Ipswich Town,Chelsea,2,0,1,1,2,2,1
1984,Ipswich Town,Tottenham Hotspur,0,3,1,1,3,-3,0
1984,Ipswich Town,West Ham United,0,1,1,1,1,-1,0
1984,Leicester City,Chelsea,1,1,1,1,2,0,0
1984,Leicester City,Ipswich Town,2,1,1,1,3,1,1
1984,Leicester City,Southampton,1,2,1,1,3,-1,0
1984,Leicester City,Tottenham Hotspur,1,2,1,1,3,-1,0
1984,Liverpool,Chelsea,4,3,1,1,7,1,1
1984,Liverpool,West Ham United,3,0,1,1,3,3,1
1984,Luton Town,Ipswich Town,3,1,1,1,4,2,1
1984,Luton Town,Manchester United,2,1,1,1,3,1,1
1984,Luton Town,Tottenham Hotspur,2,2,1,1,4,0,0
1984,Luton Town,West Ham United,2,2,1,1,4,0,0
1984,Manchester United,Ipswich Town,3,0,1,1,3,3,1
1984,Manchester United,Nottingham Forest,2,0,1,1,2,2,1
1984,Newcastle United,Chelsea,2,1,1,1,3,1,1
1984,Newcastle United,Nottingham Forest,1,1,1,1,2,0,0
1984,Newcastle United,Southampton,2,1,1,1,3,1,1
1984,Norwich City,Chelsea,0,0,1,1,0,0,0
1984,Norwich City,Luton Town,3,0,1,1,3,3,1
1984,Norwich City,Southampton,1,0,1,1,1,1,1
1984,Norwich City,West Ham United,1,0,1,1,1,1,1
1984,Nottingham Forest,Ipswich Town,2,0,1,1,2,2,1
1984,Nottingham Forest,Luton Town,3,1,1,1,4,2,1
1984,Nottingham Forest,Southampton,2,0,1,1,2,2,1
1984,Nottingham Forest,West Ham United,1,2,1,1,3,-1,0
1984,Sheffield Wednesday,Ipswich Town,2,2,1,1,4,0,0
1984,Sheffield Wednesday,Luton Town,1,1,1,1,2,0,0
1984,Sheffield Wednesday,Norwich City,1,2,1,1,3,-1,0
1984,Sheffield Wednesday,Tottenham Hotspur,2,1,1,1,3,1,1
1984,Sheffield Wednesday,West Ham United,2,1,1,1,3,1,1
1984,Southampton,Chelsea,1,0,1,1,1,1,1
1984,Southampton,Sheffield Wednesday,0,3,1,1,3,-3,0
1984,Southampton,Tottenham Hotspur,1,0,1,1,1,1,1
1984,Stoke City,Chelsea,0,1,1,1,1,-1,0
1984,Stoke City,Luton Town,0,4,1,1,4,-4,0
1984,Stoke City,Norwich City,2,3,1,1,5,-1,0
1984,Stoke City,Tottenham Hotspur,0,1,1,1,1,-1,0
1984,Sunderland,Chelsea,0,2,1,1,2,-2,0
1984,Sunderland,Ipswich Town,1,2,1,1,3,-1,0
1984,Sunderland,Luton Town,3,0,1,1,3,3,1
1984,Sunderland,Norwich City,2,1,1,1,3,1,1
1984,Sunderland,Tottenham Hotspur,1,0,1,1,1,1,1
1984,Tottenham Hotspur,Chelsea,1,1,1,1,2,0,0
1984,Tottenham Hotspur,Sheffield Wednesday,2,0,1,1,2,2,1
1984,Tottenham Hotspur,Sunderland,2,0,1,1,2,2,1
1984,Tottenham Hotspur,West Ham United,2,2,1,1,4,0,0
1984,Watford,Luton Town,3,0,1,1,3,3,1
1984,Watford,Sunderland,3,1,1,1,4,2,1
1984,Watford,West Ham United,5,0,1,1,5,5,1
1984,West Bromwich Albion,Chelsea,0,1,1,1,1,-1,0
1984,West Bromwich Albion,Ipswich Town,1,2,1,1,3,-1,0
1984,West Bromwich Albion,Luton Town,4,0,1,1,4,4,1
1984,West Bromwich Albion,Norwich City,0,1,1,1,1,-1,0
1984,West Bromwich Albion,Sunderland,1,0,1,1,1,1,1
1984,West Bromwich Albion,West Ham United,5,1,1,1,6,4,1
1984,West Ham United,Chelsea,1,1,1,1,2,0,0
1984,West Ham United,Norwich City,1,0,1,1,1,1,1
1984,West Ham United,Sheffield Wednesday,0,0,1,1,0,0,0
1984,West Ham United,West Bromwich Albion,0,2,1,1,2,-2,0
1984,Barnsley,Brighton & Hove Albion,0,0,2,2,0,0,0
1984,Barnsley,Grimsby Town,0,0,2,2,0,0,0
1984,Barnsley,Manchester City,0,0,2,2,0,0,0
1984,Barnsley,Sheffield United,1,0,2,2,1,1,1
1984,Birmingham City,Grimsby Town,2,1,2,2,3,1,1
1984,Birmingham City,Wolverhampton Wanderers,1,0,2,2,1,1,1
1984,Blackburn Rovers,Charlton Athletic,3,0,2,2,3,3,1
1984,Blackburn Rovers,Grimsby Town,3,1,2,2,4,2,1
1984,Blackburn Rovers,Oldham Athletic,1,1,2,2,2,0,0
1984,Blackburn Rovers,Sheffield United,3,1,2,2,4,2,1
1984,Blackburn Rovers,Wolverhampton Wanderers,3,0,2,2,3,3,1
1984,Brighton & Hove Albion,Blackburn Rovers,3,1,2,2,4,2,1
1984,Brighton & Hove Albion,Charlton Athletic,2,1,2,2,3,1,1
1984,Brighton & Hove Albion,Manchester City,0,0,2,2,0,0,0
1984,Brighton & Hove Albion,Wolverhampton Wanderers,5,1,2,2,6,4,1
1984,Cardiff City,Charlton Athletic,0,3,2,2,3,-3,0
1984,Cardiff City,Grimsby Town,2,4,2,2,6,-2,0
1984,Cardiff City,Sheffield United,1,3,2,2,4,-2,0
1984,Cardiff City,Wolverhampton Wanderers,0,0,2,2,0,0,0
1984,Carlisle United,Charlton Athletic,1,1,2,2,2,0,0
1984,Carlisle United,Grimsby Town,1,1,2,2,2,0,0
1984,Carlisle United,Manchester City,0,0,2,2,0,0,0
1984,Carlisle United,Oldham Athletic,2,5,2,2,7,-3,0
1984,Carlisle United,Sheffield United,1,1,2,2,2,0,0
1984,Carlisle United,Wolverhampton Wanderers,0,1,2,2,1,-1,0
1984,Charlton Athletic,Blackburn Rovers,1,0,2,2,1,1,1
1984,Charlton Athletic,Carlisle United,1,1,2,2,2,0,0
1984,Charlton Athletic,Wolverhampton Wanderers,1,0,2,2,1,1,1
1984,Crystal Palace,Manchester City,1,2,2,2,3,-1,0
1984,Crystal Palace,Oldham Athletic,3,0,2,2,3,3,1
1984,Crystal Palace,Wolverhampton Wanderers,0,0,2,2,0,0,0
1984,Fulham,Carlisle United,3,2,2,2,5,1,1
1984,Fulham,Grimsby Town,2,1,2,2,3,1,1
1984,Fulham,Oldham Athletic,3,1,2,2,4,2,1
1984,Grimsby Town,Carlisle United,1,0,2,2,1,1,1
1984,Grimsby Town,Oldham Athletic,4,1,2,2,5,3,1
1984,Grimsby Town,Wolverhampton Wanderers,5,1,2,2,6,4,1
1984,Huddersfield Town,Manchester City,0,2,2,2,2,-2,0
1984,Huddersfield Town,Wolverhampton Wanderers,3,1,2,2,4,2,1
1984,Leeds United,Blackburn Rovers,0,0,2,2,0,0,0
1984,Leeds United,Carlisle United,1,1,2,2,2,0,0
1984,Leeds United,Fulham,2,0,2,2,2,2,1
1984,Leeds United,Sheffield United,1,1,2,2,2,0,0
1984,Manchester City,Carlisle United,1,3,2,2,4,-2,0
1984,Manchester City,Fulham,2,3,2,2,5,-1,0
1984,Manchester City,Leeds United,1,2,2,2,3,-1,0
1984,Manchester City,Oldham Athletic,0,0,2,2,0,0,0
1984,Manchester City,Wolverhampton Wanderers,4,0,2,2,4,4,1
1984,Middlesbrough,Blackburn Rovers,1,2,2,2,3,-1,0
1984,Middlesbrough,Carlisle United,1,2,2,2,3,-1,0
1984,Middlesbrough,Leeds United,0,0,2,2,0,0,0
1984,Middlesbrough,Sheffield United,1,0,2,2,1,1,1
1984,Middlesbrough,Wolverhampton Wanderers,1,1,2,2,2,0,0
1984,Notts County,Carlisle United,3,0,2,2,3,3,1
1984,Notts County,Fulham,2,1,2,2,3,1,1
1984,Notts County,Leeds United,1,2,2,2,3,-1,0
1984,Oldham Athletic,Blackburn Rovers,2,0,2,2,2,2,1
1984,Oldham Athletic,Notts County,3,2,2,2,5,1,1
1984,Oxford United,Blackburn Rovers,2,1,2,2,3,1,1
1984,Oxford United,Carlisle United,4,0,2,2,4,4,1
1984,Oxford United,Sheffield United,5,1,2,2,6,4,1
1984,Portsmouth,Fulham,4,4,2,2,8,0,0
1984,Portsmouth,Leeds United,3,1,2,2,4,2,1
1984,Portsmouth,Notts County,3,1,2,2,4,2,1
1984,Portsmouth,Wolverhampton Wanderers,0,1,2,2,1,-1,0
1984,Sheffield United,Fulham,0,1,2,2,1,-1,0
1984,Sheffield United,Notts County,3,0,2,2,3,3,1
1984,Shrewsbury Town,Carlisle United,4,2,2,2,6,2,1
1984,Shrewsbury Town,Fulham,3,1,2,2,4,2,1
1984,Shrewsbury Town,Portsmouth,0,0,2,2,0,0,0
1984,Shrewsbury Town,Wolverhampton Wanderers,2,1,2,2,3,1,1
1984,Wimbledon,Carlisle United,3,0,2,2,3,3,1
1984,Wimbledon,Fulham,1,1,2,2,2,0,0
1984,Wimbledon,Leeds United,2,2,2,2,4,0,0
1984,Wimbledon,Notts County,3,2,2,2,5,1,1
1984,Wimbledon,Portsmouth,3,2,2,2,5,1,1
1984,Wimbledon,Wolverhampton Wanderers,1,1,2,2,2,0,0
1984,Wolverhampton Wanderers,Carlisle United,0,2,2,2,2,-2,0
1984,Wolverhampton Wanderers,Fulham,0,4,2,2,4,-4,0
1984,Wolverhampton Wanderers,Notts County,2,3,2,2,5,-1,0
1984,AFC Bournemouth,Burnley,1,1,3,3,2,0,0
1984,AFC Bournemouth,Leyton Orient,1,0,3,3,1,1,1
1984,AFC Bournemouth,Newport County,3,0,3,3,3,3,1
1984,AFC Bournemouth,Walsall,4,1,3,3,5,3,1
1984,Bolton Wanderers,AFC Bournemouth,2,1,3,3,3,1,1
1984,Bolton Wanderers,Gillingham,1,2,3,3,3,-1,0
1984,Bolton Wanderers,Lincoln City,1,0,3,3,1,1,1
1984,Bolton Wanderers,Plymouth Argyle,7,2,3,3,9,5,1
1984,Bolton Wanderers,Rotherham United,2,0,3,3,2,2,1
1984,Bradford City,Bolton Wanderers,2,1,3,3,3,1,1
1984,Bradford City,Bristol Rovers,2,0,3,3,2,2,1
1984,Bradford City,Hull City,2,0,3,3,2,2,1
1984,Bradford City,Preston North End,3,0,3,3,3,3,1
1984,Bradford City,Swansea City,1,1,3,3,2,0,0
1984,Brentford,Bradford City,0,1,3,3,1,-1,0
1984,Brentford,Doncaster Rovers,1,1,3,3,2,0,0
1984,Brentford,Walsall,3,1,3,3,4,2,1
1984,Bristol City,AFC Bournemouth,2,0,3,3,2,2,1
1984,Bristol City,Lincoln City,2,1,3,3,3,1,1
1984,Bristol City,Plymouth Argyle,4,3,3,3,7,1,1
1984,Bristol City,Rotherham United,0,1,3,3,1,-1,0
1984,Bristol Rovers,Bristol City,1,0,3,3,1,1,1
1984,Bristol Rovers,Derby County,2,1,3,3,3,1,1
1984,Bristol Rovers,Millwall,1,1,3,3,2,0,0
1984,Bristol Rovers,Preston North End,3,0,3,3,3,3,1
1984,Bristol Rovers,Swansea City,4,2,3,3,6,2,1
1984,Bristol Rovers,York City,1,1,3,3,2,0,0
1984,Cambridge United,AFC Bournemouth,1,0,3,3,1,1,1
1984,Cambridge United,Burnley,2,3,3,3,5,-1,0
1984,Cambridge United,Lincoln City,0,2,3,3,2,-2,0
1984,Cambridge United,Wigan Athletic,1,1,3,3,2,0,0
1984,Derby County,Bristol City,1,0,3,3,1,1,1
1984,Derby County,Cambridge United,1,0,3,3,1,1,1
1984,Derby County,Hull City,3,1,3,3,4,2,1
1984,Derby County,Millwall,1,2,3,3,3,-1,0
1984,Derby County,Preston North End,2,0,3,3,2,2,1
1984,Derby County,York City,1,0,3,3,1,1,1
1984,Doncaster Rovers,Derby County,2,1,3,3,3,1,1
1984,Doncaster Rovers,Reading,0,4,3,3,4,-4,0
1984,Gillingham,AFC Bournemouth,3,2,3,3,5,1,1
1984,Gillingham,Burnley,1,1,3,3,2,0,0
1984,Gillingham,Plymouth Argyle,3,3,3,3,6,0,0
1984,Gillingham,Rotherham United,2,1,3,3,3,1,1
1984,Gillingham,Wigan Athletic,5,1,3,3,6,4,1
1984,Hull City,Bolton Wanderers,2,2,3,3,4,0,0
1984,Hull City,Bristol City,2,1,3,3,3,1,1
1984,Hull City,Cambridge United,2,1,3,3,3,1,1
1984,Hull City,Gillingham,2,0,3,3,2,2,1
1984,Hull City,Millwall,2,1,3,3,3,1,1
1984,Hull City,Preston North End,1,2,3,3,3,-1,0
1984,Hull City,York City,0,2,3,3,2,-2,0
1984,Leyton Orient,Hull City,4,5,3,3,9,-1,0
1984,Leyton Orient,Newport County,1,1,3,3,2,0,0
1984,Lincoln City,Brentford,1,1,3,3,2,0,0
1984,Lincoln City,Burnley,3,1,3,3,4,2,1
1984,Lincoln City,Doncaster Rovers,0,2,3,3,2,-2,0
1984,Lincoln City,Leyton Orient,0,0,3,3,0,0,0
1984,Lincoln City,Rotherham United,3,3,3,3,6,0,0
1984,Lincoln City,Wigan Athletic,1,0,3,3,1,1,1
1984,Millwall,Bolton Wanderers,5,2,3,3,7,3,1
1984,Millwall,Lincoln City,2,0,3,3,2,2,1
1984,Millwall,York City,1,0,3,3,1,1,1
1984,Newport County,Bradford City,0,1,3,3,1,-1,0
1984,Newport County,Bristol Rovers,1,1,3,3,2,0,0
1984,Newport County,Derby County,1,3,3,3,4,-2,0
1984,Newport County,Millwall,3,2,3,3,5,1,1
1984,Newport County,Reading,1,2,3,3,3,-1,0
1984,Newport County,Walsall,1,2,3,3,3,-1,0
1984,Plymouth Argyle,AFC Bournemouth,0,0,3,3,0,0,0
1984,Plymouth Argyle,Brentford,1,1,3,3,2,0,0
1984,Plymouth Argyle,Leyton Orient,1,1,3,3,2,0,0
1984,Preston North End,Bristol City,3,2,3,3,5,1,1
1984,Preston North End,Cambridge United,3,1,3,3,4,2,1
1984,Preston North End,York City,2,4,3,3,6,-2,0
1984,Reading,Derby County,0,0,3,3,0,0,0
1984,Reading,Hull City,4,2,3,3,6,2,1
1984,Reading,Preston North End,3,0,3,3,3,3,1
1984,Rotherham United,Burnley,3,2,3,3,5,1,1
1984,Rotherham United,Newport County,1,0,3,3,1,1,1
1984,Rotherham United,Reading,3,0,3,3,3,3,1
1984,Swansea City,York City,1,3,3,3,4,-2,0
1984,Walsall,Bradford City,0,0,3,3,0,0,0
1984,Walsall,Derby County,0,0,3,3,0,0,0
1984,Walsall,Hull City,0,1,3,3,1,-1,0
1984,Walsall,Preston North End,2,1,3,3,3,1,1
1984,Wigan Athletic,AFC Bournemouth,1,2,3,3,3,-1,0
1984,Wigan Athletic,Burnley,2,0,3,3,2,2,1
1984,Wigan Athletic,Doncaster Rovers,5,2,3,3,7,3,1
1984,Wigan Athletic,Leyton Orient,4,2,3,3,6,2,1
1984,Wigan Athletic,Reading,1,1,3,3,2,0,0
1984,York City,Bolton Wanderers,0,3,3,3,3,-3,0
1984,York City,Bristol City,0,2,3,3,2,-2,0
1984,York City,Cambridge United,3,2,3,3,5,1,1
1984,York City,Lincoln City,2,1,3,3,3,1,1
1984,York City,Rotherham United,3,0,3,3,3,3,1
1984,York City,Wigan Athletic,2,0,3,3,2,2,1
1984,Aldershot,Chester,1,2,4,4,3,-1,0
1984,Aldershot,Halifax Town,2,0,4,4,2,2,1
1984,Aldershot,Port Vale,1,0,4,4,1,1,1
1984,Aldershot,Torquay United,1,0,4,4,1,1,1
1984,Blackpool,Aldershot,1,0,4,4,1,1,1
1984,Blackpool,Darlington,0,0,4,4,0,0,0
1984,Blackpool,Rochdale,3,0,4,4,3,3,1
1984,Blackpool,Tranmere Rovers,1,2,4,4,3,-1,0
1984,Bury,Blackpool,1,0,4,4,1,1,1
1984,Bury,Colchester United,4,3,4,4,7,1,1
1984,Bury,Peterborough United,1,1,4,4,2,0,0
1984,Bury,Scunthorpe United,0,1,4,4,1,-1,0
1984,Bury,Swindon Town,2,0,4,4,2,2,1
1984,Bury,Wrexham,2,3,4,4,5,-1,0
1984,Chester,Crewe Alexandra,0,2,4,4,2,-2,0
1984,Chester,Mansfield Town,0,3,4,4,3,-3,0
1984,Chester,Southend United,5,1,4,4,6,4,1
1984,Chesterfield,Darlington,0,0,4,4,0,0,0
1984,Chesterfield,Hartlepool United,0,0,4,4,0,0,0
1984,Chesterfield,Tranmere Rovers,4,2,4,4,6,2,1
1984,Colchester United,Chesterfield,3,1,4,4,4,2,1
1984,Colchester United,Peterborough United,3,1,4,4,4,2,1
1984,Colchester United,Wrexham,4,1,4,4,5,3,1
1984,Crewe Alexandra,Bury,1,0,4,4,1,1,1
1984,Crewe Alexandra,Port Vale,0,0,4,4,0,0,0
1984,Crewe Alexandra,Torquay United,3,0,4,4,3,3,1
1984,Darlington,Chester,2,1,4,4,3,1,1
1984,Darlington,Northampton Town,4,0,4,4,4,4,1
1984,Darlington,Stockport County,3,1,4,4,4,2,1
1984,Darlington,Tranmere Rovers,2,1,4,4,3,1,1
1984,Exeter City,Blackpool,1,1,4,4,2,0,0
1984,Exeter City,Chesterfield,0,1,4,4,1,-1,0
1984,Exeter City,Hereford United,0,0,4,4,0,0,0
1984,Exeter City,Peterborough United,0,1,4,4,1,-1,0
1984,Exeter City,Scunthorpe United,2,1,4,4,3,1,1
1984,Exeter City,Swindon Town,1,1,4,4,2,0,0
1984,Hartlepool United,Aldershot,1,0,4,4,1,1,1
1984,Hartlepool United,Chester,2,1,4,4,3,1,1
1984,Hartlepool United,Crewe Alexandra,3,0,4,4,3,3,1
1984,Hartlepool United,Halifax Town,0,1,4,4,1,-1,0
1984,Hartlepool United,Northampton Town,0,0,4,4,0,0,0
1984,Hartlepool United,Rochdale,0,2,4,4,2,-2,0
1984,Hereford United,Chesterfield,0,1,4,4,1,-1,0
1984,Hereford United,Scunthorpe United,1,0,4,4,1,1,1
1984,Mansfield Town,Exeter City,2,2,4,4,4,0,0
1984,Mansfield Town,Hereford United,1,1,4,4,2,0,0
1984,Mansfield Town,Southend United,1,0,4,4,1,1,1
1984,Mansfield Town,Torquay United,1,0,4,4,1,1,1
1984,Northampton Town,Aldershot,4,0,4,4,4,4,1
1984,Northampton Town,Crewe Alexandra,1,3,4,4,4,-2,0
1984,Northampton Town,Halifax Town,0,1,4,4,1,-1,0
1984,Northampton Town,Mansfield Town,1,0,4,4,1,1,1
1984,Northampton Town,Rochdale,0,0,4,4,0,0,0
1984,Northampton Town,Stockport County,4,0,4,4,4,4,1
1984,Northampton Town,Tranmere Rovers,2,0,4,4,2,2,1
1984,Peterborough United,Chesterfield,0,0,4,4,0,0,0
1984,Peterborough United,Darlington,1,1,4,4,2,0,0
1984,Peterborough United,Swindon Town,0,1,4,4,1,-1,0
1984,Port Vale,Colchester United,3,2,4,4,5,1,1
1984,Port Vale,Exeter City,5,1,4,4,6,4,1
1984,Port Vale,Hereford United,3,1,4,4,4,2,1
1984,Port Vale,Peterborough United,3,1,4,4,4,2,1
1984,Port Vale,Torquay United,2,2,4,4,4,0,0
1984,Rochdale,Tranmere Rovers,2,1,4,4,3,1,1
1984,Scunthorpe United,Blackpool,1,1,4,4,2,0,0
1984,Scunthorpe United,Chesterfield,2,4,4,4,6,-2,0
1984,Scunthorpe United,Hartlepool United,2,0,4,4,2,2,1
1984,Scunthorpe United,Rochdale,4,2,4,4,6,2,1
1984,Scunthorpe United,Wrexham,5,2,4,4,7,3,1
1984,Southend United,Bury,3,3,4,4,6,0,0
1984,Southend United,Exeter City,1,0,4,4,1,1,1
1984,Southend United,Scunthorpe United,1,1,4,4,2,0,0
1984,Southend United,Torquay United,1,0,4,4,1,1,1
1984,Stockport County,Crewe Alexandra,0,1,4,4,1,-1,0
1984,Stockport County,Port Vale,3,1,4,4,4,2,1
1984,Stockport County,Southend United,1,2,4,4,3,-1,0
1984,Stockport County,Tranmere Rovers,0,2,4,4,2,-2,0
1984,Swindon Town,Blackpool,4,1,4,4,5,3,1
1984,Swindon Town,Hartlepool United,2,1,4,4,3,1,1
1984,Swindon Town,Rochdale,2,1,4,4,3,1,1
1984,Swindon Town,Stockport County,4,0,4,4,4,4,1
1984,Swindon Town,Wrexham,2,1,4,4,3,1,1
1984,Torquay United,Bury,0,2,4,4,2,-2,0
1984,Torquay United,Colchester United,1,1,4,4,2,0,0
1984,Torquay United,Exeter City,1,1,4,4,2,0,0
1984,Torquay United,Swindon Town,0,0,4,4,0,0,0
1984,Tranmere Rovers,Chester,1,0,4,4,1,1,1
1984,Tranmere Rovers,Halifax Town,1,0,4,4,1,1,1
1984,Tranmere Rovers,Southend United,2,0,4,4,2,2,1
1984,Wrexham,Blackpool,1,2,4,4,3,-1,0
1984,Wrexham,Stockport County,3,4,4,4,7,-1,0
1984,Wrexham,Tranmere Rovers,4,0,4,4,4,4,1
1985,Arsenal,Chelsea,2,0,1,1,2,2,1
1985,Arsenal,Newcastle United,0,0,1,1,0,0,0
1985,Arsenal,Queens Park Rangers,3,1,1,1,4,2,1
1985,Arsenal,West Ham United,1,0,1,1,1,1,1
1985,Aston Villa,Ipswich Town,1,0,1,1,1,1,1
1985,Aston Villa,Newcastle United,1,2,1,1,3,-1,0
1985,Aston Villa,Queens Park Rangers,1,2,1,1,3,-1,0
1985,Aston Villa,West Ham United,2,1,1,1,3,1,1
1985,Birmingham City,Chelsea,1,2,1,1,3,-1,0
1985,Birmingham City,Ipswich Town,0,1,1,1,1,-1,0
1985,Birmingham City,Queens Park Rangers,2,0,1,1,2,2,1
1985,Birmingham City,West Ham United,1,0,1,1,1,1,1
1985,Chelsea,Birmingham City,2,0,1,1,2,2,1
1985,Chelsea,Ipswich Town,1,1,1,1,2,0,0
1985,Chelsea,Luton Town,1,0,1,1,1,1,1
1985,Chelsea,Tottenham Hotspur,2,0,1,1,2,2,1
1985,Coventry City,Birmingham City,4,4,1,1,8,0,0
1985,Coventry City,Ipswich Town,0,1,1,1,1,-1,0
1985,Coventry City,Luton Town,1,0,1,1,1,1,1
1985,Coventry City,Newcastle United,1,2,1,1,3,-1,0
1985,Coventry City,Tottenham Hotspur,2,3,1,1,5,-1,0
1985,Coventry City,West Ham United,0,1,1,1,1,-1,0
1985,Everton,Luton Town,2,0,1,1,2,2,1
1985,Everton,Newcastle United,1,0,1,1,1,1,1
1985,Everton,Queens Park Rangers,4,3,1,1,7,1,1
1985,Everton,Tottenham Hotspur,1,0,1,1,1,1,1
1985,Everton,West Ham United,3,1,1,1,4,2,1
1985,Ipswich Town,Birmingham City,0,1,1,1,1,-1,0
1985,Leicester City,Birmingham City,4,2,1,1,6,2,1
1985,Leicester City,Newcastle United,2,0,1,1,2,2,1
1985,Leicester City,Tottenham Hotspur,1,4,1,1,5,-3,0
1985,Liverpool,Newcastle United,1,1,1,1,2,0,0
1985,Liverpool,Tottenham Hotspur,4,1,1,1,5,3,1
1985,Liverpool,West Ham United,3,1,1,1,4,2,1
1985,Luton Town,Everton,2,1,1,1,3,1,1
1985,Luton Town,Liverpool,0,1,1,1,1,-1,0
1985,Manchester City,Newcastle United,1,0,1,1,1,1,1
1985,Manchester City,Queens Park Rangers,2,0,1,1,2,2,1
1985,Manchester United,Birmingham City,1,0,1,1,1,1,1
1985,Manchester United,Everton,0,0,1,1,0,0,0
1985,Manchester United,Newcastle United,3,0,1,1,3,3,1
1985,Manchester United,Tottenham Hotspur,0,0,1,1,0,0,0
1985,Newcastle United,Birmingham City,4,1,1,1,5,3,1
1985,Newcastle United,Manchester United,2,4,1,1,6,-2,0
1985,Newcastle United,Queens Park Rangers,3,1,1,1,4,2,1
1985,Newcastle United,Tottenham Hotspur,2,2,1,1,4,0,0
1985,Nottingham Forest,Birmingham City,3,0,1,1,3,3,1
1985,Nottingham Forest,Queens Park Rangers,4,0,1,1,4,4,1
1985,Nottingham Forest,Tottenham Hotspur,0,1,1,1,1,-1,0
1985,Oxford United,Liverpool,2,2,1,1,4,0,0
1985,Oxford United,Manchester United,1,3,1,1,4,-2,0
1985,Oxford United,Queens Park Rangers,3,3,1,1,6,0,0
1985,Oxford United,West Ham United,1,2,1,1,3,-1,0
1985,Queens Park Rangers,Everton,3,0,1,1,3,3,1
1985,Queens Park Rangers,Liverpool,2,1,1,1,3,1,1
1985,Queens Park Rangers,Manchester United,1,0,1,1,1,1,1
1985,Queens Park Rangers,Oxford United,3,1,1,1,4,2,1
1985,Queens Park Rangers,Tottenham Hotspur,2,5,1,1,7,-3,0
1985,Sheffield Wednesday,Birmingham City,5,1,1,1,6,4,1
1985,Sheffield Wednesday,Everton,1,5,1,1,6,-4,0
1985,Sheffield Wednesday,Liverpool,0,0,1,1,0,0,0
1985,Sheffield Wednesday,Manchester United,1,0,1,1,1,1,1
1985,Sheffield Wednesday,Tottenham Hotspur,1,2,1,1,3,-1,0
1985,Southampton,Everton,2,3,1,1,5,-1,0
1985,Southampton,Tottenham Hotspur,1,0,1,1,1,1,1
1985,Tottenham Hotspur,Everton,0,1,1,1,1,-1,0
1985,Tottenham Hotspur,Liverpool,1,2,1,1,3,-1,0
1985,Tottenham Hotspur,Manchester United,0,0,1,1,0,0,0
1985,Tottenham Hotspur,Southampton,5,3,1,1,8,2,1
1985,Tottenham Hotspur,West Ham United,1,0,1,1,1,1,1
1985,Watford,Everton,0,2,1,1,2,-2,0
1985,Watford,Liverpool,2,3,1,1,5,-1,0
1985,Watford,Oxford United,2,2,1,1,4,0,0
1985,West Bromwich Albion,Birmingham City,2,1,1,1,3,1,1
1985,West Bromwich Albion,Manchester United,1,5,1,1,6,-4,0
1985,West Bromwich Albion,Southampton,1,0,1,1,1,1,1
1985,West Bromwich Albion,West Ham United,2,3,1,1,5,-1,0
1985,West Ham United,Liverpool,2,2,1,1,4,0,0
1985,West Ham United,Oxford United,3,1,1,1,4,2,1
1985,Barnsley,Brighton & Hove Albion,3,2,2,2,5,1,1
1985,Barnsley,Huddersfield Town,1,3,2,2,4,-2,0
1985,Barnsley,Middlesbrough,0,0,2,2,0,0,0
1985,Barnsley,Shrewsbury Town,2,0,2,2,2,2,1
1985,Barnsley,Wimbledon,0,1,2,2,1,-1,0
1985,Blackburn Rovers,Crystal Palace,1,2,2,2,3,-1,0
1985,Blackburn Rovers,Middlesbrough,0,1,2,2,1,-1,0
1985,Blackburn Rovers,Oldham Athletic,0,0,2,2,0,0,0
1985,Bradford City,Brighton & Hove Albion,3,2,2,2,5,1,1
1985,Bradford City,Crystal Palace,1,0,2,2,1,1,1
1985,Bradford City,Middlesbrough,2,1,2,2,3,1,1
1985,Bradford City,Wimbledon,1,1,2,2,2,0,0
1985,Brighton & Hove Albion,Crystal Palace,2,0,2,2,2,2,1
1985,Brighton & Hove Albion,Huddersfield Town,4,3,2,2,7,1,1
1985,Brighton & Hove Albion,Middlesbrough,3,3,2,2,6,0,0
1985,Brighton & Hove Albion,Shrewsbury Town,0,2,2,2,2,-2,0
1985,Carlisle United,Bradford City,1,2,2,2,3,-1,0
1985,Carlisle United,Huddersfield Town,2,0,2,2,2,2,1
1985,Charlton Athletic,Wimbledon,0,0,2,2,0,0,0
1985,Crystal Palace,Bradford City,2,1,2,2,3,1,1
1985,Crystal Palace,Oldham Athletic,3,2,2,2,5,1,1
1985,Crystal Palace,Shrewsbury Town,0,1,2,2,1,-1,0
1985,Crystal Palace,Wimbledon,1,3,2,2,4,-2,0
1985,Fulham,Bradford City,4,1,2,2,5,3,1
1985,Fulham,Oldham Athletic,2,2,2,2,4,0,0
1985,Grimsby Town,Middlesbrough,3,2,2,2,5,1,1
1985,Grimsby Town,Oldham Athletic,1,4,2,2,5,-3,0
1985,Grimsby Town,Shrewsbury Town,3,1,2,2,4,2,1
1985,Grimsby Town,Wimbledon,0,1,2,2,1,-1,0
1985,Huddersfield Town,Shrewsbury Town,1,0,2,2,1,1,1
1985,Hull City,Bradford City,1,0,2,2,1,1,1
1985,Hull City,Grimsby Town,2,0,2,2,2,2,1
1985,Hull City,Middlesbrough,0,0,2,2,0,0,0
1985,Hull City,Shrewsbury Town,4,3,2,2,7,1,1
1985,Hull City,Wimbledon,1,1,2,2,2,0,0
1985,Leeds United,Bradford City,2,1,2,2,3,1,1
1985,Leeds United,Grimsby Town,1,1,2,2,2,0,0
1985,Leeds United,Middlesbrough,1,0,2,2,1,1,1
1985,Middlesbrough,Grimsby Town,3,1,2,2,4,2,1
1985,Middlesbrough,Wimbledon,1,0,2,2,1,1,1
1985,Millwall,Grimsby Town,1,0,2,2,1,1,1
1985,Millwall,Leeds United,3,1,2,2,4,2,1
1985,Millwall,Oldham Athletic,0,1,2,2,1,-1,0
1985,Millwall,Shrewsbury Town,2,0,2,2,2,2,1
1985,Millwall,Wimbledon,0,1,2,2,1,-1,0
1985,Norwich City,Leeds United,4,0,2,2,4,4,1
1985,Norwich City,Oldham Athletic,1,0,2,2,1,1,1
1985,Norwich City,Shrewsbury Town,3,1,2,2,4,2,1
1985,Oldham Athletic,Leeds United,3,1,2,2,4,2,1
1985,Portsmouth,Charlton Athletic,1,0,2,2,1,1,1
1985,Portsmouth,Grimsby Town,3,1,2,2,4,2,1
1985,Portsmouth,Norwich City,2,0,2,2,2,2,1
1985,Portsmouth,Shrewsbury Town,4,0,2,2,4,4,1
1985,Portsmouth,Wimbledon,1,1,2,2,2,0,0
1985,Sheffield United,Grimsby Town,1,1,2,2,2,0,0
1985,Sheffield United,Leeds United,3,2,2,2,5,1,1
1985,Sheffield United,Norwich City,2,5,2,2,7,-3,0
1985,Sheffield United,Shrewsbury Town,1,1,2,2,2,0,0
1985,Sheffield United,Wimbledon,4,0,2,2,4,4,1
1985,Shrewsbury Town,Sheffield United,3,1,2,2,4,2,1
1985,Stoke City,Leeds United,6,2,2,2,8,4,1
1985,Stoke City,Sheffield United,1,3,2,2,4,-2,0
1985,Stoke City,Wimbledon,0,0,2,2,0,0,0
1985,Sunderland,Bradford City,1,1,2,2,2,0,0
1985,Sunderland,Charlton Athletic,1,2,2,2,3,-1,0
1985,Sunderland,Sheffield United,2,1,2,2,3,1,1
1985,Sunderland,Wimbledon,2,1,2,2,3,1,1
1985,Wimbledon,Grimsby Town,3,0,2,2,3,3,1
1985,Wimbledon,Leeds United,0,3,2,2,3,-3,0
1985,Wimbledon,Norwich City,2,1,2,2,3,1,1
1985,Wimbledon,Sheffield United,5,0,2,2,5,5,1
1985,AFC Bournemouth,Brentford,0,0,3,3,0,0,0
1985,AFC Bournemouth,Bury,2,1,3,3,3,1,1
1985,AFC Bournemouth,Darlington,4,2,3,3,6,2,1
1985,AFC Bournemouth,Notts County,0,0,3,3,0,0,0
1985,AFC Bournemouth,Rotherham United,1,2,3,3,3,-1,0
1985,AFC Bournemouth,Wigan Athletic,0,2,3,3,2,-2,0
1985,Blackpool,AFC Bournemouth,2,0,3,3,2,2,1
1985,Blackpool,Cardiff City,3,0,3,3,3,3,1
1985,Blackpool,Swansea City,2,0,3,3,2,2,1
1985,Bolton Wanderers,Blackpool,1,3,3,3,4,-2,0
1985,Bolton Wanderers,Chesterfield,2,1,3,3,3,1,1
1985,Bolton Wanderers,Doncaster Rovers,2,0,3,3,2,2,1
1985,Bolton Wanderers,Newport County,4,0,3,3,4,4,1
1985,Brentford,Bolton Wanderers,1,1,3,3,2,0,0
1985,Brentford,Darlington,2,1,3,3,3,1,1
1985,Brentford,Notts County,1,1,3,3,2,0,0
1985,Brentford,Wigan Athletic,1,3,3,3,4,-2,0
1985,Bristol City,Cardiff City,2,1,3,3,3,1,1
1985,Bristol City,Plymouth Argyle,2,0,3,3,2,2,1
1985,Bristol City,Swansea City,0,1,3,3,1,-1,0
1985,Bristol City,Wolverhampton Wanderers,3,0,3,3,3,3,1
1985,Bristol Rovers,Blackpool,1,0,3,3,1,1,1
1985,Bristol Rovers,Newport County,2,0,3,3,2,2,1
1985,Bristol Rovers,Walsall,0,1,3,3,1,-1,0
1985,Bury,Gillingham,1,2,3,3,3,-1,0
1985,Bury,Wigan Athletic,0,0,3,3,0,0,0
1985,Cardiff City,Brentford,1,0,3,3,1,1,1
1985,Cardiff City,Bury,0,0,3,3,0,0,0
1985,Cardiff City,Plymouth Argyle,1,2,3,3,3,-1,0
1985,Cardiff City,Wolverhampton Wanderers,1,1,3,3,2,0,0
1985,Chesterfield,Blackpool,1,2,3,3,3,-1,0
1985,Chesterfield,Doncaster Rovers,0,0,3,3,0,0,0
1985,Chesterfield,Walsall,2,3,3,3,5,-1,0
1985,Chesterfield,York City,1,0,3,3,1,1,1
1985,Darlington,Bristol Rovers,3,3,3,3,6,0,0
1985,Derby County,AFC Bournemouth,3,0,3,3,3,3,1
1985,Derby County,Bury,1,1,3,3,2,0,0
1985,Derby County,Lincoln City,7,0,3,3,7,7,1
1985,Derby County,Plymouth Argyle,1,2,3,3,3,-1,0
1985,Doncaster Rovers,Derby County,0,3,3,3,3,-3,0
1985,Doncaster Rovers,Walsall,1,0,3,3,1,1,1
1985,Doncaster Rovers,York City,1,1,3,3,2,0,0
1985,Gillingham,Bolton Wanderers,2,1,3,3,3,1,1
1985,Gillingham,Bristol Rovers,2,0,3,3,2,2,1
1985,Gillingham,Rotherham United,3,0,3,3,3,3,1
1985,Gillingham,Wigan Athletic,2,0,3,3,2,2,1
1985,Lincoln City,AFC Bournemouth,3,2,3,3,5,1,1
1985,Lincoln City,Swansea City,4,1,3,3,5,3,1
1985,Newport County,Bristol City,1,1,3,3,2,0,0
1985,Newport County,Cardiff City,1,2,3,3,3,-1,0
1985,Newport County,Derby County,1,1,3,3,2,0,0
1985,Newport County,Lincoln City,1,2,3,3,3,-1,0
1985,Newport County,Reading,0,2,3,3,2,-2,0
1985,Newport County,York City,1,1,3,3,2,0,0
1985,Notts County,Bolton Wanderers,1,0,3,3,1,1,1
1985,Notts County,Chesterfield,2,1,3,3,3,1,1
1985,Notts County,Doncaster Rovers,1,1,3,3,2,0,0
1985,Notts County,Newport County,1,2,3,3,3,-1,0
1985,Plymouth Argyle,AFC Bournemouth,2,1,3,3,3,1,1
1985,Plymouth Argyle,Brentford,2,0,3,3,2,2,1
1985,Plymouth Argyle,Bury,3,0,3,3,3,3,1
1985,Plymouth Argyle,Darlington,4,2,3,3,6,2,1
1985,Plymouth Argyle,Notts County,0,1,3,3,1,-1,0
1985,Plymouth Argyle,Swansea City,2,0,3,3,2,2,1
1985,Reading,Blackpool,1,0,3,3,1,1,1
1985,Reading,Bristol City,1,0,3,3,1,1,1
1985,Reading,Cardiff City,1,1,3,3,2,0,0
1985,Reading,Derby County,1,0,3,3,1,1,1
1985,Reading,Walsall,2,1,3,3,3,1,1
1985,Rotherham United,Bolton Wanderers,4,0,3,3,4,4,1
1985,Rotherham United,Bristol Rovers,2,0,3,3,2,2,1
1985,Rotherham United,Doncaster Rovers,2,1,3,3,3,1,1
1985,Rotherham United,Newport County,0,0,3,3,0,0,0
1985,Rotherham United,Wigan Athletic,0,0,3,3,0,0,0
1985,Swansea City,Brentford,2,0,3,3,2,2,1
1985,Swansea City,Darlington,2,2,3,3,4,0,0
1985,Swansea City,Wolverhampton Wanderers,0,2,3,3,2,-2,0
1985,Walsall,Plymouth Argyle,2,2,3,3,4,0,0
1985,Walsall,Swansea City,3,1,3,3,4,2,1
1985,Walsall,York City,3,1,3,3,4,2,1
1985,Wigan Athletic,Bristol Rovers,4,0,3,3,4,4,1
1985,Wigan Athletic,Doncaster Rovers,0,1,3,3,1,-1,0
1985,Wigan Athletic,Newport County,0,0,3,3,0,0,0
1985,Wolverhampton Wanderers,AFC Bournemouth,0,3,3,3,3,-3,0
1985,Wolverhampton Wanderers,Darlington,2,1,3,3,3,1,1
1985,Wolverhampton Wanderers,Notts County,2,2,3,3,4,0,0
1985,Wolverhampton Wanderers,Wigan Athletic,2,2,3,3,4,0,0
1985,York City,Blackpool,3,0,3,3,3,3,1
1985,York City,Bristol City,1,1,3,3,2,0,0
1985,York City,Cardiff City,1,1,3,3,2,0,0
1985,York City,Derby County,1,3,3,3,4,-2,0
1985,York City,Lincoln City,2,1,3,3,3,1,1
1985,York City,Plymouth Argyle,3,1,3,3,4,2,1
1985,York City,Swansea City,3,1,3,3,4,2,1
1985,Aldershot,Chester,1,1,4,4,2,0,0
1985,Aldershot,Preston North End,4,0,4,4,4,4,1
1985,Aldershot,Southend United,1,3,4,4,4,-2,0
1985,Burnley,Aldershot,1,2,4,4,3,-1,0
1985,Burnley,Peterborough United,1,1,4,4,2,0,0
1985,Burnley,Stockport County,0,1,4,4,1,-1,0
1985,Cambridge United,Crewe Alexandra,1,0,4,4,1,1,1
1985,Cambridge United,Hartlepool United,4,2,4,4,6,2,1
1985,Cambridge United,Scunthorpe United,0,1,4,4,1,-1,0
1985,Cambridge United,Swindon Town,1,1,4,4,2,0,0
1985,Cambridge United,Wrexham,4,3,4,4,7,1,1
1985,Chester,Northampton Town,2,3,4,4,5,-1,0
1985,Chester,Southend United,2,0,4,4,2,2,1
1985,Chester,Torquay United,3,1,4,4,4,2,1
1985,Colchester United,Aldershot,4,0,4,4,4,4,1
1985,Colchester United,Chester,2,3,4,4,5,-1,0
1985,Colchester United,Halifax Town,3,1,4,4,4,2,1
1985,Colchester United,Rochdale,0,1,4,4,1,-1,0
1985,Colchester United,Stockport County,3,1,4,4,4,2,1
1985,Colchester United,Tranmere Rovers,1,2,4,4,3,-1,0
1985,Crewe Alexandra,Colchester United,0,2,4,4,2,-2,0
1985,Crewe Alexandra,Mansfield Town,2,1,4,4,3,1,1
1985,Crewe Alexandra,Scunthorpe United,4,0,4,4,4,4,1
1985,Crewe Alexandra,Wrexham,3,2,4,4,5,1,1
1985,Exeter City,Cambridge United,0,0,4,4,0,0,0
1985,Exeter City,Crewe Alexandra,1,2,4,4,3,-1,0
1985,Exeter City,Northampton Town,1,2,4,4,3,-1,0
1985,Exeter City,Torquay United,2,2,4,4,4,0,0
1985,Halifax Town,Aldershot,1,1,4,4,2,0,0
1985,Halifax Town,Chester,1,2,4,4,3,-1,0
1985,Halifax Town,Exeter City,1,0,4,4,1,1,1
1985,Halifax Town,Rochdale,1,1,4,4,2,0,0
1985,Halifax Town,Tranmere Rovers,1,2,4,4,3,-1,0
1985,Hartlepool United,Burnley,3,1,4,4,4,2,1
1985,Hartlepool United,Halifax Town,3,0,4,4,3,3,1
1985,Hartlepool United,Mansfield Town,1,1,4,4,2,0,0
1985,Hartlepool United,Scunthorpe United,0,1,4,4,1,-1,0
1985,Hartlepool United,Swindon Town,1,0,4,4,1,1,1
1985,Hartlepool United,Wrexham,3,3,4,4,6,0,0
1985,Hereford United,Cambridge United,1,0,4,4,1,1,1
1985,Hereford United,Hartlepool United,2,2,4,4,4,0,0
1985,Hereford United,Northampton Town,3,0,4,4,3,3,1
1985,Hereford United,Preston North End,1,1,4,4,2,0,0
1985,Hereford United,Torquay United,4,1,4,4,5,3,1
1985,Leyton Orient,Exeter City,2,2,4,4,4,0,0
1985,Leyton Orient,Hereford United,2,2,4,4,4,0,0
1985,Leyton Orient,Peterborough United,2,2,4,4,4,0,0
1985,Leyton Orient,Rochdale,5,0,4,4,5,5,1
1985,Mansfield Town,Burnley,0,0,4,4,0,0,0
1985,Mansfield Town,Colchester United,2,1,4,4,3,1,1
1985,Mansfield Town,Leyton Orient,1,1,4,4,2,0,0
1985,Mansfield Town,Scunthorpe United,1,1,4,4,2,0,0
1985,Northampton Town,Cambridge United,0,2,4,4,2,-2,0
1985,Northampton Town,Crewe Alexandra,0,1,4,4,1,-1,0
1985,Northampton Town,Hartlepool United,3,0,4,4,3,3,1
1985,Northampton Town,Preston North End,6,0,4,4,6,6,1
1985,Northampton Town,Southend United,0,0,4,4,0,0,0
1985,Northampton Town,Torquay United,5,1,4,4,6,4,1
1985,Peterborough United,Aldershot,3,0,4,4,3,3,1
1985,Peterborough United,Chester,3,0,4,4,3,3,1
1985,Peterborough United,Rochdale,1,1,4,4,2,0,0
1985,Port Vale,Burnley,1,1,4,4,2,0,0
1985,Port Vale,Swindon Town,3,0,4,4,3,3,1
1985,Preston North End,Hartlepool United,2,1,4,4,3,1,1
1985,Preston North End,Port Vale,0,1,4,4,1,-1,0
1985,Preston North End,Southend United,3,2,4,4,5,1,1
1985,Preston North End,Torquay United,4,0,4,4,4,4,1
1985,Rochdale,Aldershot,2,0,4,4,2,2,1
1985,Rochdale,Stockport County,4,1,4,4,5,3,1
1985,Scunthorpe United,Peterborough United,2,0,4,4,2,2,1
1985,Scunthorpe United,Rochdale,3,1,4,4,4,2,1
1985,Scunthorpe United,Swindon Town,0,2,4,4,2,-2,0
1985,Scunthorpe United,Wrexham,1,1,4,4,2,0,0
1985,Southend United,Hartlepool United,3,2,4,4,5,1,1
1985,Southend United,Mansfield Town,3,1,4,4,4,2,1
1985,Southend United,Scunthorpe United,2,1,4,4,3,1,1
1985,Stockport County,Aldershot,3,2,4,4,5,1,1
1985,Stockport County,Exeter City,1,1,4,4,2,0,0
1985,Stockport County,Hereford United,1,1,4,4,2,0,0
1985,Stockport County,Northampton Town,1,0,4,4,1,1,1
1985,Stockport County,Preston North End,2,1,4,4,3,1,1
1985,Stockport County,Southend United,2,1,4,4,3,1,1
1985,Stockport County,Tranmere Rovers,1,1,4,4,2,0,0
1985,Swindon Town,Burnley,3,1,4,4,4,2,1
1985,Swindon Town,Halifax Town,3,2,4,4,5,1,1
1985,Swindon Town,Leyton Orient,4,1,4,4,5,3,1
1985,Swindon Town,Stockport County,1,0,4,4,1,1,1
1985,Torquay United,Cambridge United,1,1,4,4,2,0,0
1985,Torquay United,Crewe Alexandra,0,0,4,4,0,0,0
1985,Torquay United,Hartlepool United,1,3,4,4,4,-2,0
1985,Torquay United,Mansfield Town,1,2,4,4,3,-1,0
1985,Torquay United,Port Vale,0,1,4,4,1,-1,0
1985,Torquay United,Swindon Town,0,1,4,4,1,-1,0
1985,Tranmere Rovers,Northampton Town,1,3,4,4,4,-2,0
1985,Tranmere Rovers,Southend United,1,1,4,4,2,0,0
1985,Tranmere Rovers,Torquay United,2,0,4,4,2,2,1
1985,Wrexham,Burnley,0,1,4,4,1,-1,0
1985,Wrexham,Leyton Orient,1,3,4,4,4,-2,0
1985,Wrexham,Peterborough United,0,1,4,4,1,-1,0
1985,Wrexham,Tranmere Rovers,1,1,4,4,2,0,0
1986,Arsenal,Chelsea,3,1,1,1,4,2,1
1986,Arsenal,Leicester City,4,1,1,1,5,3,1
1986,Arsenal,Manchester City,3,0,1,1,3,3,1
1986,Arsenal,Wimbledon,3,1,1,1,4,2,1
1986,Aston Villa,Chelsea,0,0,1,1,0,0,0
1986,Aston Villa,Leicester City,2,0,1,1,2,2,1
1986,Aston Villa,Norwich City,1,4,1,1,5,-3,0
1986,Aston Villa,Wimbledon,0,0,1,1,0,0,0
1986,Charlton Athletic,Leicester City,2,0,1,1,2,2,1
1986,Charlton Athletic,Norwich City,1,2,1,1,3,-1,0
1986,Charlton Athletic,Queens Park Rangers,2,1,1,1,3,1,1
1986,Charlton Athletic,Wimbledon,0,1,1,1,1,-1,0
1986,Chelsea,Leicester City,3,1,1,1,4,2,1
1986,Chelsea,Manchester City,2,1,1,1,3,1,1
1986,Chelsea,Norwich City,0,0,1,1,0,0,0
1986,Chelsea,Queens Park Rangers,3,1,1,1,4,2,1
1986,Coventry City,Charlton Athletic,2,1,1,1,3,1,1
1986,Coventry City,Norwich City,2,1,1,1,3,1,1
1986,Coventry City,Tottenham Hotspur,4,3,1,1,7,1,1
1986,Everton,Leicester City,5,1,1,1,6,4,1
1986,Everton,Tottenham Hotspur,1,0,1,1,1,1,1
1986,Everton,Wimbledon,3,0,1,1,3,3,1
1986,Leicester City,Norwich City,0,2,1,1,2,-2,0
1986,Leicester City,Tottenham Hotspur,1,2,1,1,3,-1,0
1986,Liverpool,Charlton Athletic,2,0,1,1,2,2,1
1986,Liverpool,Manchester City,0,0,1,1,0,0,0
1986,Liverpool,Norwich City,6,2,1,1,8,4,1
1986,Liverpool,Queens Park Rangers,2,1,1,1,3,1,1
1986,Liverpool,Tottenham Hotspur,0,1,1,1,1,-1,0
1986,Luton Town,Charlton Athletic,1,0,1,1,1,1,1
1986,Luton Town,Manchester City,1,0,1,1,1,1,1
1986,Luton Town,Queens Park Rangers,1,0,1,1,1,1,1
1986,Luton Town,Tottenham Hotspur,3,1,1,1,4,2,1
1986,Luton Town,Wimbledon,0,0,1,1,0,0,0
1986,Manchester City,Luton Town,1,1,1,1,2,0,0
1986,Manchester City,Norwich City,2,2,1,1,4,0,0
1986,Manchester City,Tottenham Hotspur,1,1,1,1,2,0,0
1986,Manchester United,Charlton Athletic,0,1,1,1,1,-1,0
1986,Manchester United,Everton,0,0,1,1,0,0,0
1986,Manchester United,Luton Town,1,0,1,1,1,1,1
1986,Manchester United,Norwich City,0,1,1,1,1,-1,0
1986,Manchester United,Wimbledon,0,1,1,1,1,-1,0
1986,Newcastle United,Charlton Athletic,0,3,1,1,3,-3,0
1986,Newcastle United,Everton,0,4,1,1,4,-4,0
1986,Newcastle United,Luton Town,2,2,1,1,4,0,0
1986,Newcastle United,Tottenham Hotspur,1,1,1,1,2,0,0
1986,Newcastle United,Wimbledon,1,0,1,1,1,1,1
1986,Norwich City,Charlton Athletic,1,1,1,1,2,0,0
1986,Norwich City,Newcastle United,2,0,1,1,2,2,1
1986,Norwich City,Tottenham Hotspur,2,1,1,1,3,1,1
1986,Norwich City,Wimbledon,0,0,1,1,0,0,0
1986,Nottingham Forest,Charlton Athletic,4,0,1,1,4,4,1
1986,Nottingham Forest,Luton Town,2,2,1,1,4,0,0
1986,Nottingham Forest,Newcastle United,2,1,1,1,3,1,1
1986,Nottingham Forest,Queens Park Rangers,1,0,1,1,1,1,1
1986,Nottingham Forest,Tottenham Hotspur,2,0,1,1,2,2,1
1986,Oxford United,Charlton Athletic,3,2,1,1,5,1,1
1986,Oxford United,Everton,1,1,1,1,2,0,0
1986,Oxford United,Queens Park Rangers,0,1,1,1,1,-1,0
1986,Queens Park Rangers,Charlton Athletic,0,0,1,1,0,0,0
1986,Queens Park Rangers,Newcastle United,2,1,1,1,3,1,1
1986,Queens Park Rangers,Tottenham Hotspur,2,0,1,1,2,2,1
1986,Queens Park Rangers,Wimbledon,2,1,1,1,3,1,1
1986,Sheffield Wednesday,Luton Town,1,0,1,1,1,1,1
1986,Sheffield Wednesday,Newcastle United,2,0,1,1,2,2,1
1986,Sheffield Wednesday,Oxford United,6,1,1,1,7,5,1
1986,Sheffield Wednesday,Tottenham Hotspur,0,1,1,1,1,-1,0
1986,Sheffield Wednesday,Wimbledon,0,2,1,1,2,-2,0
1986,Southampton,Charlton Athletic,2,2,1,1,4,0,0
1986,Southampton,Everton,0,2,1,1,2,-2,0
1986,Southampton,Newcastle United,4,1,1,1,5,3,1
1986,Southampton,Tottenham Hotspur,2,0,1,1,2,2,1
1986,Tottenham Hotspur,Charlton Athletic,1,0,1,1,1,1,1
1986,Tottenham Hotspur,Southampton,2,0,1,1,2,2,1
1986,Watford,Everton,2,1,1,1,3,1,1
1986,Watford,Luton Town,2,0,1,1,2,2,1
1986,Watford,Oxford United,3,0,1,1,3,3,1
1986,West Ham United,Newcastle United,1,1,1,1,2,0,0
1986,Wimbledon,Charlton Athletic,2,0,1,1,2,2,1
1986,Wimbledon,Everton,1,2,1,1,3,-1,0
1986,Wimbledon,Newcastle United,3,1,1,1,4,2,1
1986,Wimbledon,Southampton,2,2,1,1,4,0,0
1986,Barnsley,Bradford City,2,0,2,2,2,2,1
1986,Barnsley,Derby County,0,1,2,2,1,-1,0
1986,Barnsley,Hull City,1,1,2,2,2,0,0
1986,Barnsley,Millwall,1,0,2,2,1,1,1
1986,Barnsley,Portsmouth,0,2,2,2,2,-2,0
1986,Barnsley,Shrewsbury Town,2,1,2,2,3,1,1
1986,Barnsley,West Bromwich Albion,2,2,2,2,4,0,0
1986,Birmingham City,Hull City,0,0,2,2,0,0,0
1986,Birmingham City,Millwall,1,1,2,2,2,0,0
1986,Birmingham City,Portsmouth,0,1,2,2,1,-1,0
1986,Birmingham City,Shrewsbury Town,0,2,2,2,2,-2,0
1986,Blackburn Rovers,Hull City,0,2,2,2,2,-2,0
1986,Blackburn Rovers,Millwall,1,0,2,2,1,1,1
1986,Blackburn Rovers,West Bromwich Albion,0,1,2,2,1,-1,0
1986,Bradford City,Blackburn Rovers,2,0,2,2,2,2,1
1986,Bradford City,Derby County,0,1,2,2,1,-1,0
1986,Bradford City,Portsmouth,1,0,2,2,1,1,1
1986,Bradford City,Shrewsbury Town,0,0,2,2,0,0,0
1986,Bradford City,West Bromwich Albion,1,3,2,2,4,-2,0
1986,Brighton & Hove Albion,Blackburn Rovers,0,2,2,2,2,-2,0
1986,Brighton & Hove Albion,West Bromwich Albion,2,0,2,2,2,2,1
1986,Crystal Palace,Blackburn Rovers,2,0,2,2,2,2,1
1986,Crystal Palace,Hull City,5,1,2,2,6,4,1
1986,Crystal Palace,Millwall,2,1,2,2,3,1,1
1986,Crystal Palace,West Bromwich Albion,1,1,2,2,2,0,0
1986,Derby County,Crystal Palace,1,0,2,2,1,1,1
1986,Derby County,Hull City,1,1,2,2,2,0,0
1986,Derby County,Shrewsbury Town,3,1,2,2,4,2,1
1986,Grimsby Town,Blackburn Rovers,1,0,2,2,1,1,1
1986,Grimsby Town,Millwall,1,0,2,2,1,1,1
1986,Grimsby Town,Shrewsbury Town,0,1,2,2,1,-1,0
1986,Grimsby Town,West Bromwich Albion,3,1,2,2,4,2,1
1986,Huddersfield Town,Blackburn Rovers,1,2,2,2,3,-1,0
1986,Huddersfield Town,Crystal Palace,1,2,2,2,3,-1,0
1986,Huddersfield Town,Millwall,3,0,2,2,3,3,1
1986,Hull City,Blackburn Rovers,0,0,2,2,0,0,0
1986,Hull City,Crystal Palace,3,0,2,2,3,3,1
1986,Hull City,Portsmouth,0,2,2,2,2,-2,0
1986,Hull City,Shrewsbury Town,3,0,2,2,3,3,1
1986,Ipswich Town,Blackburn Rovers,3,1,2,2,4,2,1
1986,Ipswich Town,Crystal Palace,3,0,2,2,3,3,1
1986,Ipswich Town,Huddersfield Town,3,0,2,2,3,3,1
1986,Ipswich Town,Millwall,0,0,2,2,0,0,0
1986,Ipswich Town,Shrewsbury Town,1,0,2,2,1,1,1
1986,Ipswich Town,West Bromwich Albion,1,0,2,2,1,1,1
1986,Leeds United,Crystal Palace,3,0,2,2,3,3,1
1986,Leeds United,Huddersfield Town,1,1,2,2,2,0,0
1986,Millwall,Blackburn Rovers,2,2,2,2,4,0,0
1986,Millwall,Crystal Palace,0,1,2,2,1,-1,0
1986,Millwall,Huddersfield Town,4,0,2,2,4,4,1
1986,Millwall,Leeds United,1,0,2,2,1,1,1
1986,Millwall,West Bromwich Albion,0,1,2,2,1,-1,0
1986,Oldham Athletic,Crystal Palace,1,0,2,2,1,1,1
1986,Oldham Athletic,Leeds United,0,1,2,2,1,-1,0
1986,Oldham Athletic,Portsmouth,0,0,2,2,0,0,0
1986,Oldham Athletic,Shrewsbury Town,3,0,2,2,3,3,1
1986,Plymouth Argyle,Huddersfield Town,1,1,2,2,2,0,0
1986,Plymouth Argyle,Portsmouth,2,3,2,2,5,-1,0
1986,Plymouth Argyle,West Bromwich Albion,1,0,2,2,1,1,1
1986,Portsmouth,Crystal Palace,2,0,2,2,2,2,1
1986,Portsmouth,Huddersfield Town,1,0,2,2,1,1,1
1986,Portsmouth,Leeds United,1,1,2,2,2,0,0
1986,Portsmouth,Shrewsbury Town,3,0,2,2,3,3,1
1986,Portsmouth,West Bromwich Albion,2,1,2,2,3,1,1
1986,Reading,Leeds United,2,1,2,2,3,1,1
1986,Reading,Shrewsbury Town,3,1,2,2,4,2,1
1986,Reading,West Bromwich Albion,1,1,2,2,2,0,0
1986,Sheffield United,Blackburn Rovers,4,1,2,2,5,3,1
1986,Sheffield United,Leeds United,0,0,2,2,0,0,0
1986,Sheffield United,Plymouth Argyle,2,1,2,2,3,1,1
1986,Shrewsbury Town,Huddersfield Town,1,2,2,2,3,-1,0
1986,Shrewsbury Town,Leeds United,0,2,2,2,2,-2,0
1986,Shrewsbury Town,Sheffield United,1,0,2,2,1,1,1
1986,Stoke City,Blackburn Rovers,1,0,2,2,1,1,1
1986,Stoke City,Huddersfield Town,2,0,2,2,2,2,1
1986,Stoke City,Leeds United,7,2,2,2,9,5,1
1986,Stoke City,Plymouth Argyle,1,0,2,2,1,1,1
1986,Sunderland,Plymouth Argyle,2,1,2,2,3,1,1
1986,Sunderland,Sheffield United,1,2,2,2,3,-1,0
1986,Sunderland,West Bromwich Albion,0,3,2,2,3,-3,0
1986,West Bromwich Albion,Blackburn Rovers,0,1,2,2,1,-1,0
1986,West Bromwich Albion,Crystal Palace,1,2,2,2,3,-1,0
1986,West Bromwich Albion,Leeds United,3,0,2,2,3,3,1
1986,West Bromwich Albion,Sheffield United,1,0,2,2,1,1,1
1986,West Bromwich Albion,Sunderland,2,2,2,2,4,0,0
1986,AFC Bournemouth,Bury,1,0,3,3,1,1,1
1986,AFC Bournemouth,Chesterfield,2,0,3,3,2,2,1
1986,AFC Bournemouth,Port Vale,0,0,3,3,0,0,0
1986,Blackpool,AFC Bournemouth,1,3,3,3,4,-2,0
1986,Blackpool,Bristol City,1,0,3,3,1,1,1
1986,Blackpool,Carlisle United,1,2,3,3,3,-1,0
1986,Blackpool,Gillingham,0,1,3,3,1,-1,0
1986,Blackpool,Wigan Athletic,5,1,3,3,6,4,1
1986,Bolton Wanderers,Doncaster Rovers,0,1,3,3,1,-1,0
1986,Bolton Wanderers,Mansfield Town,0,1,3,3,1,-1,0
1986,Bolton Wanderers,Notts County,1,1,3,3,2,0,0
1986,Bolton Wanderers,York City,3,1,3,3,4,2,1
1986,Brentford,Chesterfield,2,2,3,3,4,0,0
1986,Bristol City,Brentford,0,2,3,3,2,-2,0
1986,Bristol City,Darlington,1,1,3,3,2,0,0
1986,Bristol City,Newport County,4,0,3,3,4,4,1
1986,Bristol Rovers,Bristol City,0,0,3,3,0,0,0
1986,Bristol Rovers,Chester,3,2,3,3,5,1,1
1986,Bristol Rovers,Doncaster Rovers,2,3,3,3,5,-1,0
1986,Bristol Rovers,Notts County,0,0,3,3,0,0,0
1986,Bristol Rovers,Swindon Town,3,4,3,3,7,-1,0
1986,Bury,Bristol Rovers,1,0,3,3,1,1,1
1986,Bury,Chesterfield,1,1,3,3,2,0,0
1986,Bury,Fulham,2,1,3,3,3,1,1
1986,Bury,Middlesbrough,0,3,3,3,3,-3,0
1986,Bury,Port Vale,2,2,3,3,4,0,0
1986,Bury,Walsall,4,0,3,3,4,4,1
1986,Carlisle United,AFC Bournemouth,0,0,3,3,0,0,0
1986,Carlisle United,Brentford,0,0,3,3,0,0,0
1986,Carlisle United,Darlington,1,0,3,3,1,1,1
1986,Carlisle United,Newport County,2,2,3,3,4,0,0
1986,Carlisle United,Rotherham United,3,5,3,3,8,-2,0
1986,Carlisle United,Wigan Athletic,0,2,3,3,2,-2,0
1986,Chester,Blackpool,1,4,3,3,5,-3,0
1986,Chester,Mansfield Town,1,1,3,3,2,0,0
1986,Chester,Swindon Town,2,0,3,3,2,2,1
1986,Chester,York City,2,1,3,3,3,1,1
1986,Chesterfield,Bristol Rovers,1,1,3,3,2,0,0
1986,Chesterfield,Chester,0,1,3,3,1,-1,0
1986,Chesterfield,Fulham,3,1,3,3,4,2,1
1986,Darlington,AFC Bournemouth,0,3,3,3,3,-3,0
1986,Darlington,Brentford,1,1,3,3,2,0,0
1986,Darlington,Bury,4,1,3,3,5,3,1
1986,Darlington,Rotherham United,1,1,3,3,2,0,0
1986,Doncaster Rovers,Carlisle United,2,0,3,3,2,2,1
1986,Doncaster Rovers,Darlington,0,0,3,3,0,0,0
1986,Doncaster Rovers,York City,3,1,3,3,4,2,1
1986,Fulham,Doncaster Rovers,0,0,3,3,0,0,0
1986,Fulham,Middlesbrough,2,2,3,3,4,0,0
1986,Fulham,Port Vale,0,6,3,3,6,-6,0
1986,Gillingham,AFC Bournemouth,2,1,3,3,3,1,1
1986,Gillingham,Bury,1,0,3,3,1,1,1
1986,Mansfield Town,Blackpool,1,1,3,3,2,0,0
1986,Mansfield Town,Gillingham,1,0,3,3,1,1,1
1986,Mansfield Town,Notts County,1,2,3,3,3,-1,0
1986,Middlesbrough,Bristol Rovers,1,0,3,3,1,1,1
1986,Middlesbrough,Chester,1,2,3,3,3,-1,0
1986,Middlesbrough,Doncaster Rovers,1,0,3,3,1,1,1
1986,Middlesbrough,Mansfield Town,1,0,3,3,1,1,1
1986,Middlesbrough,Walsall,3,1,3,3,4,2,1
1986,Newport County,AFC Bournemouth,0,1,3,3,1,-1,0
1986,Newport County,Brentford,2,2,3,3,4,0,0
1986,Newport County,Bury,2,2,3,3,4,0,0
1986,Newport County,Middlesbrough,0,1,3,3,1,-1,0
1986,Newport County,Wigan Athletic,1,2,3,3,3,-1,0
1986,Notts County,Darlington,2,2,3,3,4,0,0
1986,Notts County,Newport County,5,2,3,3,7,3,1
1986,Notts County,York City,5,1,3,3,6,4,1
1986,Port Vale,Chester,2,1,3,3,3,1,1
1986,Port Vale,Mansfield Town,3,2,3,3,5,1,1
1986,Port Vale,Notts County,1,1,3,3,2,0,0
1986,Rotherham United,Brentford,2,3,3,3,5,-1,0
1986,Rotherham United,Middlesbrough,1,4,3,3,5,-3,0
1986,Rotherham United,Port Vale,1,1,3,3,2,0,0
1986,Rotherham United,Wigan Athletic,0,2,3,3,2,-2,0
1986,Swindon Town,Darlington,1,0,3,3,1,1,1
1986,Swindon Town,Gillingham,1,1,3,3,2,0,0
1986,Swindon Town,Newport County,3,0,3,3,3,3,1
1986,Swindon Town,Rotherham United,2,0,3,3,2,2,1
1986,Walsall,Doncaster Rovers,1,3,3,3,4,-2,0
1986,Walsall,Swindon Town,1,0,3,3,1,1,1
1986,Wigan Athletic,Bury,1,0,3,3,1,1,1
1986,Wigan Athletic,Chesterfield,1,1,3,3,2,0,0
1986,Wigan Athletic,Middlesbrough,0,2,3,3,2,-2,0
1986,Wigan Athletic,Port Vale,2,1,3,3,3,1,1
1986,Wigan Athletic,Walsall,5,1,3,3,6,4,1
1986,York City,Bristol City,1,1,3,3,2,0,0
1986,York City,Darlington,3,1,3,3,4,2,1
1986,York City,Wigan Athletic,1,1,3,3,2,0,0
1986,Aldershot,Hereford United,1,0,4,4,1,1,1
1986,Aldershot,Northampton Town,3,3,4,4,6,0,0
1986,Aldershot,Rochdale,2,1,4,4,3,1,1
1986,Aldershot,Stockport County,3,1,4,4,4,2,1
1986,Burnley,Colchester United,2,1,4,4,3,1,1
1986,Burnley,Halifax Town,3,0,4,4,3,3,1
1986,Burnley,Peterborough United,0,0,4,4,0,0,0
1986,Burnley,Swansea City,1,1,4,4,2,0,0
1986,Cambridge United,Burnley,3,1,4,4,4,2,1
1986,Cambridge United,Lincoln City,1,1,4,4,2,0,0
1986,Cambridge United,Southend United,1,2,4,4,3,-1,0
1986,Cambridge United,Wrexham,1,0,4,4,1,1,1
1986,Cardiff City,Hereford United,4,1,4,4,5,3,1
1986,Cardiff City,Northampton Town,1,1,4,4,2,0,0
1986,Cardiff City,Stockport County,1,1,4,4,2,0,0
1986,Colchester United,Peterborough United,1,3,4,4,4,-2,0
1986,Crewe Alexandra,Burnley,1,0,4,4,1,1,1
1986,Crewe Alexandra,Colchester United,1,1,4,4,2,0,0
1986,Crewe Alexandra,Hartlepool United,1,0,4,4,1,1,1
1986,Crewe Alexandra,Lincoln City,1,2,4,4,3,-1,0
1986,Crewe Alexandra,Preston North End,2,2,4,4,4,0,0
1986,Exeter City,Hereford United,1,0,4,4,1,1,1
1986,Exeter City,Northampton Town,1,1,4,4,2,0,0
1986,Exeter City,Tranmere Rovers,1,0,4,4,1,1,1
1986,Halifax Town,Aldershot,1,0,4,4,1,1,1
1986,Halifax Town,Leyton Orient,4,0,4,4,4,4,1
1986,Halifax Town,Peterborough United,1,0,4,4,1,1,1
1986,Halifax Town,Swansea City,1,0,4,4,1,1,1
1986,Halifax Town,Wolverhampton Wanderers,3,4,4,4,7,-1,0
1986,Hartlepool United,Burnley,2,2,4,4,4,0,0
1986,Hartlepool United,Colchester United,1,0,4,4,1,1,1
1986,Hartlepool United,Lincoln City,2,1,4,4,3,1,1
1986,Hartlepool United,Torquay United,2,1,4,4,3,1,1
1986,Hartlepool United,Wrexham,0,1,4,4,1,-1,0
1986,Hereford United,Crewe Alexandra,2,0,4,4,2,2,1
1986,Hereford United,Rochdale,0,1,4,4,1,-1,0
1986,Leyton Orient,Peterborough United,1,0,4,4,1,1,1
1986,Leyton Orient,Scunthorpe United,3,1,4,4,4,2,1
1986,Lincoln City,Halifax Town,0,0,4,4,0,0,0
1986,Lincoln City,Southend United,1,3,4,4,4,-2,0
1986,Lincoln City,Torquay United,1,1,4,4,2,0,0
1986,Northampton Town,Crewe Alexandra,2,1,4,4,3,1,1
1986,Northampton Town,Hartlepool United,1,1,4,4,2,0,0
1986,Northampton Town,Lincoln City,3,1,4,4,4,2,1
1986,Northampton Town,Stockport County,2,1,4,4,3,1,1
1986,Northampton Town,Tranmere Rovers,2,0,4,4,2,2,1
1986,Peterborough United,Aldershot,1,1,4,4,2,0,0
1986,Peterborough United,Cardiff City,1,2,4,4,3,-1,0
1986,Peterborough United,Exeter City,2,2,4,4,4,0,0
1986,Peterborough United,Hereford United,2,1,4,4,3,1,1
1986,Peterborough United,Swansea City,1,1,4,4,2,0,0
1986,Preston North End,Colchester United,1,0,4,4,1,1,1
1986,Preston North End,Halifax Town,3,2,4,4,5,1,1
1986,Preston North End,Peterborough United,0,0,4,4,0,0,0
1986,Preston North End,Southend United,2,0,4,4,2,2,1
1986,Preston North End,Wrexham,1,0,4,4,1,1,1
1986,Rochdale,Lincoln City,1,1,4,4,2,0,0
1986,Rochdale,Preston North End,0,2,4,4,2,-2,0
1986,Rochdale,Stockport County,2,1,4,4,3,1,1
1986,Rochdale,Tranmere Rovers,0,1,4,4,1,-1,0
1986,Scunthorpe United,Aldershot,2,0,4,4,2,2,1
1986,Scunthorpe United,Cardiff City,1,3,4,4,4,-2,0
1986,Scunthorpe United,Northampton Town,2,2,4,4,4,0,0
1986,Scunthorpe United,Rochdale,2,0,4,4,2,2,1
1986,Scunthorpe United,Swansea City,3,2,4,4,5,1,1
1986,Southend United,Colchester United,1,1,4,4,2,0,0
1986,Southend United,Halifax Town,2,3,4,4,5,-1,0
1986,Stockport County,Lincoln City,1,0,4,4,1,1,1
1986,Stockport County,Preston North End,1,3,4,4,4,-2,0
1986,Stockport County,Southend United,0,2,4,4,2,-2,0
1986,Swansea City,Northampton Town,2,1,4,4,3,1,1
1986,Swansea City,Rochdale,1,0,4,4,1,1,1
1986,Swansea City,Wolverhampton Wanderers,1,0,4,4,1,1,1
1986,Torquay United,Colchester United,3,1,4,4,4,2,1
1986,Torquay United,Halifax Town,1,0,4,4,1,1,1
1986,Torquay United,Scunthorpe United,2,2,4,4,4,0,0
1986,Torquay United,Swansea City,3,5,4,4,8,-2,0
1986,Tranmere Rovers,Cambridge United,1,1,4,4,2,0,0
1986,Tranmere Rovers,Preston North End,1,1,4,4,2,0,0
1986,Wolverhampton Wanderers,Aldershot,3,0,4,4,3,3,1
1986,Wolverhampton Wanderers,Cardiff City,0,1,4,4,1,-1,0
1986,Wolverhampton Wanderers,Exeter City,2,2,4,4,4,0,0
1986,Wolverhampton Wanderers,Northampton Town,1,1,4,4,2,0,0
1986,Wolverhampton Wanderers,Stockport County,3,1,4,4,4,2,1
1986,Wrexham,Colchester United,0,1,4,4,1,-1,0
1986,Wrexham,Halifax Town,3,1,4,4,4,2,1
1986,Wrexham,Scunthorpe United,1,1,4,4,2,0,0
1986,Wrexham,Swansea City,0,0,4,4,0,0,0
1987,Arsenal,Liverpool,1,2,1,1,3,-1,0
1987,Arsenal,Oxford United,2,0,1,1,2,2,1
1987,Arsenal,Watford,0,1,1,1,1,-1,0
1987,Charlton Athletic,Arsenal,0,3,1,1,3,-3,0
1987,Charlton Athletic,Derby County,0,1,1,1,1,-1,0
1987,Charlton Athletic,Luton Town,1,0,1,1,1,1,1
1987,Charlton Athletic,Norwich City,2,0,1,1,2,2,1
1987,Charlton Athletic,Portsmouth,2,1,1,1,3,1,1
1987,Charlton Athletic,Southampton,1,1,1,1,2,0,0
1987,Charlton Athletic,West Ham United,3,0,1,1,3,3,1
1987,Chelsea,Charlton Athletic,1,1,1,1,2,0,0
1987,Chelsea,Everton,0,0,1,1,0,0,0
1987,Chelsea,Manchester United,1,2,1,1,3,-1,0
1987,Chelsea,Queens Park Rangers,1,1,1,1,2,0,0
1987,Coventry City,Chelsea,3,3,1,1,6,0,0
1987,Coventry City,Liverpool,1,4,1,1,5,-3,0
1987,Coventry City,Sheffield Wednesday,3,0,1,1,3,3,1
1987,Derby County,Coventry City,2,0,1,1,2,2,1
1987,Derby County,Luton Town,1,0,1,1,1,1,1
1987,Derby County,Portsmouth,0,0,1,1,0,0,0
1987,Derby County,West Ham United,1,0,1,1,1,1,1
1987,Everton,Charlton Athletic,1,1,1,1,2,0,0
1987,Everton,Manchester United,2,1,1,1,3,1,1
1987,Everton,Nottingham Forest,1,0,1,1,1,1,1
1987,Everton,Wimbledon,2,2,1,1,4,0,0
1987,Liverpool,Everton,2,0,1,1,2,2,1
1987,Liverpool,Sheffield Wednesday,1,0,1,1,1,1,1
1987,Liverpool,Watford,4,0,1,1,4,4,1
1987,Luton Town,Arsenal,1,1,1,1,2,0,0
1987,Luton Town,Coventry City,0,1,1,1,1,-1,0
1987,Luton Town,Liverpool,0,1,1,1,1,-1,0
1987,Luton Town,Norwich City,1,2,1,1,3,-1,0
1987,Luton Town,Portsmouth,4,1,1,1,5,3,1
1987,Manchester United,Nottingham Forest,2,2,1,1,4,0,0
1987,Manchester United,Wimbledon,2,1,1,1,3,1,1
1987,Newcastle United,Chelsea,3,1,1,1,4,2,1
1987,Newcastle United,Oxford United,3,1,1,1,4,2,1
1987,Newcastle United,Sheffield Wednesday,2,2,1,1,4,0,0
1987,Newcastle United,Watford,3,0,1,1,3,3,1
1987,Norwich City,Coventry City,3,1,1,1,4,2,1
1987,Norwich City,Newcastle United,1,1,1,1,2,0,0
1987,Norwich City,Portsmouth,0,1,1,1,1,-1,0
1987,Norwich City,Southampton,0,1,1,1,1,-1,0
1987,Nottingham Forest,Charlton Athletic,2,2,1,1,4,0,0
1987,Nottingham Forest,Norwich City,2,0,1,1,2,2,1
1987,Nottingham Forest,Tottenham Hotspur,3,0,1,1,3,3,1
1987,Nottingham Forest,Wimbledon,0,0,1,1,0,0,0
1987,Oxford United,Manchester United,0,2,1,1,2,-2,0
1987,Oxford United,Watford,1,1,1,1,2,0,0
1987,Portsmouth,Liverpool,0,2,1,1,2,-2,0
1987,Portsmouth,Newcastle United,1,2,1,1,3,-1,0
1987,Portsmouth,Oxford United,2,2,1,1,4,0,0
1987,Portsmouth,Southampton,2,2,1,1,4,0,0
1987,Portsmouth,West Ham United,2,1,1,1,3,1,1
1987,Queens Park Rangers,Charlton Athletic,2,0,1,1,2,2,1
1987,Queens Park Rangers,Portsmouth,2,1,1,1,3,1,1
1987,Queens Park Rangers,Tottenham Hotspur,2,0,1,1,2,2,1
1987,Queens Park Rangers,Wimbledon,1,0,1,1,1,1,1
1987,Sheffield Wednesday,Manchester United,2,4,1,1,6,-2,0
1987,Southampton,Arsenal,4,2,1,1,6,2,1
1987,Southampton,Liverpool,2,2,1,1,4,0,0
1987,Southampton,Newcastle United,1,1,1,1,2,0,0
1987,Southampton,Oxford United,3,0,1,1,3,3,1
1987,Tottenham Hotspur,Charlton Athletic,0,1,1,1,1,-1,0
1987,Tottenham Hotspur,Norwich City,1,3,1,1,4,-2,0
1987,Tottenham Hotspur,Southampton,2,1,1,1,3,1,1
1987,Tottenham Hotspur,Wimbledon,0,3,1,1,3,-3,0
1987,Watford,Chelsea,0,3,1,1,3,-3,0
1987,Watford,Tottenham Hotspur,1,1,1,1,2,0,0
1987,West Ham United,Arsenal,0,1,1,1,1,-1,0
1987,West Ham United,Coventry City,1,1,1,1,2,0,0
1987,West Ham United,Newcastle United,2,1,1,1,3,1,1
1987,West Ham United,Oxford United,1,1,1,1,2,0,0
1987,Wimbledon,Charlton Athletic,4,1,1,1,5,3,1
1987,Wimbledon,West Ham United,1,1,1,1,2,0,0
1987,AFC Bournemouth,Birmingham City,4,2,2,2,6,2,1
1987,AFC Bournemouth,Crystal Palace,2,3,2,2,5,-1,0
1987,AFC Bournemouth,Ipswich Town,1,1,2,2,2,0,0
1987,AFC Bournemouth,Swindon Town,2,0,2,2,2,2,1
1987,Aston Villa,Bradford City,1,0,2,2,1,1,1
1987,Aston Villa,Hull City,5,0,2,2,5,5,1
1987,Aston Villa,Millwall,1,2,2,2,3,-1,0
1987,Aston Villa,Reading,2,1,2,2,3,1,1
1987,Aston Villa,Stoke City,0,1,2,2,1,-1,0
1987,Barnsley,AFC Bournemouth,2,1,2,2,3,1,1
1987,Barnsley,Blackburn Rovers,0,1,2,2,1,-1,0
1987,Barnsley,Huddersfield Town,1,0,2,2,1,1,1
1987,Barnsley,Leeds United,1,1,2,2,2,0,0
1987,Barnsley,Middlesbrough,0,3,2,2,3,-3,0
1987,Barnsley,Shrewsbury Town,2,1,2,2,3,1,1
1987,Barnsley,West Bromwich Albion,3,1,2,2,4,2,1
1987,Birmingham City,Barnsley,2,0,2,2,2,2,1
1987,Birmingham City,Crystal Palace,0,6,2,2,6,-6,0
1987,Birmingham City,Ipswich Town,1,0,2,2,1,1,1
1987,Blackburn Rovers,Hull City,2,1,2,2,3,1,1
1987,Blackburn Rovers,Reading,1,1,2,2,2,0,0
1987,Blackburn Rovers,Stoke City,2,0,2,2,2,2,1
1987,Bradford City,AFC Bournemouth,2,0,2,2,2,2,1
1987,Bradford City,Birmingham City,4,0,2,2,4,4,1
1987,Bradford City,Huddersfield Town,0,1,2,2,1,-1,0
1987,Bradford City,Leeds United,0,0,2,2,0,0,0
1987,Bradford City,Middlesbrough,2,0,2,2,2,2,1
1987,Bradford City,West Bromwich Albion,4,1,2,2,5,3,1
1987,Huddersfield Town,Hull City,0,2,2,2,2,-2,0
1987,Huddersfield Town,Leicester City,1,0,2,2,1,1,1
1987,Huddersfield Town,Reading,0,2,2,2,2,-2,0
1987,Huddersfield Town,Stoke City,0,3,2,2,3,-3,0
1987,Hull City,AFC Bournemouth,2,1,2,2,3,1,1
1987,Hull City,Birmingham City,2,0,2,2,2,2,1
1987,Hull City,Crystal Palace,2,1,2,2,3,1,1
1987,Ipswich Town,Bradford City,4,0,2,2,4,4,1
1987,Leeds United,Aston Villa,1,3,2,2,4,-2,0
1987,Leeds United,Leicester City,1,0,2,2,1,1,1
1987,Leeds United,Millwall,1,2,2,2,3,-1,0
1987,Leeds United,Stoke City,0,0,2,2,0,0,0
1987,Leicester City,Birmingham City,2,0,2,2,2,2,1
1987,Leicester City,Crystal Palace,4,4,2,2,8,0,0
1987,Leicester City,Ipswich Town,1,1,2,2,2,0,0
1987,Leicester City,Middlesbrough,0,0,2,2,0,0,0
1987,Leicester City,Plymouth Argyle,4,0,2,2,4,4,1
1987,Leicester City,West Bromwich Albion,3,0,2,2,3,3,1
1987,Manchester City,Barnsley,1,1,2,2,2,0,0
1987,Manchester City,Bradford City,2,2,2,2,4,0,0
1987,Manchester City,Sheffield United,2,3,2,2,5,-1,0
1987,Manchester City,Swindon Town,1,1,2,2,2,0,0
1987,Middlesbrough,Aston Villa,2,1,2,2,3,1,1
1987,Middlesbrough,Blackburn Rovers,1,1,2,2,2,0,0
1987,Middlesbrough,Leeds United,2,0,2,2,2,2,1
1987,Middlesbrough,Millwall,1,1,2,2,2,0,0
1987,Middlesbrough,Reading,0,0,2,2,0,0,0
1987,Millwall,Birmingham City,3,1,2,2,4,2,1
1987,Millwall,Ipswich Town,2,1,2,2,3,1,1
1987,Millwall,Manchester City,0,1,2,2,1,-1,0
1987,Millwall,Shrewsbury Town,4,1,2,2,5,3,1
1987,Millwall,West Bromwich Albion,2,0,2,2,2,2,1
1987,Oldham Athletic,Barnsley,1,0,2,2,1,1,1
1987,Oldham Athletic,Bradford City,0,2,2,2,2,-2,0
1987,Oldham Athletic,Millwall,0,0,2,2,0,0,0
1987,Plymouth Argyle,Huddersfield Town,6,1,2,2,7,5,1
1987,Plymouth Argyle,Leeds United,6,3,2,2,9,3,1
1987,Plymouth Argyle,Stoke City,3,0,2,2,3,3,1
1987,Reading,AFC Bournemouth,0,0,2,2,0,0,0
1987,Reading,Birmingham City,1,1,2,2,2,0,0
1987,Reading,Crystal Palace,2,3,2,2,5,-1,0
1987,Reading,Oldham Athletic,3,0,2,2,3,3,1
1987,Reading,Shrewsbury Town,1,0,2,2,1,1,1
1987,Sheffield United,Swindon Town,1,0,2,2,1,1,1
1987,Shrewsbury Town,Blackburn Rovers,1,2,2,2,3,-1,0
1987,Shrewsbury Town,Plymouth Argyle,2,1,2,2,3,1,1
1987,Stoke City,AFC Bournemouth,1,0,2,2,1,1,1
1987,Stoke City,Birmingham City,3,1,2,2,4,2,1
1987,Stoke City,Crystal Palace,1,1,2,2,2,0,0
1987,Stoke City,Ipswich Town,1,2,2,2,3,-1,0
1987,Stoke City,Manchester City,1,3,2,2,4,-2,0
1987,Stoke City,Oldham Athletic,2,2,2,2,4,0,0
1987,Stoke City,Sheffield United,1,0,2,2,1,1,1
1987,Stoke City,West Bromwich Albion,3,0,2,2,3,3,1
1987,Swindon Town,Barnsley,3,0,2,2,3,3,1
1987,Swindon Town,Bradford City,2,2,2,2,4,0,0
1987,Swindon Town,Hull City,0,0,2,2,0,0,0
1987,Swindon Town,Millwall,0,1,2,2,1,-1,0
1987,West Bromwich Albion,Aston Villa,0,2,2,2,2,-2,0
1987,West Bromwich Albion,Leeds United,1,4,2,2,5,-3,0
1987,West Bromwich Albion,Plymouth Argyle,1,0,2,2,1,1,1
1987,Aldershot,Blackpool,0,0,3,3,0,0,0
1987,Aldershot,Bristol City,2,1,3,3,3,1,1
1987,Aldershot,Fulham,0,3,3,3,3,-3,0
1987,Aldershot,Mansfield Town,3,0,3,3,3,3,1
1987,Aldershot,Port Vale,3,0,3,3,3,3,1
1987,Aldershot,Wigan Athletic,3,2,3,3,5,1,1
1987,Blackpool,Brentford,0,1,3,3,1,-1,0
1987,Blackpool,Chesterfield,1,0,3,3,1,1,1
1987,Blackpool,Northampton Town,3,1,3,3,4,2,1
1987,Brentford,Brighton & Hove Albion,1,1,3,3,2,0,0
1987,Brentford,Doncaster Rovers,1,1,3,3,2,0,0
1987,Brentford,Grimsby Town,0,2,3,3,2,-2,0
1987,Brighton & Hove Albion,Aldershot,1,1,3,3,2,0,0
1987,Brighton & Hove Albion,Bristol City,3,2,3,3,5,1,1
1987,Brighton & Hove Albion,Mansfield Town,3,1,3,3,4,2,1
1987,Brighton & Hove Albion,Port Vale,2,0,3,3,2,2,1
1987,Bristol City,Chesterfield,2,1,3,3,3,1,1
1987,Bristol City,Gillingham,3,3,3,3,6,0,0
1987,Bristol City,Northampton Town,2,2,3,3,4,0,0
1987,Bristol City,Preston North End,3,1,3,3,4,2,1
1987,Bristol Rovers,Brentford,0,0,3,3,0,0,0
1987,Bristol Rovers,Bury,0,0,3,3,0,0,0
1987,Bristol Rovers,Doncaster Rovers,4,0,3,3,4,4,1
1987,Bristol Rovers,Grimsby Town,4,2,3,3,6,2,1
1987,Bristol Rovers,Walsall,3,0,3,3,3,3,1
1987,Bury,Aldershot,1,0,3,3,1,1,1
1987,Bury,Brighton & Hove Albion,2,1,3,3,3,1,1
1987,Bury,Mansfield Town,1,0,3,3,1,1,1
1987,Bury,Port Vale,0,1,3,3,1,-1,0
1987,Bury,Southend United,2,2,3,3,4,0,0
1987,Bury,Wigan Athletic,0,2,3,3,2,-2,0
1987,Chester,Bristol City,1,0,3,3,1,1,1
1987,Chester,Northampton Town,0,5,3,3,5,-5,0
1987,Chester,York City,1,0,3,3,1,1,1
1987,Chesterfield,Notts County,2,0,3,3,2,2,1
1987,Doncaster Rovers,Bury,1,2,3,3,3,-1,0
1987,Doncaster Rovers,Port Vale,1,1,3,3,2,0,0
1987,Doncaster Rovers,Southend United,0,1,3,3,1,-1,0
1987,Fulham,Gillingham,0,2,3,3,2,-2,0
1987,Fulham,Preston North End,0,1,3,3,1,-1,0
1987,Grimsby Town,Aldershot,1,1,3,3,2,0,0
1987,Grimsby Town,Brighton & Hove Albion,0,1,3,3,1,-1,0
1987,Grimsby Town,Bury,2,0,3,3,2,2,1
1987,Grimsby Town,Southend United,1,3,3,3,4,-2,0
1987,Grimsby Town,Wigan Athletic,0,2,3,3,2,-2,0
1987,Mansfield Town,Blackpool,0,0,3,3,0,0,0
1987,Mansfield Town,Chester,1,2,3,3,3,-1,0
1987,Mansfield Town,Northampton Town,3,1,3,3,4,2,1
1987,Mansfield Town,Sunderland,0,4,3,3,4,-4,0
1987,Mansfield Town,York City,2,1,3,3,3,1,1
1987,Northampton Town,Bristol Rovers,2,1,3,3,3,1,1
1987,Northampton Town,Gillingham,2,1,3,3,3,1,1
1987,Northampton Town,Notts County,0,1,3,3,1,-1,0
1987,Northampton Town,Rotherham United,0,0,3,3,0,0,0
1987,Northampton Town,Walsall,2,2,3,3,4,0,0
1987,Notts County,Aldershot,2,1,3,3,3,1,1
1987,Notts County,Brighton & Hove Albion,1,2,3,3,3,-1,0
1987,Notts County,Doncaster Rovers,2,0,3,3,2,2,1
1987,Notts County,Grimsby Town,0,0,3,3,0,0,0
1987,Notts County,Wigan Athletic,4,4,3,3,8,0,0
1987,Port Vale,Blackpool,0,0,3,3,0,0,0
1987,Port Vale,Chester,1,1,3,3,2,0,0
1987,Port Vale,Preston North End,3,2,3,3,5,1,1
1987,Port Vale,York City,2,1,3,3,3,1,1
1987,Preston North End,Bristol Rovers,3,1,3,3,4,2,1
1987,Preston North End,Gillingham,1,1,3,3,2,0,0
1987,Preston North End,Walsall,1,0,3,3,1,1,1
1987,Rotherham United,Aldershot,1,0,3,3,1,1,1
1987,Rotherham United,Brighton & Hove Albion,1,0,3,3,1,1,1
1987,Rotherham United,Doncaster Rovers,1,0,3,3,1,1,1
1987,Rotherham United,Grimsby Town,0,0,3,3,0,0,0
1987,Southend United,Chester,2,2,3,3,4,0,0
1987,Sunderland,Preston North End,1,1,3,3,2,0,0
1987,Walsall,Aldershot,2,0,3,3,2,2,1
1987,Walsall,Bury,2,1,3,3,3,1,1
1987,Walsall,Doncaster Rovers,2,1,3,3,3,1,1
1987,Walsall,Grimsby Town,3,2,3,3,5,1,1
1987,Walsall,Rotherham United,5,2,3,3,7,3,1
1987,Wigan Athletic,Blackpool,0,0,3,3,0,0,0
1987,Wigan Athletic,Fulham,1,3,3,3,4,-2,0
1987,Wigan Athletic,Mansfield Town,2,1,3,3,3,1,1
1987,Wigan Athletic,Port Vale,2,0,3,3,2,2,1
1987,Wigan Athletic,Southend United,1,0,3,3,1,1,1
1987,Wigan Athletic,York City,1,1,3,3,2,0,0
1987,York City,Chesterfield,1,0,3,3,1,1,1
1987,York City,Gillingham,0,2,3,3,2,-2,0
1987,York City,Preston North End,1,1,3,3,2,0,0
1987,Bolton Wanderers,Carlisle United,5,0,4,4,5,5,1
1987,Bolton Wanderers,Newport County,6,0,4,4,6,6,1
1987,Bolton Wanderers,Swansea City,1,1,4,4,2,0,0
1987,Burnley,Cambridge United,0,2,4,4,2,-2,0
1987,Burnley,Exeter City,3,0,4,4,3,3,1
1987,Burnley,Peterborough United,1,2,4,4,3,-1,0
1987,Burnley,Torquay United,1,0,4,4,1,1,1
1987,Cambridge United,Crewe Alexandra,4,1,4,4,5,3,1
1987,Cardiff City,Darlington,3,1,4,4,4,2,1
1987,Cardiff City,Hartlepool United,1,1,4,4,2,0,0
1987,Cardiff City,Newport County,4,0,4,4,4,4,1
1987,Cardiff City,Scarborough,2,0,4,4,2,2,1
1987,Cardiff City,Swansea City,1,0,4,4,1,1,1
1987,Carlisle United,Colchester United,4,0,4,4,4,4,1
1987,Carlisle United,Peterborough United,0,2,4,4,2,-2,0
1987,Carlisle United,Torquay United,3,3,4,4,6,0,0
1987,Colchester United,Cambridge United,0,0,4,4,0,0,0
1987,Colchester United,Halifax Town,2,1,4,4,3,1,1
1987,Colchester United,Rochdale,1,0,4,4,1,1,1
1987,Crewe Alexandra,Cardiff City,0,0,4,4,0,0,0
1987,Crewe Alexandra,Newport County,2,1,4,4,3,1,1
1987,Darlington,Burnley,4,2,4,4,6,2,1
1987,Darlington,Carlisle United,2,1,4,4,3,1,1
1987,Darlington,Exeter City,4,1,4,4,5,3,1
1987,Darlington,Hereford United,3,1,4,4,4,2,1
1987,Darlington,Torquay United,1,1,4,4,2,0,0
1987,Darlington,Wrexham,2,1,4,4,3,1,1
1987,Exeter City,Cambridge United,3,0,4,4,3,3,1
1987,Exeter City,Colchester United,0,2,4,4,2,-2,0
1987,Exeter City,Halifax Town,1,2,4,4,3,-1,0
1987,Exeter City,Leyton Orient,2,3,4,4,5,-1,0
1987,Exeter City,Rochdale,1,1,4,4,2,0,0
1987,Exeter City,Stockport County,2,1,4,4,3,1,1
1987,Exeter City,Tranmere Rovers,0,1,4,4,1,-1,0
1987,Halifax Town,Bolton Wanderers,0,0,4,4,0,0,0
1987,Halifax Town,Crewe Alexandra,1,2,4,4,3,-1,0
1987,Halifax Town,Scarborough,2,2,4,4,4,0,0
1987,Halifax Town,Swansea City,3,1,4,4,4,2,1
1987,Halifax Town,Wolverhampton Wanderers,2,1,4,4,3,1,1
1987,Hartlepool United,Burnley,2,1,4,4,3,1,1
1987,Hartlepool United,Carlisle United,0,0,4,4,0,0,0
1987,Hartlepool United,Peterborough United,0,1,4,4,1,-1,0
1987,Hartlepool United,Torquay United,0,0,4,4,0,0,0
1987,Hereford United,Cambridge United,1,0,4,4,1,1,1
1987,Hereford United,Exeter City,1,1,4,4,2,0,0
1987,Hereford United,Leyton Orient,0,3,4,4,3,-3,0
1987,Hereford United,Rochdale,0,0,4,4,0,0,0
1987,Hereford United,Stockport County,0,1,4,4,1,-1,0
1987,Hereford United,Tranmere Rovers,1,1,4,4,2,0,0
1987,Leyton Orient,Bolton Wanderers,1,2,4,4,3,-1,0
1987,Leyton Orient,Cardiff City,4,1,4,4,5,3,1
1987,Leyton Orient,Crewe Alexandra,1,1,4,4,2,0,0
1987,Leyton Orient,Halifax Town,4,1,4,4,5,3,1
1987,Leyton Orient,Newport County,4,1,4,4,5,3,1
1987,Leyton Orient,Swansea City,3,0,4,4,3,3,1
1987,Newport County,Peterborough United,0,4,4,4,4,-4,0
1987,Newport County,Scunthorpe United,1,1,4,4,2,0,0
1987,Peterborough United,Cambridge United,1,0,4,4,1,1,1
1987,Peterborough United,Exeter City,2,1,4,4,3,1,1
1987,Peterborough United,Rochdale,1,1,4,4,2,0,0
1987,Rochdale,Bolton Wanderers,2,2,4,4,4,0,0
1987,Rochdale,Cardiff City,2,2,4,4,4,0,0
1987,Rochdale,Crewe Alexandra,2,2,4,4,4,0,0
1987,Scarborough,Torquay United,1,2,4,4,3,-1,0
1987,Scunthorpe United,Cambridge United,3,2,4,4,5,1,1
1987,Scunthorpe United,Colchester United,2,2,4,4,4,0,0
1987,Scunthorpe United,Stockport County,0,0,4,4,0,0,0
1987,Scunthorpe United,Tranmere Rovers,3,0,4,4,3,3,1
1987,Stockport County,Bolton Wanderers,1,2,4,4,3,-1,0
1987,Stockport County,Leyton Orient,1,2,4,4,3,-1,0
1987,Stockport County,Rochdale,1,1,4,4,2,0,0
1987,Stockport County,Swansea City,0,2,4,4,2,-2,0
1987,Swansea City,Carlisle United,3,1,4,4,4,2,1
1987,Swansea City,Darlington,3,0,4,4,3,3,1
1987,Swansea City,Hartlepool United,2,1,4,4,3,1,1
1987,Swansea City,Newport County,1,2,4,4,3,-1,0
1987,Swansea City,Scarborough,3,0,4,4,3,3,1
1987,Swansea City,Torquay United,1,1,4,4,2,0,0
1987,Swansea City,Wrexham,2,1,4,4,3,1,1
1987,Torquay United,Colchester United,0,0,4,4,0,0,0
1987,Torquay United,Peterborough United,0,0,4,4,0,0,0
1987,Tranmere Rovers,Crewe Alexandra,2,2,4,4,4,0,0
1987,Tranmere Rovers,Leyton Orient,2,1,4,4,3,1,1
1987,Tranmere Rovers,Stockport County,4,0,4,4,4,4,1
1987,Wolverhampton Wanderers,Darlington,5,3,4,4,8,2,1
1987,Wolverhampton Wanderers,Hartlepool United,2,0,4,4,2,2,1
1987,Wrexham,Cambridge United,3,0,4,4,3,3,1
1987,Wrexham,Colchester United,0,1,4,4,1,-1,0
1987,Wrexham,Exeter City,3,0,4,4,3,3,1
1987,Wrexham,Hereford United,0,0,4,4,0,0,0
1987,Wrexham,Peterborough United,3,1,4,4,4,2,1
1987,Wrexham,Torquay United,2,3,4,4,5,-1,0
1988,Arsenal,Aston Villa,2,3,1,1,5,-1,0
1988,Arsenal,Derby County,1,2,1,1,3,-1,0
1988,Arsenal,Luton Town,2,0,1,1,2,2,1
1988,Arsenal,Nottingham Forest,1,3,1,1,4,-2,0
1988,Arsenal,Southampton,2,2,1,1,4,0,0
1988,Aston Villa,Liverpool,1,1,1,1,2,0,0
1988,Aston Villa,Norwich City,3,1,1,1,4,2,1
1988,Aston Villa,West Ham United,0,1,1,1,1,-1,0
1988,Charlton Athletic,Aston Villa,2,2,1,1,4,0,0
1988,Charlton Athletic,Manchester United,1,0,1,1,1,1,1
1988,Charlton Athletic,Newcastle United,2,2,1,1,4,0,0
1988,Charlton Athletic,Queens Park Rangers,1,1,1,1,2,0,0
1988,Coventry City,Derby County,0,2,1,1,2,-2,0
1988,Coventry City,Luton Town,1,0,1,1,1,1,1
1988,Coventry City,Nottingham Forest,2,2,1,1,4,0,0
1988,Coventry City,Southampton,2,1,1,1,3,1,1
1988,Coventry City,Wimbledon,2,1,1,1,3,1,1
1988,Derby County,West Ham United,1,2,1,1,3,-1,0
1988,Everton,Derby County,1,0,1,1,1,1,1
1988,Liverpool,Coventry City,0,0,1,1,0,0,0
1988,Liverpool,Luton Town,5,0,1,1,5,5,1
1988,Luton Town,Everton,1,0,1,1,1,1,1
1988,Luton Town,Norwich City,1,0,1,1,1,1,1
1988,Luton Town,West Ham United,4,1,1,1,5,3,1
1988,Manchester United,Newcastle United,2,0,1,1,2,2,1
1988,Manchester United,Queens Park Rangers,0,0,1,1,0,0,0
1988,Middlesbrough,Arsenal,0,1,1,1,1,-1,0
1988,Middlesbrough,Coventry City,1,1,1,1,2,0,0
1988,Middlesbrough,Millwall,4,2,1,1,6,2,1
1988,Middlesbrough,Southampton,3,3,1,1,6,0,0
1988,Middlesbrough,Wimbledon,1,0,1,1,1,1,1
1988,Millwall,Charlton Athletic,1,0,1,1,1,1,1
1988,Millwall,Manchester United,0,0,1,1,0,0,0
1988,Millwall,Norwich City,2,3,1,1,5,-1,0
1988,Millwall,Sheffield Wednesday,1,0,1,1,1,1,1
1988,Millwall,West Ham United,0,1,1,1,1,-1,0
1988,Newcastle United,Aston Villa,1,2,1,1,3,-1,0
1988,Newcastle United,Luton Town,0,0,1,1,0,0,0
1988,Norwich City,Coventry City,1,2,1,1,3,-1,0
1988,Norwich City,Liverpool,0,1,1,1,1,-1,0
1988,Norwich City,Nottingham Forest,2,1,1,1,3,1,1
1988,Norwich City,Southampton,1,1,1,1,2,0,0
1988,Nottingham Forest,Manchester United,2,0,1,1,2,2,1
1988,Queens Park Rangers,Luton Town,1,1,1,1,2,0,0
1988,Queens Park Rangers,Nottingham Forest,1,2,1,1,3,-1,0
1988,Sheffield Wednesday,Arsenal,2,1,1,1,3,1,1
1988,Sheffield Wednesday,Liverpool,2,2,1,1,4,0,0
1988,Sheffield Wednesday,Middlesbrough,1,0,1,1,1,1,1
1988,Sheffield Wednesday,Norwich City,2,2,1,1,4,0,0
1988,Sheffield Wednesday,Southampton,1,1,1,1,2,0,0
1988,Southampton,Charlton Athletic,2,0,1,1,2,2,1
1988,Southampton,Manchester United,2,1,1,1,3,1,1
1988,Southampton,Queens Park Rangers,1,4,1,1,5,-3,0
1988,Tottenham Hotspur,Luton Town,0,0,1,1,0,0,0
1988,Tottenham Hotspur,Nottingham Forest,1,2,1,1,3,-1,0
1988,Tottenham Hotspur,Southampton,1,2,1,1,3,-1,0
1988,West Ham United,Arsenal,1,4,1,1,5,-3,0
1988,West Ham United,Wimbledon,1,2,1,1,3,-1,0
1988,Wimbledon,Charlton Athletic,1,1,1,1,2,0,0
1988,Wimbledon,Everton,2,1,1,1,3,1,1
1988,Wimbledon,Newcastle United,4,0,1,1,4,4,1
1988,AFC Bournemouth,Birmingham City,0,1,2,2,1,-1,0
1988,AFC Bournemouth,Leicester City,2,1,2,2,3,1,1
1988,AFC Bournemouth,Oxford United,2,1,2,2,3,1,1
1988,AFC Bournemouth,Shrewsbury Town,0,1,2,2,1,-1,0
1988,AFC Bournemouth,Swindon Town,2,3,2,2,5,-1,0
1988,AFC Bournemouth,West Bromwich Albion,2,1,2,2,3,1,1
1988,Barnsley,Manchester City,1,2,2,2,3,-1,0
1988,Barnsley,Walsall,1,0,2,2,1,1,1
1988,Birmingham City,AFC Bournemouth,0,1,2,2,1,-1,0
1988,Birmingham City,Bradford City,1,0,2,2,1,1,1
1988,Birmingham City,Crystal Palace,0,1,2,2,1,-1,0
1988,Birmingham City,Leeds United,0,0,2,2,0,0,0
1988,Birmingham City,Sunderland,3,2,2,2,5,1,1
1988,Blackburn Rovers,Barnsley,2,1,2,2,3,1,1
1988,Blackburn Rovers,Leicester City,0,0,2,2,0,0,0
1988,Blackburn Rovers,Shrewsbury Town,0,1,2,2,1,-1,0
1988,Blackburn Rovers,Swindon Town,0,0,2,2,0,0,0
1988,Blackburn Rovers,West Bromwich Albion,1,2,2,2,3,-1,0
1988,Bradford City,Chelsea,2,2,2,2,4,0,0
1988,Bradford City,Plymouth Argyle,1,1,2,2,2,0,0
1988,Brighton & Hove Albion,Blackburn Rovers,3,0,2,2,3,3,1
1988,Brighton & Hove Albion,Leeds United,2,1,2,2,3,1,1
1988,Brighton & Hove Albion,Oldham Athletic,2,0,2,2,2,2,1
1988,Brighton & Hove Albion,Portsmouth,2,1,2,2,3,1,1
1988,Chelsea,Barnsley,5,3,2,2,8,2,1
1988,Chelsea,Bradford City,3,1,2,2,4,2,1
1988,Chelsea,Leicester City,2,1,2,2,3,1,1
1988,Chelsea,Oxford United,1,1,2,2,2,0,0
1988,Chelsea,Swindon Town,3,2,2,2,5,1,1
1988,Chelsea,West Bromwich Albion,1,1,2,2,2,0,0
1988,Hull City,Portsmouth,1,1,2,2,2,0,0
1988,Hull City,Watford,0,3,2,2,3,-3,0
1988,Ipswich Town,Barnsley,2,0,2,2,2,2,1
1988,Ipswich Town,Bradford City,1,1,2,2,2,0,0
1988,Ipswich Town,Crystal Palace,1,2,2,2,3,-1,0
1988,Ipswich Town,Oxford United,1,2,2,2,3,-1,0
1988,Ipswich Town,West Bromwich Albion,2,1,2,2,3,1,1
1988,Leeds United,Birmingham City,1,0,2,2,1,1,1
1988,Leeds United,Manchester City,1,1,2,2,2,0,0
1988,Leeds United,Stoke City,4,0,2,2,4,4,1
1988,Leeds United,Walsall,1,0,2,2,1,1,1
1988,Leicester City,AFC Bournemouth,0,1,2,2,1,-1,0
1988,Leicester City,Ipswich Town,0,1,2,2,1,-1,0
1988,Leicester City,Oldham Athletic,1,2,2,2,3,-1,0
1988,Leicester City,Sunderland,3,1,2,2,4,2,1
1988,Leicester City,Watford,2,2,2,2,4,0,0
1988,Manchester City,Barnsley,1,2,2,2,3,-1,0
1988,Manchester City,Crystal Palace,1,1,2,2,2,0,0
1988,Manchester City,Leeds United,0,0,2,2,0,0,0
1988,Manchester City,Swindon Town,2,1,2,2,3,1,1
1988,Oldham Athletic,Hull City,2,2,2,2,4,0,0
1988,Oldham Athletic,Leicester City,1,1,2,2,2,0,0
1988,Oldham Athletic,Plymouth Argyle,2,2,2,2,4,0,0
1988,Oxford United,Blackburn Rovers,1,1,2,2,2,0,0
1988,Oxford United,Portsmouth,1,0,2,2,1,1,1
1988,Plymouth Argyle,Bradford City,3,1,2,2,4,2,1
1988,Plymouth Argyle,Oldham Athletic,3,0,2,2,3,3,1
1988,Plymouth Argyle,Swindon Town,4,1,2,2,5,3,1
1988,Portsmouth,Birmingham City,1,0,2,2,1,1,1
1988,Portsmouth,Brighton & Hove Albion,2,0,2,2,2,2,1
1988,Portsmouth,Oxford United,2,1,2,2,3,1,1
1988,Portsmouth,Walsall,1,1,2,2,2,0,0
1988,Shrewsbury Town,AFC Bournemouth,1,0,2,2,1,1,1
1988,Shrewsbury Town,Blackburn Rovers,1,1,2,2,2,0,0
1988,Shrewsbury Town,Manchester City,0,1,2,2,1,-1,0
1988,Shrewsbury Town,Sunderland,0,0,2,2,0,0,0
1988,Shrewsbury Town,Watford,1,1,2,2,2,0,0
1988,Stoke City,Crystal Palace,2,1,2,2,3,1,1
1988,Stoke City,Swindon Town,2,1,2,2,3,1,1
1988,Sunderland,Birmingham City,2,2,2,2,4,0,0
1988,Sunderland,Oxford United,1,0,2,2,1,1,1
1988,Sunderland,Shrewsbury Town,2,1,2,2,3,1,1
1988,Swindon Town,Manchester City,1,2,2,2,3,-1,0
1988,Swindon Town,Plymouth Argyle,1,0,2,2,1,1,1
1988,Swindon Town,Watford,1,1,2,2,2,0,0
1988,Walsall,Barnsley,1,3,2,2,4,-2,0
1988,Walsall,Leeds United,0,3,2,2,3,-3,0
1988,Walsall,Portsmouth,1,1,2,2,2,0,0
1988,Walsall,Sunderland,2,0,2,2,2,2,1
1988,Watford,Birmingham City,1,0,2,2,1,1,1
1988,Watford,Hull City,2,0,2,2,2,2,1
1988,Watford,Oxford United,1,1,2,2,2,0,0
1988,Watford,Shrewsbury Town,0,0,2,2,0,0,0
1988,Watford,Swindon Town,2,3,2,2,5,-1,0
1988,West Bromwich Albion,Blackburn Rovers,2,0,2,2,2,2,1
1988,West Bromwich Albion,Chelsea,2,3,2,2,5,-1,0
1988,West Bromwich Albion,Manchester City,1,0,2,2,1,1,1
1988,West Bromwich Albion,Plymouth Argyle,2,2,2,2,4,0,0
1988,Aldershot,Bolton Wanderers,0,3,3,3,3,-3,0
1988,Aldershot,Bristol Rovers,1,3,3,3,4,-2,0
1988,Aldershot,Gillingham,0,2,3,3,2,-2,0
1988,Aldershot,Wolverhampton Wanderers,1,2,3,3,3,-1,0
1988,Blackpool,Chesterfield,1,2,3,3,3,-1,0
1988,Blackpool,Huddersfield Town,2,1,3,3,3,1,1
1988,Blackpool,Notts County,0,1,3,3,1,-1,0
1988,Bolton Wanderers,Aldershot,1,0,3,3,1,1,1
1988,Bolton Wanderers,Fulham,3,2,3,3,5,1,1
1988,Bolton Wanderers,Mansfield Town,0,0,3,3,0,0,0
1988,Brentford,Blackpool,1,0,3,3,1,1,1
1988,Brentford,Chester,0,1,3,3,1,-1,0
1988,Brentford,Southend United,4,0,3,3,4,4,1
1988,Brentford,Wolverhampton Wanderers,2,2,3,3,4,0,0
1988,Bristol City,Bolton Wanderers,1,1,3,3,2,0,0
1988,Bristol City,Notts County,0,4,3,3,4,-4,0
1988,Bristol City,Reading,2,1,3,3,3,1,1
1988,Bristol City,Swansea City,2,0,3,3,2,2,1
1988,Bristol Rovers,Brentford,1,2,3,3,3,-1,0
1988,Bristol Rovers,Cardiff City,0,1,3,3,1,-1,0
1988,Bristol Rovers,Mansfield Town,0,0,3,3,0,0,0
1988,Bristol Rovers,Sheffield United,1,1,3,3,2,0,0
1988,Bristol Rovers,Wigan Athletic,3,2,3,3,5,1,1
1988,Bury,Chester,2,1,3,3,3,1,1
1988,Bury,Gillingham,1,0,3,3,1,1,1
1988,Bury,Northampton Town,0,1,3,3,1,-1,0
1988,Bury,Preston North End,1,1,3,3,2,0,0
1988,Bury,Southend United,3,1,3,3,4,2,1
1988,Bury,Wolverhampton Wanderers,3,1,3,3,4,2,1
1988,Cardiff City,Bristol Rovers,2,2,3,3,4,0,0
1988,Cardiff City,Chesterfield,0,1,3,3,1,-1,0
1988,Cardiff City,Huddersfield Town,3,0,3,3,3,3,1
1988,Chester,Aldershot,1,1,3,3,2,0,0
1988,Chester,Brentford,3,2,3,3,5,1,1
1988,Chester,Bury,2,0,3,3,2,2,1
1988,Chester,Mansfield Town,0,0,3,3,0,0,0
1988,Chester,Port Vale,1,2,3,3,3,-1,0
1988,Chesterfield,Blackpool,0,2,3,3,2,-2,0
1988,Chesterfield,Bristol City,1,0,3,3,1,1,1
1988,Chesterfield,Northampton Town,1,1,3,3,2,0,0
1988,Chesterfield,Preston North End,0,3,3,3,3,-3,0
1988,Fulham,Bolton Wanderers,1,1,3,3,2,0,0
1988,Fulham,Bristol Rovers,0,2,3,3,2,-2,0
1988,Fulham,Chester,4,1,3,3,5,3,1
1988,Fulham,Swansea City,1,0,3,3,1,1,1
1988,Gillingham,Aldershot,1,1,3,3,2,0,0
1988,Gillingham,Brentford,0,0,3,3,0,0,0
1988,Gillingham,Chesterfield,0,1,3,3,1,-1,0
1988,Gillingham,Sheffield United,2,1,3,3,3,1,1
1988,Gillingham,Wigan Athletic,2,1,3,3,3,1,1
1988,Huddersfield Town,Cardiff City,1,0,3,3,1,1,1
1988,Huddersfield Town,Preston North End,2,0,3,3,2,2,1
1988,Mansfield Town,Chester,2,0,3,3,2,2,1
1988,Mansfield Town,Gillingham,2,1,3,3,3,1,1
1988,Mansfield Town,Reading,2,1,3,3,3,1,1
1988,Mansfield Town,Swansea City,0,0,3,3,0,0,0
1988,Northampton Town,Bury,2,0,3,3,2,2,1
1988,Northampton Town,Chesterfield,3,0,3,3,3,3,1
1988,Northampton Town,Port Vale,1,3,3,3,4,-2,0
1988,Northampton Town,Sheffield United,1,2,3,3,3,-1,0
1988,Notts County,Blackpool,1,1,3,3,2,0,0
1988,Notts County,Bristol City,0,0,3,3,0,0,0
1988,Notts County,Fulham,0,1,3,3,1,-1,0
1988,Port Vale,Bolton Wanderers,2,1,3,3,3,1,1
1988,Port Vale,Northampton Town,1,2,3,3,3,-1,0
1988,Port Vale,Reading,3,0,3,3,3,3,1
1988,Port Vale,Swansea City,2,1,3,3,3,1,1
1988,Preston North End,Brentford,5,3,3,3,8,2,1
1988,Preston North End,Chesterfield,6,0,3,3,6,6,1
1988,Preston North End,Huddersfield Town,1,0,3,3,1,1,1
1988,Preston North End,Sheffield United,2,0,3,3,2,2,1
1988,Preston North End,Wigan Athletic,2,2,3,3,4,0,0
1988,Reading,Cardiff City,3,1,3,3,4,2,1
1988,Reading,Fulham,0,1,3,3,1,-1,0
1988,Reading,Southend United,4,0,3,3,4,4,1
1988,Sheffield United,Bristol Rovers,4,1,3,3,5,3,1
1988,Sheffield United,Chester,6,1,3,3,7,5,1
1988,Sheffield United,Northampton Town,4,0,3,3,4,4,1
1988,Sheffield United,Swansea City,5,1,3,3,6,4,1
1988,Southend United,Aldershot,1,1,3,3,2,0,0
1988,Southend United,Brentford,1,1,3,3,2,0,0
1988,Southend United,Chesterfield,3,1,3,3,4,2,1
1988,Southend United,Reading,2,1,3,3,3,1,1
1988,Swansea City,Blackpool,1,2,3,3,3,-1,0
1988,Swansea City,Fulham,2,0,3,3,2,2,1
1988,Swansea City,Mansfield Town,3,1,3,3,4,2,1
1988,Swansea City,Port Vale,0,0,3,3,0,0,0
1988,Wigan Athletic,Bolton Wanderers,1,1,3,3,2,0,0
1988,Wigan Athletic,Bristol Rovers,3,0,3,3,3,3,1
1988,Wigan Athletic,Gillingham,3,0,3,3,3,3,1
1988,Wigan Athletic,Northampton Town,1,3,3,3,4,-2,0
1988,Wigan Athletic,Southend United,3,0,3,3,3,3,1
1988,Wolverhampton Wanderers,Bury,4,0,3,3,4,4,1
1988,Wolverhampton Wanderers,Huddersfield Town,4,1,3,3,5,3,1
1988,Wolverhampton Wanderers,Reading,2,1,3,3,3,1,1
1988,Burnley,Carlisle United,0,0,4,4,0,0,0
1988,Burnley,Grimsby Town,1,0,4,4,1,1,1
1988,Burnley,Torquay United,1,0,4,4,1,1,1
1988,Cambridge United,Colchester United,3,1,4,4,4,2,1
1988,Cambridge United,Halifax Town,2,1,4,4,3,1,1
1988,Cambridge United,Tranmere Rovers,1,1,4,4,2,0,0
1988,Carlisle United,Exeter City,1,0,4,4,1,1,1
1988,Carlisle United,Lincoln City,2,1,4,4,3,1,1
1988,Colchester United,Darlington,1,2,4,4,3,-1,0
1988,Colchester United,Peterborough United,1,2,4,4,3,-1,0
1988,Colchester United,Scarborough,3,1,4,4,4,2,1
1988,Colchester United,York City,1,0,4,4,1,1,1
1988,Crewe Alexandra,Doncaster Rovers,0,2,4,4,2,-2,0
1988,Crewe Alexandra,Leyton Orient,2,1,4,4,3,1,1
1988,Crewe Alexandra,Rochdale,3,1,4,4,4,2,1
1988,Crewe Alexandra,Scunthorpe United,3,2,4,4,5,1,1
1988,Darlington,Colchester United,1,2,4,4,3,-1,0
1988,Darlington,Exeter City,2,2,4,4,4,0,0
1988,Darlington,Hartlepool United,0,0,4,4,0,0,0
1988,Darlington,Lincoln City,2,1,4,4,3,1,1
1988,Doncaster Rovers,Cambridge United,1,1,4,4,2,0,0
1988,Doncaster Rovers,Grimsby Town,2,3,4,4,5,-1,0
1988,Doncaster Rovers,Scarborough,3,1,4,4,4,2,1
1988,Exeter City,Darlington,2,1,4,4,3,1,1
1988,Exeter City,Leyton Orient,1,1,4,4,2,0,0
1988,Exeter City,Rochdale,5,1,4,4,6,4,1
1988,Exeter City,Scunthorpe United,2,2,4,4,4,0,0
1988,Exeter City,Tranmere Rovers,0,1,4,4,1,-1,0
1988,Grimsby Town,Burnley,1,0,4,4,1,1,1
1988,Grimsby Town,Hartlepool United,3,0,4,4,3,3,1
1988,Grimsby Town,Rotherham United,0,4,4,4,4,-4,0
1988,Halifax Town,Cambridge United,0,0,4,4,0,0,0
1988,Halifax Town,Crewe Alexandra,0,1,4,4,1,-1,0
1988,Halifax Town,Hereford United,2,2,4,4,4,0,0
1988,Halifax Town,Torquay United,2,0,4,4,2,2,1
1988,Hartlepool United,Darlington,2,1,4,4,3,1,1
1988,Hartlepool United,Rochdale,0,1,4,4,1,-1,0
1988,Hartlepool United,Scunthorpe United,0,2,4,4,2,-2,0
1988,Hartlepool United,Tranmere Rovers,2,2,4,4,4,0,0
1988,Hereford United,Burnley,0,0,4,4,0,0,0
1988,Hereford United,Colchester United,1,1,4,4,2,0,0
1988,Hereford United,Lincoln City,3,2,4,4,5,1,1
1988,Hereford United,Rotherham United,1,1,4,4,2,0,0
1988,Hereford United,Wrexham,0,0,4,4,0,0,0
1988,Leyton Orient,Cambridge United,1,1,4,4,2,0,0
1988,Leyton Orient,Crewe Alexandra,0,0,4,4,0,0,0
1988,Leyton Orient,Hartlepool United,4,3,4,4,7,1,1
1988,Leyton Orient,Peterborough United,1,2,4,4,3,-1,0
1988,Leyton Orient,Scarborough,2,3,4,4,5,-1,0
1988,Peterborough United,Burnley,3,0,4,4,3,3,1
1988,Peterborough United,Colchester United,3,0,4,4,3,3,1
1988,Peterborough United,Doncaster Rovers,2,0,4,4,2,2,1
1988,Peterborough United,Halifax Town,2,1,4,4,3,1,1
1988,Peterborough United,Leyton Orient,0,1,4,4,1,-1,0
1988,Peterborough United,Rotherham United,0,3,4,4,3,-3,0
1988,Peterborough United,Stockport County,1,0,4,4,1,1,1
1988,Rochdale,Exeter City,2,1,4,4,3,1,1
1988,Rochdale,Hartlepool United,0,0,4,4,0,0,0
1988,Rochdale,Lincoln City,2,2,4,4,4,0,0
1988,Rochdale,Scarborough,2,1,4,4,3,1,1
1988,Rochdale,York City,2,0,4,4,2,2,1
1988,Rotherham United,Carlisle United,2,1,4,4,3,1,1
1988,Rotherham United,Darlington,1,2,4,4,3,-1,0
1988,Rotherham United,Grimsby Town,1,0,4,4,1,1,1
1988,Rotherham United,Hereford United,6,0,4,4,6,6,1
1988,Rotherham United,Scunthorpe United,3,3,4,4,6,0,0
1988,Scarborough,Burnley,1,0,4,4,1,1,1
1988,Scarborough,Colchester United,0,0,4,4,0,0,0
1988,Scarborough,Doncaster Rovers,2,0,4,4,2,2,1
1988,Scarborough,Halifax Town,3,1,4,4,4,2,1
1988,Scarborough,Leyton Orient,0,0,4,4,0,0,0
1988,Scarborough,Stockport County,1,1,4,4,2,0,0
1988,Scarborough,Wrexham,0,3,4,4,3,-3,0
1988,Scunthorpe United,Crewe Alexandra,2,2,4,4,4,0,0
1988,Scunthorpe United,Exeter City,2,0,4,4,2,2,1
1988,Scunthorpe United,Hartlepool United,1,1,4,4,2,0,0
1988,Scunthorpe United,Rotherham United,0,0,4,4,0,0,0
1988,Stockport County,Carlisle United,1,1,4,4,2,0,0
1988,Stockport County,Grimsby Town,3,1,4,4,4,2,1
1988,Stockport County,Hereford United,1,2,4,4,3,-1,0
1988,Stockport County,Peterborough United,1,2,4,4,3,-1,0
1988,Torquay United,Burnley,2,0,4,4,2,2,1
1988,Torquay United,Colchester United,1,3,4,4,4,-2,0
1988,Torquay United,Halifax Town,0,2,4,4,2,-2,0
1988,Torquay United,Scunthorpe United,0,2,4,4,2,-2,0
1988,Torquay United,Wrexham,0,0,4,4,0,0,0
1988,Tranmere Rovers,Cambridge United,1,2,4,4,3,-1,0
1988,Tranmere Rovers,Crewe Alexandra,1,1,4,4,2,0,0
1988,Tranmere Rovers,Rotherham United,0,0,4,4,0,0,0
1988,Tranmere Rovers,York City,0,1,4,4,1,-1,0
1988,Wrexham,Grimsby Town,1,2,4,4,3,-1,0
1988,York City,Doncaster Rovers,1,1,4,4,2,0,0
1988,York City,Halifax Town,5,3,4,4,8,2,1
1988,York City,Leyton Orient,1,1,4,4,2,0,0
1988,York City,Scunthorpe United,1,2,4,4,3,-1,0
1988,York City,Tranmere Rovers,0,1,4,4,1,-1,0
1989,Arsenal,Charlton Athletic,1,0,1,1,1,1,1
1989,Arsenal,Crystal Palace,4,1,1,1,5,3,1
1989,Arsenal,Liverpool,1,1,1,1,2,0,0
1989,Arsenal,Manchester United,1,0,1,1,1,1,1
1989,Arsenal,Nottingham Forest,3,0,1,1,3,3,1
1989,Arsenal,Southampton,2,1,1,1,3,1,1
1989,Aston Villa,Arsenal,2,1,1,1,3,1,1
1989,Aston Villa,Coventry City,4,1,1,1,5,3,1
1989,Aston Villa,Manchester City,1,2,1,1,3,-1,0
1989,Aston Villa,Sheffield Wednesday,1,0,1,1,1,1,1
1989,Charlton Athletic,Derby County,0,0,1,1,0,0,0
1989,Charlton Athletic,Millwall,1,1,1,1,2,0,0
1989,Chelsea,Nottingham Forest,2,2,1,1,4,0,0
1989,Coventry City,Arsenal,0,1,1,1,1,-1,0
1989,Coventry City,Chelsea,3,2,1,1,5,1,1
1989,Coventry City,Sheffield Wednesday,1,4,1,1,5,-3,0
1989,Crystal Palace,Charlton Athletic,2,0,1,1,2,2,1
1989,Crystal Palace,Millwall,4,3,1,1,7,1,1
1989,Crystal Palace,Queens Park Rangers,0,3,1,1,3,-3,0
1989,Crystal Palace,Tottenham Hotspur,2,3,1,1,5,-1,0
1989,Derby County,Southampton,0,1,1,1,1,-1,0
1989,Everton,Chelsea,0,1,1,1,1,-1,0
1989,Everton,Manchester City,0,0,1,1,0,0,0
1989,Everton,Norwich City,3,1,1,1,4,2,1
1989,Everton,Sheffield Wednesday,2,0,1,1,2,2,1
1989,Liverpool,Charlton Athletic,1,0,1,1,1,1,1
1989,Liverpool,Millwall,1,0,1,1,1,1,1
1989,Luton Town,Everton,2,2,1,1,4,0,0
1989,Luton Town,Nottingham Forest,1,1,1,1,2,0,0
1989,Luton Town,Southampton,1,1,1,1,2,0,0
1989,Manchester City,Arsenal,1,1,1,1,2,0,0
1989,Manchester City,Luton Town,3,1,1,1,4,2,1
1989,Manchester City,Wimbledon,1,1,1,1,2,0,0
1989,Manchester United,Liverpool,1,2,1,1,3,-1,0
1989,Manchester United,Millwall,5,1,1,1,6,4,1
1989,Manchester United,Queens Park Rangers,0,0,1,1,0,0,0
1989,Millwall,Aston Villa,2,0,1,1,2,2,1
1989,Millwall,Everton,1,2,1,1,3,-1,0
1989,Millwall,Nottingham Forest,1,0,1,1,1,1,1
1989,Norwich City,Arsenal,2,2,1,1,4,0,0
1989,Norwich City,Millwall,1,1,1,1,2,0,0
1989,Nottingham Forest,Charlton Athletic,2,0,1,1,2,2,1
1989,Nottingham Forest,Crystal Palace,3,1,1,1,4,2,1
1989,Nottingham Forest,Liverpool,2,2,1,1,4,0,0
1989,Nottingham Forest,Tottenham Hotspur,1,3,1,1,4,-2,0
1989,Queens Park Rangers,Aston Villa,1,1,1,1,2,0,0
1989,Queens Park Rangers,Southampton,1,4,1,1,5,-3,0
1989,Sheffield Wednesday,Chelsea,1,1,1,1,2,0,0
1989,Sheffield Wednesday,Derby County,1,0,1,1,1,1,1
1989,Sheffield Wednesday,Millwall,1,1,1,1,2,0,0
1989,Sheffield Wednesday,Wimbledon,0,1,1,1,1,-1,0
1989,Southampton,Charlton Athletic,3,2,1,1,5,1,1
1989,Southampton,Liverpool,4,1,1,1,5,3,1
1989,Southampton,Manchester United,0,2,1,1,2,-2,0
1989,Southampton,Nottingham Forest,2,0,1,1,2,2,1
1989,Tottenham Hotspur,Manchester City,1,1,1,1,2,0,0
1989,Tottenham Hotspur,Norwich City,4,0,1,1,4,4,1
1989,Tottenham Hotspur,Sheffield Wednesday,3,0,1,1,3,3,1
1989,Wimbledon,Arsenal,1,0,1,1,1,1,1
1989,Wimbledon,Chelsea,0,1,1,1,1,-1,0
1989,Wimbledon,Luton Town,1,2,1,1,3,-1,0
1989,Wimbledon,Queens Park Rangers,0,0,1,1,0,0,0
1989,Wimbledon,Tottenham Hotspur,1,0,1,1,1,1,1
1989,AFC Bournemouth,Bradford City,1,0,2,2,1,1,1
1989,AFC Bournemouth,Oxford United,0,1,2,2,1,-1,0
1989,AFC Bournemouth,Portsmouth,0,1,2,2,1,-1,0
1989,AFC Bournemouth,Sunderland,0,1,2,2,1,-1,0
1989,AFC Bournemouth,West Bromwich Albion,1,1,2,2,2,0,0
1989,Barnsley,AFC Bournemouth,0,1,2,2,1,-1,0
1989,Barnsley,Leeds United,1,0,2,2,1,1,1
1989,Barnsley,Newcastle United,1,1,2,2,2,0,0
1989,Barnsley,Plymouth Argyle,1,1,2,2,2,0,0
1989,Barnsley,West Ham United,1,1,2,2,2,0,0
1989,Blackburn Rovers,Barnsley,5,0,2,2,5,5,1
1989,Blackburn Rovers,Stoke City,3,0,2,2,3,3,1
1989,Blackburn Rovers,Watford,2,2,2,2,4,0,0
1989,Bradford City,Blackburn Rovers,0,1,2,2,1,-1,0
1989,Bradford City,Ipswich Town,1,0,2,2,1,1,1
1989,Bradford City,Portsmouth,1,1,2,2,2,0,0
1989,Bradford City,Sunderland,0,1,2,2,1,-1,0
1989,Brighton & Hove Albion,Bradford City,2,1,2,2,3,1,1
1989,Brighton & Hove Albion,Leeds United,2,2,2,2,4,0,0
1989,Brighton & Hove Albion,Newcastle United,0,3,2,2,3,-3,0
1989,Brighton & Hove Albion,Plymouth Argyle,2,1,2,2,3,1,1
1989,Brighton & Hove Albion,Swindon Town,1,2,2,2,3,-1,0
1989,Hull City,Barnsley,1,2,2,2,3,-1,0
1989,Hull City,Brighton & Hove Albion,0,2,2,2,2,-2,0
1989,Hull City,Oldham Athletic,0,0,2,2,0,0,0
1989,Hull City,Watford,0,0,2,2,0,0,0
1989,Hull City,Wolverhampton Wanderers,2,0,2,2,2,2,1
1989,Ipswich Town,Blackburn Rovers,3,1,2,2,4,2,1
1989,Ipswich Town,Hull City,0,1,2,2,1,-1,0
1989,Ipswich Town,Middlesbrough,3,0,2,2,3,3,1
1989,Ipswich Town,Sunderland,1,1,2,2,2,0,0
1989,Leeds United,AFC Bournemouth,3,0,2,2,3,3,1
1989,Leeds United,Newcastle United,1,0,2,2,1,1,1
1989,Leeds United,Plymouth Argyle,2,1,2,2,3,1,1
1989,Leicester City,Barnsley,2,2,2,2,4,0,0
1989,Leicester City,Leeds United,4,3,2,2,7,1,1
1989,Leicester City,Oldham Athletic,3,0,2,2,3,3,1
1989,Leicester City,Port Vale,2,0,2,2,2,2,1
1989,Leicester City,Watford,1,1,2,2,2,0,0
1989,Middlesbrough,Oxford United,1,0,2,2,1,1,1
1989,Middlesbrough,Sunderland,3,0,2,2,3,3,1
1989,Middlesbrough,West Bromwich Albion,0,0,2,2,0,0,0
1989,Newcastle United,Ipswich Town,2,1,2,2,3,1,1
1989,Newcastle United,Middlesbrough,2,2,2,2,4,0,0
1989,Newcastle United,Sheffield United,2,0,2,2,2,2,1
1989,Newcastle United,West Ham United,2,1,2,2,3,1,1
1989,Oldham Athletic,Barnsley,2,0,2,2,2,2,1
1989,Oldham Athletic,Leeds United,3,1,2,2,4,2,1
1989,Oldham Athletic,Newcastle United,1,1,2,2,2,0,0
1989,Oldham Athletic,Port Vale,2,1,2,2,3,1,1
1989,Oldham Athletic,Watford,1,1,2,2,2,0,0
1989,Oxford United,Hull City,0,0,2,2,0,0,0
1989,Oxford United,Leicester City,4,2,2,2,6,2,1
1989,Plymouth Argyle,Bradford City,1,1,2,2,2,0,0
1989,Plymouth Argyle,Ipswich Town,1,0,2,2,1,1,1
1989,Plymouth Argyle,Middlesbrough,1,2,2,2,3,-1,0
1989,Port Vale,Newcastle United,1,2,2,2,3,-1,0
1989,Port Vale,Watford,1,0,2,2,1,1,1
1989,Port Vale,Wolverhampton Wanderers,3,1,2,2,4,2,1
1989,Portsmouth,Hull City,2,2,2,2,4,0,0
1989,Portsmouth,Port Vale,2,0,2,2,2,2,1
1989,Portsmouth,Sunderland,3,3,2,2,6,0,0
1989,Portsmouth,West Bromwich Albion,1,1,2,2,2,0,0
1989,Sheffield United,AFC Bournemouth,4,2,2,2,6,2,1
1989,Sheffield United,Bradford City,1,1,2,2,2,0,0
1989,Sheffield United,Middlesbrough,1,0,2,2,1,1,1
1989,Sheffield United,Portsmouth,2,1,2,2,3,1,1
1989,Stoke City,Barnsley,0,1,2,2,1,-1,0
1989,Stoke City,Brighton & Hove Albion,3,2,2,2,5,1,1
1989,Stoke City,Leeds United,1,1,2,2,2,0,0
1989,Stoke City,Sheffield United,0,1,2,2,1,-1,0
1989,Stoke City,Watford,2,2,2,2,4,0,0
1989,Sunderland,Hull City,0,1,2,2,1,-1,0
1989,Sunderland,Stoke City,2,1,2,2,3,1,1
1989,Swindon Town,Ipswich Town,3,0,2,2,3,3,1
1989,Swindon Town,Middlesbrough,1,1,2,2,2,0,0
1989,Swindon Town,Oxford United,3,0,2,2,3,3,1
1989,Swindon Town,Portsmouth,2,2,2,2,4,0,0
1989,Swindon Town,West Ham United,2,2,2,2,4,0,0
1989,Watford,Brighton & Hove Albion,4,2,2,2,6,2,1
1989,Watford,Swindon Town,0,2,2,2,2,-2,0
1989,Watford,Wolverhampton Wanderers,3,1,2,2,4,2,1
1989,West Bromwich Albion,Hull City,1,1,2,2,2,0,0
1989,West Bromwich Albion,Leicester City,0,1,2,2,1,-1,0
1989,West Bromwich Albion,Port Vale,2,3,2,2,5,-1,0
1989,West Bromwich Albion,Stoke City,1,1,2,2,2,0,0
1989,West Bromwich Albion,Watford,2,0,2,2,2,2,1
1989,West Ham United,AFC Bournemouth,4,1,2,2,5,3,1
1989,West Ham United,Bradford City,2,0,2,2,2,2,1
1989,West Ham United,Middlesbrough,2,0,2,2,2,2,1
1989,West Ham United,Portsmouth,2,1,2,2,3,1,1
1989,West Ham United,Sunderland,5,0,2,2,5,5,1
1989,Wolverhampton Wanderers,Brighton & Hove Albion,2,4,2,2,6,-2,0
1989,Wolverhampton Wanderers,Newcastle United,0,1,2,2,1,-1,0
1989,Birmingham City,Brentford,0,1,3,3,1,-1,0
1989,Birmingham City,Notts County,1,2,3,3,3,-1,0
1989,Birmingham City,Tranmere Rovers,2,1,3,3,3,1,1
1989,Blackpool,Fulham,0,1,3,3,1,-1,0
1989,Blackpool,Mansfield Town,3,1,3,3,4,2,1
1989,Blackpool,Preston North End,2,2,3,3,4,0,0
1989,Blackpool,Shrewsbury Town,0,1,3,3,1,-1,0
1989,Blackpool,Walsall,4,3,3,3,7,1,1
1989,Bolton Wanderers,Blackpool,2,0,3,3,2,2,1
1989,Bolton Wanderers,Bristol Rovers,1,0,3,3,1,1,1
1989,Bolton Wanderers,Chester,1,0,3,3,1,1,1
1989,Bolton Wanderers,Huddersfield Town,2,2,3,3,4,0,0
1989,Bolton Wanderers,Reading,3,0,3,3,3,3,1
1989,Bolton Wanderers,Swansea City,0,0,3,3,0,0,0
1989,Bolton Wanderers,Wigan Athletic,3,2,3,3,5,1,1
1989,Brentford,Bolton Wanderers,1,2,3,3,3,-1,0
1989,Brentford,Bury,0,1,3,3,1,-1,0
1989,Brentford,Rotherham United,4,2,3,3,6,2,1
1989,Bristol City,Birmingham City,1,0,3,3,1,1,1
1989,Bristol City,Fulham,5,1,3,3,6,4,1
1989,Bristol City,Walsall,4,0,3,3,4,4,1
1989,Bristol Rovers,Huddersfield Town,2,2,3,3,4,0,0
1989,Bristol Rovers,Reading,0,0,3,3,0,0,0
1989,Bury,Bolton Wanderers,2,0,3,3,2,2,1
1989,Bury,Crewe Alexandra,0,3,3,3,3,-3,0
1989,Bury,Leyton Orient,2,0,3,3,2,2,1
1989,Bury,Notts County,3,2,3,3,5,1,1
1989,Cardiff City,Brentford,2,2,3,3,4,0,0
1989,Cardiff City,Bury,3,1,3,3,4,2,1
1989,Cardiff City,Mansfield Town,1,0,3,3,1,1,1
1989,Cardiff City,Preston North End,3,0,3,3,3,3,1
1989,Cardiff City,Walsall,3,1,3,3,4,2,1
1989,Chester,Blackpool,2,0,3,3,2,2,1
1989,Chester,Huddersfield Town,2,1,3,3,3,1,1
1989,Chester,Northampton Town,0,1,3,3,1,-1,0
1989,Chester,Reading,1,1,3,3,2,0,0
1989,Chester,Wigan Athletic,0,0,3,3,0,0,0
1989,Crewe Alexandra,Bolton Wanderers,2,2,3,3,4,0,0
1989,Crewe Alexandra,Bristol Rovers,1,0,3,3,1,1,1
1989,Crewe Alexandra,Chester,0,0,3,3,0,0,0
1989,Crewe Alexandra,Leyton Orient,0,1,3,3,1,-1,0
1989,Fulham,Crewe Alexandra,1,1,3,3,2,0,0
1989,Fulham,Walsall,0,0,3,3,0,0,0
1989,Huddersfield Town,Blackpool,2,2,3,3,4,0,0
1989,Huddersfield Town,Cardiff City,2,3,3,3,5,-1,0
1989,Huddersfield Town,Fulham,0,1,3,3,1,-1,0
1989,Huddersfield Town,Northampton Town,2,2,3,3,4,0,0
1989,Huddersfield Town,Swansea City,1,0,3,3,1,1,1
1989,Leyton Orient,Bolton Wanderers,0,0,3,3,0,0,0
1989,Leyton Orient,Bristol Rovers,0,1,3,3,1,-1,0
1989,Leyton Orient,Chester,0,3,3,3,3,-3,0
1989,Leyton Orient,Notts County,0,1,3,3,1,-1,0
1989,Leyton Orient,Rotherham United,1,1,3,3,2,0,0
1989,Mansfield Town,Preston North End,2,2,3,3,4,0,0
1989,Mansfield Town,Walsall,0,2,3,3,2,-2,0
1989,Northampton Town,Blackpool,4,2,3,3,6,2,1
1989,Northampton Town,Fulham,2,2,3,3,4,0,0
1989,Northampton Town,Mansfield Town,1,2,3,3,3,-1,0
1989,Northampton Town,Swansea City,1,1,3,3,2,0,0
1989,Northampton Town,Wigan Athletic,1,1,3,3,2,0,0
1989,Notts County,Bolton Wanderers,2,1,3,3,3,1,1
1989,Notts County,Chester,0,0,3,3,0,0,0
1989,Notts County,Northampton Town,3,2,3,3,5,1,1
1989,Notts County,Rotherham United,2,0,3,3,2,2,1
1989,Preston North End,Birmingham City,2,2,3,3,4,0,0
1989,Preston North End,Leyton Orient,0,3,3,3,3,-3,0
1989,Preston North End,Notts County,2,4,3,3,6,-2,0
1989,Preston North End,Shrewsbury Town,2,1,3,3,3,1,1
1989,Preston North End,Walsall,2,0,3,3,2,2,1
1989,Reading,Blackpool,1,1,3,3,2,0,0
1989,Reading,Bristol City,1,1,3,3,2,0,0
1989,Reading,Cardiff City,0,1,3,3,1,-1,0
1989,Rotherham United,Chester,5,0,3,3,5,5,1
1989,Rotherham United,Huddersfield Town,0,0,3,3,0,0,0
1989,Rotherham United,Northampton Town,2,0,3,3,2,2,1
1989,Shrewsbury Town,Birmingham City,2,0,3,3,2,2,1
1989,Shrewsbury Town,Brentford,1,0,3,3,1,1,1
1989,Shrewsbury Town,Bury,3,1,3,3,4,2,1
1989,Shrewsbury Town,Crewe Alexandra,0,0,3,3,0,0,0
1989,Shrewsbury Town,Notts County,2,2,3,3,4,0,0
1989,Shrewsbury Town,Walsall,2,0,3,3,2,2,1
1989,Swansea City,Blackpool,0,0,3,3,0,0,0
1989,Swansea City,Bristol City,0,5,3,3,5,-5,0
1989,Swansea City,Cardiff City,0,1,3,3,1,-1,0
1989,Swansea City,Fulham,4,2,3,3,6,2,1
1989,Swansea City,Preston North End,2,1,3,3,3,1,1
1989,Swansea City,Wigan Athletic,3,0,3,3,3,3,1
1989,Tranmere Rovers,Bolton Wanderers,1,3,3,3,4,-2,0
1989,Tranmere Rovers,Chester,0,0,3,3,0,0,0
1989,Tranmere Rovers,Reading,3,1,3,3,4,2,1
1989,Walsall,Brentford,2,1,3,3,3,1,1
1989,Walsall,Bury,2,2,3,3,4,0,0
1989,Walsall,Crewe Alexandra,1,1,3,3,2,0,0
1989,Walsall,Notts County,2,2,3,3,4,0,0
1989,Walsall,Tranmere Rovers,2,1,3,3,3,1,1
1989,Wigan Athletic,Blackpool,1,1,3,3,2,0,0
1989,Wigan Athletic,Fulham,2,1,3,3,3,1,1
1989,Wigan Athletic,Mansfield Town,4,0,3,3,4,4,1
1989,Wigan Athletic,Preston North End,0,1,3,3,1,-1,0
1989,Wigan Athletic,Shrewsbury Town,0,0,3,3,0,0,0
1989,Wigan Athletic,Walsall,3,0,3,3,3,3,1
1989,Aldershot,Doncaster Rovers,1,1,4,4,2,0,0
1989,Aldershot,Grimsby Town,0,0,4,4,0,0,0
1989,Burnley,Chesterfield,0,0,4,4,0,0,0
1989,Burnley,Halifax Town,1,0,4,4,1,1,1
1989,Burnley,Wrexham,2,3,4,4,5,-1,0
1989,Cambridge United,Burnley,0,1,4,4,1,-1,0
1989,Cambridge United,Gillingham,2,1,4,4,3,1,1
1989,Cambridge United,Hartlepool United,2,1,4,4,3,1,1
1989,Carlisle United,Grimsby Town,1,1,4,4,2,0,0
1989,Carlisle United,Hereford United,2,1,4,4,3,1,1
1989,Chesterfield,Carlisle United,3,0,4,4,3,3,1
1989,Chesterfield,Halifax Town,4,3,4,4,7,1,1
1989,Chesterfield,Rochdale,2,1,4,4,3,1,1
1989,Chesterfield,Southend United,1,1,4,4,2,0,0
1989,Chesterfield,Wrexham,3,0,4,4,3,3,1
1989,Colchester United,Burnley,1,2,4,4,3,-1,0
1989,Colchester United,Gillingham,2,0,4,4,2,2,1
1989,Colchester United,Hartlepool United,3,1,4,4,4,2,1
1989,Colchester United,Scarborough,0,0,4,4,0,0,0
1989,Colchester United,York City,0,2,4,4,2,-2,0
1989,Doncaster Rovers,Grimsby Town,0,0,4,4,0,0,0
1989,Doncaster Rovers,Hereford United,0,1,4,4,1,-1,0
1989,Doncaster Rovers,Torquay United,2,1,4,4,3,1,1
1989,Exeter City,Halifax Town,2,0,4,4,2,2,1
1989,Exeter City,Lincoln City,3,0,4,4,3,3,1
1989,Exeter City,Rochdale,5,0,4,4,5,5,1
1989,Exeter City,Southend United,2,1,4,4,3,1,1
1989,Exeter City,Wrexham,1,1,4,4,2,0,0
1989,Gillingham,Burnley,0,0,4,4,0,0,0
1989,Gillingham,Exeter City,1,1,4,4,2,0,0
1989,Gillingham,Stockport County,0,3,4,4,3,-3,0
1989,Grimsby Town,Cambridge United,0,0,4,4,0,0,0
1989,Grimsby Town,Colchester United,4,1,4,4,5,3,1
1989,Grimsby Town,Gillingham,2,0,4,4,2,2,1
1989,Grimsby Town,Peterborough United,1,2,4,4,3,-1,0
1989,Grimsby Town,Torquay United,0,0,4,4,0,0,0
1989,Halifax Town,Aldershot,4,1,4,4,5,3,1
1989,Halifax Town,Southend United,1,2,4,4,3,-1,0
1989,Halifax Town,Wrexham,4,2,4,4,6,2,1
1989,Hartlepool United,Burnley,3,0,4,4,3,3,1
1989,Hartlepool United,Chesterfield,3,1,4,4,4,2,1
1989,Hartlepool United,Exeter City,0,3,4,4,3,-3,0
1989,Hartlepool United,Halifax Town,2,0,4,4,2,2,1
1989,Hartlepool United,Scarborough,4,1,4,4,5,3,1
1989,Hartlepool United,Stockport County,5,0,4,4,5,5,1
1989,Hereford United,Colchester United,2,0,4,4,2,2,1
1989,Hereford United,Gillingham,1,2,4,4,3,-1,0
1989,Hereford United,Hartlepool United,4,1,4,4,5,3,1
1989,Hereford United,Scunthorpe United,1,2,4,4,3,-1,0
1989,Hereford United,Torquay United,0,0,4,4,0,0,0
1989,Lincoln City,Grimsby Town,1,1,4,4,2,0,0
1989,Lincoln City,Rochdale,1,2,4,4,3,-1,0
1989,Lincoln City,Southend United,2,0,4,4,2,2,1
1989,Maidstone United,Chesterfield,0,1,4,4,1,-1,0
1989,Maidstone United,Exeter City,1,0,4,4,1,1,1
1989,Maidstone United,Halifax Town,1,2,4,4,3,-1,0
1989,Maidstone United,Lincoln City,2,0,4,4,2,2,1
1989,Maidstone United,Scarborough,4,1,4,4,5,3,1
1989,Maidstone United,Stockport County,0,1,4,4,1,-1,0
1989,Peterborough United,Gillingham,1,1,4,4,2,0,0
1989,Peterborough United,Maidstone United,1,0,4,4,1,1,1
1989,Peterborough United,Torquay United,1,1,4,4,2,0,0
1989,Rochdale,Grimsby Town,0,1,4,4,1,-1,0
1989,Rochdale,Southend United,0,1,4,4,1,-1,0
1989,Rochdale,Wrexham,0,3,4,4,3,-3,0
1989,Scarborough,Halifax Town,2,3,4,4,5,-1,0
1989,Scarborough,Rochdale,2,1,4,4,3,1,1
1989,Scarborough,Stockport County,2,0,4,4,2,2,1
1989,Scunthorpe United,Colchester United,4,0,4,4,4,4,1
1989,Scunthorpe United,Gillingham,0,0,4,4,0,0,0
1989,Scunthorpe United,Hartlepool United,0,1,4,4,1,-1,0
1989,Scunthorpe United,Maidstone United,1,0,4,4,1,1,1
1989,Scunthorpe United,Scarborough,0,1,4,4,1,-1,0
1989,Scunthorpe United,Torquay United,2,0,4,4,2,2,1
1989,Southend United,Carlisle United,2,0,4,4,2,2,1
1989,Southend United,Doncaster Rovers,2,0,4,4,2,2,1
1989,Southend United,Grimsby Town,0,2,4,4,2,-2,0
1989,Southend United,Hereford United,2,0,4,4,2,2,1
1989,Southend United,Wrexham,2,1,4,4,3,1,1
1989,Stockport County,Lincoln City,1,1,4,4,2,0,0
1989,Stockport County,Rochdale,2,1,4,4,3,1,1
1989,Stockport County,Southend United,1,0,4,4,1,1,1
1989,Wrexham,Peterborough United,2,1,4,4,3,1,1
1989,Wrexham,Torquay United,1,1,4,4,2,0,0
1989,York City,Chesterfield,4,0,4,4,4,4,1
1989,York City,Halifax Town,0,2,4,4,2,-2,0
1989,York City,Lincoln City,0,0,4,4,0,0,0
1989,York City,Rochdale,1,0,4,4,1,1,1
1989,York City,Wrexham,1,0,4,4,1,1,1
1990,Arsenal,Luton Town,2,1,1,1,3,1,1
1990,Arsenal,Sheffield United,4,1,1,1,5,3,1
1990,Arsenal,Tottenham Hotspur,0,0,1,1,0,0,0
1990,Aston Villa,Chelsea,2,2,1,1,4,0,0
1990,Aston Villa,Manchester United,1,1,1,1,2,0,0
1990,Aston Villa,Queens Park Rangers,2,2,1,1,4,0,0
1990,Chelsea,Leeds United,1,2,1,1,3,-1,0
1990,Chelsea,Manchester City,1,1,1,1,2,0,0
1990,Coventry City,Chelsea,1,0,1,1,1,1,1
1990,Coventry City,Tottenham Hotspur,2,0,1,1,2,2,1
1990,Crystal Palace,Derby County,2,1,1,1,3,1,1
1990,Crystal Palace,Liverpool,1,0,1,1,1,1,1
1990,Crystal Palace,Manchester United,3,0,1,1,3,3,1
1990,Crystal Palace,Queens Park Rangers,0,0,1,1,0,0,0
1990,Derby County,Coventry City,1,1,1,1,2,0,0
1990,Derby County,Leeds United,0,1,1,1,1,-1,0
1990,Derby County,Manchester City,1,1,1,1,2,0,0
1990,Derby County,Nottingham Forest,2,1,1,1,3,1,1
1990,Everton,Derby County,2,0,1,1,2,2,1
1990,Everton,Norwich City,1,0,1,1,1,1,1
1990,Everton,Tottenham Hotspur,1,1,1,1,2,0,0
1990,Leeds United,Aston Villa,5,2,1,1,7,3,1
1990,Leeds United,Crystal Palace,1,2,1,1,3,-1,0
1990,Leeds United,Manchester United,0,0,1,1,0,0,0
1990,Leeds United,Queens Park Rangers,2,3,1,1,5,-1,0
1990,Leeds United,Sunderland,5,0,1,1,5,5,1
1990,Liverpool,Nottingham Forest,2,0,1,1,2,2,1
1990,Liverpool,Wimbledon,1,1,1,1,2,0,0
1990,Luton Town,Chelsea,2,0,1,1,2,2,1
1990,Luton Town,Derby County,2,0,1,1,2,2,1
1990,Luton Town,Liverpool,3,1,1,1,4,2,1
1990,Luton Town,Norwich City,0,1,1,1,1,-1,0
1990,Luton Town,Tottenham Hotspur,0,0,1,1,0,0,0
1990,Manchester City,Aston Villa,2,1,1,1,3,1,1
1990,Manchester City,Leeds United,2,3,1,1,5,-1,0
1990,Manchester City,Queens Park Rangers,2,1,1,1,3,1,1
1990,Manchester City,Sunderland,3,2,1,1,5,1,1
1990,Manchester United,Arsenal,0,1,1,1,1,-1,0
1990,Manchester United,Coventry City,2,0,1,1,2,2,1
1990,Manchester United,Luton Town,4,1,1,1,5,3,1
1990,Manchester United,Nottingham Forest,0,1,1,1,1,-1,0
1990,Manchester United,Southampton,3,2,1,1,5,1,1
1990,Manchester United,Wimbledon,2,1,1,1,3,1,1
1990,Norwich City,Chelsea,1,3,1,1,4,-2,0
1990,Norwich City,Liverpool,1,1,1,1,2,0,0
1990,Norwich City,Manchester United,0,3,1,1,3,-3,0
1990,Norwich City,Tottenham Hotspur,2,1,1,1,3,1,1
1990,Nottingham Forest,Aston Villa,2,2,1,1,4,0,0
1990,Nottingham Forest,Crystal Palace,0,1,1,1,1,-1,0
1990,Nottingham Forest,Manchester City,1,3,1,1,4,-2,0
1990,Queens Park Rangers,Arsenal,1,3,1,1,4,-2,0
1990,Queens Park Rangers,Everton,1,1,1,1,2,0,0
1990,Queens Park Rangers,Norwich City,1,3,1,1,4,-2,0
1990,Queens Park Rangers,Wimbledon,0,1,1,1,1,-1,0
1990,Sheffield United,Chelsea,1,0,1,1,1,1,1
1990,Sheffield United,Queens Park Rangers,1,0,1,1,1,1,1
1990,Southampton,Crystal Palace,2,3,1,1,5,-1,0
1990,Southampton,Manchester City,2,1,1,1,3,1,1
1990,Southampton,Nottingham Forest,1,1,1,1,2,0,0
1990,Sunderland,Sheffield United,0,1,1,1,1,-1,0
1990,Sunderland,Wimbledon,0,0,1,1,0,0,0
1990,Tottenham Hotspur,Chelsea,1,1,1,1,2,0,0
1990,Wimbledon,Aston Villa,0,0,1,1,0,0,0
1990,Wimbledon,Crystal Palace,0,3,1,1,3,-3,0
1990,Wimbledon,Leeds United,0,1,1,1,1,-1,0
1990,Wimbledon,Manchester City,1,1,1,1,2,0,0
1990,Wimbledon,Nottingham Forest,3,1,1,1,4,2,1
1990,Wimbledon,Southampton,1,1,1,1,2,0,0
1990,Barnsley,Blackburn Rovers,0,1,2,2,1,-1,0
1990,Barnsley,Ipswich Town,5,1,2,2,6,4,1
1990,Barnsley,Swindon Town,5,1,2,2,6,4,1
1990,Barnsley,West Ham United,1,0,2,2,1,1,1
1990,Blackburn Rovers,Brighton & Hove Albion,1,2,2,2,3,-1,0
1990,Blackburn Rovers,Leicester City,4,1,2,2,5,3,1
1990,Blackburn Rovers,Oxford United,1,3,2,2,4,-2,0
1990,Blackburn Rovers,Wolverhampton Wanderers,1,1,2,2,2,0,0
1990,Brighton & Hove Albion,Middlesbrough,2,4,2,2,6,-2,0
1990,Brighton & Hove Albion,Plymouth Argyle,3,2,2,2,5,1,1
1990,Bristol City,Barnsley,1,0,2,2,1,1,1
1990,Bristol City,Millwall,1,4,2,2,5,-3,0
1990,Bristol City,Swindon Town,0,4,2,2,4,-4,0
1990,Bristol Rovers,Charlton Athletic,2,1,2,2,3,1,1
1990,Bristol Rovers,Leicester City,0,0,2,2,0,0,0
1990,Charlton Athletic,Brighton & Hove Albion,1,2,2,2,3,-1,0
1990,Charlton Athletic,Hull City,2,1,2,2,3,1,1
1990,Charlton Athletic,Plymouth Argyle,0,1,2,2,1,-1,0
1990,Hull City,Barnsley,1,2,2,2,3,-1,0
1990,Hull City,Bristol City,1,2,2,2,3,-1,0
1990,Hull City,Port Vale,3,2,2,2,5,1,1
1990,Hull City,West Ham United,0,0,2,2,0,0,0
1990,Ipswich Town,Newcastle United,2,1,2,2,3,1,1
1990,Ipswich Town,Wolverhampton Wanderers,0,0,2,2,0,0,0
1990,Leicester City,Brighton & Hove Albion,3,0,2,2,3,3,1
1990,Leicester City,Charlton Athletic,1,2,2,2,3,-1,0
1990,Leicester City,West Bromwich Albion,2,1,2,2,3,1,1
1990,Middlesbrough,Barnsley,1,0,2,2,1,1,1
1990,Middlesbrough,Oldham Athletic,0,1,2,2,1,-1,0
1990,Middlesbrough,Swindon Town,2,0,2,2,2,2,1
1990,Millwall,Blackburn Rovers,2,1,2,2,3,1,1
1990,Millwall,Newcastle United,0,1,2,2,1,-1,0
1990,Millwall,Oxford United,1,2,2,2,3,-1,0
1990,Millwall,Portsmouth,2,0,2,2,2,2,1
1990,Millwall,Watford,0,2,2,2,2,-2,0
1990,Millwall,Wolverhampton Wanderers,2,1,2,2,3,1,1
1990,Newcastle United,Brighton & Hove Albion,0,0,2,2,0,0,0
1990,Newcastle United,Leicester City,2,1,2,2,3,1,1
1990,Newcastle United,Notts County,0,2,2,2,2,-2,0
1990,Newcastle United,Sheffield Wednesday,1,0,2,2,1,1,1
1990,Newcastle United,West Bromwich Albion,1,1,2,2,2,0,0
1990,Notts County,Barnsley,2,3,2,2,5,-1,0
1990,Notts County,Bristol City,3,2,2,2,5,1,1
1990,Notts County,Middlesbrough,3,2,2,2,5,1,1
1990,Notts County,Port Vale,1,1,2,2,2,0,0
1990,Oldham Athletic,Ipswich Town,2,0,2,2,2,2,1
1990,Oldham Athletic,Watford,4,1,2,2,5,3,1
1990,Oldham Athletic,Wolverhampton Wanderers,4,1,2,2,5,3,1
1990,Oxford United,Brighton & Hove Albion,3,0,2,2,3,3,1
1990,Oxford United,Leicester City,2,2,2,2,4,0,0
1990,Oxford United,Plymouth Argyle,0,0,2,2,0,0,0
1990,Oxford United,Sheffield Wednesday,2,2,2,2,4,0,0
1990,Plymouth Argyle,Barnsley,1,1,2,2,2,0,0
1990,Plymouth Argyle,Bristol City,1,0,2,2,1,1,1
1990,Plymouth Argyle,Hull City,4,1,2,2,5,3,1
1990,Plymouth Argyle,Middlesbrough,1,1,2,2,2,0,0
1990,Plymouth Argyle,Notts County,0,0,2,2,0,0,0
1990,Plymouth Argyle,Swindon Town,3,3,2,2,6,0,0
1990,Port Vale,Blackburn Rovers,3,0,2,2,3,3,1
1990,Port Vale,Bristol Rovers,3,2,2,2,5,1,1
1990,Port Vale,Millwall,0,2,2,2,2,-2,0
1990,Port Vale,Oldham Athletic,1,0,2,2,1,1,1
1990,Port Vale,Portsmouth,3,2,2,2,5,1,1
1990,Portsmouth,Charlton Athletic,0,1,2,2,1,-1,0
1990,Portsmouth,Leicester City,3,1,2,2,4,2,1
1990,Portsmouth,Sheffield Wednesday,2,0,2,2,2,2,1
1990,Portsmouth,West Bromwich Albion,1,1,2,2,2,0,0
1990,Sheffield Wednesday,Middlesbrough,2,0,2,2,2,2,1
1990,Sheffield Wednesday,Plymouth Argyle,3,0,2,2,3,3,1
1990,Sheffield Wednesday,Swindon Town,2,1,2,2,3,1,1
1990,Swindon Town,Blackburn Rovers,1,1,2,2,2,0,0
1990,Swindon Town,Bristol Rovers,0,2,2,2,2,-2,0
1990,Swindon Town,Ipswich Town,1,0,2,2,1,1,1
1990,Swindon Town,Millwall,0,0,2,2,0,0,0
1990,Swindon Town,Oldham Athletic,2,2,2,2,4,0,0
1990,Watford,Leicester City,1,0,2,2,1,1,1
1990,Watford,Newcastle United,1,2,2,2,3,-1,0
1990,West Bromwich Albion,Barnsley,1,1,2,2,2,0,0
1990,West Bromwich Albion,Hull City,1,1,2,2,2,0,0
1990,West Bromwich Albion,Middlesbrough,0,1,2,2,1,-1,0
1990,West Bromwich Albion,Notts County,2,2,2,2,4,0,0
1990,West Bromwich Albion,Plymouth Argyle,1,2,2,2,3,-1,0
1990,West Bromwich Albion,Sheffield Wednesday,1,2,2,2,3,-1,0
1990,West Bromwich Albion,West Ham United,0,0,2,2,0,0,0
1990,West Ham United,Ipswich Town,3,1,2,2,4,2,1
1990,West Ham United,Port Vale,0,0,2,2,0,0,0
1990,Wolverhampton Wanderers,Brighton & Hove Albion,2,3,2,2,5,-1,0
1990,Wolverhampton Wanderers,Charlton Athletic,3,0,2,2,3,3,1
1990,Wolverhampton Wanderers,Leicester City,2,1,2,2,3,1,1
1990,Wolverhampton Wanderers,Newcastle United,2,1,2,2,3,1,1
1990,Wolverhampton Wanderers,Oxford United,3,3,2,2,6,0,0
1990,Wolverhampton Wanderers,Portsmouth,3,1,2,2,4,2,1
1990,AFC Bournemouth,Chester,1,0,3,3,1,1,1
1990,AFC Bournemouth,Tranmere Rovers,1,0,3,3,1,1,1
1990,Birmingham City,Bolton Wanderers,1,3,3,3,4,-2,0
1990,Birmingham City,Crewe Alexandra,0,2,3,3,2,-2,0
1990,Birmingham City,Mansfield Town,0,0,3,3,0,0,0
1990,Birmingham City,Rotherham United,2,1,3,3,3,1,1
1990,Birmingham City,Wigan Athletic,0,0,3,3,0,0,0
1990,Bolton Wanderers,Exeter City,1,0,3,3,1,1,1
1990,Bolton Wanderers,Huddersfield Town,1,1,3,3,2,0,0
1990,Bolton Wanderers,Shrewsbury Town,1,0,3,3,1,1,1
1990,Bolton Wanderers,Swansea City,1,0,3,3,1,1,1
1990,Bradford City,AFC Bournemouth,3,0,3,3,3,3,1
1990,Bradford City,Brentford,0,1,3,3,1,-1,0
1990,Bradford City,Chester,2,1,3,3,3,1,1
1990,Bradford City,Leyton Orient,4,0,3,3,4,4,1
1990,Bradford City,Southend United,2,1,3,3,3,1,1
1990,Brentford,Birmingham City,2,2,3,3,4,0,0
1990,Brentford,Crewe Alexandra,1,0,3,3,1,1,1
1990,Brentford,Grimsby Town,1,0,3,3,1,1,1
1990,Brentford,Stoke City,0,4,3,3,4,-4,0
1990,Bury,Bolton Wanderers,2,2,3,3,4,0,0
1990,Bury,Huddersfield Town,2,1,3,3,3,1,1
1990,Bury,Shrewsbury Town,2,1,3,3,3,1,1
1990,Bury,Swansea City,1,0,3,3,1,1,1
1990,Cambridge United,Fulham,1,0,3,3,1,1,1
1990,Cambridge United,Leyton Orient,1,0,3,3,1,1,1
1990,Cambridge United,Reading,3,0,3,3,3,3,1
1990,Cambridge United,Southend United,1,4,3,3,5,-3,0
1990,Chester,Birmingham City,0,1,3,3,1,-1,0
1990,Chester,Mansfield Town,1,0,3,3,1,1,1
1990,Chester,Rotherham United,1,2,3,3,3,-1,0
1990,Chester,Wigan Athletic,1,2,3,3,3,-1,0
1990,Crewe Alexandra,Bolton Wanderers,1,3,3,3,4,-2,0
1990,Crewe Alexandra,Bury,2,2,3,3,4,0,0
1990,Crewe Alexandra,Shrewsbury Town,1,2,3,3,3,-1,0
1990,Exeter City,Cambridge United,0,1,3,3,1,-1,0
1990,Exeter City,Southend United,1,2,3,3,3,-1,0
1990,Exeter City,Tranmere Rovers,0,0,3,3,0,0,0
1990,Fulham,Birmingham City,2,2,3,3,4,0,0
1990,Fulham,Grimsby Town,0,0,3,3,0,0,0
1990,Fulham,Stoke City,0,1,3,3,1,-1,0
1990,Fulham,Wigan Athletic,1,2,3,3,3,-1,0
1990,Grimsby Town,Bury,0,1,3,3,1,-1,0
1990,Grimsby Town,Huddersfield Town,4,0,3,3,4,4,1
1990,Grimsby Town,Shrewsbury Town,1,0,3,3,1,1,1
1990,Huddersfield Town,Bradford City,1,2,3,3,3,-1,0
1990,Huddersfield Town,Cambridge United,3,1,3,3,4,2,1
1990,Huddersfield Town,Southend United,1,2,3,3,3,-1,0
1990,Huddersfield Town,Tranmere Rovers,2,1,3,3,3,1,1
1990,Leyton Orient,Birmingham City,1,1,3,3,2,0,0
1990,Leyton Orient,Brentford,1,2,3,3,3,-1,0
1990,Leyton Orient,Chester,1,0,3,3,1,1,1
1990,Leyton Orient,Fulham,1,0,3,3,1,1,1
1990,Leyton Orient,Stoke City,0,2,3,3,2,-2,0
1990,Leyton Orient,Wigan Athletic,1,1,3,3,2,0,0
1990,Mansfield Town,Bolton Wanderers,4,0,3,3,4,4,1
1990,Mansfield Town,Crewe Alexandra,1,3,3,3,4,-2,0
1990,Mansfield Town,Preston North End,0,1,3,3,1,-1,0
1990,Mansfield Town,Swansea City,2,0,3,3,2,2,1
1990,Preston North End,Bradford City,0,3,3,3,3,-3,0
1990,Preston North End,Exeter City,1,0,3,3,1,1,1
1990,Preston North End,Reading,1,2,3,3,3,-1,0
1990,Preston North End,Tranmere Rovers,0,4,3,3,4,-4,0
1990,Reading,Birmingham City,2,2,3,3,4,0,0
1990,Reading,Rotherham United,2,0,3,3,2,2,1
1990,Rotherham United,Bolton Wanderers,2,2,3,3,4,0,0
1990,Rotherham United,Bury,0,3,3,3,3,-3,0
1990,Rotherham United,Crewe Alexandra,1,1,3,3,2,0,0
1990,Rotherham United,Grimsby Town,1,4,3,3,5,-3,0
1990,Rotherham United,Mansfield Town,1,1,3,3,2,0,0
1990,Rotherham United,Shrewsbury Town,2,2,3,3,4,0,0
1990,Shrewsbury Town,Bradford City,1,0,3,3,1,1,1
1990,Shrewsbury Town,Preston North End,0,1,3,3,1,-1,0
1990,Shrewsbury Town,Southend United,0,1,3,3,1,-1,0
1990,Southend United,Birmingham City,2,1,3,3,3,1,1
1990,Southend United,Reading,1,2,3,3,3,-1,0
1990,Southend United,Stoke City,1,0,3,3,1,1,1
1990,Stoke City,Bolton Wanderers,2,2,3,3,4,0,0
1990,Stoke City,Crewe Alexandra,1,0,3,3,1,1,1
1990,Stoke City,Grimsby Town,0,0,3,3,0,0,0
1990,Stoke City,Swansea City,2,2,3,3,4,0,0
1990,Swansea City,AFC Bournemouth,1,2,3,3,3,-1,0
1990,Swansea City,Huddersfield Town,1,0,3,3,1,1,1
1990,Swansea City,Preston North End,3,1,3,3,4,2,1
1990,Swansea City,Shrewsbury Town,0,1,3,3,1,-1,0
1990,Tranmere Rovers,Brentford,2,1,3,3,3,1,1
1990,Tranmere Rovers,Chester,1,2,3,3,3,-1,0
1990,Tranmere Rovers,Reading,0,0,3,3,0,0,0
1990,Tranmere Rovers,Wigan Athletic,1,1,3,3,2,0,0
1990,Wigan Athletic,Bolton Wanderers,2,1,3,3,3,1,1
1990,Wigan Athletic,Bury,1,2,3,3,3,-1,0
1990,Wigan Athletic,Mansfield Town,0,2,3,3,2,-2,0
1990,Wigan Athletic,Stoke City,4,0,3,3,4,4,1
1990,Aldershot,Blackpool,1,4,4,4,5,-3,0
1990,Aldershot,Doncaster Rovers,1,1,4,4,2,0,0
1990,Aldershot,Rochdale,2,2,4,4,4,0,0
1990,Blackpool,Northampton Town,2,1,4,4,3,1,1
1990,Blackpool,Torquay United,1,0,4,4,1,1,1
1990,Blackpool,York City,1,0,4,4,1,1,1
1990,Burnley,Lincoln City,2,2,4,4,4,0,0
1990,Burnley,Peterborough United,4,1,4,4,5,3,1
1990,Burnley,Walsall,2,0,4,4,2,2,1
1990,Cardiff City,Aldershot,1,3,4,4,4,-2,0
1990,Cardiff City,Carlisle United,3,1,4,4,4,2,1
1990,Cardiff City,Doncaster Rovers,0,2,4,4,2,-2,0
1990,Cardiff City,Stockport County,3,3,4,4,6,0,0
1990,Cardiff City,Wrexham,1,0,4,4,1,1,1
1990,Carlisle United,Blackpool,1,0,4,4,1,1,1
1990,Carlisle United,Chesterfield,1,0,4,4,1,1,1
1990,Carlisle United,York City,1,0,4,4,1,1,1
1990,Chesterfield,Burnley,2,1,4,4,3,1,1
1990,Chesterfield,Darlington,2,2,4,4,4,0,0
1990,Chesterfield,Peterborough United,2,2,4,4,4,0,0
1990,Darlington,Aldershot,3,1,4,4,4,2,1
1990,Darlington,Hartlepool United,0,1,4,4,1,-1,0
1990,Darlington,Maidstone United,1,1,4,4,2,0,0
1990,Darlington,Rochdale,2,0,4,4,2,2,1
1990,Darlington,Stockport County,1,0,4,4,1,1,1
1990,Darlington,Wrexham,1,0,4,4,1,1,1
1990,Doncaster Rovers,Blackpool,1,0,4,4,1,1,1
1990,Doncaster Rovers,Hereford United,3,1,4,4,4,2,1
1990,Doncaster Rovers,Scarborough,0,2,4,4,2,-2,0
1990,Doncaster Rovers,York City,2,2,4,4,4,0,0
1990,Gillingham,Burnley,3,2,4,4,5,1,1
1990,Gillingham,Chesterfield,0,1,4,4,1,-1,0
1990,Gillingham,Peterborough United,2,3,4,4,5,-1,0
1990,Gillingham,Walsall,1,0,4,4,1,1,1
1990,Halifax Town,Aldershot,3,0,4,4,3,3,1
1990,Halifax Town,Hartlepool United,1,2,4,4,3,-1,0
1990,Halifax Town,Stockport County,0,0,4,4,0,0,0
1990,Hartlepool United,Blackpool,1,2,4,4,3,-1,0
1990,Hartlepool United,Carlisle United,4,1,4,4,5,3,1
1990,Hartlepool United,Northampton Town,3,1,4,4,4,2,1
1990,Hartlepool United,Scarborough,2,0,4,4,2,2,1
1990,Hartlepool United,Torquay United,0,0,4,4,0,0,0
1990,Hereford United,Gillingham,1,1,4,4,2,0,0
1990,Hereford United,Lincoln City,0,1,4,4,1,-1,0
1990,Hereford United,Peterborough United,0,0,4,4,0,0,0
1990,Hereford United,Scunthorpe United,2,0,4,4,2,2,1
1990,Hereford United,Walsall,0,0,4,4,0,0,0
1990,Lincoln City,Aldershot,2,2,4,4,4,0,0
1990,Lincoln City,Darlington,0,3,4,4,3,-3,0
1990,Lincoln City,Halifax Town,1,0,4,4,1,1,1
1990,Lincoln City,Maidstone United,2,1,4,4,3,1,1
1990,Lincoln City,Stockport County,0,3,4,4,3,-3,0
1990,Maidstone United,Hartlepool United,1,4,4,4,5,-3,0
1990,Maidstone United,Northampton Town,1,3,4,4,4,-2,0
1990,Maidstone United,Scarborough,0,1,4,4,1,-1,0
1990,Maidstone United,York City,5,4,4,4,9,1,1
1990,Northampton Town,Chesterfield,2,0,4,4,2,1,1
1990,Northampton Town,Hereford United,3,0,4,4,3,3,1
1990,Northampton Town,Peterborough United,1,2,4,4,3,-1,0
1990,Northampton Town,Scunthorpe United,2,1,4,4,3,1,1
1990,Northampton Town,Walsall,5,0,4,4,5,5,1
1990,Peterborough United,Cardiff City,3,0,4,4,3,3,1
1990,Peterborough United,Darlington,2,2,4,4,4,0,0
1990,Peterborough United,Halifax Town,2,0,4,4,2,2,1
1990,Peterborough United,Lincoln City,2,0,4,4,2,2,1
1990,Rochdale,Blackpool,2,1,4,4,3,1,1
1990,Rochdale,Maidstone United,3,2,4,4,5,1,1
1990,Scarborough,Chesterfield,1,0,4,4,1,1,1
1990,Scarborough,Gillingham,2,1,4,4,3,1,1
1990,Scarborough,Northampton Town,1,1,4,4,2,0,0
1990,Scarborough,Walsall,1,0,4,4,1,1,1
1990,Scunthorpe United,Aldershot,6,2,4,4,8,4,1
1990,Scunthorpe United,Cardiff City,0,2,4,4,2,-2,0
1990,Scunthorpe United,Darlington,2,1,4,4,3,1,1
1990,Scunthorpe United,Peterborough United,1,1,4,4,2,0,0
1990,Scunthorpe United,Stockport County,3,0,4,4,3,3,1
1990,Scunthorpe United,Wrexham,2,0,4,4,2,2,1
1990,Stockport County,Blackpool,0,0,4,4,0,0,0
1990,Stockport County,Carlisle United,3,1,4,4,4,2,1
1990,Stockport County,Hartlepool United,1,3,4,4,4,-2,0
1990,Stockport County,York City,2,0,4,4,2,2,1
1990,Torquay United,Burnley,2,0,4,4,2,2,1
1990,Torquay United,Gillingham,3,1,4,4,4,2,1
1990,Torquay United,Hereford United,1,1,4,4,2,0,0
1990,Torquay United,Northampton Town,0,0,4,4,0,0,0
1990,Torquay United,Scarborough,2,0,4,4,2,2,1
1990,Walsall,Aldershot,2,2,4,4,4,0,0
1990,Walsall,Lincoln City,0,0,4,4,0,0,0
1990,Walsall,Peterborough United,0,1,4,4,1,-1,0
1990,Wrexham,Hartlepool United,2,2,4,4,4,0,0
1990,Wrexham,Maidstone United,2,2,4,4,4,0,0
1990,Wrexham,York City,0,4,4,4,4,-4,0
1991,Arsenal,Notts County,2,0,1,1,2,2,1
1991,Arsenal,Sheffield United,5,2,1,1,7,3,1
1991,Arsenal,Tottenham Hotspur,2,0,1,1,2,2,1
1991,Aston Villa,Arsenal,3,1,1,1,4,2,1
1991,Aston Villa,Crystal Palace,0,1,1,1,1,-1,0
1991,Aston Villa,Manchester United,0,1,1,1,1,-1,0
1991,Aston Villa,Notts County,1,0,1,1,1,1,1
1991,Chelsea,Arsenal,1,1,1,1,2,0,0
1991,Chelsea,Liverpool,2,2,1,1,4,0,0
1991,Chelsea,Manchester United,1,3,1,1,4,-2,0
1991,Chelsea,Notts County,2,2,1,1,4,0,0
1991,Chelsea,Tottenham Hotspur,2,0,1,1,2,2,1
1991,Crystal Palace,Liverpool,1,0,1,1,1,1,1
1991,Crystal Palace,Notts County,1,0,1,1,1,1,1
1991,Crystal Palace,Tottenham Hotspur,1,2,1,1,3,-1,0
1991,Everton,Arsenal,3,1,1,1,4,2,1
1991,Everton,Liverpool,1,1,1,1,2,0,0
1991,Everton,Tottenham Hotspur,3,1,1,1,4,2,1
1991,Leeds United,Arsenal,2,2,1,1,4,0,0
1991,Leeds United,Liverpool,1,0,1,1,1,1,1
1991,Leeds United,Manchester United,1,1,1,1,2,0,0
1991,Leeds United,Notts County,3,0,1,1,3,3,1
1991,Leeds United,Tottenham Hotspur,1,1,1,1,2,0,0
1991,Liverpool,Leeds United,0,0,1,1,0,0,0
1991,Liverpool,Notts County,4,0,1,1,4,4,1
1991,Luton Town,Manchester United,1,1,1,1,2,0,0
1991,Manchester City,Coventry City,1,0,1,1,1,1,1
1991,Manchester City,Leeds United,4,0,1,1,4,4,1
1991,Manchester City,Manchester United,0,0,1,1,0,0,0
1991,Manchester City,Notts County,2,0,1,1,2,2,1
1991,Manchester United,Arsenal,1,1,1,1,2,0,0
1991,Manchester United,Leeds United,1,1,1,1,2,0,0
1991,Manchester United,Sheffield United,2,0,1,1,2,2,1
1991,Norwich City,Manchester City,0,0,1,1,0,0,0
1991,Norwich City,Notts County,0,1,1,1,1,-1,0
1991,Norwich City,Tottenham Hotspur,0,1,1,1,1,-1,0
1991,Nottingham Forest,Arsenal,3,2,1,1,5,1,1
1991,Nottingham Forest,Coventry City,1,0,1,1,1,1,1
1991,Nottingham Forest,Manchester City,2,0,1,1,2,2,1
1991,Nottingham Forest,Sheffield United,2,5,1,1,7,-3,0
1991,Nottingham Forest,Tottenham Hotspur,1,3,1,1,4,-2,0
1991,Notts County,Manchester City,1,3,1,1,4,-2,0
1991,Oldham Athletic,Arsenal,1,1,1,1,2,0,0
1991,Oldham Athletic,Leeds United,2,0,1,1,2,2,1
1991,Oldham Athletic,Manchester City,2,5,1,1,7,-3,0
1991,Oldham Athletic,Sheffield United,2,1,1,1,3,1,1
1991,Queens Park Rangers,Manchester City,4,0,1,1,4,4,1
1991,Sheffield United,Coventry City,0,3,1,1,3,-3,0
1991,Sheffield United,Leeds United,2,3,1,1,5,-1,0
1991,Sheffield United,Manchester City,4,2,1,1,6,2,1
1991,Sheffield United,Queens Park Rangers,0,0,1,1,0,0,0
1991,Sheffield Wednesday,Coventry City,1,1,1,1,2,0,0
1991,Sheffield Wednesday,Queens Park Rangers,4,1,1,1,5,3,1
1991,Southampton,Arsenal,0,4,1,1,4,-4,0
1991,Southampton,Manchester City,0,3,1,1,3,-3,0
1991,Southampton,Nottingham Forest,0,1,1,1,1,-1,0
1991,Southampton,Queens Park Rangers,2,1,1,1,3,1,1
1991,Southampton,Tottenham Hotspur,2,3,1,1,5,-1,0
1991,Tottenham Hotspur,Leeds United,1,3,1,1,4,-2,0
1991,Tottenham Hotspur,Manchester City,0,1,1,1,1,-1,0
1991,Tottenham Hotspur,Nottingham Forest,1,2,1,1,3,-1,0
1991,West Ham United,Arsenal,0,2,1,1,2,-2,0
1991,West Ham United,Coventry City,0,1,1,1,1,-1,0
1991,West Ham United,Queens Park Rangers,2,2,1,1,4,0,0
1991,Wimbledon,Manchester City,2,1,1,1,3,1,1
1991,Wimbledon,Queens Park Rangers,0,1,1,1,1,-1,0
1991,Barnsley,Blackburn Rovers,2,1,2,2,3,1,1
1991,Barnsley,Derby County,0,3,2,2,3,-3,0
1991,Barnsley,Sunderland,0,3,2,2,3,-3,0
1991,Barnsley,Watford,0,3,2,2,3,-3,0
1991,Blackburn Rovers,Brighton & Hove Albion,1,0,2,2,1,1,1
1991,Blackburn Rovers,Cambridge United,2,1,2,2,3,1,1
1991,Blackburn Rovers,Grimsby Town,2,1,2,2,3,1,1
1991,Blackburn Rovers,Middlesbrough,2,1,2,2,3,1,1
1991,Blackburn Rovers,Portsmouth,1,1,2,2,2,0,0
1991,Blackburn Rovers,Swindon Town,2,1,2,2,3,1,1
1991,Brighton & Hove Albion,Bristol City,0,0,2,2,0,0,0
1991,Brighton & Hove Albion,Charlton Athletic,1,2,2,2,3,-1,0
1991,Brighton & Hove Albion,Ipswich Town,2,2,2,2,4,0,0
1991,Brighton & Hove Albion,Tranmere Rovers,0,2,2,2,2,-2,0
1991,Bristol City,Barnsley,0,2,2,2,2,-2,0
1991,Bristol City,Derby County,1,2,2,2,3,-1,0
1991,Bristol City,Port Vale,3,0,2,2,3,3,1
1991,Bristol City,Sunderland,1,0,2,2,1,1,1
1991,Bristol Rovers,Blackburn Rovers,3,0,2,2,3,3,1
1991,Bristol Rovers,Cambridge United,2,2,2,2,4,0,0
1991,Bristol Rovers,Grimsby Town,2,3,2,2,5,-1,0
1991,Bristol Rovers,Swindon Town,1,1,2,2,2,0,0
1991,Bristol Rovers,Wolverhampton Wanderers,1,1,2,2,2,0,0
1991,Cambridge United,Charlton Athletic,1,0,2,2,1,1,1
1991,Cambridge United,Ipswich Town,1,1,2,2,2,0,0
1991,Cambridge United,Millwall,1,0,2,2,1,1,1
1991,Cambridge United,Tranmere Rovers,0,0,2,2,0,0,0
1991,Charlton Athletic,Barnsley,1,1,2,2,2,0,0
1991,Charlton Athletic,Bristol City,2,1,2,2,3,1,1
1991,Charlton Athletic,Derby County,0,2,2,2,2,-2,0
1991,Charlton Athletic,Leicester City,2,0,2,2,2,2,1
1991,Charlton Athletic,Newcastle United,2,1,2,2,3,1,1
1991,Charlton Athletic,Port Vale,2,0,2,2,2,2,1
1991,Charlton Athletic,Sunderland,1,4,2,2,5,-3,0
1991,Charlton Athletic,Watford,1,1,2,2,2,0,0
1991,Derby County,Blackburn Rovers,0,2,2,2,2,-2,0
1991,Derby County,Bristol Rovers,1,0,2,2,1,1,1
1991,Derby County,Grimsby Town,0,0,2,2,0,0,0
1991,Derby County,Middlesbrough,2,0,2,2,2,2,1
1991,Derby County,Swindon Town,2,1,2,2,3,1,1
1991,Derby County,Wolverhampton Wanderers,1,2,2,2,3,-1,0
1991,Grimsby Town,Brighton & Hove Albion,0,1,2,2,1,-1,0
1991,Grimsby Town,Cambridge United,3,4,2,2,7,-1,0
1991,Grimsby Town,Millwall,1,1,2,2,2,0,0
1991,Ipswich Town,Charlton Athletic,2,0,2,2,2,2,1
1991,Ipswich Town,Newcastle United,3,2,2,2,5,1,1
1991,Ipswich Town,Watford,1,2,2,2,3,-1,0
1991,Leicester City,Blackburn Rovers,3,0,2,2,3,3,1
1991,Leicester City,Bristol Rovers,1,1,2,2,2,0,0
1991,Leicester City,Middlesbrough,2,1,2,2,3,1,1
1991,Leicester City,Swindon Town,3,1,2,2,4,2,1
1991,Leicester City,Wolverhampton Wanderers,3,0,2,2,3,3,1
1991,Middlesbrough,Cambridge United,1,1,2,2,2,0,0
1991,Middlesbrough,Grimsby Town,2,0,2,2,2,2,1
1991,Middlesbrough,Plymouth Argyle,2,1,2,2,3,1,1
1991,Millwall,Barnsley,1,1,2,2,2,0,0
1991,Millwall,Charlton Athletic,1,0,2,2,1,1,1
1991,Millwall,Ipswich Town,2,3,2,2,5,-1,0
1991,Millwall,Newcastle United,2,1,2,2,3,1,1
1991,Newcastle United,Leicester City,2,0,2,2,2,2,1
1991,Newcastle United,Oxford United,4,3,2,2,7,1,1
1991,Newcastle United,Portsmouth,1,0,2,2,1,1,1
1991,Newcastle United,Swindon Town,3,1,2,2,4,2,1
1991,Oxford United,Brighton & Hove Albion,3,1,2,2,4,2,1
1991,Oxford United,Cambridge United,1,0,2,2,1,1,1
1991,Oxford United,Middlesbrough,1,2,2,2,3,-1,0
1991,Oxford United,Plymouth Argyle,3,2,2,2,5,1,1
1991,Oxford United,Southend United,0,1,2,2,1,-1,0
1991,Plymouth Argyle,Barnsley,2,1,2,2,3,1,1
1991,Port Vale,Blackburn Rovers,2,0,2,2,2,2,1
1991,Port Vale,Derby County,1,0,2,2,1,1,1
1991,Port Vale,Newcastle United,0,1,2,2,1,-1,0
1991,Port Vale,Portsmouth,0,2,2,2,2,-2,0
1991,Port Vale,Swindon Town,2,2,2,2,4,0,0
1991,Portsmouth,Cambridge United,3,0,2,2,3,3,1
1991,Portsmouth,Grimsby Town,2,0,2,2,2,2,1
1991,Portsmouth,Middlesbrough,4,0,2,2,4,4,1
1991,Southend United,Bristol City,1,1,2,2,2,0,0
1991,Southend United,Charlton Athletic,1,1,2,2,2,0,0
1991,Southend United,Sunderland,2,0,2,2,2,2,1
1991,Southend United,Watford,1,0,2,2,1,1,1
1991,Sunderland,Blackburn Rovers,1,1,2,2,2,0,0
1991,Sunderland,Leicester City,1,0,2,2,1,1,1
1991,Sunderland,Port Vale,1,1,2,2,2,0,0
1991,Sunderland,Swindon Town,0,0,2,2,0,0,0
1991,Swindon Town,Cambridge United,0,2,2,2,2,-2,0
1991,Swindon Town,Middlesbrough,0,1,2,2,1,-1,0
1991,Swindon Town,Oxford United,2,1,2,2,3,1,1
1991,Tranmere Rovers,Barnsley,2,1,2,2,3,1,1
1991,Tranmere Rovers,Bristol City,2,2,2,2,4,0,0
1991,Tranmere Rovers,Plymouth Argyle,1,0,2,2,1,1,1
1991,Tranmere Rovers,Southend United,1,1,2,2,2,0,0
1991,Tranmere Rovers,Watford,1,1,2,2,2,0,0
1991,Watford,Blackburn Rovers,2,1,2,2,3,1,1
1991,Watford,Bristol Rovers,1,0,2,2,1,1,1
1991,Watford,Derby County,1,2,2,2,3,-1,0
1991,Watford,Leicester City,0,1,2,2,1,-1,0
1991,Watford,Newcastle United,2,2,2,2,4,0,0
1991,Watford,Wolverhampton Wanderers,0,2,2,2,2,-2,0
1991,Wolverhampton Wanderers,Brighton & Hove Albion,2,0,2,2,2,2,1
1991,Wolverhampton Wanderers,Middlesbrough,1,2,2,2,3,-1,0
1991,AFC Bournemouth,Reading,3,2,3,3,5,1,1
1991,AFC Bournemouth,Stoke City,1,2,3,3,3,-1,0
1991,Birmingham City,Exeter City,1,0,3,3,1,1,1
1991,Birmingham City,Huddersfield Town,2,0,3,3,2,2,1
1991,Birmingham City,Peterborough United,1,1,3,3,2,0,0
1991,Birmingham City,Swansea City,1,1,3,3,2,0,0
1991,Bolton Wanderers,Chester,0,0,3,3,0,0,0
1991,Bolton Wanderers,Fulham,0,3,3,3,3,-3,0
1991,Bolton Wanderers,Preston North End,1,0,3,3,1,1,1
1991,Bolton Wanderers,Torquay United,1,0,3,3,1,1,1
1991,Bradford City,AFC Bournemouth,3,1,3,3,4,2,1
1991,Bradford City,Brentford,0,1,3,3,1,-1,0
1991,Bradford City,Darlington,0,1,3,3,1,-1,0
1991,Bradford City,Hartlepool United,1,1,3,3,2,0,0
1991,Bradford City,Leyton Orient,1,1,3,3,2,0,0
1991,Bradford City,Reading,1,0,3,3,1,1,1
1991,Bradford City,Stoke City,1,0,3,3,1,1,1
1991,Bradford City,West Bromwich Albion,1,1,3,3,2,0,0
1991,Brentford,Huddersfield Town,2,3,3,3,5,-1,0
1991,Brentford,Shrewsbury Town,2,0,3,3,2,2,1
1991,Brentford,Wigan Athletic,4,0,3,3,4,4,1
1991,Bury,Bolton Wanderers,1,1,3,3,2,0,0
1991,Bury,Chester,1,2,3,3,3,-1,0
1991,Chester,Darlington,2,5,3,3,7,-3,0
1991,Chester,Leyton Orient,1,0,3,3,1,1,1
1991,Chester,Reading,2,2,3,3,4,0,0
1991,Chester,Stoke City,0,0,3,3,0,0,0
1991,Chester,West Bromwich Albion,1,2,3,3,3,-1,0
1991,Darlington,Exeter City,5,2,3,3,7,3,1
1991,Darlington,Huddersfield Town,1,3,3,3,4,-2,0
1991,Darlington,Peterborough United,1,2,3,3,3,-1,0
1991,Darlington,Shrewsbury Town,3,3,3,3,6,0,0
1991,Exeter City,Hull City,0,3,3,3,3,-3,0
1991,Fulham,AFC Bournemouth,2,0,3,3,2,2,1
1991,Fulham,Bradford City,2,1,3,3,3,1,1
1991,Fulham,Chester,2,2,3,3,4,0,0
1991,Fulham,Reading,1,0,3,3,1,1,1
1991,Hartlepool United,Birmingham City,1,0,3,3,1,1,1
1991,Hartlepool United,Darlington,2,0,3,3,2,2,1
1991,Hartlepool United,Wigan Athletic,4,3,3,3,7,1,1
1991,Huddersfield Town,Bolton Wanderers,1,0,3,3,1,1,1
1991,Huddersfield Town,Hull City,1,1,3,3,2,0,0
1991,Huddersfield Town,Preston North End,1,2,3,3,3,-1,0
1991,Huddersfield Town,Torquay United,4,0,3,3,4,4,1
1991,Hull City,AFC Bournemouth,0,1,3,3,1,-1,0
1991,Hull City,Chester,1,0,3,3,1,1,1
1991,Hull City,Fulham,0,0,3,3,0,0,0
1991,Hull City,Reading,0,1,3,3,1,-1,0
1991,Hull City,Stoke City,0,1,3,3,1,-1,0
1991,Leyton Orient,Birmingham City,0,0,3,3,0,0,0
1991,Leyton Orient,Hartlepool United,4,0,3,3,4,4,1
1991,Leyton Orient,Peterborough United,1,2,3,3,3,-1,0
1991,Peterborough United,Bury,0,0,3,3,0,0,0
1991,Peterborough United,Exeter City,1,1,3,3,2,0,0
1991,Peterborough United,Stockport County,3,2,3,3,5,1,1
1991,Peterborough United,Torquay United,1,1,3,3,2,0,0
1991,Preston North End,AFC Bournemouth,2,2,3,3,4,0,0
1991,Preston North End,Chester,0,3,3,3,3,-3,0
1991,Preston North End,Hull City,3,1,3,3,4,2,1
1991,Reading,Birmingham City,1,1,3,3,2,0,0
1991,Reading,Darlington,2,2,3,3,4,0,0
1991,Reading,Hartlepool United,0,1,3,3,1,-1,0
1991,Reading,Wigan Athletic,3,2,3,3,5,1,1
1991,Shrewsbury Town,Bury,1,1,3,3,2,0,0
1991,Shrewsbury Town,Peterborough United,2,0,3,3,2,2,1
1991,Shrewsbury Town,Stockport County,0,1,3,3,1,-1,0
1991,Stockport County,AFC Bournemouth,5,0,3,3,5,5,1
1991,Stockport County,Chester,0,4,3,3,4,-4,0
1991,Stockport County,Fulham,2,0,3,3,2,2,1
1991,Stoke City,Birmingham City,2,1,3,3,3,1,1
1991,Swansea City,Bury,2,1,3,3,3,1,1
1991,Swansea City,Exeter City,1,0,3,3,1,1,1
1991,Swansea City,Peterborough United,1,0,3,3,1,1,1
1991,Torquay United,AFC Bournemouth,1,0,3,3,1,1,1
1991,Torquay United,Bradford City,1,1,3,3,2,0,0
1991,Torquay United,Chester,3,2,3,3,5,1,1
1991,Torquay United,Stockport County,2,0,3,3,2,2,1
1991,Torquay United,West Bromwich Albion,1,0,3,3,1,1,1
1991,West Bromwich Albion,Leyton Orient,1,3,3,3,4,-2,0
1991,West Bromwich Albion,Reading,2,0,3,3,2,2,1
1991,West Bromwich Albion,Wigan Athletic,1,1,3,3,2,0,0
1991,Wigan Athletic,Bolton Wanderers,1,1,3,3,2,0,0
1991,Wigan Athletic,Huddersfield Town,1,3,3,3,4,-2,0
1991,Wigan Athletic,Peterborough United,3,0,3,3,3,3,1
1991,Wigan Athletic,Swansea City,1,0,3,3,1,1,1
1991,Barnet,Blackpool,3,0,4,4,3,3,1
1991,Barnet,Mansfield Town,2,0,4,4,2,2,1
1991,Barnet,Rotherham United,2,5,4,4,7,-3,0
1991,Barnet,Walsall,0,1,4,4,1,-1,0
1991,Blackpool,Carlisle United,1,0,4,4,1,1,1
1991,Blackpool,Hereford United,2,0,4,4,2,2,1
1991,Blackpool,Mansfield Town,2,1,4,4,3,1,1
1991,Burnley,Mansfield Town,3,2,4,4,5,1,1
1991,Burnley,Walsall,2,0,4,4,2,2,1
1991,Cardiff City,Barnet,3,1,4,4,4,2,1
1991,Cardiff City,Doncaster Rovers,2,1,4,4,3,1,1
1991,Cardiff City,Rotherham United,1,0,4,4,1,1,1
1991,Cardiff City,Walsall,2,1,4,4,3,1,1
1991,Carlisle United,Barnet,1,3,4,4,4,-2,0
1991,Chesterfield,Barnet,3,2,4,4,5,1,1
1991,Chesterfield,Doncaster Rovers,0,0,4,4,0,0,0
1991,Chesterfield,Walsall,0,1,4,4,1,-1,0
1991,Crewe Alexandra,Barnet,3,0,4,4,3,3,1
1991,Crewe Alexandra,Cardiff City,1,1,4,4,2,0,0
1991,Crewe Alexandra,Hereford United,4,2,4,4,6,2,1
1991,Crewe Alexandra,Rotherham United,0,1,4,4,1,-1,0
1991,Doncaster Rovers,Barnet,1,0,4,4,1,1,1
1991,Doncaster Rovers,Cardiff City,1,2,4,4,3,-1,0
1991,Doncaster Rovers,Crewe Alexandra,1,3,4,4,4,-2,0
1991,Doncaster Rovers,Hereford United,2,0,4,4,2,2,1
1991,Doncaster Rovers,Rotherham United,1,1,4,4,2,0,0
1991,Gillingham,Barnet,3,3,4,4,6,0,0
1991,Gillingham,Cardiff City,0,0,4,4,0,0,0
1991,Gillingham,Rotherham United,5,1,4,4,6,4,1
1991,Halifax Town,Crewe Alexandra,2,1,4,4,3,1,1
1991,Halifax Town,Rotherham United,0,4,4,4,4,-4,0
1991,Halifax Town,Walsall,1,0,4,4,1,1,1
1991,Hereford United,Barnet,2,2,4,4,4,0,0
1991,Hereford United,Cardiff City,2,2,4,4,4,0,0
1991,Hereford United,Crewe Alexandra,1,2,4,4,3,-1,0
1991,Hereford United,Halifax Town,0,2,4,4,2,-2,0
1991,Hereford United,Mansfield Town,0,1,4,4,1,-1,0
1991,Hereford United,Rotherham United,1,0,4,4,1,1,1
1991,Lincoln City,Barnet,0,6,4,4,6,-6,0
1991,Lincoln City,Cardiff City,0,0,4,4,0,0,0
1991,Lincoln City,Crewe Alexandra,2,2,4,4,4,0,0
1991,Lincoln City,Halifax Town,0,0,4,4,0,0,0
1991,Lincoln City,Mansfield Town,2,0,4,4,2,2,1
1991,Lincoln City,Walsall,1,0,4,4,1,1,1
1991,Maidstone United,Barnet,1,1,4,4,2,0,0
1991,Mansfield Town,Barnet,1,2,4,4,3,-1,0
1991,Mansfield Town,Cardiff City,3,0,4,4,3,3,1
1991,Mansfield Town,Halifax Town,3,2,4,4,5,1,1
1991,Mansfield Town,Maidstone United,2,0,4,4,2,2,1
1991,Northampton Town,Barnet,1,1,4,4,2,0,0
1991,Northampton Town,Cardiff City,0,0,4,4,0,0,0
1991,Northampton Town,Crewe Alexandra,0,1,4,4,1,-1,0
1991,Rochdale,Crewe Alexandra,1,0,4,4,1,1,1
1991,Rochdale,Rotherham United,1,1,4,4,2,0,0
1991,Rotherham United,Crewe Alexandra,1,2,4,4,3,-1,0
1991,Rotherham United,Maidstone United,3,3,4,4,6,0,0
1991,Rotherham United,Walsall,2,1,4,4,3,1,1
1991,Scarborough,Barnet,0,4,4,4,4,-4,0
1991,Scarborough,Halifax Town,3,0,4,4,3,3,1
1991,Scarborough,Maidstone United,2,0,4,4,2,2,1
1991,Scunthorpe United,Barnet,1,1,4,4,2,0,0
1991,Scunthorpe United,Halifax Town,1,0,4,4,1,1,1
1991,Walsall,Crewe Alexandra,2,3,4,4,5,-1,0
1991,Walsall,Maidstone United,1,1,4,4,2,0,0
1991,Wrexham,Cardiff City,0,3,4,4,3,-3,0
1991,Wrexham,Crewe Alexandra,1,0,4,4,1,1,1
1991,Wrexham,Maidstone United,0,0,4,4,0,0,0
1991,Wrexham,Scunthorpe United,4,0,4,4,4,4,1
1991,York City,Barnet,1,4,4,4,5,-3,0
1991,York City,Cardiff City,1,3,4,4,4,-2,0
1991,York City,Rochdale,0,1,4,4,1,-1,0
1991,York City,Scunthorpe United,3,0,4,4,3,3,1
1992,Arsenal,Aston Villa,0,1,1,1,1,-1,0
1992,Arsenal,Coventry City,3,0,1,1,3,3,1
1992,Arsenal,Manchester City,1,0,1,1,1,1,1
1992,Arsenal,Norwich City,2,4,1,1,6,-2,0
1992,Arsenal,Queens Park Rangers,0,0,1,1,0,0,0
1992,Arsenal,Southampton,4,3,1,1,7,1,1
1992,Aston Villa,Coventry City,0,0,1,1,0,0,0
1992,Aston Villa,Norwich City,2,3,1,1,5,-1,0
1992,Aston Villa,Southampton,1,1,1,1,2,0,0
1992,Blackburn Rovers,Coventry City,2,5,1,1,7,-3,0
1992,Blackburn Rovers,Manchester City,1,0,1,1,1,1,1
1992,Blackburn Rovers,Southampton,0,0,1,1,0,0,0
1992,Chelsea,Ipswich Town,2,1,1,1,3,1,1
1992,Chelsea,Manchester City,2,4,1,1,6,-2,0
1992,Chelsea,Norwich City,2,3,1,1,5,-1,0
1992,Chelsea,Queens Park Rangers,1,0,1,1,1,1,1
1992,Chelsea,Southampton,1,1,1,1,2,0,0
1992,Crystal Palace,Arsenal,1,2,1,1,3,-1,0
1992,Crystal Palace,Chelsea,1,1,1,1,2,0,0
1992,Crystal Palace,Ipswich Town,3,1,1,1,4,2,1
1992,Crystal Palace,Manchester City,0,0,1,1,0,0,0
1992,Crystal Palace,Queens Park Rangers,1,1,1,1,2,0,0
1992,Crystal Palace,Southampton,1,2,1,1,3,-1,0
1992,Everton,Chelsea,0,1,1,1,1,-1,0
1992,Everton,Norwich City,0,1,1,1,1,-1,0
1992,Ipswich Town,Arsenal,1,2,1,1,3,-1,0
1992,Ipswich Town,Chelsea,1,1,1,1,2,0,0
1992,Ipswich Town,Manchester City,3,1,1,1,4,2,1
1992,Ipswich Town,Queens Park Rangers,1,1,1,1,2,0,0
1992,Ipswich Town,Southampton,0,0,1,1,0,0,0
1992,Leeds United,Chelsea,1,1,1,1,2,0,0
1992,Leeds United,Everton,2,0,1,1,2,2,1
1992,Leeds United,Norwich City,0,0,1,1,0,0,0
1992,Leeds United,Queens Park Rangers,1,1,1,1,2,0,0
1992,Leeds United,Southampton,2,1,1,1,3,1,1
1992,Liverpool,Queens Park Rangers,1,0,1,1,1,1,1
1992,Liverpool,Southampton,1,1,1,1,2,0,0
1992,Manchester City,Norwich City,3,1,1,1,4,2,1
1992,Manchester City,Queens Park Rangers,1,1,1,1,2,0,0
1992,Manchester United,Arsenal,0,0,1,1,0,0,0
1992,Manchester United,Everton,0,3,1,1,3,-3,0
1992,Manchester United,Liverpool,2,2,1,1,4,0,0
1992,Manchester United,Southampton,2,1,1,1,3,1,1
1992,Middlesbrough,Chelsea,0,0,1,1,0,0,0
1992,Middlesbrough,Everton,1,2,1,1,3,-1,0
1992,Middlesbrough,Southampton,2,1,1,1,3,1,1
1992,Norwich City,Arsenal,1,1,1,1,2,0,0
1992,Norwich City,Queens Park Rangers,2,1,1,1,3,1,1
1992,Nottingham Forest,Arsenal,0,1,1,1,1,-1,0
1992,Nottingham Forest,Everton,0,1,1,1,1,-1,0
1992,Nottingham Forest,Liverpool,1,0,1,1,1,1,1
1992,Nottingham Forest,Southampton,1,2,1,1,3,-1,0
1992,Oldham Athletic,Chelsea,3,1,1,1,4,2,1
1992,Oldham Athletic,Everton,1,0,1,1,1,1,1
1992,Oldham Athletic,Liverpool,3,2,1,1,5,1,1
1992,Oldham Athletic,Middlesbrough,4,1,1,1,5,3,1
1992,Oldham Athletic,Queens Park Rangers,2,2,1,1,4,0,0
1992,Queens Park Rangers,Arsenal,0,0,1,1,0,0,0
1992,Queens Park Rangers,Everton,4,2,1,1,6,2,1
1992,Sheffield United,Chelsea,4,2,1,1,6,2,1
1992,Sheffield United,Everton,1,0,1,1,1,1,1
1992,Sheffield United,Middlesbrough,2,0,1,1,2,2,1
1992,Sheffield United,Oldham Athletic,2,0,1,1,2,2,1
1992,Sheffield United,Southampton,2,0,1,1,2,2,1
1992,Sheffield Wednesday,Arsenal,1,0,1,1,1,1,1
1992,Sheffield Wednesday,Oldham Athletic,2,1,1,1,3,1,1
1992,Sheffield Wednesday,Southampton,5,2,1,1,7,3,1
1992,Southampton,Middlesbrough,2,1,1,1,3,1,1
1992,Southampton,Sheffield Wednesday,1,2,1,1,3,-1,0
1992,Tottenham Hotspur,Chelsea,1,2,1,1,3,-1,0
1992,Tottenham Hotspur,Oldham Athletic,4,1,1,1,5,3,1
1992,Wimbledon,Arsenal,3,2,1,1,5,1,1
1992,Wimbledon,Sheffield Wednesday,1,1,1,1,2,0,0
1992,Barnsley,Bristol Rovers,2,1,2,2,3,1,1
1992,Barnsley,Notts County,0,0,2,2,0,0,0
1992,Barnsley,West Ham United,0,1,2,2,1,-1,0
1992,Birmingham City,Oxford United,1,0,2,2,1,1,1
1992,Birmingham City,Southend United,2,0,2,2,2,2,1
1992,Birmingham City,Wolverhampton Wanderers,0,4,2,2,4,-4,0
1992,Brentford,Newcastle United,1,2,2,2,3,-1,0
1992,Brentford,Peterborough United,0,1,2,2,1,-1,0
1992,Brentford,Watford,1,1,2,2,2,0,0
1992,Bristol City,Bristol Rovers,2,1,2,2,3,1,1
1992,Bristol City,Derby County,0,0,2,2,0,0,0
1992,Bristol City,Luton Town,0,0,2,2,0,0,0
1992,Bristol City,Notts County,1,0,2,2,1,1,1
1992,Bristol City,West Ham United,1,5,2,2,6,-4,0
1992,Bristol Rovers,Millwall,1,0,2,2,1,1,1
1992,Bristol Rovers,Oxford United,0,1,2,2,1,-1,0
1992,Bristol Rovers,Tranmere Rovers,1,0,2,2,1,1,1
1992,Cambridge United,Brentford,1,0,2,2,1,1,1
1992,Cambridge United,Leicester City,1,3,2,2,4,-2,0
1992,Cambridge United,Newcastle United,0,3,2,2,3,-3,0
1992,Cambridge United,Peterborough United,2,2,2,2,4,0,0
1992,Cambridge United,Sunderland,2,1,2,2,3,1,1
1992,Cambridge United,Watford,1,1,2,2,2,0,0
1992,Charlton Athletic,Barnsley,0,0,2,2,0,0,0
1992,Charlton Athletic,Derby County,2,1,2,2,3,1,1
1992,Charlton Athletic,Notts County,2,1,2,2,3,1,1
1992,Derby County,Birmingham City,3,1,2,2,4,2,1
1992,Derby County,Millwall,1,2,2,2,3,-1,0
1992,Derby County,Southend United,2,0,2,2,2,2,1
1992,Grimsby Town,Leicester City,1,3,2,2,4,-2,0
1992,Grimsby Town,Newcastle United,0,2,2,2,2,-2,0
1992,Grimsby Town,Watford,3,2,2,2,5,1,1
1992,Leicester City,Barnsley,2,1,2,2,3,1,1
1992,Leicester City,Bristol City,0,0,2,2,0,0,0
1992,Leicester City,Swindon Town,4,2,2,2,6,2,1
1992,Leicester City,West Ham United,1,2,2,2,3,-1,0
1992,Luton Town,Millwall,1,1,2,2,2,0,0
1992,Millwall,Brentford,6,1,2,2,7,5,1
1992,Millwall,Cambridge United,2,2,2,2,4,0,0
1992,Millwall,Grimsby Town,2,1,2,2,3,1,1
1992,Millwall,Peterborough United,4,0,2,2,4,4,1
1992,Millwall,Sunderland,0,0,2,2,0,0,0
1992,Newcastle United,Charlton Athletic,2,2,2,2,4,0,0
1992,Newcastle United,Notts County,4,0,2,2,4,4,1
1992,Newcastle United,Swindon Town,0,0,2,2,0,0,0
1992,Notts County,Birmingham City,3,1,2,2,4,2,1
1992,Notts County,Bristol Rovers,3,0,2,2,3,3,1
1992,Notts County,Luton Town,0,0,2,2,0,0,0
1992,Notts County,Tranmere Rovers,5,1,2,2,6,4,1
1992,Notts County,Wolverhampton Wanderers,2,2,2,2,4,0,0
1992,Oxford United,Cambridge United,3,0,2,2,3,3,1
1992,Oxford United,Grimsby Town,0,1,2,2,1,-1,0
1992,Oxford United,Peterborough United,2,1,2,2,3,1,1
1992,Oxford United,Sunderland,0,1,2,2,1,-1,0
1992,Oxford United,Watford,1,1,2,2,2,0,0
1992,Peterborough United,Newcastle United,0,1,2,2,1,-1,0
1992,Peterborough United,Portsmouth,1,1,2,2,2,0,0
1992,Portsmouth,Luton Town,2,1,2,2,3,1,1
1992,Southend United,Brentford,3,0,2,2,3,3,1
1992,Southend United,Millwall,3,3,2,2,6,0,0
1992,Southend United,Watford,1,2,2,2,3,-1,0
1992,Sunderland,Bristol City,0,0,2,2,0,0,0
1992,Sunderland,Charlton Athletic,0,2,2,2,2,-2,0
1992,Sunderland,West Ham United,0,0,2,2,0,0,0
1992,Swindon Town,Bristol Rovers,2,2,2,2,4,0,0
1992,Swindon Town,Derby County,2,4,2,2,6,-2,0
1992,Swindon Town,Luton Town,1,0,2,2,1,1,1
1992,Swindon Town,Portsmouth,1,0,2,2,1,1,1
1992,Swindon Town,Wolverhampton Wanderers,1,0,2,2,1,1,1
1992,Tranmere Rovers,Oxford United,4,0,2,2,4,4,1
1992,Watford,Bristol City,0,0,2,2,0,0,0
1992,Watford,Charlton Athletic,1,1,2,2,2,0,0
1992,Watford,Newcastle United,1,0,2,2,1,1,1
1992,Watford,Peterborough United,1,2,2,2,3,-1,0
1992,Watford,West Ham United,1,2,2,2,3,-1,0
1992,West Ham United,Birmingham City,3,1,2,2,4,2,1
1992,West Ham United,Luton Town,2,2,2,2,4,0,0
1992,West Ham United,Notts County,2,0,2,2,2,2,1
1992,West Ham United,Portsmouth,2,0,2,2,2,2,1
1992,Wolverhampton Wanderers,Cambridge United,1,2,2,2,3,-1,0
1992,Wolverhampton Wanderers,Tranmere Rovers,0,2,2,2,2,-2,0
1992,AFC Bournemouth,Blackpool,5,1,3,3,6,4,1
1992,AFC Bournemouth,Huddersfield Town,1,1,3,3,2,0,0
1992,Blackpool,Burnley,1,3,3,3,4,-2,0
1992,Blackpool,Stoke City,1,3,3,3,4,-2,0
1992,Bolton Wanderers,Bradford City,5,0,3,3,5,5,1
1992,Bolton Wanderers,Hartlepool United,1,2,3,3,3,-1,0
1992,Bolton Wanderers,Leyton Orient,1,0,3,3,1,1,1
1992,Bolton Wanderers,Port Vale,1,1,3,3,2,0,0
1992,Bolton Wanderers,Swansea City,3,1,3,3,4,2,1
1992,Bradford City,AFC Bournemouth,0,1,3,3,1,-1,0
1992,Bradford City,Brighton & Hove Albion,1,1,3,3,2,0,0
1992,Bradford City,Exeter City,3,1,3,3,4,2,1
1992,Bradford City,Preston North End,4,0,3,3,4,4,1
1992,Bradford City,Stockport County,2,3,3,3,5,-1,0
1992,Brighton & Hove Albion,Burnley,3,0,3,3,3,3,1
1992,Brighton & Hove Albion,Reading,0,1,3,3,1,-1,0
1992,Brighton & Hove Albion,Stoke City,2,2,3,3,4,0,0
1992,Brighton & Hove Albion,Wigan Athletic,1,0,3,3,1,1,1
1992,Burnley,Chester,5,0,3,3,5,5,1
1992,Burnley,Hartlepool United,3,0,3,3,3,3,1
1992,Burnley,Leyton Orient,2,0,3,3,2,2,1
1992,Burnley,Port Vale,1,1,3,3,2,0,0
1992,Burnley,Swansea City,1,0,3,3,1,1,1
1992,Chester,Stockport County,0,3,3,3,3,-3,0
1992,Exeter City,Brighton & Hove Albion,2,3,3,3,5,-1,0
1992,Exeter City,Hull City,1,1,3,3,2,0,0
1992,Exeter City,Reading,0,0,3,3,0,0,0
1992,Exeter City,Stoke City,2,2,3,3,4,0,0
1992,Fulham,Rotherham United,0,1,3,3,1,-1,0
1992,Hartlepool United,Bradford City,2,0,3,3,2,2,1
1992,Hartlepool United,Huddersfield Town,1,0,3,3,1,1,1
1992,Hartlepool United,Preston North End,0,0,3,3,0,0,0
1992,Hartlepool United,West Bromwich Albion,2,2,3,3,4,0,0
1992,Huddersfield Town,Blackpool,5,2,3,3,7,3,1
1992,Huddersfield Town,Brighton & Hove Albion,1,2,3,3,3,-1,0
1992,Huddersfield Town,Exeter City,0,0,3,3,0,0,0
1992,Huddersfield Town,Hull City,3,0,3,3,3,3,1
1992,Huddersfield Town,Plymouth Argyle,2,1,3,3,3,1,1
1992,Huddersfield Town,Reading,0,0,3,3,0,0,0
1992,Huddersfield Town,Wigan Athletic,2,1,3,3,3,1,1
1992,Hull City,Rotherham United,0,1,3,3,1,-1,0
1992,Leyton Orient,AFC Bournemouth,1,0,3,3,1,1,1
1992,Leyton Orient,Bradford City,4,2,3,3,6,2,1
1992,Leyton Orient,Chester,4,3,3,3,7,1,1
1992,Leyton Orient,Hartlepool United,0,0,3,3,0,0,0
1992,Leyton Orient,Mansfield Town,5,1,3,3,6,4,1
1992,Leyton Orient,Stockport County,3,0,3,3,3,3,1
1992,Mansfield Town,Blackpool,2,2,3,3,4,0,0
1992,Mansfield Town,Brighton & Hove Albion,1,3,3,3,4,-2,0
1992,Mansfield Town,Huddersfield Town,1,2,3,3,3,-1,0
1992,Plymouth Argyle,Bolton Wanderers,2,1,3,3,3,1,1
1992,Plymouth Argyle,Burnley,1,2,3,3,3,-1,0
1992,Plymouth Argyle,Hull City,0,0,3,3,0,0,0
1992,Plymouth Argyle,Port Vale,0,1,3,3,1,-1,0
1992,Port Vale,Hartlepool United,2,0,3,3,2,2,1
1992,Port Vale,Stockport County,0,0,3,3,0,0,0
1992,Preston North End,Exeter City,2,2,3,3,4,0,0
1992,Preston North End,Huddersfield Town,2,1,3,3,3,1,1
1992,Preston North End,Reading,2,0,3,3,2,2,1
1992,Preston North End,Stoke City,1,2,3,3,3,-1,0
1992,Preston North End,Wigan Athletic,2,0,3,3,2,2,1
1992,Reading,Fulham,3,0,3,3,3,3,1
1992,Reading,Hull City,1,2,3,3,3,-1,0
1992,Reading,Rotherham United,3,1,3,3,4,2,1
1992,Rotherham United,Bradford City,2,0,3,3,2,2,1
1992,Rotherham United,Port Vale,4,1,3,3,5,3,1
1992,Stockport County,Huddersfield Town,5,0,3,3,5,5,1
1992,Stockport County,Mansfield Town,0,1,3,3,1,-1,0
1992,Stockport County,Preston North End,3,0,3,3,3,3,1
1992,Stockport County,Stoke City,1,1,3,3,2,0,0
1992,Stoke City,Burnley,1,1,3,3,2,0,0
1992,Stoke City,Plymouth Argyle,1,0,3,3,1,1,1
1992,Stoke City,Reading,2,0,3,3,2,2,1
1992,Stoke City,Swansea City,2,1,3,3,3,1,1
1992,Swansea City,Bradford City,1,1,3,3,2,0,0
1992,Swansea City,Chester,4,2,3,3,6,2,1
1992,Swansea City,Hartlepool United,3,0,3,3,3,3,1
1992,Swansea City,Port Vale,2,0,3,3,2,2,1
1992,Swansea City,Rotherham United,2,0,3,3,2,2,1
1992,Swansea City,West Bromwich Albion,0,0,3,3,0,0,0
1992,West Bromwich Albion,Brighton & Hove Albion,3,1,3,3,4,2,1
1992,West Bromwich Albion,Exeter City,2,0,3,3,2,2,1
1992,West Bromwich Albion,Mansfield Town,2,0,3,3,2,2,1
1992,West Bromwich Albion,Preston North End,3,2,3,3,5,1,1
1992,Wigan Athletic,Bolton Wanderers,0,2,3,3,2,-2,0
1992,Wigan Athletic,Burnley,1,1,3,3,2,0,0
1992,Wigan Athletic,Fulham,1,3,3,3,4,-2,0
1992,Wigan Athletic,Hull City,2,0,3,3,2,2,1
1992,Wigan Athletic,Plymouth Argyle,0,2,3,3,2,-2,0
1992,Wigan Athletic,Stoke City,1,1,3,3,2,0,0
1992,Barnet,Bury,1,0,4,4,1,1,1
1992,Barnet,Darlington,0,0,4,4,0,0,0
1992,Barnet,Halifax Town,0,0,4,4,0,0,0
1992,Barnet,Northampton Town,3,0,4,4,3,3,1
1992,Barnet,Scunthorpe United,3,0,4,4,3,3,1
1992,Bury,Barnet,0,0,4,4,0,0,0
1992,Bury,Chesterfield,3,0,4,4,3,3,1
1992,Bury,Darlington,1,1,4,4,2,0,0
1992,Bury,Halifax Town,1,2,4,4,3,-1,0
1992,Bury,Walsall,2,1,4,4,3,1,1
1992,Cardiff City,Barnet,1,1,4,4,2,0,0
1992,Cardiff City,Darlington,0,0,4,4,0,0,0
1992,Cardiff City,Scunthorpe United,3,0,4,4,3,3,1
1992,Carlisle United,Barnet,0,1,4,4,1,-1,0
1992,Carlisle United,Darlington,2,2,4,4,4,0,0
1992,Carlisle United,Halifax Town,1,1,4,4,2,0,0
1992,Carlisle United,Northampton Town,2,0,4,4,2,2,1
1992,Carlisle United,Walsall,3,4,4,4,7,-1,0
1992,Chesterfield,Barnet,1,2,4,4,3,-1,0
1992,Chesterfield,Halifax Town,2,1,4,4,3,1,1
1992,Chesterfield,Northampton Town,1,3,4,4,4,-2,0
1992,Colchester United,Barnet,1,2,4,4,3,-1,0
1992,Colchester United,Carlisle United,2,1,4,4,3,1,1
1992,Colchester United,Halifax Town,2,1,4,4,3,1,1
1992,Colchester United,Northampton Town,2,0,4,4,2,2,1
1992,Colchester United,Scunthorpe United,1,0,4,4,1,1,1
1992,Crewe Alexandra,Darlington,1,0,4,4,1,1,1
1992,Crewe Alexandra,Halifax Town,2,1,4,4,3,1,1
1992,Crewe Alexandra,Northampton Town,3,2,4,4,5,1,1
1992,Crewe Alexandra,Walsall,0,1,4,4,1,-1,0
1992,Darlington,Carlisle United,1,1,4,4,2,0,0
1992,Darlington,Crewe Alexandra,3,0,4,4,3,3,1
1992,Darlington,Halifax Town,0,3,4,4,3,-3,0
1992,Darlington,Walsall,1,2,4,4,3,-1,0
1992,Doncaster Rovers,Crewe Alexandra,1,1,4,4,2,0,0
1992,Doncaster Rovers,Halifax Town,0,1,4,4,1,-1,0
1992,Doncaster Rovers,Walsall,0,3,4,4,3,-3,0
1992,Gillingham,Crewe Alexandra,1,2,4,4,3,-1,0
1992,Gillingham,Scunthorpe United,1,1,4,4,2,0,0
1992,Gillingham,Walsall,0,1,4,4,1,-1,0
1992,Halifax Town,Carlisle United,0,2,4,4,2,-2,0
1992,Halifax Town,Northampton Town,2,2,4,4,4,0,0
1992,Halifax Town,Scunthorpe United,0,0,4,4,0,0,0
1992,Halifax Town,Walsall,0,4,4,4,4,-4,0
1992,Hereford United,Barnet,1,1,4,4,2,0,0
1992,Hereford United,Carlisle United,1,0,4,4,1,1,1
1992,Hereford United,Crewe Alexandra,0,1,4,4,1,-1,0
1992,Hereford United,Gillingham,3,1,4,4,4,2,1
1992,Hereford United,Northampton Town,3,2,4,4,5,1,1
1992,Hereford United,Scunthorpe United,2,2,4,4,4,0,0
1992,Hereford United,Walsall,1,3,4,4,4,-2,0
1992,Lincoln City,Barnet,4,1,4,4,5,3,1
1992,Lincoln City,Crewe Alexandra,1,1,4,4,2,0,0
1992,Lincoln City,Northampton Town,2,0,4,4,2,2,1
1992,Lincoln City,Scunthorpe United,1,0,4,4,1,1,1
1992,Northampton Town,Carlisle United,2,0,4,4,2,2,1
1992,Northampton Town,Gillingham,2,2,4,4,4,0,0
1992,Northampton Town,Scunthorpe United,1,0,4,4,1,1,1
1992,Rochdale,Carlisle United,2,2,4,4,4,0,0
1992,Rochdale,Gillingham,1,1,4,4,2,0,0
1992,Scarborough,Gillingham,1,1,4,4,2,0,0
1992,Scunthorpe United,Barnet,2,0,4,4,2,2,1
1992,Scunthorpe United,Carlisle United,0,0,4,4,0,0,0
1992,Scunthorpe United,Crewe Alexandra,3,3,4,4,6,0,0
1992,Scunthorpe United,Lincoln City,1,1,4,4,2,0,0
1992,Scunthorpe United,Walsall,2,0,4,4,2,2,1
1992,Shrewsbury Town,Barnet,1,0,4,4,1,1,1
1992,Shrewsbury Town,Carlisle United,2,3,4,4,5,-1,0
1992,Shrewsbury Town,Crewe Alexandra,4,1,4,4,5,3,1
1992,Shrewsbury Town,Lincoln City,3,2,4,4,5,1,1
1992,Shrewsbury Town,Scarborough,2,0,4,4,2,2,1
1992,Torquay United,Crewe Alexandra,1,2,4,4,3,-1,0
1992,Torquay United,Lincoln City,1,2,4,4,3,-1,0
1992,Torquay United,Walsall,0,1,4,4,1,-1,0
1992,Walsall,Barnet,2,0,4,4,2,2,1
1992,Walsall,Carlisle United,2,1,4,4,3,1,1
1992,Walsall,Crewe Alexandra,1,0,4,4,1,1,1
1992,Walsall,Gillingham,1,1,4,4,2,0,0
1992,Walsall,Lincoln City,1,2,4,4,3,-1,0
1992,Walsall,Torquay United,2,2,4,4,4,0,0
1992,Wrexham,Barnet,2,3,4,4,5,-1,0
1992,Wrexham,Carlisle United,3,1,4,4,4,2,1
1992,Wrexham,Crewe Alexandra,2,0,4,4,2,2,1
1992,Wrexham,Gillingham,2,0,4,4,2,2,1
1992,York City,Carlisle United,2,2,4,4,4,0,0
1992,York City,Crewe Alexandra,3,1,4,4,4,2,1
1992,York City,Gillingham,1,1,4,4,2,0,0
1992,York City,Lincoln City,2,0,4,4,2,2,1
1993,Arsenal,Coventry City,0,3,1,1,3,-3,0
1993,Arsenal,Leeds United,2,1,1,1,3,1,1
1993,Arsenal,Sheffield Wednesday,1,0,1,1,1,1,1
1993,Aston Villa,Arsenal,1,2,1,1,3,-1,0
1993,Aston Villa,Coventry City,0,0,1,1,0,0,0
1993,Aston Villa,Leeds United,1,0,1,1,1,1,1
1993,Aston Villa,Manchester United,1,2,1,1,3,-1,0
1993,Aston Villa,Oldham Athletic,1,2,1,1,3,-1,0
1993,Aston Villa,Sheffield Wednesday,2,2,1,1,4,0,0
1993,Blackburn Rovers,Manchester United,2,0,1,1,2,2,1
1993,Blackburn Rovers,Oldham Athletic,1,0,1,1,1,1,1
1993,Chelsea,Leeds United,1,1,1,1,2,0,0
1993,Chelsea,Manchester United,1,0,1,1,1,1,1
1993,Chelsea,Tottenham Hotspur,4,3,1,1,7,1,1
1993,Coventry City,Chelsea,1,1,1,1,2,0,0
1993,Coventry City,Manchester United,0,1,1,1,1,-1,0
1993,Coventry City,Tottenham Hotspur,1,0,1,1,1,1,1
1993,Everton,Arsenal,1,1,1,1,2,0,0
1993,Everton,Leeds United,1,1,1,1,2,0,0
1993,Everton,Oldham Athletic,2,1,1,1,3,1,1
1993,Everton,Tottenham Hotspur,0,1,1,1,1,-1,0
1993,Ipswich Town,Arsenal,1,5,1,1,6,-4,0
1993,Ipswich Town,Chelsea,1,0,1,1,1,1,1
1993,Ipswich Town,Manchester United,1,2,1,1,3,-1,0
1993,Ipswich Town,Sheffield Wednesday,1,4,1,1,5,-3,0
1993,Ipswich Town,Tottenham Hotspur,2,2,1,1,4,0,0
1993,Leeds United,Arsenal,2,1,1,1,3,1,1
1993,Leeds United,Chelsea,4,1,1,1,5,3,1
1993,Leeds United,Manchester United,0,2,1,1,2,-2,0
1993,Leeds United,Oldham Athletic,1,0,1,1,1,1,1
1993,Leeds United,Sheffield Wednesday,2,2,1,1,4,0,0
1993,Liverpool,Arsenal,0,0,1,1,0,0,0
1993,Liverpool,Ipswich Town,1,0,1,1,1,1,1
1993,Liverpool,Oldham Athletic,2,1,1,1,3,1,1
1993,Manchester City,Arsenal,0,0,1,1,0,0,0
1993,Manchester City,Sheffield Wednesday,1,3,1,1,4,-2,0
1993,Manchester City,Tottenham Hotspur,0,2,1,1,2,-2,0
1993,Manchester United,Arsenal,1,0,1,1,1,1,1
1993,Manchester United,Chelsea,0,1,1,1,1,-1,0
1993,Manchester United,Manchester City,2,0,1,1,2,2,1
1993,Manchester United,Oldham Athletic,3,2,1,1,5,1,1
1993,Manchester United,Tottenham Hotspur,2,1,1,1,3,1,1
1993,Newcastle United,Arsenal,2,0,1,1,2,2,1
1993,Newcastle United,Ipswich Town,2,0,1,1,2,2,1
1993,Newcastle United,Manchester City,2,0,1,1,2,2,1
1993,Newcastle United,Oldham Athletic,3,2,1,1,5,1,1
1993,Newcastle United,Sheffield Wednesday,4,2,1,1,6,2,1
1993,Norwich City,Arsenal,1,1,1,1,2,0,0
1993,Norwich City,Oldham Athletic,1,1,1,1,2,0,0
1993,Norwich City,Sheffield Wednesday,1,1,1,1,2,0,0
1993,Norwich City,Tottenham Hotspur,1,2,1,1,3,-1,0
1993,Oldham Athletic,Chelsea,2,1,1,1,3,1,1
1993,Oldham Athletic,Manchester City,0,0,1,1,0,0,0
1993,Oldham Athletic,Sheffield Wednesday,0,0,1,1,0,0,0
1993,Queens Park Rangers,Chelsea,1,1,1,1,2,0,0
1993,Queens Park Rangers,Ipswich Town,3,0,1,1,3,3,1
1993,Queens Park Rangers,Manchester City,1,1,1,1,2,0,0
1993,Queens Park Rangers,Norwich City,2,2,1,1,4,0,0
1993,Sheffield United,Arsenal,1,1,1,1,2,0,0
1993,Sheffield United,Chelsea,1,0,1,1,1,1,1
1993,Sheffield United,Ipswich Town,1,1,1,1,2,0,0
1993,Sheffield United,Tottenham Hotspur,2,2,1,1,4,0,0
1993,Sheffield Wednesday,Sheffield United,3,1,1,1,4,2,1
1993,Sheffield Wednesday,Tottenham Hotspur,1,0,1,1,1,1,1
1993,Southampton,Arsenal,0,4,1,1,4,-4,0
1993,Southampton,Chelsea,3,1,1,1,4,2,1
1993,Southampton,Ipswich Town,0,1,1,1,1,-1,0
1993,Southampton,Norwich City,0,1,1,1,1,-1,0
1993,Southampton,Sheffield United,3,3,1,1,6,0,0
1993,Southampton,Tottenham Hotspur,1,0,1,1,1,1,1
1993,Swindon Town,Arsenal,0,4,1,1,4,-4,0
1993,Swindon Town,Ipswich Town,2,2,1,1,4,0,0
1993,Swindon Town,Manchester City,1,3,1,1,4,-2,0
1993,Swindon Town,Norwich City,3,3,1,1,6,0,0
1993,Swindon Town,Sheffield United,0,0,1,1,0,0,0
1993,Swindon Town,Tottenham Hotspur,2,1,1,1,3,1,1
1993,Tottenham Hotspur,Arsenal,0,1,1,1,1,-1,0
1993,Tottenham Hotspur,Ipswich Town,1,1,1,1,2,0,0
1993,Tottenham Hotspur,Norwich City,1,3,1,1,4,-2,0
1993,West Ham United,Arsenal,0,0,1,1,0,0,0
1993,West Ham United,Chelsea,1,0,1,1,1,1,1
1993,West Ham United,Ipswich Town,2,1,1,1,3,1,1
1993,West Ham United,Manchester City,3,1,1,1,4,2,1
1993,West Ham United,Norwich City,3,3,1,1,6,0,0
1993,Wimbledon,Chelsea,1,1,1,1,2,0,0
1993,Wimbledon,Manchester City,1,0,1,1,1,1,1
1993,Wimbledon,Norwich City,3,1,1,1,4,2,1
1993,Wimbledon,Sheffield United,2,0,1,1,2,2,1
1993,Wimbledon,Swindon Town,3,0,1,1,3,3,1
1993,Barnsley,Grimsby Town,1,2,2,2,3,-1,0
1993,Barnsley,Notts County,0,3,2,2,3,-3,0
1993,Barnsley,Sunderland,4,0,2,2,4,4,1
1993,Birmingham City,Millwall,1,0,2,2,1,1,1
1993,Birmingham City,Oxford United,1,1,2,2,2,0,0
1993,Birmingham City,Southend United,3,1,2,2,4,2,1
1993,Birmingham City,Tranmere Rovers,0,3,2,2,3,-3,0
1993,Birmingham City,Wolverhampton Wanderers,2,2,2,2,4,0,0
1993,Bolton Wanderers,Derby County,0,2,2,2,2,-2,0
1993,Bolton Wanderers,Peterborough United,1,1,2,2,2,0,0
1993,Bolton Wanderers,Watford,3,1,2,2,4,2,1
1993,Bristol City,Barnsley,0,2,2,2,2,-2,0
1993,Bristol City,Charlton Athletic,0,0,2,2,0,0,0
1993,Bristol City,Notts County,0,2,2,2,2,-2,0
1993,Bristol City,Sunderland,2,0,2,2,2,2,1
1993,Bristol City,West Bromwich Albion,0,0,2,2,0,0,0
1993,Charlton Athletic,Birmingham City,1,0,2,2,1,1,1
1993,Charlton Athletic,Crystal Palace,0,0,2,2,0,0,0
1993,Charlton Athletic,Millwall,0,0,2,2,0,0,0
1993,Charlton Athletic,Oxford United,1,0,2,2,1,1,1
1993,Charlton Athletic,Wolverhampton Wanderers,0,1,2,2,1,-1,0
1993,Crystal Palace,Bolton Wanderers,1,1,2,2,2,0,0
1993,Crystal Palace,Nottingham Forest,2,0,2,2,2,2,1
1993,Crystal Palace,Peterborough United,3,2,2,2,5,1,1
1993,Crystal Palace,Watford,0,2,2,2,2,-2,0
1993,Derby County,Grimsby Town,2,1,2,2,3,1,1
1993,Derby County,Middlesbrough,0,1,2,2,1,-1,0
1993,Derby County,Notts County,1,1,2,2,2,0,0
1993,Derby County,Portsmouth,1,0,2,2,1,1,1
1993,Derby County,Sunderland,5,0,2,2,5,5,1
1993,Grimsby Town,Birmingham City,1,0,2,2,1,1,1
1993,Grimsby Town,Leicester City,0,0,2,2,0,0,0
1993,Grimsby Town,Oxford United,1,0,2,2,1,1,1
1993,Grimsby Town,Southend United,4,0,2,2,4,4,1
1993,Grimsby Town,Tranmere Rovers,0,0,2,2,0,0,0
1993,Leicester City,Crystal Palace,1,1,2,2,2,0,0
1993,Leicester City,Luton Town,2,1,2,2,3,1,1
1993,Leicester City,Nottingham Forest,1,0,2,2,1,1,1
1993,Leicester City,Peterborough United,2,1,2,2,3,1,1
1993,Luton Town,Bristol City,0,2,2,2,2,-2,0
1993,Luton Town,Derby County,2,1,2,2,3,1,1
1993,Luton Town,Middlesbrough,1,1,2,2,2,0,0
1993,Luton Town,Sunderland,2,1,2,2,3,1,1
1993,Luton Town,West Bromwich Albion,3,2,2,2,5,1,1
1993,Middlesbrough,Charlton Athletic,2,0,2,2,2,2,1
1993,Middlesbrough,Southend United,1,0,2,2,1,1,1
1993,Middlesbrough,Tranmere Rovers,0,0,2,2,0,0,0
1993,Middlesbrough,Wolverhampton Wanderers,1,0,2,2,1,1,1
1993,Millwall,Bolton Wanderers,1,0,2,2,1,1,1
1993,Millwall,Leicester City,0,0,2,2,0,0,0
1993,Millwall,Stoke City,2,0,2,2,2,2,1
1993,Millwall,Watford,4,1,2,2,5,3,1
1993,Nottingham Forest,Barnsley,2,1,2,2,3,1,1
1993,Nottingham Forest,Bristol City,0,0,2,2,0,0,0
1993,Nottingham Forest,Derby County,1,1,2,2,2,0,0
1993,Nottingham Forest,Luton Town,2,0,2,2,2,2,1
1993,Nottingham Forest,Notts County,1,0,2,2,1,1,1
1993,Nottingham Forest,Portsmouth,1,1,2,2,2,0,0
1993,Nottingham Forest,West Bromwich Albion,2,1,2,2,3,1,1
1993,Notts County,Birmingham City,2,1,2,2,3,1,1
1993,Notts County,Grimsby Town,2,1,2,2,3,1,1
1993,Notts County,Middlesbrough,2,3,2,2,5,-1,0
1993,Notts County,Oxford United,2,1,2,2,3,1,1
1993,Notts County,Tranmere Rovers,0,0,2,2,0,0,0
1993,Oxford United,Bolton Wanderers,0,2,2,2,2,-2,0
1993,Oxford United,Millwall,0,2,2,2,2,-2,0
1993,Oxford United,Peterborough United,1,2,2,2,3,-1,0
1993,Oxford United,Stoke City,1,0,2,2,1,1,1
1993,Peterborough United,Portsmouth,2,2,2,2,4,0,0
1993,Portsmouth,Middlesbrough,2,0,2,2,2,2,1
1993,Portsmouth,Tranmere Rovers,2,0,2,2,2,2,1
1993,Southend United,Bolton Wanderers,0,2,2,2,2,-2,0
1993,Southend United,Leicester City,0,0,2,2,0,0,0
1993,Southend United,Millwall,1,1,2,2,2,0,0
1993,Southend United,Oxford United,6,1,2,2,7,5,1
1993,Southend United,Watford,2,0,2,2,2,2,1
1993,Stoke City,Bristol City,3,0,2,2,3,3,1
1993,Stoke City,Luton Town,2,2,2,2,4,0,0
1993,Stoke City,Sunderland,1,0,2,2,1,1,1
1993,Sunderland,Middlesbrough,2,1,2,2,3,1,1
1993,Sunderland,Portsmouth,1,2,2,2,3,-1,0
1993,Sunderland,Wolverhampton Wanderers,0,2,2,2,2,-2,0
1993,Tranmere Rovers,Bolton Wanderers,2,1,2,2,3,1,1
1993,Tranmere Rovers,Leicester City,1,0,2,2,1,1,1
1993,Watford,Barnsley,0,2,2,2,2,-2,0
1993,Watford,Luton Town,2,2,2,2,4,0,0
1993,Watford,Nottingham Forest,1,2,2,2,3,-1,0
1993,Watford,Peterborough United,2,1,2,2,3,1,1
1993,Watford,West Bromwich Albion,0,1,2,2,1,-1,0
1993,West Bromwich Albion,Birmingham City,2,4,2,2,6,-2,0
1993,West Bromwich Albion,Grimsby Town,1,0,2,2,1,1,1
1993,West Bromwich Albion,Middlesbrough,1,1,2,2,2,0,0
1993,West Bromwich Albion,Portsmouth,4,1,2,2,5,3,1
1993,West Bromwich Albion,Sunderland,2,1,2,2,3,1,1
1993,West Bromwich Albion,Wolverhampton Wanderers,3,2,2,2,5,1,1
1993,Wolverhampton Wanderers,Leicester City,1,1,2,2,2,0,0
1993,Wolverhampton Wanderers,Millwall,2,0,2,2,2,2,1
1993,Wolverhampton Wanderers,Southend United,0,1,2,2,1,-1,0
1993,Wolverhampton Wanderers,Tranmere Rovers,2,1,2,2,3,1,1
1993,AFC Bournemouth,Barnet,1,1,3,3,2,0,0
1993,AFC Bournemouth,Burnley,1,0,3,3,1,1,1
1993,AFC Bournemouth,Exeter City,1,1,3,3,2,0,0
1993,AFC Bournemouth,Plymouth Argyle,0,1,3,3,1,-1,0
1993,AFC Bournemouth,Rotherham United,0,0,3,3,0,0,0
1993,Barnet,Hull City,1,2,3,3,3,-1,0
1993,Barnet,York City,1,3,3,3,4,-2,0
1993,Blackpool,Bradford City,1,3,3,3,4,-2,0
1993,Blackpool,Cardiff City,1,0,3,3,1,1,1
1993,Blackpool,Hartlepool United,2,1,3,3,3,1,1
1993,Bradford City,Brentford,1,0,3,3,1,1,1
1993,Bradford City,Exeter City,6,0,3,3,6,6,1
1993,Bradford City,Wrexham,1,0,3,3,1,1,1
1993,Brentford,Barnet,1,0,3,3,1,1,1
1993,Brentford,Cambridge United,3,3,3,3,6,0,0
1993,Brentford,Stockport County,1,1,3,3,2,0,0
1993,Brighton & Hove Albion,Cardiff City,3,5,3,3,8,-2,0
1993,Brighton & Hove Albion,Hartlepool United,1,1,3,3,2,0,0
1993,Brighton & Hove Albion,Swansea City,4,1,3,3,5,3,1
1993,Bristol Rovers,Burnley,3,1,3,3,4,2,1
1993,Bristol Rovers,Exeter City,1,1,3,3,2,0,0
1993,Bristol Rovers,Huddersfield Town,0,0,3,3,0,0,0
1993,Burnley,Barnet,5,0,3,3,5,5,1
1993,Burnley,Brentford,4,1,3,3,5,3,1
1993,Burnley,Cambridge United,3,0,3,3,3,3,1
1993,Burnley,Hull City,3,1,3,3,4,2,1
1993,Burnley,York City,2,1,3,3,3,1,1
1993,Cambridge United,Hartlepool United,1,0,3,3,1,1,1
1993,Cardiff City,AFC Bournemouth,2,1,3,3,3,1,1
1993,Cardiff City,Bristol Rovers,1,2,3,3,3,-1,0
1993,Cardiff City,Plymouth Argyle,2,3,3,3,5,-1,0
1993,Cardiff City,Rotherham United,1,0,3,3,1,1,1
1993,Exeter City,Burnley,4,1,3,3,5,3,1
1993,Exeter City,Fulham,6,4,3,3,10,2,1
1993,Exeter City,Port Vale,1,1,3,3,2,0,0
1993,Exeter City,York City,1,2,3,3,3,-1,0
1993,Fulham,Blackpool,1,0,3,3,1,1,1
1993,Fulham,Brighton & Hove Albion,0,1,3,3,1,-1,0
1993,Fulham,Hartlepool United,2,0,3,3,2,2,1
1993,Fulham,Leyton Orient,2,3,3,3,5,-1,0
1993,Hartlepool United,Bradford City,1,2,3,3,3,-1,0
1993,Hartlepool United,Bristol Rovers,2,1,3,3,3,1,1
1993,Hartlepool United,Cardiff City,3,0,3,3,3,3,1
1993,Hartlepool United,Plymouth Argyle,1,8,3,3,9,-7,0
1993,Hartlepool United,Rotherham United,2,0,3,3,2,2,1
1993,Huddersfield Town,Barnet,1,2,3,3,3,-1,0
1993,Huddersfield Town,Burnley,1,1,3,3,2,0,0
1993,Huddersfield Town,Stockport County,1,1,3,3,2,0,0
1993,Huddersfield Town,York City,3,2,3,3,5,1,1
1993,Hull City,Blackpool,0,0,3,3,0,0,0
1993,Hull City,Brighton & Hove Albion,0,0,3,3,0,0,0
1993,Leyton Orient,Bradford City,2,1,3,3,3,1,1
1993,Leyton Orient,Hartlepool United,1,2,3,3,3,-1,0
1993,Leyton Orient,Wrexham,2,2,3,3,4,0,0
1993,Plymouth Argyle,Burnley,3,2,3,3,5,1,1
1993,Plymouth Argyle,Huddersfield Town,2,0,3,3,2,2,1
1993,Plymouth Argyle,Port Vale,2,0,3,3,2,2,1
1993,Plymouth Argyle,Stockport County,2,3,3,3,5,-1,0
1993,Plymouth Argyle,York City,2,1,3,3,3,1,1
1993,Port Vale,Blackpool,2,0,3,3,2,2,1
1993,Port Vale,Brighton & Hove Albion,4,0,3,3,4,4,1
1993,Port Vale,Cambridge United,2,2,3,3,4,0,0
1993,Port Vale,Hull City,2,1,3,3,3,1,1
1993,Port Vale,Reading,0,4,3,3,4,-4,0
1993,Reading,Cardiff City,1,1,3,3,2,0,0
1993,Reading,Hartlepool United,4,0,3,3,4,4,1
1993,Reading,Leyton Orient,2,1,3,3,3,1,1
1993,Reading,Rotherham United,0,0,3,3,0,0,0
1993,Reading,Wrexham,0,1,3,3,1,-1,0
1993,Rotherham United,Barnet,1,1,3,3,2,0,0
1993,Rotherham United,Huddersfield Town,2,3,3,3,5,-1,0
1993,Rotherham United,York City,2,1,3,3,3,1,1
1993,Stockport County,Brighton & Hove Albion,3,0,3,3,3,3,1
1993,Swansea City,Bradford City,2,0,3,3,2,2,1
1993,Swansea City,Bristol Rovers,2,0,3,3,2,2,1
1993,Swansea City,Cardiff City,1,0,3,3,1,1,1
1993,Swansea City,Hartlepool United,1,1,3,3,2,0,0
1993,Swansea City,Leyton Orient,1,1,3,3,2,0,0
1993,Swansea City,Wrexham,3,1,3,3,4,2,1
1993,Wrexham,Brentford,1,2,3,3,3,-1,0
1993,Wrexham,Burnley,1,0,3,3,1,1,1
1993,Wrexham,Exeter City,1,1,3,3,2,0,0
1993,Wrexham,Huddersfield Town,3,1,3,3,4,2,1
1993,Wrexham,Rotherham United,3,3,3,3,6,0,0
1993,York City,Blackpool,2,1,3,3,3,1,1
1993,York City,Brighton & Hove Albion,3,1,3,3,4,2,1
1993,York City,Cambridge United,2,0,3,3,2,2,1
1993,York City,Fulham,2,0,3,3,2,2,1
1993,York City,Port Vale,1,0,3,3,1,1,1
1993,York City,Stockport County,1,2,3,3,3,-1,0
1993,Bury,Doncaster Rovers,4,0,4,4,4,4,1
1993,Bury,Lincoln City,1,0,4,4,1,1,1
1993,Bury,Scunthorpe United,1,0,4,4,1,1,1
1993,Carlisle United,Bury,1,2,4,4,3,-1,0
1993,Carlisle United,Doncaster Rovers,4,2,4,4,6,2,1
1993,Carlisle United,Preston North End,0,1,4,4,1,-1,0
1993,Carlisle United,Scunthorpe United,3,1,4,4,4,2,1
1993,Carlisle United,Walsall,2,1,4,4,3,1,1
1993,Chester,Bury,3,0,4,4,3,3,1
1993,Chester,Colchester United,2,1,4,4,3,1,1
1993,Chester,Scunthorpe United,0,2,4,4,2,-2,0
1993,Chesterfield,Bury,1,1,4,4,2,0,0
1993,Chesterfield,Colchester United,0,0,4,4,0,0,0
1993,Chesterfield,Lincoln City,2,2,4,4,4,0,0
1993,Chesterfield,Preston North End,1,1,4,4,2,0,0
1993,Colchester United,Bury,4,1,4,4,5,3,1
1993,Colchester United,Chesterfield,0,2,4,4,2,-2,0
1993,Colchester United,Doncaster Rovers,3,1,4,4,4,2,1
1993,Colchester United,Preston North End,1,1,4,4,2,0,0
1993,Colchester United,Scunthorpe United,2,1,4,4,3,1,1
1993,Colchester United,Walsall,0,1,4,4,1,-1,0
1993,Crewe Alexandra,Bury,2,4,4,4,6,-2,0
1993,Crewe Alexandra,Chesterfield,0,1,4,4,1,-1,0
1993,Crewe Alexandra,Doncaster Rovers,2,0,4,4,2,2,1
1993,Crewe Alexandra,Lincoln City,2,2,4,4,4,0,0
1993,Crewe Alexandra,Walsall,1,2,4,4,3,-1,0
1993,Darlington,Bury,1,0,4,4,1,1,1
1993,Darlington,Preston North End,0,2,4,4,2,-2,0
1993,Darlington,Scunthorpe United,2,1,4,4,3,1,1
1993,Doncaster Rovers,Chesterfield,0,0,4,4,0,0,0
1993,Doncaster Rovers,Preston North End,1,1,4,4,2,0,0
1993,Doncaster Rovers,Scunthorpe United,3,1,4,4,4,2,1
1993,Doncaster Rovers,Walsall,4,0,4,4,4,4,1
1993,Gillingham,Bury,1,0,4,4,1,1,1
1993,Gillingham,Chesterfield,0,2,4,4,2,-2,0
1993,Gillingham,Darlington,2,1,4,4,3,1,1
1993,Gillingham,Scunthorpe United,1,0,4,4,1,1,1
1993,Gillingham,Walsall,1,1,4,4,2,0,0
1993,Hereford United,Bury,3,0,4,4,3,3,1
1993,Hereford United,Chesterfield,0,3,4,4,3,-3,0
1993,Hereford United,Darlington,1,1,4,4,2,0,0
1993,Hereford United,Lincoln City,1,2,4,4,3,-1,0
1993,Hereford United,Preston North End,2,3,4,4,5,-1,0
1993,Hereford United,Walsall,0,1,4,4,1,-1,0
1993,Lincoln City,Darlington,1,1,4,4,2,0,0
1993,Lincoln City,Preston North End,0,2,4,4,2,-2,0
1993,Mansfield Town,Bury,2,2,4,4,4,0,0
1993,Mansfield Town,Chesterfield,1,2,4,4,3,-1,0
1993,Mansfield Town,Preston North End,2,2,4,4,4,0,0
1993,Mansfield Town,Walsall,1,2,4,4,3,-1,0
1993,Northampton Town,Walsall,0,1,4,4,1,-1,0
1993,Preston North End,Darlington,3,2,4,4,5,1,1
1993,Preston North End,Scunthorpe United,2,2,4,4,4,0,0
1993,Rochdale,Bury,2,1,4,4,3,1,1
1993,Rochdale,Darlington,0,0,4,4,0,0,0
1993,Rochdale,Hereford United,2,0,4,4,2,2,1
1993,Rochdale,Northampton Town,6,2,4,4,8,4,1
1993,Rochdale,Scunthorpe United,2,3,4,4,5,-1,0
1993,Scarborough,Bury,1,0,4,4,1,1,1
1993,Scarborough,Darlington,3,0,4,4,3,3,1
1993,Scarborough,Walsall,1,0,4,4,1,1,1
1993,Scunthorpe United,Northampton Town,7,0,4,4,7,7,1
1993,Scunthorpe United,Scarborough,1,1,4,4,2,0,0
1993,Shrewsbury Town,Chesterfield,0,0,4,4,0,0,0
1993,Shrewsbury Town,Darlington,1,1,4,4,2,0,0
1993,Shrewsbury Town,Hereford United,2,0,4,4,2,2,1
1993,Shrewsbury Town,Northampton Town,2,1,4,4,3,1,1
1993,Torquay United,Bury,0,0,4,4,0,0,0
1993,Torquay United,Chesterfield,1,0,4,4,1,1,1
1993,Torquay United,Hereford United,1,1,4,4,2,0,0
1993,Torquay United,Scarborough,2,0,4,4,2,2,1
1993,Walsall,Darlington,3,0,4,4,3,3,1
1993,Walsall,Hereford United,3,3,4,4,6,0,0
1993,Walsall,Northampton Town,1,3,4,4,4,-2,0
1993,Walsall,Scarborough,1,0,4,4,1,1,1
1993,Walsall,Torquay United,1,2,4,4,3,-1,0
1993,Wigan Athletic,Chesterfield,1,0,4,4,1,1,1
1993,Wigan Athletic,Darlington,2,0,4,4,2,2,1
1993,Wigan Athletic,Northampton Town,1,1,4,4,2,0,0
1993,Wigan Athletic,Scarborough,1,2,4,4,3,-1,0
1993,Wigan Athletic,Torquay United,1,3,4,4,4,-2,0
1993,Wycombe Wanderers,Darlington,2,0,4,4,2,2,1
1993,Wycombe Wanderers,Hereford United,3,2,4,4,5,1,1
1993,Wycombe Wanderers,Northampton Town,1,0,4,4,1,1,1
1993,Wycombe Wanderers,Scarborough,4,0,4,4,4,4,1
1994,Arsenal,Aston Villa,0,0,1,1,0,0,0
1994,Arsenal,Coventry City,2,1,1,1,3,1,1
1994,Arsenal,Ipswich Town,4,1,1,1,5,3,1
1994,Arsenal,Liverpool,0,1,1,1,1,-1,0
1994,Arsenal,Newcastle United,2,3,1,1,5,-1,0
1994,Arsenal,Queens Park Rangers,1,3,1,1,4,-2,0
1994,Arsenal,Tottenham Hotspur,1,1,1,1,2,0,0
1994,Aston Villa,Coventry City,0,0,1,1,0,0,0
1994,Aston Villa,Liverpool,2,0,1,1,2,2,1
1994,Aston Villa,Newcastle United,0,2,1,1,2,-2,0
1994,Blackburn Rovers,Ipswich Town,4,1,1,1,5,3,1
1994,Blackburn Rovers,Newcastle United,1,0,1,1,1,1,1
1994,Blackburn Rovers,Queens Park Rangers,4,0,1,1,4,4,1
1994,Blackburn Rovers,Tottenham Hotspur,2,0,1,1,2,2,1
1994,Chelsea,Arsenal,2,1,1,1,3,1,1
1994,Chelsea,Queens Park Rangers,1,0,1,1,1,1,1
1994,Coventry City,Chelsea,2,2,1,1,4,0,0
1994,Coventry City,Ipswich Town,2,0,1,1,2,2,1
1994,Coventry City,Tottenham Hotspur,0,4,1,1,4,-4,0
1994,Crystal Palace,Chelsea,0,1,1,1,1,-1,0
1994,Crystal Palace,Queens Park Rangers,0,0,1,1,0,0,0
1994,Everton,Chelsea,3,3,1,1,6,0,0
1994,Everton,Ipswich Town,4,1,1,1,5,3,1
1994,Everton,Liverpool,2,0,1,1,2,2,1
1994,Everton,Newcastle United,2,0,1,1,2,2,1
1994,Everton,Tottenham Hotspur,0,0,1,1,0,0,0
1994,Ipswich Town,Arsenal,0,2,1,1,2,-2,0
1994,Ipswich Town,Liverpool,1,3,1,1,4,-2,0
1994,Ipswich Town,Queens Park Rangers,0,1,1,1,1,-1,0
1994,Leeds United,Arsenal,1,0,1,1,1,1,1
1994,Leeds United,Chelsea,2,3,1,1,5,-1,0
1994,Leeds United,Tottenham Hotspur,1,1,1,1,2,0,0
1994,Leicester City,Arsenal,2,1,1,1,3,1,1
1994,Leicester City,Chelsea,1,1,1,1,2,0,0
1994,Leicester City,Everton,2,2,1,1,4,0,0
1994,Leicester City,Liverpool,1,2,1,1,3,-1,0
1994,Liverpool,Arsenal,3,0,1,1,3,3,1
1994,Liverpool,Leicester City,2,0,1,1,2,2,1
1994,Liverpool,Newcastle United,2,0,1,1,2,2,1
1994,Liverpool,Tottenham Hotspur,1,1,1,1,2,0,0
1994,Manchester City,Chelsea,1,2,1,1,3,-1,0
1994,Manchester City,Leicester City,0,1,1,1,1,-1,0
1994,Manchester City,Newcastle United,0,0,1,1,0,0,0
1994,Manchester City,Tottenham Hotspur,5,2,1,1,7,3,1
1994,Manchester United,Arsenal,3,0,1,1,3,3,1
1994,Manchester United,Chelsea,0,0,1,1,0,0,0
1994,Manchester United,Everton,2,0,1,1,2,2,1
1994,Manchester United,Newcastle United,2,0,1,1,2,2,1
1994,Manchester United,Queens Park Rangers,2,0,1,1,2,2,1
1994,Manchester United,Tottenham Hotspur,0,0,1,1,0,0,0
1994,Newcastle United,Chelsea,4,2,1,1,6,2,1
1994,Newcastle United,Everton,2,0,1,1,2,2,1
1994,Newcastle United,Leicester City,3,1,1,1,4,2,1
1994,Newcastle United,Queens Park Rangers,2,1,1,1,3,1,1
1994,Newcastle United,Tottenham Hotspur,3,3,1,1,6,0,0
1994,Norwich City,Arsenal,0,0,1,1,0,0,0
1994,Norwich City,Chelsea,3,0,1,1,3,3,1
1994,Norwich City,Queens Park Rangers,4,2,1,1,6,2,1
1994,Nottingham Forest,Chelsea,0,1,1,1,1,-1,0
1994,Nottingham Forest,Leicester City,1,0,1,1,1,1,1
1994,Nottingham Forest,Queens Park Rangers,3,2,1,1,5,1,1
1994,Nottingham Forest,Tottenham Hotspur,2,2,1,1,4,0,0
1994,Queens Park Rangers,Arsenal,3,1,1,1,4,2,1
1994,Queens Park Rangers,Chelsea,1,0,1,1,1,1,1
1994,Queens Park Rangers,Manchester United,2,3,1,1,5,-1,0
1994,Queens Park Rangers,Nottingham Forest,1,1,1,1,2,0,0
1994,Queens Park Rangers,Tottenham Hotspur,2,1,1,1,3,1,1
1994,Sheffield Wednesday,Chelsea,1,1,1,1,2,0,0
1994,Sheffield Wednesday,Leicester City,1,0,1,1,1,1,1
1994,Sheffield Wednesday,Nottingham Forest,1,7,1,1,8,-6,0
1994,Sheffield Wednesday,Tottenham Hotspur,3,4,1,1,7,-1,0
1994,Southampton,Arsenal,1,0,1,1,1,1,1
1994,Tottenham Hotspur,Arsenal,1,0,1,1,1,1,1
1994,Tottenham Hotspur,Everton,2,1,1,1,3,1,1
1994,Tottenham Hotspur,Manchester United,0,1,1,1,1,-1,0
1994,Tottenham Hotspur,Nottingham Forest,1,4,1,1,5,-3,0
1994,West Ham United,Everton,2,2,1,1,4,0,0
1994,West Ham United,Manchester United,1,1,1,1,2,0,0
1994,Wimbledon,Chelsea,1,1,1,1,2,0,0
1994,Wimbledon,Everton,2,1,1,1,3,1,1
1994,Wimbledon,Manchester United,0,1,1,1,1,-1,0
1994,Wimbledon,Southampton,0,2,1,1,2,-2,0
1994,Barnsley,Charlton Athletic,2,1,2,2,3,1,1
1994,Barnsley,Luton Town,3,1,2,2,4,2,1
1994,Barnsley,Portsmouth,1,0,2,2,1,1,1
1994,Barnsley,Swindon Town,2,1,2,2,3,1,1
1994,Bolton Wanderers,Reading,1,0,2,2,1,1,1
1994,Bolton Wanderers,Stoke City,4,0,2,2,4,4,1
1994,Bolton Wanderers,Tranmere Rovers,1,0,2,2,1,1,1
1994,Bolton Wanderers,Wolverhampton Wanderers,5,1,2,2,6,4,1
1994,Bristol City,Grimsby Town,1,2,2,2,3,-1,0
1994,Bristol City,Port Vale,0,0,2,2,0,0,0
1994,Bristol City,Sheffield United,2,1,2,2,3,1,1
1994,Bristol City,Sunderland,0,0,2,2,0,0,0
1994,Burnley,Barnsley,0,1,2,2,1,-1,0
1994,Burnley,Portsmouth,1,2,2,2,3,-1,0
1994,Burnley,Southend United,5,1,2,2,6,4,1
1994,Burnley,Swindon Town,1,2,2,2,3,-1,0
1994,Burnley,West Bromwich Albion,1,1,2,2,2,0,0
1994,Charlton Athletic,Reading,1,2,2,2,3,-1,0
1994,Charlton Athletic,Tranmere Rovers,0,1,2,2,1,-1,0
1994,Charlton Athletic,Wolverhampton Wanderers,3,2,2,2,5,1,1
1994,Derby County,Grimsby Town,2,1,2,2,3,1,1
1994,Derby County,Sunderland,0,1,2,2,1,-1,0
1994,Derby County,Watford,1,1,2,2,2,0,0
1994,Grimsby Town,Barnsley,1,0,2,2,1,1,1
1994,Grimsby Town,Notts County,2,1,2,2,3,1,1
1994,Grimsby Town,Portsmouth,2,0,2,2,2,2,1
1994,Grimsby Town,Southend United,4,1,2,2,5,3,1
1994,Grimsby Town,Swindon Town,1,1,2,2,2,0,0
1994,Luton Town,Bolton Wanderers,0,3,2,2,3,-3,0
1994,Luton Town,Middlesbrough,5,1,2,2,6,4,1
1994,Luton Town,Oldham Athletic,2,1,2,2,3,1,1
1994,Luton Town,Stoke City,2,3,2,2,5,-1,0
1994,Luton Town,Tranmere Rovers,2,0,2,2,2,2,1
1994,Middlesbrough,Derby County,2,4,2,2,6,-2,0
1994,Middlesbrough,Port Vale,3,0,2,2,3,3,1
1994,Middlesbrough,Sheffield United,1,1,2,2,2,0,0
1994,Middlesbrough,Sunderland,2,2,2,2,4,0,0
1994,Millwall,Barnsley,0,1,2,2,1,-1,0
1994,Millwall,Notts County,0,0,2,2,0,0,0
1994,Millwall,Portsmouth,2,2,2,2,4,0,0
1994,Millwall,Southend United,3,1,2,2,4,2,1
1994,Millwall,Swindon Town,3,1,2,2,4,2,1
1994,Notts County,Luton Town,0,1,2,2,1,-1,0
1994,Notts County,Oldham Athletic,1,3,2,2,4,-2,0
1994,Notts County,Reading,1,0,2,2,1,1,1
1994,Notts County,Tranmere Rovers,1,0,2,2,1,1,1
1994,Oldham Athletic,Derby County,1,0,2,2,1,1,1
1994,Oldham Athletic,Watford,0,2,2,2,2,-2,0
1994,Port Vale,Grimsby Town,1,2,2,2,3,-1,0
1994,Port Vale,Portsmouth,1,0,2,2,1,1,1
1994,Port Vale,Southend United,5,0,2,2,5,5,1
1994,Port Vale,Swindon Town,2,2,2,2,4,0,0
1994,Portsmouth,Bolton Wanderers,1,1,2,2,2,0,0
1994,Portsmouth,Reading,1,1,2,2,2,0,0
1994,Portsmouth,Tranmere Rovers,1,1,2,2,2,0,0
1994,Reading,Bristol City,1,0,2,2,1,1,1
1994,Reading,Derby County,1,0,2,2,1,1,1
1994,Reading,Middlesbrough,1,1,2,2,2,0,0
1994,Reading,Sunderland,0,2,2,2,2,-2,0
1994,Reading,Watford,4,1,2,2,5,3,1
1994,Sheffield United,Barnsley,0,0,2,2,0,0,0
1994,Sheffield United,Port Vale,1,1,2,2,2,0,0
1994,Sheffield United,Southend United,2,0,2,2,2,2,1
1994,Sheffield United,Swindon Town,2,2,2,2,4,0,0
1994,Sheffield United,West Bromwich Albion,2,0,2,2,2,2,1
1994,Southend United,Charlton Athletic,2,1,2,2,3,1,1
1994,Southend United,Luton Town,3,0,2,2,3,3,1
1994,Southend United,Notts County,1,0,2,2,1,1,1
1994,Southend United,Stoke City,4,2,2,2,6,2,1
1994,Southend United,Tranmere Rovers,0,0,2,2,0,0,0
1994,Stoke City,Derby County,0,0,2,2,0,0,0
1994,Stoke City,Middlesbrough,1,1,2,2,2,0,0
1994,Stoke City,Oldham Athletic,0,1,2,2,1,-1,0
1994,Stoke City,Reading,0,1,2,2,1,-1,0
1994,Stoke City,Watford,1,0,2,2,1,1,1
1994,Sunderland,Barnsley,2,0,2,2,2,2,1
1994,Sunderland,Grimsby Town,2,2,2,2,4,0,0
1994,Sunderland,Millwall,1,1,2,2,2,0,0
1994,Sunderland,Sheffield United,1,0,2,2,1,1,1
1994,Sunderland,West Bromwich Albion,2,2,2,2,4,0,0
1994,Swindon Town,Bolton Wanderers,0,1,2,2,1,-1,0
1994,Swindon Town,Charlton Athletic,0,1,2,2,1,-1,0
1994,Swindon Town,Tranmere Rovers,2,2,2,2,4,0,0
1994,Swindon Town,Wolverhampton Wanderers,3,2,2,2,5,1,1
1994,Tranmere Rovers,Bristol City,2,0,2,2,2,2,1
1994,Tranmere Rovers,Middlesbrough,1,1,2,2,2,0,0
1994,Tranmere Rovers,Reading,1,0,2,2,1,1,1
1994,Watford,Burnley,2,0,2,2,2,2,1
1994,Watford,Grimsby Town,0,0,2,2,0,0,0
1994,Watford,Millwall,1,0,2,2,1,1,1
1994,Watford,Sheffield United,0,0,2,2,0,0,0
1994,Watford,Sunderland,0,1,2,2,1,-1,0
1994,West Bromwich Albion,Notts County,3,2,2,2,5,1,1
1994,West Bromwich Albion,Portsmouth,0,2,2,2,2,-2,0
1994,West Bromwich Albion,Wolverhampton Wanderers,2,0,2,2,2,2,1
1994,Wolverhampton Wanderers,Bristol City,2,0,2,2,2,2,1
1994,Wolverhampton Wanderers,Stoke City,2,0,2,2,2,2,1
1994,AFC Bournemouth,Brentford,0,1,3,3,1,-1,0
1994,AFC Bournemouth,Cambridge United,1,0,3,3,1,1,1
1994,AFC Bournemouth,Crewe Alexandra,1,1,3,3,2,0,0
1994,AFC Bournemouth,Leyton Orient,2,0,3,3,2,2,1
1994,Birmingham City,Brighton & Hove Albion,3,3,3,3,6,0,0
1994,Birmingham City,Huddersfield Town,1,1,3,3,2,0,0
1994,Birmingham City,Rotherham United,2,1,3,3,3,1,1
1994,Birmingham City,Swansea City,0,1,3,3,1,-1,0
1994,Birmingham City,York City,4,2,3,3,6,2,1
1994,Blackpool,Bradford City,2,0,3,3,2,2,1
1994,Blackpool,Bristol Rovers,0,2,3,3,2,-2,0
1994,Blackpool,Chester,3,1,3,3,4,2,1
1994,Blackpool,Hull City,1,2,3,3,3,-1,0
1994,Blackpool,Peterborough United,4,0,3,3,4,4,1
1994,Blackpool,Shrewsbury Town,2,1,3,3,3,1,1
1994,Blackpool,Wrexham,2,1,3,3,3,1,1
1994,Bradford City,AFC Bournemouth,1,2,3,3,3,-1,0
1994,Bradford City,Brentford,1,0,3,3,1,1,1
1994,Bradford City,Stockport County,1,2,3,3,3,-1,0
1994,Bradford City,Wycombe Wanderers,2,1,3,3,3,1,1
1994,Brentford,Birmingham City,1,2,3,3,3,-1,0
1994,Brentford,Brighton & Hove Albion,2,1,3,3,3,1,1
1994,Brentford,Cardiff City,2,0,3,3,2,2,1
1994,Brentford,York City,3,0,3,3,3,3,1
1994,Brighton & Hove Albion,Chester,1,0,3,3,1,1,1
1994,Brighton & Hove Albion,Hull City,1,0,3,3,1,1,1
1994,Brighton & Hove Albion,Shrewsbury Town,2,1,3,3,3,1,1
1994,Brighton & Hove Albion,Wrexham,4,0,3,3,4,4,1
1994,Bristol Rovers,Bradford City,4,0,3,3,4,4,1
1994,Bristol Rovers,Cambridge United,2,1,3,3,3,1,1
1994,Bristol Rovers,Crewe Alexandra,2,2,3,3,4,0,0
1994,Bristol Rovers,Leyton Orient,1,0,3,3,1,1,1
1994,Bristol Rovers,Plymouth Argyle,2,0,3,3,2,2,1
1994,Bristol Rovers,Stockport County,2,2,3,3,4,0,0
1994,Cambridge United,Birmingham City,1,0,3,3,1,1,1
1994,Cambridge United,Cardiff City,2,0,3,3,2,2,1
1994,Cambridge United,Huddersfield Town,1,1,3,3,2,0,0
1994,Cambridge United,Oxford United,1,2,3,3,3,-1,0
1994,Cambridge United,Rotherham United,2,1,3,3,3,1,1
1994,Cambridge United,Swansea City,1,3,3,3,4,-2,0
1994,Cardiff City,Brighton & Hove Albion,3,0,3,3,3,3,1
1994,Cardiff City,Peterborough United,1,2,3,3,3,-1,0
1994,Chester,Bristol Rovers,0,0,3,3,0,0,0
1994,Chester,Crewe Alexandra,0,1,3,3,1,-1,0
1994,Chester,Leyton Orient,1,0,3,3,1,1,1
1994,Chester,Stockport County,1,0,3,3,1,1,1
1994,Crewe Alexandra,Birmingham City,2,1,3,3,3,1,1
1994,Crewe Alexandra,Brentford,0,2,3,3,2,-2,0
1994,Crewe Alexandra,Cambridge United,4,2,3,3,6,2,1
1994,Crewe Alexandra,Huddersfield Town,3,3,3,3,6,0,0
1994,Crewe Alexandra,Oxford United,3,2,3,3,5,1,1
1994,Crewe Alexandra,Swansea City,1,2,3,3,3,-1,0
1994,Crewe Alexandra,York City,2,1,3,3,3,1,1
1994,Huddersfield Town,Cardiff City,5,1,3,3,6,4,1
1994,Huddersfield Town,Hull City,1,1,3,3,2,0,0
1994,Huddersfield Town,Wrexham,2,1,3,3,3,1,1
1994,Hull City,Leyton Orient,2,0,3,3,2,2,1
1994,Leyton Orient,Birmingham City,2,1,3,3,3,1,1
1994,Leyton Orient,Oxford United,1,1,3,3,2,0,0
1994,Leyton Orient,Rotherham United,0,0,3,3,0,0,0
1994,Oxford United,Brighton & Hove Albion,0,0,3,3,0,0,0
1994,Oxford United,Peterborough United,1,0,3,3,1,1,1
1994,Oxford United,Shrewsbury Town,0,0,3,3,0,0,0
1994,Peterborough United,Chester,2,0,3,3,2,2,1
1994,Peterborough United,Hull City,2,1,3,3,3,1,1
1994,Peterborough United,Plymouth Argyle,1,2,3,3,3,-1,0
1994,Peterborough United,Stockport County,0,1,3,3,1,-1,0
1994,Plymouth Argyle,Brentford,1,5,3,3,6,-4,0
1994,Plymouth Argyle,Cambridge United,0,0,3,3,0,0,0
1994,Plymouth Argyle,Crewe Alexandra,3,2,3,3,5,1,1
1994,Plymouth Argyle,Swansea City,2,1,3,3,3,1,1
1994,Plymouth Argyle,York City,1,2,3,3,3,-1,0
1994,Rotherham United,Blackpool,0,2,3,3,2,-2,0
1994,Rotherham United,Brighton & Hove Albion,4,3,3,3,7,1,1
1994,Rotherham United,Huddersfield Town,1,1,3,3,2,0,0
1994,Rotherham United,Wrexham,0,1,3,3,1,-1,0
1994,Shrewsbury Town,AFC Bournemouth,3,0,3,3,3,3,1
1994,Shrewsbury Town,Bristol Rovers,1,0,3,3,1,1,1
1994,Shrewsbury Town,Hull City,2,3,3,3,5,-1,0
1994,Shrewsbury Town,Peterborough United,2,2,3,3,4,0,0
1994,Shrewsbury Town,Stockport County,1,1,3,3,2,0,0
1994,Shrewsbury Town,Wycombe Wanderers,2,2,3,3,4,0,0
1994,Stockport County,Birmingham City,0,1,3,3,1,-1,0
1994,Stockport County,Brentford,0,1,3,3,1,-1,0
1994,Stockport County,Leyton Orient,2,1,3,3,3,1,1
1994,Stockport County,Swansea City,0,1,3,3,1,-1,0
1994,Stockport County,York City,2,3,3,3,5,-1,0
1994,Swansea City,Brighton & Hove Albion,1,1,3,3,2,0,0
1994,Swansea City,Cardiff City,4,1,3,3,5,3,1
1994,Swansea City,Wrexham,0,0,3,3,0,0,0
1994,Wrexham,AFC Bournemouth,2,0,3,3,2,2,1
1994,Wrexham,Bradford City,0,1,3,3,1,-1,0
1994,Wrexham,Bristol Rovers,1,1,3,3,2,0,0
1994,Wrexham,Chester,2,2,3,3,4,0,0
1994,Wrexham,Hull City,2,2,3,3,4,0,0
1994,Wrexham,Peterborough United,3,3,3,3,6,0,0
1994,Wrexham,Shrewsbury Town,0,1,3,3,1,-1,0
1994,Wrexham,Wycombe Wanderers,4,1,3,3,5,3,1
1994,Wycombe Wanderers,Crewe Alexandra,0,0,3,3,0,0,0
1994,Wycombe Wanderers,Stockport County,1,1,3,3,2,0,0
1994,York City,Blackpool,4,0,3,3,4,4,1
1994,York City,Cardiff City,1,1,3,3,2,0,0
1994,York City,Rotherham United,2,0,3,3,2,2,1
1994,Barnet,Exeter City,1,1,4,4,2,0,0
1994,Barnet,Torquay United,2,0,4,4,2,2,1
1994,Bury,Barnet,3,0,4,4,3,3,1
1994,Bury,Hartlepool United,2,0,4,4,2,2,1
1994,Bury,Torquay United,3,1,4,4,4,2,1
1994,Carlisle United,Colchester United,0,0,4,4,0,0,0
1994,Carlisle United,Exeter City,1,0,4,4,1,1,1
1994,Carlisle United,Mansfield Town,2,1,4,4,3,1,1
1994,Chesterfield,Hartlepool United,2,0,4,4,2,2,1
1994,Chesterfield,Rochdale,2,2,4,4,4,0,0
1994,Chesterfield,Torquay United,1,0,4,4,1,1,1
1994,Colchester United,Barnet,1,1,4,4,2,0,0
1994,Colchester United,Hartlepool United,1,0,4,4,1,1,1
1994,Colchester United,Torquay United,1,3,4,4,4,-2,0
1994,Darlington,Barnet,0,1,4,4,1,-1,0
1994,Darlington,Chesterfield,0,1,4,4,1,-1,0
1994,Darlington,Hartlepool United,1,2,4,4,3,-1,0
1994,Doncaster Rovers,Chesterfield,1,3,4,4,4,-2,0
1994,Doncaster Rovers,Hartlepool United,3,0,4,4,3,3,1
1994,Exeter City,Barnet,1,2,4,4,3,-1,0
1994,Exeter City,Doncaster Rovers,1,5,4,4,6,-4,0
1994,Exeter City,Mansfield Town,2,3,4,4,5,-1,0
1994,Fulham,Barnet,4,0,4,4,4,4,1
1994,Fulham,Hartlepool United,1,0,4,4,1,1,1
1994,Fulham,Mansfield Town,4,2,4,4,6,2,1
1994,Fulham,Rochdale,5,0,4,4,5,5,1
1994,Gillingham,Mansfield Town,0,2,4,4,2,-2,0
1994,Gillingham,Torquay United,1,0,4,4,1,1,1
1994,Hartlepool United,Barnet,0,1,4,4,1,-1,0
1994,Hartlepool United,Gillingham,2,0,4,4,2,2,1
1994,Hartlepool United,Mansfield Town,3,2,4,4,5,1,1
1994,Hartlepool United,Rochdale,1,0,4,4,1,1,1
1994,Hartlepool United,Torquay United,1,1,4,4,2,0,0
1994,Hereford United,Barnet,3,2,4,4,5,1,1
1994,Hereford United,Chesterfield,0,2,4,4,2,-2,0
1994,Hereford United,Gillingham,2,1,4,4,3,1,1
1994,Hereford United,Rochdale,0,0,4,4,0,0,0
1994,Lincoln City,Chesterfield,0,1,4,4,1,-1,0
1994,Lincoln City,Doncaster Rovers,1,0,4,4,1,1,1
1994,Lincoln City,Gillingham,1,1,4,4,2,0,0
1994,Mansfield Town,Doncaster Rovers,0,1,4,4,1,-1,0
1994,Mansfield Town,Rochdale,1,1,4,4,2,0,0
1994,Mansfield Town,Torquay United,2,2,4,4,4,0,0
1994,Northampton Town,Barnet,1,1,4,4,2,0,0
1994,Northampton Town,Doncaster Rovers,0,0,4,4,0,0,0
1994,Northampton Town,Rochdale,1,2,4,4,3,-1,0
1994,Northampton Town,Torquay United,2,0,4,4,2,2,1
1994,Preston North End,Barnet,1,0,4,4,1,1,1
1994,Preston North End,Rochdale,3,0,4,4,3,3,1
1994,Rochdale,Doncaster Rovers,2,0,4,4,2,2,1
1994,Rochdale,Gillingham,2,1,4,4,3,1,1
1994,Rochdale,Lincoln City,1,0,4,4,1,1,1
1994,Rochdale,Preston North End,0,1,4,4,1,-1,0
1994,Scarborough,Barnet,0,1,4,4,1,-1,0
1994,Scunthorpe United,Chesterfield,0,1,4,4,1,-1,0
1994,Scunthorpe United,Doncaster Rovers,0,5,4,4,5,-5,0
1994,Scunthorpe United,Gillingham,3,0,4,4,3,3,1
1994,Scunthorpe United,Torquay United,3,2,4,4,5,1,1
1994,Torquay United,Chesterfield,3,3,4,4,6,0,0
1994,Torquay United,Doncaster Rovers,0,1,4,4,1,-1,0
1994,Torquay United,Preston North End,1,0,4,4,1,1,1
1994,Torquay United,Scunthorpe United,1,1,4,4,2,0,0
1994,Walsall,Barnet,4,0,4,4,4,4,1
1994,Walsall,Chesterfield,1,3,4,4,4,-2,0
1994,Walsall,Doncaster Rovers,1,0,4,4,1,1,1
1994,Walsall,Gillingham,2,1,4,4,3,1,1
1994,Walsall,Lincoln City,2,1,4,4,3,1,1
1994,Walsall,Preston North End,2,2,4,4,4,0,0
1994,Walsall,Scunthorpe United,2,1,4,4,3,1,1
1994,Wigan Athletic,Gillingham,0,3,4,4,3,-3,0
1994,Wigan Athletic,Scunthorpe United,0,0,4,4,0,0,0
1995,Arsenal,Aston Villa,2,0,1,1,2,2,1
1995,Arsenal,Manchester United,1,0,1,1,1,1,1
1995,Arsenal,Nottingham Forest,1,1,1,1,2,0,0
1995,Arsenal,Wimbledon,1,3,1,1,4,-2,0
1995,Aston Villa,Bolton Wanderers,1,0,1,1,1,1,1
1995,Aston Villa,Newcastle United,1,1,1,1,2,0,0
1995,Blackburn Rovers,Coventry City,5,1,1,1,6,4,1
1995,Blackburn Rovers,Queens Park Rangers,1,0,1,1,1,1,1
1995,Blackburn Rovers,Tottenham Hotspur,2,1,1,1,3,1,1
1995,Bolton Wanderers,Arsenal,1,0,1,1,1,1,1
1995,Bolton Wanderers,Nottingham Forest,1,1,1,1,2,0,0
1995,Bolton Wanderers,Southampton,0,1,1,1,1,-1,0
1995,Chelsea,Everton,0,0,1,1,0,0,0
1995,Chelsea,West Ham United,1,2,1,1,3,-1,0
1995,Coventry City,Aston Villa,0,3,1,1,3,-3,0
1995,Coventry City,Queens Park Rangers,1,0,1,1,1,1,1
1995,Everton,Arsenal,0,2,1,1,2,-2,0
1995,Everton,Nottingham Forest,3,0,1,1,3,3,1
1995,Everton,Southampton,2,0,1,1,2,2,1
1995,Everton,Wimbledon,2,4,1,1,6,-2,0
1995,Leeds United,Blackburn Rovers,0,0,1,1,0,0,0
1995,Leeds United,Coventry City,3,1,1,1,4,2,1
1995,Leeds United,Manchester City,0,1,1,1,1,-1,0
1995,Leeds United,Newcastle United,0,1,1,1,1,-1,0
1995,Leeds United,Sheffield Wednesday,2,0,1,1,2,2,1
1995,Liverpool,Middlesbrough,1,0,1,1,1,1,1
1995,Manchester City,Everton,0,2,1,1,2,-2,0
1995,Manchester City,Southampton,2,1,1,1,3,1,1
1995,Manchester City,Wimbledon,1,0,1,1,1,1,1
1995,Manchester United,Sheffield Wednesday,2,2,1,1,4,0,0
1995,Middlesbrough,Aston Villa,0,2,1,1,2,-2,0
1995,Middlesbrough,Manchester United,0,3,1,1,3,-3,0
1995,Newcastle United,Arsenal,2,0,1,1,2,2,1
1995,Newcastle United,Everton,1,0,1,1,1,1,1
1995,Newcastle United,Manchester City,3,1,1,1,4,2,1
1995,Newcastle United,Wimbledon,6,1,1,1,7,5,1
1995,Nottingham Forest,Blackburn Rovers,1,5,1,1,6,-4,0
1995,Nottingham Forest,Coventry City,0,0,1,1,0,0,0
1995,Nottingham Forest,Liverpool,1,0,1,1,1,1,1
1995,Nottingham Forest,Sheffield Wednesday,1,0,1,1,1,1,1
1995,Queens Park Rangers,Chelsea,1,2,1,1,3,-1,0
1995,Queens Park Rangers,Manchester United,1,1,1,1,2,0,0
1995,Sheffield Wednesday,Arsenal,1,0,1,1,1,1,1
1995,Sheffield Wednesday,Newcastle United,0,2,1,1,2,-2,0
1995,Southampton,Liverpool,1,3,1,1,4,-2,0
1995,Southampton,Queens Park Rangers,2,0,1,1,2,2,1
1995,Southampton,West Ham United,0,0,1,1,0,0,0
1995,Tottenham Hotspur,Leeds United,2,1,1,1,3,1,1
1995,West Ham United,Arsenal,0,1,1,1,1,-1,0
1995,West Ham United,Everton,2,1,1,1,3,1,1
1995,West Ham United,Manchester City,4,2,1,1,6,2,1
1995,West Ham United,Newcastle United,2,0,1,1,2,2,1
1995,West Ham United,Wimbledon,1,1,1,1,2,0,0
1995,Wimbledon,Liverpool,1,0,1,1,1,1,1
1995,Wimbledon,Queens Park Rangers,2,1,1,1,3,1,1
1995,Barnsley,Leicester City,2,2,2,2,4,0,0
1995,Barnsley,Tranmere Rovers,2,1,2,2,3,1,1
1995,Barnsley,Wolverhampton Wanderers,1,0,2,2,1,1,1
1995,Birmingham City,Crystal Palace,0,0,2,2,0,0,0
1995,Birmingham City,Oldham Athletic,0,0,2,2,0,0,0
1995,Birmingham City,Reading,1,2,2,2,3,-1,0
1995,Birmingham City,Stoke City,1,1,2,2,2,0,0
1995,Charlton Athletic,Barnsley,1,1,2,2,2,0,0
1995,Charlton Athletic,Port Vale,2,2,2,2,4,0,0
1995,Charlton Athletic,Sheffield United,1,1,2,2,2,0,0
1995,Charlton Athletic,West Bromwich Albion,4,1,2,2,5,3,1
1995,Crystal Palace,Grimsby Town,5,0,2,2,5,5,1
1995,Crystal Palace,Tranmere Rovers,2,1,2,2,3,1,1
1995,Derby County,Charlton Athletic,2,0,2,2,2,2,1
1995,Derby County,Stoke City,3,1,2,2,4,2,1
1995,Derby County,Watford,1,1,2,2,2,0,0
1995,Grimsby Town,Millwall,1,2,2,2,3,-1,0
1995,Grimsby Town,Port Vale,1,0,2,2,1,1,1
1995,Grimsby Town,Sheffield United,0,2,2,2,2,-2,0
1995,Huddersfield Town,Derby County,0,1,2,2,1,-1,0
1995,Huddersfield Town,Southend United,3,1,2,2,4,2,1
1995,Huddersfield Town,Tranmere Rovers,1,0,2,2,1,1,1
1995,Ipswich Town,Grimsby Town,2,2,2,2,4,0,0
1995,Ipswich Town,Oldham Athletic,2,1,2,2,3,1,1
1995,Ipswich Town,Stoke City,4,1,2,2,5,3,1
1995,Leicester City,Crystal Palace,2,3,2,2,5,-1,0
1995,Leicester City,Huddersfield Town,2,1,2,2,3,1,1
1995,Leicester City,Millwall,2,1,2,2,3,1,1
1995,Leicester City,Sunderland,0,0,2,2,0,0,0
1995,Leicester City,West Bromwich Albion,1,2,2,2,3,-1,0
1995,Luton Town,Birmingham City,0,0,2,2,0,0,0
1995,Luton Town,Ipswich Town,1,2,2,2,3,-1,0
1995,Luton Town,Portsmouth,3,1,2,2,4,2,1
1995,Luton Town,Tranmere Rovers,3,2,2,2,5,1,1
1995,Luton Town,Wolverhampton Wanderers,2,3,2,2,5,-1,0
1995,Millwall,Reading,1,1,2,2,2,0,0
1995,Millwall,Stoke City,2,3,2,2,5,-1,0
1995,Millwall,Watford,1,2,2,2,3,-1,0
1995,Norwich City,Huddersfield Town,2,0,2,2,2,2,1
1995,Norwich City,Sunderland,0,0,2,2,0,0,0
1995,Norwich City,West Bromwich Albion,2,2,2,2,4,0,0
1995,Oldham Athletic,Derby County,0,1,2,2,1,-1,0
1995,Oldham Athletic,Ipswich Town,1,1,2,2,2,0,0
1995,Oldham Athletic,Millwall,2,2,2,2,4,0,0
1995,Oldham Athletic,Southend United,0,1,2,2,1,-1,0
1995,Oldham Athletic,Tranmere Rovers,1,2,2,2,3,-1,0
1995,Oldham Athletic,Wolverhampton Wanderers,0,0,2,2,0,0,0
1995,Port Vale,Grimsby Town,1,0,2,2,1,1,1
1995,Port Vale,Leicester City,0,2,2,2,2,-2,0
1995,Portsmouth,Crystal Palace,2,3,2,2,5,-1,0
1995,Portsmouth,Huddersfield Town,1,1,2,2,2,0,0
1995,Portsmouth,Luton Town,4,0,2,2,4,4,1
1995,Portsmouth,Sheffield United,1,2,2,2,3,-1,0
1995,Portsmouth,West Bromwich Albion,0,2,2,2,2,-2,0
1995,Reading,Birmingham City,0,1,2,2,1,-1,0
1995,Reading,Southend United,3,3,2,2,6,0,0
1995,Reading,Tranmere Rovers,1,0,2,2,1,1,1
1995,Sheffield United,Charlton Athletic,2,0,2,2,2,2,1
1995,Sheffield United,Grimsby Town,1,2,2,2,3,-1,0
1995,Sheffield United,Portsmouth,4,1,2,2,5,3,1
1995,Sheffield United,Stoke City,0,0,2,2,0,0,0
1995,Southend United,Huddersfield Town,0,0,2,2,0,0,0
1995,Southend United,Luton Town,0,1,2,2,1,-1,0
1995,Southend United,Reading,0,0,2,2,0,0,0
1995,Southend United,West Bromwich Albion,2,1,2,2,3,1,1
1995,Stoke City,Birmingham City,1,0,2,2,1,1,1
1995,Stoke City,Ipswich Town,3,1,2,2,4,2,1
1995,Stoke City,Tranmere Rovers,0,0,2,2,0,0,0
1995,Sunderland,Charlton Athletic,0,0,2,2,0,0,0
1995,Sunderland,Leicester City,1,2,2,2,3,-1,0
1995,Sunderland,Southend United,1,0,2,2,1,1,1
1995,Tranmere Rovers,Huddersfield Town,3,1,2,2,4,2,1
1995,Tranmere Rovers,Oldham Athletic,2,0,2,2,2,2,1
1995,Tranmere Rovers,Stoke City,0,0,2,2,0,0,0
1995,Tranmere Rovers,West Bromwich Albion,2,2,2,2,4,0,0
1995,West Bromwich Albion,Charlton Athletic,1,0,2,2,1,1,1
1995,West Bromwich Albion,Leicester City,2,3,2,2,5,-1,0
1995,West Bromwich Albion,Norwich City,1,4,2,2,5,-3,0
1995,West Bromwich Albion,Portsmouth,2,1,2,2,3,1,1
1995,West Bromwich Albion,Southend United,3,1,2,2,4,2,1
1995,West Bromwich Albion,Tranmere Rovers,1,1,2,2,2,0,0
1995,Wolverhampton Wanderers,Barnsley,2,2,2,2,4,0,0
1995,Wolverhampton Wanderers,Oldham Athletic,1,3,2,2,4,-2,0
1995,Wolverhampton Wanderers,Stoke City,1,4,2,2,5,-3,0
1995,Wolverhampton Wanderers,Watford,3,0,2,2,3,3,1
1995,AFC Bournemouth,Bradford City,3,1,3,3,4,2,1
1995,AFC Bournemouth,Bristol City,1,1,3,3,2,0,0
1995,AFC Bournemouth,Carlisle United,2,0,3,3,2,2,1
1995,AFC Bournemouth,Peterborough United,3,0,3,3,3,3,1
1995,AFC Bournemouth,Walsall,0,0,3,3,0,0,0
1995,AFC Bournemouth,York City,2,2,3,3,4,0,0
1995,Blackpool,Brentford,1,0,3,3,1,1,1
1995,Blackpool,Chesterfield,0,0,3,3,0,0,0
1995,Blackpool,Notts County,1,0,3,3,1,1,1
1995,Blackpool,Rotherham United,1,2,3,3,3,-1,0
1995,Blackpool,Swansea City,4,0,3,3,4,4,1
1995,Blackpool,Wrexham,2,0,3,3,2,2,1
1995,Bradford City,Brighton & Hove Albion,1,3,3,3,4,-2,0
1995,Bradford City,Crewe Alexandra,2,1,3,3,3,1,1
1995,Bradford City,Swindon Town,1,1,3,3,2,0,0
1995,Brentford,Bristol City,2,2,3,3,4,0,0
1995,Brentford,Peterborough United,3,0,3,3,3,3,1
1995,Brentford,Stockport County,1,0,3,3,1,1,1
1995,Brighton & Hove Albion,Bristol Rovers,2,0,3,3,2,2,1
1995,Brighton & Hove Albion,Rotherham United,1,1,3,3,2,0,0
1995,Brighton & Hove Albion,Swansea City,0,2,3,3,2,-2,0
1995,Brighton & Hove Albion,Wrexham,2,2,3,3,4,0,0
1995,Bristol City,AFC Bournemouth,3,0,3,3,3,3,1
1995,Bristol City,Brentford,0,0,3,3,0,0,0
1995,Bristol City,Crewe Alexandra,3,2,3,3,5,1,1
1995,Bristol City,Shrewsbury Town,2,0,3,3,2,2,1
1995,Bristol City,Swindon Town,0,0,3,3,0,0,0
1995,Bristol City,Wycombe Wanderers,0,0,3,3,0,0,0
1995,Bristol Rovers,Blackpool,1,1,3,3,2,0,0
1995,Bristol Rovers,Peterborough United,1,1,3,3,2,0,0
1995,Bristol Rovers,Stockport County,1,3,3,3,4,-2,0
1995,Bristol Rovers,Walsall,2,0,3,3,2,2,1
1995,Burnley,Bradford City,2,3,3,3,5,-1,0
1995,Burnley,Chesterfield,2,2,3,3,4,0,0
1995,Burnley,Notts County,3,4,3,3,7,-1,0
1995,Burnley,Rotherham United,2,1,3,3,3,1,1
1995,Burnley,Swansea City,3,0,3,3,3,3,1
1995,Burnley,Wrexham,2,2,3,3,4,0,0
1995,Carlisle United,AFC Bournemouth,4,0,3,3,4,4,1
1995,Carlisle United,Oxford United,1,2,3,3,3,-1,0
1995,Carlisle United,Shrewsbury Town,1,1,3,3,2,0,0
1995,Carlisle United,Swindon Town,0,1,3,3,1,-1,0
1995,Chesterfield,Brighton & Hove Albion,1,0,3,3,1,1,1
1995,Chesterfield,Peterborough United,1,1,3,3,2,0,0
1995,Chesterfield,Stockport County,1,2,3,3,3,-1,0
1995,Chesterfield,Walsall,1,1,3,3,2,0,0
1995,Crewe Alexandra,Bradford City,1,2,3,3,3,-1,0
1995,Crewe Alexandra,Bristol City,4,2,3,3,6,2,1
1995,Crewe Alexandra,Carlisle United,2,1,3,3,3,1,1
1995,Crewe Alexandra,Rotherham United,0,2,3,3,2,-2,0
1995,Hull City,AFC Bournemouth,1,1,3,3,2,0,0
1995,Hull City,Brentford,0,1,3,3,1,-1,0
1995,Hull City,Bristol Rovers,1,3,3,3,4,-2,0
1995,Hull City,Chesterfield,0,0,3,3,0,0,0
1995,Hull City,Oxford United,0,0,3,3,0,0,0
1995,Notts County,Blackpool,1,1,3,3,2,0,0
1995,Notts County,Brighton & Hove Albion,2,1,3,3,3,1,1
1995,Notts County,Burnley,1,1,3,3,2,0,0
1995,Notts County,Crewe Alexandra,0,1,3,3,1,-1,0
1995,Notts County,Walsall,2,1,3,3,3,1,1
1995,Oxford United,Bradford City,2,0,3,3,2,2,1
1995,Oxford United,Bristol City,2,0,3,3,2,2,1
1995,Oxford United,Hull City,2,0,3,3,2,2,1
1995,Peterborough United,Brentford,0,1,3,3,1,-1,0
1995,Peterborough United,Notts County,0,1,3,3,1,-1,0
1995,Peterborough United,Wycombe Wanderers,3,0,3,3,3,3,1
1995,Rotherham United,Blackpool,2,1,3,3,3,1,1
1995,Rotherham United,Burnley,1,0,3,3,1,1,1
1995,Rotherham United,Oxford United,1,0,3,3,1,1,1
1995,Rotherham United,Stockport County,2,0,3,3,2,2,1
1995,Rotherham United,Walsall,0,1,3,3,1,-1,0
1995,Shrewsbury Town,Bradford City,1,1,3,3,2,0,0
1995,Shrewsbury Town,Bristol City,4,1,3,3,5,3,1
1995,Shrewsbury Town,Swansea City,1,2,3,3,3,-1,0
1995,Shrewsbury Town,Wrexham,2,2,3,3,4,0,0
1995,Stockport County,AFC Bournemouth,3,1,3,3,4,2,1
1995,Stockport County,Brentford,1,1,3,3,2,0,0
1995,Stockport County,Notts County,2,0,3,3,2,2,1
1995,Stockport County,Rotherham United,1,1,3,3,2,0,0
1995,Swansea City,Burnley,2,4,3,3,6,-2,0
1995,Swansea City,Crewe Alexandra,2,1,3,3,3,1,1
1995,Swansea City,Oxford United,1,1,3,3,2,0,0
1995,Swansea City,Shrewsbury Town,3,1,3,3,4,2,1
1995,Swansea City,York City,0,1,3,3,1,-1,0
1995,Swindon Town,Carlisle United,2,1,3,3,3,1,1
1995,Swindon Town,Hull City,3,0,3,3,3,3,1
1995,Walsall,AFC Bournemouth,0,0,3,3,0,0,0
1995,Walsall,Bristol Rovers,1,1,3,3,2,0,0
1995,Walsall,Chesterfield,3,0,3,3,3,3,1
1995,Walsall,Notts County,0,0,3,3,0,0,0
1995,Walsall,Rotherham United,3,1,3,3,4,2,1
1995,Wycombe Wanderers,Bradford City,5,2,3,3,7,3,1
1995,Wycombe Wanderers,Bristol City,1,1,3,3,2,0,0
1995,Wycombe Wanderers,Stockport County,4,1,3,3,5,3,1
1995,York City,AFC Bournemouth,3,1,3,3,4,2,1
1995,York City,Swansea City,0,0,3,3,0,0,0
1995,York City,Wrexham,1,0,3,3,1,1,1
1995,Barnet,Colchester United,1,1,4,4,2,0,0
1995,Barnet,Hartlepool United,5,1,4,4,6,4,1
1995,Barnet,Lincoln City,3,1,4,4,4,2,1
1995,Barnet,Plymouth Argyle,1,2,4,4,3,-1,0
1995,Bury,Cardiff City,3,0,4,4,3,3,1
1995,Bury,Fulham,3,0,4,4,3,3,1
1995,Bury,Mansfield Town,0,2,4,4,2,-2,0
1995,Bury,Preston North End,0,0,4,4,0,0,0
1995,Bury,Scunthorpe United,3,0,4,4,3,3,1
1995,Cambridge United,Chester,1,1,4,4,2,0,0
1995,Cambridge United,Leyton Orient,2,0,4,4,2,2,1
1995,Cambridge United,Rochdale,2,1,4,4,3,1,1
1995,Cambridge United,Torquay United,1,1,4,4,2,0,0
1995,Cardiff City,Bury,0,1,4,4,1,-1,0
1995,Cardiff City,Colchester United,1,2,4,4,3,-1,0
1995,Cardiff City,Exeter City,0,1,4,4,1,-1,0
1995,Cardiff City,Hartlepool United,2,0,4,4,2,2,1
1995,Cardiff City,Lincoln City,1,1,4,4,2,0,0
1995,Cardiff City,Wigan Athletic,3,0,4,4,3,3,1
1995,Chester,Fulham,1,1,4,4,2,0,0
1995,Chester,Hereford United,2,1,4,4,3,1,1
1995,Chester,Mansfield Town,2,1,4,4,3,1,1
1995,Chester,Scunthorpe United,3,0,4,4,3,3,1
1995,Colchester United,Cardiff City,1,0,4,4,1,1,1
1995,Colchester United,Northampton Town,1,0,4,4,1,1,1
1995,Colchester United,Rochdale,1,0,4,4,1,1,1
1995,Darlington,Bury,4,0,4,4,4,4,1
1995,Darlington,Chester,3,1,4,4,4,2,1
1995,Darlington,Exeter City,1,0,4,4,1,1,1
1995,Darlington,Hartlepool United,1,0,4,4,1,1,1
1995,Darlington,Lincoln City,3,2,4,4,5,1,1
1995,Darlington,Plymouth Argyle,2,0,4,4,2,2,1
1995,Darlington,Scarborough,1,2,4,4,3,-1,0
1995,Darlington,Wigan Athletic,2,1,4,4,3,1,1
1995,Doncaster Rovers,Cambridge United,2,1,4,4,3,1,1
1995,Doncaster Rovers,Colchester United,3,2,4,4,5,1,1
1995,Doncaster Rovers,Hereford United,0,0,4,4,0,0,0
1995,Doncaster Rovers,Mansfield Town,0,0,4,4,0,0,0
1995,Doncaster Rovers,Preston North End,2,2,4,4,4,0,0
1995,Doncaster Rovers,Scunthorpe United,2,0,4,4,2,2,1
1995,Exeter City,Cardiff City,2,0,4,4,2,2,1
1995,Exeter City,Gillingham,0,0,4,4,0,0,0
1995,Fulham,Bury,0,0,4,4,0,0,0
1995,Fulham,Chester,2,0,4,4,2,2,1
1995,Fulham,Lincoln City,1,2,4,4,3,-1,0
1995,Fulham,Scarborough,1,0,4,4,1,1,1
1995,Fulham,Wigan Athletic,1,0,4,4,1,1,1
1995,Gillingham,Cambridge United,3,0,4,4,3,3,1
1995,Gillingham,Hereford United,1,1,4,4,2,0,0
1995,Gillingham,Preston North End,1,1,4,4,2,0,0
1995,Hartlepool United,Barnet,0,0,4,4,0,0,0
1995,Hartlepool United,Fulham,1,0,4,4,1,1,1
1995,Hartlepool United,Leyton Orient,4,1,4,4,5,3,1
1995,Hartlepool United,Northampton Town,2,1,4,4,3,1,1
1995,Hartlepool United,Torquay United,2,2,4,4,4,0,0
1995,Hereford United,Chester,1,0,4,4,1,1,1
1995,Hereford United,Doncaster Rovers,1,0,4,4,1,1,1
1995,Hereford United,Lincoln City,1,0,4,4,1,1,1
1995,Hereford United,Wigan Athletic,2,2,4,4,4,0,0
1995,Leyton Orient,Colchester United,0,1,4,4,1,-1,0
1995,Leyton Orient,Hartlepool United,4,1,4,4,5,3,1
1995,Leyton Orient,Mansfield Town,1,0,4,4,1,1,1
1995,Leyton Orient,Preston North End,0,2,4,4,2,-2,0
1995,Leyton Orient,Scunthorpe United,0,0,4,4,0,0,0
1995,Lincoln City,Cardiff City,0,1,4,4,1,-1,0
1995,Lincoln City,Hereford United,2,1,4,4,3,1,1
1995,Lincoln City,Northampton Town,1,0,4,4,1,1,1
1995,Lincoln City,Rochdale,1,2,4,4,3,-1,0
1995,Mansfield Town,Chester,3,4,4,4,7,-1,0
1995,Mansfield Town,Doncaster Rovers,0,0,4,4,0,0,0
1995,Mansfield Town,Gillingham,0,1,4,4,1,-1,0
1995,Mansfield Town,Leyton Orient,0,0,4,4,0,0,0
1995,Mansfield Town,Plymouth Argyle,1,1,4,4,2,0,0
1995,Mansfield Town,Scarborough,2,0,4,4,2,2,1
1995,Northampton Town,Cambridge United,3,0,4,4,3,3,1
1995,Northampton Town,Exeter City,0,0,4,4,0,0,0
1995,Northampton Town,Hartlepool United,0,0,4,4,0,0,0
1995,Northampton Town,Scunthorpe United,1,2,4,4,3,-1,0
1995,Plymouth Argyle,Cardiff City,0,0,4,4,0,0,0
1995,Plymouth Argyle,Fulham,3,0,4,4,3,3,1
1995,Plymouth Argyle,Rochdale,2,0,4,4,2,2,1
1995,Plymouth Argyle,Torquay United,4,3,4,4,7,1,1
1995,Preston North End,Bury,0,0,4,4,0,0,0
1995,Preston North End,Gillingham,0,0,4,4,0,0,0
1995,Rochdale,Cambridge United,3,1,4,4,4,2,1
1995,Rochdale,Lincoln City,3,3,4,4,6,0,0
1995,Rochdale,Plymouth Argyle,0,1,4,4,1,-1,0
1995,Rochdale,Scunthorpe United,1,1,4,4,2,0,0
1995,Scarborough,Fulham,2,2,4,4,4,0,0
1995,Scunthorpe United,Leyton Orient,2,0,4,4,2,2,1
1995,Scunthorpe United,Northampton Town,0,0,4,4,0,0,0
1995,Scunthorpe United,Rochdale,1,3,4,4,4,-2,0
1995,Scunthorpe United,Wigan Athletic,3,1,4,4,4,2,1
1995,Torquay United,Cambridge United,0,3,4,4,3,-3,0
1995,Torquay United,Colchester United,2,3,4,4,5,-1,0
1995,Torquay United,Exeter City,0,2,4,4,2,-2,0
1995,Torquay United,Hartlepool United,0,0,4,4,0,0,0
1995,Torquay United,Plymouth Argyle,0,2,4,4,2,-2,0
1995,Torquay United,Scarborough,0,0,4,4,0,0,0
1995,Wigan Athletic,Barnet,1,0,4,4,1,1,1
1995,Wigan Athletic,Cardiff City,3,1,4,4,4,2,1
1995,Wigan Athletic,Hereford United,2,1,4,4,3,1,1
1995,Wigan Athletic,Mansfield Town,2,6,4,4,8,-4,0
1995,Wigan Athletic,Preston North End,0,1,4,4,1,-1,0
1996,Arsenal,Blackburn Rovers,1,1,1,1,2,0,0
1996,Arsenal,Middlesbrough,2,0,1,1,2,2,1
1996,Arsenal,Sheffield Wednesday,4,1,1,1,5,3,1
1996,Aston Villa,Arsenal,2,2,1,1,4,0,0
1996,Aston Villa,Coventry City,2,1,1,1,3,1,1
1996,Aston Villa,Leeds United,2,0,1,1,2,2,1
1996,Aston Villa,Nottingham Forest,2,0,1,1,2,2,1
1996,Aston Villa,Sunderland,1,0,1,1,1,1,1
1996,Aston Villa,Wimbledon,5,0,1,1,5,5,1
1996,Blackburn Rovers,Chelsea,1,1,1,1,2,0,0
1996,Blackburn Rovers,Everton,1,1,1,1,2,0,0
1996,Blackburn Rovers,Southampton,2,1,1,1,3,1,1
1996,Chelsea,Aston Villa,1,1,1,1,2,0,0
1996,Chelsea,Derby County,3,1,1,1,4,2,1
1996,Chelsea,Leicester City,2,1,1,1,3,1,1
1996,Chelsea,Sheffield Wednesday,2,2,1,1,4,0,0
1996,Coventry City,Leeds United,2,1,1,1,3,1,1
1996,Coventry City,Manchester United,0,2,1,1,2,-2,0
1996,Coventry City,Nottingham Forest,0,3,1,1,3,-3,0
1996,Coventry City,Sunderland,2,2,1,1,4,0,0
1996,Derby County,Blackburn Rovers,0,0,1,1,0,0,0
1996,Derby County,Newcastle United,0,1,1,1,1,-1,0
1996,Everton,Aston Villa,0,1,1,1,1,-1,0
1996,Everton,Tottenham Hotspur,1,0,1,1,1,1,1
1996,Leeds United,Manchester United,0,4,1,1,4,-4,0
1996,Leeds United,Sunderland,3,0,1,1,3,3,1
1996,Leeds United,Wimbledon,1,0,1,1,1,1,1
1996,Leicester City,Blackburn Rovers,1,1,1,1,2,0,0
1996,Leicester City,Southampton,2,1,1,1,3,1,1
1996,Liverpool,Aston Villa,3,0,1,1,3,3,1
1996,Liverpool,Coventry City,1,2,1,1,3,-1,0
1996,Liverpool,Middlesbrough,5,1,1,1,6,4,1
1996,Liverpool,Sheffield Wednesday,0,1,1,1,1,-1,0
1996,Liverpool,Tottenham Hotspur,2,1,1,1,3,1,1
1996,Manchester United,Chelsea,1,2,1,1,3,-1,0
1996,Manchester United,Sunderland,5,0,1,1,5,5,1
1996,Manchester United,Wimbledon,2,1,1,1,3,1,1
1996,Middlesbrough,Blackburn Rovers,2,1,1,1,3,1,1
1996,Middlesbrough,Derby County,6,1,1,1,7,5,1
1996,Middlesbrough,Leicester City,0,2,1,1,2,-2,0
1996,Middlesbrough,Southampton,0,1,1,1,1,-1,0
1996,Middlesbrough,West Ham United,4,1,1,1,5,3,1
1996,Newcastle United,Aston Villa,4,3,1,1,7,1,1
1996,Newcastle United,Coventry City,4,0,1,1,4,4,1
1996,Newcastle United,Sheffield Wednesday,1,2,1,1,3,-1,0
1996,Nottingham Forest,Chelsea,2,0,1,1,2,2,1
1996,Nottingham Forest,Liverpool,1,1,1,1,2,0,0
1996,Nottingham Forest,Wimbledon,1,1,1,1,2,0,0
1996,Sheffield Wednesday,Blackburn Rovers,1,1,1,1,2,0,0
1996,Sheffield Wednesday,Derby County,0,0,1,1,0,0,0
1996,Sheffield Wednesday,Leicester City,2,1,1,1,3,1,1
1996,Sheffield Wednesday,Middlesbrough,3,1,1,1,4,2,1
1996,Sheffield Wednesday,Southampton,1,1,1,1,2,0,0
1996,Sheffield Wednesday,West Ham United,0,0,1,1,0,0,0
1996,Southampton,Coventry City,2,2,1,1,4,0,0
1996,Sunderland,Chelsea,3,0,1,1,3,3,1
1996,Sunderland,Everton,3,0,1,1,3,3,1
1996,Sunderland,Liverpool,1,2,1,1,3,-1,0
1996,Sunderland,Southampton,0,1,1,1,1,-1,0
1996,Tottenham Hotspur,West Ham United,1,0,1,1,1,1,1
1996,West Ham United,Aston Villa,0,2,1,1,2,-2,0
1996,West Ham United,Leeds United,0,2,1,1,2,-2,0
1996,Wimbledon,Arsenal,2,2,1,1,4,0,0
1996,Wimbledon,Liverpool,2,1,1,1,3,1,1
1996,Wimbledon,West Ham United,1,1,1,1,2,0,0
1996,Barnsley,Oxford United,0,0,2,2,0,0,0
1996,Barnsley,Southend United,3,0,2,2,3,3,1
1996,Barnsley,Tranmere Rovers,3,0,2,2,3,3,1
1996,Birmingham City,Barnsley,0,0,2,2,0,0,0
1996,Birmingham City,Charlton Athletic,0,0,2,2,0,0,0
1996,Birmingham City,Huddersfield Town,1,0,2,2,1,1,1
1996,Birmingham City,Norwich City,2,3,2,2,5,-1,0
1996,Birmingham City,Port Vale,1,2,2,2,3,-1,0
1996,Birmingham City,Reading,4,1,2,2,5,3,1
1996,Birmingham City,West Bromwich Albion,2,3,2,2,5,-1,0
1996,Bolton Wanderers,Crystal Palace,2,2,2,2,4,0,0
1996,Bolton Wanderers,Oldham Athletic,3,1,2,2,4,2,1
1996,Bolton Wanderers,Portsmouth,2,0,2,2,2,2,1
1996,Bolton Wanderers,Sheffield United,2,2,2,2,4,0,0
1996,Bolton Wanderers,Wolverhampton Wanderers,3,0,2,2,3,3,1
1996,Bradford City,Bolton Wanderers,2,4,2,2,6,-2,0
1996,Bradford City,Grimsby Town,3,4,2,2,7,-1,0
1996,Bradford City,Southend United,0,0,2,2,0,0,0
1996,Charlton Athletic,Barnsley,2,2,2,2,4,0,0
1996,Charlton Athletic,Huddersfield Town,2,1,2,2,3,1,1
1996,Charlton Athletic,Reading,1,0,2,2,1,1,1
1996,Charlton Athletic,Stoke City,1,2,2,2,3,-1,0
1996,Charlton Athletic,West Bromwich Albion,1,1,2,2,2,0,0
1996,Crystal Palace,Charlton Athletic,1,0,2,2,1,1,1
1996,Crystal Palace,Oldham Athletic,3,1,2,2,4,2,1
1996,Crystal Palace,Sheffield United,0,1,2,2,1,-1,0
1996,Crystal Palace,Swindon Town,1,2,2,2,3,-1,0
1996,Crystal Palace,Wolverhampton Wanderers,2,3,2,2,5,-1,0
1996,Grimsby Town,Oxford United,0,2,2,2,2,-2,0
1996,Grimsby Town,Queens Park Rangers,2,0,2,2,2,2,1
1996,Huddersfield Town,Bradford City,3,3,2,2,6,0,0
1996,Huddersfield Town,Norwich City,2,0,2,2,2,2,1
1996,Huddersfield Town,Stoke City,2,1,2,2,3,1,1
1996,Ipswich Town,Birmingham City,1,1,2,2,2,0,0
1996,Ipswich Town,Charlton Athletic,2,1,2,2,3,1,1
1996,Ipswich Town,Oldham Athletic,4,0,2,2,4,4,1
1996,Ipswich Town,Sheffield United,3,1,2,2,4,2,1
1996,Ipswich Town,Wolverhampton Wanderers,0,0,2,2,0,0,0
1996,Manchester City,Bolton Wanderers,1,2,2,2,3,-1,0
1996,Manchester City,Crystal Palace,1,1,2,2,2,0,0
1996,Manchester City,Ipswich Town,1,0,2,2,1,1,1
1996,Manchester City,Southend United,3,0,2,2,3,3,1
1996,Norwich City,Manchester City,0,0,2,2,0,0,0
1996,Norwich City,Port Vale,1,1,2,2,2,0,0
1996,Norwich City,Reading,1,1,2,2,2,0,0
1996,Norwich City,Stoke City,2,0,2,2,2,2,1
1996,Oldham Athletic,Birmingham City,2,2,2,2,4,0,0
1996,Oldham Athletic,Charlton Athletic,1,1,2,2,2,0,0
1996,Oldham Athletic,Huddersfield Town,1,2,2,2,3,-1,0
1996,Oldham Athletic,Norwich City,3,0,2,2,3,3,1
1996,Oldham Athletic,Sheffield United,0,2,2,2,2,-2,0
1996,Oldham Athletic,Swindon Town,5,1,2,2,6,4,1
1996,Oldham Athletic,Wolverhampton Wanderers,3,2,2,2,5,1,1
1996,Oxford United,Oldham Athletic,3,1,2,2,4,2,1
1996,Oxford United,Queens Park Rangers,2,3,2,2,5,-1,0
1996,Oxford United,Southend United,5,0,2,2,5,5,1
1996,Oxford United,Tranmere Rovers,2,1,2,2,3,1,1
1996,Port Vale,Barnsley,1,3,2,2,4,-2,0
1996,Port Vale,Bradford City,1,1,2,2,2,0,0
1996,Portsmouth,Birmingham City,1,1,2,2,2,0,0
1996,Portsmouth,Huddersfield Town,3,1,2,2,4,2,1
1996,Portsmouth,Wolverhampton Wanderers,0,2,2,2,2,-2,0
1996,Queens Park Rangers,Bolton Wanderers,1,2,2,2,3,-1,0
1996,Queens Park Rangers,Oldham Athletic,0,1,2,2,1,-1,0
1996,Queens Park Rangers,Portsmouth,2,1,2,2,3,1,1
1996,Queens Park Rangers,Tranmere Rovers,2,0,2,2,2,2,1
1996,Reading,Barnsley,1,2,2,2,3,-1,0
1996,Reading,Bradford City,0,0,2,2,0,0,0
1996,Reading,Grimsby Town,1,1,2,2,2,0,0
1996,Reading,Stoke City,2,2,2,2,4,0,0
1996,Reading,West Bromwich Albion,2,2,2,2,4,0,0
1996,Sheffield United,Norwich City,2,3,2,2,5,-1,0
1996,Sheffield United,Reading,2,0,2,2,2,2,1
1996,Sheffield United,Wolverhampton Wanderers,2,3,2,2,5,-1,0
1996,Southend United,Portsmouth,2,1,2,2,3,1,1
1996,Stoke City,Barnsley,1,0,2,2,1,1,1
1996,Stoke City,Grimsby Town,3,1,2,2,4,2,1
1996,Stoke City,Oxford United,2,1,2,2,3,1,1
1996,Stoke City,West Bromwich Albion,2,1,2,2,3,1,1
1996,Swindon Town,Huddersfield Town,6,0,2,2,6,6,1
1996,Swindon Town,Norwich City,0,3,2,2,3,-3,0
1996,Tranmere Rovers,Bolton Wanderers,2,2,2,2,4,0,0
1996,Tranmere Rovers,Crystal Palace,1,3,2,2,4,-2,0
1996,Tranmere Rovers,Oldham Athletic,1,1,2,2,2,0,0
1996,Tranmere Rovers,Portsmouth,4,3,2,2,7,1,1
1996,West Bromwich Albion,Bradford City,0,0,2,2,0,0,0
1996,West Bromwich Albion,Grimsby Town,2,0,2,2,2,2,1
1996,West Bromwich Albion,Tranmere Rovers,1,2,2,2,3,-1,0
1996,Wolverhampton Wanderers,Norwich City,3,2,2,2,5,1,1
1996,Wolverhampton Wanderers,Reading,0,1,2,2,1,-1,0
1996,Wolverhampton Wanderers,West Bromwich Albion,2,0,2,2,2,2,1
1996,AFC Bournemouth,Gillingham,2,2,3,3,4,0,0
1996,AFC Bournemouth,Notts County,0,1,3,3,1,-1,0
1996,AFC Bournemouth,Stockport County,0,0,3,3,0,0,0
1996,Blackpool,AFC Bournemouth,1,1,3,3,2,0,0
1996,Blackpool,Chesterfield,0,1,3,3,1,-1,0
1996,Blackpool,Peterborough United,5,1,3,3,6,4,1
1996,Blackpool,Walsall,2,1,3,3,3,1,1
1996,Brentford,Blackpool,1,1,3,3,2,0,0
1996,Brentford,Crewe Alexandra,0,2,3,3,2,-2,0
1996,Brentford,Millwall,0,0,3,3,0,0,0
1996,Brentford,Watford,1,1,3,3,2,0,0
1996,Bristol City,Bury,1,0,3,3,1,1,1
1996,Bristol City,Gillingham,0,1,3,3,1,-1,0
1996,Bristol City,Preston North End,2,1,3,3,3,1,1
1996,Bristol City,Wrexham,2,1,3,3,3,1,1
1996,Bristol Rovers,AFC Bournemouth,3,2,3,3,5,1,1
1996,Bristol Rovers,Bristol City,1,2,3,3,3,-1,0
1996,Bristol Rovers,Chesterfield,2,0,3,3,2,2,1
1996,Bristol Rovers,Walsall,0,1,3,3,1,-1,0
1996,Burnley,Millwall,1,0,3,3,1,1,1
1996,Burnley,Plymouth Argyle,2,1,3,3,3,1,1
1996,Bury,Burnley,1,0,3,3,1,1,1
1996,Chesterfield,AFC Bournemouth,1,1,3,3,2,0,0
1996,Crewe Alexandra,Chesterfield,1,2,3,3,3,-1,0
1996,Crewe Alexandra,Millwall,0,0,3,3,0,0,0
1996,Crewe Alexandra,Plymouth Argyle,3,0,3,3,3,3,1
1996,Crewe Alexandra,Shrewsbury Town,5,1,3,3,6,4,1
1996,Crewe Alexandra,Watford,0,2,3,3,2,-2,0
1996,Crewe Alexandra,York City,0,1,3,3,1,-1,0
1996,Gillingham,Burnley,1,0,3,3,1,1,1
1996,Luton Town,AFC Bournemouth,2,0,3,3,2,2,1
1996,Luton Town,Bristol City,2,2,3,3,4,0,0
1996,Luton Town,Bury,0,0,3,3,0,0,0
1996,Luton Town,Gillingham,2,1,3,3,3,1,1
1996,Luton Town,Peterborough United,3,0,3,3,3,3,1
1996,Luton Town,Wycombe Wanderers,0,0,3,3,0,0,0
1996,Millwall,Blackpool,2,1,3,3,3,1,1
1996,Millwall,Luton Town,0,1,3,3,1,-1,0
1996,Millwall,Plymouth Argyle,0,0,3,3,0,0,0
1996,Millwall,Shrewsbury Town,2,1,3,3,3,1,1
1996,Millwall,York City,1,1,3,3,2,0,0
1996,Notts County,Brentford,1,1,3,3,2,0,0
1996,Notts County,Stockport County,1,2,3,3,3,-1,0
1996,Peterborough United,Bury,1,2,3,3,3,-1,0
1996,Peterborough United,Notts County,1,3,3,3,4,-2,0
1996,Peterborough United,Wycombe Wanderers,6,3,3,3,9,3,1
1996,Plymouth Argyle,Chesterfield,0,3,3,3,3,-3,0
1996,Plymouth Argyle,Luton Town,3,3,3,3,6,0,0
1996,Plymouth Argyle,Shrewsbury Town,2,2,3,3,4,0,0
1996,Plymouth Argyle,York City,2,1,3,3,3,1,1
1996,Preston North End,Wrexham,2,1,3,3,3,1,1
1996,Rotherham United,AFC Bournemouth,1,0,3,3,1,1,1
1996,Rotherham United,Notts County,2,2,3,3,4,0,0
1996,Shrewsbury Town,Peterborough United,2,2,3,3,4,0,0
1996,Shrewsbury Town,Rotherham United,0,2,3,3,2,-2,0
1996,Shrewsbury Town,Watford,1,0,3,3,1,1,1
1996,Stockport County,Crewe Alexandra,1,0,3,3,1,1,1
1996,Stockport County,Shrewsbury Town,3,1,3,3,4,2,1
1996,Stockport County,Wrexham,0,2,3,3,2,-2,0
1996,Walsall,AFC Bournemouth,2,1,3,3,3,1,1
1996,Walsall,Bristol City,2,0,3,3,2,2,1
1996,Walsall,Gillingham,1,0,3,3,1,1,1
1996,Walsall,Notts County,3,1,3,3,4,2,1
1996,Walsall,Preston North End,1,0,3,3,1,1,1
1996,Walsall,Wycombe Wanderers,2,2,3,3,4,0,0
1996,Watford,Chesterfield,0,2,3,3,2,-2,0
1996,Watford,Walsall,1,0,3,3,1,1,1
1996,Wrexham,Burnley,0,0,3,3,0,0,0
1996,Wrexham,Crewe Alexandra,1,1,3,3,2,0,0
1996,Wrexham,Millwall,3,3,3,3,6,0,0
1996,Wrexham,Plymouth Argyle,4,4,3,3,8,0,0
1996,Wrexham,Shrewsbury Town,2,1,3,3,3,1,1
1996,Wrexham,Watford,3,1,3,3,4,2,1
1996,Wycombe Wanderers,Gillingham,1,1,3,3,2,0,0
1996,Wycombe Wanderers,Preston North End,0,1,3,3,1,-1,0
1996,York City,Blackpool,1,0,3,3,1,1,1
1996,York City,Bristol Rovers,2,2,3,3,4,0,0
1996,York City,Chesterfield,0,0,3,3,0,0,0
1996,York City,Wycombe Wanderers,2,0,3,3,2,2,1
1996,Barnet,Cardiff City,3,1,4,4,4,2,1
1996,Barnet,Lincoln City,1,0,4,4,1,1,1
1996,Barnet,Swansea City,0,1,4,4,1,-1,0
1996,Brighton & Hove Albion,Carlisle United,1,3,4,4,4,-2,0
1996,Brighton & Hove Albion,Fulham,0,0,4,4,0,0,0
1996,Brighton & Hove Albion,Hull City,3,0,4,4,3,3,1
1996,Brighton & Hove Albion,Mansfield Town,1,1,4,4,2,0,0
1996,Brighton & Hove Albion,Torquay United,2,2,4,4,4,0,0
1996,Cambridge United,Brighton & Hove Albion,1,1,4,4,2,0,0
1996,Cambridge United,Chester,2,2,4,4,4,0,0
1996,Cambridge United,Doncaster Rovers,0,1,4,4,1,-1,0
1996,Cambridge United,Wigan Athletic,1,1,4,4,2,0,0
1996,Cardiff City,Exeter City,2,1,4,4,3,1,1
1996,Carlisle United,Barnet,2,1,4,4,3,1,1
1996,Carlisle United,Cardiff City,0,2,4,4,2,-2,0
1996,Carlisle United,Mansfield Town,1,1,4,4,2,0,0
1996,Carlisle United,Torquay United,5,1,4,4,6,4,1
1996,Chester,Brighton & Hove Albion,2,1,4,4,3,1,1
1996,Chester,Doncaster Rovers,6,0,4,4,6,6,1
1996,Chester,Hartlepool United,0,0,4,4,0,0,0
1996,Chester,Leyton Orient,0,1,4,4,1,-1,0
1996,Colchester United,Cambridge United,2,2,4,4,4,0,0
1996,Colchester United,Chester,0,0,4,4,0,0,0
1996,Colchester United,Exeter City,1,0,4,4,1,1,1
1996,Colchester United,Lincoln City,7,1,4,4,8,6,1
1996,Darlington,Colchester United,1,1,4,4,2,0,0
1996,Darlington,Fulham,0,2,4,4,2,-2,0
1996,Darlington,Hull City,1,0,4,4,1,1,1
1996,Darlington,Torquay United,2,3,4,4,5,-1,0
1996,Doncaster Rovers,Hartlepool United,2,1,4,4,3,1,1
1996,Doncaster Rovers,Wigan Athletic,2,0,4,4,2,2,1
1996,Exeter City,Chester,1,5,4,4,6,-4,0
1996,Exeter City,Doncaster Rovers,1,1,4,4,2,0,0
1996,Exeter City,Hereford United,1,1,4,4,2,0,0
1996,Exeter City,Lincoln City,3,3,4,4,6,0,0
1996,Fulham,Barnet,2,0,4,4,2,2,1
1996,Fulham,Colchester United,3,1,4,4,4,2,1
1996,Fulham,Exeter City,1,1,4,4,2,0,0
1996,Fulham,Hull City,2,0,4,4,2,2,1
1996,Fulham,Mansfield Town,1,2,4,4,3,-1,0
1996,Fulham,Scarborough,4,0,4,4,4,4,1
1996,Hartlepool United,Carlisle United,1,2,4,4,3,-1,0
1996,Hartlepool United,Fulham,2,1,4,4,3,1,1
1996,Hartlepool United,Scunthorpe United,0,1,4,4,1,-1,0
1996,Hereford United,Chester,1,2,4,4,3,-1,0
1996,Hereford United,Doncaster Rovers,1,0,4,4,1,1,1
1996,Hereford United,Rochdale,3,0,4,4,3,3,1
1996,Hull City,Barnet,0,0,4,4,0,0,0
1996,Hull City,Cardiff City,1,1,4,4,2,0,0
1996,Hull City,Exeter City,2,0,4,4,2,2,1
1996,Hull City,Mansfield Town,1,1,4,4,2,0,0
1996,Hull City,Torquay United,2,0,4,4,2,2,1
1996,Leyton Orient,Brighton & Hove Albion,2,0,4,4,2,2,1
1996,Leyton Orient,Carlisle United,2,1,4,4,3,1,1
1996,Leyton Orient,Hull City,1,1,4,4,2,0,0
1996,Leyton Orient,Northampton Town,2,1,4,4,3,1,1
1996,Leyton Orient,Scunthorpe United,0,1,4,4,1,-1,0
1996,Lincoln City,Chester,0,0,4,4,0,0,0
1996,Lincoln City,Hartlepool United,2,1,4,4,3,1,1
1996,Lincoln City,Leyton Orient,1,1,4,4,2,0,0
1996,Lincoln City,Swansea City,4,0,4,4,4,4,1
1996,Mansfield Town,Cardiff City,1,3,4,4,4,-2,0
1996,Mansfield Town,Colchester United,1,1,4,4,2,0,0
1996,Mansfield Town,Hereford United,3,1,4,4,4,2,1
1996,Mansfield Town,Lincoln City,2,2,4,4,4,0,0
1996,Mansfield Town,Scarborough,2,0,4,4,2,2,1
1996,Northampton Town,Carlisle United,1,1,4,4,2,0,0
1996,Northampton Town,Fulham,0,1,4,4,1,-1,0
1996,Northampton Town,Mansfield Town,3,0,4,4,3,3,1
1996,Northampton Town,Wigan Athletic,0,1,4,4,1,-1,0
1996,Rochdale,Chester,0,1,4,4,1,-1,0
1996,Scarborough,Barnet,1,1,4,4,2,0,0
1996,Scarborough,Colchester United,1,1,4,4,2,0,0
1996,Scarborough,Hereford United,1,1,4,4,2,0,0
1996,Scarborough,Torquay United,3,1,4,4,4,2,1
1996,Scunthorpe United,Brighton & Hove Albion,1,0,4,4,1,1,1
1996,Scunthorpe United,Fulham,1,4,4,4,5,-3,0
1996,Scunthorpe United,Mansfield Town,0,2,4,4,2,-2,0
1996,Swansea City,Cambridge United,3,1,4,4,4,2,1
1996,Swansea City,Leyton Orient,1,0,4,4,1,1,1
1996,Torquay United,Cardiff City,2,0,4,4,2,2,1
1996,Torquay United,Colchester United,0,2,4,4,2,-2,0
1996,Torquay United,Rochdale,0,1,4,4,1,-1,0
1996,Wigan Athletic,Brighton & Hove Albion,1,0,4,4,1,1,1
1996,Wigan Athletic,Hull City,1,2,4,4,3,-1,0
1997,Arsenal,Sheffield Wednesday,1,0,1,1,1,1,1
1997,Arsenal,West Ham United,4,0,1,1,4,4,1
1997,Aston Villa,Derby County,2,1,1,1,3,1,1
1997,Aston Villa,Tottenham Hotspur,4,1,1,1,5,3,1
1997,Barnsley,Arsenal,0,2,1,1,2,-2,0
1997,Barnsley,Leeds United,2,3,1,1,5,-1,0
1997,Barnsley,Southampton,4,3,1,1,7,1,1
1997,Barnsley,Wimbledon,2,1,1,1,3,1,1
1997,Blackburn Rovers,Barnsley,2,1,1,1,3,1,1
1997,Blackburn Rovers,Coventry City,0,0,1,1,0,0,0
1997,Blackburn Rovers,West Ham United,3,0,1,1,3,3,1
1997,Bolton Wanderers,Aston Villa,0,1,1,1,1,-1,0
1997,Chelsea,Arsenal,2,3,1,1,5,-1,0
1997,Chelsea,Crystal Palace,6,2,1,1,8,4,1
1997,Chelsea,Manchester United,0,1,1,1,1,-1,0
1997,Chelsea,Wimbledon,1,1,1,1,2,0,0
1997,Coventry City,Barnsley,1,0,1,1,1,1,1
1997,Coventry City,Sheffield Wednesday,1,0,1,1,1,1,1
1997,Coventry City,West Ham United,1,1,1,1,2,0,0
1997,Crystal Palace,Bolton Wanderers,2,2,1,1,4,0,0
1997,Crystal Palace,Leicester City,0,3,1,1,3,-3,0
1997,Crystal Palace,Tottenham Hotspur,1,3,1,1,4,-2,0
1997,Derby County,Manchester United,2,2,1,1,4,0,0
1997,Derby County,Southampton,4,0,1,1,4,4,1
1997,Derby County,Wimbledon,1,1,1,1,2,0,0
1997,Everton,Chelsea,3,1,1,1,4,2,1
1997,Everton,Derby County,1,2,1,1,3,-1,0
1997,Everton,Liverpool,2,0,1,1,2,2,1
1997,Everton,Sheffield Wednesday,1,3,1,1,4,-2,0
1997,Everton,West Ham United,2,1,1,1,3,1,1
1997,Leeds United,Bolton Wanderers,2,0,1,1,2,2,1
1997,Leeds United,Leicester City,0,1,1,1,1,-1,0
1997,Leicester City,Coventry City,1,1,1,1,2,0,0
1997,Leicester City,Manchester United,0,0,1,1,0,0,0
1997,Leicester City,Southampton,3,3,1,1,6,0,0
1997,Liverpool,Barnsley,0,1,1,1,1,-1,0
1997,Liverpool,Chelsea,4,2,1,1,6,2,1
1997,Liverpool,Derby County,4,0,1,1,4,4,1
1997,Liverpool,Leicester City,1,2,1,1,3,-1,0
1997,Liverpool,Sheffield Wednesday,2,1,1,1,3,1,1
1997,Manchester United,Aston Villa,1,0,1,1,1,1,1
1997,Manchester United,Crystal Palace,2,0,1,1,2,2,1
1997,Manchester United,Tottenham Hotspur,2,0,1,1,2,2,1
1997,Newcastle United,Arsenal,0,1,1,1,1,-1,0
1997,Newcastle United,Liverpool,1,2,1,1,3,-1,0
1997,Newcastle United,Southampton,2,1,1,1,3,1,1
1997,Newcastle United,Wimbledon,1,3,1,1,4,-2,0
1997,Sheffield Wednesday,Derby County,2,5,1,1,7,-3,0
1997,Sheffield Wednesday,West Ham United,1,1,1,1,2,0,0
1997,Southampton,Bolton Wanderers,0,1,1,1,1,-1,0
1997,Southampton,Crystal Palace,1,0,1,1,1,1,1
1997,Southampton,Manchester United,1,0,1,1,1,1,1
1997,Southampton,Tottenham Hotspur,3,2,1,1,5,1,1
1997,Tottenham Hotspur,Everton,1,1,1,1,2,0,0
1997,Tottenham Hotspur,Sheffield Wednesday,3,2,1,1,5,1,1
1997,Tottenham Hotspur,Wimbledon,0,0,1,1,0,0,0
1997,West Ham United,Derby County,0,0,1,1,0,0,0
1997,West Ham United,Leicester City,4,3,1,1,7,1,1
1997,West Ham United,Newcastle United,0,1,1,1,1,-1,0
1997,West Ham United,Tottenham Hotspur,2,1,1,1,3,1,1
1997,Wimbledon,Aston Villa,2,1,1,1,3,1,1
1997,Wimbledon,Crystal Palace,0,1,1,1,1,-1,0
1997,Wimbledon,Leeds United,1,0,1,1,1,1,1
1997,Wimbledon,Southampton,1,0,1,1,1,1,1
1997,Birmingham City,Manchester City,2,1,2,2,3,1,1
1997,Birmingham City,Nottingham Forest,1,2,2,2,3,-1,0
1997,Birmingham City,Sheffield United,2,0,2,2,2,2,1
1997,Birmingham City,Sunderland,0,1,2,2,1,-1,0
1997,Bradford City,Bury,1,0,2,2,1,1,1
1997,Bradford City,Oxford United,0,0,2,2,0,0,0
1997,Bradford City,Queens Park Rangers,1,1,2,2,2,0,0
1997,Bradford City,Stockport County,2,1,2,2,3,1,1
1997,Bradford City,Wolverhampton Wanderers,2,0,2,2,2,2,1
1997,Bury,Reading,1,1,2,2,2,0,0
1997,Bury,Stoke City,0,0,2,2,0,0,0
1997,Bury,Tranmere Rovers,1,0,2,2,1,1,1
1997,Charlton Athletic,Portsmouth,1,0,2,2,1,1,1
1997,Charlton Athletic,Sheffield United,2,1,2,2,3,1,1
1997,Charlton Athletic,Sunderland,1,1,2,2,2,0,0
1997,Charlton Athletic,West Bromwich Albion,5,0,2,2,5,5,1
1997,Crewe Alexandra,Bradford City,5,0,2,2,5,5,1
1997,Crewe Alexandra,Huddersfield Town,2,5,2,2,7,-3,0
1997,Huddersfield Town,Bury,2,0,2,2,2,2,1
1997,Huddersfield Town,Ipswich Town,2,2,2,2,4,0,0
1997,Huddersfield Town,Norwich City,1,3,2,2,4,-2,0
1997,Huddersfield Town,Reading,1,0,2,2,1,1,1
1997,Huddersfield Town,Stoke City,3,1,2,2,4,2,1
1997,Huddersfield Town,Tranmere Rovers,3,0,2,2,3,3,1
1997,Ipswich Town,Birmingham City,0,1,2,2,1,-1,0
1997,Manchester City,Bradford City,1,0,2,2,1,1,1
1997,Manchester City,Crewe Alexandra,1,0,2,2,1,1,1
1997,Manchester City,Middlesbrough,2,0,2,2,2,2,1
1997,Manchester City,Oxford United,0,2,2,2,2,-2,0
1997,Manchester City,Queens Park Rangers,2,2,2,2,4,0,0
1997,Manchester City,Wolverhampton Wanderers,0,1,2,2,1,-1,0
1997,Middlesbrough,Bury,4,0,2,2,4,4,1
1997,Middlesbrough,Huddersfield Town,3,0,2,2,3,3,1
1997,Middlesbrough,Norwich City,3,0,2,2,3,3,1
1997,Middlesbrough,Stoke City,0,1,2,2,1,-1,0
1997,Norwich City,Nottingham Forest,1,0,2,2,1,1,1
1997,Norwich City,Sheffield United,2,1,2,2,3,1,1
1997,Norwich City,Sunderland,2,1,2,2,3,1,1
1997,Nottingham Forest,Crewe Alexandra,3,1,2,2,4,2,1
1997,Nottingham Forest,Oxford United,1,3,2,2,4,-2,0
1997,Nottingham Forest,Stockport County,2,1,2,2,3,1,1
1997,Oxford United,Bury,1,1,2,2,2,0,0
1997,Oxford United,Reading,3,0,2,2,3,3,1
1997,Oxford United,Stoke City,5,1,2,2,6,4,1
1997,Port Vale,Birmingham City,0,1,2,2,1,-1,0
1997,Port Vale,Charlton Athletic,0,1,2,2,1,-1,0
1997,Port Vale,Ipswich Town,1,3,2,2,4,-2,0
1997,Port Vale,Norwich City,2,2,2,2,4,0,0
1997,Port Vale,Portsmouth,2,1,2,2,3,1,1
1997,Port Vale,Sheffield United,0,0,2,2,0,0,0
1997,Port Vale,Sunderland,3,1,2,2,4,2,1
1997,Port Vale,West Bromwich Albion,1,2,2,2,3,-1,0
1997,Portsmouth,Crewe Alexandra,2,3,2,2,5,-1,0
1997,Portsmouth,Nottingham Forest,0,1,2,2,1,-1,0
1997,Portsmouth,Queens Park Rangers,3,1,2,2,4,2,1
1997,Queens Park Rangers,Bury,0,1,2,2,1,-1,0
1997,Queens Park Rangers,Oxford United,1,1,2,2,2,0,0
1997,Queens Park Rangers,Tranmere Rovers,0,0,2,2,0,0,0
1997,Reading,Birmingham City,2,0,2,2,2,2,1
1997,Reading,Charlton Athletic,2,0,2,2,2,2,1
1997,Reading,Norwich City,0,1,2,2,1,-1,0
1997,Sheffield United,Bradford City,2,1,2,2,3,1,1
1997,Sheffield United,Crewe Alexandra,1,0,2,2,1,1,1
1997,Sheffield United,Stockport County,5,1,2,2,6,4,1
1997,Stockport County,Bury,0,0,2,2,0,0,0
1997,Stockport County,Oxford United,3,2,2,2,5,1,1
1997,Stoke City,Birmingham City,0,7,2,2,7,-7,0
1997,Stoke City,Ipswich Town,1,1,2,2,2,0,0
1997,Stoke City,Port Vale,2,1,2,2,3,1,1
1997,Stoke City,West Bromwich Albion,0,0,2,2,0,0,0
1997,Sunderland,Bradford City,2,0,2,2,2,2,1
1997,Swindon Town,Huddersfield Town,1,1,2,2,2,0,0
1997,Swindon Town,Oxford United,4,1,2,2,5,3,1
1997,Swindon Town,Queens Park Rangers,3,1,2,2,4,2,1
1997,Swindon Town,Tranmere Rovers,2,1,2,2,3,1,1
1997,Tranmere Rovers,Charlton Athletic,2,2,2,2,4,0,0
1997,Tranmere Rovers,Ipswich Town,1,1,2,2,2,0,0
1997,Tranmere Rovers,Norwich City,2,0,2,2,2,2,1
1997,Tranmere Rovers,Port Vale,1,2,2,2,3,-1,0
1997,Tranmere Rovers,Stoke City,3,1,2,2,4,2,1
1997,Tranmere Rovers,West Bromwich Albion,0,0,2,2,0,0,0
1997,West Bromwich Albion,Bradford City,1,1,2,2,2,0,0
1997,West Bromwich Albion,Crewe Alexandra,0,1,2,2,1,-1,0
1997,West Bromwich Albion,Manchester City,0,1,2,2,1,-1,0
1997,West Bromwich Albion,Portsmouth,0,3,2,2,3,-3,0
1997,Wolverhampton Wanderers,Bury,4,2,2,2,6,2,1
1997,Wolverhampton Wanderers,Stockport County,3,4,2,2,7,-1,0
1997,Wolverhampton Wanderers,Swindon Town,3,1,2,2,4,2,1
1997,AFC Bournemouth,Chesterfield,2,0,3,3,2,2,1
1997,Blackpool,Burnley,2,1,3,3,3,1,1
1997,Blackpool,Fulham,2,1,3,3,3,1,1
1997,Blackpool,Luton Town,1,0,3,3,1,1,1
1997,Brentford,Bristol City,1,4,3,3,5,-3,0
1997,Brentford,Carlisle United,0,1,3,3,1,-1,0
1997,Brentford,Wrexham,1,1,3,3,2,0,0
1997,Bristol City,AFC Bournemouth,1,1,3,3,2,0,0
1997,Bristol City,Bristol Rovers,2,0,3,3,2,2,1
1997,Bristol City,Chesterfield,1,0,3,3,1,1,1
1997,Bristol City,Northampton Town,0,0,3,3,0,0,0
1997,Bristol City,Preston North End,2,1,3,3,3,1,1
1997,Bristol Rovers,Burnley,1,0,3,3,1,1,1
1997,Bristol Rovers,Fulham,2,3,3,3,5,-1,0
1997,Bristol Rovers,Luton Town,2,1,3,3,3,1,1
1997,Burnley,Carlisle United,3,1,3,3,4,2,1
1997,Burnley,Gillingham,0,0,3,3,0,0,0
1997,Burnley,Wrexham,1,2,3,3,3,-1,0
1997,Carlisle United,Grimsby Town,0,1,3,3,1,-1,0
1997,Carlisle United,Northampton Town,0,2,3,3,2,-2,0
1997,Carlisle United,Preston North End,0,2,3,3,2,-2,0
1997,Chesterfield,Bristol Rovers,0,0,3,3,0,0,0
1997,Chesterfield,Luton Town,0,0,3,3,0,0,0
1997,Chesterfield,Southend United,1,0,3,3,1,1,1
1997,Chesterfield,York City,1,1,3,3,2,0,0
1997,Fulham,Brentford,1,1,3,3,2,0,0
1997,Fulham,Gillingham,3,0,3,3,3,3,1
1997,Gillingham,Carlisle United,1,0,3,3,1,1,1
1997,Gillingham,Grimsby Town,0,2,3,3,2,-2,0
1997,Gillingham,Wycombe Wanderers,1,0,3,3,1,1,1
1997,Grimsby Town,Blackpool,1,0,3,3,1,1,1
1997,Grimsby Town,Luton Town,0,1,3,3,1,-1,0
1997,Grimsby Town,Oldham Athletic,0,2,3,3,2,-2,0
1997,Grimsby Town,Southend United,5,1,3,3,6,4,1
1997,Grimsby Town,York City,0,0,3,3,0,0,0
1997,Luton Town,Brentford,2,0,3,3,2,2,1
1997,Luton Town,Millwall,0,2,3,3,2,-2,0
1997,Luton Town,Plymouth Argyle,3,0,3,3,3,3,1
1997,Luton Town,Walsall,0,1,3,3,1,-1,0
1997,Millwall,AFC Bournemouth,1,2,3,3,3,-1,0
1997,Millwall,Bristol City,0,2,3,3,2,-2,0
1997,Millwall,Preston North End,0,1,3,3,1,-1,0
1997,Millwall,Watford,1,1,3,3,2,0,0
1997,Northampton Town,Bristol Rovers,1,1,3,3,2,0,0
1997,Northampton Town,Chesterfield,0,0,3,3,0,0,0
1997,Northampton Town,Southend United,3,1,3,3,4,2,1
1997,Northampton Town,York City,1,1,3,3,2,0,0
1997,Oldham Athletic,Burnley,3,3,3,3,6,0,0
1997,Oldham Athletic,Fulham,1,0,3,3,1,1,1
1997,Oldham Athletic,Luton Town,2,1,3,3,3,1,1
1997,Oldham Athletic,Plymouth Argyle,2,0,3,3,2,2,1
1997,Plymouth Argyle,AFC Bournemouth,3,0,3,3,3,3,1
1997,Plymouth Argyle,Bristol City,2,0,3,3,2,2,1
1997,Plymouth Argyle,Carlisle United,2,1,3,3,3,1,1
1997,Plymouth Argyle,Millwall,3,0,3,3,3,3,1
1997,Plymouth Argyle,Preston North End,2,0,3,3,2,2,1
1997,Plymouth Argyle,Wycombe Wanderers,4,2,3,3,6,2,1
1997,Preston North End,Grimsby Town,2,0,3,3,2,2,1
1997,Southend United,Brentford,3,1,3,3,4,2,1
1997,Southend United,Burnley,1,0,3,3,1,1,1
1997,Southend United,Walsall,0,1,3,3,1,-1,0
1997,Walsall,AFC Bournemouth,2,1,3,3,3,1,1
1997,Walsall,Bristol City,0,0,3,3,0,0,0
1997,Walsall,Millwall,2,0,3,3,2,2,1
1997,Walsall,Plymouth Argyle,0,1,3,3,1,-1,0
1997,Watford,Bristol Rovers,3,2,3,3,5,1,1
1997,Watford,Chesterfield,2,1,3,3,3,1,1
1997,Watford,Northampton Town,1,1,3,3,2,0,0
1997,Wigan Athletic,Brentford,4,0,3,3,4,4,1
1997,Wigan Athletic,Luton Town,1,1,3,3,2,0,0
1997,Wigan Athletic,Southend United,1,3,3,3,4,-2,0
1997,Wrexham,AFC Bournemouth,2,1,3,3,3,1,1
1997,Wrexham,Carlisle United,2,2,3,3,4,0,0
1997,Wrexham,Millwall,1,0,3,3,1,1,1
1997,Wrexham,Walsall,2,1,3,3,3,1,1
1997,Wrexham,Wycombe Wanderers,2,0,3,3,2,2,1
1997,Wycombe Wanderers,Blackpool,2,1,3,3,3,1,1
1997,Wycombe Wanderers,Chesterfield,1,1,3,3,2,0,0
1997,Wycombe Wanderers,Preston North End,0,0,3,3,0,0,0
1997,York City,Burnley,3,1,3,3,4,2,1
1997,York City,Luton Town,1,2,3,3,3,-1,0
1997,York City,Wigan Athletic,2,2,3,3,4,0,0
1997,Barnet,Brighton & Hove Albion,2,0,4,4,2,2,1
1997,Barnet,Chester,2,1,4,4,3,1,1
1997,Barnet,Doncaster Rovers,1,1,4,4,2,0,0
1997,Barnet,Peterborough United,2,0,4,4,2,2,1
1997,Barnet,Swansea City,2,0,4,4,2,2,1
1997,Brighton & Hove Albion,Cambridge United,0,2,4,4,2,-2,0
1997,Brighton & Hove Albion,Scunthorpe United,2,1,4,4,3,1,1
1997,Brighton & Hove Albion,Torquay United,1,4,4,4,5,-3,0
1997,Cambridge United,Darlington,1,0,4,4,1,1,1
1997,Cambridge United,Rotherham United,2,1,4,4,3,1,1
1997,Cardiff City,Barnet,1,1,4,4,2,0,0
1997,Cardiff City,Chester,0,2,4,4,2,-2,0
1997,Cardiff City,Doncaster Rovers,7,1,4,4,8,6,1
1997,Cardiff City,Scarborough,1,1,4,4,2,0,0
1997,Chester,Brighton & Hove Albion,2,0,4,4,2,2,1
1997,Chester,Colchester United,3,1,4,4,4,2,1
1997,Chester,Rochdale,4,0,4,4,4,4,1
1997,Colchester United,Cambridge United,3,2,4,4,5,1,1
1997,Colchester United,Darlington,2,1,4,4,3,1,1
1997,Colchester United,Hartlepool United,1,2,4,4,3,-1,0
1997,Colchester United,Rotherham United,2,1,4,4,3,1,1
1997,Colchester United,Shrewsbury Town,1,1,4,4,2,0,0
1997,Darlington,Barnet,2,3,4,4,5,-1,0
1997,Darlington,Cardiff City,0,0,4,4,0,0,0
1997,Doncaster Rovers,Brighton & Hove Albion,1,3,4,4,4,-2,0
1997,Doncaster Rovers,Chester,2,1,4,4,3,1,1
1997,Doncaster Rovers,Leyton Orient,1,4,4,4,5,-3,0
1997,Doncaster Rovers,Mansfield Town,0,3,4,4,3,-3,0
1997,Exeter City,Cambridge United,1,0,4,4,1,1,1
1997,Exeter City,Colchester United,0,1,4,4,1,-1,0
1997,Exeter City,Lincoln City,1,2,4,4,3,-1,0
1997,Exeter City,Notts County,2,5,4,4,7,-3,0
1997,Exeter City,Rotherham United,3,1,4,4,4,2,1
1997,Exeter City,Shrewsbury Town,2,2,4,4,4,0,0
1997,Hartlepool United,Darlington,2,2,4,4,4,0,0
1997,Hartlepool United,Hull City,2,2,4,4,4,0,0
1997,Hartlepool United,Macclesfield,0,0,4,4,0,0,0
1997,Hartlepool United,Peterborough United,2,1,4,4,3,1,1
1997,Hartlepool United,Scarborough,3,0,4,4,3,3,1
1997,Hartlepool United,Swansea City,4,2,4,4,6,2,1
1997,Hull City,Leyton Orient,3,2,4,4,5,1,1
1997,Hull City,Rochdale,0,2,4,4,2,-2,0
1997,Hull City,Torquay United,3,3,4,4,6,0,0
1997,Leyton Orient,Exeter City,1,0,4,4,1,1,1
1997,Leyton Orient,Lincoln City,1,0,4,4,1,1,1
1997,Leyton Orient,Notts County,1,1,4,4,2,0,0
1997,Leyton Orient,Shrewsbury Town,2,3,4,4,5,-1,0
1997,Lincoln City,Darlington,3,1,4,4,4,2,1
1997,Lincoln City,Peterborough United,3,0,4,4,3,3,1
1997,Lincoln City,Scarborough,3,3,4,4,6,0,0
1997,Macclesfield,Hull City,2,0,4,4,2,2,1
1997,Macclesfield,Torquay United,2,1,4,4,3,1,1
1997,Mansfield Town,Colchester United,1,1,4,4,2,0,0
1997,Mansfield Town,Exeter City,3,2,4,4,5,1,1
1997,Mansfield Town,Leyton Orient,0,0,4,4,0,0,0
1997,Mansfield Town,Notts County,0,2,4,4,2,-2,0
1997,Mansfield Town,Shrewsbury Town,1,1,4,4,2,0,0
1997,Notts County,Barnet,2,0,4,4,2,2,1
1997,Notts County,Cardiff City,3,1,4,4,4,2,1
1997,Notts County,Darlington,1,1,4,4,2,0,0
1997,Notts County,Peterborough United,2,2,4,4,4,0,0
1997,Peterborough United,Brighton & Hove Albion,1,2,4,4,3,-1,0
1997,Peterborough United,Doncaster Rovers,0,1,4,4,1,-1,0
1997,Peterborough United,Hull City,2,0,4,4,2,2,1
1997,Rochdale,Cambridge United,2,0,4,4,2,2,1
1997,Rochdale,Colchester United,2,1,4,4,3,1,1
1997,Rochdale,Leyton Orient,0,2,4,4,2,-2,0
1997,Rochdale,Mansfield Town,2,0,4,4,2,2,1
1997,Rochdale,Shrewsbury Town,3,1,4,4,4,2,1
1997,Rotherham United,Barnet,2,3,4,4,5,-1,0
1997,Rotherham United,Cardiff City,1,1,4,4,2,0,0
1997,Rotherham United,Darlington,3,0,4,4,3,3,1
1997,Rotherham United,Hartlepool United,2,1,4,4,3,1,1
1997,Rotherham United,Lincoln City,3,1,4,4,4,2,1
1997,Rotherham United,Scarborough,0,0,4,4,0,0,0
1997,Rotherham United,Swansea City,1,1,4,4,2,0,0
1997,Scarborough,Brighton & Hove Albion,2,1,4,4,3,1,1
1997,Scarborough,Doncaster Rovers,4,0,4,4,4,4,1
1997,Scarborough,Hull City,2,1,4,4,3,1,1
1997,Scunthorpe United,Cambridge United,3,3,4,4,6,0,0
1997,Scunthorpe United,Exeter City,2,1,4,4,3,1,1
1997,Scunthorpe United,Leyton Orient,1,0,4,4,1,1,1
1997,Scunthorpe United,Rochdale,2,0,4,4,2,2,1
1997,Shrewsbury Town,Darlington,3,0,4,4,3,3,1
1997,Shrewsbury Town,Hartlepool United,1,0,4,4,1,1,1
1997,Shrewsbury Town,Lincoln City,0,2,4,4,2,-2,0
1997,Shrewsbury Town,Swansea City,0,1,4,4,1,-1,0
1997,Swansea City,Brighton & Hove Albion,1,0,4,4,1,1,1
1997,Swansea City,Scarborough,0,0,4,4,0,0,0
1997,Torquay United,Cambridge United,0,3,4,4,3,-3,0
1997,Torquay United,Scunthorpe United,2,4,4,4,6,-2,0
1998,Arsenal,Aston Villa,1,0,1,1,1,1,1
1998,Arsenal,Newcastle United,3,0,1,1,3,3,1
1998,Arsenal,Wimbledon,5,1,1,1,6,4,1
1998,Aston Villa,Charlton Athletic,3,4,1,1,7,-1,0
1998,Aston Villa,Leicester City,1,1,1,1,2,0,0
1998,Aston Villa,Middlesbrough,3,1,1,1,4,2,1
1998,Aston Villa,Sheffield Wednesday,2,1,1,1,3,1,1
1998,Blackburn Rovers,Leeds United,1,0,1,1,1,1,1
1998,Blackburn Rovers,Manchester United,0,0,1,1,0,0,0
1998,Blackburn Rovers,Nottingham Forest,1,2,1,1,3,-1,0
1998,Blackburn Rovers,Tottenham Hotspur,1,1,1,1,2,0,0
1998,Charlton Athletic,Everton,1,2,1,1,3,-1,0
1998,Charlton Athletic,Liverpool,1,0,1,1,1,1,1
1998,Coventry City,Chelsea,2,1,1,1,3,1,1
1998,Derby County,Arsenal,0,0,1,1,0,0,0
1998,Derby County,Charlton Athletic,0,2,1,1,2,-2,0
1998,Derby County,Liverpool,3,2,1,1,5,1,1
1998,Derby County,Newcastle United,3,4,1,1,7,-1,0
1998,Derby County,Wimbledon,0,0,1,1,0,0,0
1998,Everton,Coventry City,2,0,1,1,2,2,1
1998,Everton,West Ham United,6,0,1,1,6,6,1
1998,Leeds United,Aston Villa,0,0,1,1,0,0,0
1998,Leeds United,Chelsea,0,0,1,1,0,0,0
1998,Leeds United,Everton,1,0,1,1,1,1,1
1998,Leeds United,Manchester United,1,1,1,1,2,0,0
1998,Leeds United,Tottenham Hotspur,2,0,1,1,2,2,1
1998,Leicester City,Arsenal,1,1,1,1,2,0,0
1998,Leicester City,Charlton Athletic,1,1,1,1,2,0,0
1998,Leicester City,Newcastle United,2,0,1,1,2,2,1
1998,Liverpool,Leeds United,1,3,1,1,4,-2,0
1998,Liverpool,Sheffield Wednesday,2,0,1,1,2,2,1
1998,Liverpool,West Ham United,2,2,1,1,4,0,0
1998,Manchester United,Aston Villa,2,1,1,1,3,1,1
1998,Manchester United,Chelsea,1,1,1,1,2,0,0
1998,Manchester United,Everton,3,1,1,1,4,2,1
1998,Manchester United,Tottenham Hotspur,2,1,1,1,3,1,1
1998,Middlesbrough,Arsenal,1,6,1,1,7,-5,0
1998,Middlesbrough,Charlton Athletic,2,0,1,1,2,2,1
1998,Middlesbrough,Derby County,1,1,1,1,2,0,0
1998,Middlesbrough,Newcastle United,2,2,1,1,4,0,0
1998,Middlesbrough,Southampton,3,0,1,1,3,3,1
1998,Newcastle United,Coventry City,4,1,1,1,5,3,1
1998,Nottingham Forest,Liverpool,2,2,1,1,4,0,0
1998,Sheffield Wednesday,Charlton Athletic,3,0,1,1,3,3,1
1998,Sheffield Wednesday,Derby County,0,1,1,1,1,-1,0
1998,Sheffield Wednesday,Leicester City,0,1,1,1,1,-1,0
1998,Sheffield Wednesday,Middlesbrough,3,1,1,1,4,2,1
1998,Sheffield Wednesday,Southampton,0,0,1,1,0,0,0
1998,Sheffield Wednesday,Wimbledon,1,2,1,1,3,-1,0
1998,Southampton,Blackburn Rovers,3,3,1,1,6,0,0
1998,Southampton,Manchester United,0,3,1,1,3,-3,0
1998,Southampton,Nottingham Forest,1,2,1,1,3,-1,0
1998,Southampton,West Ham United,1,0,1,1,1,1,1
1998,Tottenham Hotspur,Chelsea,2,2,1,1,4,0,0
1998,West Ham United,Charlton Athletic,0,1,1,1,1,-1,0
1998,West Ham United,Derby County,5,1,1,1,6,4,1
1998,West Ham United,Middlesbrough,4,0,1,1,4,4,1
1998,Wimbledon,Blackburn Rovers,1,1,1,1,2,0,0
1998,Wimbledon,Coventry City,2,1,1,1,3,1,1
1998,Wimbledon,Leeds United,1,1,1,1,2,0,0
1998,Wimbledon,Nottingham Forest,1,3,1,1,4,-2,0
1998,Barnsley,Bolton Wanderers,2,2,2,2,4,0,0
1998,Barnsley,Bury,1,1,2,2,2,0,0
1998,Barnsley,Norwich City,1,3,2,2,4,-2,0
1998,Barnsley,Stockport County,1,1,2,2,2,0,0
1998,Barnsley,Tranmere Rovers,1,1,2,2,2,0,0
1998,Barnsley,Wolverhampton Wanderers,2,3,2,2,5,-1,0
1998,Birmingham City,Bradford City,2,1,2,2,3,1,1
1998,Birmingham City,Huddersfield Town,1,1,2,2,2,0,0
1998,Birmingham City,Queens Park Rangers,1,0,2,2,1,1,1
1998,Birmingham City,Watford,1,2,2,2,3,-1,0
1998,Bolton Wanderers,Crystal Palace,3,0,2,2,3,3,1
1998,Bolton Wanderers,West Bromwich Albion,2,1,2,2,3,1,1
1998,Bradford City,Grimsby Town,3,0,2,2,3,3,1
1998,Bradford City,Norwich City,4,1,2,2,5,3,1
1998,Bradford City,Tranmere Rovers,2,0,2,2,2,2,1
1998,Bristol City,Bolton Wanderers,2,1,2,2,3,1,1
1998,Bristol City,Crewe Alexandra,5,2,2,2,7,3,1
1998,Bristol City,Huddersfield Town,1,2,2,2,3,-1,0
1998,Bristol City,Queens Park Rangers,0,0,2,2,0,0,0
1998,Bury,Ipswich Town,0,3,2,2,3,-3,0
1998,Bury,Port Vale,1,0,2,2,1,1,1
1998,Crewe Alexandra,Birmingham City,0,0,2,2,0,0,0
1998,Crewe Alexandra,Grimsby Town,0,0,2,2,0,0,0
1998,Crewe Alexandra,Portsmouth,3,1,2,2,4,2,1
1998,Crewe Alexandra,Tranmere Rovers,1,4,2,2,5,-3,0
1998,Crewe Alexandra,Wolverhampton Wanderers,0,0,2,2,0,0,0
1998,Crystal Palace,Bury,4,2,2,2,6,2,1
1998,Crystal Palace,Huddersfield Town,2,2,2,2,4,0,0
1998,Crystal Palace,Oxford United,2,0,2,2,2,2,1
1998,Crystal Palace,Sunderland,1,1,2,2,2,0,0
1998,Crystal Palace,Watford,2,2,2,2,4,0,0
1998,Grimsby Town,Barnsley,1,2,2,2,3,-1,0
1998,Grimsby Town,Bradford City,2,0,2,2,2,2,1
1998,Grimsby Town,Port Vale,2,2,2,2,4,0,0
1998,Grimsby Town,Swindon Town,1,0,2,2,1,1,1
1998,Grimsby Town,West Bromwich Albion,5,1,2,2,6,4,1
1998,Huddersfield Town,Birmingham City,1,1,2,2,2,0,0
1998,Huddersfield Town,Portsmouth,3,3,2,2,6,0,0
1998,Huddersfield Town,Wolverhampton Wanderers,2,1,2,2,3,1,1
1998,Ipswich Town,Bolton Wanderers,0,1,2,2,1,-1,0
1998,Ipswich Town,Oxford United,2,1,2,2,3,1,1
1998,Ipswich Town,Queens Park Rangers,3,1,2,2,4,2,1
1998,Ipswich Town,Sunderland,0,2,2,2,2,-2,0
1998,Norwich City,Bradford City,2,2,2,2,4,0,0
1998,Norwich City,Crewe Alexandra,2,1,2,2,3,1,1
1998,Norwich City,Huddersfield Town,4,1,2,2,5,3,1
1998,Norwich City,Sheffield United,1,1,2,2,2,0,0
1998,Norwich City,Swindon Town,2,1,2,2,3,1,1
1998,Norwich City,West Bromwich Albion,1,1,2,2,2,0,0
1998,Oxford United,Bristol City,0,0,2,2,0,0,0
1998,Oxford United,Crystal Palace,1,3,2,2,4,-2,0
1998,Oxford United,Stockport County,5,0,2,2,5,5,1
1998,Port Vale,Bolton Wanderers,0,2,2,2,2,-2,0
1998,Port Vale,Bury,1,0,2,2,1,1,1
1998,Port Vale,Norwich City,1,0,2,2,1,1,1
1998,Port Vale,Queens Park Rangers,2,0,2,2,2,2,1
1998,Port Vale,Watford,1,2,2,2,3,-1,0
1998,Portsmouth,Huddersfield Town,1,0,2,2,1,1,1
1998,Portsmouth,Oxford United,2,2,2,2,4,0,0
1998,Portsmouth,West Bromwich Albion,2,1,2,2,3,1,1
1998,Queens Park Rangers,Birmingham City,0,1,2,2,1,-1,0
1998,Queens Park Rangers,Bristol City,1,1,2,2,2,0,0
1998,Queens Park Rangers,Port Vale,3,2,2,2,5,1,1
1998,Queens Park Rangers,Stockport County,2,0,2,2,2,2,1
1998,Queens Park Rangers,Tranmere Rovers,0,0,2,2,0,0,0
1998,Sheffield United,Grimsby Town,3,2,2,2,5,1,1
1998,Stockport County,Barnsley,0,1,2,2,1,-1,0
1998,Stockport County,Huddersfield Town,1,1,2,2,2,0,0
1998,Stockport County,Queens Park Rangers,0,0,2,2,0,0,0
1998,Stockport County,Swindon Town,2,1,2,2,3,1,1
1998,Sunderland,Birmingham City,2,1,2,2,3,1,1
1998,Sunderland,Bristol City,1,1,2,2,2,0,0
1998,Sunderland,Crystal Palace,2,0,2,2,2,2,1
1998,Sunderland,Port Vale,2,0,2,2,2,2,1
1998,Swindon Town,Bolton Wanderers,3,3,2,2,6,0,0
1998,Swindon Town,Grimsby Town,2,0,2,2,2,2,1
1998,Swindon Town,Watford,1,4,2,2,5,-3,0
1998,Tranmere Rovers,Barnsley,3,0,2,2,3,3,1
1998,Tranmere Rovers,Bradford City,0,1,2,2,1,-1,0
1998,Tranmere Rovers,Huddersfield Town,2,3,2,2,5,-1,0
1998,Tranmere Rovers,Oxford United,2,2,2,2,4,0,0
1998,Tranmere Rovers,Sunderland,1,0,2,2,1,1,1
1998,Watford,Bristol City,1,0,2,2,1,1,1
1998,Watford,Crystal Palace,2,1,2,2,3,1,1
1998,West Bromwich Albion,Bury,1,0,2,2,1,1,1
1998,Wolverhampton Wanderers,Bradford City,2,3,2,2,5,-1,0
1998,Wolverhampton Wanderers,Crewe Alexandra,3,0,2,2,3,3,1
1998,Wolverhampton Wanderers,Huddersfield Town,2,2,2,2,4,0,0
1998,Wolverhampton Wanderers,Queens Park Rangers,1,2,2,2,3,-1,0
1998,Wolverhampton Wanderers,Watford,0,0,2,2,0,0,0
1998,AFC Bournemouth,Colchester United,2,1,3,3,3,1,1
1998,AFC Bournemouth,Notts County,2,0,3,3,2,2,1
1998,AFC Bournemouth,Reading,0,1,3,3,1,-1,0
1998,Blackpool,Millwall,2,3,3,3,5,-1,0
1998,Blackpool,Oldham Athletic,3,0,3,3,3,3,1
1998,Blackpool,Stoke City,0,1,3,3,1,-1,0
1998,Bristol Rovers,AFC Bournemouth,1,0,3,3,1,1,1
1998,Bristol Rovers,Walsall,3,4,3,3,7,-1,0
1998,Burnley,Blackpool,1,0,3,3,1,1,1
1998,Burnley,Colchester United,3,1,3,3,4,2,1
1998,Burnley,Manchester City,0,6,3,3,6,-6,0
1998,Burnley,Notts County,1,1,3,3,2,0,0
1998,Burnley,Reading,1,1,3,3,2,0,0
1998,Burnley,York City,0,1,3,3,1,-1,0
1998,Chesterfield,Bristol Rovers,0,0,3,3,0,0,0
1998,Chesterfield,Stoke City,1,1,3,3,2,0,0
1998,Chesterfield,Wrexham,2,1,3,3,3,1,1
1998,Colchester United,Macclesfield,1,1,3,3,2,0,0
1998,Colchester United,Northampton Town,1,0,3,3,1,1,1
1998,Colchester United,Preston North End,1,0,3,3,1,1,1
1998,Colchester United,Walsall,1,0,3,3,1,1,1
1998,Colchester United,Wycombe Wanderers,2,1,3,3,3,1,1
1998,Fulham,Wigan Athletic,2,0,3,3,2,2,1
1998,Gillingham,Bristol Rovers,0,0,3,3,0,0,0
1998,Gillingham,Colchester United,1,1,3,3,2,0,0
1998,Gillingham,Luton Town,1,0,3,3,1,1,1
1998,Gillingham,Oldham Athletic,2,1,3,3,3,1,1
1998,Gillingham,Wrexham,4,0,3,3,4,4,1
1998,Lincoln City,Preston North End,3,4,3,3,7,-1,0
1998,Lincoln City,Walsall,0,1,3,3,1,-1,0
1998,Luton Town,Blackpool,1,0,3,3,1,1,1
1998,Luton Town,Gillingham,1,0,3,3,1,1,1
1998,Luton Town,Reading,1,1,3,3,2,0,0
1998,Luton Town,Wigan Athletic,0,4,3,3,4,-4,0
1998,Macclesfield,Colchester United,2,0,3,3,2,2,1
1998,Macclesfield,Millwall,0,2,3,3,2,-2,0
1998,Macclesfield,Wrexham,0,2,3,3,2,-2,0
1998,Manchester City,AFC Bournemouth,2,1,3,3,3,1,1
1998,Manchester City,Luton Town,2,0,3,3,2,2,1
1998,Manchester City,Walsall,3,1,3,3,4,2,1
1998,Manchester City,Wycombe Wanderers,1,2,3,3,3,-1,0
1998,Millwall,Chesterfield,0,0,3,3,0,0,0
1998,Millwall,Macclesfield,0,0,3,3,0,0,0
1998,Northampton Town,Colchester United,3,3,3,3,6,0,0
1998,Northampton Town,Stoke City,1,3,3,3,4,-2,0
1998,Notts County,AFC Bournemouth,1,2,3,3,3,-1,0
1998,Notts County,Preston North End,2,3,3,3,5,-1,0
1998,Notts County,Wycombe Wanderers,1,0,3,3,1,1,1
1998,Oldham Athletic,Blackpool,3,0,3,3,3,3,1
1998,Oldham Athletic,Chesterfield,2,0,3,3,2,2,1
1998,Oldham Athletic,Gillingham,1,4,3,3,5,-3,0
1998,Oldham Athletic,Macclesfield,1,2,3,3,3,-1,0
1998,Oldham Athletic,Northampton Town,0,1,3,3,1,-1,0
1998,Oldham Athletic,Wigan Athletic,2,3,3,3,5,-1,0
1998,Preston North End,Bristol Rovers,2,2,3,3,4,0,0
1998,Preston North End,Manchester City,1,1,3,3,2,0,0
1998,Preston North End,Wrexham,3,1,3,3,4,2,1
1998,Reading,Luton Town,3,0,3,3,3,3,1
1998,Reading,Walsall,0,1,3,3,1,-1,0
1998,Reading,Wycombe Wanderers,2,1,3,3,3,1,1
1998,Stoke City,Blackpool,1,3,3,3,4,-2,0
1998,Stoke City,Preston North End,0,1,3,3,1,-1,0
1998,Walsall,Colchester United,1,1,3,3,2,0,0
1998,Walsall,Manchester City,1,1,3,3,2,0,0
1998,Walsall,Reading,0,2,3,3,2,-2,0
1998,Wigan Athletic,Burnley,0,0,3,3,0,0,0
1998,Wigan Athletic,Millwall,0,1,3,3,1,-1,0
1998,Wigan Athletic,Oldham Athletic,2,0,3,3,2,2,1
1998,Wrexham,Chesterfield,0,0,3,3,0,0,0
1998,Wrexham,Macclesfield,2,1,3,3,3,1,1
1998,Wrexham,Northampton Town,1,0,3,3,1,1,1
1998,Wrexham,Preston North End,0,5,3,3,5,-5,0
1998,Wrexham,York City,1,1,3,3,2,0,0
1998,Wycombe Wanderers,Bristol Rovers,1,1,3,3,2,0,0
1998,Wycombe Wanderers,Colchester United,2,2,3,3,4,0,0
1998,Wycombe Wanderers,Manchester City,1,0,3,3,1,1,1
1998,Wycombe Wanderers,Reading,2,3,3,3,5,-1,0
1998,Wycombe Wanderers,Wigan Athletic,2,1,3,3,3,1,1
1998,York City,Luton Town,3,3,3,3,6,0,0
1998,York City,Millwall,2,1,3,3,3,1,1
1998,York City,Wrexham,1,1,3,3,2,0,0
1998,Barnet,Brighton & Hove Albion,0,1,4,4,1,-1,0
1998,Barnet,Torquay United,3,1,4,4,4,2,1
1998,Brentford,Cambridge United,1,0,4,4,1,1,1
1998,Brentford,Chester,2,1,4,4,3,1,1
1998,Brentford,Leyton Orient,0,0,4,4,0,0,0
1998,Brighton & Hove Albion,Barnet,0,1,4,4,1,-1,0
1998,Brighton & Hove Albion,Cardiff City,0,2,4,4,2,-2,0
1998,Brighton & Hove Albion,Darlington,0,4,4,4,4,-4,0
1998,Brighton & Hove Albion,Mansfield Town,1,3,4,4,4,-2,0
1998,Brighton & Hove Albion,Rochdale,1,1,4,4,2,0,0
1998,Brighton & Hove Albion,Scunthorpe United,1,3,4,4,4,-2,0
1998,Cambridge United,Hull City,2,0,4,4,2,2,1
1998,Cambridge United,Rotherham United,3,2,4,4,5,1,1
1998,Cambridge United,Shrewsbury Town,0,0,4,4,0,0,0
1998,Cardiff City,Halifax Town,1,1,4,4,2,0,0
1998,Cardiff City,Southend United,2,0,4,4,2,2,1
1998,Carlisle United,Barnet,2,1,4,4,3,1,1
1998,Carlisle United,Cambridge United,1,1,4,4,2,0,0
1998,Carlisle United,Rochdale,0,1,4,4,1,-1,0
1998,Chester,Cardiff City,2,2,4,4,4,0,0
1998,Chester,Rotherham United,1,1,4,4,2,0,0
1998,Darlington,Carlisle United,1,1,4,4,2,0,0
1998,Darlington,Halifax Town,2,2,4,4,4,0,0
1998,Darlington,Scarborough,3,0,4,4,3,3,1
1998,Darlington,Southend United,2,1,4,4,3,1,1
1998,Exeter City,Barnet,1,0,4,4,1,1,1
1998,Exeter City,Cambridge United,0,3,4,4,3,-3,0
1998,Exeter City,Hartlepool United,2,1,4,4,3,1,1
1998,Exeter City,Mansfield Town,2,1,4,4,3,1,1
1998,Exeter City,Rochdale,2,1,4,4,3,1,1
1998,Exeter City,Scunthorpe United,2,2,4,4,4,0,0
1998,Halifax Town,Cardiff City,1,2,4,4,3,-1,0
1998,Halifax Town,Torquay United,1,1,4,4,2,0,0
1998,Hartlepool United,Leyton Orient,1,0,4,4,1,1,1
1998,Hartlepool United,Plymouth Argyle,2,0,4,4,2,2,1
1998,Hartlepool United,Scarborough,3,0,4,4,3,3,1
1998,Hull City,Cambridge United,0,3,4,4,3,-3,0
1998,Hull City,Chester,1,2,4,4,3,-1,0
1998,Hull City,Halifax Town,1,2,4,4,3,-1,0
1998,Hull City,Rochdale,2,1,4,4,3,1,1
1998,Hull City,Scunthorpe United,2,3,4,4,5,-1,0
1998,Leyton Orient,Brentford,2,1,4,4,3,1,1
1998,Leyton Orient,Peterborough United,1,2,4,4,3,-1,0
1998,Leyton Orient,Shrewsbury Town,6,1,4,4,7,5,1
1998,Mansfield Town,Brighton & Hove Albion,2,0,4,4,2,2,1
1998,Mansfield Town,Carlisle United,1,1,4,4,2,0,0
1998,Mansfield Town,Hull City,2,0,4,4,2,2,1
1998,Mansfield Town,Plymouth Argyle,2,0,4,4,2,2,1
1998,Peterborough United,Leyton Orient,3,0,4,4,3,3,1
1998,Peterborough United,Scunthorpe United,2,1,4,4,3,1,1
1998,Plymouth Argyle,Brentford,3,0,4,4,3,3,1
1998,Plymouth Argyle,Cardiff City,1,1,4,4,2,0,0
1998,Plymouth Argyle,Darlington,1,2,4,4,3,-1,0
1998,Plymouth Argyle,Hartlepool United,0,0,4,4,0,0,0
1998,Rochdale,Brighton & Hove Albion,2,1,4,4,3,1,1
1998,Rochdale,Carlisle United,1,1,4,4,2,0,0
1998,Rochdale,Exeter City,1,1,4,4,2,0,0
1998,Rochdale,Hull City,3,0,4,4,3,3,1
1998,Rochdale,Peterborough United,0,3,4,4,3,-3,0
1998,Rochdale,Scarborough,0,1,4,4,1,-1,0
1998,Rochdale,Southend United,1,0,4,4,1,1,1
1998,Rotherham United,Leyton Orient,3,1,4,4,4,2,1
1998,Rotherham United,Plymouth Argyle,0,2,4,4,2,-2,0
1998,Rotherham United,Swansea City,1,0,4,4,1,1,1
1998,Scarborough,Cardiff City,1,2,4,4,3,-1,0
1998,Scarborough,Hartlepool United,1,2,4,4,3,-1,0
1998,Scarborough,Shrewsbury Town,2,0,4,4,2,2,1
1998,Scunthorpe United,Brighton & Hove Albion,3,1,4,4,4,2,1
1998,Scunthorpe United,Carlisle United,3,1,4,4,4,2,1
1998,Scunthorpe United,Hull City,3,2,4,4,5,1,1
1998,Scunthorpe United,Peterborough United,1,1,4,4,2,0,0
1998,Shrewsbury Town,Cambridge United,1,1,4,4,2,0,0
1998,Shrewsbury Town,Halifax Town,2,2,4,4,4,0,0
1998,Shrewsbury Town,Swansea City,1,0,4,4,1,1,1
1998,Southend United,Brentford,1,4,4,4,5,-3,0
1998,Southend United,Cardiff City,0,1,4,4,1,-1,0
1998,Southend United,Darlington,2,1,4,4,3,1,1
1998,Southend United,Hartlepool United,1,1,4,4,2,0,0
1998,Southend United,Rochdale,1,1,4,4,2,0,0
1998,Southend United,Scunthorpe United,0,1,4,4,1,-1,0
1998,Swansea City,Shrewsbury Town,1,1,4,4,2,0,0
1998,Torquay United,Barnet,1,1,4,4,2,0,0
1998,Torquay United,Cambridge United,0,1,4,4,1,-1,0
1998,Torquay United,Chester,0,3,4,4,3,-3,0
1998,Torquay United,Halifax Town,4,0,4,4,4,4,1
1998,Torquay United,Plymouth Argyle,1,1,4,4,2,0,0
1998,Torquay United,Scarborough,0,1,4,4,1,-1,0
1998,Torquay United,Southend United,2,0,4,4,2,2,1
1999,Arsenal,Bradford City,2,0,1,1,2,2,1
1999,Arsenal,Derby County,2,1,1,1,3,1,1
1999,Arsenal,Leicester City,2,1,1,1,3,1,1
1999,Arsenal,Middlesbrough,5,1,1,1,6,4,1
1999,Arsenal,Southampton,3,1,1,1,4,2,1
1999,Arsenal,Watford,1,0,1,1,1,1,1
1999,Aston Villa,Leeds United,1,0,1,1,1,1,1
1999,Aston Villa,Tottenham Hotspur,1,1,1,1,2,0,0
1999,Bradford City,Chelsea,1,1,1,1,2,0,0
1999,Bradford City,Liverpool,1,0,1,1,1,1,1
1999,Bradford City,Sunderland,0,4,1,1,4,-4,0
1999,Chelsea,Aston Villa,1,0,1,1,1,1,1
1999,Chelsea,Derby County,4,0,1,1,4,4,1
1999,Chelsea,Leicester City,1,1,1,1,2,0,0
1999,Coventry City,Manchester United,1,2,1,1,3,-1,0
1999,Coventry City,Sheffield Wednesday,4,1,1,1,5,3,1
1999,Coventry City,Tottenham Hotspur,0,1,1,1,1,-1,0
1999,Coventry City,Wimbledon,2,0,1,1,2,2,1
1999,Derby County,Bradford City,0,1,1,1,1,-1,0
1999,Everton,Aston Villa,0,0,1,1,0,0,0
1999,Everton,Southampton,4,1,1,1,5,3,1
1999,Everton,Watford,4,2,1,1,6,2,1
1999,Leeds United,Manchester United,0,1,1,1,1,-1,0
1999,Leeds United,Wimbledon,4,1,1,1,5,3,1
1999,Leicester City,Derby County,0,1,1,1,1,-1,0
1999,Leicester City,Liverpool,2,2,1,1,4,0,0
1999,Leicester City,West Ham United,1,3,1,1,4,-2,0
1999,Liverpool,Coventry City,2,0,1,1,2,2,1
1999,Liverpool,Leeds United,3,1,1,1,4,2,1
1999,Manchester United,Arsenal,1,1,1,1,2,0,0
1999,Manchester United,Everton,5,1,1,1,6,4,1
1999,Manchester United,Liverpool,1,1,1,1,2,0,0
1999,Middlesbrough,Bradford City,0,1,1,1,1,-1,0
1999,Middlesbrough,Derby County,1,4,1,1,5,-3,0
1999,Middlesbrough,Leicester City,0,3,1,1,3,-3,0
1999,Middlesbrough,Sunderland,1,1,1,1,2,0,0
1999,Newcastle United,Coventry City,2,0,1,1,2,2,1
1999,Newcastle United,Leeds United,2,2,1,1,4,0,0
1999,Newcastle United,Manchester United,3,0,1,1,3,3,1
1999,Newcastle United,Watford,1,0,1,1,1,1,1
1999,Sheffield Wednesday,Chelsea,1,0,1,1,1,1,1
1999,Sheffield Wednesday,Liverpool,1,2,1,1,3,-1,0
1999,Sheffield Wednesday,Newcastle United,0,2,1,1,2,-2,0
1999,Sheffield Wednesday,Tottenham Hotspur,1,2,1,1,3,-1,0
1999,Southampton,Leicester City,1,2,1,1,3,-1,0
1999,Sunderland,Coventry City,1,1,1,1,2,0,0
1999,Sunderland,Sheffield Wednesday,1,0,1,1,1,1,1
1999,Sunderland,Watford,2,0,1,1,2,2,1
1999,Tottenham Hotspur,Everton,3,2,1,1,5,1,1
1999,Watford,Bradford City,1,0,1,1,1,1,1
1999,Watford,Southampton,3,2,1,1,5,1,1
1999,West Ham United,Coventry City,5,0,1,1,5,5,1
1999,West Ham United,Leeds United,0,0,1,1,0,0,0
1999,West Ham United,Manchester United,2,4,1,1,6,-2,0
1999,Wimbledon,Chelsea,0,1,1,1,1,-1,0
1999,Wimbledon,Everton,0,3,1,1,3,-3,0
1999,Wimbledon,West Ham United,2,2,1,1,4,0,0
1999,Barnsley,Bolton Wanderers,1,1,2,2,2,0,0
1999,Barnsley,Huddersfield Town,4,2,2,2,6,2,1
1999,Barnsley,Stockport County,2,1,2,2,3,1,1
1999,Barnsley,Walsall,3,2,2,2,5,1,1
1999,Birmingham City,Nottingham Forest,0,1,2,2,1,-1,0
1999,Birmingham City,West Bromwich Albion,1,1,2,2,2,0,0
1999,Blackburn Rovers,Birmingham City,1,0,2,2,1,1,1
1999,Blackburn Rovers,Crewe Alexandra,0,1,2,2,1,-1,0
1999,Blackburn Rovers,Sheffield United,5,0,2,2,5,5,1
1999,Blackburn Rovers,Wolverhampton Wanderers,1,1,2,2,2,0,0
1999,Bolton Wanderers,Blackburn Rovers,3,1,2,2,4,2,1
1999,Bolton Wanderers,Crystal Palace,2,0,2,2,2,2,1
1999,Bolton Wanderers,Norwich City,1,0,2,2,1,1,1
1999,Bolton Wanderers,Stockport County,0,1,2,2,1,-1,0
1999,Bolton Wanderers,Walsall,4,3,2,2,7,1,1
1999,Charlton Athletic,Barnsley,3,1,2,2,4,2,1
1999,Charlton Athletic,Swindon Town,0,1,2,2,1,-1,0
1999,Crewe Alexandra,Grimsby Town,1,1,2,2,2,0,0
1999,Crewe Alexandra,Manchester City,1,1,2,2,2,0,0
1999,Crewe Alexandra,Sheffield United,1,0,2,2,1,1,1
1999,Crystal Palace,Blackburn Rovers,2,1,2,2,3,1,1
1999,Crystal Palace,Crewe Alexandra,1,1,2,2,2,0,0
1999,Crystal Palace,Portsmouth,4,0,2,2,4,4,1
1999,Crystal Palace,Walsall,3,2,2,2,5,1,1
1999,Fulham,Bolton Wanderers,1,1,2,2,2,0,0
1999,Fulham,Crystal Palace,1,0,2,2,1,1,1
1999,Fulham,Ipswich Town,0,0,2,2,0,0,0
1999,Fulham,Nottingham Forest,1,1,2,2,2,0,0
1999,Fulham,Swindon Town,1,0,2,2,1,1,1
1999,Fulham,West Bromwich Albion,1,0,2,2,1,1,1
1999,Grimsby Town,Charlton Athletic,2,5,2,2,7,-3,0
1999,Grimsby Town,Manchester City,1,1,2,2,2,0,0
1999,Grimsby Town,Tranmere Rovers,1,2,2,2,3,-1,0
1999,Huddersfield Town,Norwich City,1,0,2,2,1,1,1
1999,Huddersfield Town,Stockport County,0,2,2,2,2,-2,0
1999,Ipswich Town,Barnsley,6,1,2,2,7,5,1
1999,Ipswich Town,Crystal Palace,1,0,2,2,1,1,1
1999,Ipswich Town,Nottingham Forest,3,1,2,2,4,2,1
1999,Ipswich Town,Swindon Town,3,0,2,2,3,3,1
1999,Manchester City,Birmingham City,1,0,2,2,1,1,1
1999,Manchester City,Charlton Athletic,1,1,2,2,2,0,0
1999,Manchester City,Fulham,4,0,2,2,4,4,1
1999,Manchester City,Ipswich Town,1,0,2,2,1,1,1
1999,Manchester City,Sheffield United,6,0,2,2,6,6,1
1999,Manchester City,Wolverhampton Wanderers,0,1,2,2,1,-1,0
1999,Norwich City,Blackburn Rovers,0,2,2,2,2,-2,0
1999,Norwich City,Crewe Alexandra,2,1,2,2,3,1,1
1999,Norwich City,Grimsby Town,3,0,2,2,3,3,1
1999,Norwich City,Portsmouth,2,1,2,2,3,1,1
1999,Nottingham Forest,Barnsley,3,0,2,2,3,3,1
1999,Nottingham Forest,Queens Park Rangers,1,1,2,2,2,0,0
1999,Nottingham Forest,Swindon Town,3,1,2,2,4,2,1
1999,Port Vale,Charlton Athletic,2,2,2,2,4,0,0
1999,Port Vale,Fulham,0,2,2,2,2,-2,0
1999,Port Vale,Sheffield United,2,3,2,2,5,-1,0
1999,Port Vale,Tranmere Rovers,1,0,2,2,1,1,1
1999,Port Vale,Wolverhampton Wanderers,0,1,2,2,1,-1,0
1999,Portsmouth,Manchester City,2,2,2,2,4,0,0
1999,Portsmouth,Port Vale,0,0,2,2,0,0,0
1999,Portsmouth,Stockport County,2,0,2,2,2,2,1
1999,Portsmouth,Walsall,5,1,2,2,6,4,1
1999,Queens Park Rangers,Bolton Wanderers,0,1,2,2,1,-1,0
1999,Queens Park Rangers,Crystal Palace,0,1,2,2,1,-1,0
1999,Queens Park Rangers,Norwich City,2,2,2,2,4,0,0
1999,Queens Park Rangers,Swindon Town,2,1,2,2,3,1,1
1999,Sheffield United,Ipswich Town,2,2,2,2,4,0,0
1999,Sheffield United,Queens Park Rangers,1,1,2,2,2,0,0
1999,Sheffield United,Wolverhampton Wanderers,3,0,2,2,3,3,1
1999,Stockport County,Blackburn Rovers,0,1,2,2,1,-1,0
1999,Stockport County,Crewe Alexandra,2,1,2,2,3,1,1
1999,Stockport County,Manchester City,2,2,2,2,4,0,0
1999,Stockport County,Port Vale,1,0,2,2,1,1,1
1999,Stockport County,Sheffield United,1,1,2,2,2,0,0
1999,Stockport County,Walsall,1,1,2,2,2,0,0
1999,Swindon Town,Barnsley,1,2,2,2,3,-1,0
1999,Swindon Town,West Bromwich Albion,1,2,2,2,3,-1,0
1999,Tranmere Rovers,Swindon Town,3,1,2,2,4,2,1
1999,Tranmere Rovers,Wolverhampton Wanderers,1,0,2,2,1,1,1
1999,Walsall,Blackburn Rovers,1,1,2,2,2,0,0
1999,Walsall,Grimsby Town,1,0,2,2,1,1,1
1999,Walsall,Port Vale,0,0,2,2,0,0,0
1999,Walsall,Sheffield United,2,1,2,2,3,1,1
1999,Walsall,Tranmere Rovers,1,2,2,2,3,-1,0
1999,West Bromwich Albion,Crystal Palace,0,0,2,2,0,0,0
1999,West Bromwich Albion,Huddersfield Town,0,1,2,2,1,-1,0
1999,Wolverhampton Wanderers,Charlton Athletic,2,3,2,2,5,-1,0
1999,Wolverhampton Wanderers,Ipswich Town,2,1,2,2,3,1,1
1999,Wolverhampton Wanderers,Nottingham Forest,3,0,2,2,3,3,1
1999,Wolverhampton Wanderers,Swindon Town,1,1,2,2,2,0,0
1999,AFC Bournemouth,Bristol City,2,3,3,3,5,-1,0
1999,AFC Bournemouth,Bury,1,1,3,3,2,0,0
1999,AFC Bournemouth,Chesterfield,1,1,3,3,2,0,0
1999,AFC Bournemouth,Luton Town,1,0,3,3,1,1,1
1999,Blackpool,AFC Bournemouth,0,0,3,3,0,0,0
1999,Blackpool,Bristol Rovers,2,1,3,3,3,1,1
1999,Blackpool,Scunthorpe United,0,2,3,3,2,-2,0
1999,Blackpool,Wrexham,2,1,3,3,3,1,1
1999,Brentford,Blackpool,2,0,3,3,2,2,1
1999,Brentford,Burnley,2,3,3,3,5,-1,0
1999,Brentford,Gillingham,1,2,3,3,3,-1,0
1999,Brentford,Notts County,0,2,3,3,2,-2,0
1999,Bristol City,Brentford,1,0,3,3,1,1,1
1999,Bristol City,Bury,1,1,3,3,2,0,0
1999,Bristol City,Reading,3,1,3,3,4,2,1
1999,Bristol City,Wigan Athletic,0,0,3,3,0,0,0
1999,Bristol Rovers,Cambridge United,1,0,3,3,1,1,1
1999,Bristol Rovers,Colchester United,2,1,3,3,3,1,1
1999,Bristol Rovers,Oxford United,1,0,3,3,1,1,1
1999,Burnley,Bristol Rovers,1,0,3,3,1,1,1
1999,Burnley,Cardiff City,2,1,3,3,3,1,1
1999,Burnley,Notts County,2,1,3,3,3,1,1
1999,Burnley,Wycombe Wanderers,1,0,3,3,1,1,1
1999,Bury,Brentford,2,2,3,3,4,0,0
1999,Bury,Burnley,4,2,3,3,6,2,1
1999,Bury,Oldham Athletic,2,2,3,3,4,0,0
1999,Bury,Reading,1,1,3,3,2,0,0
1999,Cambridge United,AFC Bournemouth,0,2,3,3,2,-2,0
1999,Cambridge United,Bristol City,3,0,3,3,3,3,1
1999,Cambridge United,Bury,3,0,3,3,3,3,1
1999,Cambridge United,Oxford United,2,0,3,3,2,2,1
1999,Cardiff City,Blackpool,1,1,3,3,2,0,0
1999,Cardiff City,Cambridge United,0,4,3,3,4,-4,0
1999,Cardiff City,Gillingham,1,2,3,3,3,-1,0
1999,Colchester United,Bristol City,3,4,3,3,7,-1,0
1999,Colchester United,Millwall,1,2,3,3,3,-1,0
1999,Colchester United,Scunthorpe United,0,1,3,3,1,-1,0
1999,Colchester United,Wrexham,2,2,3,3,4,0,0
1999,Gillingham,Blackpool,1,3,3,3,4,-2,0
1999,Gillingham,Bristol Rovers,0,1,3,3,1,-1,0
1999,Gillingham,Cambridge United,2,1,3,3,3,1,1
1999,Gillingham,Colchester United,2,1,3,3,3,1,1
1999,Gillingham,Preston North End,0,2,3,3,2,-2,0
1999,Gillingham,Stoke City,3,0,3,3,3,3,1
1999,Gillingham,Wycombe Wanderers,2,2,3,3,4,0,0
1999,Luton Town,Brentford,1,2,3,3,3,-1,0
1999,Luton Town,Cardiff City,1,0,3,3,1,1,1
1999,Luton Town,Gillingham,3,1,3,3,4,2,1
1999,Luton Town,Oldham Athletic,1,1,3,3,2,0,0
1999,Luton Town,Reading,3,1,3,3,4,2,1
1999,Luton Town,Wigan Athletic,1,1,3,3,2,0,0
1999,Millwall,Bristol City,4,1,3,3,5,3,1
1999,Millwall,Bury,3,0,3,3,3,3,1
1999,Millwall,Oxford United,1,0,3,3,1,1,1
1999,Notts County,Bristol Rovers,0,2,3,3,2,-2,0
1999,Notts County,Millwall,1,1,3,3,2,0,0
1999,Notts County,Preston North End,1,0,3,3,1,1,1
1999,Notts County,Stoke City,0,0,3,3,0,0,0
1999,Oldham Athletic,Burnley,0,1,3,3,1,-1,0
1999,Oldham Athletic,Gillingham,1,3,3,3,4,-2,0
1999,Oldham Athletic,Reading,1,2,3,3,3,-1,0
1999,Oxford United,AFC Bournemouth,1,0,3,3,1,1,1
1999,Oxford United,Bury,1,1,3,3,2,0,0
1999,Oxford United,Chesterfield,2,1,3,3,3,1,1
1999,Oxford United,Scunthorpe United,2,0,3,3,2,2,1
1999,Oxford United,Wrexham,1,4,3,3,5,-3,0
1999,Preston North End,Blackpool,3,0,3,3,3,3,1
1999,Preston North End,Bristol Rovers,2,1,3,3,3,1,1
1999,Preston North End,Colchester United,2,3,3,3,5,-1,0
1999,Preston North End,Wycombe Wanderers,3,2,3,3,5,1,1
1999,Reading,Burnley,0,0,3,3,0,0,0
1999,Reading,Gillingham,2,2,3,3,4,0,0
1999,Reading,Notts County,0,0,3,3,0,0,0
1999,Reading,Preston North End,2,2,3,3,4,0,0
1999,Scunthorpe United,AFC Bournemouth,3,1,3,3,4,2,1
1999,Scunthorpe United,Bristol City,1,2,3,3,3,-1,0
1999,Scunthorpe United,Bury,0,2,3,3,2,-2,0
1999,Scunthorpe United,Chesterfield,0,0,3,3,0,0,0
1999,Scunthorpe United,Oldham Athletic,1,2,3,3,3,-1,0
1999,Scunthorpe United,Reading,2,2,3,3,4,0,0
1999,Stoke City,Colchester United,1,1,3,3,2,0,0
1999,Stoke City,Millwall,3,1,3,3,4,2,1
1999,Stoke City,Scunthorpe United,1,0,3,3,1,1,1
1999,Wigan Athletic,Notts County,2,0,3,3,2,2,1
1999,Wigan Athletic,Stoke City,1,2,3,3,3,-1,0
1999,Wrexham,AFC Bournemouth,1,0,3,3,1,1,1
1999,Wrexham,Bury,1,0,3,3,1,1,1
1999,Wrexham,Chesterfield,1,1,3,3,2,0,0
1999,Wrexham,Oldham Athletic,0,3,3,3,3,-3,0
1999,Wrexham,Reading,0,1,3,3,1,-1,0
1999,Wrexham,Wigan Athletic,1,1,3,3,2,0,0
1999,Wycombe Wanderers,Blackpool,0,2,3,3,2,-2,0
1999,Wycombe Wanderers,Bristol Rovers,1,1,3,3,2,0,0
1999,Wycombe Wanderers,Millwall,1,2,3,3,3,-1,0
1999,Wycombe Wanderers,Oxford United,0,1,3,3,1,-1,0
1999,Wycombe Wanderers,Scunthorpe United,2,1,3,3,3,1,1
1999,Barnet,Cheltenham,3,2,4,4,5,1,1
1999,Barnet,Exeter City,2,2,4,4,4,0,0
1999,Barnet,Macclesfield,2,1,4,4,3,1,1
1999,Barnet,Peterborough United,0,2,4,4,2,-2,0
1999,Barnet,Rotherham United,1,0,4,4,1,1,1
1999,Barnet,Swansea City,0,1,4,4,1,-1,0
1999,Brighton & Hove Albion,Barnet,1,1,4,4,2,0,0
1999,Brighton & Hove Albion,Chester,2,3,4,4,5,-1,0
1999,Brighton & Hove Albion,Mansfield Town,6,0,4,4,6,6,1
1999,Brighton & Hove Albion,Shrewsbury Town,1,0,4,4,1,1,1
1999,Carlisle United,Brighton & Hove Albion,0,1,4,4,1,-1,0
1999,Carlisle United,Lincoln City,1,0,4,4,1,1,1
1999,Carlisle United,Rochdale,1,2,4,4,3,-1,0
1999,Carlisle United,Southend United,1,1,4,4,2,0,0
1999,Cheltenham,Exeter City,3,1,4,4,4,2,1
1999,Cheltenham,Macclesfield,1,1,4,4,2,0,0
1999,Cheltenham,Swansea City,0,0,4,4,0,0,0
1999,Chester,Barnet,0,2,4,4,2,-2,0
1999,Chester,Leyton Orient,1,5,4,4,6,-4,0
1999,Chester,Mansfield Town,5,0,4,4,5,5,1
1999,Chester,Plymouth Argyle,0,1,4,4,1,-1,0
1999,Chester,Torquay United,2,1,4,4,3,1,1
1999,Darlington,Brighton & Hove Albion,1,1,4,4,2,0,0
1999,Darlington,Northampton Town,0,1,4,4,1,-1,0
1999,Exeter City,Hull City,1,0,4,4,1,1,1
1999,Exeter City,Macclesfield,0,3,4,4,3,-3,0
1999,Halifax Town,Leyton Orient,0,2,4,4,2,-2,0
1999,Halifax Town,Plymouth Argyle,0,1,4,4,1,-1,0
1999,Hartlepool United,Brighton & Hove Albion,0,0,4,4,0,0,0
1999,Hartlepool United,Chester,1,0,4,4,1,1,1
1999,Hartlepool United,Halifax Town,0,2,4,4,2,-2,0
1999,Hartlepool United,Lincoln City,2,0,4,4,2,2,1
1999,Hartlepool United,Rochdale,3,2,4,4,5,1,1
1999,Hartlepool United,York City,2,1,4,4,3,1,1
1999,Hull City,Peterborough United,2,3,4,4,5,-1,0
1999,Hull City,Rotherham United,0,0,4,4,0,0,0
1999,Leyton Orient,Barnet,0,0,4,4,0,0,0
1999,Leyton Orient,Exeter City,4,1,4,4,5,3,1
1999,Leyton Orient,Hull City,0,0,4,4,0,0,0
1999,Lincoln City,Leyton Orient,0,0,4,4,0,0,0
1999,Lincoln City,Northampton Town,2,2,4,4,4,0,0
1999,Lincoln City,Southend United,1,0,4,4,1,1,1
1999,Lincoln City,York City,4,2,4,4,6,2,1
1999,Macclesfield,Hartlepool United,3,3,4,4,6,0,0
1999,Macclesfield,Rotherham United,1,1,4,4,2,0,0
1999,Mansfield Town,Barnet,0,1,4,4,1,-1,0
1999,Mansfield Town,Cheltenham,0,1,4,4,1,-1,0
1999,Mansfield Town,Macclesfield,1,0,4,4,1,1,1
1999,Mansfield Town,Torquay United,4,3,4,4,7,1,1
1999,Northampton Town,Leyton Orient,2,1,4,4,3,1,1
1999,Northampton Town,Southend United,2,0,4,4,2,2,1
1999,Peterborough United,Darlington,4,2,4,4,6,2,1
1999,Peterborough United,Northampton Town,1,0,4,4,1,1,1
1999,Peterborough United,Rotherham United,0,5,4,4,5,-5,0
1999,Plymouth Argyle,Barnet,4,1,4,4,5,3,1
1999,Plymouth Argyle,Macclesfield,3,2,4,4,5,1,1
1999,Plymouth Argyle,Torquay United,2,2,4,4,4,0,0
1999,Rochdale,Brighton & Hove Albion,1,0,4,4,1,1,1
1999,Rochdale,Chester,2,1,4,4,3,1,1
1999,Rochdale,Leyton Orient,1,4,4,4,5,-3,0
1999,Rochdale,Mansfield Town,2,1,4,4,3,1,1
1999,Rochdale,Plymouth Argyle,0,0,4,4,0,0,0
1999,Rochdale,York City,2,1,4,4,3,1,1
1999,Rotherham United,Darlington,2,1,4,4,3,1,1
1999,Shrewsbury Town,Barnet,1,1,4,4,2,0,0
1999,Shrewsbury Town,Cheltenham,0,2,4,4,2,-2,0
1999,Shrewsbury Town,Exeter City,1,4,4,4,5,-3,0
1999,Shrewsbury Town,Macclesfield,0,1,4,4,1,-1,0
1999,Shrewsbury Town,Peterborough United,0,1,4,4,1,-1,0
1999,Southend United,Brighton & Hove Albion,2,1,4,4,3,1,1
1999,Southend United,Leyton Orient,1,1,4,4,2,0,0
1999,Southend United,Mansfield Town,1,0,4,4,1,1,1
1999,Southend United,Shrewsbury Town,3,2,4,4,5,1,1
1999,Swansea City,Rochdale,1,0,4,4,1,1,1
1999,Swansea City,Southend United,3,1,4,4,4,2,1
1999,Torquay United,Peterborough United,2,1,4,4,3,1,1
1999,York City,Chester,2,2,4,4,4,0,0
1999,York City,Halifax Town,2,0,4,4,2,2,1
1999,York City,Mansfield Town,0,1,4,4,1,-1,0
1999,York City,Torquay United,2,2,4,4,4,0,0
2000,Arsenal,Charlton Athletic,5,3,1,1,8,2,1
2000,Arsenal,Leeds United,2,1,1,1,3,1,1
2000,Arsenal,Manchester City,5,0,1,1,5,5,1
2000,Arsenal,Newcastle United,5,0,1,1,5,5,1
2000,Arsenal,Tottenham Hotspur,2,0,1,1,2,2,1
2000,Bradford City,Arsenal,1,1,1,1,2,0,0
2000,Bradford City,Chelsea,2,0,1,1,2,2,1
2000,Bradford City,Leicester City,0,0,1,1,0,0,0
2000,Bradford City,Manchester United,0,3,1,1,3,-3,0
2000,Bradford City,Southampton,0,1,1,1,1,-1,0
2000,Bradford City,West Ham United,1,2,1,1,3,-1,0
2000,Charlton Athletic,Bradford City,2,0,1,1,2,2,1
2000,Charlton Athletic,Derby County,2,1,1,1,3,1,1
2000,Charlton Athletic,Leeds United,1,2,1,1,3,-1,0
2000,Charlton Athletic,Manchester City,4,0,1,1,4,4,1
2000,Chelsea,Coventry City,6,1,1,1,7,5,1
2000,Coventry City,Arsenal,0,1,1,1,1,-1,0
2000,Coventry City,Manchester United,1,2,1,1,3,-1,0
2000,Coventry City,West Ham United,0,3,1,1,3,-3,0
2000,Derby County,Bradford City,2,0,1,1,2,2,1
2000,Everton,Middlesbrough,2,2,1,1,4,0,0
2000,Ipswich Town,Charlton Athletic,2,0,1,1,2,2,1
2000,Ipswich Town,Derby County,0,1,1,1,1,-1,0
2000,Ipswich Town,Leicester City,2,0,1,1,2,2,1
2000,Ipswich Town,Manchester United,1,1,1,1,2,0,0
2000,Ipswich Town,West Ham United,1,1,1,1,2,0,0
2000,Leeds United,Bradford City,6,1,1,1,7,5,1
2000,Leeds United,Newcastle United,1,3,1,1,4,-2,0
2000,Leicester City,Aston Villa,0,0,1,1,0,0,0
2000,Leicester City,Chelsea,2,1,1,1,3,1,1
2000,Leicester City,Everton,1,1,1,1,2,0,0
2000,Leicester City,Liverpool,2,0,1,1,2,2,1
2000,Leicester City,Middlesbrough,0,3,1,1,3,-3,0
2000,Liverpool,Arsenal,4,0,1,1,4,4,1
2000,Liverpool,Charlton Athletic,3,0,1,1,3,3,1
2000,Liverpool,Manchester United,2,0,1,1,2,2,1
2000,Liverpool,Southampton,2,1,1,1,3,1,1
2000,Liverpool,West Ham United,3,0,1,1,3,3,1
2000,Manchester City,Bradford City,2,0,1,1,2,2,1
2000,Manchester City,Ipswich Town,2,3,1,1,5,-1,0
2000,Manchester City,Liverpool,1,1,1,1,2,0,0
2000,Manchester United,Aston Villa,2,0,1,1,2,2,1
2000,Manchester United,Chelsea,3,3,1,1,6,0,0
2000,Manchester United,Everton,1,0,1,1,1,1,1
2000,Manchester United,Leicester City,2,0,1,1,2,2,1
2000,Manchester United,Middlesbrough,2,1,1,1,3,1,1
2000,Manchester United,Sunderland,3,0,1,1,3,3,1
2000,Middlesbrough,Arsenal,0,1,1,1,1,-1,0
2000,Middlesbrough,Charlton Athletic,0,0,1,1,0,0,0
2000,Middlesbrough,Manchester City,1,1,1,1,2,0,0
2000,Middlesbrough,Southampton,0,1,1,1,1,-1,0
2000,Middlesbrough,West Ham United,2,1,1,1,3,1,1
2000,Newcastle United,Bradford City,2,1,1,1,3,1,1
2000,Newcastle United,Ipswich Town,2,1,1,1,3,1,1
2000,Newcastle United,Liverpool,2,1,1,1,3,1,1
2000,Southampton,Aston Villa,2,0,1,1,2,2,1
2000,Southampton,Chelsea,3,2,1,1,5,1,1
2000,Southampton,Manchester United,2,1,1,1,3,1,1
2000,Sunderland,Arsenal,1,0,1,1,1,1,1
2000,Sunderland,Charlton Athletic,3,2,1,1,5,1,1
2000,Sunderland,Leeds United,0,2,1,1,2,-2,0
2000,Sunderland,Newcastle United,1,1,1,1,2,0,0
2000,Tottenham Hotspur,Ipswich Town,3,1,1,1,4,2,1
2000,Tottenham Hotspur,Middlesbrough,0,0,1,1,0,0,0
2000,West Ham United,Chelsea,0,2,1,1,2,-2,0
2000,West Ham United,Everton,0,2,1,1,2,-2,0
2000,West Ham United,Leicester City,0,1,1,1,1,-1,0
2000,West Ham United,Manchester United,2,2,1,1,4,0,0
2000,West Ham United,Southampton,3,0,1,1,3,3,1
2000,Barnsley,Burnley,1,0,2,2,1,1,1
2000,Barnsley,Sheffield United,0,0,2,2,0,0,0
2000,Barnsley,Tranmere Rovers,1,1,2,2,2,0,0
2000,Barnsley,Wimbledon,0,1,2,2,1,-1,0
2000,Birmingham City,Blackburn Rovers,0,2,2,2,2,-2,0
2000,Birmingham City,Crewe Alexandra,2,0,2,2,2,2,1
2000,Blackburn Rovers,Bolton Wanderers,1,1,2,2,2,0,0
2000,Blackburn Rovers,Grimsby Town,2,0,2,2,2,2,1
2000,Blackburn Rovers,Queens Park Rangers,0,0,2,2,0,0,0
2000,Blackburn Rovers,Stockport County,2,1,2,2,3,1,1
2000,Bolton Wanderers,Burnley,1,1,2,2,2,0,0
2000,Bolton Wanderers,Portsmouth,2,0,2,2,2,2,1
2000,Bolton Wanderers,Wimbledon,2,2,2,2,4,0,0
2000,Burnley,Birmingham City,0,0,2,2,0,0,0
2000,Burnley,Norwich City,2,0,2,2,2,2,1
2000,Burnley,Preston North End,3,0,2,2,3,3,1
2000,Burnley,Watford,2,0,2,2,2,2,1
2000,Crewe Alexandra,Crystal Palace,1,1,2,2,2,0,0
2000,Crewe Alexandra,Nottingham Forest,1,0,2,2,1,1,1
2000,Crewe Alexandra,Queens Park Rangers,2,2,2,2,4,0,0
2000,Crewe Alexandra,Stockport County,1,2,2,2,3,-1,0
2000,Crystal Palace,Barnsley,1,0,2,2,1,1,1
2000,Crystal Palace,Bolton Wanderers,0,2,2,2,2,-2,0
2000,Crystal Palace,Fulham,0,2,2,2,2,-2,0
2000,Crystal Palace,Huddersfield Town,0,0,2,2,0,0,0
2000,Crystal Palace,Sheffield United,0,1,2,2,1,-1,0
2000,Fulham,Burnley,3,1,2,2,4,2,1
2000,Fulham,Norwich City,2,0,2,2,2,2,1
2000,Fulham,Sheffield Wednesday,1,1,2,2,2,0,0
2000,Fulham,Watford,5,0,2,2,5,5,1
2000,Gillingham,Nottingham Forest,1,3,2,2,4,-2,0
2000,Gillingham,Stockport County,1,3,2,2,4,-2,0
2000,Gillingham,West Bromwich Albion,1,2,2,2,3,-1,0
2000,Grimsby Town,Crystal Palace,2,2,2,2,4,0,0
2000,Grimsby Town,Huddersfield Town,1,0,2,2,1,1,1
2000,Grimsby Town,Portsmouth,2,1,2,2,3,1,1
2000,Grimsby Town,Sheffield United,0,1,2,2,1,-1,0
2000,Grimsby Town,Wimbledon,1,1,2,2,2,0,0
2000,Huddersfield Town,Birmingham City,1,2,2,2,3,-1,0
2000,Huddersfield Town,Fulham,1,2,2,2,3,-1,0
2000,Huddersfield Town,Norwich City,2,0,2,2,2,2,1
2000,Huddersfield Town,Watford,1,2,2,2,3,-1,0
2000,Huddersfield Town,Wolverhampton Wanderers,3,0,2,2,3,3,1
2000,Norwich City,Gillingham,1,0,2,2,1,1,1
2000,Norwich City,Nottingham Forest,0,0,2,2,0,0,0
2000,Norwich City,Stockport County,4,0,2,2,4,4,1
2000,Norwich City,West Bromwich Albion,0,1,2,2,1,-1,0
2000,Nottingham Forest,Bolton Wanderers,0,2,2,2,2,-2,0
2000,Nottingham Forest,Tranmere Rovers,3,1,2,2,4,2,1
2000,Portsmouth,Burnley,2,0,2,2,2,2,1
2000,Portsmouth,Fulham,1,1,2,2,2,0,0
2000,Portsmouth,Watford,1,3,2,2,4,-2,0
2000,Portsmouth,Wolverhampton Wanderers,3,1,2,2,4,2,1
2000,Preston North End,Blackburn Rovers,0,1,2,2,1,-1,0
2000,Preston North End,Crewe Alexandra,2,1,2,2,3,1,1
2000,Preston North End,Gillingham,0,0,2,2,0,0,0
2000,Preston North End,Queens Park Rangers,5,0,2,2,5,5,1
2000,Preston North End,Stockport County,1,1,2,2,2,0,0
2000,Queens Park Rangers,Barnsley,2,0,2,2,2,2,1
2000,Queens Park Rangers,Bolton Wanderers,1,1,2,2,2,0,0
2000,Queens Park Rangers,Crystal Palace,1,1,2,2,2,0,0
2000,Queens Park Rangers,Grimsby Town,0,1,2,2,1,-1,0
2000,Queens Park Rangers,Tranmere Rovers,2,0,2,2,2,2,1
2000,Queens Park Rangers,Wimbledon,2,1,2,2,3,1,1
2000,Sheffield United,Fulham,1,1,2,2,2,0,0
2000,Sheffield United,Huddersfield Town,3,0,2,2,3,3,1
2000,Sheffield United,Watford,0,1,2,2,1,-1,0
2000,Sheffield Wednesday,Crewe Alexandra,0,0,2,2,0,0,0
2000,Sheffield Wednesday,West Bromwich Albion,1,2,2,2,3,-1,0
2000,Stockport County,Bolton Wanderers,4,3,2,2,7,1,1
2000,Stockport County,Crystal Palace,0,1,2,2,1,-1,0
2000,Stockport County,Grimsby Town,1,1,2,2,2,0,0
2000,Stockport County,Nottingham Forest,1,2,2,2,3,-1,0
2000,Stockport County,Queens Park Rangers,2,2,2,2,4,0,0
2000,Stockport County,Tranmere Rovers,1,1,2,2,2,0,0
2000,Stockport County,Wimbledon,2,2,2,2,4,0,0
2000,Tranmere Rovers,Birmingham City,1,0,2,2,1,1,1
2000,Tranmere Rovers,Fulham,1,4,2,2,5,-3,0
2000,Tranmere Rovers,Huddersfield Town,2,0,2,2,2,2,1
2000,Tranmere Rovers,Portsmouth,1,1,2,2,2,0,0
2000,Tranmere Rovers,Sheffield United,1,0,2,2,1,1,1
2000,Tranmere Rovers,Watford,2,0,2,2,2,2,1
2000,Watford,Blackburn Rovers,0,1,2,2,1,-1,0
2000,Watford,Gillingham,0,0,2,2,0,0,0
2000,Watford,Norwich City,4,1,2,2,5,3,1
2000,Watford,Preston North End,2,3,2,2,5,-1,0
2000,Watford,Sheffield Wednesday,1,3,2,2,4,-2,0
2000,Watford,West Bromwich Albion,3,3,2,2,6,0,0
2000,West Bromwich Albion,Grimsby Town,0,1,2,2,1,-1,0
2000,West Bromwich Albion,Wimbledon,3,1,2,2,4,2,1
2000,Wimbledon,Burnley,0,2,2,2,2,-2,0
2000,Wimbledon,Portsmouth,1,1,2,2,2,0,0
2000,Wimbledon,Tranmere Rovers,0,0,2,2,0,0,0
2000,Wimbledon,Wolverhampton Wanderers,1,1,2,2,2,0,0
2000,Wolverhampton Wanderers,Preston North End,0,1,2,2,1,-1,0
2000,AFC Bournemouth,Brentford,2,0,3,3,2,2,1
2000,AFC Bournemouth,Bury,1,0,3,3,1,1,1
2000,AFC Bournemouth,Peterborough United,2,1,3,3,3,1,1
2000,AFC Bournemouth,Rotherham United,0,1,3,3,1,-1,0
2000,Brentford,Bristol City,2,1,3,3,3,1,1
2000,Brentford,Oldham Athletic,1,1,3,3,2,0,0
2000,Brentford,Port Vale,1,1,3,3,2,0,0
2000,Brentford,Stoke City,2,2,3,3,4,0,0
2000,Brentford,Wycombe Wanderers,0,0,3,3,0,0,0
2000,Bristol City,Bristol Rovers,3,2,3,3,5,1,1
2000,Bristol City,Colchester United,1,1,3,3,2,0,0
2000,Bristol City,Northampton Town,2,0,3,3,2,2,1
2000,Bristol Rovers,Bury,2,0,3,3,2,2,1
2000,Bristol Rovers,Luton Town,3,3,3,3,6,0,0
2000,Bristol Rovers,Notts County,0,0,3,3,0,0,0
2000,Bristol Rovers,Peterborough United,1,2,3,3,3,-1,0
2000,Bristol Rovers,Rotherham United,1,1,3,3,2,0,0
2000,Bristol Rovers,Swindon Town,0,0,3,3,0,0,0
2000,Bristol Rovers,Wrexham,4,0,3,3,4,4,1
2000,Bury,Millwall,2,1,3,3,3,1,1
2000,Bury,Oldham Athletic,1,1,3,3,2,0,0
2000,Bury,Port Vale,2,0,3,3,2,2,1
2000,Bury,Stoke City,1,0,3,3,1,1,1
2000,Bury,Walsall,2,0,3,3,2,2,1
2000,Bury,Wycombe Wanderers,1,1,3,3,2,0,0
2000,Cambridge United,Bristol City,1,0,3,3,1,1,1
2000,Cambridge United,Northampton Town,1,2,3,3,3,-1,0
2000,Cambridge United,Reading,1,1,3,3,2,0,0
2000,Cambridge United,Swansea City,3,3,3,3,6,0,0
2000,Cambridge United,Wigan Athletic,1,2,3,3,3,-1,0
2000,Colchester United,AFC Bournemouth,3,1,3,3,4,2,1
2000,Colchester United,Notts County,2,0,3,3,2,2,1
2000,Colchester United,Peterborough United,2,2,3,3,4,0,0
2000,Colchester United,Wrexham,1,1,3,3,2,0,0
2000,Luton Town,Bury,1,2,3,3,3,-1,0
2000,Luton Town,Oldham Athletic,0,0,3,3,0,0,0
2000,Luton Town,Walsall,0,0,3,3,0,0,0
2000,Luton Town,Wycombe Wanderers,1,2,3,3,3,-1,0
2000,Millwall,Cambridge United,3,1,3,3,4,2,1
2000,Millwall,Northampton Town,0,1,3,3,1,-1,0
2000,Millwall,Reading,2,0,3,3,2,2,1
2000,Millwall,Swansea City,1,0,3,3,1,1,1
2000,Northampton Town,Bristol Rovers,2,1,3,3,3,1,1
2000,Northampton Town,Notts County,1,0,3,3,1,1,1
2000,Northampton Town,Swindon Town,0,1,3,3,1,-1,0
2000,Notts County,Oldham Athletic,1,0,3,3,1,1,1
2000,Notts County,Stoke City,2,2,3,3,4,0,0
2000,Oldham Athletic,Bristol City,0,0,3,3,0,0,0
2000,Oldham Athletic,Wigan Athletic,2,1,3,3,3,1,1
2000,Oxford United,Swindon Town,0,2,3,3,2,-2,0
2000,Oxford United,Wrexham,3,4,3,3,7,-1,0
2000,Peterborough United,Bury,1,1,3,3,2,0,0
2000,Peterborough United,Notts County,1,0,3,3,1,1,1
2000,Peterborough United,Port Vale,2,0,3,3,2,2,1
2000,Port Vale,Millwall,1,1,3,3,2,0,0
2000,Port Vale,Oldham Athletic,0,0,3,3,0,0,0
2000,Port Vale,Wigan Athletic,0,0,3,3,0,0,0
2000,Reading,Colchester United,0,1,3,3,1,-1,0
2000,Reading,Rotherham United,2,0,3,3,2,2,1
2000,Rotherham United,Bury,1,2,3,3,3,-1,0
2000,Rotherham United,Notts County,0,0,3,3,0,0,0
2000,Rotherham United,Peterborough United,3,0,3,3,3,3,1
2000,Rotherham United,Walsall,2,3,3,3,5,-1,0
2000,Rotherham United,Wycombe Wanderers,1,0,3,3,1,1,1
2000,Stoke City,Cambridge United,2,3,3,3,5,-1,0
2000,Stoke City,Millwall,3,2,3,3,5,1,1
2000,Stoke City,Oldham Athletic,0,1,3,3,1,-1,0
2000,Stoke City,Swansea City,1,2,3,3,3,-1,0
2000,Stoke City,Wigan Athletic,2,0,3,3,2,2,1
2000,Swansea City,AFC Bournemouth,0,3,3,3,3,-3,0
2000,Swansea City,Colchester United,0,2,3,3,2,-2,0
2000,Swansea City,Northampton Town,1,1,3,3,2,0,0
2000,Swansea City,Swindon Town,0,0,3,3,0,0,0
2000,Swindon Town,Brentford,2,3,3,3,5,-1,0
2000,Swindon Town,Bury,3,0,3,3,3,3,1
2000,Swindon Town,Luton Town,1,3,3,3,4,-2,0
2000,Swindon Town,Notts County,1,2,3,3,3,-1,0
2000,Swindon Town,Peterborough United,2,1,3,3,3,1,1
2000,Swindon Town,Rotherham United,2,1,3,3,3,1,1
2000,Swindon Town,Wycombe Wanderers,1,1,3,3,2,0,0
2000,Walsall,Bristol City,0,0,3,3,0,0,0
2000,Walsall,Millwall,0,0,3,3,0,0,0
2000,Walsall,Oldham Athletic,3,2,3,3,5,1,1
2000,Walsall,Stoke City,3,0,3,3,3,3,1
2000,Wigan Athletic,AFC Bournemouth,1,1,3,3,2,0,0
2000,Wigan Athletic,Colchester United,3,1,3,3,4,2,1
2000,Wigan Athletic,Reading,1,1,3,3,2,0,0
2000,Wigan Athletic,Swansea City,2,0,3,3,2,2,1
2000,Wrexham,Brentford,2,1,3,3,3,1,1
2000,Wrexham,Bury,0,1,3,3,1,-1,0
2000,Wrexham,Rotherham United,1,3,3,3,4,-2,0
2000,Wrexham,Swindon Town,1,1,3,3,2,0,0
2000,Wycombe Wanderers,Cambridge United,0,2,3,3,2,-2,0
2000,Wycombe Wanderers,Stoke City,0,1,3,3,1,-1,0
2000,Wycombe Wanderers,Walsall,3,1,3,3,4,2,1
2000,Barnet,Carlisle United,0,1,4,4,1,-1,0
2000,Barnet,Hartlepool United,1,3,4,4,4,-2,0
2000,Barnet,Leyton Orient,1,2,4,4,3,-1,0
2000,Barnet,Mansfield Town,3,3,4,4,6,0,0
2000,Barnet,Scunthorpe United,4,2,4,4,6,2,1
2000,Blackpool,Brighton & Hove Albion,0,2,4,4,2,-2,0
2000,Blackpool,Cheltenham,2,2,4,4,4,0,0
2000,Blackpool,Exeter City,3,0,4,4,3,3,1
2000,Blackpool,Hull City,3,1,4,4,4,2,1
2000,Blackpool,Lincoln City,2,0,4,4,2,2,1
2000,Blackpool,Plymouth Argyle,1,0,4,4,1,1,1
2000,Blackpool,Shrewsbury Town,0,1,4,4,1,-1,0
2000,Blackpool,York City,1,0,4,4,1,1,1
2000,Brighton & Hove Albion,Kidderminster Harriers,0,2,4,4,2,-2,0
2000,Brighton & Hove Albion,Macclesfield,4,1,4,4,5,3,1
2000,Cardiff City,Barnet,1,0,4,4,1,1,1
2000,Cardiff City,Carlisle United,4,1,4,4,5,3,1
2000,Cardiff City,Darlington,2,0,4,4,2,2,1
2000,Cardiff City,Hartlepool United,3,2,4,4,5,1,1
2000,Cardiff City,Leyton Orient,1,1,4,4,2,0,0
2000,Cardiff City,Mansfield Town,2,0,4,4,2,2,1
2000,Carlisle United,Blackpool,1,0,4,4,1,1,1
2000,Carlisle United,Cheltenham,1,1,4,4,2,0,0
2000,Carlisle United,Exeter City,0,1,4,4,1,-1,0
2000,Carlisle United,Hull City,0,0,4,4,0,0,0
2000,Carlisle United,Lincoln City,1,1,4,4,2,0,0
2000,Carlisle United,Shrewsbury Town,1,0,4,4,1,1,1
2000,Cheltenham,Halifax Town,4,2,4,4,6,2,1
2000,Cheltenham,Kidderminster Harriers,1,3,4,4,4,-2,0
2000,Chesterfield,Barnet,1,2,4,4,3,-1,0
2000,Chesterfield,Darlington,2,0,4,4,2,2,1
2000,Chesterfield,Hartlepool United,0,0,4,4,0,0,0
2000,Chesterfield,Leyton Orient,4,1,4,4,5,3,1
2000,Chesterfield,Mansfield Town,4,0,4,4,4,4,1
2000,Darlington,Blackpool,1,3,4,4,4,-2,0
2000,Darlington,Carlisle United,1,0,4,4,1,1,1
2000,Darlington,Hull City,0,2,4,4,2,-2,0
2000,Exeter City,Cheltenham,0,2,4,4,2,-2,0
2000,Exeter City,Kidderminster Harriers,2,1,4,4,3,1,1
2000,Exeter City,Rochdale,0,1,4,4,1,-1,0
2000,Exeter City,Southend United,2,2,4,4,4,0,0
2000,Halifax Town,Barnet,3,0,4,4,3,3,1
2000,Halifax Town,Cardiff City,1,2,4,4,3,-1,0
2000,Halifax Town,Chesterfield,2,2,4,4,4,0,0
2000,Hartlepool United,Hull City,0,1,4,4,1,-1,0
2000,Hull City,Brighton & Hove Albion,0,2,4,4,2,-2,0
2000,Hull City,Cheltenham,0,2,4,4,2,-2,0
2000,Hull City,Southend United,1,1,4,4,2,0,0
2000,Kidderminster Harriers,Barnet,2,1,4,4,3,1,1
2000,Kidderminster Harriers,Chesterfield,0,2,4,4,2,-2,0
2000,Kidderminster Harriers,Halifax Town,2,1,4,4,3,1,1
2000,Kidderminster Harriers,Leyton Orient,2,1,4,4,3,1,1
2000,Kidderminster Harriers,Scunthorpe United,0,0,4,4,0,0,0
2000,Kidderminster Harriers,Torquay United,2,0,4,4,2,2,1
2000,Leyton Orient,Carlisle United,1,0,4,4,1,1,1
2000,Leyton Orient,Darlington,1,0,4,4,1,1,1
2000,Leyton Orient,Plymouth Argyle,1,1,4,4,2,0,0
2000,Leyton Orient,York City,1,1,4,4,2,0,0
2000,Lincoln City,Brighton & Hove Albion,2,0,4,4,2,2,1
2000,Lincoln City,Exeter City,3,1,4,4,4,2,1
2000,Macclesfield,Cardiff City,2,5,4,4,7,-3,0
2000,Macclesfield,Chesterfield,1,2,4,4,3,-1,0
2000,Macclesfield,Kidderminster Harriers,1,0,4,4,1,1,1
2000,Macclesfield,Mansfield Town,0,1,4,4,1,-1,0
2000,Macclesfield,Scunthorpe United,0,1,4,4,1,-1,0
2000,Macclesfield,Torquay United,2,1,4,4,3,1,1
2000,Mansfield Town,Blackpool,0,1,4,4,1,-1,0
2000,Mansfield Town,Carlisle United,1,1,4,4,2,0,0
2000,Mansfield Town,Darlington,3,2,4,4,5,1,1
2000,Mansfield Town,Hartlepool United,4,3,4,4,7,1,1
2000,Mansfield Town,Plymouth Argyle,0,0,4,4,0,0,0
2000,Mansfield Town,York City,1,3,4,4,4,-2,0
2000,Plymouth Argyle,Exeter City,1,0,4,4,1,1,1
2000,Plymouth Argyle,Rochdale,0,0,4,4,0,0,0
2000,Plymouth Argyle,Southend United,3,3,4,4,6,0,0
2000,Rochdale,Chesterfield,2,2,4,4,4,0,0
2000,Rochdale,Halifax Town,0,1,4,4,1,-1,0
2000,Rochdale,Macclesfield,2,2,4,4,4,0,0
2000,Scunthorpe United,Carlisle United,3,0,4,4,3,3,1
2000,Scunthorpe United,Darlington,1,1,4,4,2,0,0
2000,Scunthorpe United,Leyton Orient,1,1,4,4,2,0,0
2000,Scunthorpe United,York City,4,0,4,4,4,4,1
2000,Shrewsbury Town,Exeter City,2,0,4,4,2,2,1
2000,Shrewsbury Town,Plymouth Argyle,4,1,4,4,5,3,1
2000,Shrewsbury Town,Southend United,0,1,4,4,1,-1,0
2000,Southend United,Chesterfield,3,2,4,4,5,1,1
2000,Southend United,Halifax Town,0,3,4,4,3,-3,0
2000,Southend United,Kidderminster Harriers,1,1,4,4,2,0,0
2000,Torquay United,Carlisle United,4,2,4,4,6,2,1
2000,Torquay United,Darlington,2,1,4,4,3,1,1
2000,Torquay United,Mansfield Town,2,2,4,4,4,0,0
2000,Torquay United,York City,2,2,4,4,4,0,0
2000,York City,Brighton & Hove Albion,0,1,4,4,1,-1,0
2000,York City,Hull City,0,0,4,4,0,0,0
2001,Arsenal,Aston Villa,3,2,1,1,5,1,1
2001,Arsenal,Charlton Athletic,2,4,1,1,6,-2,0
2001,Arsenal,Leeds United,1,2,1,1,3,-1,0
2001,Arsenal,Manchester United,3,1,1,1,4,2,1
2001,Arsenal,Southampton,1,1,1,1,2,0,0
2001,Aston Villa,Bolton Wanderers,3,2,1,1,5,1,1
2001,Aston Villa,Derby County,2,1,1,1,3,1,1
2001,Aston Villa,Liverpool,1,2,1,1,3,-1,0
2001,Blackburn Rovers,Aston Villa,3,0,1,1,3,3,1
2001,Blackburn Rovers,Chelsea,0,0,1,1,0,0,0
2001,Blackburn Rovers,Leicester City,0,0,1,1,0,0,0
2001,Blackburn Rovers,Sunderland,0,3,1,1,3,-3,0
2001,Bolton Wanderers,Everton,2,2,1,1,4,0,0
2001,Bolton Wanderers,Manchester United,0,4,1,1,4,-4,0
2001,Bolton Wanderers,Southampton,0,1,1,1,1,-1,0
2001,Bolton Wanderers,West Ham United,1,0,1,1,1,1,1
2001,Charlton Athletic,Blackburn Rovers,0,2,1,1,2,-2,0
2001,Charlton Athletic,Ipswich Town,3,2,1,1,5,1,1
2001,Charlton Athletic,Tottenham Hotspur,3,1,1,1,4,2,1
2001,Chelsea,Aston Villa,1,3,1,1,4,-2,0
2001,Chelsea,Charlton Athletic,0,1,1,1,1,-1,0
2001,Chelsea,Fulham,3,2,1,1,5,1,1
2001,Chelsea,Middlesbrough,2,2,1,1,4,0,0
2001,Derby County,Arsenal,0,2,1,1,2,-2,0
2001,Derby County,Everton,3,4,1,1,7,-1,0
2001,Derby County,Leeds United,0,1,1,1,1,-1,0
2001,Derby County,Manchester United,2,2,1,1,4,0,0
2001,Everton,Blackburn Rovers,1,2,1,1,3,-1,0
2001,Everton,Ipswich Town,1,2,1,1,3,-1,0
2001,Fulham,Aston Villa,0,0,1,1,0,0,0
2001,Fulham,Charlton Athletic,0,0,1,1,0,0,0
2001,Fulham,Everton,2,0,1,1,2,2,1
2001,Fulham,Leicester City,0,0,1,1,0,0,0
2001,Ipswich Town,Derby County,3,1,1,1,4,2,1
2001,Ipswich Town,Manchester United,0,1,1,1,1,-1,0
2001,Leeds United,Blackburn Rovers,3,1,1,1,4,2,1
2001,Leeds United,Fulham,0,1,1,1,1,-1,0
2001,Leeds United,Tottenham Hotspur,2,1,1,1,3,1,1
2001,Leicester City,Aston Villa,2,2,1,1,4,0,0
2001,Leicester City,Charlton Athletic,1,1,1,1,2,0,0
2001,Leicester City,Everton,0,0,1,1,0,0,0
2001,Leicester City,Leeds United,0,2,1,1,2,-2,0
2001,Liverpool,Ipswich Town,5,0,1,1,5,5,1
2001,Liverpool,Manchester United,3,1,1,1,4,2,1
2001,Manchester United,Leicester City,2,0,1,1,2,2,1
2001,Manchester United,Newcastle United,3,1,1,1,4,2,1
2001,Middlesbrough,Everton,1,0,1,1,1,1,1
2001,Newcastle United,Bolton Wanderers,3,2,1,1,5,1,1
2001,Newcastle United,Ipswich Town,2,2,1,1,4,0,0
2001,Southampton,Blackburn Rovers,1,2,1,1,3,-1,0
2001,Southampton,Leicester City,2,2,1,1,4,0,0
2001,Sunderland,Aston Villa,1,1,1,1,2,0,0
2001,Sunderland,Charlton Athletic,2,2,1,1,4,0,0
2001,Sunderland,Manchester United,1,3,1,1,4,-2,0
2001,Tottenham Hotspur,Derby County,3,1,1,1,4,2,1
2001,Tottenham Hotspur,Ipswich Town,1,2,1,1,3,-1,0
2001,Tottenham Hotspur,Liverpool,1,0,1,1,1,1,1
2001,Tottenham Hotspur,West Ham United,1,1,1,1,2,0,0
2001,West Ham United,Fulham,0,2,1,1,2,-2,0
2001,West Ham United,Leicester City,1,0,1,1,1,1,1
2001,West Ham United,Middlesbrough,1,0,1,1,1,1,1
2001,West Ham United,Sunderland,3,0,1,1,3,3,1
2001,Barnsley,Bradford City,3,3,2,2,6,0,0
2001,Barnsley,Crewe Alexandra,2,0,2,2,2,2,1
2001,Barnsley,Grimsby Town,0,0,2,2,0,0,0
2001,Barnsley,Sheffield Wednesday,3,0,2,2,3,3,1
2001,Birmingham City,Burnley,2,3,2,2,5,-1,0
2001,Birmingham City,Manchester City,1,2,2,2,3,-1,0
2001,Birmingham City,Rotherham United,2,2,2,2,4,0,0
2001,Birmingham City,Stockport County,2,1,2,2,3,1,1
2001,Birmingham City,West Bromwich Albion,0,1,2,2,1,-1,0
2001,Bradford City,Millwall,1,2,2,2,3,-1,0
2001,Burnley,Preston North End,2,1,2,2,3,1,1
2001,Burnley,Watford,1,0,2,2,1,1,1
2001,Coventry City,Crystal Palace,2,0,2,2,2,2,1
2001,Coventry City,Rotherham United,2,0,2,2,2,2,1
2001,Coventry City,West Bromwich Albion,0,1,2,2,1,-1,0
2001,Crewe Alexandra,Burnley,1,2,2,2,3,-1,0
2001,Crewe Alexandra,Gillingham,0,0,2,2,0,0,0
2001,Crewe Alexandra,Millwall,1,0,2,2,1,1,1
2001,Crewe Alexandra,Wimbledon,0,4,2,2,4,-4,0
2001,Crystal Palace,Coventry City,1,3,2,2,4,-2,0
2001,Crystal Palace,Grimsby Town,5,0,2,2,5,5,1
2001,Crystal Palace,Norwich City,3,2,2,2,5,1,1
2001,Crystal Palace,Wolverhampton Wanderers,0,2,2,2,2,-2,0
2001,Gillingham,Nottingham Forest,3,1,2,2,4,2,1
2001,Gillingham,West Bromwich Albion,2,1,2,2,3,1,1
2001,Grimsby Town,Crystal Palace,5,2,2,2,7,3,1
2001,Grimsby Town,Portsmouth,3,1,2,2,4,2,1
2001,Grimsby Town,Sheffield United,1,0,2,2,1,1,1
2001,Grimsby Town,Wimbledon,6,2,2,2,8,4,1
2001,Manchester City,Coventry City,4,2,2,2,6,2,1
2001,Manchester City,Watford,3,0,2,2,3,3,1
2001,Manchester City,Wolverhampton Wanderers,1,0,2,2,1,1,1
2001,Millwall,Grimsby Town,3,1,2,2,4,2,1
2001,Millwall,West Bromwich Albion,1,0,2,2,1,1,1
2001,Norwich City,Manchester City,2,0,2,2,2,2,1
2001,Norwich City,Portsmouth,0,0,2,2,0,0,0
2001,Norwich City,Walsall,1,1,2,2,2,0,0
2001,Nottingham Forest,Birmingham City,0,0,2,2,0,0,0
2001,Nottingham Forest,Gillingham,2,2,2,2,4,0,0
2001,Nottingham Forest,Millwall,1,2,2,2,3,-1,0
2001,Nottingham Forest,Sheffield Wednesday,0,1,2,2,1,-1,0
2001,Nottingham Forest,Wolverhampton Wanderers,2,2,2,2,4,0,0
2001,Portsmouth,Bradford City,0,1,2,2,1,-1,0
2001,Portsmouth,Grimsby Town,4,2,2,2,6,2,1
2001,Portsmouth,Rotherham United,0,0,2,2,0,0,0
2001,Portsmouth,Stockport County,2,0,2,2,2,2,1
2001,Preston North End,Barnsley,2,2,2,2,4,0,0
2001,Preston North End,Burnley,2,3,2,2,5,-1,0
2001,Preston North End,Crystal Palace,2,1,2,2,3,1,1
2001,Preston North End,Nottingham Forest,2,1,2,2,3,1,1
2001,Preston North End,Sheffield United,3,0,2,2,3,3,1
2001,Preston North End,Walsall,1,1,2,2,2,0,0
2001,Preston North End,Wimbledon,1,1,2,2,2,0,0
2001,Rotherham United,Coventry City,0,0,2,2,0,0,0
2001,Rotherham United,Portsmouth,2,1,2,2,3,1,1
2001,Rotherham United,Sheffield Wednesday,1,1,2,2,2,0,0
2001,Rotherham United,Watford,1,1,2,2,2,0,0
2001,Rotherham United,Wolverhampton Wanderers,0,3,2,2,3,-3,0
2001,Sheffield United,Crewe Alexandra,1,0,2,2,1,1,1
2001,Sheffield United,Grimsby Town,3,1,2,2,4,2,1
2001,Sheffield United,Norwich City,2,1,2,2,3,1,1
2001,Sheffield United,Preston North End,2,2,2,2,4,0,0
2001,Sheffield United,Stockport County,3,0,2,2,3,3,1
2001,Sheffield Wednesday,Barnsley,3,1,2,2,4,2,1
2001,Sheffield Wednesday,Manchester City,2,6,2,2,8,-4,0
2001,Sheffield Wednesday,Nottingham Forest,0,2,2,2,2,-2,0
2001,Sheffield Wednesday,Rotherham United,1,2,2,2,3,-1,0
2001,Sheffield Wednesday,Walsall,2,1,2,2,3,1,1
2001,Sheffield Wednesday,Wimbledon,1,2,2,2,3,-1,0
2001,Stockport County,Birmingham City,0,3,2,2,3,-3,0
2001,Stockport County,Gillingham,0,2,2,2,2,-2,0
2001,Stockport County,Millwall,0,4,2,2,4,-4,0
2001,Stockport County,Portsmouth,0,1,2,2,1,-1,0
2001,Stockport County,Sheffield United,1,2,2,2,3,-1,0
2001,Watford,Manchester City,1,2,2,2,3,-1,0
2001,Watford,Nottingham Forest,1,2,2,2,3,-1,0
2001,West Bromwich Albion,Birmingham City,1,0,2,2,1,1,1
2001,West Bromwich Albion,Coventry City,1,0,2,2,1,1,1
2001,West Bromwich Albion,Millwall,0,2,2,2,2,-2,0
2001,West Bromwich Albion,Portsmouth,5,0,2,2,5,5,1
2001,West Bromwich Albion,Walsall,1,0,2,2,1,1,1
2001,Wimbledon,Bradford City,1,2,2,2,3,-1,0
2001,Wimbledon,Norwich City,0,1,2,2,1,-1,0
2001,Wimbledon,Watford,0,0,2,2,0,0,0
2001,Wolverhampton Wanderers,Crystal Palace,0,1,2,2,1,-1,0
2001,Wolverhampton Wanderers,Nottingham Forest,1,0,2,2,1,1,1
2001,Wolverhampton Wanderers,Rotherham United,2,1,2,2,3,1,1
2001,Wolverhampton Wanderers,Stockport County,2,2,2,2,4,0,0
2001,Wolverhampton Wanderers,West Bromwich Albion,0,1,2,2,1,-1,0
2001,AFC Bournemouth,Northampton Town,5,1,3,3,6,4,1
2001,AFC Bournemouth,Peterborough United,0,2,3,3,2,-2,0
2001,AFC Bournemouth,Tranmere Rovers,0,2,3,3,2,-2,0
2001,AFC Bournemouth,Wycombe Wanderers,1,2,3,3,3,-1,0
2001,Blackpool,Brighton & Hove Albion,2,2,3,3,4,0,0
2001,Blackpool,Port Vale,4,0,3,3,4,4,1
2001,Blackpool,Wigan Athletic,3,1,3,3,4,2,1
2001,Brentford,AFC Bournemouth,1,0,3,3,1,1,1
2001,Brentford,Bristol City,2,2,3,3,4,0,0
2001,Brentford,Huddersfield Town,3,0,3,3,3,3,1
2001,Brentford,Oldham Athletic,2,2,3,3,4,0,0
2001,Brentford,Queens Park Rangers,0,0,3,3,0,0,0
2001,Brentford,Swindon Town,2,0,3,3,2,2,1
2001,Brentford,Wrexham,3,0,3,3,3,3,1
2001,Brighton & Hove Albion,Blackpool,4,0,3,3,4,4,1
2001,Brighton & Hove Albion,Northampton Town,2,0,3,3,2,2,1
2001,Brighton & Hove Albion,Peterborough United,1,1,3,3,2,0,0
2001,Brighton & Hove Albion,Reading,3,1,3,3,4,2,1
2001,Brighton & Hove Albion,Tranmere Rovers,1,0,3,3,1,1,1
2001,Bristol City,Cambridge United,2,0,3,3,2,2,1
2001,Bristol City,Colchester United,3,1,3,3,4,2,1
2001,Bristol City,Port Vale,1,1,3,3,2,0,0
2001,Bristol City,Stoke City,1,1,3,3,2,0,0
2001,Bristol City,Wigan Athletic,2,2,3,3,4,0,0
2001,Bury,AFC Bournemouth,2,1,3,3,3,1,1
2001,Bury,Oldham Athletic,1,1,3,3,2,0,0
2001,Bury,Queens Park Rangers,1,2,3,3,3,-1,0
2001,Bury,Wrexham,2,2,3,3,4,0,0
2001,Cambridge United,Bristol City,0,3,3,3,3,-3,0
2001,Cambridge United,Chesterfield,4,1,3,3,5,3,1
2001,Cambridge United,Northampton Town,3,3,3,3,6,0,0
2001,Cambridge United,Peterborough United,0,0,3,3,0,0,0
2001,Cambridge United,Reading,2,2,3,3,4,0,0
2001,Cambridge United,Tranmere Rovers,2,1,3,3,3,1,1
2001,Cambridge United,Wycombe Wanderers,2,0,3,3,2,2,1
2001,Cardiff City,Brentford,3,1,3,3,4,2,1
2001,Cardiff City,Bury,1,0,3,3,1,1,1
2001,Cardiff City,Colchester United,1,1,3,3,2,0,0
2001,Cardiff City,Port Vale,1,0,3,3,1,1,1
2001,Cardiff City,Wigan Athletic,2,2,3,3,4,0,0
2001,Chesterfield,AFC Bournemouth,2,1,3,3,3,1,1
2001,Chesterfield,Brighton & Hove Albion,1,2,3,3,3,-1,0
2001,Chesterfield,Cambridge United,2,0,3,3,2,2,1
2001,Colchester United,Cardiff City,0,1,3,3,1,-1,0
2001,Colchester United,Peterborough United,2,1,3,3,3,1,1
2001,Colchester United,Reading,2,0,3,3,2,2,1
2001,Colchester United,Tranmere Rovers,2,1,3,3,3,1,1
2001,Huddersfield Town,Brentford,1,1,3,3,2,0,0
2001,Huddersfield Town,Bury,2,0,3,3,2,2,1
2001,Huddersfield Town,Notts County,2,2,3,3,4,0,0
2001,Huddersfield Town,Port Vale,2,1,3,3,3,1,1
2001,Huddersfield Town,Wigan Athletic,0,0,3,3,0,0,0
2001,Northampton Town,AFC Bournemouth,1,0,3,3,1,1,1
2001,Northampton Town,Colchester United,2,3,3,3,5,-1,0
2001,Northampton Town,Oldham Athletic,0,1,3,3,1,-1,0
2001,Northampton Town,Swindon Town,1,1,3,3,2,0,0
2001,Notts County,Blackpool,1,0,3,3,1,1,1
2001,Notts County,Bristol City,2,0,3,3,2,2,1
2001,Notts County,Cardiff City,0,0,3,3,0,0,0
2001,Notts County,Tranmere Rovers,3,0,3,3,3,3,1
2001,Notts County,Wycombe Wanderers,0,1,3,3,1,-1,0
2001,Oldham Athletic,Brentford,3,2,3,3,5,1,1
2001,Oldham Athletic,Bury,4,0,3,3,4,4,1
2001,Oldham Athletic,Stoke City,2,1,3,3,3,1,1
2001,Peterborough United,Brighton & Hove Albion,0,1,3,3,1,-1,0
2001,Peterborough United,Notts County,0,1,3,3,1,-1,0
2001,Peterborough United,Queens Park Rangers,4,1,3,3,5,3,1
2001,Port Vale,Cardiff City,0,2,3,3,2,-2,0
2001,Port Vale,Tranmere Rovers,1,1,3,3,2,0,0
2001,Queens Park Rangers,Bury,3,0,3,3,3,3,1
2001,Queens Park Rangers,Chesterfield,0,0,3,3,0,0,0
2001,Queens Park Rangers,Northampton Town,0,1,3,3,1,-1,0
2001,Reading,Colchester United,3,0,3,3,3,3,1
2001,Reading,Notts County,2,1,3,3,3,1,1
2001,Reading,Port Vale,2,0,3,3,2,2,1
2001,Reading,Swindon Town,1,3,3,3,4,-2,0
2001,Stoke City,Bristol City,1,0,3,3,1,1,1
2001,Stoke City,Tranmere Rovers,1,2,3,3,3,-1,0
2001,Stoke City,Wycombe Wanderers,5,1,3,3,6,4,1
2001,Swindon Town,Northampton Town,2,1,3,3,3,1,1
2001,Swindon Town,Peterborough United,0,0,3,3,0,0,0
2001,Swindon Town,Reading,0,0,3,3,0,0,0
2001,Tranmere Rovers,Brighton & Hove Albion,0,0,3,3,0,0,0
2001,Tranmere Rovers,Notts County,4,2,3,3,6,2,1
2001,Tranmere Rovers,Port Vale,3,1,3,3,4,2,1
2001,Tranmere Rovers,Wrexham,5,0,3,3,5,5,1
2001,Wigan Athletic,Bristol City,1,2,3,3,3,-1,0
2001,Wigan Athletic,Oldham Athletic,1,0,3,3,1,1,1
2001,Wigan Athletic,Swindon Town,1,0,3,3,1,1,1
2001,Wrexham,Brentford,0,3,3,3,3,-3,0
2001,Wrexham,Peterborough United,1,2,3,3,3,-1,0
2001,Wrexham,Tranmere Rovers,1,1,3,3,2,0,0
2001,Wycombe Wanderers,Cambridge United,2,0,3,3,2,2,1
2001,Wycombe Wanderers,Colchester United,0,0,3,3,0,0,0
2001,Bristol Rovers,Halifax Town,2,0,4,4,2,2,1
2001,Bristol Rovers,Kidderminster Harriers,2,1,4,4,3,1,1
2001,Bristol Rovers,York City,2,2,4,4,4,0,0
2001,Carlisle United,Darlington,1,3,4,4,4,-2,0
2001,Carlisle United,Hartlepool United,0,2,4,4,2,-2,0
2001,Carlisle United,Plymouth Argyle,0,2,4,4,2,-2,0
2001,Carlisle United,Swansea City,3,1,4,4,4,2,1
2001,Cheltenham,Mansfield Town,2,3,4,4,5,-1,0
2001,Cheltenham,Rochdale,1,1,4,4,2,0,0
2001,Cheltenham,Shrewsbury Town,1,0,4,4,1,1,1
2001,Darlington,Carlisle United,2,2,4,4,4,0,0
2001,Darlington,Kidderminster Harriers,2,0,4,4,2,2,1
2001,Darlington,Luton Town,3,2,4,4,5,1,1
2001,Darlington,Oxford United,1,0,4,4,1,1,1
2001,Darlington,Southend United,2,2,4,4,4,0,0
2001,Exeter City,Hartlepool United,0,2,4,4,2,-2,0
2001,Halifax Town,Bristol Rovers,0,0,4,4,0,0,0
2001,Halifax Town,Darlington,2,2,4,4,4,0,0
2001,Halifax Town,Lincoln City,3,0,4,4,3,3,1
2001,Halifax Town,Shrewsbury Town,1,2,4,4,3,-1,0
2001,Hartlepool United,Exeter City,2,0,4,4,2,2,1
2001,Hartlepool United,Kidderminster Harriers,1,1,4,4,2,0,0
2001,Hartlepool United,Luton Town,1,2,4,4,3,-1,0
2001,Hartlepool United,Southend United,5,1,4,4,6,4,1
2001,Hull City,Plymouth Argyle,0,0,4,4,0,0,0
2001,Hull City,Swansea City,2,1,4,4,3,1,1
2001,Kidderminster Harriers,Bristol Rovers,2,0,4,4,2,2,1
2001,Kidderminster Harriers,Mansfield Town,1,1,4,4,2,0,0
2001,Kidderminster Harriers,Rochdale,4,1,4,4,5,3,1
2001,Leyton Orient,Exeter City,1,1,4,4,2,0,0
2001,Leyton Orient,Hull City,0,0,4,4,0,0,0
2001,Leyton Orient,Luton Town,1,3,4,4,4,-2,0
2001,Leyton Orient,Rushden & Diamonds,2,1,4,4,3,1,1
2001,Lincoln City,Cheltenham,0,1,4,4,1,-1,0
2001,Lincoln City,Scunthorpe United,3,2,4,4,5,1,1
2001,Luton Town,Hartlepool United,2,2,4,4,4,0,0
2001,Luton Town,Rochdale,0,1,4,4,1,-1,0
2001,Macclesfield,Hull City,0,0,4,4,0,0,0
2001,Macclesfield,Rushden & Diamonds,0,0,4,4,0,0,0
2001,Mansfield Town,Cheltenham,2,1,4,4,3,1,1
2001,Mansfield Town,Halifax Town,2,1,4,4,3,1,1
2001,Mansfield Town,Kidderminster Harriers,1,1,4,4,2,0,0
2001,Mansfield Town,Luton Town,4,1,4,4,5,3,1
2001,Mansfield Town,Scunthorpe United,2,1,4,4,3,1,1
2001,Mansfield Town,Swansea City,3,0,4,4,3,3,1
2001,Oxford United,Bristol Rovers,0,0,4,4,0,0,0
2001,Oxford United,Darlington,1,2,4,4,3,-1,0
2001,Oxford United,Hartlepool United,1,2,4,4,3,-1,0
2001,Oxford United,Shrewsbury Town,0,1,4,4,1,-1,0
2001,Oxford United,Torquay United,1,1,4,4,2,0,0
2001,Plymouth Argyle,Carlisle United,3,0,4,4,3,3,1
2001,Plymouth Argyle,Lincoln City,2,0,4,4,2,2,1
2001,Plymouth Argyle,Mansfield Town,1,0,4,4,1,1,1
2001,Plymouth Argyle,Southend United,0,0,4,4,0,0,0
2001,Plymouth Argyle,York City,1,0,4,4,1,1,1
2001,Rochdale,Halifax Town,2,0,4,4,2,2,1
2001,Rochdale,Oxford United,1,1,4,4,2,0,0
2001,Rochdale,Scunthorpe United,2,2,4,4,4,0,0
2001,Rochdale,Swansea City,2,0,4,4,2,2,1
2001,Rushden & Diamonds,Darlington,2,1,4,4,3,1,1
2001,Rushden & Diamonds,Leyton Orient,1,0,4,4,1,1,1
2001,Rushden & Diamonds,Macclesfield,2,0,4,4,2,2,1
2001,Scunthorpe United,Carlisle United,2,1,4,4,3,1,1
2001,Scunthorpe United,Exeter City,3,4,4,4,7,-1,0
2001,Scunthorpe United,Lincoln City,1,1,4,4,2,0,0
2001,Shrewsbury Town,Halifax Town,3,0,4,4,3,3,1
2001,Shrewsbury Town,Rushden & Diamonds,0,2,4,4,2,-2,0
2001,Shrewsbury Town,Swansea City,3,0,4,4,3,3,1
2001,Southend United,Bristol Rovers,2,1,4,4,3,1,1
2001,Southend United,Darlington,1,0,4,4,1,1,1
2001,Southend United,Hartlepool United,0,0,4,4,0,0,0
2001,Southend United,Leyton Orient,1,2,4,4,3,-1,0
2001,Southend United,Scunthorpe United,2,0,4,4,2,2,1
2001,Southend United,Torquay United,1,1,4,4,2,0,0
2001,Swansea City,Carlisle United,0,0,4,4,0,0,0
2001,Swansea City,Lincoln City,0,0,4,4,0,0,0
2001,Swansea City,Rochdale,0,1,4,4,1,-1,0
2001,Torquay United,Luton Town,0,1,4,4,1,-1,0
2001,Torquay United,Oxford United,3,3,4,4,6,0,0
2001,Torquay United,Rushden & Diamonds,1,1,4,4,2,0,0
2001,York City,Bristol Rovers,3,0,4,4,3,3,1
2001,York City,Hartlepool United,1,0,4,4,1,1,1
2001,York City,Scunthorpe United,0,2,4,4,2,-2,0
2001,York City,Swansea City,0,2,4,4,2,-2,0
2002,Arsenal,Manchester City,2,1,1,1,3,1,1
2002,Arsenal,Tottenham Hotspur,3,0,1,1,3,3,1
2002,Aston Villa,Everton,3,2,1,1,5,1,1
2002,Aston Villa,Liverpool,0,1,1,1,1,-1,0
2002,Birmingham City,Leeds United,2,1,1,1,3,1,1
2002,Blackburn Rovers,Charlton Athletic,1,0,1,1,1,1,1
2002,Bolton Wanderers,Blackburn Rovers,1,1,1,1,2,0,0
2002,Bolton Wanderers,Everton,1,2,1,1,3,-1,0
2002,Bolton Wanderers,West Ham United,1,0,1,1,1,1,1
2002,Charlton Athletic,Leeds United,1,6,1,1,7,-5,0
2002,Charlton Athletic,Manchester United,1,3,1,1,4,-2,0
2002,Chelsea,Aston Villa,2,0,1,1,2,2,1
2002,Chelsea,Bolton Wanderers,1,0,1,1,1,1,1
2002,Everton,Chelsea,1,3,1,1,4,-2,0
2002,Everton,Liverpool,1,2,1,1,3,-1,0
2002,Everton,Middlesbrough,2,1,1,1,3,1,1
2002,Everton,Sunderland,2,1,1,1,3,1,1
2002,Everton,West Ham United,0,0,1,1,0,0,0
2002,Fulham,Birmingham City,0,1,1,1,1,-1,0
2002,Fulham,Leeds United,1,0,1,1,1,1,1
2002,Leeds United,Aston Villa,3,1,1,1,4,2,1
2002,Leeds United,Everton,0,1,1,1,1,-1,0
2002,Leeds United,Newcastle United,0,3,1,1,3,-3,0
2002,Liverpool,Leeds United,3,1,1,1,4,2,1
2002,Liverpool,West Ham United,2,0,1,1,2,2,1
2002,Manchester City,Charlton Athletic,0,1,1,1,1,-1,0
2002,Manchester City,Manchester United,3,1,1,1,4,2,1
2002,Manchester City,Southampton,0,1,1,1,1,-1,0
2002,Manchester City,West Bromwich Albion,1,2,1,1,3,-1,0
2002,Manchester United,Newcastle United,5,3,1,1,8,2,1
2002,Middlesbrough,Chelsea,1,1,1,1,2,0,0
2002,Middlesbrough,Leeds United,2,2,1,1,4,0,0
2002,Middlesbrough,Manchester United,3,1,1,1,4,2,1
2002,Middlesbrough,Sunderland,3,0,1,1,3,3,1
2002,Newcastle United,Birmingham City,1,0,1,1,1,1,1
2002,Newcastle United,Manchester City,2,0,1,1,2,2,1
2002,Newcastle United,West Bromwich Albion,2,1,1,1,3,1,1
2002,Southampton,Aston Villa,2,2,1,1,4,0,0
2002,Sunderland,Blackburn Rovers,0,0,1,1,0,0,0
2002,Sunderland,Chelsea,1,2,1,1,3,-1,0
2002,Sunderland,Manchester United,1,1,1,1,2,0,0
2002,Sunderland,Southampton,0,1,1,1,1,-1,0
2002,Tottenham Hotspur,Fulham,1,1,1,1,2,0,0
2002,Tottenham Hotspur,Newcastle United,0,1,1,1,1,-1,0
2002,West Bromwich Albion,Aston Villa,0,0,1,1,0,0,0
2002,West Bromwich Albion,Bolton Wanderers,1,1,1,1,2,0,0
2002,West Bromwich Albion,Liverpool,0,6,1,1,6,-6,0
2002,West Ham United,Chelsea,1,0,1,1,1,1,1
2002,West Ham United,Leeds United,3,4,1,1,7,-1,0
2002,West Ham United,Manchester United,1,1,1,1,2,0,0
2002,West Ham United,Southampton,0,1,1,1,1,-1,0
2002,Bradford City,Coventry City,1,1,2,2,2,0,0
2002,Bradford City,Gillingham,1,3,2,2,4,-2,0
2002,Bradford City,Reading,0,1,2,2,1,-1,0
2002,Bradford City,Sheffield Wednesday,1,1,2,2,2,0,0
2002,Brighton & Hove Albion,Bradford City,3,2,2,2,5,1,1
2002,Brighton & Hove Albion,Crystal Palace,0,0,2,2,0,0,0
2002,Brighton & Hove Albion,Grimsby Town,1,2,2,2,3,-1,0
2002,Brighton & Hove Albion,Portsmouth,1,1,2,2,2,0,0
2002,Brighton & Hove Albion,Rotherham United,2,0,2,2,2,2,1
2002,Brighton & Hove Albion,Wimbledon,2,3,2,2,5,-1,0
2002,Burnley,Preston North End,2,0,2,2,2,2,1
2002,Coventry City,Burnley,0,1,2,2,1,-1,0
2002,Coventry City,Gillingham,0,0,2,2,0,0,0
2002,Coventry City,Sheffield Wednesday,1,1,2,2,2,0,0
2002,Crystal Palace,Bradford City,1,1,2,2,2,0,0
2002,Crystal Palace,Rotherham United,0,0,2,2,0,0,0
2002,Crystal Palace,Stoke City,1,0,2,2,1,1,1
2002,Derby County,Brighton & Hove Albion,1,0,2,2,1,1,1
2002,Derby County,Ipswich Town,1,4,2,2,5,-3,0
2002,Derby County,Preston North End,0,2,2,2,2,-2,0
2002,Derby County,Sheffield United,2,1,2,2,3,1,1
2002,Derby County,Walsall,2,2,2,2,4,0,0
2002,Derby County,Wolverhampton Wanderers,1,4,2,2,5,-3,0
2002,Gillingham,Burnley,4,2,2,2,6,2,1
2002,Gillingham,Derby County,1,0,2,2,1,1,1
2002,Gillingham,Nottingham Forest,1,4,2,2,5,-3,0
2002,Gillingham,Reading,0,1,2,2,1,-1,0
2002,Grimsby Town,Bradford City,1,2,2,2,3,-1,0
2002,Grimsby Town,Gillingham,1,1,2,2,2,0,0
2002,Grimsby Town,Millwall,0,2,2,2,2,-2,0
2002,Grimsby Town,Portsmouth,0,1,2,2,1,-1,0
2002,Grimsby Town,Stoke City,2,0,2,2,2,2,1
2002,Grimsby Town,Wimbledon,0,0,2,2,0,0,0
2002,Ipswich Town,Brighton & Hove Albion,2,2,2,2,4,0,0
2002,Ipswich Town,Crystal Palace,1,2,2,2,3,-1,0
2002,Ipswich Town,Norwich City,1,1,2,2,2,0,0
2002,Ipswich Town,Sheffield United,3,2,2,2,5,1,1
2002,Ipswich Town,Wolverhampton Wanderers,2,4,2,2,6,-2,0
2002,Leicester City,Derby County,3,1,2,2,4,2,1
2002,Leicester City,Ipswich Town,1,2,2,2,3,-1,0
2002,Leicester City,Reading,2,1,2,2,3,1,1
2002,Leicester City,Sheffield Wednesday,1,1,2,2,2,0,0
2002,Millwall,Coventry City,2,0,2,2,2,2,1
2002,Millwall,Gillingham,2,2,2,2,4,0,0
2002,Millwall,Leicester City,2,2,2,2,4,0,0
2002,Millwall,Rotherham United,0,6,2,2,6,-6,0
2002,Millwall,Stoke City,3,1,2,2,4,2,1
2002,Millwall,Wimbledon,1,1,2,2,2,0,0
2002,Norwich City,Brighton & Hove Albion,0,1,2,2,1,-1,0
2002,Norwich City,Grimsby Town,4,0,2,2,4,4,1
2002,Norwich City,Millwall,3,1,2,2,4,2,1
2002,Norwich City,Preston North End,2,0,2,2,2,2,1
2002,Norwich City,Sheffield United,2,3,2,2,5,-1,0
2002,Norwich City,Walsall,2,1,2,2,3,1,1
2002,Norwich City,Wolverhampton Wanderers,0,3,2,2,3,-3,0
2002,Nottingham Forest,Derby County,3,0,2,2,3,3,1
2002,Nottingham Forest,Ipswich Town,2,1,2,2,3,1,1
2002,Nottingham Forest,Norwich City,4,0,2,2,4,4,1
2002,Nottingham Forest,Reading,2,0,2,2,2,2,1
2002,Nottingham Forest,Sheffield Wednesday,4,0,2,2,4,4,1
2002,Portsmouth,Bradford City,3,0,2,2,3,3,1
2002,Portsmouth,Coventry City,1,1,2,2,2,0,0
2002,Portsmouth,Gillingham,1,0,2,2,1,1,1
2002,Portsmouth,Rotherham United,3,2,2,2,5,1,1
2002,Portsmouth,Stoke City,3,0,2,2,3,3,1
2002,Preston North End,Crystal Palace,1,2,2,2,3,-1,0
2002,Preston North End,Grimsby Town,3,0,2,2,3,3,1
2002,Preston North End,Sheffield United,2,0,2,2,2,2,1
2002,Preston North End,Wolverhampton Wanderers,0,2,2,2,2,-2,0
2002,Reading,Burnley,3,0,2,2,3,3,1
2002,Reading,Sheffield Wednesday,2,1,2,2,3,1,1
2002,Reading,Watford,1,0,2,2,1,1,1
2002,Rotherham United,Coventry City,1,0,2,2,1,1,1
2002,Rotherham United,Leicester City,1,1,2,2,2,0,0
2002,Rotherham United,Nottingham Forest,2,2,2,2,4,0,0
2002,Rotherham United,Reading,0,0,2,2,0,0,0
2002,Rotherham United,Stoke City,4,0,2,2,4,4,1
2002,Rotherham United,Wimbledon,2,1,2,2,3,1,1
2002,Sheffield United,Brighton & Hove Albion,2,1,2,2,3,1,1
2002,Sheffield United,Crystal Palace,2,1,2,2,3,1,1
2002,Sheffield United,Wolverhampton Wanderers,3,3,2,2,6,0,0
2002,Sheffield Wednesday,Ipswich Town,0,1,2,2,1,-1,0
2002,Sheffield Wednesday,Sheffield United,2,0,2,2,2,2,1
2002,Stoke City,Coventry City,1,2,2,2,3,-1,0
2002,Stoke City,Leicester City,0,1,2,2,1,-1,0
2002,Stoke City,Reading,1,0,2,2,1,1,1
2002,Stoke City,Sheffield Wednesday,3,2,2,2,5,1,1
2002,Walsall,Grimsby Town,3,1,2,2,4,2,1
2002,Walsall,Stoke City,4,2,2,2,6,2,1
2002,Watford,Burnley,2,1,2,2,3,1,1
2002,Watford,Preston North End,0,1,2,2,1,-1,0
2002,Wimbledon,Gillingham,0,1,2,2,1,-1,0
2002,Wimbledon,Nottingham Forest,2,3,2,2,5,-1,0
2002,Wimbledon,Watford,0,0,2,2,0,0,0
2002,Wolverhampton Wanderers,Brighton & Hove Albion,1,1,2,2,2,0,0
2002,Wolverhampton Wanderers,Crystal Palace,4,0,2,2,4,4,1
2002,Wolverhampton Wanderers,Millwall,3,0,2,2,3,3,1
2002,Barnsley,Bristol City,1,4,3,3,5,-3,0
2002,Barnsley,Huddersfield Town,0,1,3,3,1,-1,0
2002,Barnsley,Northampton Town,1,2,3,3,3,-1,0
2002,Barnsley,Queens Park Rangers,1,0,3,3,1,1,1
2002,Blackpool,Barnsley,1,2,3,3,3,-1,0
2002,Blackpool,Cardiff City,1,0,3,3,1,1,1
2002,Blackpool,Colchester United,3,1,3,3,4,2,1
2002,Blackpool,Notts County,1,1,3,3,2,0,0
2002,Brentford,Blackpool,5,0,3,3,5,5,1
2002,Brentford,Crewe Alexandra,1,2,3,3,3,-1,0
2002,Brentford,Port Vale,1,1,3,3,2,0,0
2002,Brentford,Swindon Town,3,1,3,3,4,2,1
2002,Brentford,Wycombe Wanderers,1,0,3,3,1,1,1
2002,Bristol City,Chesterfield,4,0,3,3,4,4,1
2002,Bristol City,Huddersfield Town,1,0,3,3,1,1,1
2002,Cardiff City,Barnsley,1,1,3,3,2,0,0
2002,Cardiff City,Colchester United,0,3,3,3,3,-3,0
2002,Cardiff City,Notts County,0,2,3,3,2,-2,0
2002,Cardiff City,Stockport County,2,1,3,3,3,1,1
2002,Cheltenham,Blackpool,3,0,3,3,3,3,1
2002,Cheltenham,Cardiff City,1,1,3,3,2,0,0
2002,Cheltenham,Mansfield Town,3,1,3,3,4,2,1
2002,Cheltenham,Oldham Athletic,1,1,3,3,2,0,0
2002,Cheltenham,Port Vale,0,1,3,3,1,-1,0
2002,Cheltenham,Swindon Town,2,0,3,3,2,2,1
2002,Chesterfield,Cheltenham,2,2,3,3,4,0,0
2002,Chesterfield,Northampton Town,4,0,3,3,4,4,1
2002,Chesterfield,Queens Park Rangers,2,4,3,3,6,-2,0
2002,Chesterfield,Tranmere Rovers,1,0,3,3,1,1,1
2002,Colchester United,Chesterfield,2,0,3,3,2,2,1
2002,Colchester United,Stockport County,1,0,3,3,1,1,1
2002,Colchester United,Wigan Athletic,1,0,3,3,1,1,1
2002,Crewe Alexandra,Colchester United,2,0,3,3,2,2,1
2002,Crewe Alexandra,Mansfield Town,2,0,3,3,2,2,1
2002,Crewe Alexandra,Oldham Athletic,1,2,3,3,3,-1,0
2002,Crewe Alexandra,Swindon Town,0,1,3,3,1,-1,0
2002,Crewe Alexandra,Wycombe Wanderers,4,2,3,3,6,2,1
2002,Huddersfield Town,Brentford,0,2,3,3,2,-2,0
2002,Huddersfield Town,Crewe Alexandra,1,1,3,3,2,0,0
2002,Huddersfield Town,Peterborough United,0,1,3,3,1,-1,0
2002,Huddersfield Town,Queens Park Rangers,0,3,3,3,3,-3,0
2002,Luton Town,Barnsley,2,3,3,3,5,-1,0
2002,Luton Town,Huddersfield Town,3,0,3,3,3,3,1
2002,Luton Town,Notts County,2,2,3,3,4,0,0
2002,Luton Town,Stockport County,1,1,3,3,2,0,0
2002,Luton Town,Wigan Athletic,1,1,3,3,2,0,0
2002,Mansfield Town,Colchester United,4,2,3,3,6,2,1
2002,Mansfield Town,Oldham Athletic,0,1,3,3,1,-1,0
2002,Mansfield Town,Wycombe Wanderers,0,0,3,3,0,0,0
2002,Northampton Town,Brentford,1,2,3,3,3,-1,0
2002,Northampton Town,Mansfield Town,2,0,3,3,2,2,1
2002,Northampton Town,Queens Park Rangers,1,1,3,3,2,0,0
2002,Northampton Town,Tranmere Rovers,0,4,3,3,4,-4,0
2002,Oldham Athletic,Blackpool,1,1,3,3,2,0,0
2002,Oldham Athletic,Colchester United,2,0,3,3,2,2,1
2002,Oldham Athletic,Port Vale,1,1,3,3,2,0,0
2002,Oldham Athletic,Swindon Town,4,0,3,3,4,4,1
2002,Peterborough United,Brentford,5,1,3,3,6,4,1
2002,Peterborough United,Mansfield Town,0,0,3,3,0,0,0
2002,Peterborough United,Oldham Athletic,0,1,3,3,1,-1,0
2002,Plymouth Argyle,Chesterfield,0,1,3,3,1,-1,0
2002,Plymouth Argyle,Northampton Town,0,0,3,3,0,0,0
2002,Plymouth Argyle,Peterborough United,6,1,3,3,7,5,1
2002,Plymouth Argyle,Stockport County,4,1,3,3,5,3,1
2002,Port Vale,Blackpool,1,0,3,3,1,1,1
2002,Port Vale,Colchester United,1,0,3,3,1,1,1
2002,Port Vale,Luton Town,1,2,3,3,3,-1,0
2002,Port Vale,Notts County,3,2,3,3,5,1,1
2002,Port Vale,Plymouth Argyle,1,2,3,3,3,-1,0
2002,Queens Park Rangers,Cheltenham,4,1,3,3,5,3,1
2002,Queens Park Rangers,Mansfield Town,2,2,3,3,4,0,0
2002,Queens Park Rangers,Oldham Athletic,1,2,3,3,3,-1,0
2002,Queens Park Rangers,Port Vale,4,0,3,3,4,4,1
2002,Stockport County,Barnsley,4,1,3,3,5,3,1
2002,Stockport County,Bristol City,1,4,3,3,5,-3,0
2002,Stockport County,Huddersfield Town,2,1,3,3,3,1,1
2002,Stockport County,Northampton Town,4,0,3,3,4,4,1
2002,Stockport County,Queens Park Rangers,1,1,3,3,2,0,0
2002,Swindon Town,Cardiff City,0,1,3,3,1,-1,0
2002,Swindon Town,Colchester United,2,2,3,3,4,0,0
2002,Swindon Town,Luton Town,2,1,3,3,3,1,1
2002,Swindon Town,Notts County,5,0,3,3,5,5,1
2002,Swindon Town,Stockport County,0,1,3,3,1,-1,0
2002,Swindon Town,Wycombe Wanderers,0,3,3,3,3,-3,0
2002,Tranmere Rovers,Brentford,3,1,3,3,4,2,1
2002,Tranmere Rovers,Cheltenham,1,0,3,3,1,1,1
2002,Tranmere Rovers,Crewe Alexandra,2,1,3,3,3,1,1
2002,Tranmere Rovers,Mansfield Town,3,1,3,3,4,2,1
2002,Tranmere Rovers,Oldham Athletic,1,2,3,3,3,-1,0
2002,Wigan Athletic,Barnsley,1,0,3,3,1,1,1
2002,Wigan Athletic,Bristol City,2,0,3,3,2,2,1
2002,Wigan Athletic,Huddersfield Town,1,0,3,3,1,1,1
2002,Wigan Athletic,Northampton Town,1,0,3,3,1,1,1
2002,Wigan Athletic,Peterborough United,2,2,3,3,4,0,0
2002,Wigan Athletic,Queens Park Rangers,1,1,3,3,2,0,0
2002,Wycombe Wanderers,Cardiff City,0,4,3,3,4,-4,0
2002,Wycombe Wanderers,Plymouth Argyle,2,1,3,3,3,1,1
2002,AFC Bournemouth,Darlington,2,0,4,4,2,2,1
2002,AFC Bournemouth,Hull City,0,0,4,4,0,0,0
2002,AFC Bournemouth,Shrewsbury Town,2,1,4,4,3,1,1
2002,AFC Bournemouth,Torquay United,1,1,4,4,2,0,0
2002,Boston United,AFC Bournemouth,2,2,4,4,4,0,0
2002,Boston United,Macclesfield,2,1,4,4,3,1,1
2002,Boston United,Southend United,1,0,4,4,1,1,1
2002,Boston United,Wrexham,3,3,4,4,6,0,0
2002,Bristol Rovers,Hartlepool United,1,0,4,4,1,1,1
2002,Bristol Rovers,Oxford United,0,2,4,4,2,-2,0
2002,Bury,Bristol Rovers,0,1,4,4,1,-1,0
2002,Bury,Darlington,2,2,4,4,4,0,0
2002,Bury,Rochdale,1,1,4,4,2,0,0
2002,Bury,Torquay United,0,1,4,4,1,-1,0
2002,Cambridge United,Exeter City,2,1,4,4,3,1,1
2002,Cambridge United,Kidderminster Harriers,0,2,4,4,2,-2,0
2002,Cambridge United,Wrexham,2,2,4,4,4,0,0
2002,Carlisle United,Boston United,4,2,4,4,6,2,1
2002,Carlisle United,Cambridge United,0,1,4,4,1,-1,0
2002,Carlisle United,Scunthorpe United,1,2,4,4,3,-1,0
2002,Darlington,Bristol Rovers,1,0,4,4,1,1,1
2002,Darlington,Carlisle United,2,0,4,4,2,2,1
2002,Darlington,Hull City,2,0,4,4,2,2,1
2002,Darlington,Rochdale,0,1,4,4,1,-1,0
2002,Darlington,Torquay United,1,1,4,4,2,0,0
2002,Exeter City,AFC Bournemouth,1,3,4,4,4,-2,0
2002,Exeter City,Bury,1,2,4,4,3,-1,0
2002,Exeter City,Macclesfield,1,1,4,4,2,0,0
2002,Exeter City,Rushden & Diamonds,1,1,4,4,2,0,0
2002,Exeter City,Southend United,1,0,4,4,1,1,1
2002,Exeter City,Wrexham,1,0,4,4,1,1,1
2002,Hartlepool United,Cambridge United,3,0,4,4,3,3,1
2002,Hartlepool United,Exeter City,2,1,4,4,3,1,1
2002,Hartlepool United,Leyton Orient,4,1,4,4,5,3,1
2002,Hartlepool United,Oxford United,3,1,4,4,4,2,1
2002,Hartlepool United,Swansea City,4,0,4,4,4,4,1
2002,Hartlepool United,York City,0,0,4,4,0,0,0
2002,Hull City,Rochdale,3,0,4,4,3,3,1
2002,Hull City,Torquay United,1,1,4,4,2,0,0
2002,Kidderminster Harriers,AFC Bournemouth,1,0,4,4,1,1,1
2002,Kidderminster Harriers,Hull City,1,0,4,4,1,1,1
2002,Kidderminster Harriers,Wrexham,0,2,4,4,2,-2,0
2002,Leyton Orient,Cambridge United,1,1,4,4,2,0,0
2002,Leyton Orient,Exeter City,1,1,4,4,2,0,0
2002,Leyton Orient,Oxford United,1,2,4,4,3,-1,0
2002,Leyton Orient,Scunthorpe United,2,0,4,4,2,2,1
2002,Leyton Orient,Swansea City,3,1,4,4,4,2,1
2002,Lincoln City,Leyton Orient,1,1,4,4,2,0,0
2002,Lincoln City,Rochdale,2,0,4,4,2,2,1
2002,Lincoln City,Torquay United,1,1,4,4,2,0,0
2002,Macclesfield,Lincoln City,0,1,4,4,1,-1,0
2002,Macclesfield,Southend United,2,1,4,4,3,1,1
2002,Macclesfield,Wrexham,0,1,4,4,1,-1,0
2002,Oxford United,Kidderminster Harriers,2,1,4,4,3,1,1
2002,Oxford United,Macclesfield,0,1,4,4,1,-1,0
2002,Oxford United,Scunthorpe United,0,1,4,4,1,-1,0
2002,Oxford United,Swansea City,1,0,4,4,1,1,1
2002,Rochdale,Bristol Rovers,1,1,4,4,2,0,0
2002,Rochdale,Carlisle United,0,1,4,4,1,-1,0
2002,Rochdale,Hartlepool United,4,0,4,4,4,4,1
2002,Rochdale,Shrewsbury Town,1,1,4,4,2,0,0
2002,Rochdale,Torquay United,0,2,4,4,2,-2,0
2002,Rushden & Diamonds,Southend United,3,0,4,4,3,3,1
2002,Scunthorpe United,Exeter City,1,1,4,4,2,0,0
2002,Scunthorpe United,Kidderminster Harriers,1,1,4,4,2,0,0
2002,Scunthorpe United,Macclesfield,1,1,4,4,2,0,0
2002,Shrewsbury Town,Bristol Rovers,2,5,4,4,7,-3,0
2002,Shrewsbury Town,Carlisle United,2,3,4,4,5,-1,0
2002,Shrewsbury Town,Hartlepool United,0,1,4,4,1,-1,0
2002,Shrewsbury Town,Torquay United,2,3,4,4,5,-1,0
2002,Southend United,Rochdale,1,0,4,4,1,1,1
2002,Southend United,Shrewsbury Town,2,3,4,4,5,-1,0
2002,Southend United,Wrexham,0,1,4,4,1,-1,0
2002,Swansea City,Cambridge United,2,0,4,4,2,2,1
2002,Swansea City,Kidderminster Harriers,0,4,4,4,4,-4,0
2002,Swansea City,Macclesfield,1,0,4,4,1,1,1
2002,Swansea City,Rushden & Diamonds,2,2,4,4,4,0,0
2002,Swansea City,Southend United,1,0,4,4,1,1,1
2002,Swansea City,York City,1,2,4,4,3,-1,0
2002,Torquay United,Bristol Rovers,2,1,4,4,3,1,1
2002,Torquay United,Carlisle United,2,3,4,4,5,-1,0
2002,Torquay United,Swansea City,0,0,4,4,0,0,0
2002,Wrexham,AFC Bournemouth,3,2,4,4,5,1,1
2002,Wrexham,Bury,2,2,4,4,4,0,0
2002,Wrexham,Hull City,0,0,4,4,0,0,0
2002,Wrexham,Lincoln City,0,2,4,4,2,-2,0
2002,York City,Boston United,2,0,4,4,2,2,1
2002,York City,Cambridge United,3,1,4,4,4,2,1
2002,York City,Kidderminster Harriers,0,0,4,4,0,0,0
2002,York City,Southend United,2,0,4,4,2,2,1
2002,York City,Wrexham,1,1,4,4,2,0,0
2003,Aston Villa,Charlton Athletic,2,1,1,1,3,1,1
2003,Aston Villa,Fulham,3,0,1,1,3,3,1
2003,Aston Villa,Liverpool,0,0,1,1,0,0,0
2003,Aston Villa,Middlesbrough,0,2,1,1,2,-2,0
2003,Birmingham City,Bolton Wanderers,2,0,1,1,2,2,1
2003,Birmingham City,Manchester United,1,2,1,1,3,-1,0
2003,Blackburn Rovers,Chelsea,2,3,1,1,5,-1,0
2003,Blackburn Rovers,Leeds United,1,2,1,1,3,-1,0
2003,Blackburn Rovers,Manchester City,2,3,1,1,5,-1,0
2003,Blackburn Rovers,Newcastle United,1,1,1,1,2,0,0
2003,Bolton Wanderers,Aston Villa,2,2,1,1,4,0,0
2003,Bolton Wanderers,Charlton Athletic,0,0,1,1,0,0,0
2003,Bolton Wanderers,Fulham,0,2,1,1,2,-2,0
2003,Bolton Wanderers,Liverpool,2,2,1,1,4,0,0
2003,Bolton Wanderers,Middlesbrough,2,0,1,1,2,2,1
2003,Bolton Wanderers,Southampton,0,0,1,1,0,0,0
2003,Charlton Athletic,Arsenal,1,1,1,1,2,0,0
2003,Charlton Athletic,Leicester City,2,2,1,1,4,0,0
2003,Charlton Athletic,Manchester United,0,2,1,1,2,-2,0
2003,Charlton Athletic,Portsmouth,1,1,1,1,2,0,0
2003,Chelsea,Charlton Athletic,1,0,1,1,1,1,1
2003,Chelsea,Newcastle United,5,0,1,1,5,5,1
2003,Everton,Aston Villa,2,0,1,1,2,2,1
2003,Everton,Bolton Wanderers,1,2,1,1,3,-1,0
2003,Everton,Liverpool,0,3,1,1,3,-3,0
2003,Fulham,Arsenal,0,1,1,1,1,-1,0
2003,Fulham,Chelsea,0,1,1,1,1,-1,0
2003,Fulham,Portsmouth,2,0,1,1,2,2,1
2003,Leeds United,Birmingham City,0,2,1,1,2,-2,0
2003,Leeds United,Fulham,3,2,1,1,5,1,1
2003,Leeds United,Tottenham Hotspur,0,1,1,1,1,-1,0
2003,Leicester City,Aston Villa,0,5,1,1,5,-5,0
2003,Leicester City,Bolton Wanderers,1,1,1,1,2,0,0
2003,Leicester City,Everton,1,1,1,1,2,0,0
2003,Leicester City,Middlesbrough,0,0,1,1,0,0,0
2003,Liverpool,Arsenal,1,2,1,1,3,-1,0
2003,Liverpool,Leeds United,3,1,1,1,4,2,1
2003,Liverpool,Portsmouth,3,0,1,1,3,3,1
2003,Liverpool,Wolverhampton Wanderers,1,0,1,1,1,1,1
2003,Manchester City,Birmingham City,0,0,1,1,0,0,0
2003,Manchester City,Liverpool,2,2,1,1,4,0,0
2003,Manchester City,Newcastle United,1,0,1,1,1,1,1
2003,Manchester City,Tottenham Hotspur,0,0,1,1,0,0,0
2003,Manchester United,Aston Villa,4,0,1,1,4,4,1
2003,Manchester United,Bolton Wanderers,4,0,1,1,4,4,1
2003,Manchester United,Everton,3,2,1,1,5,1,1
2003,Middlesbrough,Arsenal,0,4,1,1,4,-4,0
2003,Middlesbrough,Blackburn Rovers,0,1,1,1,1,-1,0
2003,Middlesbrough,Leeds United,2,3,1,1,5,-1,0
2003,Middlesbrough,Manchester City,2,1,1,1,3,1,1
2003,Middlesbrough,Wolverhampton Wanderers,2,0,1,1,2,2,1
2003,Newcastle United,Birmingham City,0,1,1,1,1,-1,0
2003,Newcastle United,Charlton Athletic,3,1,1,1,4,2,1
2003,Newcastle United,Fulham,3,1,1,1,4,2,1
2003,Newcastle United,Liverpool,1,1,1,1,2,0,0
2003,Newcastle United,Middlesbrough,2,1,1,1,3,1,1
2003,Newcastle United,Tottenham Hotspur,4,0,1,1,4,4,1
2003,Portsmouth,Aston Villa,2,1,1,1,3,1,1
2003,Portsmouth,Bolton Wanderers,4,0,1,1,4,4,1
2003,Portsmouth,Leicester City,0,2,1,1,2,-2,0
2003,Portsmouth,Manchester United,1,0,1,1,1,1,1
2003,Portsmouth,Southampton,1,0,1,1,1,1,1
2003,Southampton,Arsenal,0,1,1,1,1,-1,0
2003,Southampton,Blackburn Rovers,2,0,1,1,2,2,1
2003,Southampton,Manchester City,0,2,1,1,2,-2,0
2003,Southampton,Wolverhampton Wanderers,2,0,1,1,2,2,1
2003,Tottenham Hotspur,Birmingham City,4,1,1,1,5,3,1
2003,Tottenham Hotspur,Charlton Athletic,0,1,1,1,1,-1,0
2003,Tottenham Hotspur,Southampton,1,3,1,1,4,-2,0
2003,Wolverhampton Wanderers,Aston Villa,0,4,1,1,4,-4,0
2003,Wolverhampton Wanderers,Leicester City,4,3,1,1,7,1,1
2003,Bradford City,Crewe Alexandra,2,1,2,2,3,1,1
2003,Bradford City,Norwich City,2,2,2,2,4,0,0
2003,Bradford City,Stoke City,0,2,2,2,2,-2,0
2003,Bradford City,Wigan Athletic,0,0,2,2,0,0,0
2003,Burnley,Cardiff City,1,1,2,2,2,0,0
2003,Burnley,Crystal Palace,2,3,2,2,5,-1,0
2003,Burnley,Ipswich Town,4,2,2,2,6,2,1
2003,Burnley,Rotherham United,1,1,2,2,2,0,0
2003,Burnley,Sunderland,1,2,2,2,3,-1,0
2003,Burnley,West Bromwich Albion,1,1,2,2,2,0,0
2003,Burnley,Wimbledon,2,0,2,2,2,2,1
2003,Cardiff City,Coventry City,0,1,2,2,1,-1,0
2003,Cardiff City,Derby County,4,1,2,2,5,3,1
2003,Cardiff City,Preston North End,2,2,2,2,4,0,0
2003,Coventry City,Bradford City,0,0,2,2,0,0,0
2003,Coventry City,Crewe Alexandra,2,0,2,2,2,2,1
2003,Coventry City,Gillingham,2,2,2,2,4,0,0
2003,Coventry City,Watford,0,0,2,2,0,0,0
2003,Crewe Alexandra,Burnley,3,1,2,2,4,2,1
2003,Crewe Alexandra,Nottingham Forest,3,1,2,2,4,2,1
2003,Crewe Alexandra,Rotherham United,0,0,2,2,0,0,0
2003,Crewe Alexandra,Sunderland,3,0,2,2,3,3,1
2003,Crewe Alexandra,West Bromwich Albion,1,2,2,2,3,-1,0
2003,Crystal Palace,Derby County,1,1,2,2,2,0,0
2003,Crystal Palace,Preston North End,1,1,2,2,2,0,0
2003,Crystal Palace,Sheffield United,1,2,2,2,3,-1,0
2003,Crystal Palace,Walsall,1,0,2,2,1,1,1
2003,Derby County,Coventry City,1,3,2,2,4,-2,0
2003,Derby County,Norwich City,0,4,2,2,4,-4,0
2003,Derby County,Reading,2,3,2,2,5,-1,0
2003,Derby County,Stoke City,0,3,2,2,3,-3,0
2003,Derby County,Watford,3,2,2,2,5,1,1
2003,Gillingham,Burnley,0,3,2,2,3,-3,0
2003,Gillingham,Ipswich Town,1,2,2,2,3,-1,0
2003,Gillingham,Nottingham Forest,2,1,2,2,3,1,1
2003,Gillingham,West Bromwich Albion,0,2,2,2,2,-2,0
2003,Gillingham,Wimbledon,1,2,2,2,3,-1,0
2003,Ipswich Town,Millwall,1,3,2,2,4,-2,0
2003,Ipswich Town,Preston North End,2,0,2,2,2,2,1
2003,Ipswich Town,West Ham United,1,2,2,2,3,-1,0
2003,Millwall,Bradford City,1,0,2,2,1,1,1
2003,Millwall,Coventry City,2,1,2,2,3,1,1
2003,Millwall,Derby County,0,0,2,2,0,0,0
2003,Millwall,Norwich City,0,0,2,2,0,0,0
2003,Millwall,Stoke City,1,1,2,2,2,0,0
2003,Millwall,Wigan Athletic,2,0,2,2,2,2,1
2003,Norwich City,Burnley,2,0,2,2,2,2,1
2003,Norwich City,Gillingham,3,0,2,2,3,3,1
2003,Norwich City,Rotherham United,2,0,2,2,2,2,1
2003,Norwich City,West Bromwich Albion,0,0,2,2,0,0,0
2003,Norwich City,Wimbledon,3,2,2,2,5,1,1
2003,Nottingham Forest,Preston North End,0,1,2,2,1,-1,0
2003,Preston North End,Coventry City,4,2,2,2,6,2,1
2003,Preston North End,Watford,2,1,2,2,3,1,1
2003,Preston North End,Wigan Athletic,2,4,2,2,6,-2,0
2003,Reading,Burnley,2,2,2,2,4,0,0
2003,Reading,Norwich City,0,1,2,2,1,-1,0
2003,Reading,Rotherham United,0,0,2,2,0,0,0
2003,Reading,Sunderland,0,2,2,2,2,-2,0
2003,Reading,West Bromwich Albion,1,0,2,2,1,1,1
2003,Reading,Wimbledon,0,3,2,2,3,-3,0
2003,Rotherham United,Cardiff City,0,0,2,2,0,0,0
2003,Rotherham United,Nottingham Forest,1,1,2,2,2,0,0
2003,Rotherham United,West Ham United,1,0,2,2,1,1,1
2003,Sheffield United,Derby County,1,1,2,2,2,0,0
2003,Sheffield United,Millwall,2,1,2,2,3,1,1
2003,Sheffield United,Stoke City,0,1,2,2,1,-1,0
2003,Sheffield United,Watford,2,2,2,2,4,0,0
2003,Stoke City,Crewe Alexandra,1,1,2,2,2,0,0
2003,Stoke City,Gillingham,0,0,2,2,0,0,0
2003,Sunderland,Cardiff City,0,0,2,2,0,0,0
2003,Sunderland,Crystal Palace,2,1,2,2,3,1,1
2003,Sunderland,Rotherham United,0,0,2,2,0,0,0
2003,Sunderland,Walsall,1,0,2,2,1,1,1
2003,Sunderland,West Ham United,2,0,2,2,2,2,1
2003,Walsall,Bradford City,1,0,2,2,1,1,1
2003,Walsall,Derby County,0,1,2,2,1,-1,0
2003,Walsall,Millwall,1,1,2,2,2,0,0
2003,Walsall,Preston North End,2,1,2,2,3,1,1
2003,Walsall,Sheffield United,0,1,2,2,1,-1,0
2003,Watford,Burnley,1,1,2,2,2,0,0
2003,Watford,Gillingham,2,2,2,2,4,0,0
2003,Watford,Reading,1,0,2,2,1,1,1
2003,Watford,Stoke City,1,3,2,2,4,-2,0
2003,West Bromwich Albion,Ipswich Town,4,1,2,2,5,3,1
2003,West Bromwich Albion,Nottingham Forest,0,2,2,2,2,-2,0
2003,West Bromwich Albion,Rotherham United,0,1,2,2,1,-1,0
2003,West Ham United,Sheffield United,0,0,2,2,0,0,0
2003,West Ham United,Wigan Athletic,4,0,2,2,4,4,1
2003,Wigan Athletic,Norwich City,1,1,2,2,2,0,0
2003,Wigan Athletic,Wimbledon,0,1,2,2,1,-1,0
2003,Wimbledon,Ipswich Town,1,2,2,2,3,-1,0
2003,AFC Bournemouth,Brighton & Hove Albion,1,0,3,3,1,1,1
2003,AFC Bournemouth,Colchester United,1,1,3,3,2,0,0
2003,AFC Bournemouth,Peterborough United,1,2,3,3,3,-1,0
2003,AFC Bournemouth,Queens Park Rangers,1,0,3,3,1,1,1
2003,Barnsley,Blackpool,3,0,3,3,3,3,1
2003,Barnsley,Bristol City,0,1,3,3,1,-1,0
2003,Barnsley,Notts County,1,1,3,3,2,0,0
2003,Barnsley,Swindon Town,1,1,3,3,2,0,0
2003,Barnsley,Wycombe Wanderers,0,0,3,3,0,0,0
2003,Blackpool,Oldham Athletic,1,1,3,3,2,0,0
2003,Blackpool,Tranmere Rovers,2,1,3,3,3,1,1
2003,Brentford,Brighton & Hove Albion,4,0,3,3,4,4,1
2003,Brentford,Luton Town,4,2,3,3,6,2,1
2003,Brentford,Peterborough United,0,3,3,3,3,-3,0
2003,Brighton & Hove Albion,Barnsley,1,0,3,3,1,1,1
2003,Brighton & Hove Albion,Grimsby Town,3,0,3,3,3,3,1
2003,Brighton & Hove Albion,Plymouth Argyle,2,1,3,3,3,1,1
2003,Brighton & Hove Albion,Rushden & Diamonds,0,0,3,3,0,0,0
2003,Brighton & Hove Albion,Swindon Town,2,2,3,3,4,0,0
2003,Brighton & Hove Albion,Wycombe Wanderers,4,0,3,3,4,4,1
2003,Bristol City,Blackpool,2,1,3,3,3,1,1
2003,Bristol City,Chesterfield,4,0,3,3,4,4,1
2003,Bristol City,Hartlepool United,1,1,3,3,2,0,0
2003,Bristol City,Port Vale,0,1,3,3,1,-1,0
2003,Bristol City,Sheffield Wednesday,1,1,3,3,2,0,0
2003,Chesterfield,AFC Bournemouth,1,1,3,3,2,0,0
2003,Chesterfield,Colchester United,1,2,3,3,3,-1,0
2003,Chesterfield,Luton Town,1,0,3,3,1,1,1
2003,Chesterfield,Peterborough United,2,1,3,3,3,1,1
2003,Chesterfield,Queens Park Rangers,4,2,3,3,6,2,1
2003,Colchester United,Brighton & Hove Albion,1,0,3,3,1,1,1
2003,Colchester United,Notts County,4,1,3,3,5,3,1
2003,Colchester United,Swindon Town,0,1,3,3,1,-1,0
2003,Colchester United,Wycombe Wanderers,1,1,3,3,2,0,0
2003,Grimsby Town,Oldham Athletic,3,3,3,3,6,0,0
2003,Grimsby Town,Port Vale,1,2,3,3,3,-1,0
2003,Grimsby Town,Sheffield Wednesday,2,0,3,3,2,2,1
2003,Hartlepool United,AFC Bournemouth,2,1,3,3,3,1,1
2003,Hartlepool United,Luton Town,4,3,3,3,7,1,1
2003,Hartlepool United,Peterborough United,1,0,3,3,1,1,1
2003,Hartlepool United,Queens Park Rangers,1,4,3,3,5,-3,0
2003,Hartlepool United,Stockport County,2,2,3,3,4,0,0
2003,Luton Town,Barnsley,0,1,3,3,1,-1,0
2003,Luton Town,Colchester United,1,0,3,3,1,1,1
2003,Luton Town,Notts County,2,0,3,3,2,2,1
2003,Luton Town,Swindon Town,0,3,3,3,3,-3,0
2003,Notts County,Blackpool,4,1,3,3,5,3,1
2003,Notts County,Bristol City,1,2,3,3,3,-1,0
2003,Notts County,Grimsby Town,3,1,3,3,4,2,1
2003,Notts County,Oldham Athletic,1,1,3,3,2,0,0
2003,Notts County,Sheffield Wednesday,0,0,3,3,0,0,0
2003,Oldham Athletic,AFC Bournemouth,1,1,3,3,2,0,0
2003,Oldham Athletic,Hartlepool United,0,2,3,3,2,-2,0
2003,Oldham Athletic,Stockport County,2,0,3,3,2,2,1
2003,Oldham Athletic,Wrexham,1,1,3,3,2,0,0
2003,Peterborough United,Barnsley,2,3,3,3,5,-1,0
2003,Peterborough United,Brighton & Hove Albion,2,2,3,3,4,0,0
2003,Peterborough United,Colchester United,1,2,3,3,3,-1,0
2003,Peterborough United,Luton Town,1,2,3,3,3,-1,0
2003,Plymouth Argyle,Bristol City,0,1,3,3,1,-1,0
2003,Plymouth Argyle,Port Vale,2,1,3,3,3,1,1
2003,Port Vale,Brentford,1,0,3,3,1,1,1
2003,Port Vale,Chesterfield,1,1,3,3,2,0,0
2003,Port Vale,Hartlepool United,2,5,3,3,7,-3,0
2003,Port Vale,Oldham Athletic,1,0,3,3,1,1,1
2003,Port Vale,Queens Park Rangers,2,0,3,3,2,2,1
2003,Port Vale,Stockport County,2,2,3,3,4,0,0
2003,Queens Park Rangers,Barnsley,4,0,3,3,4,4,1
2003,Queens Park Rangers,Brighton & Hove Albion,2,1,3,3,3,1,1
2003,Queens Park Rangers,Rushden & Diamonds,1,0,3,3,1,1,1
2003,Queens Park Rangers,Wycombe Wanderers,0,0,3,3,0,0,0
2003,Rushden & Diamonds,Grimsby Town,3,1,3,3,4,2,1
2003,Rushden & Diamonds,Plymouth Argyle,2,1,3,3,3,1,1
2003,Sheffield Wednesday,AFC Bournemouth,0,2,3,3,2,-2,0
2003,Sheffield Wednesday,Brentford,1,1,3,3,2,0,0
2003,Sheffield Wednesday,Chesterfield,0,0,3,3,0,0,0
2003,Sheffield Wednesday,Hartlepool United,1,0,3,3,1,1,1
2003,Sheffield Wednesday,Stockport County,2,2,3,3,4,0,0
2003,Sheffield Wednesday,Wrexham,2,3,3,3,5,-1,0
2003,Stockport County,Barnsley,2,3,3,3,5,-1,0
2003,Stockport County,Brighton & Hove Albion,1,1,3,3,2,0,0
2003,Stockport County,Queens Park Rangers,1,2,3,3,3,-1,0
2003,Stockport County,Swindon Town,2,4,3,3,6,-2,0
2003,Swindon Town,Blackpool,2,2,3,3,4,0,0
2003,Swindon Town,Plymouth Argyle,2,3,3,3,5,-1,0
2003,Swindon Town,Rushden & Diamonds,4,2,3,3,6,2,1
2003,Tranmere Rovers,Brentford,4,1,3,3,5,3,1
2003,Tranmere Rovers,Chesterfield,2,3,3,3,5,-1,0
2003,Tranmere Rovers,Port Vale,1,0,3,3,1,1,1
2003,Tranmere Rovers,Sheffield Wednesday,2,2,3,3,4,0,0
2003,Wrexham,Barnsley,1,0,3,3,1,1,1
2003,Wrexham,Colchester United,0,1,3,3,1,-1,0
2003,Wrexham,Luton Town,2,1,3,3,3,1,1
2003,Wrexham,Queens Park Rangers,0,2,3,3,2,-2,0
2003,Wrexham,Wycombe Wanderers,0,0,3,3,0,0,0
2003,Wycombe Wanderers,Blackpool,0,3,3,3,3,-3,0
2003,Wycombe Wanderers,Bristol City,3,0,3,3,3,3,1
2003,Wycombe Wanderers,Grimsby Town,4,1,3,3,5,3,1
2003,Wycombe Wanderers,Notts County,1,1,3,3,2,0,0
2003,Wycombe Wanderers,Plymouth Argyle,0,0,3,3,0,0,0
2003,Wycombe Wanderers,Rushden & Diamonds,0,2,3,3,2,-2,0
2003,Wycombe Wanderers,Swindon Town,0,3,3,3,3,-3,0
2003,Boston United,Doncaster Rovers,0,0,4,4,0,0,0
2003,Boston United,Macclesfield,3,1,4,4,4,2,1
2003,Boston United,Oxford United,1,1,4,4,2,0,0
2003,Boston United,Southend United,0,2,4,4,2,-2,0
2003,Bristol Rovers,Bury,1,2,4,4,3,-1,0
2003,Bristol Rovers,Mansfield Town,1,3,4,4,4,-2,0
2003,Bristol Rovers,Rochdale,0,0,4,4,0,0,0
2003,Bristol Rovers,York City,3,0,4,4,3,3,1
2003,Bury,Hull City,0,0,4,4,0,0,0
2003,Bury,Torquay United,2,1,4,4,3,1,1
2003,Cambridge United,Boston United,0,1,4,4,1,-1,0
2003,Cambridge United,Carlisle United,2,2,4,4,4,0,0
2003,Cambridge United,Kidderminster Harriers,0,0,4,4,0,0,0
2003,Cambridge United,Macclesfield,3,1,4,4,4,2,1
2003,Cambridge United,Oxford United,1,1,4,4,2,0,0
2003,Cambridge United,Southend United,0,1,4,4,1,-1,0
2003,Cambridge United,Yeovil,1,4,4,4,5,-3,0
2003,Carlisle United,Huddersfield Town,1,0,4,4,1,1,1
2003,Carlisle United,York City,1,2,4,4,3,-1,0
2003,Cheltenham,Bury,1,2,4,4,3,-1,0
2003,Cheltenham,Hull City,0,2,4,4,2,-2,0
2003,Cheltenham,Northampton Town,4,3,4,4,7,1,1
2003,Darlington,Boston United,3,0,4,4,3,3,1
2003,Darlington,Doncaster Rovers,2,1,4,4,3,1,1
2003,Darlington,Oxford United,2,0,4,4,2,2,1
2003,Darlington,Southend United,0,0,4,4,0,0,0
2003,Darlington,Yeovil,3,2,4,4,5,1,1
2003,Doncaster Rovers,Mansfield Town,4,2,4,4,6,2,1
2003,Huddersfield Town,Torquay United,1,0,4,4,1,1,1
2003,Hull City,Boston United,2,1,4,4,3,1,1
2003,Hull City,Cambridge United,2,0,4,4,2,2,1
2003,Hull City,Kidderminster Harriers,6,1,4,4,7,5,1
2003,Hull City,Macclesfield,2,2,4,4,4,0,0
2003,Hull City,Oxford United,4,2,4,4,6,2,1
2003,Hull City,Southend United,3,2,4,4,5,1,1
2003,Kidderminster Harriers,Bristol Rovers,1,0,4,4,1,1,1
2003,Kidderminster Harriers,Leyton Orient,2,1,4,4,3,1,1
2003,Kidderminster Harriers,Swansea City,2,0,4,4,2,2,1
2003,Kidderminster Harriers,York City,4,1,4,4,5,3,1
2003,Leyton Orient,Huddersfield Town,1,1,4,4,2,0,0
2003,Lincoln City,Hull City,2,0,4,4,2,2,1
2003,Lincoln City,Oxford United,0,1,4,4,1,-1,0
2003,Lincoln City,Yeovil,2,3,4,4,5,-1,0
2003,Macclesfield,Doncaster Rovers,1,3,4,4,4,-2,0
2003,Macclesfield,Rochdale,2,1,4,4,3,1,1
2003,Macclesfield,Swansea City,2,1,4,4,3,1,1
2003,Mansfield Town,Bury,5,3,4,4,8,2,1
2003,Mansfield Town,Cheltenham,4,0,4,4,4,4,1
2003,Mansfield Town,Leyton Orient,1,1,4,4,2,0,0
2003,Mansfield Town,Torquay United,2,1,4,4,3,1,1
2003,Northampton Town,Boston United,2,0,4,4,2,2,1
2003,Northampton Town,Hull City,1,5,4,4,6,-4,0
2003,Northampton Town,Lincoln City,1,1,4,4,2,0,0
2003,Northampton Town,Oxford United,2,1,4,4,3,1,1
2003,Northampton Town,Yeovil,2,0,4,4,2,2,1
2003,Oxford United,Bristol Rovers,0,0,4,4,0,0,0
2003,Oxford United,Macclesfield,3,1,4,4,4,2,1
2003,Oxford United,Rochdale,2,0,4,4,2,2,1
2003,Rochdale,Cheltenham,0,0,4,4,0,0,0
2003,Rochdale,Huddersfield Town,1,1,4,4,2,0,0
2003,Rochdale,Scunthorpe United,2,0,4,4,2,2,1
2003,Rochdale,Torquay United,1,0,4,4,1,1,1
2003,Scunthorpe United,Cambridge United,4,0,4,4,4,4,1
2003,Scunthorpe United,Darlington,0,1,4,4,1,-1,0
2003,Scunthorpe United,Lincoln City,1,3,4,4,4,-2,0
2003,Scunthorpe United,Yeovil,3,0,4,4,3,3,1
2003,Southend United,Bristol Rovers,0,1,4,4,1,-1,0
2003,Southend United,Doncaster Rovers,0,2,4,4,2,-2,0
2003,Southend United,York City,0,0,4,4,0,0,0
2003,Swansea City,Bury,4,2,4,4,6,2,1
2003,Swansea City,Huddersfield Town,2,0,4,4,2,2,1
2003,Swansea City,Leyton Orient,2,1,4,4,3,1,1
2003,Swansea City,Rochdale,1,1,4,4,2,0,0
2003,Swansea City,Torquay United,1,2,4,4,3,-1,0
2003,Torquay United,Cambridge United,3,0,4,4,3,3,1
2003,Torquay United,Darlington,2,2,4,4,4,0,0
2003,Torquay United,Lincoln City,1,0,4,4,1,1,1
2003,Yeovil,Macclesfield,2,2,4,4,4,0,0
2003,Yeovil,Southend United,4,0,4,4,4,4,1
2003,York City,Huddersfield Town,0,2,4,4,2,-2,0
2003,York City,Rochdale,1,2,4,4,3,-1,0
2003,York City,Swansea City,0,0,4,4,0,0,0
2004,Arsenal,Aston Villa,3,1,1,1,4,2,1
2004,Arsenal,Crystal Palace,5,1,1,1,6,4,1
2004,Arsenal,Portsmouth,3,0,1,1,3,3,1
2004,Arsenal,West Bromwich Albion,1,1,1,1,2,0,0
2004,Aston Villa,Manchester United,0,1,1,1,1,-1,0
2004,Aston Villa,Norwich City,3,0,1,1,3,3,1
2004,Aston Villa,Tottenham Hotspur,1,0,1,1,1,1,1
2004,Birmingham City,Aston Villa,2,0,1,1,2,2,1
2004,Birmingham City,Everton,0,1,1,1,1,-1,0
2004,Birmingham City,Manchester City,1,0,1,1,1,1,1
2004,Birmingham City,Newcastle United,2,2,1,1,4,0,0
2004,Blackburn Rovers,Arsenal,0,1,1,1,1,-1,0
2004,Blackburn Rovers,Crystal Palace,1,0,1,1,1,1,1
2004,Blackburn Rovers,Middlesbrough,0,4,1,1,4,-4,0
2004,Blackburn Rovers,Portsmouth,1,0,1,1,1,1,1
2004,Bolton Wanderers,Manchester United,2,2,1,1,4,0,0
2004,Charlton Athletic,Aston Villa,3,0,1,1,3,3,1
2004,Charlton Athletic,Manchester City,2,2,1,1,4,0,0
2004,Charlton Athletic,Newcastle United,1,1,1,1,2,0,0
2004,Charlton Athletic,Southampton,0,0,1,1,0,0,0
2004,Chelsea,Crystal Palace,4,1,1,1,5,3,1
2004,Chelsea,Liverpool,1,0,1,1,1,1,1
2004,Chelsea,Middlesbrough,2,0,1,1,2,2,1
2004,Chelsea,Portsmouth,3,0,1,1,3,3,1
2004,Chelsea,West Bromwich Albion,1,0,1,1,1,1,1
2004,Crystal Palace,Charlton Athletic,0,1,1,1,1,-1,0
2004,Crystal Palace,Norwich City,3,3,1,1,6,0,0
2004,Everton,Bolton Wanderers,3,2,1,1,5,1,1
2004,Fulham,Arsenal,0,3,1,1,3,-3,0
2004,Fulham,Blackburn Rovers,0,2,1,1,2,-2,0
2004,Fulham,Chelsea,1,4,1,1,5,-3,0
2004,Fulham,Liverpool,2,4,1,1,6,-2,0
2004,Fulham,Middlesbrough,0,2,1,1,2,-2,0
2004,Fulham,Portsmouth,3,1,1,1,4,2,1
2004,Liverpool,Birmingham City,0,1,1,1,1,-1,0
2004,Liverpool,Norwich City,3,0,1,1,3,3,1
2004,Manchester City,Aston Villa,2,0,1,1,2,2,1
2004,Manchester City,Crystal Palace,3,1,1,1,4,2,1
2004,Manchester City,Liverpool,1,0,1,1,1,1,1
2004,Manchester City,Newcastle United,1,1,1,1,2,0,0
2004,Manchester United,Chelsea,1,3,1,1,4,-2,0
2004,Middlesbrough,Charlton Athletic,2,2,1,1,4,0,0
2004,Middlesbrough,Manchester City,3,2,1,1,5,1,1
2004,Middlesbrough,Norwich City,2,0,1,1,2,2,1
2004,Newcastle United,Crystal Palace,0,0,1,1,0,0,0
2004,Newcastle United,Middlesbrough,0,0,1,1,0,0,0
2004,Newcastle United,Southampton,2,1,1,1,3,1,1
2004,Norwich City,Arsenal,1,4,1,1,5,-3,0
2004,Norwich City,Fulham,0,1,1,1,1,-1,0
2004,Norwich City,West Bromwich Albion,3,2,1,1,5,1,1
2004,Portsmouth,Charlton Athletic,4,2,1,1,6,2,1
2004,Portsmouth,Manchester City,1,3,1,1,4,-2,0
2004,Portsmouth,Newcastle United,1,1,1,1,2,0,0
2004,Portsmouth,Tottenham Hotspur,1,0,1,1,1,1,1
2004,Southampton,Aston Villa,2,3,1,1,5,-1,0
2004,Southampton,Bolton Wanderers,1,2,1,1,3,-1,0
2004,Southampton,Crystal Palace,2,2,1,1,4,0,0
2004,Southampton,Liverpool,2,0,1,1,2,2,1
2004,Southampton,Middlesbrough,2,2,1,1,4,0,0
2004,Southampton,Portsmouth,2,1,1,1,3,1,1
2004,Tottenham Hotspur,Arsenal,4,5,1,1,9,-1,0
2004,Tottenham Hotspur,Blackburn Rovers,0,0,1,1,0,0,0
2004,Tottenham Hotspur,Chelsea,0,2,1,1,2,-2,0
2004,Tottenham Hotspur,West Bromwich Albion,1,1,1,1,2,0,0
2004,West Bromwich Albion,Birmingham City,2,0,1,1,2,2,1
2004,West Bromwich Albion,Charlton Athletic,0,1,1,1,1,-1,0
2004,West Bromwich Albion,Southampton,0,0,1,1,0,0,0
2004,Brighton & Hove Albion,Cardiff City,1,1,2,2,2,0,0
2004,Brighton & Hove Albion,Leeds United,1,0,2,2,1,1,1
2004,Brighton & Hove Albion,Queens Park Rangers,2,3,2,2,5,-1,0
2004,Brighton & Hove Albion,Watford,2,1,2,2,3,1,1
2004,Brighton & Hove Albion,Wolverhampton Wanderers,0,1,2,2,1,-1,0
2004,Burnley,Leicester City,0,0,2,2,0,0,0
2004,Burnley,Plymouth Argyle,2,0,2,2,2,2,1
2004,Cardiff City,Brighton & Hove Albion,2,0,2,2,2,2,1
2004,Cardiff City,Sunderland,0,2,2,2,2,-2,0
2004,Coventry City,Burnley,0,2,2,2,2,-2,0
2004,Coventry City,Derby County,6,2,2,2,8,4,1
2004,Coventry City,Queens Park Rangers,1,2,2,2,3,-1,0
2004,Coventry City,Sheffield United,1,2,2,2,3,-1,0
2004,Coventry City,Wolverhampton Wanderers,2,2,2,2,4,0,0
2004,Crewe Alexandra,Leicester City,2,2,2,2,4,0,0
2004,Crewe Alexandra,Plymouth Argyle,3,0,2,2,3,3,1
2004,Crewe Alexandra,Stoke City,0,2,2,2,2,-2,0
2004,Derby County,Coventry City,2,2,2,2,4,0,0
2004,Derby County,Preston North End,3,1,2,2,4,2,1
2004,Derby County,Sunderland,0,2,2,2,2,-2,0
2004,Gillingham,Burnley,1,0,2,2,1,1,1
2004,Gillingham,Crewe Alexandra,1,1,2,2,2,0,0
2004,Gillingham,Sheffield United,1,3,2,2,4,-2,0
2004,Ipswich Town,Leicester City,2,1,2,2,3,1,1
2004,Ipswich Town,West Ham United,0,2,2,2,2,-2,0
2004,Leeds United,Coventry City,3,0,2,2,3,3,1
2004,Leeds United,Gillingham,1,1,2,2,2,0,0
2004,Leeds United,Millwall,1,1,2,2,2,0,0
2004,Leeds United,Rotherham United,0,0,2,2,0,0,0
2004,Leeds United,Sunderland,0,1,2,2,1,-1,0
2004,Leicester City,Ipswich Town,2,2,2,2,4,0,0
2004,Leicester City,Sheffield United,3,2,2,2,5,1,1
2004,Leicester City,Wolverhampton Wanderers,1,1,2,2,2,0,0
2004,Millwall,Leeds United,1,1,2,2,2,0,0
2004,Millwall,Reading,1,0,2,2,1,1,1
2004,Nottingham Forest,Leicester City,1,1,2,2,2,0,0
2004,Nottingham Forest,Wigan Athletic,1,1,2,2,2,0,0
2004,Plymouth Argyle,Burnley,1,0,2,2,1,1,1
2004,Plymouth Argyle,Ipswich Town,1,2,2,2,3,-1,0
2004,Plymouth Argyle,Millwall,0,0,2,2,0,0,0
2004,Plymouth Argyle,Queens Park Rangers,2,1,2,2,3,1,1
2004,Plymouth Argyle,Sheffield United,3,0,2,2,3,3,1
2004,Preston North End,Derby County,3,0,2,2,3,3,1
2004,Preston North End,Nottingham Forest,3,2,2,2,5,1,1
2004,Preston North End,Stoke City,3,0,2,2,3,3,1
2004,Queens Park Rangers,Coventry City,4,1,2,2,5,3,1
2004,Reading,Crewe Alexandra,4,0,2,2,4,4,1
2004,Reading,Millwall,2,1,2,2,3,1,1
2004,Reading,Watford,3,0,2,2,3,3,1
2004,Rotherham United,Cardiff City,2,2,2,2,4,0,0
2004,Rotherham United,Leeds United,1,0,2,2,1,1,1
2004,Rotherham United,Queens Park Rangers,0,1,2,2,1,-1,0
2004,Rotherham United,Stoke City,1,1,2,2,2,0,0
2004,Sheffield United,Gillingham,0,0,2,2,0,0,0
2004,Sheffield United,Leicester City,2,0,2,2,2,2,1
2004,Sheffield United,Reading,0,1,2,2,1,-1,0
2004,Sheffield United,Sunderland,1,0,2,2,1,1,1
2004,Sheffield United,Wigan Athletic,0,2,2,2,2,-2,0
2004,Stoke City,Crewe Alexandra,1,0,2,2,1,1,1
2004,Stoke City,Preston North End,0,0,2,2,0,0,0
2004,Stoke City,Rotherham United,1,2,2,2,3,-1,0
2004,Stoke City,Watford,0,1,2,2,1,-1,0
2004,Stoke City,Wolverhampton Wanderers,2,1,2,2,3,1,1
2004,Sunderland,Cardiff City,2,1,2,2,3,1,1
2004,Sunderland,Derby County,0,0,2,2,0,0,0
2004,Sunderland,Nottingham Forest,2,0,2,2,2,2,1
2004,Sunderland,Queens Park Rangers,2,2,2,2,4,0,0
2004,Sunderland,Sheffield United,1,0,2,2,1,1,1
2004,Watford,Brighton & Hove Albion,1,1,2,2,2,0,0
2004,Watford,Gillingham,2,0,2,2,2,2,1
2004,Watford,Leicester City,2,2,2,2,4,0,0
2004,Watford,Plymouth Argyle,3,1,2,2,4,2,1
2004,Watford,Reading,0,1,2,2,1,-1,0
2004,Watford,Wigan Athletic,0,0,2,2,0,0,0
2004,West Ham United,Ipswich Town,1,1,2,2,2,0,0
2004,West Ham United,Millwall,1,1,2,2,2,0,0
2004,West Ham United,Sunderland,1,2,2,2,3,-1,0
2004,Wigan Athletic,Cardiff City,2,1,2,2,3,1,1
2004,Wigan Athletic,Queens Park Rangers,0,0,2,2,0,0,0
2004,Wigan Athletic,Sheffield United,4,0,2,2,4,4,1
2004,Wolverhampton Wanderers,Brighton & Hove Albion,1,1,2,2,2,0,0
2004,Wolverhampton Wanderers,Coventry City,0,1,2,2,1,-1,0
2004,Wolverhampton Wanderers,Leicester City,1,1,2,2,2,0,0
2004,Wolverhampton Wanderers,Plymouth Argyle,1,1,2,2,2,0,0
2004,Wolverhampton Wanderers,Reading,4,1,2,2,5,3,1
2004,Wolverhampton Wanderers,Stoke City,1,1,2,2,2,0,0
2004,AFC Bournemouth,Bristol City,2,2,3,3,4,0,0
2004,AFC Bournemouth,Doncaster Rovers,5,0,3,3,5,5,1
2004,AFC Bournemouth,Oldham Athletic,4,0,3,3,4,4,1
2004,Barnsley,Bradford City,2,2,3,3,4,0,0
2004,Barnsley,Hartlepool United,0,0,3,3,0,0,0
2004,Barnsley,Peterborough United,4,0,3,3,4,4,1
2004,Barnsley,Stockport County,3,3,3,3,6,0,0
2004,Barnsley,Tranmere Rovers,0,0,3,3,0,0,0
2004,Blackpool,Brentford,2,1,3,3,3,1,1
2004,Blackpool,Huddersfield Town,1,1,3,3,2,0,0
2004,Blackpool,Milton Keynes Dons,1,0,3,3,1,1,1
2004,Blackpool,Walsall,2,0,3,3,2,2,1
2004,Bradford City,Barnsley,1,0,3,3,1,1,1
2004,Bradford City,Oldham Athletic,1,3,3,3,4,-2,0
2004,Bradford City,Torquay United,2,2,3,3,4,0,0
2004,Brentford,Chesterfield,2,2,3,3,4,0,0
2004,Brentford,Hartlepool United,2,1,3,3,3,1,1
2004,Brentford,Stockport County,3,0,3,3,3,3,1
2004,Brentford,Tranmere Rovers,1,0,3,3,1,1,1
2004,Bristol City,Huddersfield Town,3,3,3,3,6,0,0
2004,Bristol City,Port Vale,2,0,3,3,2,2,1
2004,Bristol City,Walsall,0,1,3,3,1,-1,0
2004,Chesterfield,Brentford,3,1,3,3,4,2,1
2004,Chesterfield,Doncaster Rovers,0,0,3,3,0,0,0
2004,Chesterfield,Hull City,1,1,3,3,2,0,0
2004,Chesterfield,Wrexham,2,4,3,3,6,-2,0
2004,Colchester United,Blackpool,0,1,3,3,1,-1,0
2004,Colchester United,Luton Town,0,0,3,3,0,0,0
2004,Colchester United,Peterborough United,2,1,3,3,3,1,1
2004,Doncaster Rovers,AFC Bournemouth,1,1,3,3,2,0,0
2004,Doncaster Rovers,Bradford City,1,1,3,3,2,0,0
2004,Doncaster Rovers,Chesterfield,0,1,3,3,1,-1,0
2004,Doncaster Rovers,Milton Keynes Dons,3,0,3,3,3,3,1
2004,Doncaster Rovers,Swindon Town,1,1,3,3,2,0,0
2004,Hartlepool United,Hull City,2,0,3,3,2,2,1
2004,Hartlepool United,Oldham Athletic,2,1,3,3,3,1,1
2004,Huddersfield Town,Blackpool,1,0,3,3,1,1,1
2004,Huddersfield Town,Doncaster Rovers,3,1,3,3,4,2,1
2004,Huddersfield Town,Peterborough United,2,1,3,3,3,1,1
2004,Hull City,Bradford City,0,1,3,3,1,-1,0
2004,Hull City,Hartlepool United,1,0,3,3,1,1,1
2004,Hull City,Port Vale,2,2,3,3,4,0,0
2004,Hull City,Swindon Town,0,0,3,3,0,0,0
2004,Luton Town,Barnsley,1,3,3,3,4,-2,0
2004,Luton Town,Colchester United,2,2,3,3,4,0,0
2004,Luton Town,Oldham Athletic,2,1,3,3,3,1,1
2004,Luton Town,Sheffield Wednesday,1,1,3,3,2,0,0
2004,Milton Keynes Dons,Blackpool,3,1,3,3,4,2,1
2004,Milton Keynes Dons,Peterborough United,1,1,3,3,2,0,0
2004,Oldham Athletic,Chesterfield,4,1,3,3,5,3,1
2004,Oldham Athletic,Luton Town,2,2,3,3,4,0,0
2004,Oldham Athletic,Port Vale,3,0,3,3,3,3,1
2004,Peterborough United,Brentford,3,0,3,3,3,3,1
2004,Peterborough United,Colchester United,0,3,3,3,3,-3,0
2004,Peterborough United,Milton Keynes Dons,0,3,3,3,3,-3,0
2004,Peterborough United,Torquay United,1,1,3,3,2,0,0
2004,Port Vale,Blackpool,0,3,3,3,3,-3,0
2004,Port Vale,Stockport County,0,0,3,3,0,0,0
2004,Sheffield Wednesday,AFC Bournemouth,0,1,3,3,1,-1,0
2004,Sheffield Wednesday,Bradford City,1,2,3,3,3,-1,0
2004,Sheffield Wednesday,Hartlepool United,2,0,3,3,2,2,1
2004,Sheffield Wednesday,Luton Town,0,0,3,3,0,0,0
2004,Stockport County,Barnsley,2,2,3,3,4,0,0
2004,Stockport County,Brentford,1,2,3,3,3,-1,0
2004,Stockport County,Milton Keynes Dons,3,1,3,3,4,2,1
2004,Stockport County,Port Vale,1,2,3,3,3,-1,0
2004,Stockport County,Wrexham,1,4,3,3,5,-3,0
2004,Swindon Town,Bristol City,0,0,3,3,0,0,0
2004,Swindon Town,Hull City,4,2,3,3,6,2,1
2004,Swindon Town,Oldham Athletic,1,0,3,3,1,1,1
2004,Swindon Town,Sheffield Wednesday,3,2,3,3,5,1,1
2004,Torquay United,Chesterfield,2,2,3,3,4,0,0
2004,Torquay United,Luton Town,1,4,3,3,5,-3,0
2004,Torquay United,Peterborough United,2,1,3,3,3,1,1
2004,Tranmere Rovers,Colchester United,1,1,3,3,2,0,0
2004,Tranmere Rovers,Milton Keynes Dons,2,0,3,3,2,2,1
2004,Tranmere Rovers,Port Vale,1,0,3,3,1,1,1
2004,Tranmere Rovers,Swindon Town,2,1,3,3,3,1,1
2004,Tranmere Rovers,Wrexham,1,1,3,3,2,0,0
2004,Walsall,Bristol City,1,2,3,3,3,-1,0
2004,Walsall,Doncaster Rovers,1,1,3,3,2,0,0
2004,Walsall,Hull City,3,0,3,3,3,3,1
2004,Walsall,Torquay United,1,1,3,3,2,0,0
2004,Wrexham,AFC Bournemouth,1,2,3,3,3,-1,0
2004,Wrexham,Bradford City,1,0,3,3,1,1,1
2004,Wrexham,Chesterfield,3,1,3,3,4,2,1
2004,Wrexham,Hartlepool United,1,5,3,3,6,-4,0
2004,Wrexham,Luton Town,1,2,3,3,3,-1,0
2004,Wrexham,Peterborough United,1,1,3,3,2,0,0
2004,Boston United,Bury,2,2,4,4,4,0,0
2004,Boston United,Kidderminster Harriers,3,0,4,4,3,3,1
2004,Boston United,Macclesfield,1,1,4,4,2,0,0
2004,Bristol Rovers,Mansfield Town,4,4,4,4,8,0,0
2004,Bury,Grimsby Town,3,1,4,4,4,2,1
2004,Bury,Lincoln City,0,1,4,4,1,-1,0
2004,Bury,Northampton Town,2,0,4,4,2,2,1
2004,Cambridge United,Bristol Rovers,1,0,4,4,1,1,1
2004,Cambridge United,Kidderminster Harriers,1,3,4,4,4,-2,0
2004,Cambridge United,Macclesfield,0,1,4,4,1,-1,0
2004,Cheltenham,Bury,1,0,4,4,1,1,1
2004,Cheltenham,Leyton Orient,1,2,4,4,3,-1,0
2004,Cheltenham,Mansfield Town,2,0,4,4,2,2,1
2004,Cheltenham,Oxford United,0,1,4,4,1,-1,0
2004,Chester,Cambridge United,0,0,4,4,0,0,0
2004,Chester,Grimsby Town,2,1,4,4,3,1,1
2004,Chester,Lincoln City,0,1,4,4,1,-1,0
2004,Chester,Northampton Town,0,2,4,4,2,-2,0
2004,Chester,Shrewsbury Town,1,1,4,4,2,0,0
2004,Darlington,Rushden & Diamonds,2,0,4,4,2,2,1
2004,Grimsby Town,Bury,5,1,4,4,6,4,1
2004,Grimsby Town,Chester,1,0,4,4,1,1,1
2004,Grimsby Town,Swansea City,1,1,4,4,2,0,0
2004,Kidderminster Harriers,Cambridge United,1,1,4,4,2,0,0
2004,Kidderminster Harriers,Darlington,1,0,4,4,1,1,1
2004,Kidderminster Harriers,Lincoln City,2,1,4,4,3,1,1
2004,Kidderminster Harriers,Northampton Town,0,2,4,4,2,-2,0
2004,Leyton Orient,Cheltenham,2,3,4,4,5,-1,0
2004,Leyton Orient,Grimsby Town,1,2,4,4,3,-1,0
2004,Lincoln City,Bury,1,0,4,4,1,1,1
2004,Lincoln City,Chester,1,1,4,4,2,0,0
2004,Lincoln City,Kidderminster Harriers,3,0,4,4,3,3,1
2004,Lincoln City,Oxford United,3,0,4,4,3,3,1
2004,Macclesfield,Cambridge United,1,1,4,4,2,0,0
2004,Macclesfield,Leyton Orient,3,1,4,4,4,2,1
2004,Macclesfield,Rochdale,3,0,4,4,3,3,1
2004,Mansfield Town,Cheltenham,1,2,4,4,3,-1,0
2004,Mansfield Town,Grimsby Town,2,0,4,4,2,2,1
2004,Mansfield Town,Lincoln City,2,2,4,4,4,0,0
2004,Mansfield Town,Rushden & Diamonds,0,0,4,4,0,0,0
2004,Mansfield Town,Yeovil,4,1,4,4,5,3,1
2004,Northampton Town,Bury,2,0,4,4,2,2,1
2004,Northampton Town,Chester,1,1,4,4,2,0,0
2004,Northampton Town,Swansea City,2,2,4,4,4,0,0
2004,Notts County,Cambridge United,2,1,4,4,3,1,1
2004,Notts County,Leyton Orient,1,2,4,4,3,-1,0
2004,Notts County,Mansfield Town,0,1,4,4,1,-1,0
2004,Notts County,Rochdale,0,0,4,4,0,0,0
2004,Notts County,Wycombe Wanderers,0,1,4,4,1,-1,0
2004,Oxford United,Bristol Rovers,3,2,4,4,5,1,1
2004,Oxford United,Cheltenham,1,0,4,4,1,1,1
2004,Oxford United,Grimsby Town,1,2,4,4,3,-1,0
2004,Oxford United,Lincoln City,0,1,4,4,1,-1,0
2004,Oxford United,Northampton Town,1,2,4,4,3,-1,0
2004,Oxford United,Rushden & Diamonds,0,0,4,4,0,0,0
2004,Oxford United,Yeovil,2,1,4,4,3,1,1
2004,Rochdale,Chester,2,2,4,4,4,0,0
2004,Rochdale,Notts County,0,3,4,4,3,-3,0
2004,Rochdale,Scunthorpe United,0,0,4,4,0,0,0
2004,Rochdale,Swansea City,0,2,4,4,2,-2,0
2004,Rushden & Diamonds,Boston United,4,2,4,4,6,2,1
2004,Rushden & Diamonds,Cambridge United,0,1,4,4,1,-1,0
2004,Rushden & Diamonds,Darlington,1,2,4,4,3,-1,0
2004,Rushden & Diamonds,Oxford United,3,3,4,4,6,0,0
2004,Rushden & Diamonds,Wycombe Wanderers,1,2,4,4,3,-1,0
2004,Scunthorpe United,Bristol Rovers,4,0,4,4,4,4,1
2004,Scunthorpe United,Lincoln City,3,2,4,4,5,1,1
2004,Scunthorpe United,Northampton Town,2,0,4,4,2,2,1
2004,Scunthorpe United,Rochdale,3,1,4,4,4,2,1
2004,Scunthorpe United,Yeovil,1,0,4,4,1,1,1
2004,Shrewsbury Town,Chester,5,0,4,4,5,5,1
2004,Shrewsbury Town,Kidderminster Harriers,4,2,4,4,6,2,1
2004,Shrewsbury Town,Macclesfield,0,1,4,4,1,-1,0
2004,Southend United,Mansfield Town,0,1,4,4,1,-1,0
2004,Southend United,Oxford United,4,0,4,4,4,4,1
2004,Swansea City,Cheltenham,1,1,4,4,2,0,0
2004,Swansea City,Grimsby Town,0,0,4,4,0,0,0
2004,Swansea City,Northampton Town,0,2,4,4,2,-2,0
2004,Swansea City,Rochdale,2,2,4,4,4,0,0
2004,Swansea City,Shrewsbury Town,1,0,4,4,1,1,1
2004,Swansea City,Yeovil,0,2,4,4,2,-2,0
2004,Wycombe Wanderers,Macclesfield,1,1,4,4,2,0,0
2004,Wycombe Wanderers,Rushden & Diamonds,1,1,4,4,2,0,0
2004,Yeovil,Cambridge United,2,1,4,4,3,1,1
2004,Yeovil,Darlington,1,1,4,4,2,0,0
2004,Yeovil,Oxford United,6,1,4,4,7,5,1
2004,Yeovil,Swansea City,1,0,4,4,1,1,1
2005,Arsenal,Charlton Athletic,3,0,1,1,3,3,1
2005,Arsenal,Fulham,4,1,1,1,5,3,1
2005,Arsenal,Manchester United,0,0,1,1,0,0,0
2005,Aston Villa,Everton,4,0,1,1,4,4,1
2005,Aston Villa,Manchester City,0,1,1,1,1,-1,0
2005,Aston Villa,Newcastle United,1,2,1,1,3,-1,0
2005,Aston Villa,Wigan Athletic,0,2,1,1,2,-2,0
2005,Birmingham City,Blackburn Rovers,2,1,1,1,3,1,1
2005,Birmingham City,Liverpool,2,2,1,1,4,0,0
2005,Birmingham City,Middlesbrough,0,3,1,1,3,-3,0
2005,Blackburn Rovers,Charlton Athletic,4,1,1,1,5,3,1
2005,Bolton Wanderers,Arsenal,2,0,1,1,2,2,1
2005,Bolton Wanderers,Blackburn Rovers,0,0,1,1,0,0,0
2005,Bolton Wanderers,Everton,0,1,1,1,1,-1,0
2005,Bolton Wanderers,Newcastle United,2,0,1,1,2,2,1
2005,Charlton Athletic,Chelsea,0,2,1,1,2,-2,0
2005,Charlton Athletic,Middlesbrough,2,1,1,1,3,1,1
2005,Charlton Athletic,Sunderland,2,0,1,1,2,2,1
2005,Charlton Athletic,West Ham United,2,0,1,1,2,2,1
2005,Chelsea,Aston Villa,2,1,1,1,3,1,1
2005,Chelsea,Portsmouth,2,0,1,1,2,2,1
2005,Everton,Blackburn Rovers,1,0,1,1,1,1,1
2005,Everton,Manchester City,1,0,1,1,1,1,1
2005,Everton,Newcastle United,1,0,1,1,1,1,1
2005,Everton,Tottenham Hotspur,0,1,1,1,1,-1,0
2005,Fulham,Birmingham City,0,0,1,1,0,0,0
2005,Fulham,Liverpool,2,0,1,1,2,2,1
2005,Liverpool,Bolton Wanderers,1,0,1,1,1,1,1
2005,Manchester City,Arsenal,1,3,1,1,4,-2,0
2005,Manchester City,Newcastle United,3,0,1,1,3,3,1
2005,Manchester City,Tottenham Hotspur,0,2,1,1,2,-2,0
2005,Manchester City,Wigan Athletic,0,1,1,1,1,-1,0
2005,Manchester United,Charlton Athletic,4,0,1,1,4,4,1
2005,Manchester United,Fulham,4,2,1,1,6,2,1
2005,Manchester United,Middlesbrough,0,0,1,1,0,0,0
2005,Manchester United,West Ham United,1,0,1,1,1,1,1
2005,Middlesbrough,Manchester City,0,0,1,1,0,0,0
2005,Middlesbrough,Portsmouth,1,1,1,1,2,0,0
2005,Newcastle United,Liverpool,1,3,1,1,4,-2,0
2005,Newcastle United,Middlesbrough,2,2,1,1,4,0,0
2005,Newcastle United,Tottenham Hotspur,3,1,1,1,4,2,1
2005,Newcastle United,Wigan Athletic,3,1,1,1,4,2,1
2005,Portsmouth,Manchester United,1,3,1,1,4,-2,0
2005,Sunderland,Bolton Wanderers,0,0,1,1,0,0,0
2005,Sunderland,Everton,0,1,1,1,1,-1,0
2005,Sunderland,Manchester City,1,2,1,1,3,-1,0
2005,Sunderland,Newcastle United,1,4,1,1,5,-3,0
2005,Sunderland,West Bromwich Albion,1,1,1,1,2,0,0
2005,Tottenham Hotspur,Arsenal,1,1,1,1,2,0,0
2005,Tottenham Hotspur,Blackburn Rovers,3,2,1,1,5,1,1
2005,Tottenham Hotspur,Middlesbrough,2,0,1,1,2,2,1
2005,West Ham United,Everton,2,2,1,1,4,0,0
2005,West Ham United,Newcastle United,2,4,1,1,6,-2,0
2005,Wigan Athletic,Arsenal,2,3,1,1,5,-1,0
2005,Wigan Athletic,Blackburn Rovers,0,3,1,1,3,-3,0
2005,Wigan Athletic,Chelsea,0,1,1,1,1,-1,0
2005,Wigan Athletic,Liverpool,0,1,1,1,1,-1,0
2005,Wigan Athletic,Middlesbrough,1,1,1,1,2,0,0
2005,Wigan Athletic,Sunderland,1,0,1,1,1,1,1
2005,Wigan Athletic,West Ham United,1,2,1,1,3,-1,0
2005,Brighton & Hove Albion,Derby County,0,0,2,2,0,0,0
2005,Brighton & Hove Albion,Preston North End,0,0,2,2,0,0,0
2005,Burnley,Leicester City,1,0,2,2,1,1,1
2005,Burnley,Norwich City,2,0,2,2,2,2,1
2005,Burnley,Queens Park Rangers,1,0,2,2,1,1,1
2005,Burnley,Sheffield Wednesday,1,2,2,2,3,-1,0
2005,Cardiff City,Wolverhampton Wanderers,2,2,2,2,4,0,0
2005,Coventry City,Leeds United,1,1,2,2,2,0,0
2005,Coventry City,Millwall,1,0,2,2,1,1,1
2005,Coventry City,Sheffield United,2,0,2,2,2,2,1
2005,Crewe Alexandra,Brighton & Hove Albion,2,1,2,2,3,1,1
2005,Crewe Alexandra,Coventry City,4,1,2,2,5,3,1
2005,Crewe Alexandra,Norwich City,1,2,2,2,3,-1,0
2005,Crewe Alexandra,Queens Park Rangers,3,4,2,2,7,-1,0
2005,Crystal Palace,Crewe Alexandra,2,2,2,2,4,0,0
2005,Crystal Palace,Plymouth Argyle,1,0,2,2,1,1,1
2005,Crystal Palace,Wolverhampton Wanderers,1,1,2,2,2,0,0
2005,Derby County,Crystal Palace,2,1,2,2,3,1,1
2005,Derby County,Millwall,1,0,2,2,1,1,1
2005,Derby County,Preston North End,1,1,2,2,2,0,0
2005,Hull City,Brighton & Hove Albion,2,0,2,2,2,2,1
2005,Ipswich Town,Reading,0,3,2,2,3,-3,0
2005,Leeds United,Preston North End,0,0,2,2,0,0,0
2005,Leeds United,Sheffield United,1,1,2,2,2,0,0
2005,Leicester City,Leeds United,1,1,2,2,2,0,0
2005,Leicester City,Norwich City,0,1,2,2,1,-1,0
2005,Leicester City,Queens Park Rangers,1,2,2,2,3,-1,0
2005,Leicester City,Watford,2,2,2,2,4,0,0
2005,Luton Town,Crewe Alexandra,4,1,2,2,5,3,1
2005,Luton Town,Hull City,2,3,2,2,5,-1,0
2005,Luton Town,Plymouth Argyle,1,1,2,2,2,0,0
2005,Luton Town,Southampton,3,2,2,2,5,1,1
2005,Luton Town,Wolverhampton Wanderers,1,1,2,2,2,0,0
2005,Millwall,Cardiff City,0,0,2,2,0,0,0
2005,Norwich City,Coventry City,1,1,2,2,2,0,0
2005,Norwich City,Derby County,2,0,2,2,2,2,1
2005,Norwich City,Leeds United,0,1,2,2,1,-1,0
2005,Norwich City,Millwall,1,1,2,2,2,0,0
2005,Norwich City,Watford,2,3,2,2,5,-1,0
2005,Plymouth Argyle,Leicester City,1,0,2,2,1,1,1
2005,Plymouth Argyle,Reading,0,2,2,2,2,-2,0
2005,Plymouth Argyle,Southampton,2,1,2,2,3,1,1
2005,Preston North End,Ipswich Town,3,1,2,2,4,2,1
2005,Preston North End,Luton Town,5,1,2,2,6,4,1
2005,Preston North End,Sheffield United,0,0,2,2,0,0,0
2005,Preston North End,Stoke City,0,1,2,2,1,-1,0
2005,Queens Park Rangers,Brighton & Hove Albion,1,1,2,2,2,0,0
2005,Queens Park Rangers,Derby County,1,1,2,2,2,0,0
2005,Queens Park Rangers,Leeds United,0,1,2,2,1,-1,0
2005,Queens Park Rangers,Millwall,1,0,2,2,1,1,1
2005,Queens Park Rangers,Preston North End,0,2,2,2,2,-2,0
2005,Queens Park Rangers,Sheffield Wednesday,0,0,2,2,0,0,0
2005,Queens Park Rangers,Watford,1,2,2,2,3,-1,0
2005,Reading,Burnley,2,1,2,2,3,1,1
2005,Reading,Crewe Alexandra,1,0,2,2,1,1,1
2005,Reading,Hull City,3,1,2,2,4,2,1
2005,Reading,Queens Park Rangers,2,1,2,2,3,1,1
2005,Reading,Southampton,2,0,2,2,2,2,1
2005,Sheffield United,Plymouth Argyle,2,0,2,2,2,2,1
2005,Sheffield United,Stoke City,2,1,2,2,3,1,1
2005,Sheffield Wednesday,Brighton & Hove Albion,1,1,2,2,2,0,0
2005,Sheffield Wednesday,Leeds United,1,0,2,2,1,1,1
2005,Sheffield Wednesday,Watford,1,1,2,2,2,0,0
2005,Southampton,Burnley,1,1,2,2,2,0,0
2005,Southampton,Crewe Alexandra,2,0,2,2,2,2,1
2005,Southampton,Hull City,1,1,2,2,2,0,0
2005,Southampton,Wolverhampton Wanderers,0,0,2,2,0,0,0
2005,Stoke City,Cardiff City,0,3,2,2,3,-3,0
2005,Stoke City,Crystal Palace,1,3,2,2,4,-2,0
2005,Stoke City,Luton Town,2,1,2,2,3,1,1
2005,Stoke City,Plymouth Argyle,0,0,2,2,0,0,0
2005,Stoke City,Reading,0,1,2,2,1,-1,0
2005,Watford,Coventry City,4,0,2,2,4,4,1
2005,Watford,Leeds United,0,0,2,2,0,0,0
2005,Watford,Preston North End,1,2,2,2,3,-1,0
2005,Watford,Sheffield United,2,3,2,2,5,-1,0
2005,Watford,Stoke City,1,0,2,2,1,1,1
2005,Wolverhampton Wanderers,Hull City,1,0,2,2,1,1,1
2005,Wolverhampton Wanderers,Queens Park Rangers,3,1,2,2,4,2,1
2005,Wolverhampton Wanderers,Sheffield Wednesday,1,3,2,2,4,-2,0
2005,AFC Bournemouth,Milton Keynes Dons,2,0,3,3,2,2,1
2005,AFC Bournemouth,Port Vale,1,2,3,3,3,-1,0
2005,AFC Bournemouth,Southend United,1,1,3,3,2,0,0
2005,Barnsley,AFC Bournemouth,0,0,3,3,0,0,0
2005,Barnsley,Hartlepool United,1,1,3,3,2,0,0
2005,Barnsley,Rotherham United,1,1,3,3,2,0,0
2005,Barnsley,Swansea City,2,2,3,3,4,0,0
2005,Barnsley,Walsall,2,1,3,3,3,1,1
2005,Blackpool,Bristol City,1,1,3,3,2,0,0
2005,Blackpool,Huddersfield Town,0,1,3,3,1,-1,0
2005,Blackpool,Oldham Athletic,1,0,3,3,1,1,1
2005,Blackpool,Scunthorpe United,5,2,3,3,7,3,1
2005,Bradford City,Gillingham,1,0,3,3,1,1,1
2005,Bradford City,Tranmere Rovers,0,0,3,3,0,0,0
2005,Brentford,AFC Bournemouth,0,2,3,3,2,-2,0
2005,Brentford,Colchester United,0,2,3,3,2,-2,0
2005,Brentford,Nottingham Forest,1,1,3,3,2,0,0
2005,Bristol City,Barnsley,3,0,3,3,3,3,1
2005,Bristol City,Doncaster Rovers,0,0,3,3,0,0,0
2005,Bristol City,Huddersfield Town,2,0,3,3,2,2,1
2005,Bristol City,Swindon Town,1,1,3,3,2,0,0
2005,Bristol City,Yeovil,2,1,3,3,3,1,1
2005,Chesterfield,Blackpool,1,1,3,3,2,0,0
2005,Chesterfield,Bristol City,3,0,3,3,3,3,1
2005,Chesterfield,Southend United,3,4,3,3,7,-1,0
2005,Chesterfield,Tranmere Rovers,0,2,3,3,2,-2,0
2005,Colchester United,AFC Bournemouth,0,1,3,3,1,-1,0
2005,Colchester United,Bradford City,3,1,3,3,4,2,1
2005,Colchester United,Nottingham Forest,3,1,3,3,4,2,1
2005,Colchester United,Swansea City,1,2,3,3,3,-1,0
2005,Colchester United,Walsall,0,0,3,3,0,0,0
2005,Doncaster Rovers,Brentford,0,0,3,3,0,0,0
2005,Doncaster Rovers,Colchester United,0,0,3,3,0,0,0
2005,Doncaster Rovers,Huddersfield Town,1,2,3,3,3,-1,0
2005,Doncaster Rovers,Scunthorpe United,3,1,3,3,4,2,1
2005,Doncaster Rovers,Swindon Town,1,0,3,3,1,1,1
2005,Gillingham,Bristol City,1,1,3,3,2,0,0
2005,Gillingham,Doncaster Rovers,1,0,3,3,1,1,1
2005,Gillingham,Milton Keynes Dons,3,0,3,3,3,3,1
2005,Gillingham,Port Vale,3,0,3,3,3,3,1
2005,Gillingham,Southend United,1,2,3,3,3,-1,0
2005,Gillingham,Tranmere Rovers,1,1,3,3,2,0,0
2005,Hartlepool United,Bradford City,0,2,3,3,2,-2,0
2005,Hartlepool United,Chesterfield,1,0,3,3,1,1,1
2005,Hartlepool United,Rotherham United,0,0,3,3,0,0,0
2005,Huddersfield Town,Barnsley,1,0,3,3,1,1,1
2005,Huddersfield Town,Hartlepool United,2,1,3,3,3,1,1
2005,Huddersfield Town,Oldham Athletic,3,2,3,3,5,1,1
2005,Huddersfield Town,Scunthorpe United,1,4,3,3,5,-3,0
2005,Huddersfield Town,Swindon Town,1,1,3,3,2,0,0
2005,Milton Keynes Dons,Blackpool,3,0,3,3,3,3,1
2005,Milton Keynes Dons,Doncaster Rovers,2,3,3,3,5,-1,0
2005,Milton Keynes Dons,Southend United,2,1,3,3,3,1,1
2005,Nottingham Forest,AFC Bournemouth,1,1,3,3,2,0,0
2005,Nottingham Forest,Chesterfield,0,0,3,3,0,0,0
2005,Nottingham Forest,Rotherham United,2,0,3,3,2,2,1
2005,Oldham Athletic,Swindon Town,2,2,3,3,4,0,0
2005,Port Vale,Blackpool,1,2,3,3,3,-1,0
2005,Port Vale,Huddersfield Town,1,1,3,3,2,0,0
2005,Port Vale,Southend United,2,1,3,3,3,1,1
2005,Port Vale,Tranmere Rovers,0,2,3,3,2,-2,0
2005,Rotherham United,Chesterfield,0,4,3,3,4,-4,0
2005,Rotherham United,Milton Keynes Dons,0,0,3,3,0,0,0
2005,Rotherham United,Swansea City,2,2,3,3,4,0,0
2005,Scunthorpe United,Barnsley,2,1,3,3,3,1,1
2005,Scunthorpe United,Colchester United,0,0,3,3,0,0,0
2005,Scunthorpe United,Nottingham Forest,3,1,3,3,4,2,1
2005,Scunthorpe United,Rotherham United,2,2,3,3,4,0,0
2005,Scunthorpe United,Swindon Town,1,2,3,3,3,-1,0
2005,Southend United,Blackpool,2,1,3,3,3,1,1
2005,Southend United,Bristol City,1,0,3,3,1,1,1
2005,Southend United,Oldham Athletic,2,1,3,3,3,1,1
2005,Southend United,Scunthorpe United,3,0,3,3,3,3,1
2005,Swansea City,AFC Bournemouth,1,0,3,3,1,1,1
2005,Swansea City,Chesterfield,5,1,3,3,6,4,1
2005,Swansea City,Gillingham,1,2,3,3,3,-1,0
2005,Swindon Town,Barnsley,0,3,3,3,3,-3,0
2005,Swindon Town,Hartlepool United,1,1,3,3,2,0,0
2005,Swindon Town,Nottingham Forest,2,1,3,3,3,1,1
2005,Tranmere Rovers,Blackpool,2,2,3,3,4,0,0
2005,Tranmere Rovers,Bristol City,0,3,3,3,3,-3,0
2005,Tranmere Rovers,Doncaster Rovers,0,2,3,3,2,-2,0
2005,Tranmere Rovers,Huddersfield Town,2,1,3,3,3,1,1
2005,Tranmere Rovers,Oldham Athletic,4,0,3,3,4,4,1
2005,Tranmere Rovers,Scunthorpe United,0,2,3,3,2,-2,0
2005,Tranmere Rovers,Swindon Town,1,0,3,3,1,1,1
2005,Walsall,AFC Bournemouth,0,1,3,3,1,-1,0
2005,Walsall,Chesterfield,2,3,3,3,5,-1,0
2005,Walsall,Gillingham,2,0,3,3,2,2,1
2005,Walsall,Port Vale,1,1,3,3,2,0,0
2005,Yeovil,Barnsley,2,1,3,3,3,1,1
2005,Yeovil,Colchester United,0,0,3,3,0,0,0
2005,Barnet,Bury,1,1,4,4,2,0,0
2005,Barnet,Leyton Orient,2,3,4,4,5,-1,0
2005,Barnet,Mansfield Town,1,0,4,4,1,1,1
2005,Boston United,Darlington,0,0,4,4,0,0,0
2005,Boston United,Northampton Town,0,1,4,4,1,-1,0
2005,Bristol Rovers,Boston United,3,1,4,4,4,2,1
2005,Bristol Rovers,Cheltenham,0,1,4,4,1,-1,0
2005,Bristol Rovers,Macclesfield,2,3,4,4,5,-1,0
2005,Bristol Rovers,Notts County,1,2,4,4,3,-1,0
2005,Bristol Rovers,Stockport County,2,2,4,4,4,0,0
2005,Bristol Rovers,Wycombe Wanderers,1,2,4,4,3,-1,0
2005,Bury,Bristol Rovers,1,0,4,4,1,1,1
2005,Bury,Leyton Orient,1,2,4,4,3,-1,0
2005,Bury,Mansfield Town,0,0,4,4,0,0,0
2005,Bury,Oxford United,1,1,4,4,2,0,0
2005,Bury,Torquay United,3,2,4,4,5,1,1
2005,Carlisle United,Northampton Town,0,1,4,4,1,-1,0
2005,Carlisle United,Wrexham,2,1,4,4,3,1,1
2005,Cheltenham,Boston United,3,0,4,4,3,3,1
2005,Cheltenham,Macclesfield,2,2,4,4,4,0,0
2005,Cheltenham,Wycombe Wanderers,2,1,4,4,3,1,1
2005,Chester,Bristol Rovers,4,0,4,4,4,4,1
2005,Chester,Cheltenham,0,1,4,4,1,-1,0
2005,Chester,Oxford United,0,1,4,4,1,-1,0
2005,Darlington,Bury,2,3,4,4,5,-1,0
2005,Darlington,Northampton Town,0,1,4,4,1,-1,0
2005,Darlington,Shrewsbury Town,0,1,4,4,1,-1,0
2005,Darlington,Wrexham,1,1,4,4,2,0,0
2005,Grimsby Town,Carlisle United,1,2,4,4,3,-1,0
2005,Grimsby Town,Darlington,0,1,4,4,1,-1,0
2005,Grimsby Town,Wycombe Wanderers,0,1,4,4,1,-1,0
2005,Leyton Orient,Bristol Rovers,2,3,4,4,5,-1,0
2005,Leyton Orient,Cheltenham,1,0,4,4,1,1,1
2005,Leyton Orient,Grimsby Town,0,0,4,4,0,0,0
2005,Lincoln City,Bury,1,1,4,4,2,0,0
2005,Lincoln City,Leyton Orient,1,1,4,4,2,0,0
2005,Lincoln City,Northampton Town,1,1,4,4,2,0,0
2005,Lincoln City,Wrexham,2,0,4,4,2,2,1
2005,Macclesfield,Boston United,2,2,4,4,4,0,0
2005,Macclesfield,Darlington,1,0,4,4,1,1,1
2005,Macclesfield,Notts County,0,0,4,4,0,0,0
2005,Macclesfield,Wycombe Wanderers,2,1,4,4,3,1,1
2005,Mansfield Town,Oxford United,1,0,4,4,1,1,1
2005,Northampton Town,Barnet,1,2,4,4,3,-1,0
2005,Northampton Town,Chester,1,0,4,4,1,1,1
2005,Northampton Town,Wrexham,0,0,4,4,0,0,0
2005,Notts County,Boston United,1,2,4,4,3,-1,0
2005,Notts County,Darlington,3,2,4,4,5,1,1
2005,Notts County,Lincoln City,2,1,4,4,3,1,1
2005,Notts County,Northampton Town,2,2,4,4,4,0,0
2005,Notts County,Rochdale,1,1,4,4,2,0,0
2005,Notts County,Wycombe Wanderers,1,2,4,4,3,-1,0
2005,Oxford United,Bristol Rovers,1,0,4,4,1,1,1
2005,Oxford United,Cheltenham,1,1,4,4,2,0,0
2005,Oxford United,Grimsby Town,2,3,4,4,5,-1,0
2005,Oxford United,Macclesfield,1,1,4,4,2,0,0
2005,Oxford United,Torquay United,1,0,4,4,1,1,1
2005,Peterborough United,Bury,4,1,4,4,5,3,1
2005,Peterborough United,Shrewsbury Town,0,2,4,4,2,-2,0
2005,Rochdale,Stockport County,0,1,4,4,1,-1,0
2005,Rushden & Diamonds,Cheltenham,0,1,4,4,1,-1,0
2005,Rushden & Diamonds,Macclesfield,1,0,4,4,1,1,1
2005,Rushden & Diamonds,Notts County,1,0,4,4,1,1,1
2005,Stockport County,Boston United,0,1,4,4,1,-1,0
2005,Stockport County,Darlington,0,3,4,4,3,-3,0
2005,Stockport County,Shrewsbury Town,3,1,4,4,4,2,1
2005,Stockport County,Wycombe Wanderers,3,3,4,4,6,0,0
2005,Torquay United,Bristol Rovers,2,3,4,4,5,-1,0
2005,Torquay United,Cheltenham,1,2,4,4,3,-1,0
2005,Torquay United,Grimsby Town,2,2,4,4,4,0,0
2005,Torquay United,Macclesfield,1,1,4,4,2,0,0
2005,Torquay United,Notts County,0,0,4,4,0,0,0
2005,Torquay United,Rochdale,1,3,4,4,4,-2,0
2005,Wrexham,Barnet,3,1,4,4,4,2,1
2005,Wrexham,Chester,2,1,4,4,3,1,1
2005,Wrexham,Leyton Orient,1,2,4,4,3,-1,0
2005,Wrexham,Oxford United,1,1,4,4,2,0,0
2005,Wrexham,Rushden & Diamonds,2,0,4,4,2,2,1
2005,Wycombe Wanderers,Boston United,1,1,4,4,2,0,0
2005,Wycombe Wanderers,Lincoln City,0,3,4,4,3,-3,0
2005,Wycombe Wanderers,Northampton Town,1,1,4,4,2,0,0
2005,Wycombe Wanderers,Peterborough United,2,2,4,4,4,0,0
2005,Wycombe Wanderers,Shrewsbury Town,2,0,4,4,2,2,1
2006,Arsenal,Bolton Wanderers,2,1,1,1,3,1,1
2006,Arsenal,Newcastle United,1,1,1,1,2,0,0
2006,Arsenal,West Ham United,0,1,1,1,1,-1,0
2006,Aston Villa,Liverpool,0,0,1,1,0,0,0
2006,Aston Villa,Middlesbrough,1,1,1,1,2,0,0
2006,Blackburn Rovers,Tottenham Hotspur,1,1,1,1,2,0,0
2006,Blackburn Rovers,Wigan Athletic,2,1,1,1,3,1,1
2006,Bolton Wanderers,Blackburn Rovers,1,2,1,1,3,-1,0
2006,Bolton Wanderers,Newcastle United,2,1,1,1,3,1,1
2006,Bolton Wanderers,Sheffield United,1,0,1,1,1,1,1
2006,Charlton Athletic,Aston Villa,2,1,1,1,3,1,1
2006,Charlton Athletic,Reading,0,0,1,1,0,0,0
2006,Charlton Athletic,Watford,0,0,1,1,0,0,0
2006,Chelsea,Arsenal,1,1,1,1,2,0,0
2006,Chelsea,Bolton Wanderers,2,2,1,1,4,0,0
2006,Chelsea,Fulham,2,2,1,1,4,0,0
2006,Chelsea,Portsmouth,2,1,1,1,3,1,1
2006,Chelsea,Wigan Athletic,4,0,1,1,4,4,1
2006,Everton,Blackburn Rovers,1,0,1,1,1,1,1
2006,Everton,Chelsea,2,3,1,1,5,-1,0
2006,Everton,Manchester City,1,1,1,1,2,0,0
2006,Everton,Newcastle United,3,0,1,1,3,3,1
2006,Everton,West Ham United,2,0,1,1,2,2,1
2006,Fulham,Aston Villa,1,1,1,1,2,0,0
2006,Fulham,Charlton Athletic,2,1,1,1,3,1,1
2006,Fulham,Liverpool,1,0,1,1,1,1,1
2006,Fulham,Middlesbrough,2,1,1,1,3,1,1
2006,Liverpool,Bolton Wanderers,3,0,1,1,3,3,1
2006,Liverpool,Manchester United,0,1,1,1,1,-1,0
2006,Liverpool,Portsmouth,0,0,1,1,0,0,0
2006,Manchester City,Liverpool,0,0,1,1,0,0,0
2006,Manchester City,Sheffield United,0,0,1,1,0,0,0
2006,Manchester City,West Ham United,2,0,1,1,2,2,1
2006,Manchester United,Aston Villa,3,1,1,1,4,2,1
2006,Manchester United,Charlton Athletic,2,0,1,1,2,2,1
2006,Manchester United,Fulham,5,1,1,1,6,4,1
2006,Manchester United,Middlesbrough,1,1,1,1,2,0,0
2006,Manchester United,Reading,3,2,1,1,5,1,1
2006,Middlesbrough,Arsenal,1,1,1,1,2,0,0
2006,Middlesbrough,Manchester City,0,2,1,1,2,-2,0
2006,Middlesbrough,Portsmouth,0,4,1,1,4,-4,0
2006,Middlesbrough,Wigan Athletic,1,1,1,1,2,0,0
2006,Newcastle United,Blackburn Rovers,0,2,1,1,2,-2,0
2006,Newcastle United,Chelsea,0,0,1,1,0,0,0
2006,Newcastle United,Middlesbrough,0,0,1,1,0,0,0
2006,Newcastle United,West Ham United,2,2,1,1,4,0,0
2006,Portsmouth,Charlton Athletic,0,1,1,1,1,-1,0
2006,Portsmouth,Manchester United,2,1,1,1,3,1,1
2006,Portsmouth,Watford,2,1,1,1,3,1,1
2006,Reading,Arsenal,0,4,1,1,4,-4,0
2006,Reading,Bolton Wanderers,1,0,1,1,1,1,1
2006,Reading,Everton,0,2,1,1,2,-2,0
2006,Reading,Manchester City,1,0,1,1,1,1,1
2006,Reading,Newcastle United,1,0,1,1,1,1,1
2006,Reading,Tottenham Hotspur,3,1,1,1,4,2,1
2006,Reading,Wigan Athletic,3,2,1,1,5,1,1
2006,Sheffield United,Blackburn Rovers,0,0,1,1,0,0,0
2006,Sheffield United,Chelsea,0,2,1,1,2,-2,0
2006,Sheffield United,Middlesbrough,2,1,1,1,3,1,1
2006,Sheffield United,Reading,1,2,1,1,3,-1,0
2006,Tottenham Hotspur,Manchester United,0,4,1,1,4,-4,0
2006,Tottenham Hotspur,Portsmouth,2,1,1,1,3,1,1
2006,Tottenham Hotspur,Watford,3,1,1,1,4,2,1
2006,Watford,Bolton Wanderers,0,1,1,1,1,-1,0
2006,Watford,Everton,0,3,1,1,3,-3,0
2006,West Ham United,Blackburn Rovers,2,1,1,1,3,1,1
2006,West Ham United,Chelsea,1,4,1,1,5,-3,0
2006,West Ham United,Liverpool,1,2,1,1,3,-1,0
2006,West Ham United,Middlesbrough,2,0,1,1,2,2,1
2006,West Ham United,Reading,0,1,1,1,1,-1,0
2006,West Ham United,Watford,0,1,1,1,1,-1,0
2006,Wigan Athletic,Charlton Athletic,3,2,1,1,5,1,1
2006,Wigan Athletic,Fulham,0,0,1,1,0,0,0
2006,Wigan Athletic,Tottenham Hotspur,3,3,1,1,6,0,0
2006,Barnsley,Birmingham City,1,0,2,2,1,1,1
2006,Barnsley,Colchester United,0,3,2,2,3,-3,0
2006,Barnsley,Derby County,1,2,2,2,3,-1,0
2006,Barnsley,Queens Park Rangers,2,0,2,2,2,2,1
2006,Birmingham City,Burnley,0,1,2,2,1,-1,0
2006,Birmingham City,Coventry City,3,0,2,2,3,3,1
2006,Birmingham City,Plymouth Argyle,3,0,2,2,3,3,1
2006,Burnley,Crystal Palace,1,1,2,2,2,0,0
2006,Burnley,Ipswich Town,1,0,2,2,1,1,1
2006,Burnley,Preston North End,3,2,2,2,5,1,1
2006,Burnley,Southampton,2,3,2,2,5,-1,0
2006,Cardiff City,Barnsley,2,0,2,2,2,2,1
2006,Cardiff City,Colchester United,0,0,2,2,0,0,0
2006,Cardiff City,Norwich City,1,0,2,2,1,1,1
2006,Cardiff City,Queens Park Rangers,0,1,2,2,1,-1,0
2006,Cardiff City,Southend United,0,1,2,2,1,-1,0
2006,Cardiff City,West Bromwich Albion,1,1,2,2,2,0,0
2006,Colchester United,Hull City,5,1,2,2,6,4,1
2006,Colchester United,Leicester City,1,1,2,2,2,0,0
2006,Colchester United,Plymouth Argyle,0,1,2,2,1,-1,0
2006,Colchester United,Stoke City,3,0,2,2,3,3,1
2006,Colchester United,Wolverhampton Wanderers,2,1,2,2,3,1,1
2006,Coventry City,Ipswich Town,1,2,2,2,3,-1,0
2006,Coventry City,Luton Town,1,0,2,2,1,1,1
2006,Coventry City,Southampton,2,1,2,2,3,1,1
2006,Coventry City,Sunderland,2,1,2,2,3,1,1
2006,Crystal Palace,Barnsley,2,0,2,2,2,2,1
2006,Crystal Palace,Cardiff City,1,2,2,2,3,-1,0
2006,Crystal Palace,Derby County,2,0,2,2,2,2,1
2006,Crystal Palace,Norwich City,3,1,2,2,4,2,1
2006,Derby County,Birmingham City,0,1,2,2,1,-1,0
2006,Derby County,Plymouth Argyle,1,0,2,2,1,1,1
2006,Derby County,Sheffield Wednesday,1,0,2,2,1,1,1
2006,Hull City,Coventry City,0,1,2,2,1,-1,0
2006,Hull City,Ipswich Town,2,5,2,2,7,-3,0
2006,Hull City,Luton Town,0,0,2,2,0,0,0
2006,Hull City,Preston North End,2,0,2,2,2,2,1
2006,Ipswich Town,Barnsley,5,1,2,2,6,4,1
2006,Ipswich Town,Leeds United,1,0,2,2,1,1,1
2006,Ipswich Town,Queens Park Rangers,2,1,2,2,3,1,1
2006,Ipswich Town,Southend United,0,2,2,2,2,-2,0
2006,Leeds United,Birmingham City,3,2,2,2,5,1,1
2006,Leeds United,Colchester United,3,0,2,2,3,3,1
2006,Leeds United,Leicester City,1,2,2,2,3,-1,0
2006,Leeds United,Plymouth Argyle,2,1,2,2,3,1,1
2006,Leeds United,Stoke City,0,4,2,2,4,-4,0
2006,Leeds United,Wolverhampton Wanderers,0,1,2,2,1,-1,0
2006,Leicester City,Burnley,0,1,2,2,1,-1,0
2006,Leicester City,Coventry City,3,0,2,2,3,3,1
2006,Leicester City,Hull City,0,1,2,2,1,-1,0
2006,Leicester City,Preston North End,0,1,2,2,1,-1,0
2006,Leicester City,Southampton,3,2,2,2,5,1,1
2006,Luton Town,Cardiff City,0,0,2,2,0,0,0
2006,Luton Town,Ipswich Town,0,2,2,2,2,-2,0
2006,Luton Town,Norwich City,2,3,2,2,5,-1,0
2006,Luton Town,West Bromwich Albion,2,2,2,2,4,0,0
2006,Norwich City,Derby County,1,2,2,2,3,-1,0
2006,Norwich City,Plymouth Argyle,1,3,2,2,4,-2,0
2006,Norwich City,Stoke City,1,0,2,2,1,1,1
2006,Plymouth Argyle,Burnley,0,0,2,2,0,0,0
2006,Plymouth Argyle,Coventry City,3,2,2,2,5,1,1
2006,Plymouth Argyle,Preston North End,2,0,2,2,2,2,1
2006,Plymouth Argyle,Southampton,1,1,2,2,2,0,0
2006,Plymouth Argyle,Sunderland,0,2,2,2,2,-2,0
2006,Preston North End,Crystal Palace,0,0,2,2,0,0,0
2006,Queens Park Rangers,Birmingham City,0,2,2,2,2,-2,0
2006,Queens Park Rangers,Colchester United,1,0,2,2,1,1,1
2006,Queens Park Rangers,Derby County,1,2,2,2,3,-1,0
2006,Queens Park Rangers,Leeds United,2,2,2,2,4,0,0
2006,Queens Park Rangers,Norwich City,3,3,2,2,6,0,0
2006,Queens Park Rangers,Sheffield Wednesday,1,1,2,2,2,0,0
2006,Sheffield Wednesday,Hull City,1,2,2,2,3,-1,0
2006,Sheffield Wednesday,Leicester City,2,1,2,2,3,1,1
2006,Sheffield Wednesday,Plymouth Argyle,1,1,2,2,2,0,0
2006,Sheffield Wednesday,Southampton,3,3,2,2,6,0,0
2006,Southampton,Luton Town,2,1,2,2,3,1,1
2006,Southampton,West Bromwich Albion,0,0,2,2,0,0,0
2006,Southend United,Birmingham City,0,4,2,2,4,-4,0
2006,Southend United,Leeds United,1,1,2,2,2,0,0
2006,Southend United,Norwich City,3,3,2,2,6,0,0
2006,Southend United,Queens Park Rangers,5,0,2,2,5,5,1
2006,Stoke City,Hull City,1,1,2,2,2,0,0
2006,Stoke City,Leicester City,4,2,2,2,6,2,1
2006,Stoke City,Plymouth Argyle,1,1,2,2,2,0,0
2006,Stoke City,Sheffield Wednesday,1,2,2,2,3,-1,0
2006,Sunderland,Ipswich Town,1,0,2,2,1,1,1
2006,Sunderland,Luton Town,2,1,2,2,3,1,1
2006,Sunderland,Preston North End,0,1,2,2,1,-1,0
2006,Sunderland,West Bromwich Albion,2,0,2,2,2,2,1
2006,West Bromwich Albion,Birmingham City,1,1,2,2,2,0,0
2006,West Bromwich Albion,Colchester United,2,1,2,2,3,1,1
2006,West Bromwich Albion,Derby County,1,0,2,2,1,1,1
2006,West Bromwich Albion,Leeds United,4,2,2,2,6,2,1
2006,West Bromwich Albion,Queens Park Rangers,3,3,2,2,6,0,0
2006,West Bromwich Albion,Wolverhampton Wanderers,3,0,2,2,3,3,1
2006,Wolverhampton Wanderers,Coventry City,1,0,2,2,1,1,1
2006,Wolverhampton Wanderers,Hull City,3,1,2,2,4,2,1
2006,Wolverhampton Wanderers,Plymouth Argyle,2,2,2,2,4,0,0
2006,AFC Bournemouth,Blackpool,1,3,3,3,4,-2,0
2006,AFC Bournemouth,Cheltenham,2,1,3,3,3,1,1
2006,AFC Bournemouth,Nottingham Forest,2,0,3,3,2,2,1
2006,AFC Bournemouth,Rotherham United,1,3,3,3,4,-2,0
2006,AFC Bournemouth,Tranmere Rovers,2,0,3,3,2,2,1
2006,Blackpool,Bradford City,4,1,3,3,5,3,1
2006,Blackpool,Chesterfield,1,1,3,3,2,0,0
2006,Blackpool,Millwall,0,1,3,3,1,-1,0
2006,Blackpool,Scunthorpe United,3,1,3,3,4,2,1
2006,Bradford City,Crewe Alexandra,0,1,3,3,1,-1,0
2006,Bradford City,Huddersfield Town,0,1,3,3,1,-1,0
2006,Bradford City,Northampton Town,1,2,3,3,3,-1,0
2006,Brentford,AFC Bournemouth,0,0,3,3,0,0,0
2006,Brentford,Brighton & Hove Albion,1,0,3,3,1,1,1
2006,Brentford,Cheltenham,0,2,3,3,2,-2,0
2006,Brentford,Rotherham United,0,1,3,3,1,-1,0
2006,Brentford,Tranmere Rovers,1,1,3,3,2,0,0
2006,Brighton & Hove Albion,Blackpool,0,3,3,3,3,-3,0
2006,Brighton & Hove Albion,Bristol City,0,2,3,3,2,-2,0
2006,Brighton & Hove Albion,Chesterfield,1,2,3,3,3,-1,0
2006,Brighton & Hove Albion,Gillingham,1,0,3,3,1,1,1
2006,Brighton & Hove Albion,Millwall,0,1,3,3,1,-1,0
2006,Brighton & Hove Albion,Scunthorpe United,1,1,3,3,2,0,0
2006,Brighton & Hove Albion,Yeovil,1,3,3,3,4,-2,0
2006,Bristol City,Huddersfield Town,1,1,3,3,2,0,0
2006,Bristol City,Northampton Town,1,0,3,3,1,1,1
2006,Carlisle United,Cheltenham,2,0,3,3,2,2,1
2006,Carlisle United,Nottingham Forest,1,0,3,3,1,1,1
2006,Cheltenham,Brighton & Hove Albion,1,1,3,3,2,0,0
2006,Cheltenham,Chesterfield,0,0,3,3,0,0,0
2006,Cheltenham,Gillingham,1,1,3,3,2,0,0
2006,Cheltenham,Millwall,3,2,3,3,5,1,1
2006,Cheltenham,Oldham Athletic,1,2,3,3,3,-1,0
2006,Chesterfield,Bristol City,1,3,3,3,4,-2,0
2006,Chesterfield,Crewe Alexandra,2,1,3,3,3,1,1
2006,Crewe Alexandra,Brentford,3,1,3,3,4,2,1
2006,Crewe Alexandra,Leyton Orient,0,4,3,3,4,-4,0
2006,Crewe Alexandra,Nottingham Forest,1,4,3,3,5,-3,0
2006,Doncaster Rovers,Brighton & Hove Albion,1,0,3,3,1,1,1
2006,Doncaster Rovers,Cheltenham,0,2,3,3,2,-2,0
2006,Doncaster Rovers,Gillingham,1,2,3,3,3,-1,0
2006,Gillingham,Bradford City,1,0,3,3,1,1,1
2006,Gillingham,Huddersfield Town,2,1,3,3,3,1,1
2006,Gillingham,Northampton Town,0,1,3,3,1,-1,0
2006,Huddersfield Town,AFC Bournemouth,2,2,3,3,4,0,0
2006,Huddersfield Town,Brentford,0,2,3,3,2,-2,0
2006,Huddersfield Town,Carlisle United,2,1,3,3,3,1,1
2006,Huddersfield Town,Crewe Alexandra,1,2,3,3,3,-1,0
2006,Huddersfield Town,Nottingham Forest,1,1,3,3,2,0,0
2006,Huddersfield Town,Tranmere Rovers,2,2,3,3,4,0,0
2006,Leyton Orient,Doncaster Rovers,1,1,3,3,2,0,0
2006,Millwall,Bristol City,1,0,3,3,1,1,1
2006,Millwall,Chesterfield,2,1,3,3,3,1,1
2006,Northampton Town,AFC Bournemouth,3,1,3,3,4,2,1
2006,Northampton Town,Carlisle United,3,2,3,3,5,1,1
2006,Northampton Town,Nottingham Forest,0,1,3,3,1,-1,0
2006,Northampton Town,Tranmere Rovers,1,3,3,3,4,-2,0
2006,Nottingham Forest,Blackpool,1,1,3,3,2,0,0
2006,Nottingham Forest,Brighton & Hove Albion,2,1,3,3,3,1,1
2006,Nottingham Forest,Cheltenham,3,0,3,3,3,3,1
2006,Nottingham Forest,Doncaster Rovers,0,1,3,3,1,-1,0
2006,Nottingham Forest,Yeovil,1,0,3,3,1,1,1
2006,Oldham Athletic,Bradford City,2,0,3,3,2,2,1
2006,Oldham Athletic,Bristol City,0,3,3,3,3,-3,0
2006,Oldham Athletic,Gillingham,4,1,3,3,5,3,1
2006,Oldham Athletic,Millwall,1,2,3,3,3,-1,0
2006,Port Vale,AFC Bournemouth,2,1,3,3,3,1,1
2006,Port Vale,Crewe Alexandra,3,0,3,3,3,3,1
2006,Port Vale,Huddersfield Town,1,2,3,3,3,-1,0
2006,Port Vale,Northampton Town,1,0,3,3,1,1,1
2006,Rotherham United,Blackpool,1,0,3,3,1,1,1
2006,Rotherham United,Brighton & Hove Albion,0,1,3,3,1,-1,0
2006,Rotherham United,Cheltenham,2,4,3,3,6,-2,0
2006,Rotherham United,Scunthorpe United,2,1,3,3,3,1,1
2006,Scunthorpe United,Bradford City,2,0,3,3,2,2,1
2006,Scunthorpe United,Bristol City,1,0,3,3,1,1,1
2006,Scunthorpe United,Chesterfield,1,0,3,3,1,1,1
2006,Scunthorpe United,Gillingham,3,1,3,3,4,2,1
2006,Scunthorpe United,Millwall,3,0,3,3,3,3,1
2006,Scunthorpe United,Swansea City,2,2,3,3,4,0,0
2006,Swansea City,Carlisle United,5,0,3,3,5,5,1
2006,Swansea City,Crewe Alexandra,2,1,3,3,3,1,1
2006,Swansea City,Port Vale,3,0,3,3,3,3,1
2006,Tranmere Rovers,Blackpool,2,0,3,3,2,2,1
2006,Tranmere Rovers,Brighton & Hove Albion,2,1,3,3,3,1,1
2006,Tranmere Rovers,Cheltenham,2,2,3,3,4,0,0
2006,Tranmere Rovers,Leyton Orient,3,0,3,3,3,3,1
2006,Tranmere Rovers,Nottingham Forest,0,0,3,3,0,0,0
2006,Tranmere Rovers,Rotherham United,2,1,3,3,3,1,1
2006,Yeovil,Bradford City,0,0,3,3,0,0,0
2006,Accrington,Milton Keynes Dons,3,4,4,4,7,-1,0
2006,Accrington,Rochdale,1,1,4,4,2,0,0
2006,Accrington,Swindon Town,1,1,4,4,2,0,0
2006,Accrington,Wrexham,5,0,4,4,5,5,1
2006,Barnet,Shrewsbury Town,0,0,4,4,0,0,0
2006,Barnet,Torquay United,0,1,4,4,1,-1,0
2006,Boston United,Bristol Rovers,2,1,4,4,3,1,1
2006,Boston United,Walsall,1,1,4,4,2,0,0
2006,Bristol Rovers,Accrington,4,0,4,4,4,4,1
2006,Bristol Rovers,Bury,2,0,4,4,2,2,1
2006,Bristol Rovers,Grimsby Town,1,0,4,4,1,1,1
2006,Bristol Rovers,Milton Keynes Dons,1,1,4,4,2,0,0
2006,Bristol Rovers,Rochdale,0,0,4,4,0,0,0
2006,Bristol Rovers,Swindon Town,1,0,4,4,1,1,1
2006,Bury,Barnet,2,2,4,4,4,0,0
2006,Bury,Hartlepool United,0,1,4,4,1,-1,0
2006,Bury,Macclesfield,1,1,4,4,2,0,0
2006,Bury,Torquay United,0,1,4,4,1,-1,0
2006,Bury,Wycombe Wanderers,0,4,4,4,4,-4,0
2006,Chester,Mansfield Town,1,1,4,4,2,0,0
2006,Chester,Stockport County,1,1,4,4,2,0,0
2006,Chester,Walsall,0,0,4,4,0,0,0
2006,Darlington,Accrington,2,1,4,4,3,1,1
2006,Darlington,Bristol Rovers,1,1,4,4,2,0,0
2006,Darlington,Rochdale,0,5,4,4,5,-5,0
2006,Grimsby Town,Macclesfield,1,1,4,4,2,0,0
2006,Grimsby Town,Shrewsbury Town,2,1,4,4,3,1,1
2006,Grimsby Town,Wycombe Wanderers,2,2,4,4,4,0,0
2006,Hartlepool United,Chester,3,0,4,4,3,3,1
2006,Hartlepool United,Hereford United,3,2,4,4,5,1,1
2006,Hartlepool United,Peterborough United,1,0,4,4,1,1,1
2006,Hartlepool United,Stockport County,1,1,4,4,2,0,0
2006,Hartlepool United,Walsall,3,1,4,4,4,2,1
2006,Hereford United,Accrington,1,0,4,4,1,1,1
2006,Hereford United,Bristol Rovers,0,0,4,4,0,0,0
2006,Hereford United,Lincoln City,1,2,4,4,3,-1,0
2006,Hereford United,Rochdale,0,0,4,4,0,0,0
2006,Hereford United,Swindon Town,0,0,4,4,0,0,0
2006,Lincoln City,Bury,0,2,4,4,2,-2,0
2006,Lincoln City,Grimsby Town,2,0,4,4,2,2,1
2006,Lincoln City,Shrewsbury Town,1,1,4,4,2,0,0
2006,Lincoln City,Wycombe Wanderers,1,0,4,4,1,1,1
2006,Macclesfield,Boston United,2,3,4,4,5,-1,0
2006,Macclesfield,Mansfield Town,2,3,4,4,5,-1,0
2006,Macclesfield,Peterborough United,2,1,4,4,3,1,1
2006,Macclesfield,Stockport County,2,0,4,4,2,2,1
2006,Macclesfield,Walsall,0,2,4,4,2,-2,0
2006,Mansfield Town,Hereford United,4,1,4,4,5,3,1
2006,Mansfield Town,Milton Keynes Dons,2,1,4,4,3,1,1
2006,Mansfield Town,Rochdale,1,2,4,4,3,-1,0
2006,Mansfield Town,Swindon Town,2,0,4,4,2,2,1
2006,Milton Keynes Dons,Barnet,3,1,4,4,4,2,1
2006,Milton Keynes Dons,Bury,2,1,4,4,3,1,1
2006,Milton Keynes Dons,Shrewsbury Town,2,0,4,4,2,2,1
2006,Milton Keynes Dons,Wycombe Wanderers,3,1,4,4,4,2,1
2006,Notts County,Walsall,1,2,4,4,3,-1,0
2006,Peterborough United,Darlington,1,3,4,4,4,-2,0
2006,Peterborough United,Mansfield Town,2,0,4,4,2,2,1
2006,Peterborough United,Rochdale,3,3,4,4,6,0,0
2006,Rochdale,Bury,1,3,4,4,4,-2,0
2006,Rochdale,Milton Keynes Dons,5,0,4,4,5,5,1
2006,Rochdale,Shrewsbury Town,1,1,4,4,2,0,0
2006,Rochdale,Torquay United,2,0,4,4,2,2,1
2006,Rochdale,Wycombe Wanderers,0,2,4,4,2,-2,0
2006,Shrewsbury Town,Stockport County,4,2,4,4,6,2,1
2006,Shrewsbury Town,Walsall,1,1,4,4,2,0,0
2006,Stockport County,Accrington,1,1,4,4,2,0,0
2006,Stockport County,Hereford United,0,2,4,4,2,-2,0
2006,Stockport County,Mansfield Town,1,0,4,4,1,1,1
2006,Stockport County,Peterborough United,0,1,4,4,1,-1,0
2006,Stockport County,Wrexham,5,2,4,4,7,3,1
2006,Swindon Town,Bury,2,1,4,4,3,1,1
2006,Swindon Town,Grimsby Town,3,0,4,4,3,3,1
2006,Swindon Town,Lincoln City,0,1,4,4,1,-1,0
2006,Swindon Town,Rochdale,1,0,4,4,1,1,1
2006,Torquay United,Boston United,0,1,4,4,1,-1,0
2006,Torquay United,Chester,2,2,4,4,4,0,0
2006,Torquay United,Hartlepool United,0,1,4,4,1,-1,0
2006,Torquay United,Shrewsbury Town,0,0,4,4,0,0,0
2006,Walsall,Accrington,3,2,4,4,5,1,1
2006,Walsall,Bristol Rovers,2,2,4,4,4,0,0
2006,Walsall,Stockport County,2,0,4,4,2,2,1
2006,Walsall,Wrexham,1,0,4,4,1,1,1
2006,Wrexham,Grimsby Town,3,0,4,4,3,3,1
2006,Wrexham,Lincoln City,2,1,4,4,3,1,1
2006,Wrexham,Rochdale,1,2,4,4,3,-1,0
2006,Wycombe Wanderers,Boston United,0,0,4,4,0,0,0
2006,Wycombe Wanderers,Chester,1,0,4,4,1,1,1
2006,Wycombe Wanderers,Macclesfield,3,0,4,4,3,3,1
2006,Wycombe Wanderers,Notts County,0,0,4,4,0,0,0
2006,Wycombe Wanderers,Torquay United,2,0,4,4,2,2,1
2007,Arsenal,Bolton Wanderers,2,0,1,1,2,2,1
2007,Arsenal,Everton,1,0,1,1,1,1,1
2007,Arsenal,Manchester City,1,0,1,1,1,1,1
2007,Arsenal,Sunderland,3,2,1,1,5,1,1
2007,Aston Villa,Blackburn Rovers,1,1,1,1,2,0,0
2007,Aston Villa,Liverpool,1,2,1,1,3,-1,0
2007,Aston Villa,Reading,3,1,1,1,4,2,1
2007,Aston Villa,West Ham United,1,0,1,1,1,1,1
2007,Birmingham City,Manchester United,0,1,1,1,1,-1,0
2007,Birmingham City,Portsmouth,0,2,1,1,2,-2,0
2007,Birmingham City,Tottenham Hotspur,4,1,1,1,5,3,1
2007,Blackburn Rovers,Wigan Athletic,3,1,1,1,4,2,1
2007,Bolton Wanderers,West Ham United,1,0,1,1,1,1,1
2007,Chelsea,Aston Villa,4,4,1,1,8,0,0
2007,Chelsea,Fulham,0,0,1,1,0,0,0
2007,Chelsea,Portsmouth,1,0,1,1,1,1,1
2007,Chelsea,Tottenham Hotspur,2,0,1,1,2,2,1
2007,Derby County,Sunderland,0,0,1,1,0,0,0
2007,Derby County,Wigan Athletic,0,1,1,1,1,-1,0
2007,Everton,Chelsea,0,1,1,1,1,-1,0
2007,Everton,Middlesbrough,2,0,1,1,2,2,1
2007,Fulham,Aston Villa,2,1,1,1,3,1,1
2007,Fulham,Portsmouth,0,2,1,1,2,-2,0
2007,Liverpool,Arsenal,1,1,1,1,2,0,0
2007,Liverpool,Blackburn Rovers,3,1,1,1,4,2,1
2007,Liverpool,Newcastle United,3,0,1,1,3,3,1
2007,Manchester City,Birmingham City,1,0,1,1,1,1,1
2007,Manchester City,Reading,2,1,1,1,3,1,1
2007,Manchester City,West Ham United,1,1,1,1,2,0,0
2007,Manchester United,Aston Villa,4,0,1,1,4,4,1
2007,Manchester United,Bolton Wanderers,2,0,1,1,2,2,1
2007,Manchester United,Everton,2,1,1,1,3,1,1
2007,Manchester United,Manchester City,1,2,1,1,3,-1,0
2007,Middlesbrough,Derby County,1,0,1,1,1,1,1
2007,Middlesbrough,Sunderland,2,2,1,1,4,0,0
2007,Middlesbrough,Wigan Athletic,1,0,1,1,1,1,1
2007,Portsmouth,Aston Villa,2,0,1,1,2,2,1
2007,Portsmouth,Everton,0,0,1,1,0,0,0
2007,Portsmouth,Newcastle United,0,0,1,1,0,0,0
2007,Reading,Arsenal,1,3,1,1,4,-2,0
2007,Reading,Derby County,1,0,1,1,1,1,1
2007,Reading,Middlesbrough,1,1,1,1,2,0,0
2007,Reading,Wigan Athletic,2,1,1,1,3,1,1
2007,Sunderland,Birmingham City,2,0,1,1,2,2,1
2007,Sunderland,Chelsea,0,1,1,1,1,-1,0
2007,Sunderland,Fulham,1,1,1,1,2,0,0
2007,Sunderland,Manchester United,0,4,1,1,4,-4,0
2007,Sunderland,Portsmouth,2,0,1,1,2,2,1
2007,Tottenham Hotspur,Bolton Wanderers,1,1,1,1,2,0,0
2007,Tottenham Hotspur,Everton,1,3,1,1,4,-2,0
2007,Tottenham Hotspur,Sunderland,2,0,1,1,2,2,1
2007,West Ham United,Derby County,2,1,1,1,3,1,1
2007,West Ham United,Liverpool,1,0,1,1,1,1,1
2007,West Ham United,Middlesbrough,3,0,1,1,3,3,1
2007,West Ham United,Wigan Athletic,1,1,1,1,2,0,0
2007,Barnsley,Bristol City,3,0,2,2,3,3,1
2007,Barnsley,Preston North End,1,0,2,2,1,1,1
2007,Barnsley,Stoke City,3,3,2,2,6,0,0
2007,Blackpool,Colchester United,2,2,2,2,4,0,0
2007,Blackpool,Watford,1,1,2,2,2,0,0
2007,Bristol City,Coventry City,2,1,2,2,3,1,1
2007,Bristol City,Southampton,2,1,2,2,3,1,1
2007,Burnley,Charlton Athletic,1,0,2,2,1,1,1
2007,Burnley,Leicester City,1,1,2,2,2,0,0
2007,Burnley,Preston North End,2,3,2,2,5,-1,0
2007,Burnley,Sheffield United,1,2,2,2,3,-1,0
2007,Burnley,Wolverhampton Wanderers,1,3,2,2,4,-2,0
2007,Cardiff City,Colchester United,4,1,2,2,5,3,1
2007,Cardiff City,Hull City,1,0,2,2,1,1,1
2007,Cardiff City,Norwich City,1,2,2,2,3,-1,0
2007,Cardiff City,Sheffield Wednesday,1,0,2,2,1,1,1
2007,Cardiff City,Watford,1,2,2,2,3,-1,0
2007,Charlton Athletic,Barnsley,1,1,2,2,2,0,0
2007,Charlton Athletic,Coventry City,4,1,2,2,5,3,1
2007,Colchester United,Cardiff City,1,1,2,2,2,0,0
2007,Colchester United,Wolverhampton Wanderers,0,1,2,2,1,-1,0
2007,Coventry City,Bristol City,0,3,2,2,3,-3,0
2007,Coventry City,Hull City,1,1,2,2,2,0,0
2007,Crystal Palace,Barnsley,2,0,2,2,2,2,1
2007,Crystal Palace,Colchester United,2,1,2,2,3,1,1
2007,Crystal Palace,Ipswich Town,0,1,2,2,1,-1,0
2007,Crystal Palace,Plymouth Argyle,2,1,2,2,3,1,1
2007,Crystal Palace,Southampton,1,1,2,2,2,0,0
2007,Hull City,Blackpool,2,2,2,2,4,0,0
2007,Hull City,Preston North End,3,0,2,2,3,3,1
2007,Hull City,Stoke City,1,1,2,2,2,0,0
2007,Hull City,Wolverhampton Wanderers,2,0,2,2,2,2,1
2007,Ipswich Town,Queens Park Rangers,0,0,2,2,0,0,0
2007,Ipswich Town,Sheffield Wednesday,4,1,2,2,5,3,1
2007,Ipswich Town,Watford,1,2,2,2,3,-1,0
2007,Leicester City,Colchester United,1,1,2,2,2,0,0
2007,Leicester City,Hull City,0,2,2,2,2,-2,0
2007,Norwich City,Coventry City,2,0,2,2,2,2,1
2007,Norwich City,Ipswich Town,2,2,2,2,4,0,0
2007,Norwich City,Stoke City,0,1,2,2,1,-1,0
2007,Plymouth Argyle,Charlton Athletic,1,2,2,2,3,-1,0
2007,Plymouth Argyle,Sheffield Wednesday,1,2,2,2,3,-1,0
2007,Preston North End,Barnsley,1,2,2,2,3,-1,0
2007,Preston North End,Burnley,2,1,2,2,3,1,1
2007,Preston North End,Hull City,3,0,2,2,3,3,1
2007,Preston North End,Southampton,5,1,2,2,6,4,1
2007,Preston North End,West Bromwich Albion,2,1,2,2,3,1,1
2007,Queens Park Rangers,Blackpool,3,2,2,2,5,1,1
2007,Queens Park Rangers,Coventry City,1,2,2,2,3,-1,0
2007,Queens Park Rangers,Plymouth Argyle,0,2,2,2,2,-2,0
2007,Queens Park Rangers,Wolverhampton Wanderers,0,0,2,2,0,0,0
2007,Scunthorpe United,Charlton Athletic,1,0,2,2,1,1,1
2007,Scunthorpe United,Leicester City,0,0,2,2,0,0,0
2007,Scunthorpe United,Preston North End,2,1,2,2,3,1,1
2007,Sheffield United,Burnley,0,0,2,2,0,0,0
2007,Sheffield United,Southampton,1,2,2,2,3,-1,0
2007,Sheffield United,West Bromwich Albion,1,0,2,2,1,1,1
2007,Sheffield Wednesday,Cardiff City,1,0,2,2,1,1,1
2007,Sheffield Wednesday,Coventry City,1,1,2,2,2,0,0
2007,Sheffield Wednesday,Stoke City,1,1,2,2,2,0,0
2007,Southampton,Bristol City,2,0,2,2,2,2,1
2007,Southampton,Crystal Palace,1,4,2,2,5,-3,0
2007,Southampton,Leicester City,1,0,2,2,1,1,1
2007,Southampton,Preston North End,0,1,2,2,1,-1,0
2007,Southampton,Watford,0,3,2,2,3,-3,0
2007,Stoke City,Queens Park Rangers,3,1,2,2,4,2,1
2007,Stoke City,Sheffield Wednesday,2,4,2,2,6,-2,0
2007,Watford,Cardiff City,2,2,2,2,4,0,0
2007,Watford,Plymouth Argyle,0,1,2,2,1,-1,0
2007,Watford,Scunthorpe United,0,1,2,2,1,-1,0
2007,Watford,Southampton,3,2,2,2,5,1,1
2007,Watford,Wolverhampton Wanderers,3,0,2,2,3,3,1
2007,West Bromwich Albion,Charlton Athletic,4,2,2,2,6,2,1
2007,West Bromwich Albion,Leicester City,1,4,2,2,5,-3,0
2007,West Bromwich Albion,Preston North End,2,0,2,2,2,2,1
2007,West Bromwich Albion,Sheffield United,0,0,2,2,0,0,0
2007,West Bromwich Albion,Stoke City,1,1,2,2,2,0,0
2007,Wolverhampton Wanderers,Burnley,2,3,2,2,5,-1,0
2007,Wolverhampton Wanderers,Colchester United,1,0,2,2,1,1,1
2007,Wolverhampton Wanderers,Hull City,0,1,2,2,1,-1,0
2007,Wolverhampton Wanderers,Sheffield Wednesday,2,1,2,2,3,1,1
2007,AFC Bournemouth,Hartlepool United,2,0,3,3,2,2,1
2007,AFC Bournemouth,Leyton Orient,3,1,3,3,4,2,1
2007,AFC Bournemouth,Northampton Town,1,1,3,3,2,0,0
2007,AFC Bournemouth,Port Vale,0,1,3,3,1,-1,0
2007,Brighton & Hove Albion,Doncaster Rovers,1,0,3,3,1,1,1
2007,Brighton & Hove Albion,Luton Town,3,1,3,3,4,2,1
2007,Brighton & Hove Albion,Tranmere Rovers,0,0,3,3,0,0,0
2007,Bristol Rovers,Gillingham,1,1,3,3,2,0,0
2007,Bristol Rovers,Walsall,1,1,3,3,2,0,0
2007,Carlisle United,Crewe Alexandra,1,0,3,3,1,1,1
2007,Carlisle United,Hartlepool United,4,2,3,3,6,2,1
2007,Carlisle United,Leyton Orient,1,0,3,3,1,1,1
2007,Carlisle United,Northampton Town,2,0,3,3,2,2,1
2007,Carlisle United,Port Vale,3,2,3,3,5,1,1
2007,Cheltenham,Bristol Rovers,1,0,3,3,1,1,1
2007,Cheltenham,Luton Town,1,0,3,3,1,1,1
2007,Cheltenham,Nottingham Forest,0,3,3,3,3,-3,0
2007,Cheltenham,Southend United,1,1,3,3,2,0,0
2007,Cheltenham,Tranmere Rovers,1,1,3,3,2,0,0
2007,Crewe Alexandra,Carlisle United,0,1,3,3,1,-1,0
2007,Crewe Alexandra,Millwall,0,0,3,3,0,0,0
2007,Crewe Alexandra,Oldham Athletic,1,4,3,3,5,-3,0
2007,Crewe Alexandra,Swansea City,2,2,3,3,4,0,0
2007,Crewe Alexandra,Walsall,0,0,3,3,0,0,0
2007,Doncaster Rovers,Brighton & Hove Albion,0,0,3,3,0,0,0
2007,Doncaster Rovers,Cheltenham,2,0,3,3,2,2,1
2007,Doncaster Rovers,Leyton Orient,4,2,3,3,6,2,1
2007,Doncaster Rovers,Northampton Town,2,0,3,3,2,2,1
2007,Doncaster Rovers,Swindon Town,2,0,3,3,2,2,1
2007,Gillingham,Bristol Rovers,3,2,3,3,5,1,1
2007,Gillingham,Crewe Alexandra,0,3,3,3,3,-3,0
2007,Gillingham,Huddersfield Town,1,0,3,3,1,1,1
2007,Gillingham,Luton Town,2,1,3,3,3,1,1
2007,Gillingham,Nottingham Forest,3,0,3,3,3,3,1
2007,Gillingham,Southend United,1,1,3,3,2,0,0
2007,Gillingham,Tranmere Rovers,0,2,3,3,2,-2,0
2007,Hartlepool United,Oldham Athletic,4,1,3,3,5,3,1
2007,Huddersfield Town,Brighton & Hove Albion,2,1,3,3,3,1,1
2007,Huddersfield Town,Cheltenham,2,3,3,3,5,-1,0
2007,Huddersfield Town,Yeovil,1,0,3,3,1,1,1
2007,Leeds United,Crewe Alexandra,1,1,3,3,2,0,0
2007,Leeds United,Hartlepool United,2,0,3,3,2,2,1
2007,Leeds United,Luton Town,1,0,3,3,1,1,1
2007,Leeds United,Southend United,4,1,3,3,5,3,1
2007,Leeds United,Tranmere Rovers,0,2,3,3,2,-2,0
2007,Leyton Orient,Carlisle United,0,3,3,3,3,-3,0
2007,Leyton Orient,Millwall,0,1,3,3,1,-1,0
2007,Leyton Orient,Oldham Athletic,1,0,3,3,1,1,1
2007,Leyton Orient,Swansea City,0,5,3,3,5,-5,0
2007,Leyton Orient,Walsall,1,0,3,3,1,1,1
2007,Luton Town,Brighton & Hove Albion,1,2,3,3,3,-1,0
2007,Luton Town,Northampton Town,4,1,3,3,5,3,1
2007,Luton Town,Swindon Town,0,1,3,3,1,-1,0
2007,Millwall,Bristol Rovers,0,1,3,3,1,-1,0
2007,Millwall,Crewe Alexandra,2,0,3,3,2,2,1
2007,Millwall,Hartlepool United,0,1,3,3,1,-1,0
2007,Millwall,Leyton Orient,0,1,3,3,1,-1,0
2007,Millwall,Nottingham Forest,2,2,3,3,4,0,0
2007,Millwall,Southend United,2,1,3,3,3,1,1
2007,Northampton Town,AFC Bournemouth,4,1,3,3,5,3,1
2007,Northampton Town,Luton Town,2,1,3,3,3,1,1
2007,Northampton Town,Oldham Athletic,2,0,3,3,2,2,1
2007,Northampton Town,Swansea City,4,2,3,3,6,2,1
2007,Nottingham Forest,Cheltenham,3,1,3,3,4,2,1
2007,Nottingham Forest,Gillingham,4,0,3,3,4,4,1
2007,Nottingham Forest,Leeds United,1,2,3,3,3,-1,0
2007,Nottingham Forest,Millwall,2,0,3,3,2,2,1
2007,Nottingham Forest,Swindon Town,1,0,3,3,1,1,1
2007,Oldham Athletic,Crewe Alexandra,3,2,3,3,5,1,1
2007,Oldham Athletic,Southend United,0,1,3,3,1,-1,0
2007,Port Vale,Carlisle United,1,1,3,3,2,0,0
2007,Port Vale,Huddersfield Town,0,0,3,3,0,0,0
2007,Port Vale,Luton Town,1,2,3,3,3,-1,0
2007,Port Vale,Walsall,1,1,3,3,2,0,0
2007,Southend United,Gillingham,3,0,3,3,3,3,1
2007,Southend United,Leeds United,1,0,3,3,1,1,1
2007,Southend United,Millwall,1,0,3,3,1,1,1
2007,Southend United,Swindon Town,2,1,3,3,3,1,1
2007,Swansea City,Bristol Rovers,2,2,3,3,4,0,0
2007,Swansea City,Crewe Alexandra,2,1,3,3,3,1,1
2007,Swansea City,Hartlepool United,1,0,3,3,1,1,1
2007,Swansea City,Tranmere Rovers,1,1,3,3,2,0,0
2007,Swindon Town,Huddersfield Town,3,2,3,3,5,1,1
2007,Swindon Town,Luton Town,2,1,3,3,3,1,1
2007,Swindon Town,Nottingham Forest,2,1,3,3,3,1,1
2007,Swindon Town,Walsall,0,3,3,3,3,-3,0
2007,Tranmere Rovers,Brighton & Hove Albion,2,0,3,3,2,2,1
2007,Tranmere Rovers,Cheltenham,1,0,3,3,1,1,1
2007,Tranmere Rovers,Gillingham,2,0,3,3,2,2,1
2007,Tranmere Rovers,Yeovil,2,1,3,3,3,1,1
2007,Walsall,Crewe Alexandra,1,1,3,3,2,0,0
2007,Walsall,Leyton Orient,0,0,3,3,0,0,0
2007,Walsall,Northampton Town,0,2,3,3,2,-2,0
2007,Walsall,Swindon Town,2,2,3,3,4,0,0
2007,Yeovil,Southend United,0,3,3,3,3,-3,0
2007,Accrington,Bradford City,0,2,4,4,2,-2,0
2007,Accrington,Darlington,0,3,4,4,3,-3,0
2007,Accrington,Peterborough United,0,2,4,4,2,-2,0
2007,Accrington,Shrewsbury Town,1,2,4,4,3,-1,0
2007,Barnet,Chesterfield,0,2,4,4,2,-2,0
2007,Barnet,Grimsby Town,0,3,4,4,3,-3,0
2007,Bradford City,Dagenham and Redbridge,0,2,4,4,2,-2,0
2007,Bradford City,Mansfield Town,1,2,4,4,3,-1,0
2007,Brentford,Barnet,2,1,4,4,3,1,1
2007,Brentford,Chester,3,0,4,4,3,3,1
2007,Brentford,Darlington,0,2,4,4,2,-2,0
2007,Brentford,Peterborough United,1,2,4,4,3,-1,0
2007,Brentford,Shrewsbury Town,1,1,4,4,2,0,0
2007,Brentford,Wycombe Wanderers,1,3,4,4,4,-2,0
2007,Bury,Grimsby Town,1,1,4,4,2,0,0
2007,Bury,Macclesfield,1,0,4,4,1,1,1
2007,Bury,Rochdale,1,1,4,4,2,0,0
2007,Bury,Stockport County,2,3,4,4,5,-1,0
2007,Chester,Accrington,2,3,4,4,5,-1,0
2007,Chester,Hereford United,1,1,4,4,2,0,0
2007,Chester,Notts County,0,1,4,4,1,-1,0
2007,Chester,Wrexham,0,2,4,4,2,-2,0
2007,Chesterfield,Bury,3,1,4,4,4,2,1
2007,Chesterfield,Darlington,1,1,4,4,2,0,0
2007,Chesterfield,Milton Keynes Dons,1,2,4,4,3,-1,0
2007,Chesterfield,Peterborough United,1,2,4,4,3,-1,0
2007,Chesterfield,Shrewsbury Town,4,1,4,4,5,3,1
2007,Dagenham and Redbridge,Chester,6,2,4,4,8,4,1
2007,Dagenham and Redbridge,Grimsby Town,0,0,4,4,0,0,0
2007,Dagenham and Redbridge,Rochdale,1,1,4,4,2,0,0
2007,Darlington,Chesterfield,0,0,4,4,0,0,0
2007,Darlington,Mansfield Town,1,2,4,4,3,-1,0
2007,Darlington,Notts County,2,2,4,4,4,0,0
2007,Darlington,Wrexham,2,0,4,4,2,2,1
2007,Grimsby Town,Dagenham and Redbridge,1,4,4,4,5,-3,0
2007,Grimsby Town,Peterborough United,1,4,4,4,5,-3,0
2007,Grimsby Town,Shrewsbury Town,1,1,4,4,2,0,0
2007,Grimsby Town,Wycombe Wanderers,0,1,4,4,1,-1,0
2007,Hereford United,Macclesfield,0,1,4,4,1,-1,0
2007,Hereford United,Morecambe,0,3,4,4,3,-3,0
2007,Hereford United,Rochdale,1,1,4,4,2,0,0
2007,Hereford United,Stockport County,0,1,4,4,1,-1,0
2007,Lincoln City,Brentford,3,1,4,4,4,2,1
2007,Lincoln City,Grimsby Town,1,2,4,4,3,-1,0
2007,Lincoln City,Notts County,2,1,4,4,3,1,1
2007,Lincoln City,Rotherham United,1,3,4,4,4,-2,0
2007,Macclesfield,Bury,2,2,4,4,4,0,0
2007,Macclesfield,Hereford United,0,1,4,4,1,-1,0
2007,Macclesfield,Milton Keynes Dons,3,3,4,4,6,0,0
2007,Macclesfield,Shrewsbury Town,2,1,4,4,3,1,1
2007,Macclesfield,Wycombe Wanderers,1,2,4,4,3,-1,0
2007,Mansfield Town,Bradford City,0,0,4,4,0,0,0
2007,Mansfield Town,Chester,1,3,4,4,4,-2,0
2007,Mansfield Town,Darlington,0,1,4,4,1,-1,0
2007,Mansfield Town,Morecambe,1,2,4,4,3,-1,0
2007,Milton Keynes Dons,Brentford,1,1,4,4,2,0,0
2007,Milton Keynes Dons,Chesterfield,1,2,4,4,3,-1,0
2007,Milton Keynes Dons,Macclesfield,1,1,4,4,2,0,0
2007,Milton Keynes Dons,Notts County,3,0,4,4,3,3,1
2007,Milton Keynes Dons,Wrexham,4,1,4,4,5,3,1
2007,Morecambe,Dagenham and Redbridge,1,0,4,4,1,1,1
2007,Morecambe,Hereford United,0,3,4,4,3,-3,0
2007,Morecambe,Mansfield Town,3,1,4,4,4,2,1
2007,Notts County,Chester,1,0,4,4,1,1,1
2007,Notts County,Stockport County,1,2,4,4,3,-1,0
2007,Peterborough United,Accrington,8,2,4,4,10,6,1
2007,Peterborough United,Grimsby Town,2,1,4,4,3,1,1
2007,Peterborough United,Macclesfield,0,1,4,4,1,-1,0
2007,Peterborough United,Rotherham United,3,1,4,4,4,2,1
2007,Peterborough United,Wrexham,0,0,4,4,0,0,0
2007,Rochdale,Notts County,4,2,4,4,6,2,1
2007,Rochdale,Wycombe Wanderers,0,1,4,4,1,-1,0
2007,Rotherham United,Bradford City,1,1,4,4,2,0,0
2007,Rotherham United,Chester,1,1,4,4,2,0,0
2007,Rotherham United,Darlington,0,2,4,4,2,-2,0
2007,Rotherham United,Lincoln City,3,2,4,4,5,1,1
2007,Shrewsbury Town,Accrington,2,0,4,4,2,2,1
2007,Shrewsbury Town,Wrexham,3,0,4,4,3,3,1
2007,Stockport County,Bury,1,2,4,4,3,-1,0
2007,Stockport County,Notts County,1,1,4,4,2,0,0
2007,Stockport County,Wycombe Wanderers,6,0,4,4,6,6,1
2007,Wrexham,Bradford City,1,1,4,4,2,0,0
2007,Wrexham,Chester,2,2,4,4,4,0,0
2007,Wrexham,Darlington,2,0,4,4,2,2,1
2007,Wrexham,Lincoln City,1,0,4,4,1,1,1
2007,Wrexham,Peterborough United,0,2,4,4,2,-2,0
2007,Wycombe Wanderers,Morecambe,2,0,4,4,2,2,1
2007,Wycombe Wanderers,Rochdale,0,1,4,4,1,-1,0
2007,Wycombe Wanderers,Stockport County,0,0,4,4,0,0,0
2008,Arsenal,Everton,3,1,1,1,4,2,1
2008,Arsenal,Stoke City,4,1,1,1,5,3,1
2008,Aston Villa,Chelsea,0,1,1,1,1,-1,0
2008,Aston Villa,Wigan Athletic,0,0,1,1,0,0,0
2008,Blackburn Rovers,Bolton Wanderers,2,2,1,1,4,0,0
2008,Blackburn Rovers,Newcastle United,3,0,1,1,3,3,1
2008,Bolton Wanderers,Stoke City,3,1,1,1,4,2,1
2008,Bolton Wanderers,West Bromwich Albion,0,0,1,1,0,0,0
2008,Chelsea,Manchester United,1,1,1,1,2,0,0
2008,Chelsea,Portsmouth,4,0,1,1,4,4,1
2008,Chelsea,Tottenham Hotspur,1,1,1,1,2,0,0
2008,Chelsea,Wigan Athletic,2,1,1,1,3,1,1
2008,Everton,Manchester City,1,2,1,1,3,-1,0
2008,Everton,Newcastle United,2,2,1,1,4,0,0
2008,Everton,Sunderland,3,0,1,1,3,3,1
2008,Fulham,West Bromwich Albion,2,0,1,1,2,2,1
2008,Hull City,Arsenal,1,3,1,1,4,-2,0
2008,Hull City,Bolton Wanderers,0,1,1,1,1,-1,0
2008,Hull City,Manchester United,0,1,1,1,1,-1,0
2008,Liverpool,Everton,1,1,1,1,2,0,0
2008,Liverpool,Newcastle United,3,0,1,1,3,3,1
2008,Manchester City,Aston Villa,2,0,1,1,2,2,1
2008,Manchester City,Chelsea,1,3,1,1,4,-2,0
2008,Manchester City,Hull City,5,1,1,1,6,4,1
2008,Manchester United,Arsenal,0,0,1,1,0,0,0
2008,Manchester United,Fulham,3,0,1,1,3,3,1
2008,Manchester United,Manchester City,2,0,1,1,2,2,1
2008,Middlesbrough,Blackburn Rovers,0,0,1,1,0,0,0
2008,Middlesbrough,Newcastle United,0,0,1,1,0,0,0
2008,Middlesbrough,Sunderland,1,1,1,1,2,0,0
2008,Middlesbrough,West Ham United,1,1,1,1,2,0,0
2008,Newcastle United,Chelsea,0,2,1,1,2,-2,0
2008,Newcastle United,West Bromwich Albion,2,1,1,1,3,1,1
2008,Portsmouth,Arsenal,0,3,1,1,3,-3,0
2008,Portsmouth,Bolton Wanderers,1,0,1,1,1,1,1
2008,Portsmouth,Tottenham Hotspur,2,0,1,1,2,2,1
2008,Portsmouth,Wigan Athletic,1,2,1,1,3,-1,0
2008,Stoke City,Middlesbrough,1,0,1,1,1,1,1
2008,Stoke City,Sunderland,1,0,1,1,1,1,1
2008,Stoke City,West Ham United,0,1,1,1,1,-1,0
2008,Sunderland,Chelsea,2,3,1,1,5,-1,0
2008,Tottenham Hotspur,Sunderland,1,2,1,1,3,-1,0
2008,Tottenham Hotspur,Wigan Athletic,0,0,1,1,0,0,0
2008,West Bromwich Albion,Blackburn Rovers,2,2,1,1,4,0,0
2008,West Bromwich Albion,Liverpool,0,2,1,1,2,-2,0
2008,West Ham United,Hull City,2,0,1,1,2,2,1
2008,West Ham United,Manchester United,0,1,1,1,1,-1,0
2008,West Ham United,Portsmouth,0,0,1,1,0,0,0
2008,Wigan Athletic,Bolton Wanderers,0,0,1,1,0,0,0
2008,Wigan Athletic,Fulham,0,0,1,1,0,0,0
2008,Wigan Athletic,Manchester City,2,1,1,1,3,1,1
2008,Wigan Athletic,Sunderland,1,1,1,1,2,0,0
2008,Barnsley,Bristol City,0,0,2,2,0,0,0
2008,Barnsley,Charlton Athletic,0,0,2,2,0,0,0
2008,Barnsley,Derby County,2,0,2,2,2,2,1
2008,Barnsley,Norwich City,0,0,2,2,0,0,0
2008,Birmingham City,Barnsley,2,0,2,2,2,2,1
2008,Birmingham City,Coventry City,0,1,2,2,1,-1,0
2008,Birmingham City,Doncaster Rovers,1,0,2,2,1,1,1
2008,Birmingham City,Nottingham Forest,2,0,2,2,2,2,1
2008,Birmingham City,Queens Park Rangers,1,0,2,2,1,1,1
2008,Birmingham City,Sheffield Wednesday,3,1,2,2,4,2,1
2008,Blackpool,Cardiff City,1,1,2,2,2,0,0
2008,Blackpool,Ipswich Town,0,1,2,2,1,-1,0
2008,Blackpool,Plymouth Argyle,0,1,2,2,1,-1,0
2008,Blackpool,Reading,2,2,2,2,4,0,0
2008,Blackpool,Southampton,1,1,2,2,2,0,0
2008,Bristol City,Charlton Athletic,2,1,2,2,3,1,1
2008,Bristol City,Derby County,1,1,2,2,2,0,0
2008,Bristol City,Preston North End,1,1,2,2,2,0,0
2008,Bristol City,Sheffield United,0,0,2,2,0,0,0
2008,Bristol City,Swansea City,0,0,2,2,0,0,0
2008,Burnley,Barnsley,1,2,2,2,3,-1,0
2008,Burnley,Queens Park Rangers,1,0,2,2,1,1,1
2008,Burnley,Sheffield Wednesday,2,4,2,2,6,-2,0
2008,Burnley,Watford,3,2,2,2,5,1,1
2008,Cardiff City,Burnley,3,1,2,2,4,2,1
2008,Cardiff City,Crystal Palace,2,1,2,2,3,1,1
2008,Cardiff City,Plymouth Argyle,1,0,2,2,1,1,1
2008,Cardiff City,Reading,2,2,2,2,4,0,0
2008,Cardiff City,Southampton,2,1,2,2,3,1,1
2008,Charlton Athletic,Swansea City,2,0,2,2,2,2,1
2008,Coventry City,Barnsley,1,1,2,2,2,0,0
2008,Coventry City,Charlton Athletic,0,0,2,2,0,0,0
2008,Coventry City,Doncaster Rovers,1,0,2,2,1,1,1
2008,Coventry City,Queens Park Rangers,1,0,2,2,1,1,1
2008,Coventry City,Watford,2,3,2,2,5,-1,0
2008,Crystal Palace,Ipswich Town,1,4,2,2,5,-3,0
2008,Crystal Palace,Plymouth Argyle,1,2,2,2,3,-1,0
2008,Derby County,Cardiff City,1,1,2,2,2,0,0
2008,Derby County,Norwich City,3,1,2,2,4,2,1
2008,Derby County,Swansea City,2,2,2,2,4,0,0
2008,Doncaster Rovers,Barnsley,0,1,2,2,1,-1,0
2008,Doncaster Rovers,Charlton Athletic,0,1,2,2,1,-1,0
2008,Doncaster Rovers,Sheffield Wednesday,1,0,2,2,1,1,1
2008,Ipswich Town,Birmingham City,0,1,2,2,1,-1,0
2008,Ipswich Town,Doncaster Rovers,1,3,2,2,4,-2,0
2008,Ipswich Town,Plymouth Argyle,0,0,2,2,0,0,0
2008,Ipswich Town,Southampton,0,3,2,2,3,-3,0
2008,Ipswich Town,Wolverhampton Wanderers,0,2,2,2,2,-2,0
2008,Norwich City,Ipswich Town,2,0,2,2,2,2,1
2008,Norwich City,Swansea City,2,3,2,2,5,-1,0
2008,Nottingham Forest,Barnsley,1,0,2,2,1,1,1
2008,Nottingham Forest,Bristol City,3,2,2,2,5,1,1
2008,Nottingham Forest,Charlton Athletic,0,0,2,2,0,0,0
2008,Nottingham Forest,Norwich City,1,2,2,2,3,-1,0
2008,Nottingham Forest,Queens Park Rangers,2,2,2,2,4,0,0
2008,Plymouth Argyle,Burnley,1,2,2,2,3,-1,0
2008,Plymouth Argyle,Doncaster Rovers,0,3,2,2,3,-3,0
2008,Plymouth Argyle,Reading,2,2,2,2,4,0,0
2008,Plymouth Argyle,Wolverhampton Wanderers,2,2,2,2,4,0,0
2008,Preston North End,Blackpool,0,1,2,2,1,-1,0
2008,Preston North End,Cardiff City,6,0,2,2,6,6,1
2008,Preston North End,Crystal Palace,2,0,2,2,2,2,1
2008,Preston North End,Plymouth Argyle,1,1,2,2,2,0,0
2008,Preston North End,Sheffield United,0,0,2,2,0,0,0
2008,Preston North End,Swansea City,0,2,2,2,2,-2,0
2008,Queens Park Rangers,Bristol City,2,1,2,2,3,1,1
2008,Queens Park Rangers,Derby County,0,2,2,2,2,-2,0
2008,Queens Park Rangers,Preston North End,3,2,2,2,5,1,1
2008,Queens Park Rangers,Watford,0,0,2,2,0,0,0
2008,Reading,Burnley,3,1,2,2,4,2,1
2008,Reading,Coventry City,3,1,2,2,4,2,1
2008,Reading,Doncaster Rovers,2,1,2,2,3,1,1
2008,Reading,Nottingham Forest,0,1,2,2,1,-1,0
2008,Reading,Queens Park Rangers,0,0,2,2,0,0,0
2008,Reading,Southampton,1,2,2,2,3,-1,0
2008,Reading,Wolverhampton Wanderers,1,0,2,2,1,1,1
2008,Sheffield United,Blackpool,2,2,2,2,4,0,0
2008,Sheffield United,Cardiff City,0,0,2,2,0,0,0
2008,Sheffield United,Plymouth Argyle,2,0,2,2,2,2,1
2008,Sheffield United,Reading,0,2,2,2,2,-2,0
2008,Sheffield United,Swansea City,1,0,2,2,1,1,1
2008,Sheffield Wednesday,Barnsley,0,1,2,2,1,-1,0
2008,Sheffield Wednesday,Bristol City,0,0,2,2,0,0,0
2008,Sheffield Wednesday,Derby County,0,1,2,2,1,-1,0
2008,Sheffield Wednesday,Norwich City,3,2,2,2,5,1,1
2008,Sheffield Wednesday,Sheffield United,1,0,2,2,1,1,1
2008,Southampton,Birmingham City,1,2,2,2,3,-1,0
2008,Swansea City,Cardiff City,2,2,2,2,4,0,0
2008,Watford,Barnsley,1,1,2,2,2,0,0
2008,Watford,Norwich City,2,1,2,2,3,1,1
2008,Watford,Preston North End,2,1,2,2,3,1,1
2008,Watford,Sheffield United,0,2,2,2,2,-2,0
2008,Watford,Swansea City,2,0,2,2,2,2,1
2008,Wolverhampton Wanderers,Birmingham City,1,1,2,2,2,0,0
2008,Wolverhampton Wanderers,Doncaster Rovers,1,0,2,2,1,1,1
2008,Wolverhampton Wanderers,Queens Park Rangers,1,0,2,2,1,1,1
2008,Wolverhampton Wanderers,Watford,3,1,2,2,4,2,1
2008,Brighton & Hove Albion,Cheltenham,3,3,3,3,6,0,0
2008,Brighton & Hove Albion,Hartlepool United,2,1,3,3,3,1,1
2008,Brighton & Hove Albion,Southend United,1,3,3,3,4,-2,0
2008,Brighton & Hove Albion,Tranmere Rovers,0,0,3,3,0,0,0
2008,Bristol Rovers,Peterborough United,0,1,3,3,1,-1,0
2008,Bristol Rovers,Stockport County,2,0,3,3,2,2,1
2008,Bristol Rovers,Walsall,1,3,3,3,4,-2,0
2008,Carlisle United,Leyton Orient,1,3,3,3,4,-2,0
2008,Carlisle United,Northampton Town,1,1,3,3,2,0,0
2008,Carlisle United,Scunthorpe United,1,1,3,3,2,0,0
2008,Carlisle United,Swindon Town,1,1,3,3,2,0,0
2008,Cheltenham,Millwall,1,3,3,3,4,-2,0
2008,Cheltenham,Oldham Athletic,1,1,3,3,2,0,0
2008,Cheltenham,Southend United,0,0,3,3,0,0,0
2008,Cheltenham,Tranmere Rovers,1,0,3,3,1,1,1
2008,Colchester United,Brighton & Hove Albion,0,1,3,3,1,-1,0
2008,Colchester United,Hereford United,1,2,3,3,3,-1,0
2008,Colchester United,Peterborough United,0,1,3,3,1,-1,0
2008,Colchester United,Stockport County,1,0,3,3,1,1,1
2008,Crewe Alexandra,Colchester United,2,0,3,3,2,2,1
2008,Crewe Alexandra,Leyton Orient,0,2,3,3,2,-2,0
2008,Crewe Alexandra,Scunthorpe United,3,2,3,3,5,1,1
2008,Crewe Alexandra,Swindon Town,1,0,3,3,1,1,1
2008,Crewe Alexandra,Yeovil,2,0,3,3,2,2,1
2008,Hartlepool United,Leeds United,0,1,3,3,1,-1,0
2008,Hartlepool United,Millwall,2,3,3,3,5,-1,0
2008,Hartlepool United,Oldham Athletic,3,3,3,3,6,0,0
2008,Hartlepool United,Southend United,3,0,3,3,3,3,1
2008,Hartlepool United,Tranmere Rovers,2,1,3,3,3,1,1
2008,Hereford United,Peterborough United,0,1,3,3,1,-1,0
2008,Hereford United,Stockport County,0,1,3,3,1,-1,0
2008,Huddersfield Town,Colchester United,2,2,3,3,4,0,0
2008,Huddersfield Town,Hereford United,2,0,3,3,2,2,1
2008,Huddersfield Town,Scunthorpe United,2,0,3,3,2,2,1
2008,Huddersfield Town,Swindon Town,2,1,3,3,3,1,1
2008,Huddersfield Town,Yeovil,0,0,3,3,0,0,0
2008,Leeds United,Carlisle United,0,2,3,3,2,-2,0
2008,Leeds United,Huddersfield Town,1,2,3,3,3,-1,0
2008,Leeds United,Southend United,2,0,3,3,2,2,1
2008,Leicester City,Brighton & Hove Albion,0,0,3,3,0,0,0
2008,Leicester City,Hartlepool United,1,0,3,3,1,1,1
2008,Leicester City,Milton Keynes Dons,2,0,3,3,2,2,1
2008,Leicester City,Peterborough United,4,0,3,3,4,4,1
2008,Leyton Orient,Bristol Rovers,1,2,3,3,3,-1,0
2008,Leyton Orient,Colchester United,2,1,3,3,3,1,1
2008,Leyton Orient,Scunthorpe United,2,2,3,3,4,0,0
2008,Leyton Orient,Yeovil,0,1,3,3,1,-1,0
2008,Millwall,Carlisle United,1,0,3,3,1,1,1
2008,Millwall,Crewe Alexandra,0,0,3,3,0,0,0
2008,Millwall,Leyton Orient,2,1,3,3,3,1,1
2008,Millwall,Oldham Athletic,2,3,3,3,5,-1,0
2008,Millwall,Southend United,1,1,3,3,2,0,0
2008,Milton Keynes Dons,Brighton & Hove Albion,2,0,3,3,2,2,1
2008,Milton Keynes Dons,Cheltenham,3,1,3,3,4,2,1
2008,Milton Keynes Dons,Hartlepool United,3,1,3,3,4,2,1
2008,Milton Keynes Dons,Peterborough United,1,2,3,3,3,-1,0
2008,Northampton Town,Colchester United,1,2,3,3,3,-1,0
2008,Northampton Town,Hereford United,2,1,3,3,3,1,1
2008,Northampton Town,Swindon Town,3,4,3,3,7,-1,0
2008,Northampton Town,Yeovil,3,0,3,3,3,3,1
2008,Oldham Athletic,Crewe Alexandra,1,1,3,3,2,0,0
2008,Oldham Athletic,Southend United,1,1,3,3,2,0,0
2008,Oldham Athletic,Tranmere Rovers,0,2,3,3,2,-2,0
2008,Peterborough United,Cheltenham,1,1,3,3,2,0,0
2008,Peterborough United,Hartlepool United,1,2,3,3,3,-1,0
2008,Peterborough United,Leeds United,2,0,3,3,2,2,1
2008,Peterborough United,Millwall,1,0,3,3,1,1,1
2008,Peterborough United,Stockport County,1,0,3,3,1,1,1
2008,Peterborough United,Walsall,1,0,3,3,1,1,1
2008,Scunthorpe United,Hereford United,3,0,3,3,3,3,1
2008,Scunthorpe United,Milton Keynes Dons,0,1,3,3,1,-1,0
2008,Scunthorpe United,Swindon Town,3,3,3,3,6,0,0
2008,Southend United,Carlisle United,3,0,3,3,3,3,1
2008,Southend United,Crewe Alexandra,0,1,3,3,1,-1,0
2008,Southend United,Tranmere Rovers,2,1,3,3,3,1,1
2008,Stockport County,Hartlepool United,2,1,3,3,3,1,1
2008,Stockport County,Leeds United,1,3,3,3,4,-2,0
2008,Stockport County,Millwall,2,2,3,3,4,0,0
2008,Stockport County,Oldham Athletic,3,1,3,3,4,2,1
2008,Stockport County,Walsall,1,2,3,3,3,-1,0
2008,Swindon Town,Bristol Rovers,2,1,3,3,3,1,1
2008,Swindon Town,Hereford United,3,0,3,3,3,3,1
2008,Swindon Town,Stockport County,1,1,3,3,2,0,0
2008,Tranmere Rovers,Crewe Alexandra,2,0,3,3,2,2,1
2008,Tranmere Rovers,Huddersfield Town,3,1,3,3,4,2,1
2008,Tranmere Rovers,Northampton Town,4,1,3,3,5,3,1
2008,Tranmere Rovers,Scunthorpe United,2,0,3,3,2,2,1
2008,Walsall,Cheltenham,1,1,3,3,2,0,0
2008,Walsall,Leeds United,1,0,3,3,1,1,1
2008,Walsall,Millwall,1,2,3,3,3,-1,0
2008,Walsall,Oldham Athletic,1,2,3,3,3,-1,0
2008,Walsall,Southend United,5,2,3,3,7,3,1
2008,Yeovil,Bristol Rovers,2,2,3,3,4,0,0
2008,Yeovil,Hereford United,2,2,3,3,4,0,0
2008,Yeovil,Leicester City,0,2,3,3,2,-2,0
2008,Yeovil,Walsall,1,1,3,3,2,0,0
2008,Accrington,Luton Town,0,0,4,4,0,0,0
2008,AFC Bournemouth,Chester,1,0,4,4,1,1,1
2008,AFC Bournemouth,Grimsby Town,2,1,4,4,3,1,1
2008,AFC Bournemouth,Macclesfield,0,1,4,4,1,-1,0
2008,AFC Bournemouth,Shrewsbury Town,1,0,4,4,1,1,1
2008,Aldershot,Brentford,1,1,4,4,2,0,0
2008,Aldershot,Exeter City,1,0,4,4,1,1,1
2008,Aldershot,Wycombe Wanderers,3,2,4,4,5,1,1
2008,Barnet,Dagenham and Redbridge,1,1,4,4,2,0,0
2008,Barnet,Notts County,0,4,4,4,4,-4,0
2008,Barnet,Rotherham United,2,0,4,4,2,2,1
2008,Bradford City,Accrington,1,1,4,4,2,0,0
2008,Bradford City,Barnet,3,3,4,4,6,0,0
2008,Bradford City,Chester,0,0,4,4,0,0,0
2008,Bradford City,Darlington,0,0,4,4,0,0,0
2008,Bradford City,Grimsby Town,2,0,4,4,2,2,1
2008,Brentford,Chesterfield,0,1,4,4,1,-1,0
2008,Brentford,Morecambe,3,1,4,4,4,2,1
2008,Bury,Brentford,1,0,4,4,1,1,1
2008,Bury,Luton Town,1,2,4,4,3,-1,0
2008,Bury,Notts County,2,0,4,4,2,2,1
2008,Chester,Accrington,2,0,4,4,2,2,1
2008,Chester,Macclesfield,0,2,4,4,2,-2,0
2008,Chester,Shrewsbury Town,1,1,4,4,2,0,0
2008,Chesterfield,Chester,1,1,4,4,2,0,0
2008,Chesterfield,Exeter City,2,1,4,4,3,1,1
2008,Chesterfield,Wycombe Wanderers,0,1,4,4,1,-1,0
2008,Dagenham and Redbridge,Aldershot,3,1,4,4,4,2,1
2008,Dagenham and Redbridge,Brentford,3,1,4,4,4,2,1
2008,Dagenham and Redbridge,Chesterfield,3,0,4,4,3,3,1
2008,Dagenham and Redbridge,Gillingham,2,0,4,4,2,2,1
2008,Dagenham and Redbridge,Rotherham United,1,1,4,4,2,0,0
2008,Darlington,Accrington,3,0,4,4,3,3,1
2008,Darlington,Dagenham and Redbridge,3,0,4,4,3,3,1
2008,Darlington,Macclesfield,1,2,4,4,3,-1,0
2008,Darlington,Port Vale,2,1,4,4,3,1,1
2008,Darlington,Shrewsbury Town,1,1,4,4,2,0,0
2008,Exeter City,AFC Bournemouth,1,3,4,4,4,-2,0
2008,Exeter City,Chester,2,0,4,4,2,2,1
2008,Exeter City,Darlington,2,0,4,4,2,2,1
2008,Exeter City,Morecambe,2,2,4,4,4,0,0
2008,Exeter City,Wycombe Wanderers,1,0,4,4,1,1,1
2008,Gillingham,Chesterfield,2,1,4,4,3,1,1
2008,Gillingham,Exeter City,1,0,4,4,1,1,1
2008,Gillingham,Notts County,2,2,4,4,4,0,0
2008,Gillingham,Rotherham United,4,0,4,4,4,4,1
2008,Grimsby Town,Bury,1,2,4,4,3,-1,0
2008,Grimsby Town,Gillingham,3,0,4,4,3,3,1
2008,Grimsby Town,Macclesfield,0,0,4,4,0,0,0
2008,Grimsby Town,Port Vale,3,0,4,4,3,3,1
2008,Lincoln City,AFC Bournemouth,3,3,4,4,6,0,0
2008,Lincoln City,Chester,1,1,4,4,2,0,0
2008,Lincoln City,Darlington,0,1,4,4,1,-1,0
2008,Lincoln City,Morecambe,1,1,4,4,2,0,0
2008,Luton Town,Brentford,0,1,4,4,1,-1,0
2008,Luton Town,Exeter City,1,2,4,4,3,-1,0
2008,Luton Town,Rotherham United,2,4,4,4,6,-2,0
2008,Macclesfield,Accrington,0,2,4,4,2,-2,0
2008,Macclesfield,Barnet,2,1,4,4,3,1,1
2008,Macclesfield,Bury,1,1,4,4,2,0,0
2008,Macclesfield,Dagenham and Redbridge,0,4,4,4,4,-4,0
2008,Macclesfield,Luton Town,2,1,4,4,3,1,1
2008,Morecambe,Bradford City,2,1,4,4,3,1,1
2008,Morecambe,Rochdale,1,1,4,4,2,0,0
2008,Notts County,Aldershot,2,1,4,4,3,1,1
2008,Notts County,Chesterfield,0,1,4,4,1,-1,0
2008,Notts County,Lincoln City,0,1,4,4,1,-1,0
2008,Notts County,Morecambe,1,0,4,4,1,1,1
2008,Notts County,Rotherham United,0,3,4,4,3,-3,0
2008,Port Vale,Barnet,0,0,4,4,0,0,0
2008,Port Vale,Dagenham and Redbridge,0,1,4,4,1,-1,0
2008,Port Vale,Gillingham,1,3,4,4,4,-2,0
2008,Port Vale,Notts County,1,2,4,4,3,-1,0
2008,Rochdale,AFC Bournemouth,1,1,4,4,2,0,0
2008,Rochdale,Bradford City,3,0,4,4,3,3,1
2008,Rochdale,Darlington,0,2,4,4,2,-2,0
2008,Rochdale,Grimsby Town,2,0,4,4,2,2,1
2008,Rochdale,Macclesfield,1,1,4,4,2,0,0
2008,Rochdale,Wycombe Wanderers,0,1,4,4,1,-1,0
2008,Rotherham United,Aldershot,1,2,4,4,3,-1,0
2008,Rotherham United,Rochdale,2,2,4,4,4,0,0
2008,Shrewsbury Town,Barnet,2,2,4,4,4,0,0
2008,Shrewsbury Town,Dagenham and Redbridge,2,1,4,4,3,1,1
2008,Shrewsbury Town,Gillingham,7,0,4,4,7,7,1
2008,Shrewsbury Town,Notts County,3,2,4,4,5,1,1
2008,Shrewsbury Town,Rotherham United,1,0,4,4,1,1,1
2008,Wycombe Wanderers,AFC Bournemouth,3,1,4,4,4,2,1
2008,Wycombe Wanderers,Grimsby Town,0,1,4,4,1,-1,0
2009,Arsenal,Chelsea,0,3,1,1,3,-3,0
2009,Arsenal,Sunderland,2,0,1,1,2,2,1
2009,Aston Villa,Burnley,5,2,1,1,7,3,1
2009,Aston Villa,Fulham,2,0,1,1,2,2,1
2009,Aston Villa,Stoke City,1,0,1,1,1,1,1
2009,Birmingham City,Arsenal,1,1,1,1,2,0,0
2009,Birmingham City,Bolton Wanderers,1,2,1,1,3,-1,0
2009,Birmingham City,Everton,2,2,1,1,4,0,0
2009,Birmingham City,Portsmouth,1,0,1,1,1,1,1
2009,Birmingham City,Wolverhampton Wanderers,2,1,1,1,3,1,1
2009,Blackburn Rovers,Birmingham City,2,1,1,1,3,1,1
2009,Blackburn Rovers,Wigan Athletic,2,1,1,1,3,1,1
2009,Bolton Wanderers,Stoke City,1,1,1,1,2,0,0
2009,Bolton Wanderers,West Ham United,3,1,1,1,4,2,1
2009,Burnley,Everton,1,0,1,1,1,1,1
2009,Chelsea,Birmingham City,3,0,1,1,3,3,1
2009,Chelsea,Burnley,3,0,1,1,3,3,1
2009,Chelsea,Hull City,2,1,1,1,3,1,1
2009,Chelsea,Sunderland,7,2,1,1,9,5,1
2009,Chelsea,Wigan Athletic,8,0,1,1,8,8,1
2009,Everton,Fulham,2,1,1,1,3,1,1
2009,Everton,Manchester City,2,0,1,1,2,2,1
2009,Fulham,Liverpool,3,1,1,1,4,2,1
2009,Hull City,Birmingham City,0,1,1,1,1,-1,0
2009,Hull City,Fulham,2,0,1,1,2,2,1
2009,Hull City,Manchester United,1,3,1,1,4,-2,0
2009,Hull City,Sunderland,0,1,1,1,1,-1,0
2009,Hull City,Wigan Athletic,2,1,1,1,3,1,1
2009,Liverpool,Aston Villa,1,3,1,1,4,-2,0
2009,Liverpool,Bolton Wanderers,2,0,1,1,2,2,1
2009,Liverpool,Everton,1,0,1,1,1,1,1
2009,Liverpool,Manchester City,2,2,1,1,4,0,0
2009,Liverpool,Stoke City,4,0,1,1,4,4,1
2009,Liverpool,West Ham United,3,0,1,1,3,3,1
2009,Manchester City,Chelsea,2,1,1,1,3,1,1
2009,Manchester City,Wolverhampton Wanderers,1,0,1,1,1,1,1
2009,Manchester United,Birmingham City,1,0,1,1,1,1,1
2009,Manchester United,Fulham,3,0,1,1,3,3,1
2009,Manchester United,Sunderland,2,2,1,1,4,0,0
2009,Manchester United,Wigan Athletic,5,0,1,1,5,5,1
2009,Portsmouth,Liverpool,2,0,1,1,2,2,1
2009,Portsmouth,Stoke City,1,2,1,1,3,-1,0
2009,Portsmouth,West Ham United,1,1,1,1,2,0,0
2009,Stoke City,Arsenal,1,3,1,1,4,-2,0
2009,Stoke City,Blackburn Rovers,3,0,1,1,3,3,1
2009,Stoke City,Wolverhampton Wanderers,2,2,1,1,4,0,0
2009,Sunderland,Burnley,2,1,1,1,3,1,1
2009,Sunderland,Fulham,0,0,1,1,0,0,0
2009,Sunderland,Manchester City,1,1,1,1,2,0,0
2009,Sunderland,Stoke City,0,0,1,1,0,0,0
2009,Tottenham Hotspur,Bolton Wanderers,1,0,1,1,1,1,1
2009,Tottenham Hotspur,West Ham United,2,0,1,1,2,2,1
2009,West Ham United,Chelsea,1,1,1,1,2,0,0
2009,West Ham United,Hull City,3,0,1,1,3,3,1
2009,West Ham United,Manchester United,0,4,1,1,4,-4,0
2009,West Ham United,Sunderland,1,0,1,1,1,1,1
2009,Wigan Athletic,Birmingham City,2,3,1,1,5,-1,0
2009,Wigan Athletic,Burnley,1,0,1,1,1,1,1
2009,Wigan Athletic,Fulham,1,1,1,1,2,0,0
2009,Wolverhampton Wanderers,Liverpool,0,0,1,1,0,0,0
2009,Wolverhampton Wanderers,Tottenham Hotspur,1,0,1,1,1,1,1
2009,Barnsley,Blackpool,1,0,2,2,1,1,1
2009,Barnsley,Doncaster Rovers,0,1,2,2,1,-1,0
2009,Barnsley,Middlesbrough,2,1,2,2,3,1,1
2009,Barnsley,Queens Park Rangers,0,1,2,2,1,-1,0
2009,Blackpool,Newcastle United,2,1,2,2,3,1,1
2009,Blackpool,West Bromwich Albion,2,3,2,2,5,-1,0
2009,Bristol City,Derby County,2,1,2,2,3,1,1
2009,Bristol City,Leicester City,1,1,2,2,2,0,0
2009,Bristol City,Nottingham Forest,1,1,2,2,2,0,0
2009,Bristol City,Preston North End,4,2,2,2,6,2,1
2009,Bristol City,Scunthorpe United,1,1,2,2,2,0,0
2009,Cardiff City,Barnsley,0,2,2,2,2,-2,0
2009,Cardiff City,Coventry City,2,0,2,2,2,2,1
2009,Cardiff City,Doncaster Rovers,2,1,2,2,3,1,1
2009,Coventry City,Blackpool,1,1,2,2,2,0,0
2009,Coventry City,Crystal Palace,1,1,2,2,2,0,0
2009,Coventry City,Newcastle United,0,2,2,2,2,-2,0
2009,Coventry City,Reading,1,3,2,2,4,-2,0
2009,Coventry City,West Bromwich Albion,0,0,2,2,0,0,0
2009,Crystal Palace,Nottingham Forest,1,1,2,2,2,0,0
2009,Derby County,Cardiff City,2,0,2,2,2,2,1
2009,Derby County,Doncaster Rovers,0,2,2,2,2,-2,0
2009,Derby County,Middlesbrough,2,2,2,2,4,0,0
2009,Derby County,Peterborough United,2,1,2,2,3,1,1
2009,Derby County,Sheffield United,0,1,2,2,1,-1,0
2009,Doncaster Rovers,Blackpool,3,3,2,2,6,0,0
2009,Doncaster Rovers,Coventry City,0,0,2,2,0,0,0
2009,Doncaster Rovers,Newcastle United,0,1,2,2,1,-1,0
2009,Doncaster Rovers,Plymouth Argyle,1,2,2,2,3,-1,0
2009,Doncaster Rovers,Sheffield Wednesday,1,0,2,2,1,1,1
2009,Doncaster Rovers,West Bromwich Albion,2,3,2,2,5,-1,0
2009,Ipswich Town,Bristol City,0,0,2,2,0,0,0
2009,Ipswich Town,Preston North End,1,1,2,2,2,0,0
2009,Leicester City,Cardiff City,1,0,2,2,1,1,1
2009,Leicester City,Derby County,0,0,2,2,0,0,0
2009,Leicester City,Peterborough United,1,1,2,2,2,0,0
2009,Leicester City,Queens Park Rangers,4,0,2,2,4,4,1
2009,Leicester City,Sheffield United,2,1,2,2,3,1,1
2009,Leicester City,Watford,4,1,2,2,5,3,1
2009,Middlesbrough,Doncaster Rovers,2,0,2,2,2,2,1
2009,Middlesbrough,Newcastle United,2,2,2,2,4,0,0
2009,Middlesbrough,Plymouth Argyle,0,1,2,2,1,-1,0
2009,Newcastle United,Bristol City,0,0,2,2,0,0,0
2009,Newcastle United,Ipswich Town,2,2,2,2,4,0,0
2009,Newcastle United,Nottingham Forest,2,0,2,2,2,2,1
2009,Nottingham Forest,Barnsley,1,0,2,2,1,1,1
2009,Nottingham Forest,Cardiff City,0,0,2,2,0,0,0
2009,Nottingham Forest,Derby County,3,2,2,2,5,1,1
2009,Nottingham Forest,Leicester City,5,1,2,2,6,4,1
2009,Nottingham Forest,Queens Park Rangers,5,0,2,2,5,5,1
2009,Nottingham Forest,Sheffield United,1,0,2,2,1,1,1
2009,Nottingham Forest,Watford,2,4,2,2,6,-2,0
2009,Peterborough United,Blackpool,0,1,2,2,1,-1,0
2009,Peterborough United,Coventry City,0,1,2,2,1,-1,0
2009,Peterborough United,Reading,3,2,2,2,5,1,1
2009,Peterborough United,Sheffield Wednesday,1,1,2,2,2,0,0
2009,Peterborough United,West Bromwich Albion,2,3,2,2,5,-1,0
2009,Plymouth Argyle,Crystal Palace,0,1,2,2,1,-1,0
2009,Plymouth Argyle,Ipswich Town,1,1,2,2,2,0,0
2009,Plymouth Argyle,Newcastle United,0,2,2,2,2,-2,0
2009,Plymouth Argyle,Preston North End,1,1,2,2,2,0,0
2009,Plymouth Argyle,Scunthorpe United,2,1,2,2,3,1,1
2009,Preston North End,Barnsley,1,4,2,2,5,-3,0
2009,Preston North End,Leicester City,0,1,2,2,1,-1,0
2009,Preston North End,Sheffield United,2,1,2,2,3,1,1
2009,Queens Park Rangers,Blackpool,1,1,2,2,2,0,0
2009,Queens Park Rangers,Middlesbrough,1,5,2,2,6,-4,0
2009,Queens Park Rangers,Peterborough United,1,1,2,2,2,0,0
2009,Queens Park Rangers,Reading,4,1,2,2,5,3,1
2009,Reading,Ipswich Town,1,1,2,2,2,0,0
2009,Reading,Newcastle United,1,2,2,2,3,-1,0
2009,Scunthorpe United,Barnsley,2,1,2,2,3,1,1
2009,Scunthorpe United,Derby County,3,2,2,2,5,1,1
2009,Scunthorpe United,Leicester City,1,1,2,2,2,0,0
2009,Scunthorpe United,Preston North End,3,1,2,2,4,2,1
2009,Scunthorpe United,Sheffield United,3,1,2,2,4,2,1
2009,Scunthorpe United,Watford,2,2,2,2,4,0,0
2009,Sheffield United,Coventry City,1,0,2,2,1,1,1
2009,Sheffield United,Doncaster Rovers,1,1,2,2,2,0,0
2009,Sheffield United,Middlesbrough,1,0,2,2,1,1,1
2009,Sheffield United,Peterborough United,1,0,2,2,1,1,1
2009,Sheffield United,Sheffield Wednesday,3,2,2,2,5,1,1
2009,Sheffield United,West Bromwich Albion,2,2,2,2,4,0,0
2009,Sheffield Wednesday,Bristol City,0,1,2,2,1,-1,0
2009,Sheffield Wednesday,Crystal Palace,2,2,2,2,4,0,0
2009,Sheffield Wednesday,Newcastle United,2,2,2,2,4,0,0
2009,Sheffield Wednesday,Reading,0,2,2,2,2,-2,0
2009,Swansea City,Barnsley,3,1,2,2,4,2,1
2009,Swansea City,Leicester City,1,0,2,2,1,1,1
2009,Swansea City,Nottingham Forest,0,1,2,2,1,-1,0
2009,Swansea City,Preston North End,2,0,2,2,2,2,1
2009,Swansea City,Watford,1,1,2,2,2,0,0
2009,Watford,Middlesbrough,1,1,2,2,2,0,0
2009,Watford,Peterborough United,0,1,2,2,1,-1,0
2009,Watford,Sheffield United,3,0,2,2,3,3,1
2009,Watford,West Bromwich Albion,1,1,2,2,2,0,0
2009,West Bromwich Albion,Bristol City,4,1,2,2,5,3,1
2009,West Bromwich Albion,Crystal Palace,0,1,2,2,1,-1,0
2009,West Bromwich Albion,Ipswich Town,2,0,2,2,2,2,1
2009,West Bromwich Albion,Plymouth Argyle,3,1,2,2,4,2,1
2009,Brentford,Swindon Town,2,3,3,3,5,-1,0
2009,Brentford,Wycombe Wanderers,1,1,3,3,2,0,0
2009,Brighton & Hove Albion,Bristol Rovers,2,1,3,3,3,1,1
2009,Brighton & Hove Albion,Norwich City,1,2,3,3,3,-1,0
2009,Brighton & Hove Albion,Tranmere Rovers,3,0,3,3,3,3,1
2009,Brighton & Hove Albion,Yeovil,1,0,3,3,1,1,1
2009,Bristol Rovers,Exeter City,1,0,3,3,1,1,1
2009,Bristol Rovers,Stockport County,1,0,3,3,1,1,1
2009,Bristol Rovers,Walsall,0,1,3,3,1,-1,0
2009,Carlisle United,Charlton Athletic,3,1,3,3,4,2,1
2009,Carlisle United,Leeds United,1,3,3,3,4,-2,0
2009,Carlisle United,Milton Keynes Dons,5,0,3,3,5,5,1
2009,Carlisle United,Southampton,1,1,3,3,2,0,0
2009,Carlisle United,Swindon Town,0,1,3,3,1,-1,0
2009,Charlton Athletic,Brighton & Hove Albion,1,2,3,3,3,-1,0
2009,Charlton Athletic,Colchester United,1,0,3,3,1,1,1
2009,Charlton Athletic,Hartlepool United,2,1,3,3,3,1,1
2009,Charlton Athletic,Norwich City,0,1,3,3,1,-1,0
2009,Colchester United,Exeter City,2,2,3,3,4,0,0
2009,Colchester United,Huddersfield Town,1,0,3,3,1,1,1
2009,Colchester United,Oldham Athletic,1,0,3,3,1,1,1
2009,Colchester United,Stockport County,2,0,3,3,2,2,1
2009,Exeter City,Gillingham,1,1,3,3,2,0,0
2009,Exeter City,Milton Keynes Dons,1,2,3,3,3,-1,0
2009,Exeter City,Southampton,1,1,3,3,2,0,0
2009,Exeter City,Wycombe Wanderers,1,1,3,3,2,0,0
2009,Gillingham,Brighton & Hove Albion,1,1,3,3,2,0,0
2009,Gillingham,Charlton Athletic,1,1,3,3,2,0,0
2009,Gillingham,Hartlepool United,0,1,3,3,1,-1,0
2009,Gillingham,Leyton Orient,1,1,3,3,2,0,0
2009,Gillingham,Norwich City,1,1,3,3,2,0,0
2009,Gillingham,Yeovil,1,0,3,3,1,1,1
2009,Hartlepool United,Bristol Rovers,1,2,3,3,3,-1,0
2009,Hartlepool United,Huddersfield Town,0,2,3,3,2,-2,0
2009,Hartlepool United,Millwall,3,0,3,3,3,3,1
2009,Hartlepool United,Oldham Athletic,2,1,3,3,3,1,1
2009,Hartlepool United,Walsall,3,0,3,3,3,3,1
2009,Huddersfield Town,Carlisle United,1,1,3,3,2,0,0
2009,Huddersfield Town,Leeds United,2,2,3,3,4,0,0
2009,Huddersfield Town,Milton Keynes Dons,1,0,3,3,1,1,1
2009,Huddersfield Town,Southampton,3,1,3,3,4,2,1
2009,Leeds United,Gillingham,4,1,3,3,5,3,1
2009,Leeds United,Leyton Orient,1,0,3,3,1,1,1
2009,Leeds United,Tranmere Rovers,3,0,3,3,3,3,1
2009,Leyton Orient,Colchester United,0,1,3,3,1,-1,0
2009,Leyton Orient,Walsall,2,0,3,3,2,2,1
2009,Millwall,Brentford,1,1,3,3,2,0,0
2009,Millwall,Carlisle United,0,0,3,3,0,0,0
2009,Millwall,Exeter City,1,0,3,3,1,1,1
2009,Milton Keynes Dons,Gillingham,2,0,3,3,2,2,1
2009,Milton Keynes Dons,Leeds United,0,1,3,3,1,-1,0
2009,Milton Keynes Dons,Southend United,3,1,3,3,4,2,1
2009,Norwich City,Colchester United,1,7,3,3,8,-6,0
2009,Norwich City,Oldham Athletic,2,0,3,3,2,2,1
2009,Oldham Athletic,Carlisle United,2,0,3,3,2,2,1
2009,Oldham Athletic,Exeter City,2,0,3,3,2,2,1
2009,Oldham Athletic,Millwall,0,1,3,3,1,-1,0
2009,Oldham Athletic,Southampton,1,3,3,3,4,-2,0
2009,Oldham Athletic,Swindon Town,2,2,3,3,4,0,0
2009,Southampton,Charlton Athletic,1,0,3,3,1,1,1
2009,Southampton,Gillingham,4,1,3,3,5,3,1
2009,Southampton,Milton Keynes Dons,3,1,3,3,4,2,1
2009,Southampton,Tranmere Rovers,3,0,3,3,3,3,1
2009,Southend United,Bristol Rovers,2,1,3,3,3,1,1
2009,Southend United,Colchester United,1,2,3,3,3,-1,0
2009,Southend United,Leyton Orient,3,0,3,3,3,3,1
2009,Southend United,Stockport County,2,1,3,3,3,1,1
2009,Southend United,Walsall,3,0,3,3,3,3,1
2009,Stockport County,Brentford,0,1,3,3,1,-1,0
2009,Stockport County,Millwall,0,4,3,3,4,-4,0
2009,Stockport County,Oldham Athletic,0,1,3,3,1,-1,0
2009,Stockport County,Wycombe Wanderers,4,3,3,3,7,1,1
2009,Swindon Town,Brighton & Hove Albion,2,1,3,3,3,1,1
2009,Swindon Town,Charlton Athletic,1,1,3,3,2,0,0
2009,Swindon Town,Gillingham,3,1,3,3,4,2,1
2009,Swindon Town,Southampton,1,0,3,3,1,1,1
2009,Swindon Town,Tranmere Rovers,3,0,3,3,3,3,1
2009,Tranmere Rovers,Bristol Rovers,2,0,3,3,2,2,1
2009,Tranmere Rovers,Colchester United,1,1,3,3,2,0,0
2009,Tranmere Rovers,Hartlepool United,0,0,3,3,0,0,0
2009,Tranmere Rovers,Southend United,2,0,3,3,2,2,1
2009,Walsall,Carlisle United,2,2,3,3,4,0,0
2009,Walsall,Huddersfield Town,2,1,3,3,3,1,1
2009,Walsall,Millwall,2,2,3,3,4,0,0
2009,Walsall,Oldham Athletic,3,0,3,3,3,3,1
2009,Wycombe Wanderers,Brighton & Hove Albion,2,5,3,3,7,-3,0
2009,Wycombe Wanderers,Gillingham,3,0,3,3,3,3,1
2009,Wycombe Wanderers,Leeds United,0,1,3,3,1,-1,0
2009,Wycombe Wanderers,Swindon Town,2,2,3,3,4,0,0
2009,Yeovil,Colchester United,0,1,3,3,1,-1,0
2009,Yeovil,Southend United,1,0,3,3,1,1,1
2009,Accrington,Bradford City,2,0,4,4,2,2,1
2009,Accrington,Dagenham and Redbridge,0,1,4,4,1,-1,0
2009,Accrington,Hereford United,1,2,4,4,3,-1,0
2009,Accrington,Shrewsbury Town,1,3,4,4,4,-2,0
2009,AFC Bournemouth,Aldershot,1,0,4,4,1,1,1
2009,AFC Bournemouth,Chesterfield,1,2,4,4,3,-1,0
2009,AFC Bournemouth,Darlington,2,0,4,4,2,2,1
2009,AFC Bournemouth,Lincoln City,3,1,4,4,4,2,1
2009,AFC Bournemouth,Northampton Town,0,2,4,4,2,-2,0
2009,AFC Bournemouth,Rochdale,0,4,4,4,4,-4,0
2009,AFC Bournemouth,Torquay United,2,1,4,4,3,1,1
2009,Aldershot,Bury,2,3,4,4,5,-1,0
2009,Aldershot,Crewe Alexandra,1,1,4,4,2,0,0
2009,Aldershot,Grimsby Town,1,1,4,4,2,0,0
2009,Aldershot,Notts County,1,1,4,4,2,0,0
2009,Barnet,Cheltenham,1,1,4,4,2,0,0
2009,Barnet,Dagenham and Redbridge,2,0,4,4,2,2,1
2009,Bradford City,AFC Bournemouth,1,1,4,4,2,0,0
2009,Bradford City,Chesterfield,3,0,4,4,3,3,1
2009,Bradford City,Lincoln City,0,2,4,4,2,-2,0
2009,Burton Albion,Bury,0,0,4,4,0,0,0
2009,Burton Albion,Grimsby Town,3,0,4,4,3,3,1
2009,Bury,Accrington,0,2,4,4,2,-2,0
2009,Bury,Hereford United,1,0,4,4,1,1,1
2009,Bury,Morecambe,0,0,4,4,0,0,0
2009,Bury,Port Vale,1,1,4,4,2,0,0
2009,Bury,Shrewsbury Town,1,0,4,4,1,1,1
2009,Cheltenham,Chesterfield,0,1,4,4,1,-1,0
2009,Cheltenham,Northampton Town,2,2,4,4,4,0,0
2009,Chesterfield,Aldershot,0,1,4,4,1,-1,0
2009,Chesterfield,Grimsby Town,3,2,4,4,5,1,1
2009,Chesterfield,Macclesfield,4,1,4,4,5,3,1
2009,Chesterfield,Rotherham United,0,1,4,4,1,-1,0
2009,Crewe Alexandra,Port Vale,1,2,4,4,3,-1,0
2009,Crewe Alexandra,Shrewsbury Town,0,3,4,4,3,-3,0
2009,Dagenham and Redbridge,Cheltenham,0,2,4,4,2,-2,0
2009,Dagenham and Redbridge,Northampton Town,0,1,4,4,1,-1,0
2009,Dagenham and Redbridge,Torquay United,5,3,4,4,8,2,1
2009,Darlington,Aldershot,1,2,4,4,3,-1,0
2009,Darlington,Burton Albion,1,0,4,4,1,1,1
2009,Darlington,Chesterfield,2,3,4,4,5,-1,0
2009,Darlington,Grimsby Town,0,2,4,4,2,-2,0
2009,Darlington,Rotherham United,2,0,4,4,2,2,1
2009,Grimsby Town,Barnet,2,0,4,4,2,2,1
2009,Grimsby Town,Bury,1,1,4,4,2,0,0
2009,Grimsby Town,Crewe Alexandra,0,4,4,4,4,-4,0
2009,Grimsby Town,Hereford United,1,0,4,4,1,1,1
2009,Grimsby Town,Morecambe,1,1,4,4,2,0,0
2009,Grimsby Town,Shrewsbury Town,3,0,4,4,3,3,1
2009,Hereford United,AFC Bournemouth,2,1,4,4,3,1,1
2009,Hereford United,Bradford City,2,0,4,4,2,2,1
2009,Hereford United,Torquay United,1,0,4,4,1,1,1
2009,Lincoln City,Rotherham United,1,2,4,4,3,-1,0
2009,Macclesfield,Accrington,0,0,4,4,0,0,0
2009,Macclesfield,Port Vale,2,0,4,4,2,2,1
2009,Morecambe,Bradford City,0,0,4,4,0,0,0
2009,Morecambe,Northampton Town,2,4,4,4,6,-2,0
2009,Northampton Town,Aldershot,0,3,4,4,3,-3,0
2009,Northampton Town,Burton Albion,1,1,4,4,2,0,0
2009,Northampton Town,Lincoln City,1,0,4,4,1,1,1
2009,Notts County,Accrington,1,2,4,4,3,-1,0
2009,Notts County,Barnet,2,0,4,4,2,2,1
2009,Notts County,Crewe Alexandra,2,0,4,4,2,2,1
2009,Notts County,Macclesfield,1,0,4,4,1,1,1
2009,Notts County,Shrewsbury Town,1,1,4,4,2,0,0
2009,Port Vale,Dagenham and Redbridge,3,1,4,4,4,2,1
2009,Rochdale,Chesterfield,2,3,4,4,5,-1,0
2009,Rochdale,Darlington,0,1,4,4,1,-1,0
2009,Rochdale,Lincoln City,1,1,4,4,2,0,0
2009,Rochdale,Rotherham United,4,0,4,4,4,4,1
2009,Rotherham United,Grimsby Town,2,1,4,4,3,1,1
2009,Rotherham United,Macclesfield,3,1,4,4,4,2,1
2009,Rotherham United,Notts County,0,0,4,4,0,0,0
2009,Shrewsbury Town,AFC Bournemouth,1,0,4,4,1,1,1
2009,Shrewsbury Town,Hereford United,3,1,4,4,4,2,1
2009,Shrewsbury Town,Morecambe,2,3,4,4,5,-1,0
2009,Shrewsbury Town,Port Vale,0,1,4,4,1,-1,0
2009,Torquay United,Aldershot,1,1,4,4,2,0,0
2009,Torquay United,Chesterfield,2,0,4,4,2,2,1
2010,Arsenal,Aston Villa,1,2,1,1,3,-1,0
2010,Arsenal,Everton,2,1,1,1,3,1,1
2010,Arsenal,Stoke City,1,0,1,1,1,1,1
2010,Aston Villa,Chelsea,0,0,1,1,0,0,0
2010,Aston Villa,Liverpool,1,0,1,1,1,1,1
2010,Aston Villa,Tottenham Hotspur,1,2,1,1,3,-1,0
2010,Aston Villa,Wigan Athletic,1,1,1,1,2,0,0
2010,Birmingham City,Aston Villa,1,1,1,1,2,0,0
2010,Birmingham City,Bolton Wanderers,2,1,1,1,3,1,1
2010,Birmingham City,Fulham,0,2,1,1,2,-2,0
2010,Birmingham City,Sunderland,2,0,1,1,2,2,1
2010,Birmingham City,West Ham United,2,2,1,1,4,0,0
2010,Blackburn Rovers,Arsenal,1,2,1,1,3,-1,0
2010,Blackburn Rovers,Manchester City,0,1,1,1,1,-1,0
2010,Blackburn Rovers,Stoke City,0,2,1,1,2,-2,0
2010,Blackpool,Birmingham City,1,2,1,1,3,-1,0
2010,Blackpool,Chelsea,1,3,1,1,4,-2,0
2010,Blackpool,Liverpool,2,1,1,1,3,1,1
2010,Blackpool,Wigan Athletic,1,3,1,1,4,-2,0
2010,Bolton Wanderers,Fulham,0,0,1,1,0,0,0
2010,Bolton Wanderers,Sunderland,1,2,1,1,3,-1,0
2010,Bolton Wanderers,West Ham United,3,0,1,1,3,3,1
2010,Chelsea,Arsenal,2,0,1,1,2,2,1
2010,Chelsea,Blackburn Rovers,2,0,1,1,2,2,1
2010,Chelsea,Wolverhampton Wanderers,2,0,1,1,2,2,1
2010,Everton,Birmingham City,1,1,1,1,2,0,0
2010,Everton,Bolton Wanderers,1,1,1,1,2,0,0
2010,Everton,Liverpool,2,0,1,1,2,2,1
2010,Fulham,Aston Villa,1,1,1,1,2,0,0
2010,Fulham,Everton,0,0,1,1,0,0,0
2010,Liverpool,Manchester City,3,0,1,1,3,3,1
2010,Manchester City,Birmingham City,0,0,1,1,0,0,0
2010,Manchester City,Fulham,1,1,1,1,2,0,0
2010,Manchester City,Newcastle United,2,1,1,1,3,1,1
2010,Manchester United,Blackpool,4,2,1,1,6,2,1
2010,Manchester United,Sunderland,2,0,1,1,2,2,1
2010,Newcastle United,Arsenal,4,4,1,1,8,0,0
2010,Newcastle United,Blackburn Rovers,1,2,1,1,3,-1,0
2010,Newcastle United,Chelsea,1,1,1,1,2,0,0
2010,Stoke City,Birmingham City,3,2,1,1,5,1,1
2010,Stoke City,Tottenham Hotspur,1,2,1,1,3,-1,0
2010,Stoke City,Wigan Athletic,0,1,1,1,1,-1,0
2010,Sunderland,Aston Villa,1,0,1,1,1,1,1
2010,Sunderland,Blackpool,0,2,1,1,2,-2,0
2010,Sunderland,Everton,2,2,1,1,4,0,0
2010,Sunderland,Manchester City,1,0,1,1,1,1,1
2010,Sunderland,Stoke City,2,0,1,1,2,2,1
2010,Sunderland,West Ham United,1,0,1,1,1,1,1
2010,Tottenham Hotspur,Arsenal,3,3,1,1,6,0,0
2010,Tottenham Hotspur,Chelsea,1,1,1,1,2,0,0
2010,Tottenham Hotspur,Liverpool,2,1,1,1,3,1,1
2010,Tottenham Hotspur,Newcastle United,2,0,1,1,2,2,1
2010,West Bromwich Albion,Sunderland,1,0,1,1,1,1,1
2010,West Bromwich Albion,Wigan Athletic,2,2,1,1,4,0,0
2010,West Ham United,Aston Villa,1,2,1,1,3,-1,0
2010,West Ham United,Blackpool,0,0,1,1,0,0,0
2010,West Ham United,Stoke City,3,0,1,1,3,3,1
2010,Wigan Athletic,Arsenal,2,2,1,1,4,0,0
2010,Wigan Athletic,Blackburn Rovers,4,3,1,1,7,1,1
2010,Wigan Athletic,Chelsea,0,6,1,1,6,-6,0
2010,Wigan Athletic,Liverpool,1,1,1,1,2,0,0
2010,Wigan Athletic,Newcastle United,0,1,1,1,1,-1,0
2010,Wigan Athletic,Tottenham Hotspur,0,0,1,1,0,0,0
2010,Wigan Athletic,Wolverhampton Wanderers,2,0,1,1,2,2,1
2010,Wolverhampton Wanderers,Bolton Wanderers,2,3,1,1,5,-1,0
2010,Wolverhampton Wanderers,Manchester United,2,1,1,1,3,1,1
2010,Barnsley,Hull City,1,1,2,2,2,0,0
2010,Barnsley,Leicester City,0,2,2,2,2,-2,0
2010,Barnsley,Preston North End,2,0,2,2,2,2,1
2010,Barnsley,Scunthorpe United,2,1,2,2,3,1,1
2010,Bristol City,Ipswich Town,0,1,2,2,1,-1,0
2010,Bristol City,Nottingham Forest,2,3,2,2,5,-1,0
2010,Bristol City,Sheffield United,3,0,2,2,3,3,1
2010,Burnley,Coventry City,2,2,2,2,4,0,0
2010,Burnley,Doncaster Rovers,1,1,2,2,2,0,0
2010,Cardiff City,Bristol City,3,2,2,2,5,1,1
2010,Cardiff City,Leicester City,2,0,2,2,2,2,1
2010,Cardiff City,Watford,4,2,2,2,6,2,1
2010,Coventry City,Burnley,1,0,2,2,1,1,1
2010,Coventry City,Derby County,2,1,2,2,3,1,1
2010,Coventry City,Ipswich Town,1,1,2,2,2,0,0
2010,Coventry City,Middlesbrough,1,0,2,2,1,1,1
2010,Coventry City,Nottingham Forest,1,2,2,2,3,-1,0
2010,Coventry City,Queens Park Rangers,0,2,2,2,2,-2,0
2010,Coventry City,Sheffield United,0,0,2,2,0,0,0
2010,Crystal Palace,Barnsley,2,1,2,2,3,1,1
2010,Crystal Palace,Doncaster Rovers,1,0,2,2,1,1,1
2010,Crystal Palace,Portsmouth,4,1,2,2,5,3,1
2010,Crystal Palace,Reading,3,3,2,2,6,0,0
2010,Crystal Palace,Swansea City,0,3,2,2,3,-3,0
2010,Derby County,Bristol City,0,2,2,2,2,-2,0
2010,Derby County,Hull City,0,1,2,2,1,-1,0
2010,Derby County,Preston North End,3,0,2,2,3,3,1
2010,Derby County,Scunthorpe United,3,2,2,2,5,1,1
2010,Doncaster Rovers,Burnley,1,0,2,2,1,1,1
2010,Doncaster Rovers,Ipswich Town,0,6,2,2,6,-6,0
2010,Hull City,Barnsley,2,0,2,2,2,2,1
2010,Hull City,Portsmouth,1,2,2,2,3,-1,0
2010,Hull City,Reading,1,1,2,2,2,0,0
2010,Hull City,Swansea City,2,0,2,2,2,2,1
2010,Ipswich Town,Coventry City,1,2,2,2,3,-1,0
2010,Ipswich Town,Norwich City,1,5,2,2,6,-4,0
2010,Ipswich Town,Watford,0,3,2,2,3,-3,0
2010,Leeds United,Middlesbrough,1,1,2,2,2,0,0
2010,Leeds United,Sheffield United,1,0,2,2,1,1,1
2010,Leicester City,Barnsley,4,1,2,2,5,3,1
2010,Leicester City,Cardiff City,2,1,2,2,3,1,1
2010,Leicester City,Portsmouth,0,1,2,2,1,-1,0
2010,Middlesbrough,Bristol City,1,2,2,2,3,-1,0
2010,Middlesbrough,Coventry City,2,1,2,2,3,1,1
2010,Middlesbrough,Leeds United,1,2,2,2,3,-1,0
2010,Middlesbrough,Norwich City,1,1,2,2,2,0,0
2010,Middlesbrough,Scunthorpe United,2,0,2,2,2,2,1
2010,Millwall,Burnley,1,1,2,2,2,0,0
2010,Millwall,Nottingham Forest,0,0,2,2,0,0,0
2010,Millwall,Queens Park Rangers,2,0,2,2,2,2,1
2010,Norwich City,Cardiff City,1,1,2,2,2,0,0
2010,Norwich City,Derby County,3,2,2,2,5,1,1
2010,Norwich City,Ipswich Town,4,1,2,2,5,3,1
2010,Norwich City,Portsmouth,0,2,2,2,2,-2,0
2010,Nottingham Forest,Bristol City,1,0,2,2,1,1,1
2010,Nottingham Forest,Coventry City,2,1,2,2,3,1,1
2010,Nottingham Forest,Doncaster Rovers,0,0,2,2,0,0,0
2010,Portsmouth,Burnley,1,2,2,2,3,-1,0
2010,Portsmouth,Crystal Palace,1,0,2,2,1,1,1
2010,Portsmouth,Hull City,2,3,2,2,5,-1,0
2010,Portsmouth,Leicester City,6,1,2,2,7,5,1
2010,Portsmouth,Norwich City,0,1,2,2,1,-1,0
2010,Portsmouth,Queens Park Rangers,1,1,2,2,2,0,0
2010,Portsmouth,Sheffield United,1,0,2,2,1,1,1
2010,Queens Park Rangers,Bristol City,2,2,2,2,4,0,0
2010,Queens Park Rangers,Coventry City,2,1,2,2,3,1,1
2010,Queens Park Rangers,Scunthorpe United,2,0,2,2,2,2,1
2010,Reading,Burnley,2,1,2,2,3,1,1
2010,Reading,Crystal Palace,3,0,2,2,3,3,1
2010,Reading,Hull City,1,1,2,2,2,0,0
2010,Reading,Norwich City,3,3,2,2,6,0,0
2010,Reading,Sheffield United,2,3,2,2,5,-1,0
2010,Scunthorpe United,Derby County,0,0,2,2,0,0,0
2010,Sheffield United,Bristol City,3,2,2,2,5,1,1
2010,Sheffield United,Leeds United,2,0,2,2,2,2,1
2010,Sheffield United,Portsmouth,1,0,2,2,1,1,1
2010,Sheffield United,Reading,1,1,2,2,2,0,0
2010,Swansea City,Burnley,1,0,2,2,1,1,1
2010,Swansea City,Hull City,1,1,2,2,2,0,0
2010,Swansea City,Leicester City,2,0,2,2,2,2,1
2010,Swansea City,Scunthorpe United,2,0,2,2,2,2,1
2010,Watford,Barnsley,1,0,2,2,1,1,1
2010,Watford,Cardiff City,4,1,2,2,5,3,1
2010,Watford,Ipswich Town,2,1,2,2,3,1,1
2010,Watford,Middlesbrough,3,1,2,2,4,2,1
2010,Watford,Sheffield United,3,0,2,2,3,3,1
2010,AFC Bournemouth,Charlton Athletic,2,2,3,3,4,0,0
2010,AFC Bournemouth,Exeter City,3,0,3,3,3,3,1
2010,AFC Bournemouth,Leyton Orient,1,1,3,3,2,0,0
2010,AFC Bournemouth,Oldham Athletic,3,0,3,3,3,3,1
2010,AFC Bournemouth,Rochdale,1,2,3,3,3,-1,0
2010,AFC Bournemouth,Yeovil,2,0,3,3,2,2,1
2010,Brentford,Colchester United,1,1,3,3,2,0,0
2010,Brentford,Milton Keynes Dons,0,2,3,3,2,-2,0
2010,Brentford,Sheffield Wednesday,1,0,3,3,1,1,1
2010,Brentford,Tranmere Rovers,2,1,3,3,3,1,1
2010,Brighton & Hove Albion,AFC Bournemouth,1,1,3,3,2,0,0
2010,Brighton & Hove Albion,Dagenham and Redbridge,4,3,3,3,7,1,1
2010,Brighton & Hove Albion,Plymouth Argyle,4,0,3,3,4,4,1
2010,Bristol Rovers,Exeter City,0,2,3,3,2,-2,0
2010,Bristol Rovers,Leyton Orient,0,3,3,3,3,-3,0
2010,Bristol Rovers,Swindon Town,3,1,3,3,4,2,1
2010,Bristol Rovers,Yeovil,2,1,3,3,3,1,1
2010,Carlisle United,Colchester United,4,1,3,3,5,3,1
2010,Carlisle United,Milton Keynes Dons,4,1,3,3,5,3,1
2010,Carlisle United,Peterborough United,0,1,3,3,1,-1,0
2010,Carlisle United,Sheffield Wednesday,0,1,3,3,1,-1,0
2010,Charlton Athletic,Bristol Rovers,1,1,3,3,2,0,0
2010,Charlton Athletic,Dagenham and Redbridge,2,2,3,3,4,0,0
2010,Charlton Athletic,Notts County,1,0,3,3,1,1,1
2010,Charlton Athletic,Southampton,1,1,3,3,2,0,0
2010,Colchester United,Brentford,0,2,3,3,2,-2,0
2010,Colchester United,Carlisle United,1,1,3,3,2,0,0
2010,Colchester United,Exeter City,5,1,3,3,6,4,1
2010,Colchester United,Rochdale,1,0,3,3,1,1,1
2010,Colchester United,Swindon Town,2,1,3,3,3,1,1
2010,Dagenham and Redbridge,Hartlepool United,1,1,3,3,2,0,0
2010,Dagenham and Redbridge,Peterborough United,0,2,3,3,2,-2,0
2010,Dagenham and Redbridge,Tranmere Rovers,2,2,3,3,4,0,0
2010,Exeter City,AFC Bournemouth,2,0,3,3,2,2,1
2010,Exeter City,Bristol Rovers,2,2,3,3,4,0,0
2010,Exeter City,Colchester United,2,2,3,3,4,0,0
2010,Hartlepool United,Brentford,3,0,3,3,3,3,1
2010,Hartlepool United,Carlisle United,0,4,3,3,4,-4,0
2010,Hartlepool United,Dagenham and Redbridge,0,1,3,3,1,-1,0
2010,Hartlepool United,Leyton Orient,0,1,3,3,1,-1,0
2010,Hartlepool United,Rochdale,0,2,3,3,2,-2,0
2010,Huddersfield Town,Charlton Athletic,3,1,3,3,4,2,1
2010,Huddersfield Town,Milton Keynes Dons,4,1,3,3,5,3,1
2010,Huddersfield Town,Peterborough United,1,1,3,3,2,0,0
2010,Huddersfield Town,Sheffield Wednesday,1,0,3,3,1,1,1
2010,Huddersfield Town,Tranmere Rovers,0,0,3,3,0,0,0
2010,Leyton Orient,Bristol Rovers,4,1,3,3,5,3,1
2010,Leyton Orient,Colchester United,4,2,3,3,6,2,1
2010,Leyton Orient,Hartlepool United,1,0,3,3,1,1,1
2010,Leyton Orient,Southampton,0,2,3,3,2,-2,0
2010,Milton Keynes Dons,Brentford,1,1,3,3,2,0,0
2010,Milton Keynes Dons,Rochdale,1,1,3,3,2,0,0
2010,Milton Keynes Dons,Swindon Town,2,1,3,3,3,1,1
2010,Notts County,Brighton & Hove Albion,1,1,3,3,2,0,0
2010,Notts County,Sheffield Wednesday,0,2,3,3,2,-2,0
2010,Oldham Athletic,Bristol Rovers,1,1,3,3,2,0,0
2010,Oldham Athletic,Colchester United,0,0,3,3,0,0,0
2010,Peterborough United,Huddersfield Town,4,2,3,3,6,2,1
2010,Peterborough United,Swindon Town,5,4,3,3,9,1,1
2010,Plymouth Argyle,Charlton Athletic,2,2,3,3,4,0,0
2010,Plymouth Argyle,Leyton Orient,1,4,3,3,5,-3,0
2010,Plymouth Argyle,Tranmere Rovers,1,3,3,3,4,-2,0
2010,Rochdale,Bristol Rovers,3,1,3,3,4,2,1
2010,Rochdale,Peterborough United,2,2,3,3,4,0,0
2010,Sheffield Wednesday,Carlisle United,0,1,3,3,1,-1,0
2010,Sheffield Wednesday,Dagenham and Redbridge,2,0,3,3,2,2,1
2010,Sheffield Wednesday,Plymouth Argyle,2,4,3,3,6,-2,0
2010,Sheffield Wednesday,Swindon Town,3,1,3,3,4,2,1
2010,Southampton,Tranmere Rovers,2,0,3,3,2,2,1
2010,Swindon Town,AFC Bournemouth,1,2,3,3,3,-1,0
2010,Swindon Town,Bristol Rovers,2,1,3,3,3,1,1
2010,Swindon Town,Hartlepool United,1,1,3,3,2,0,0
2010,Swindon Town,Milton Keynes Dons,0,1,3,3,1,-1,0
2010,Swindon Town,Peterborough United,1,1,3,3,2,0,0
2010,Tranmere Rovers,Carlisle United,2,1,3,3,3,1,1
2010,Tranmere Rovers,Huddersfield Town,0,2,3,3,2,-2,0
2010,Tranmere Rovers,Southampton,2,0,3,3,2,2,1
2010,Tranmere Rovers,Yeovil,0,1,3,3,1,-1,0
2010,Walsall,Brighton & Hove Albion,1,3,3,3,4,-2,0
2010,Walsall,Charlton Athletic,2,0,3,3,2,2,1
2010,Walsall,Oldham Athletic,1,1,3,3,2,0,0
2010,Walsall,Swindon Town,1,2,3,3,3,-1,0
2010,Yeovil,AFC Bournemouth,2,2,3,3,4,0,0
2010,Yeovil,Colchester United,4,2,3,3,6,2,1
2010,Yeovil,Hartlepool United,0,2,3,3,2,-2,0
2010,Yeovil,Sheffield Wednesday,0,2,3,3,2,-2,0
2010,Accrington,Barnet,3,1,4,4,4,2,1
2010,Accrington,Bury,1,0,4,4,1,1,1
2010,Accrington,Northampton Town,3,1,4,4,4,2,1
2010,Accrington,Rotherham United,2,3,4,4,5,-1,0
2010,Accrington,Stevenage Borough,1,0,4,4,1,1,1
2010,Accrington,Wycombe Wanderers,1,1,4,4,2,0,0
2010,Aldershot,Cheltenham,0,2,4,4,2,-2,0
2010,Aldershot,Macclesfield,0,0,4,4,0,0,0
2010,Aldershot,Shrewsbury Town,3,0,4,4,3,3,1
2010,Aldershot,Stockport County,1,0,4,4,1,1,1
2010,Barnet,Hereford United,2,0,4,4,2,2,1
2010,Barnet,Morecambe,1,2,4,4,3,-1,0
2010,Barnet,Torquay United,0,3,4,4,3,-3,0
2010,Bradford City,Bury,1,0,4,4,1,1,1
2010,Bradford City,Lincoln City,1,2,4,4,3,-1,0
2010,Burton Albion,Barnet,1,4,4,4,5,-3,0
2010,Burton Albion,Oxford United,0,0,4,4,0,0,0
2010,Burton Albion,Shrewsbury Town,0,0,4,4,0,0,0
2010,Burton Albion,Stockport County,2,1,4,4,3,1,1
2010,Bury,Bradford City,0,1,4,4,1,-1,0
2010,Bury,Chesterfield,1,1,4,4,2,0,0
2010,Bury,Torquay United,1,2,4,4,3,-1,0
2010,Cheltenham,Northampton Town,1,0,4,4,1,1,1
2010,Chesterfield,Barnet,2,1,4,4,3,1,1
2010,Chesterfield,Oxford United,1,2,4,4,3,-1,0
2010,Crewe Alexandra,Accrington,0,0,4,4,0,0,0
2010,Crewe Alexandra,Morecambe,2,1,4,4,3,1,1
2010,Crewe Alexandra,Port Vale,2,1,4,4,3,1,1
2010,Crewe Alexandra,Southend United,1,0,4,4,1,1,1
2010,Gillingham,Chesterfield,0,2,4,4,2,-2,0
2010,Hereford United,Barnet,1,2,4,4,3,-1,0
2010,Hereford United,Bury,0,3,4,4,3,-3,0
2010,Hereford United,Oxford United,0,2,4,4,2,-2,0
2010,Hereford United,Stockport County,3,0,4,4,3,3,1
2010,Lincoln City,Accrington,0,0,4,4,0,0,0
2010,Lincoln City,Bradford City,1,2,4,4,3,-1,0
2010,Lincoln City,Cheltenham,0,2,4,4,2,-2,0
2010,Lincoln City,Gillingham,0,4,4,4,4,-4,0
2010,Lincoln City,Torquay United,0,2,4,4,2,-2,0
2010,Macclesfield,Hereford United,1,1,4,4,2,0,0
2010,Macclesfield,Northampton Town,2,0,4,4,2,2,1
2010,Macclesfield,Wycombe Wanderers,0,1,4,4,1,-1,0
2010,Morecambe,Crewe Alexandra,1,2,4,4,3,-1,0
2010,Northampton Town,Macclesfield,0,1,4,4,1,-1,0
2010,Northampton Town,Southend United,2,1,4,4,3,1,1
2010,Oxford United,Burton Albion,3,0,4,4,3,3,1
2010,Oxford United,Hereford United,0,2,4,4,2,-2,0
2010,Oxford United,Morecambe,4,0,4,4,4,4,1
2010,Oxford United,Wycombe Wanderers,2,2,4,4,4,0,0
2010,Port Vale,Bury,0,0,4,4,0,0,0
2010,Port Vale,Crewe Alexandra,2,1,4,4,3,1,1
2010,Port Vale,Shrewsbury Town,1,0,4,4,1,1,1
2010,Rotherham United,Accrington,2,0,4,4,2,2,1
2010,Rotherham United,Cheltenham,6,4,4,4,10,2,1
2010,Rotherham United,Southend United,1,2,4,4,3,-1,0
2010,Rotherham United,Torquay United,3,1,4,4,4,2,1
2010,Shrewsbury Town,Chesterfield,0,0,4,4,0,0,0
2010,Shrewsbury Town,Stevenage Borough,1,0,4,4,1,1,1
2010,Shrewsbury Town,Wycombe Wanderers,1,1,4,4,2,0,0
2010,Southend United,Barnet,2,1,4,4,3,1,1
2010,Southend United,Northampton Town,1,1,4,4,2,0,0
2010,Southend United,Rotherham United,1,0,4,4,1,1,1
2010,Stevenage Borough,Accrington,2,2,4,4,4,0,0
2010,Stevenage Borough,Bradford City,2,1,4,4,3,1,1
2010,Stevenage Borough,Cheltenham,4,0,4,4,4,4,1
2010,Stevenage Borough,Oxford United,0,0,4,4,0,0,0
2010,Stevenage Borough,Shrewsbury Town,1,1,4,4,2,0,0
2010,Stevenage Borough,Torquay United,0,0,4,4,0,0,0
2010,Stockport County,Aldershot,2,2,4,4,4,0,0
2010,Stockport County,Chesterfield,1,1,4,4,2,0,0
2010,Stockport County,Morecambe,0,2,4,4,2,-2,0
2010,Stockport County,Port Vale,0,5,4,4,5,-5,0
2010,Stockport County,Southend United,2,1,4,4,3,1,1
2010,Torquay United,Crewe Alexandra,2,1,4,4,3,1,1
2010,Torquay United,Northampton Town,3,0,4,4,3,3,1
2010,Wycombe Wanderers,Cheltenham,2,1,4,4,3,1,1
2010,Wycombe Wanderers,Gillingham,1,0,4,4,1,1,1
2010,Wycombe Wanderers,Shrewsbury Town,2,2,4,4,4,0,0
2010,Wycombe Wanderers,Stockport County,2,0,4,4,2,2,1
2011,Arsenal,Manchester City,1,0,1,1,1,1,1
2011,Arsenal,Norwich City,3,3,1,1,6,0,0
2011,Arsenal,West Bromwich Albion,3,0,1,1,3,3,1
2011,Aston Villa,Liverpool,0,2,1,1,2,-2,0
2011,Aston Villa,Newcastle United,1,1,1,1,2,0,0
2011,Aston Villa,Stoke City,1,1,1,1,2,0,0
2011,Aston Villa,Wolverhampton Wanderers,0,0,1,1,0,0,0
2011,Blackburn Rovers,Fulham,3,1,1,1,4,2,1
2011,Blackburn Rovers,Manchester United,0,2,1,1,2,-2,0
2011,Blackburn Rovers,Swansea City,4,2,1,1,6,2,1
2011,Bolton Wanderers,Aston Villa,1,2,1,1,3,-1,0
2011,Bolton Wanderers,Everton,0,2,1,1,2,-2,0
2011,Bolton Wanderers,Norwich City,1,2,1,1,3,-1,0
2011,Bolton Wanderers,Sunderland,0,2,1,1,2,-2,0
2011,Bolton Wanderers,West Bromwich Albion,2,2,1,1,4,0,0
2011,Chelsea,Arsenal,3,5,1,1,8,-2,0
2011,Chelsea,Liverpool,1,2,1,1,3,-1,0
2011,Chelsea,Stoke City,1,0,1,1,1,1,1
2011,Fulham,Chelsea,1,1,1,1,2,0,0
2011,Fulham,Norwich City,2,1,1,1,3,1,1
2011,Liverpool,Bolton Wanderers,3,1,1,1,4,2,1
2011,Liverpool,Fulham,0,1,1,1,1,-1,0
2011,Liverpool,Stoke City,0,0,1,1,0,0,0
2011,Manchester City,Blackburn Rovers,3,0,1,1,3,3,1
2011,Manchester City,Swansea City,4,0,1,1,4,4,1
2011,Manchester United,Aston Villa,4,0,1,1,4,4,1
2011,Manchester United,Norwich City,2,0,1,1,2,2,1
2011,Manchester United,West Bromwich Albion,2,0,1,1,2,2,1
2011,Newcastle United,Bolton Wanderers,2,0,1,1,2,2,1
2011,Newcastle United,Stoke City,3,0,1,1,3,3,1
2011,Newcastle United,Wolverhampton Wanderers,2,2,1,1,4,0,0
2011,Norwich City,Blackburn Rovers,3,3,1,1,6,0,0
2011,Norwich City,Everton,2,2,1,1,4,0,0
2011,Norwich City,Swansea City,3,1,1,1,4,2,1
2011,Queens Park Rangers,Aston Villa,1,1,1,1,2,0,0
2011,Queens Park Rangers,Chelsea,1,0,1,1,1,1,1
2011,Queens Park Rangers,Liverpool,3,2,1,1,5,1,1
2011,Queens Park Rangers,Newcastle United,0,0,1,1,0,0,0
2011,Queens Park Rangers,West Bromwich Albion,1,1,1,1,2,0,0
2011,Stoke City,Arsenal,1,1,1,1,2,0,0
2011,Stoke City,Fulham,2,0,1,1,2,2,1
2011,Stoke City,Manchester United,1,1,1,1,2,0,0
2011,Stoke City,Queens Park Rangers,2,3,1,1,5,-1,0
2011,Stoke City,Wolverhampton Wanderers,2,1,1,1,3,1,1
2011,Sunderland,Swansea City,2,0,1,1,2,2,1
2011,Sunderland,Wigan Athletic,1,2,1,1,3,-1,0
2011,Swansea City,Newcastle United,0,2,1,1,2,-2,0
2011,Swansea City,Stoke City,2,0,1,1,2,2,1
2011,Tottenham Hotspur,Bolton Wanderers,3,0,1,1,3,3,1
2011,Tottenham Hotspur,Manchester United,1,3,1,1,4,-2,0
2011,Tottenham Hotspur,Queens Park Rangers,3,1,1,1,4,2,1
2011,Tottenham Hotspur,Swansea City,3,1,1,1,4,2,1
2011,West Bromwich Albion,Blackburn Rovers,3,0,1,1,3,3,1
2011,West Bromwich Albion,Everton,0,1,1,1,1,-1,0
2011,West Bromwich Albion,Manchester City,0,0,1,1,0,0,0
2011,West Bromwich Albion,Sunderland,4,0,1,1,4,4,1
2011,Wigan Athletic,Chelsea,1,1,1,1,2,0,0
2011,Wigan Athletic,Liverpool,0,0,1,1,0,0,0
2011,Wigan Athletic,Newcastle United,4,0,1,1,4,4,1
2011,Wigan Athletic,Stoke City,2,0,1,1,2,2,1
2011,Wolverhampton Wanderers,Arsenal,0,3,1,1,3,-3,0
2011,Wolverhampton Wanderers,Bolton Wanderers,2,3,1,1,5,-1,0
2011,Wolverhampton Wanderers,Queens Park Rangers,0,3,1,1,3,-3,0
2011,Wolverhampton Wanderers,Swansea City,2,2,1,1,4,0,0
2011,Wolverhampton Wanderers,Wigan Athletic,3,1,1,1,4,2,1
2011,Barnsley,Brighton & Hove Albion,0,0,2,2,0,0,0
2011,Barnsley,Cardiff City,0,1,2,2,1,-1,0
2011,Barnsley,Middlesbrough,1,3,2,2,4,-2,0
2011,Barnsley,Southampton,0,1,2,2,1,-1,0
2011,Birmingham City,Barnsley,1,1,2,2,2,0,0
2011,Birmingham City,Coventry City,1,0,2,2,1,1,1
2011,Birmingham City,Leeds United,1,0,2,2,1,1,1
2011,Blackpool,Birmingham City,2,2,2,2,4,0,0
2011,Blackpool,Burnley,4,0,2,2,4,4,1
2011,Blackpool,Hull City,1,1,2,2,2,0,0
2011,Blackpool,Leicester City,3,3,2,2,6,0,0
2011,Blackpool,Nottingham Forest,1,2,2,2,3,-1,0
2011,Brighton & Hove Albion,Blackpool,2,2,2,2,4,0,0
2011,Brighton & Hove Albion,Cardiff City,2,2,2,2,4,0,0
2011,Brighton & Hove Albion,Ipswich Town,3,0,2,2,3,3,1
2011,Brighton & Hove Albion,Middlesbrough,1,1,2,2,2,0,0
2011,Brighton & Hove Albion,Peterborough United,2,0,2,2,2,2,1
2011,Bristol City,Barnsley,2,0,2,2,2,2,1
2011,Bristol City,Leeds United,0,3,2,2,3,-3,0
2011,Bristol City,Millwall,1,0,2,2,1,1,1
2011,Bristol City,Portsmouth,0,0,2,2,0,0,0
2011,Bristol City,Watford,0,2,2,2,2,-2,0
2011,Burnley,Crystal Palace,1,1,2,2,2,0,0
2011,Burnley,Hull City,1,0,2,2,1,1,1
2011,Burnley,Leicester City,1,3,2,2,4,-2,0
2011,Burnley,Nottingham Forest,5,1,2,2,6,4,1
2011,Burnley,Reading,0,1,2,2,1,-1,0
2011,Cardiff City,Burnley,0,0,2,2,0,0,0
2011,Cardiff City,Derby County,2,0,2,2,2,2,1
2011,Cardiff City,Middlesbrough,2,3,2,2,5,-1,0
2011,Cardiff City,Peterborough United,3,1,2,2,4,2,1
2011,Coventry City,Barnsley,1,0,2,2,1,1,1
2011,Coventry City,Brighton & Hove Albion,2,0,2,2,2,2,1
2011,Coventry City,Cardiff City,1,1,2,2,2,0,0
2011,Coventry City,Leeds United,2,1,2,2,3,1,1
2011,Coventry City,Millwall,0,1,2,2,1,-1,0
2011,Coventry City,Portsmouth,2,0,2,2,2,2,1
2011,Coventry City,Watford,0,0,2,2,0,0,0
2011,Crystal Palace,Birmingham City,1,0,2,2,1,1,1
2011,Crystal Palace,Coventry City,2,1,2,2,3,1,1
2011,Crystal Palace,Leicester City,1,2,2,2,3,-1,0
2011,Crystal Palace,Nottingham Forest,0,3,2,2,3,-3,0
2011,Crystal Palace,West Ham United,2,2,2,2,4,0,0
2011,Derby County,Ipswich Town,0,0,2,2,0,0,0
2011,Derby County,Peterborough United,1,1,2,2,2,0,0
2011,Doncaster Rovers,Barnsley,2,0,2,2,2,2,1
2011,Doncaster Rovers,Derby County,1,2,2,2,3,-1,0
2011,Doncaster Rovers,Millwall,0,3,2,2,3,-3,0
2011,Hull City,Bristol City,3,0,2,2,3,3,1
2011,Hull City,Coventry City,0,2,2,2,2,-2,0
2011,Hull City,Doncaster Rovers,0,0,2,2,0,0,0
2011,Hull City,Nottingham Forest,2,1,2,2,3,1,1
2011,Hull City,Reading,1,0,2,2,1,1,1
2011,Ipswich Town,Burnley,1,0,2,2,1,1,1
2011,Ipswich Town,Crystal Palace,0,1,2,2,1,-1,0
2011,Ipswich Town,Middlesbrough,1,1,2,2,2,0,0
2011,Leeds United,Barnsley,1,2,2,2,3,-1,0
2011,Leeds United,Cardiff City,1,1,2,2,2,0,0
2011,Leeds United,Derby County,0,2,2,2,2,-2,0
2011,Leeds United,Millwall,2,0,2,2,2,2,1
2011,Leeds United,Portsmouth,1,0,2,2,1,1,1
2011,Leeds United,Watford,0,2,2,2,2,-2,0
2011,Leicester City,Coventry City,2,0,2,2,2,2,1
2011,Leicester City,Doncaster Rovers,4,0,2,2,4,4,1
2011,Middlesbrough,Blackpool,2,2,2,2,4,0,0
2011,Middlesbrough,Crystal Palace,0,0,2,2,0,0,0
2011,Middlesbrough,Hull City,1,0,2,2,1,1,1
2011,Middlesbrough,Peterborough United,1,1,2,2,2,0,0
2011,Millwall,Barnsley,0,0,2,2,0,0,0
2011,Millwall,Brighton & Hove Albion,1,1,2,2,2,0,0
2011,Millwall,Cardiff City,0,0,2,2,0,0,0
2011,Millwall,Derby County,0,0,2,2,0,0,0
2011,Nottingham Forest,Bristol City,0,1,2,2,1,-1,0
2011,Nottingham Forest,Leeds United,0,4,2,2,4,-4,0
2011,Nottingham Forest,Millwall,3,1,2,2,4,2,1
2011,Nottingham Forest,Reading,1,0,2,2,1,1,1
2011,Nottingham Forest,West Ham United,1,4,2,2,5,-3,0
2011,Peterborough United,Hull City,0,1,2,2,1,-1,0
2011,Peterborough United,Nottingham Forest,0,1,2,2,1,-1,0
2011,Peterborough United,Southampton,1,3,2,2,4,-2,0
2011,Portsmouth,Ipswich Town,0,1,2,2,1,-1,0
2011,Portsmouth,Watford,2,0,2,2,2,2,1
2011,Reading,Birmingham City,1,0,2,2,1,1,1
2011,Reading,Doncaster Rovers,2,0,2,2,2,2,1
2011,Reading,Millwall,2,2,2,2,4,0,0
2011,Reading,Portsmouth,1,0,2,2,1,1,1
2011,Reading,West Ham United,3,0,2,2,3,3,1
2011,Southampton,Blackpool,2,2,2,2,4,0,0
2011,Southampton,Burnley,2,0,2,2,2,2,1
2011,Southampton,Hull City,2,1,2,2,3,1,1
2011,Watford,Cardiff City,1,1,2,2,2,0,0
2011,Watford,Middlesbrough,2,1,2,2,3,1,1
2011,Watford,Peterborough United,3,2,2,2,5,1,1
2011,West Ham United,Birmingham City,3,3,2,2,6,0,0
2011,West Ham United,Bristol City,0,0,2,2,0,0,0
2011,West Ham United,Coventry City,1,0,2,2,1,1,1
2011,West Ham United,Doncaster Rovers,1,1,2,2,2,0,0
2011,West Ham United,Millwall,2,1,2,2,3,1,1
2011,West Ham United,Watford,1,1,2,2,2,0,0
2011,AFC Bournemouth,Carlisle United,1,1,3,3,2,0,0
2011,AFC Bournemouth,Colchester United,1,1,3,3,2,0,0
2011,AFC Bournemouth,Notts County,2,1,3,3,3,1,1
2011,AFC Bournemouth,Walsall,0,2,3,3,2,-2,0
2011,Brentford,Charlton Athletic,0,1,3,3,1,-1,0
2011,Brentford,Exeter City,2,0,3,3,2,2,1
2011,Brentford,Oldham Athletic,2,0,3,3,2,2,1
2011,Brentford,Scunthorpe United,0,0,3,3,0,0,0
2011,Bury,Hartlepool United,1,2,3,3,3,-1,0
2011,Bury,Preston North End,1,0,3,3,1,1,1
2011,Bury,Sheffield United,0,3,3,3,3,-3,0
2011,Bury,Tranmere Rovers,2,0,3,3,2,2,1
2011,Bury,Yeovil,3,2,3,3,5,1,1
2011,Carlisle United,Colchester United,1,0,3,3,1,1,1
2011,Carlisle United,Rochdale,2,1,3,3,3,1,1
2011,Carlisle United,Sheffield Wednesday,3,2,3,3,5,1,1
2011,Carlisle United,Walsall,1,1,3,3,2,0,0
2011,Charlton Athletic,Carlisle United,4,0,3,3,4,4,1
2011,Charlton Athletic,Exeter City,2,0,3,3,2,2,1
2011,Charlton Athletic,Oldham Athletic,1,1,3,3,2,0,0
2011,Charlton Athletic,Stevenage Borough,2,0,3,3,2,2,1
2011,Chesterfield,Brentford,2,3,3,3,5,-1,0
2011,Chesterfield,Charlton Athletic,0,4,3,3,4,-4,0
2011,Chesterfield,Tranmere Rovers,1,0,3,3,1,1,1
2011,Chesterfield,Yeovil,2,2,3,3,4,0,0
2011,Colchester United,Bury,4,1,3,3,5,3,1
2011,Colchester United,Chesterfield,1,2,3,3,3,-1,0
2011,Colchester United,Notts County,4,2,3,3,6,2,1
2011,Exeter City,Leyton Orient,3,0,3,3,3,3,1
2011,Exeter City,Wycombe Wanderers,1,3,3,3,4,-2,0
2011,Hartlepool United,Exeter City,2,0,3,3,2,2,1
2011,Hartlepool United,Preston North End,0,1,3,3,1,-1,0
2011,Hartlepool United,Sheffield United,0,1,3,3,1,-1,0
2011,Hartlepool United,Tranmere Rovers,0,2,3,3,2,-2,0
2011,Hartlepool United,Yeovil,0,1,3,3,1,-1,0
2011,Huddersfield Town,Bury,1,1,3,3,2,0,0
2011,Huddersfield Town,Hartlepool United,1,0,3,3,1,1,1
2011,Huddersfield Town,Notts County,2,1,3,3,3,1,1
2011,Huddersfield Town,Rochdale,2,2,3,3,4,0,0
2011,Huddersfield Town,Sheffield Wednesday,0,2,3,3,2,-2,0
2011,Huddersfield Town,Walsall,1,1,3,3,2,0,0
2011,Leyton Orient,Carlisle United,1,2,3,3,3,-1,0
2011,Leyton Orient,Oldham Athletic,1,3,3,3,4,-2,0
2011,Milton Keynes Dons,Leyton Orient,4,1,3,3,5,3,1
2011,Milton Keynes Dons,Yeovil,0,1,3,3,1,-1,0
2011,Notts County,Bury,2,4,3,3,6,-2,0
2011,Notts County,Chesterfield,1,0,3,3,1,1,1
2011,Notts County,Hartlepool United,3,0,3,3,3,3,1
2011,Notts County,Milton Keynes Dons,1,1,3,3,2,0,0
2011,Notts County,Rochdale,2,0,3,3,2,2,1
2011,Oldham Athletic,Carlisle United,2,1,3,3,3,1,1
2011,Oldham Athletic,Huddersfield Town,1,1,3,3,2,0,0
2011,Oldham Athletic,Scunthorpe United,1,2,3,3,3,-1,0
2011,Oldham Athletic,Wycombe Wanderers,2,0,3,3,2,2,1
2011,Preston North End,Tranmere Rovers,2,1,3,3,3,1,1
2011,Preston North End,Yeovil,4,3,3,3,7,1,1
2011,Rochdale,Chesterfield,1,1,3,3,2,0,0
2011,Rochdale,Hartlepool United,1,3,3,3,4,-2,0
2011,Rochdale,Milton Keynes Dons,1,2,3,3,3,-1,0
2011,Rochdale,Preston North End,1,1,3,3,2,0,0
2011,Scunthorpe United,AFC Bournemouth,1,1,3,3,2,0,0
2011,Scunthorpe United,Carlisle United,1,2,3,3,3,-1,0
2011,Scunthorpe United,Colchester United,1,1,3,3,2,0,0
2011,Scunthorpe United,Huddersfield Town,2,2,3,3,4,0,0
2011,Scunthorpe United,Notts County,0,0,3,3,0,0,0
2011,Scunthorpe United,Stevenage Borough,1,1,3,3,2,0,0
2011,Scunthorpe United,Wycombe Wanderers,4,1,3,3,5,3,1
2011,Sheffield United,Yeovil,4,0,3,3,4,4,1
2011,Sheffield Wednesday,Chesterfield,3,1,3,3,4,2,1
2011,Sheffield Wednesday,Hartlepool United,2,2,3,3,4,0,0
2011,Sheffield Wednesday,Milton Keynes Dons,3,1,3,3,4,2,1
2011,Sheffield Wednesday,Preston North End,2,0,3,3,2,2,1
2011,Sheffield Wednesday,Sheffield United,1,0,3,3,1,1,1
2011,Sheffield Wednesday,Walsall,2,2,3,3,4,0,0
2011,Stevenage Borough,Notts County,0,2,3,3,2,-2,0
2011,Stevenage Borough,Sheffield Wednesday,5,1,3,3,6,4,1
2011,Tranmere Rovers,Exeter City,2,0,3,3,2,2,1
2011,Tranmere Rovers,Leyton Orient,2,0,3,3,2,2,1
2011,Tranmere Rovers,Oldham Athletic,1,0,3,3,1,1,1
2011,Tranmere Rovers,Scunthorpe United,1,1,3,3,2,0,0
2011,Tranmere Rovers,Yeovil,0,0,3,3,0,0,0
2011,Walsall,Chesterfield,3,2,3,3,5,1,1
2011,Walsall,Hartlepool United,0,0,3,3,0,0,0
2011,Walsall,Milton Keynes Dons,0,2,3,3,2,-2,0
2011,Walsall,Tranmere Rovers,0,1,3,3,1,-1,0
2011,Wycombe Wanderers,AFC Bournemouth,0,1,3,3,1,-1,0
2011,Wycombe Wanderers,Carlisle United,1,1,3,3,2,0,0
2011,Wycombe Wanderers,Colchester United,0,0,3,3,0,0,0
2011,Wycombe Wanderers,Huddersfield Town,0,6,3,3,6,-6,0
2011,Wycombe Wanderers,Notts County,3,4,3,3,7,-1,0
2011,Wycombe Wanderers,Rochdale,3,0,3,3,3,3,1
2011,Wycombe Wanderers,Walsall,1,1,3,3,2,0,0
2011,Yeovil,Exeter City,2,2,3,3,4,0,0
2011,Yeovil,Leyton Orient,2,2,3,3,4,0,0
2011,Yeovil,Stevenage Borough,0,6,3,3,6,-6,0
2011,Yeovil,Wycombe Wanderers,1,0,3,3,1,1,1
2011,Accrington,Barnet,0,3,4,4,3,-3,0
2011,Accrington,Hereford United,2,1,4,4,3,1,1
2011,Accrington,Northampton Town,2,1,4,4,3,1,1
2011,Accrington,Port Vale,2,2,4,4,4,0,0
2011,Accrington,Southend United,1,2,4,4,3,-1,0
2011,AFC Wimbledon,Cheltenham,4,1,4,4,5,3,1
2011,AFC Wimbledon,Dagenham and Redbridge,2,1,4,4,3,1,1
2011,AFC Wimbledon,Rotherham United,1,2,4,4,3,-1,0
2011,AFC Wimbledon,Swindon Town,1,1,4,4,2,0,0
2011,Aldershot,AFC Wimbledon,1,1,4,4,2,0,0
2011,Aldershot,Bristol Rovers,1,0,4,4,1,1,1
2011,Aldershot,Crawley Town,0,1,4,4,1,-1,0
2011,Aldershot,Plymouth Argyle,0,0,4,4,0,0,0
2011,Aldershot,Torquay United,0,1,4,4,1,-1,0
2011,Barnet,Crewe Alexandra,2,0,4,4,2,2,1
2011,Barnet,Northampton Town,1,2,4,4,3,-1,0
2011,Barnet,Southend United,0,3,4,4,3,-3,0
2011,Bradford City,Accrington,1,1,4,4,2,0,0
2011,Bradford City,Dagenham and Redbridge,0,1,4,4,1,-1,0
2011,Bradford City,Oxford United,2,1,4,4,3,1,1
2011,Bradford City,Swindon Town,0,0,4,4,0,0,0
2011,Bristol Rovers,Gillingham,2,2,4,4,4,0,0
2011,Bristol Rovers,Morecambe,2,1,4,4,3,1,1
2011,Bristol Rovers,Shrewsbury Town,1,0,4,4,1,1,1
2011,Burton Albion,Aldershot,0,4,4,4,4,-4,0
2011,Burton Albion,Bristol Rovers,2,1,4,4,3,1,1
2011,Burton Albion,Crewe Alexandra,1,0,4,4,1,1,1
2011,Burton Albion,Hereford United,0,2,4,4,2,-2,0
2011,Burton Albion,Northampton Town,0,1,4,4,1,-1,0
2011,Burton Albion,Port Vale,1,1,4,4,2,0,0
2011,Burton Albion,Southend United,0,2,4,4,2,-2,0
2011,Cheltenham,Accrington,4,1,4,4,5,3,1
2011,Cheltenham,Barnet,2,0,4,4,2,2,1
2011,Cheltenham,Burton Albion,2,0,4,4,2,2,1
2011,Cheltenham,Dagenham and Redbridge,2,1,4,4,3,1,1
2011,Cheltenham,Macclesfield,2,0,4,4,2,2,1
2011,Cheltenham,Oxford United,0,0,4,4,0,0,0
2011,Cheltenham,Rotherham United,1,0,4,4,1,1,1
2011,Cheltenham,Swindon Town,1,0,4,4,1,1,1
2011,Crawley Town,Bradford City,3,1,4,4,4,2,1
2011,Crawley Town,Cheltenham,4,2,4,4,6,2,1
2011,Crawley Town,Gillingham,1,2,4,4,3,-1,0
2011,Crawley Town,Shrewsbury Town,2,1,4,4,3,1,1
2011,Crewe Alexandra,Aldershot,2,2,4,4,4,0,0
2011,Crewe Alexandra,Bristol Rovers,3,0,4,4,3,3,1
2011,Crewe Alexandra,Northampton Town,1,1,4,4,2,0,0
2011,Crewe Alexandra,Southend United,1,3,4,4,4,-2,0
2011,Dagenham and Redbridge,Burton Albion,1,1,4,4,2,0,0
2011,Dagenham and Redbridge,Oxford United,0,1,4,4,1,-1,0
2011,Dagenham and Redbridge,Swindon Town,1,0,4,4,1,1,1
2011,Gillingham,AFC Wimbledon,3,4,4,4,7,-1,0
2011,Gillingham,Cheltenham,1,0,4,4,1,1,1
2011,Gillingham,Dagenham and Redbridge,1,2,4,4,3,-1,0
2011,Gillingham,Morecambe,2,0,4,4,2,2,1
2011,Gillingham,Shrewsbury Town,0,1,4,4,1,-1,0
2011,Hereford United,Aldershot,0,2,4,4,2,-2,0
2011,Hereford United,Bristol Rovers,1,2,4,4,3,-1,0
2011,Hereford United,Port Vale,1,2,4,4,3,-1,0
2011,Macclesfield,Barnet,0,0,4,4,0,0,0
2011,Macclesfield,Burton Albion,0,2,4,4,2,-2,0
2011,Macclesfield,Oxford United,1,1,4,4,2,0,0
2011,Macclesfield,Swindon Town,2,0,4,4,2,2,1
2011,Morecambe,Cheltenham,3,1,4,4,4,2,1
2011,Morecambe,Dagenham and Redbridge,1,2,4,4,3,-1,0
2011,Northampton Town,Aldershot,3,1,4,4,4,2,1
2011,Northampton Town,Crawley Town,0,1,4,4,1,-1,0
2011,Northampton Town,Port Vale,1,2,4,4,3,-1,0
2011,Oxford United,Accrington,1,1,4,4,2,0,0
2011,Oxford United,Barnet,2,1,4,4,3,1,1
2011,Oxford United,Hereford United,2,2,4,4,4,0,0
2011,Oxford United,Northampton Town,2,0,4,4,2,2,1
2011,Oxford United,Rotherham United,2,1,4,4,3,1,1
2011,Plymouth Argyle,Bradford City,1,0,4,4,1,1,1
2011,Plymouth Argyle,Oxford United,1,1,4,4,2,0,0
2011,Plymouth Argyle,Shrewsbury Town,1,0,4,4,1,1,1
2011,Port Vale,Aldershot,4,0,4,4,4,4,1
2011,Port Vale,Crawley Town,2,2,4,4,4,0,0
2011,Port Vale,Morecambe,0,4,4,4,4,-4,0
2011,Port Vale,Plymouth Argyle,1,0,4,4,1,1,1
2011,Port Vale,Southend United,2,3,4,4,5,-1,0
2011,Rotherham United,Accrington,1,0,4,4,1,1,1
2011,Rotherham United,Barnet,2,2,4,4,4,0,0
2011,Rotherham United,Northampton Town,1,1,4,4,2,0,0
2011,Rotherham United,Swindon Town,1,2,4,4,3,-1,0
2011,Shrewsbury Town,Bradford City,1,0,4,4,1,1,1
2011,Shrewsbury Town,Macclesfield,1,0,4,4,1,1,1
2011,Shrewsbury Town,Oxford United,2,2,4,4,4,0,0
2011,Shrewsbury Town,Rotherham United,3,1,4,4,4,2,1
2011,Shrewsbury Town,Torquay United,2,0,4,4,2,2,1
2011,Southend United,Aldershot,0,1,4,4,1,-1,0
2011,Southend United,Gillingham,1,0,4,4,1,1,1
2011,Southend United,Morecambe,1,1,4,4,2,0,0
2011,Southend United,Plymouth Argyle,2,0,4,4,2,2,1
2011,Swindon Town,Accrington,2,0,4,4,2,2,1
2011,Swindon Town,Hereford United,3,3,4,4,6,0,0
2011,Swindon Town,Port Vale,5,0,4,4,5,5,1
2011,Swindon Town,Southend United,2,0,4,4,2,2,1
2011,Torquay United,AFC Wimbledon,4,0,4,4,4,4,1
2011,Torquay United,Bradford City,1,2,4,4,3,-1,0
2011,Torquay United,Macclesfield,3,0,4,4,3,3,1
2011,Torquay United,Oxford United,0,0,4,4,0,0,0
2011,Torquay United,Swindon Town,1,0,4,4,1,1,1
2012,Arsenal,Manchester City,0,2,1,1,2,-2,0
2012,Arsenal,Southampton,6,1,1,1,7,5,1
2012,Aston Villa,Chelsea,1,2,1,1,3,-1,0
2012,Aston Villa,Newcastle United,1,2,1,1,3,-1,0
2012,Aston Villa,Reading,1,0,1,1,1,1,1
2012,Chelsea,Fulham,0,0,1,1,0,0,0
2012,Chelsea,Manchester United,2,3,1,1,5,-1,0
2012,Chelsea,Stoke City,1,0,1,1,1,1,1
2012,Chelsea,Tottenham Hotspur,2,2,1,1,4,0,0
2012,Chelsea,Wigan Athletic,4,1,1,1,5,3,1
2012,Everton,Southampton,3,1,1,1,4,2,1
2012,Everton,Swansea City,0,0,1,1,0,0,0
2012,Everton,West Ham United,2,0,1,1,2,2,1
2012,Fulham,Liverpool,1,3,1,1,4,-2,0
2012,Fulham,Newcastle United,2,1,1,1,3,1,1
2012,Fulham,West Bromwich Albion,3,0,1,1,3,3,1
2012,Liverpool,Stoke City,0,0,1,1,0,0,0
2012,Liverpool,Tottenham Hotspur,3,2,1,1,5,1,1
2012,Manchester City,Liverpool,2,2,1,1,4,0,0
2012,Manchester City,Southampton,3,2,1,1,5,1,1
2012,Manchester City,Swansea City,1,0,1,1,1,1,1
2012,Manchester United,Fulham,3,2,1,1,5,1,1
2012,Manchester United,Newcastle United,4,3,1,1,7,1,1
2012,Manchester United,Sunderland,3,1,1,1,4,2,1
2012,Manchester United,West Bromwich Albion,2,0,1,1,2,2,1
2012,Newcastle United,Arsenal,0,1,1,1,1,-1,0
2012,Newcastle United,Everton,1,2,1,1,3,-1,0
2012,Newcastle United,Stoke City,2,1,1,1,3,1,1
2012,Newcastle United,Wigan Athletic,3,0,1,1,3,3,1
2012,Norwich City,Newcastle United,0,0,1,1,0,0,0
2012,Norwich City,West Ham United,0,0,1,1,0,0,0
2012,Queens Park Rangers,Aston Villa,1,1,1,1,2,0,0
2012,Queens Park Rangers,Reading,1,1,1,1,2,0,0
2012,Queens Park Rangers,Sunderland,3,1,1,1,4,2,1
2012,Reading,Manchester City,0,2,1,1,2,-2,0
2012,Reading,Norwich City,0,0,1,1,0,0,0
2012,Reading,Tottenham Hotspur,1,3,1,1,4,-2,0
2012,Reading,Wigan Athletic,0,3,1,1,3,-3,0
2012,Southampton,Newcastle United,2,0,1,1,2,2,1
2012,Southampton,Reading,1,0,1,1,1,1,1
2012,Southampton,West Ham United,1,1,1,1,2,0,0
2012,Stoke City,Aston Villa,1,3,1,1,4,-2,0
2012,Stoke City,Fulham,1,0,1,1,1,1,1
2012,Stoke City,West Bromwich Albion,0,0,1,1,0,0,0
2012,Sunderland,Arsenal,0,1,1,1,1,-1,0
2012,Sunderland,Everton,1,0,1,1,1,1,1
2012,Sunderland,Manchester City,1,0,1,1,1,1,1
2012,Sunderland,Wigan Athletic,1,0,1,1,1,1,1
2012,Swansea City,Chelsea,1,1,1,1,2,0,0
2012,Swansea City,Liverpool,0,0,1,1,0,0,0
2012,Swansea City,Newcastle United,1,0,1,1,1,1,1
2012,Swansea City,Reading,2,2,1,1,4,0,0
2012,Tottenham Hotspur,Aston Villa,2,0,1,1,2,2,1
2012,Tottenham Hotspur,Manchester United,1,1,1,1,2,0,0
2012,Tottenham Hotspur,Queens Park Rangers,2,1,1,1,3,1,1
2012,Tottenham Hotspur,Stoke City,0,0,1,1,0,0,0
2012,West Bromwich Albion,Manchester City,1,2,1,1,3,-1,0
2012,West Bromwich Albion,Southampton,2,0,1,1,2,2,1
2012,West Ham United,Reading,4,2,1,1,6,2,1
2012,West Ham United,Sunderland,1,1,1,1,2,0,0
2012,West Ham United,West Bromwich Albion,3,1,1,1,4,2,1
2012,Wigan Athletic,Aston Villa,2,2,1,1,4,0,0
2012,Wigan Athletic,Manchester United,0,4,1,1,4,-4,0
2012,Wigan Athletic,Stoke City,2,2,1,1,4,0,0
2012,Wigan Athletic,Tottenham Hotspur,2,2,1,1,4,0,0
2012,Barnsley,Bolton Wanderers,2,3,2,2,5,-1,0
2012,Barnsley,Burnley,1,1,2,2,2,0,0
2012,Barnsley,Crystal Palace,1,1,2,2,2,0,0
2012,Birmingham City,Blackburn Rovers,1,1,2,2,2,0,0
2012,Birmingham City,Brighton & Hove Albion,2,2,2,2,4,0,0
2012,Birmingham City,Cardiff City,0,1,2,2,1,-1,0
2012,Birmingham City,Derby County,3,1,2,2,4,2,1
2012,Birmingham City,Ipswich Town,0,1,2,2,1,-1,0
2012,Birmingham City,Middlesbrough,3,2,2,2,5,1,1
2012,Birmingham City,Peterborough United,1,0,2,2,1,1,1
2012,Birmingham City,Wolverhampton Wanderers,2,3,2,2,5,-1,0
2012,Blackburn Rovers,Blackpool,1,1,2,2,2,0,0
2012,Blackburn Rovers,Bristol City,2,0,2,2,2,2,1
2012,Blackburn Rovers,Leeds United,0,0,2,2,0,0,0
2012,Blackburn Rovers,Sheffield Wednesday,1,0,2,2,1,1,1
2012,Blackpool,Barnsley,1,2,2,2,3,-1,0
2012,Blackpool,Bolton Wanderers,2,2,2,2,4,0,0
2012,Blackpool,Nottingham Forest,2,2,2,2,4,0,0
2012,Bolton Wanderers,Brighton & Hove Albion,1,0,2,2,1,1,1
2012,Bolton Wanderers,Cardiff City,2,1,2,2,3,1,1
2012,Bolton Wanderers,Derby County,2,0,2,2,2,2,1
2012,Bolton Wanderers,Ipswich Town,1,2,2,2,3,-1,0
2012,Brighton & Hove Albion,Blackburn Rovers,1,1,2,2,2,0,0
2012,Brighton & Hove Albion,Leeds United,2,2,2,2,4,0,0
2012,Bristol City,Blackpool,1,1,2,2,2,0,0
2012,Bristol City,Hull City,1,2,2,2,3,-1,0
2012,Bristol City,Watford,2,0,2,2,2,2,1
2012,Burnley,Birmingham City,1,2,2,2,3,-1,0
2012,Burnley,Bolton Wanderers,2,0,2,2,2,2,1
2012,Burnley,Cardiff City,1,1,2,2,2,0,0
2012,Burnley,Derby County,2,0,2,2,2,2,1
2012,Burnley,Ipswich Town,2,0,2,2,2,2,1
2012,Burnley,Middlesbrough,0,0,2,2,0,0,0
2012,Burnley,Wolverhampton Wanderers,2,0,2,2,2,2,1
2012,Cardiff City,Blackburn Rovers,3,0,2,2,3,3,1
2012,Cardiff City,Charlton Athletic,0,0,2,2,0,0,0
2012,Cardiff City,Huddersfield Town,1,0,2,2,1,1,1
2012,Cardiff City,Leeds United,2,1,2,2,3,1,1
2012,Cardiff City,Millwall,1,0,2,2,1,1,1
2012,Charlton Athletic,Barnsley,0,1,2,2,1,-1,0
2012,Charlton Athletic,Crystal Palace,0,1,2,2,1,-1,0
2012,Charlton Athletic,Nottingham Forest,0,2,2,2,2,-2,0
2012,Charlton Athletic,Watford,1,2,2,2,3,-1,0
2012,Crystal Palace,Birmingham City,0,4,2,2,4,-4,0
2012,Crystal Palace,Bolton Wanderers,0,0,2,2,0,0,0
2012,Crystal Palace,Middlesbrough,4,1,2,2,5,3,1
2012,Derby County,Brighton & Hove Albion,0,0,2,2,0,0,0
2012,Derby County,Huddersfield Town,3,0,2,2,3,3,1
2012,Derby County,Millwall,1,0,2,2,1,1,1
2012,Huddersfield Town,Barnsley,2,2,2,2,4,0,0
2012,Huddersfield Town,Bristol City,1,0,2,2,1,1,1
2012,Huddersfield Town,Charlton Athletic,0,1,2,2,1,-1,0
2012,Huddersfield Town,Watford,2,3,2,2,5,-1,0
2012,Hull City,Bolton Wanderers,3,1,2,2,4,2,1
2012,Hull City,Burnley,0,1,2,2,1,-1,0
2012,Hull City,Middlesbrough,1,0,2,2,1,1,1
2012,Ipswich Town,Brighton & Hove Albion,0,3,2,2,3,-3,0
2012,Ipswich Town,Cardiff City,1,2,2,2,3,-1,0
2012,Ipswich Town,Derby County,1,2,2,2,3,-1,0
2012,Leeds United,Blackpool,2,0,2,2,2,2,1
2012,Leeds United,Bristol City,1,0,2,2,1,1,1
2012,Leeds United,Charlton Athletic,1,1,2,2,2,0,0
2012,Leeds United,Leicester City,1,0,2,2,1,1,1
2012,Leeds United,Nottingham Forest,2,1,2,2,3,1,1
2012,Leeds United,Watford,1,6,2,2,7,-5,0
2012,Leicester City,Bolton Wanderers,3,2,2,2,5,1,1
2012,Leicester City,Crystal Palace,1,2,2,2,3,-1,0
2012,Leicester City,Middlesbrough,1,0,2,2,1,1,1
2012,Leicester City,Wolverhampton Wanderers,2,1,2,2,3,1,1
2012,Middlesbrough,Blackburn Rovers,1,0,2,2,1,1,1
2012,Middlesbrough,Cardiff City,2,1,2,2,3,1,1
2012,Middlesbrough,Derby County,2,2,2,2,4,0,0
2012,Middlesbrough,Ipswich Town,2,0,2,2,2,2,1
2012,Millwall,Huddersfield Town,4,0,2,2,4,4,1
2012,Millwall,Leeds United,1,0,2,2,1,1,1
2012,Millwall,Nottingham Forest,0,1,2,2,1,-1,0
2012,Nottingham Forest,Burnley,2,0,2,2,2,2,1
2012,Nottingham Forest,Hull City,1,2,2,2,3,-1,0
2012,Nottingham Forest,Leicester City,2,3,2,2,5,-1,0
2012,Peterborough United,Blackburn Rovers,1,4,2,2,5,-3,0
2012,Peterborough United,Brighton & Hove Albion,0,0,2,2,0,0,0
2012,Peterborough United,Cardiff City,2,1,2,2,3,1,1
2012,Peterborough United,Derby County,3,0,2,2,3,3,1
2012,Peterborough United,Ipswich Town,0,0,2,2,0,0,0
2012,Peterborough United,Middlesbrough,2,3,2,2,5,-1,0
2012,Peterborough United,Sheffield Wednesday,1,0,2,2,1,1,1
2012,Sheffield Wednesday,Blackpool,0,2,2,2,2,-2,0
2012,Sheffield Wednesday,Leeds United,1,1,2,2,2,0,0
2012,Watford,Hull City,1,2,2,2,3,-1,0
2012,Watford,Nottingham Forest,2,0,2,2,2,2,1
2012,Wolverhampton Wanderers,Blackburn Rovers,1,1,2,2,2,0,0
2012,Wolverhampton Wanderers,Brighton & Hove Albion,3,3,2,2,6,0,0
2012,Wolverhampton Wanderers,Cardiff City,1,2,2,2,3,-1,0
2012,Wolverhampton Wanderers,Ipswich Town,0,2,2,2,2,-2,0
2012,Wolverhampton Wanderers,Middlesbrough,3,2,2,2,5,1,1
2012,AFC Bournemouth,Brentford,2,2,3,3,4,0,0
2012,AFC Bournemouth,Leyton Orient,2,0,3,3,2,2,1
2012,AFC Bournemouth,Oldham Athletic,4,1,3,3,5,3,1
2012,AFC Bournemouth,Walsall,1,2,3,3,3,-1,0
2012,Brentford,Portsmouth,3,2,3,3,5,1,1
2012,Bury,Crawley Town,0,2,3,3,2,-2,0
2012,Bury,Hartlepool United,2,1,3,3,3,1,1
2012,Bury,Preston North End,1,2,3,3,3,-1,0
2012,Bury,Shrewsbury Town,2,2,3,3,4,0,0
2012,Bury,Tranmere Rovers,0,1,3,3,1,-1,0
2012,Carlisle United,AFC Bournemouth,2,4,3,3,6,-2,0
2012,Carlisle United,Colchester United,0,2,3,3,2,-2,0
2012,Carlisle United,Crewe Alexandra,0,0,3,3,0,0,0
2012,Carlisle United,Leyton Orient,1,4,3,3,5,-3,0
2012,Carlisle United,Walsall,0,3,3,3,3,-3,0
2012,Colchester United,Milton Keynes Dons,0,2,3,3,2,-2,0
2012,Colchester United,Sheffield United,1,1,3,3,2,0,0
2012,Colchester United,Swindon Town,0,1,3,3,1,-1,0
2012,Colchester United,Yeovil,2,0,3,3,2,2,1
2012,Coventry City,Crawley Town,3,1,3,3,4,2,1
2012,Coventry City,Hartlepool United,1,0,3,3,1,1,1
2012,Coventry City,Notts County,1,2,3,3,3,-1,0
2012,Coventry City,Tranmere Rovers,1,0,3,3,1,1,1
2012,Crawley Town,Crewe Alexandra,2,0,3,3,2,2,1
2012,Crawley Town,Leyton Orient,1,0,3,3,1,1,1
2012,Crawley Town,Stevenage Borough,1,1,3,3,2,0,0
2012,Crewe Alexandra,Portsmouth,1,2,3,3,3,-1,0
2012,Crewe Alexandra,Sheffield United,1,0,3,3,1,1,1
2012,Crewe Alexandra,Yeovil,0,1,3,3,1,-1,0
2012,Doncaster Rovers,Bury,2,1,3,3,3,1,1
2012,Doncaster Rovers,Notts County,0,1,3,3,1,-1,0
2012,Doncaster Rovers,Preston North End,1,3,3,3,4,-2,0
2012,Doncaster Rovers,Shrewsbury Town,1,0,3,3,1,1,1
2012,Doncaster Rovers,Tranmere Rovers,1,0,3,3,1,1,1
2012,Hartlepool United,AFC Bournemouth,1,2,3,3,3,-1,0
2012,Hartlepool United,Crawley Town,0,1,3,3,1,-1,0
2012,Hartlepool United,Stevenage Borough,0,2,3,3,2,-2,0
2012,Hartlepool United,Walsall,0,0,3,3,0,0,0
2012,Leyton Orient,Crewe Alexandra,1,1,3,3,2,0,0
2012,Leyton Orient,Milton Keynes Dons,2,0,3,3,2,2,1
2012,Leyton Orient,Portsmouth,1,0,3,3,1,1,1
2012,Leyton Orient,Yeovil,4,1,3,3,5,3,1
2012,Milton Keynes Dons,Bury,1,1,3,3,2,0,0
2012,Milton Keynes Dons,Doncaster Rovers,3,0,3,3,3,3,1
2012,Milton Keynes Dons,Shrewsbury Town,2,3,3,3,5,-1,0
2012,Notts County,AFC Bournemouth,3,3,3,3,6,0,0
2012,Notts County,Scunthorpe United,1,0,3,3,1,1,1
2012,Oldham Athletic,Brentford,0,2,3,3,2,-2,0
2012,Oldham Athletic,Colchester United,1,1,3,3,2,0,0
2012,Oldham Athletic,Crewe Alexandra,1,2,3,3,3,-1,0
2012,Oldham Athletic,Leyton Orient,2,0,3,3,2,2,1
2012,Oldham Athletic,Sheffield United,0,2,3,3,2,-2,0
2012,Oldham Athletic,Yeovil,1,0,3,3,1,1,1
2012,Portsmouth,Doncaster Rovers,0,1,3,3,1,-1,0
2012,Portsmouth,Milton Keynes Dons,1,1,3,3,2,0,0
2012,Portsmouth,Tranmere Rovers,1,0,3,3,1,1,1
2012,Preston North End,Hartlepool United,5,0,3,3,5,5,1
2012,Scunthorpe United,Colchester United,1,0,3,3,1,1,1
2012,Scunthorpe United,Sheffield United,1,1,3,3,2,0,0
2012,Scunthorpe United,Swindon Town,3,1,3,3,4,2,1
2012,Sheffield United,Milton Keynes Dons,0,0,3,3,0,0,0
2012,Sheffield United,Portsmouth,1,0,3,3,1,1,1
2012,Shrewsbury Town,AFC Bournemouth,0,3,3,3,3,-3,0
2012,Shrewsbury Town,Carlisle United,2,1,3,3,3,1,1
2012,Shrewsbury Town,Crawley Town,3,0,3,3,3,3,1
2012,Shrewsbury Town,Preston North End,1,0,3,3,1,1,1
2012,Stevenage Borough,Colchester United,0,2,3,3,2,-2,0
2012,Stevenage Borough,Crewe Alexandra,2,2,3,3,4,0,0
2012,Stevenage Borough,Scunthorpe United,1,0,3,3,1,1,1
2012,Stevenage Borough,Yeovil,0,2,3,3,2,-2,0
2012,Swindon Town,Bury,0,1,3,3,1,-1,0
2012,Swindon Town,Coventry City,2,2,3,3,4,0,0
2012,Swindon Town,Doncaster Rovers,1,1,3,3,2,0,0
2012,Swindon Town,Milton Keynes Dons,1,0,3,3,1,1,1
2012,Swindon Town,Portsmouth,5,0,3,3,5,5,1
2012,Swindon Town,Sheffield United,0,0,3,3,0,0,0
2012,Swindon Town,Tranmere Rovers,5,0,3,3,5,5,1
2012,Tranmere Rovers,AFC Bournemouth,0,0,3,3,0,0,0
2012,Tranmere Rovers,Carlisle United,0,1,3,3,1,-1,0
2012,Tranmere Rovers,Crawley Town,2,0,3,3,2,2,1
2012,Tranmere Rovers,Walsall,0,0,3,3,0,0,0
2012,Walsall,Leyton Orient,1,2,3,3,3,-1,0
2012,Walsall,Oldham Athletic,3,1,3,3,4,2,1
2012,Walsall,Scunthorpe United,1,4,3,3,5,-3,0
2012,Yeovil,Doncaster Rovers,2,1,3,3,3,1,1
2012,Yeovil,Portsmouth,1,2,3,3,3,-1,0
2012,Yeovil,Sheffield United,0,1,3,3,1,-1,0
2012,Yeovil,Swindon Town,0,2,3,3,2,-2,0
2012,Accrington,Cheltenham,2,2,4,4,4,0,0
2012,Accrington,Plymouth Argyle,1,1,4,4,2,0,0
2012,Accrington,Rotherham United,1,2,4,4,3,-1,0
2012,AFC Wimbledon,Aldershot,1,1,4,4,2,0,0
2012,AFC Wimbledon,Chesterfield,1,0,4,4,1,1,1
2012,AFC Wimbledon,Fleetwood Town,2,1,4,4,3,1,1
2012,AFC Wimbledon,Northampton Town,1,1,4,4,2,0,0
2012,Aldershot,Oxford United,3,2,4,4,5,1,1
2012,Barnet,Morecambe,4,1,4,4,5,3,1
2012,Barnet,Plymouth Argyle,1,4,4,4,5,-3,0
2012,Barnet,Rotherham United,0,0,4,4,0,0,0
2012,Barnet,Wycombe Wanderers,1,0,4,4,1,1,1
2012,Bradford City,AFC Wimbledon,5,1,4,4,6,4,1
2012,Bradford City,Bristol Rovers,4,1,4,4,5,3,1
2012,Bradford City,Chesterfield,0,0,4,4,0,0,0
2012,Bradford City,Northampton Town,1,0,4,4,1,1,1
2012,Bradford City,Port Vale,0,1,4,4,1,-1,0
2012,Bradford City,Southend United,2,2,4,4,4,0,0
2012,Bristol Rovers,Burton Albion,3,0,4,4,3,3,1
2012,Bristol Rovers,Oxford United,0,2,4,4,2,-2,0
2012,Bristol Rovers,Rochdale,2,1,4,4,3,1,1
2012,Bristol Rovers,Torquay United,3,2,4,4,5,1,1
2012,Burton Albion,Accrington,1,0,4,4,1,1,1
2012,Burton Albion,Cheltenham,3,1,4,4,4,2,1
2012,Cheltenham,AFC Wimbledon,2,1,4,4,3,1,1
2012,Cheltenham,Fleetwood Town,2,2,4,4,4,0,0
2012,Cheltenham,Port Vale,1,1,4,4,2,0,0
2012,Cheltenham,Southend United,1,3,4,4,4,-2,0
2012,Cheltenham,York City,1,1,4,4,2,0,0
2012,Chesterfield,Aldershot,0,0,4,4,0,0,0
2012,Chesterfield,Rochdale,1,1,4,4,2,0,0
2012,Dagenham and Redbridge,Barnet,1,0,4,4,1,1,1
2012,Dagenham and Redbridge,Morecambe,1,2,4,4,3,-1,0
2012,Dagenham and Redbridge,Plymouth Argyle,0,0,4,4,0,0,0
2012,Dagenham and Redbridge,Rotherham United,5,0,4,4,5,5,1
2012,Dagenham and Redbridge,Wycombe Wanderers,3,0,4,4,3,3,1
2012,Exeter City,AFC Wimbledon,2,0,4,4,2,2,1
2012,Exeter City,Bradford City,4,1,4,4,5,3,1
2012,Exeter City,Northampton Town,3,0,4,4,3,3,1
2012,Fleetwood Town,Gillingham,2,2,4,4,4,0,0
2012,Fleetwood Town,Oxford United,3,0,4,4,3,3,1
2012,Fleetwood Town,Rochdale,0,3,4,4,3,-3,0
2012,Gillingham,Accrington,1,0,4,4,1,1,1
2012,Gillingham,Dagenham and Redbridge,2,1,4,4,3,1,1
2012,Gillingham,Plymouth Argyle,2,1,4,4,3,1,1
2012,Gillingham,Rotherham United,1,0,4,4,1,1,1
2012,Morecambe,Exeter City,0,3,4,4,3,-3,0
2012,Morecambe,Port Vale,1,3,4,4,4,-2,0
2012,Morecambe,York City,2,2,4,4,4,0,0
2012,Northampton Town,Chesterfield,0,0,4,4,0,0,0
2012,Oxford United,Burton Albion,1,1,4,4,2,0,0
2012,Oxford United,Dagenham and Redbridge,2,3,4,4,5,-1,0
2012,Oxford United,Gillingham,0,0,4,4,0,0,0
2012,Oxford United,Wycombe Wanderers,0,1,4,4,1,-1,0
2012,Plymouth Argyle,AFC Wimbledon,1,2,4,4,3,-1,0
2012,Plymouth Argyle,Morecambe,2,1,4,4,3,1,1
2012,Plymouth Argyle,Port Vale,1,3,4,4,4,-2,0
2012,Plymouth Argyle,York City,2,0,4,4,2,2,1
2012,Port Vale,Aldershot,1,1,4,4,2,0,0
2012,Port Vale,Chesterfield,0,2,4,4,2,-2,0
2012,Rochdale,Burton Albion,0,1,4,4,1,-1,0
2012,Rotherham United,Plymouth Argyle,1,0,4,4,1,1,1
2012,Southend United,Bristol Rovers,0,0,4,4,0,0,0
2012,Southend United,Fleetwood Town,1,1,4,4,2,0,0
2012,Southend United,Northampton Town,1,2,4,4,3,-1,0
2012,Southend United,Port Vale,0,0,4,4,0,0,0
2012,Torquay United,Accrington,3,1,4,4,4,2,1
2012,Torquay United,Barnet,3,2,4,4,5,1,1
2012,Torquay United,Burton Albion,1,1,4,4,2,0,0
2012,Torquay United,Dagenham and Redbridge,2,1,4,4,3,1,1
2012,Torquay United,Wycombe Wanderers,1,2,4,4,3,-1,0
2012,Wycombe Wanderers,AFC Wimbledon,0,1,4,4,1,-1,0
2012,Wycombe Wanderers,Bradford City,0,3,4,4,3,-3,0
2012,Wycombe Wanderers,Cheltenham,1,1,4,4,2,0,0
2012,Wycombe Wanderers,Morecambe,2,2,4,4,4,0,0
2012,Wycombe Wanderers,York City,4,0,4,4,4,4,1
2012,York City,Aldershot,0,0,4,4,0,0,0
2012,York City,Bristol Rovers,4,1,4,4,5,3,1
2012,York City,Fleetwood Town,0,2,4,4,2,-2,0
2012,York City,Northampton Town,1,1,4,4,2,0,0
2012,York City,Southend United,2,1,4,4,3,1,1
2013,Arsenal,Crystal Palace,2,0,1,1,2,2,1
2013,Arsenal,Manchester United,0,0,1,1,0,0,0
2013,Arsenal,Southampton,2,0,1,1,2,2,1
2013,Aston Villa,Manchester City,3,2,1,1,5,1,1
2013,Aston Villa,West Bromwich Albion,4,3,1,1,7,1,1
2013,Cardiff City,Everton,0,0,1,1,0,0,0
2013,Cardiff City,Liverpool,3,6,1,1,9,-3,0
2013,Cardiff City,Tottenham Hotspur,0,1,1,1,1,-1,0
2013,Chelsea,Southampton,3,1,1,1,4,2,1
2013,Chelsea,West Ham United,0,0,1,1,0,0,0
2013,Crystal Palace,Fulham,1,4,1,1,5,-3,0
2013,Crystal Palace,Norwich City,1,1,1,1,2,0,0
2013,Crystal Palace,Sunderland,3,1,1,1,4,2,1
2013,Crystal Palace,West Bromwich Albion,3,1,1,1,4,2,1
2013,Everton,Crystal Palace,2,3,1,1,5,-1,0
2013,Everton,Stoke City,4,0,1,1,4,4,1
2013,Fulham,Chelsea,1,3,1,1,4,-2,0
2013,Fulham,Hull City,2,2,1,1,4,0,0
2013,Fulham,Southampton,0,3,1,1,3,-3,0
2013,Hull City,Everton,0,2,1,1,2,-2,0
2013,Hull City,West Bromwich Albion,2,0,1,1,2,2,1
2013,Liverpool,Crystal Palace,3,1,1,1,4,2,1
2013,Liverpool,Stoke City,1,0,1,1,1,1,1
2013,Liverpool,Tottenham Hotspur,4,0,1,1,4,4,1
2013,Manchester City,Manchester United,4,1,1,1,5,3,1
2013,Manchester City,Swansea City,3,0,1,1,3,3,1
2013,Manchester City,West Ham United,2,0,1,1,2,2,1
2013,Manchester United,Everton,0,1,1,1,1,-1,0
2013,Manchester United,Sunderland,0,1,1,1,1,-1,0
2013,Manchester United,West Bromwich Albion,1,2,1,1,3,-1,0
2013,Newcastle United,Crystal Palace,1,0,1,1,1,1,1
2013,Newcastle United,Hull City,2,3,1,1,5,-1,0
2013,Newcastle United,Stoke City,5,1,1,1,6,4,1
2013,Newcastle United,Tottenham Hotspur,0,4,1,1,4,-4,0
2013,Norwich City,Southampton,1,0,1,1,1,1,1
2013,Norwich City,Swansea City,1,1,1,1,2,0,0
2013,Norwich City,West Ham United,3,1,1,1,4,2,1
2013,Southampton,Liverpool,0,3,1,1,3,-3,0
2013,Southampton,Newcastle United,4,0,1,1,4,4,1
2013,Southampton,Sunderland,1,1,1,1,2,0,0
2013,Southampton,West Bromwich Albion,1,0,1,1,1,1,1
2013,Stoke City,Hull City,1,0,1,1,1,1,1
2013,Stoke City,Manchester United,2,1,1,1,3,1,1
2013,Stoke City,Tottenham Hotspur,0,1,1,1,1,-1,0
2013,Sunderland,Chelsea,3,4,1,1,7,-1,0
2013,Sunderland,Fulham,0,1,1,1,1,-1,0
2013,Sunderland,Manchester City,1,0,1,1,1,1,1
2013,Sunderland,Swansea City,1,3,1,1,4,-2,0
2013,Sunderland,West Ham United,1,2,1,1,3,-1,0
2013,Swansea City,Everton,1,2,1,1,3,-1,0
2013,Swansea City,Liverpool,2,2,1,1,4,0,0
2013,Swansea City,Newcastle United,3,0,1,1,3,3,1
2013,Swansea City,Stoke City,3,3,1,1,6,0,0
2013,Tottenham Hotspur,Manchester United,2,2,1,1,4,0,0
2013,Tottenham Hotspur,Southampton,3,2,1,1,5,1,1
2013,Tottenham Hotspur,Swansea City,1,0,1,1,1,1,1
2013,West Bromwich Albion,Manchester City,2,3,1,1,5,-1,0
2013,West Bromwich Albion,Norwich City,0,2,1,1,2,-2,0
2013,West Bromwich Albion,Sunderland,3,0,1,1,3,3,1
2013,West Ham United,Everton,2,3,1,1,5,-1,0
2013,West Ham United,Liverpool,1,2,1,1,3,-1,0
2013,West Ham United,Newcastle United,1,3,1,1,4,-2,0
2013,West Ham United,Stoke City,0,1,1,1,1,-1,0
2013,AFC Bournemouth,Birmingham City,0,2,2,2,2,-2,0
2013,AFC Bournemouth,Huddersfield Town,2,1,2,2,3,1,1
2013,AFC Bournemouth,Leicester City,0,1,2,2,1,-1,0
2013,AFC Bournemouth,Nottingham Forest,4,1,2,2,5,3,1
2013,AFC Bournemouth,Sheffield Wednesday,2,4,2,2,6,-2,0
2013,Barnsley,Blackburn Rovers,2,2,2,2,4,0,0
2013,Barnsley,Brighton & Hove Albion,0,0,2,2,0,0,0
2013,Barnsley,Ipswich Town,2,2,2,2,4,0,0
2013,Barnsley,Watford,1,5,2,2,6,-4,0
2013,Birmingham City,Burnley,3,3,2,2,6,0,0
2013,Birmingham City,Doncaster Rovers,1,1,2,2,2,0,0
2013,Birmingham City,Wigan Athletic,0,1,2,2,1,-1,0
2013,Blackburn Rovers,Barnsley,5,2,2,2,7,3,1
2013,Blackburn Rovers,Charlton Athletic,0,1,2,2,1,-1,0
2013,Blackburn Rovers,Yeovil,0,0,2,2,0,0,0
2013,Blackpool,Birmingham City,1,2,2,2,3,-1,0
2013,Blackpool,Derby County,1,3,2,2,4,-2,0
2013,Bolton Wanderers,Doncaster Rovers,3,0,2,2,3,3,1
2013,Bolton Wanderers,Leeds United,0,1,2,2,1,-1,0
2013,Bolton Wanderers,Wigan Athletic,1,1,2,2,2,0,0
2013,Brighton & Hove Albion,Charlton Athletic,3,0,2,2,3,3,1
2013,Brighton & Hove Albion,Huddersfield Town,0,0,2,2,0,0,0
2013,Brighton & Hove Albion,Nottingham Forest,1,3,2,2,4,-2,0
2013,Brighton & Hove Albion,Yeovil,2,0,2,2,2,2,1
2013,Burnley,Birmingham City,3,0,2,2,3,3,1
2013,Burnley,Derby County,2,0,2,2,2,2,1
2013,Burnley,Ipswich Town,1,0,2,2,1,1,1
2013,Burnley,Middlesbrough,0,1,2,2,1,-1,0
2013,Charlton Athletic,AFC Bournemouth,1,0,2,2,1,1,1
2013,Charlton Athletic,Blackburn Rovers,1,3,2,2,4,-2,0
2013,Charlton Athletic,Leeds United,2,4,2,2,6,-2,0
2013,Charlton Athletic,Millwall,0,1,2,2,1,-1,0
2013,Charlton Athletic,Reading,0,1,2,2,1,-1,0
2013,Derby County,Barnsley,2,1,2,2,3,1,1
2013,Derby County,Blackpool,5,1,2,2,6,4,1
2013,Derby County,Burnley,0,3,2,2,3,-3,0
2013,Derby County,Nottingham Forest,5,0,2,2,5,5,1
2013,Doncaster Rovers,Birmingham City,1,3,2,2,4,-2,0
2013,Doncaster Rovers,Bolton Wanderers,1,2,2,2,3,-1,0
2013,Doncaster Rovers,Charlton Athletic,3,0,2,2,3,3,1
2013,Doncaster Rovers,Ipswich Town,0,3,2,2,3,-3,0
2013,Doncaster Rovers,Watford,2,1,2,2,3,1,1
2013,Huddersfield Town,AFC Bournemouth,5,1,2,2,6,4,1
2013,Huddersfield Town,Blackburn Rovers,2,4,2,2,6,-2,0
2013,Huddersfield Town,Millwall,1,0,2,2,1,1,1
2013,Ipswich Town,Barnsley,1,1,2,2,2,0,0
2013,Ipswich Town,Blackpool,0,0,2,2,0,0,0
2013,Ipswich Town,Nottingham Forest,1,1,2,2,2,0,0
2013,Leeds United,Huddersfield Town,5,1,2,2,6,4,1
2013,Leeds United,Middlesbrough,2,1,2,2,3,1,1
2013,Leicester City,AFC Bournemouth,2,1,2,2,3,1,1
2013,Leicester City,Brighton & Hove Albion,1,4,2,2,5,-3,0
2013,Leicester City,Derby County,4,1,2,2,5,3,1
2013,Leicester City,Wigan Athletic,2,0,2,2,2,2,1
2013,Middlesbrough,Burnley,1,0,2,2,1,1,1
2013,Middlesbrough,Leeds United,0,0,2,2,0,0,0
2013,Middlesbrough,Sheffield Wednesday,1,1,2,2,2,0,0
2013,Millwall,Bolton Wanderers,1,1,2,2,2,0,0
2013,Millwall,Charlton Athletic,0,0,2,2,0,0,0
2013,Millwall,Leicester City,1,3,2,2,4,-2,0
2013,Millwall,Queens Park Rangers,2,2,2,2,4,0,0
2013,Millwall,Watford,2,2,2,2,4,0,0
2013,Nottingham Forest,AFC Bournemouth,1,1,2,2,2,0,0
2013,Nottingham Forest,Ipswich Town,0,0,2,2,0,0,0
2013,Nottingham Forest,Middlesbrough,2,2,2,2,4,0,0
2013,Queens Park Rangers,Blackpool,1,1,2,2,2,0,0
2013,Queens Park Rangers,Leeds United,1,1,2,2,2,0,0
2013,Queens Park Rangers,Sheffield Wednesday,2,1,2,2,3,1,1
2013,Reading,Bolton Wanderers,7,1,2,2,8,6,1
2013,Reading,Huddersfield Town,1,1,2,2,2,0,0
2013,Reading,Leicester City,1,1,2,2,2,0,0
2013,Reading,Nottingham Forest,1,1,2,2,2,0,0
2013,Reading,Watford,3,3,2,2,6,0,0
2013,Sheffield Wednesday,AFC Bournemouth,1,2,2,2,3,-1,0
2013,Sheffield Wednesday,Blackburn Rovers,3,3,2,2,6,0,0
2013,Sheffield Wednesday,Brighton & Hove Albion,1,0,2,2,1,1,1
2013,Sheffield Wednesday,Derby County,0,1,2,2,1,-1,0
2013,Sheffield Wednesday,Ipswich Town,1,1,2,2,2,0,0
2013,Sheffield Wednesday,Middlesbrough,1,0,2,2,1,1,1
2013,Sheffield Wednesday,Queens Park Rangers,3,0,2,2,3,3,1
2013,Watford,Blackpool,4,0,2,2,4,4,1
2013,Watford,Burnley,1,1,2,2,2,0,0
2013,Watford,Doncaster Rovers,2,1,2,2,3,1,1
2013,Watford,Yeovil,0,3,2,2,3,-3,0
2013,Wigan Athletic,Birmingham City,0,0,2,2,0,0,0
2013,Wigan Athletic,Huddersfield Town,2,1,2,2,3,1,1
2013,Wigan Athletic,Leicester City,2,2,2,2,4,0,0
2013,Wigan Athletic,Nottingham Forest,2,1,2,2,3,1,1
2013,Wigan Athletic,Sheffield Wednesday,1,0,2,2,1,1,1
2013,Yeovil,Blackburn Rovers,0,1,2,2,1,-1,0
2013,Yeovil,Watford,0,0,2,2,0,0,0
2013,Bradford City,Bristol City,1,1,3,3,2,0,0
2013,Bradford City,Gillingham,1,1,3,3,2,0,0
2013,Bradford City,Notts County,1,1,3,3,2,0,0
2013,Bradford City,Port Vale,1,0,3,3,1,1,1
2013,Bradford City,Sheffield United,2,0,3,3,2,2,1
2013,Brentford,Carlisle United,0,0,3,3,0,0,0
2013,Brentford,Leyton Orient,0,2,3,3,2,-2,0
2013,Brentford,Oldham Athletic,1,0,3,3,1,1,1
2013,Brentford,Preston North End,1,0,3,3,1,1,1
2013,Brentford,Shrewsbury Town,1,0,3,3,1,1,1
2013,Bristol City,Bradford City,2,2,3,3,4,0,0
2013,Bristol City,Colchester United,1,1,3,3,2,0,0
2013,Bristol City,Crewe Alexandra,0,0,3,3,0,0,0
2013,Bristol City,Peterborough United,0,3,3,3,3,-3,0
2013,Bristol City,Stevenage Borough,4,1,3,3,5,3,1
2013,Bristol City,Walsall,1,0,3,3,1,1,1
2013,Carlisle United,Coventry City,0,4,3,3,4,-4,0
2013,Carlisle United,Gillingham,1,2,3,3,3,-1,0
2013,Carlisle United,Port Vale,0,1,3,3,1,-1,0
2013,Carlisle United,Sheffield United,1,0,3,3,1,1,1
2013,Colchester United,Bristol City,2,2,3,3,4,0,0
2013,Colchester United,Crawley Town,1,1,3,3,2,0,0
2013,Colchester United,Leyton Orient,1,2,3,3,3,-1,0
2013,Colchester United,Preston North End,1,2,3,3,3,-1,0
2013,Colchester United,Shrewsbury Town,1,0,3,3,1,1,1
2013,Colchester United,Tranmere Rovers,1,2,3,3,3,-1,0
2013,Coventry City,Bradford City,0,0,3,3,0,0,0
2013,Coventry City,Carlisle United,1,2,3,3,3,-1,0
2013,Coventry City,Crewe Alexandra,2,2,3,3,4,0,0
2013,Coventry City,Milton Keynes Dons,1,2,3,3,3,-1,0
2013,Coventry City,Peterborough United,4,2,3,3,6,2,1
2013,Coventry City,Walsall,2,1,3,3,3,1,1
2013,Crawley Town,Brentford,0,1,3,3,1,-1,0
2013,Crawley Town,Colchester United,1,0,3,3,1,1,1
2013,Crawley Town,Port Vale,0,3,3,3,3,-3,0
2013,Crawley Town,Wolverhampton Wanderers,2,1,3,3,3,1,1
2013,Crewe Alexandra,Preston North End,2,1,3,3,3,1,1
2013,Crewe Alexandra,Shrewsbury Town,1,1,3,3,2,0,0
2013,Crewe Alexandra,Tranmere Rovers,2,1,3,3,3,1,1
2013,Gillingham,Bradford City,0,1,3,3,1,-1,0
2013,Gillingham,Carlisle United,1,0,3,3,1,1,1
2013,Gillingham,Milton Keynes Dons,3,2,3,3,5,1,1
2013,Gillingham,Peterborough United,2,2,3,3,4,0,0
2013,Gillingham,Stevenage Borough,3,2,3,3,5,1,1
2013,Gillingham,Walsall,2,2,3,3,4,0,0
2013,Leyton Orient,Brentford,0,1,3,3,1,-1,0
2013,Leyton Orient,Crewe Alexandra,2,0,3,3,2,2,1
2013,Leyton Orient,Port Vale,3,2,3,3,5,1,1
2013,Leyton Orient,Sheffield United,1,1,3,3,2,0,0
2013,Leyton Orient,Swindon Town,2,0,3,3,2,2,1
2013,Leyton Orient,Wolverhampton Wanderers,1,3,3,3,4,-2,0
2013,Milton Keynes Dons,Bristol City,2,2,3,3,4,0,0
2013,Milton Keynes Dons,Coventry City,1,3,3,3,4,-2,0
2013,Milton Keynes Dons,Gillingham,0,1,3,3,1,-1,0
2013,Milton Keynes Dons,Tranmere Rovers,0,1,3,3,1,-1,0
2013,Notts County,Carlisle United,4,1,3,3,5,3,1
2013,Notts County,Crawley Town,1,0,3,3,1,1,1
2013,Notts County,Leyton Orient,0,0,3,3,0,0,0
2013,Notts County,Peterborough United,2,4,3,3,6,-2,0
2013,Notts County,Rotherham United,0,1,3,3,1,-1,0
2013,Notts County,Stevenage Borough,0,1,3,3,1,-1,0
2013,Oldham Athletic,Crewe Alexandra,1,1,3,3,2,0,0
2013,Oldham Athletic,Milton Keynes Dons,1,2,3,3,3,-1,0
2013,Oldham Athletic,Sheffield United,1,1,3,3,2,0,0
2013,Peterborough United,Bristol City,1,2,3,3,3,-1,0
2013,Peterborough United,Gillingham,2,0,3,3,2,2,1
2013,Peterborough United,Preston North End,2,0,3,3,2,2,1
2013,Peterborough United,Tranmere Rovers,3,0,3,3,3,3,1
2013,Port Vale,Bradford City,2,1,3,3,3,1,1
2013,Preston North End,Brentford,0,3,3,3,3,-3,0
2013,Preston North End,Colchester United,1,1,3,3,2,0,0
2013,Preston North End,Crewe Alexandra,0,2,3,3,2,-2,0
2013,Preston North End,Sheffield United,0,0,3,3,0,0,0
2013,Preston North End,Swindon Town,2,1,3,3,3,1,1
2013,Rotherham United,Bristol City,2,1,3,3,3,1,1
2013,Rotherham United,Gillingham,4,1,3,3,5,3,1
2013,Rotherham United,Notts County,6,0,3,3,6,6,1
2013,Rotherham United,Port Vale,1,0,3,3,1,1,1
2013,Rotherham United,Tranmere Rovers,1,1,3,3,2,0,0
2013,Sheffield United,Crawley Town,1,1,3,3,2,0,0
2013,Sheffield United,Leyton Orient,1,1,3,3,2,0,0
2013,Sheffield United,Oldham Athletic,1,1,3,3,2,0,0
2013,Sheffield United,Preston North End,0,1,3,3,1,-1,0
2013,Shrewsbury Town,Colchester United,1,1,3,3,2,0,0
2013,Shrewsbury Town,Crewe Alexandra,1,3,3,3,4,-2,0
2013,Shrewsbury Town,Peterborough United,2,4,3,3,6,-2,0
2013,Shrewsbury Town,Rotherham United,0,3,3,3,3,-3,0
2013,Shrewsbury Town,Wolverhampton Wanderers,0,1,3,3,1,-1,0
2013,Stevenage Borough,Bristol City,1,3,3,3,4,-2,0
2013,Stevenage Borough,Coventry City,0,1,3,3,1,-1,0
2013,Stevenage Borough,Notts County,0,1,3,3,1,-1,0
2013,Stevenage Borough,Port Vale,1,1,3,3,2,0,0
2013,Stevenage Borough,Sheffield United,0,0,3,3,0,0,0
2013,Swindon Town,Bradford City,1,0,3,3,1,1,1
2013,Swindon Town,Carlisle United,3,1,3,3,4,2,1
2013,Swindon Town,Preston North End,1,0,3,3,1,1,1
2013,Swindon Town,Walsall,1,3,3,3,4,-2,0
2013,Tranmere Rovers,Brentford,3,4,3,3,7,-1,0
2013,Tranmere Rovers,Colchester United,2,1,3,3,3,1,1
2013,Tranmere Rovers,Crewe Alexandra,1,0,3,3,1,1,1
2013,Tranmere Rovers,Milton Keynes Dons,3,2,3,3,5,1,1
2013,Tranmere Rovers,Stevenage Borough,0,0,3,3,0,0,0
2013,Walsall,Bristol City,0,1,3,3,1,-1,0
2013,Walsall,Coventry City,0,1,3,3,1,-1,0
2013,Walsall,Gillingham,1,1,3,3,2,0,0
2013,Walsall,Notts County,1,1,3,3,2,0,0
2013,Walsall,Swindon Town,1,1,3,3,2,0,0
2013,Wolverhampton Wanderers,Bradford City,2,0,3,3,2,2,1
2013,Wolverhampton Wanderers,Carlisle United,3,0,3,3,3,3,1
2013,Wolverhampton Wanderers,Crawley Town,2,1,3,3,3,1,1
2013,Wolverhampton Wanderers,Leyton Orient,1,1,3,3,2,0,0
2013,Wolverhampton Wanderers,Preston North End,2,0,3,3,2,2,1
2013,Wolverhampton Wanderers,Shrewsbury Town,0,0,3,3,0,0,0
2013,Wolverhampton Wanderers,Tranmere Rovers,2,0,3,3,2,2,1
2013,Accrington,Bristol Rovers,2,1,4,4,3,1,1
2013,Accrington,Cheltenham,0,1,4,4,1,-1,0
2013,Accrington,Mansfield Town,1,1,4,4,2,0,0
2013,Accrington,Southend United,1,1,4,4,2,0,0
2013,Accrington,York City,1,1,4,4,2,0,0
2013,AFC Wimbledon,Chesterfield,1,1,4,4,2,0,0
2013,AFC Wimbledon,Fleetwood Town,2,0,4,4,2,2,1
2013,AFC Wimbledon,Torquay United,0,2,4,4,2,-2,0
2013,Bristol Rovers,Dagenham and Redbridge,1,2,4,4,3,-1,0
2013,Bristol Rovers,Newport County,3,1,4,4,4,2,1
2013,Bristol Rovers,Wycombe Wanderers,0,1,4,4,1,-1,0
2013,Burton Albion,Cheltenham,2,1,4,4,3,1,1
2013,Burton Albion,Mansfield Town,1,0,4,4,1,1,1
2013,Burton Albion,Portsmouth,1,2,4,4,3,-1,0
2013,Burton Albion,Southend United,0,1,4,4,1,-1,0
2013,Bury,Chesterfield,0,2,4,4,2,-2,0
2013,Bury,Morecambe,0,2,4,4,2,-2,0
2013,Bury,Oxford United,1,1,4,4,2,0,0
2013,Bury,Rochdale,0,0,4,4,0,0,0
2013,Bury,Torquay United,1,3,4,4,4,-2,0
2013,Cheltenham,Accrington,1,2,4,4,3,-1,0
2013,Cheltenham,Dagenham and Redbridge,2,3,4,4,5,-1,0
2013,Cheltenham,Hartlepool United,2,2,4,4,4,0,0
2013,Cheltenham,Plymouth Argyle,1,3,4,4,4,-2,0
2013,Chesterfield,AFC Wimbledon,2,0,4,4,2,2,1
2013,Chesterfield,Bury,4,0,4,4,4,4,1
2013,Chesterfield,Exeter City,1,1,4,4,2,0,0
2013,Chesterfield,Southend United,2,1,4,4,3,1,1
2013,Dagenham and Redbridge,Cheltenham,1,2,4,4,3,-1,0
2013,Dagenham and Redbridge,Morecambe,1,1,4,4,2,0,0
2013,Dagenham and Redbridge,Rochdale,3,1,4,4,4,2,1
2013,Dagenham and Redbridge,Torquay United,0,1,4,4,1,-1,0
2013,Exeter City,Accrington,0,1,4,4,1,-1,0
2013,Exeter City,Burton Albion,0,1,4,4,1,-1,0
2013,Exeter City,Chesterfield,0,2,4,4,2,-2,0
2013,Exeter City,Wycombe Wanderers,0,1,4,4,1,-1,0
2013,Fleetwood Town,Dagenham and Redbridge,3,1,4,4,4,2,1
2013,Fleetwood Town,Northampton Town,2,0,4,4,2,2,1
2013,Fleetwood Town,Southend United,1,1,4,4,2,0,0
2013,Fleetwood Town,York City,1,2,4,4,3,-1,0
2013,Hartlepool United,Cheltenham,0,1,4,4,1,-1,0
2013,Hartlepool United,Morecambe,2,1,4,4,3,1,1
2013,Hartlepool United,Oxford United,1,3,4,4,4,-2,0
2013,Hartlepool United,Torquay United,3,0,4,4,3,3,1
2013,Mansfield Town,Fleetwood Town,1,0,4,4,1,1,1
2013,Mansfield Town,Plymouth Argyle,0,1,4,4,1,-1,0
2013,Mansfield Town,Scunthorpe United,0,2,4,4,2,-2,0
2013,Mansfield Town,Wycombe Wanderers,2,2,4,4,4,0,0
2013,Morecambe,Bury,0,0,4,4,0,0,0
2013,Morecambe,Portsmouth,2,2,4,4,4,0,0
2013,Morecambe,York City,0,0,4,4,0,0,0
2013,Newport County,Bristol Rovers,1,0,4,4,1,1,1
2013,Newport County,Mansfield Town,1,1,4,4,2,0,0
2013,Newport County,Torquay United,2,1,4,4,3,1,1
2013,Northampton Town,Chesterfield,1,3,4,4,4,-2,0
2013,Oxford United,AFC Wimbledon,2,1,4,4,3,1,1
2013,Oxford United,Bury,2,1,4,4,3,1,1
2013,Oxford United,Dagenham and Redbridge,2,1,4,4,3,1,1
2013,Oxford United,Newport County,0,0,4,4,0,0,0
2013,Oxford United,Southend United,0,2,4,4,2,-2,0
2013,Plymouth Argyle,Bristol Rovers,1,0,4,4,1,1,1
2013,Plymouth Argyle,Mansfield Town,1,1,4,4,2,0,0
2013,Portsmouth,Accrington,1,0,4,4,1,1,1
2013,Portsmouth,Morecambe,3,0,4,4,3,3,1
2013,Portsmouth,Wycombe Wanderers,2,2,4,4,4,0,0
2013,Rochdale,Hartlepool United,3,0,4,4,3,3,1
2013,Rochdale,Newport County,3,0,4,4,3,3,1
2013,Rochdale,Plymouth Argyle,3,0,4,4,3,3,1
2013,Scunthorpe United,Bristol Rovers,1,1,4,4,2,0,0
2013,Scunthorpe United,Mansfield Town,2,0,4,4,2,2,1
2013,Scunthorpe United,Torquay United,3,1,4,4,4,2,1
2013,Southend United,Accrington,1,0,4,4,1,1,1
2013,Southend United,Chesterfield,3,0,4,4,3,3,1
2013,Southend United,Morecambe,1,3,4,4,4,-2,0
2013,Southend United,Oxford United,3,0,4,4,3,3,1
2013,Torquay United,Bury,2,1,4,4,3,1,1
2013,Torquay United,Dagenham and Redbridge,0,1,4,4,1,-1,0
2013,Torquay United,Hartlepool United,0,0,4,4,0,0,0
2013,Torquay United,Newport County,0,1,4,4,1,-1,0
2013,Wycombe Wanderers,Bristol Rovers,1,2,4,4,3,-1,0
2013,Wycombe Wanderers,Portsmouth,0,1,4,4,1,-1,0
2013,York City,Burton Albion,0,0,4,4,0,0,0
2013,York City,Chesterfield,0,2,4,4,2,-2,0
2013,York City,Fleetwood Town,0,2,4,4,2,-2,0
2013,York City,Morecambe,1,0,4,4,1,1,1
2013,York City,Oxford United,0,0,4,4,0,0,0
2013,York City,Rochdale,0,0,4,4,0,0,0
2013,York City,Torquay United,1,0,4,4,1,1,1
2014,Leicester City,Everton,2,2,1,1,4,0,0
2014,Liverpool,Southampton,2,1,1,1,3,1,1
2014,Newcastle United,Crystal Palace,3,3,1,1,6,0,0
2014,Chelsea,Swansea City,4,2,1,1,6,2,1
2014,Newcastle United,Hull City,2,2,1,1,4,0,0
2014,Leicester City,Manchester United,5,3,1,1,8,2,1
2014,Manchester City,Chelsea,1,1,1,1,2,0,0
2014,Leicester City,Burnley,2,2,1,1,4,0,0
2014,Swansea City,Newcastle United,2,2,1,1,4,0,0
2014,Crystal Palace,Chelsea,1,2,1,1,3,-1,0
2014,Swansea City,Leicester City,2,0,1,1,2,2,1
2014,Manchester United,Chelsea,1,1,1,1,2,0,0
2014,Arsenal,Burnley,3,0,1,1,3,3,1
2014,Hull City,Southampton,0,1,1,1,1,-1,0
2014,Manchester City,Manchester United,1,0,1,1,1,1,1
2014,Sunderland,Everton,1,1,1,1,2,0,0
2014,Leicester City,Sunderland,0,0,1,1,0,0,0
2014,Burnley,Aston Villa,1,1,1,1,2,0,0
2014,Queens Park Rangers,Leicester City,3,2,1,1,5,1,1
2014,Sunderland,Chelsea,0,0,1,1,0,0,0
2014,Swansea City,Queens Park Rangers,2,0,1,1,2,2,1
2014,Liverpool,Sunderland,0,0,1,1,0,0,0
2014,Chelsea,Hull City,2,0,1,1,2,2,1
2014,Sunderland,West Ham United,1,1,1,1,2,0,0
2014,West Ham United,Leicester City,2,0,1,1,2,2,1
2014,Stoke City,Chelsea,0,2,1,1,2,-2,0
2014,Crystal Palace,Southampton,1,3,1,1,4,-2,0
2014,West Bromwich Albion,Manchester City,1,3,1,1,4,-2,0
2014,Southampton,Chelsea,1,1,1,1,2,0,0
2014,Stoke City,Manchester United,1,1,1,1,2,0,0
2014,Swansea City,West Ham United,1,1,1,1,2,0,0
2014,Arsenal,Stoke City,3,0,1,1,3,3,1
2014,West Ham United,Hull City,3,0,1,1,3,3,1
2014,Swansea City,Sunderland,1,1,1,1,2,0,0
2014,Newcastle United,Stoke City,1,1,1,1,2,0,0
2014,Aston Villa,Stoke City,1,2,1,1,3,-1,0
2014,Hull City,Queens Park Rangers,2,1,1,1,3,1,1
2014,West Bromwich Albion,Southampton,1,0,1,1,1,1,1
2014,Hull City,Sunderland,1,1,1,1,2,0,0
2014,West Ham United,Chelsea,0,1,1,1,1,-1,0
2014,Stoke City,Everton,2,0,1,1,2,2,1
2014,Crystal Palace,Queens Park Rangers,3,1,1,1,4,2,1
2014,Sunderland,Aston Villa,0,4,1,1,4,-4,0
2014,Newcastle United,Arsenal,1,2,1,1,3,-1,0
2014,Hull City,Chelsea,2,3,1,1,5,-1,0
2014,Burnley,Tottenham Hotspur,0,0,1,1,0,0,0
2014,Swansea City,Everton,1,1,1,1,2,0,0
2014,Burnley,Arsenal,0,1,1,1,1,-1,0
2014,Everton,Burnley,1,0,1,1,1,1,1
2014,Hull City,Liverpool,1,0,1,1,1,1,1
2014,Burnley,Leicester City,0,1,1,1,1,-1,0
2014,Manchester United,West Bromwich Albion,0,1,1,1,1,-1,0
2014,Hull City,Arsenal,1,3,1,1,4,-2,0
2014,Hull City,Burnley,0,1,1,1,1,-1,0
2014,Stoke City,Tottenham Hotspur,3,0,1,1,3,3,1
2014,Burnley,Stoke City,0,0,1,1,0,0,0
2014,Stoke City,Liverpool,6,1,1,1,7,5,1
2014,Watford,Bolton Wanderers,3,0,2,2,3,3,1
2014,Huddersfield Town,AFC Bournemouth,0,4,2,2,4,-4,0
2014,Wolverhampton Wanderers,Norwich City,1,0,2,2,1,1,1
2014,Norwich City,Watford,3,0,2,2,3,3,1
2014,AFC Bournemouth,Brentford,1,0,2,2,1,1,1
2014,Reading,Ipswich Town,1,0,2,2,1,1,1
2014,Leeds United,Brighton & Hove Albion,0,2,2,2,2,-2,0
2014,Fulham,Wolverhampton Wanderers,0,1,2,2,1,-1,0
2014,Blackburn Rovers,AFC Bournemouth,3,2,2,2,5,1,1
2014,Derby County,Ipswich Town,1,1,2,2,2,0,0
2014,Wigan Athletic,Birmingham City,4,0,2,2,4,4,1
2014,Wolverhampton Wanderers,Blackburn Rovers,3,1,2,2,4,2,1
2014,Brentford,Brighton & Hove Albion,3,2,2,2,5,1,1
2014,Reading,Fulham,3,0,2,2,3,3,1
2014,Birmingham City,Sheffield Wednesday,0,2,2,2,2,-2,0
2014,Sheffield Wednesday,Reading,1,0,2,2,1,1,1
2014,Derby County,Cardiff City,2,2,2,2,4,0,0
2014,Reading,Wolverhampton Wanderers,3,3,2,2,6,0,0
2014,Wigan Athletic,Nottingham Forest,0,0,2,2,0,0,0
2014,Derby County,AFC Bournemouth,2,0,2,2,2,2,1
2014,Middlesbrough,Blackpool,1,1,2,2,2,0,0
2014,Nottingham Forest,Ipswich Town,2,2,2,2,4,0,0
2014,Sheffield Wednesday,Watford,0,3,2,2,3,-3,0
2014,Birmingham City,Bolton Wanderers,0,1,2,2,1,-1,0
2014,Huddersfield Town,Blackpool,4,2,2,2,6,2,1
2014,Rotherham United,Fulham,3,3,2,2,6,0,0
2014,Brentford,Sheffield Wednesday,0,0,2,2,0,0,0
2014,Leeds United,Wolverhampton Wanderers,1,2,2,2,3,-1,0
2014,Bolton Wanderers,Brentford,3,1,2,2,4,2,1
2014,Derby County,Wigan Athletic,1,2,2,2,3,-1,0
2014,Brentford,Derby County,2,1,2,2,3,1,1
2014,AFC Bournemouth,Brighton & Hove Albion,3,2,2,2,5,1,1
2014,Birmingham City,Watford,2,1,2,2,3,1,1
2014,Fulham,Huddersfield Town,3,1,2,2,4,2,1
2014,Sheffield Wednesday,Rotherham United,0,0,2,2,0,0,0
2014,Huddersfield Town,Sheffield Wednesday,0,0,2,2,0,0,0
2014,Bolton Wanderers,Huddersfield Town,1,0,2,2,1,1,1
2014,Leeds United,Derby County,2,0,2,2,2,2,1
2014,Wolverhampton Wanderers,AFC Bournemouth,1,2,2,2,3,-1,0
2014,Rotherham United,Nottingham Forest,0,0,2,2,0,0,0
2014,Wolverhampton Wanderers,Brighton & Hove Albion,1,1,2,2,2,0,0
2014,Brighton & Hove Albion,Reading,2,2,2,2,4,0,0
2014,Middlesbrough,Nottingham Forest,3,0,2,2,3,3,1
2014,Derby County,Leeds United,2,0,2,2,2,2,1
2014,AFC Bournemouth,Norwich City,1,2,2,2,3,-1,0
2014,Huddersfield Town,Watford,3,1,2,2,4,2,1
2014,Rotherham United,AFC Bournemouth,0,2,2,2,2,-2,0
2014,Middlesbrough,Huddersfield Town,2,0,2,2,2,2,1
2014,Fulham,Nottingham Forest,3,2,2,2,5,1,1
2014,Watford,Blackpool,7,2,2,2,9,5,1
2014,Rotherham United,Bolton Wanderers,4,2,2,2,6,2,1
2014,Ipswich Town,Wigan Athletic,0,0,2,2,0,0,0
2014,Birmingham City,Norwich City,0,0,2,2,0,0,0
2014,Millwall,Huddersfield Town,1,3,2,2,4,-2,0
2014,Birmingham City,Millwall,0,1,2,2,1,-1,0
2014,Nottingham Forest,Wigan Athletic,3,0,2,2,3,3,1
2014,Leeds United,Millwall,1,0,2,2,1,1,1
2014,Sheffield Wednesday,Brighton & Hove Albion,0,0,2,2,0,0,0
2014,Birmingham City,Middlesbrough,1,1,2,2,2,0,0
2014,Wolverhampton Wanderers,Rotherham United,5,0,2,2,5,5,1
2014,Brentford,AFC Bournemouth,3,1,2,2,4,2,1
2014,Wigan Athletic,Cardiff City,0,1,2,2,1,-1,0
2014,Huddersfield Town,Reading,3,0,2,2,3,3,1
2014,Nottingham Forest,AFC Bournemouth,2,1,2,2,3,1,1
2014,Leeds United,Watford,2,3,2,2,5,-1,0
2014,Reading,Nottingham Forest,0,3,2,2,3,-3,0
2014,Brentford,Huddersfield Town,4,1,2,2,5,3,1
2014,AFC Bournemouth,Wolverhampton Wanderers,2,1,2,2,3,1,1
2014,Sheffield Wednesday,Blackburn Rovers,1,2,2,2,3,-1,0
2014,Blackpool,Sheffield Wednesday,0,1,2,2,1,-1,0
2014,Blackburn Rovers,Bolton Wanderers,1,0,2,2,1,1,1
2014,Sheffield Wednesday,Fulham,1,1,2,2,2,0,0
2014,AFC Bournemouth,Blackpool,4,0,2,2,4,4,1
2014,Brentford,Cardiff City,1,2,2,2,3,-1,0
2014,Leeds United,Nottingham Forest,0,0,2,2,0,0,0
2014,Cardiff City,AFC Bournemouth,1,1,2,2,2,0,0
2014,Brentford,Millwall,2,2,2,2,4,0,0
2014,Cardiff City,Birmingham City,2,0,2,2,2,2,1
2014,Wigan Athletic,Bolton Wanderers,1,1,2,2,2,0,0
2014,Charlton Athletic,Reading,3,2,2,2,5,1,1
2014,Brighton & Hove Albion,Norwich City,0,1,2,2,1,-1,0
2014,Wigan Athletic,Derby County,0,2,2,2,2,-2,0
2014,Wolverhampton Wanderers,Leeds United,4,3,2,2,7,1,1
2014,Millwall,Watford,0,2,2,2,2,-2,0
2014,Ipswich Town,Cardiff City,3,1,2,2,4,2,1
2014,Birmingham City,Blackburn Rovers,2,2,2,2,4,0,0
2014,Reading,AFC Bournemouth,0,1,2,2,1,-1,0
2014,Blackburn Rovers,Nottingham Forest,3,3,2,2,6,0,0
2014,Charlton Athletic,Leeds United,2,1,2,2,3,1,1
2014,Watford,Birmingham City,1,0,2,2,1,1,1
2014,Rotherham United,Reading,2,1,2,2,3,1,1
2014,Reading,Brentford,0,2,2,2,2,-2,0
2014,Birmingham City,Charlton Athletic,1,0,2,2,1,1,1
2014,AFC Bournemouth,Bolton Wanderers,3,0,2,2,3,3,1
2014,Bolton Wanderers,Birmingham City,0,1,2,2,1,-1,0
2014,Colchester United,Oldham Athletic,2,2,3,3,4,0,0
2014,Crawley Town,Swindon Town,1,0,3,3,1,1,1
2014,Gillingham,Swindon Town,2,2,3,3,4,0,0
2014,Oldham Athletic,Port Vale,1,1,3,3,2,0,0
2014,Preston North End,Oldham Athletic,1,0,3,3,1,1,1
2014,Swindon Town,Crewe Alexandra,2,0,3,3,2,2,1
2014,Preston North End,Sheffield United,1,1,3,3,2,0,0
2014,Yeovil,Barnsley,1,1,3,3,2,0,0
2014,Bristol City,Scunthorpe United,2,0,3,3,2,2,1
2014,Leyton Orient,Preston North End,0,2,3,3,2,-2,0
2014,Barnsley,Doncaster Rovers,1,1,3,3,2,0,0
2014,Barnsley,Milton Keynes Dons,3,5,3,3,8,-2,0
2014,Coventry City,Yeovil,2,1,3,3,3,1,1
2014,Walsall,Preston North End,3,1,3,3,4,2,1
2014,Swindon Town,Oldham Athletic,2,2,3,3,4,0,0
2014,Rochdale,Coventry City,1,0,3,3,1,1,1
2014,Fleetwood Town,Bristol City,3,3,3,3,6,0,0
2014,Chesterfield,Notts County,1,1,3,3,2,0,0
2014,Oldham Athletic,Scunthorpe United,3,2,3,3,5,1,1
2014,Coventry City,Preston North End,0,2,3,3,2,-2,0
2014,Bradford City,Port Vale,1,1,3,3,2,0,0
2014,Leyton Orient,Swindon Town,1,2,3,3,3,-1,0
2014,Rochdale,Barnsley,0,1,3,3,1,-1,0
2014,Oldham Athletic,Walsall,2,1,3,3,3,1,1
2014,Barnsley,Bradford City,3,1,3,3,4,2,1
2014,Doncaster Rovers,Notts County,0,0,3,3,0,0,0
2014,Preston North End,Port Vale,2,0,3,3,2,2,1
2014,Bradford City,Sheffield United,0,2,3,3,2,-2,0
2014,Crawley Town,Walsall,1,0,3,3,1,1,1
2014,Gillingham,Preston North End,0,1,3,3,1,-1,0
2014,Milton Keynes Dons,Fleetwood Town,2,1,3,3,3,1,1
2014,Preston North End,Fleetwood Town,3,2,3,3,5,1,1
2014,Barnsley,Bristol City,2,2,3,3,4,0,0
2014,Bristol City,Oldham Athletic,1,0,3,3,1,1,1
2014,Sheffield United,Barnsley,0,1,3,3,1,-1,0
2014,Colchester United,Port Vale,1,2,3,3,3,-1,0
2014,Fleetwood Town,Gillingham,1,0,3,3,1,1,1
2014,Walsall,Peterborough United,0,0,3,3,0,0,0
2014,Coventry City,Notts County,0,1,3,3,1,-1,0
2014,Crewe Alexandra,Chesterfield,0,0,3,3,0,0,0
2014,Scunthorpe United,Milton Keynes Dons,1,1,3,3,2,0,0
2014,Notts County,Yeovil,1,2,3,3,3,-1,0
2014,Sheffield United,Oldham Athletic,1,1,3,3,2,0,0
2014,Coventry City,Walsall,0,0,3,3,0,0,0
2014,Colchester United,Rochdale,1,4,3,3,5,-3,0
2014,Gillingham,Chesterfield,2,3,3,3,5,-1,0
2014,Walsall,Swindon Town,1,4,3,3,5,-3,0
2014,Bristol City,Yeovil,2,1,3,3,3,1,1
2014,Crewe Alexandra,Preston North End,1,1,3,3,2,0,0
2014,Sheffield United,Scunthorpe United,4,0,3,3,4,4,1
2014,Notts County,Sheffield United,1,2,3,3,3,-1,0
2014,Doncaster Rovers,Crewe Alexandra,2,1,3,3,3,1,1
2014,Oldham Athletic,Rochdale,3,0,3,3,3,3,1
2014,Oldham Athletic,Doncaster Rovers,2,2,3,3,4,0,0
2014,Milton Keynes Dons,Sheffield United,1,0,3,3,1,1,1
2014,Rochdale,Crawley Town,4,1,3,3,5,3,1
2014,Notts County,Peterborough United,1,2,3,3,3,-1,0
2014,Doncaster Rovers,Bristol City,1,3,3,3,4,-2,0
2014,Bradford City,Colchester United,1,1,3,3,2,0,0
2014,Peterborough United,Yeovil,1,0,3,3,1,1,1
2014,Walsall,Gillingham,1,1,3,3,2,0,0
2014,Colchester United,Crewe Alexandra,2,3,3,3,5,-1,0
2014,Bristol City,Port Vale,3,1,3,3,4,2,1
2014,Leyton Orient,Notts County,0,1,3,3,1,-1,0
2014,Walsall,Port Vale,0,1,3,3,1,-1,0
2014,Peterborough United,Rochdale,2,1,3,3,3,1,1
2014,Notts County,Preston North End,1,3,3,3,4,-2,0
2014,Rochdale,Chesterfield,1,0,3,3,1,1,1
2014,Barnsley,Crewe Alexandra,2,0,3,3,2,2,1
2014,Notts County,Port Vale,0,1,3,3,1,-1,0
2014,Sheffield United,Fleetwood Town,1,2,3,3,3,-1,0
2014,Leyton Orient,Yeovil,3,0,3,3,3,3,1
2014,Bristol City,Gillingham,0,0,3,3,0,0,0
2014,Oldham Athletic,Barnsley,1,3,3,3,4,-2,0
2014,Notts County,Rochdale,1,2,3,3,3,-1,0
2014,Barnsley,Preston North End,1,1,3,3,2,0,0
2014,Gillingham,Colchester United,2,2,3,3,4,0,0
2014,Chesterfield,Walsall,1,0,3,3,1,1,1
2014,Port Vale,Colchester United,1,2,3,3,3,-1,0
2014,Colchester United,Barnsley,3,1,3,3,4,2,1
2014,Bristol City,Swindon Town,3,0,3,3,3,3,1
2014,Doncaster Rovers,Rochdale,1,1,3,3,2,0,0
2014,Fleetwood Town,Milton Keynes Dons,0,3,3,3,3,-3,0
2014,Notts County,Barnsley,1,1,3,3,2,0,0
2014,Doncaster Rovers,Fleetwood Town,0,0,3,3,0,0,0
2014,Sheffield United,Bradford City,1,1,3,3,2,0,0
2014,Chesterfield,Bristol City,0,2,3,3,2,-2,0
2014,Sheffield United,Chesterfield,1,1,3,3,2,0,0
2014,Crawley Town,Coventry City,1,2,3,3,3,-1,0
2014,Doncaster Rovers,Scunthorpe United,5,2,3,3,7,3,1
2014,Tranmere Rovers,York City,1,1,4,4,2,0,0
2014,Hartlepool United,Bury,0,2,4,4,2,-2,0
2014,Shrewsbury Town,Tranmere Rovers,2,1,4,4,3,1,1
2014,York City,Northampton Town,1,1,4,4,2,0,0
2014,Morecambe,Oxford United,1,0,4,4,1,1,1
2014,York City,Cambridge United,2,2,4,4,4,0,0
2014,Bury,Plymouth Argyle,2,1,4,4,3,1,1
2014,Dagenham and Redbridge,Mansfield Town,2,0,4,4,2,2,1
2014,Northampton Town,Shrewsbury Town,1,1,4,4,2,0,0
2014,Cambridge United,Carlisle United,5,0,4,4,5,5,1
2014,Northampton Town,Exeter City,1,0,4,4,1,1,1
2014,Portsmouth,Newport County,0,1,4,4,1,-1,0
2014,Hartlepool United,Shrewsbury Town,2,0,4,4,2,2,1
2014,Newport County,Cambridge United,1,1,4,4,2,0,0
2014,Hartlepool United,Tranmere Rovers,0,0,4,4,0,0,0
2014,Newport County,Northampton Town,3,2,4,4,5,1,1
2014,Northampton Town,Hartlepool United,5,1,4,4,6,4,1
2014,Cambridge United,Luton Town,0,1,4,4,1,-1,0
2014,Northampton Town,Accrington,4,5,4,4,9,-1,0
2014,Newport County,AFC Wimbledon,4,1,4,4,5,3,1
2014,Wycombe Wanderers,Cambridge United,1,0,4,4,1,1,1
2014,Bury,Tranmere Rovers,2,0,4,4,2,2,1
2014,Mansfield Town,Accrington,0,1,4,4,1,-1,0
2014,Southend United,Morecambe,0,1,4,4,1,-1,0
2014,York City,Portsmouth,0,0,4,4,0,0,0
2014,Accrington,Dagenham and Redbridge,1,2,4,4,3,-1,0
2014,Tranmere Rovers,Plymouth Argyle,0,1,4,4,1,-1,0
2014,Mansfield Town,Cambridge United,0,0,4,4,0,0,0
2014,Cambridge United,Cheltenham,1,2,4,4,3,-1,0
2014,Luton Town,Dagenham and Redbridge,3,1,4,4,4,2,1
2014,Northampton Town,Oxford United,1,3,4,4,4,-2,0
2014,Tranmere Rovers,Mansfield Town,0,0,4,4,0,0,0
2014,Carlisle United,Oxford United,2,1,4,4,3,1,1
2014,Plymouth Argyle,Cheltenham,3,0,4,4,3,3,1
2014,Morecambe,Exeter City,0,2,4,4,2,-2,0
2014,Bury,Cambridge United,2,0,4,4,2,2,1
2014,Exeter City,Luton Town,1,1,4,4,2,0,0
2014,Tranmere Rovers,Stevenage Borough,2,2,4,4,4,0,0
2014,Morecambe,Bury,1,0,4,4,1,1,1
2014,Stevenage Borough,Cheltenham,5,1,4,4,6,4,1
2014,Exeter City,Shrewsbury Town,3,2,4,4,5,1,1
2014,Northampton Town,Stevenage Borough,1,0,4,4,1,1,1
2014,Hartlepool United,Wycombe Wanderers,1,3,4,4,4,-2,0
2014,Stevenage Borough,Exeter City,1,0,4,4,1,1,1
2014,Dagenham and Redbridge,Stevenage Borough,0,2,4,4,2,-2,0
2014,Mansfield Town,Hartlepool United,1,1,4,4,2,0,0
2014,York City,Accrington,1,0,4,4,1,1,1
2014,Carlisle United,York City,0,3,4,4,3,-3,0
2014,Luton Town,Portsmouth,1,1,4,4,2,0,0
2014,Exeter City,Accrington,1,2,4,4,3,-1,0
2014,Northampton Town,Southend United,1,1,4,4,2,0,0
2014,Portsmouth,Tranmere Rovers,3,2,4,4,5,1,1
2014,Carlisle United,Cambridge United,0,1,4,4,1,-1,0
2014,Hartlepool United,Cheltenham,2,0,4,4,2,2,1
2014,Cheltenham,Luton Town,1,1,4,4,2,0,0
2014,Cambridge United,Dagenham and Redbridge,1,1,4,4,2,0,0
2014,Carlisle United,Mansfield Town,2,1,4,4,3,1,1
2014,Hartlepool United,Plymouth Argyle,3,2,4,4,5,1,1
2014,Newport County,Shrewsbury Town,0,1,4,4,1,-1,0
2014,Wycombe Wanderers,Portsmouth,0,0,4,4,0,0,0
2014,York City,Dagenham and Redbridge,0,2,4,4,2,-2,0
2014,Newport County,Tranmere Rovers,1,1,4,4,2,0,0
2014,Hartlepool United,Stevenage Borough,1,3,4,4,4,-2,0
2014,Southend United,Accrington,1,2,4,4,3,-1,0
2014,AFC Wimbledon,Luton Town,3,2,4,4,5,1,1
2014,Northampton Town,York City,3,0,4,4,3,3,1
2014,Tranmere Rovers,Shrewsbury Town,2,1,4,4,3,1,1
2014,Morecambe,Cambridge United,0,2,4,4,2,-2,0
2014,AFC Wimbledon,Southend United,0,0,4,4,0,0,0
2014,Shrewsbury Town,Cambridge United,1,1,4,4,2,0,0
2014,Cambridge United,Stevenage Borough,1,1,4,4,2,0,0
2014,Mansfield Town,Bury,0,1,4,4,1,-1,0
2014,Oxford United,Plymouth Argyle,0,0,4,4,0,0,0
2014,Exeter City,Stevenage Borough,0,0,4,4,0,0,0
2014,Newport County,Luton Town,1,0,4,4,1,1,1
2014,Burton Albion,Southend United,2,1,4,4,3,1,1
2014,Luton Town,Wycombe Wanderers,2,3,4,4,5,-1,0
2014,Mansfield Town,York City,1,4,4,4,5,-3,0
2014,Portsmouth,Shrewsbury Town,0,2,4,4,2,-2,0
2014,Bury,Southend United,0,1,4,4,1,-1,0
2014,Carlisle United,Portsmouth,2,2,4,4,4,0,0
2014,Southend United,Mansfield Town,2,0,4,4,2,2,1
2014,Accrington,Carlisle United,3,1,4,4,4,2,1
2014,Cheltenham,Stevenage Borough,0,1,4,4,1,-1,0
2014,Northampton Town,Cambridge United,0,1,4,4,1,-1,0
2014,Tranmere Rovers,Luton Town,0,1,4,4,1,-1,0
2014,Carlisle United,Dagenham and Redbridge,1,0,4,4,1,1,1
2014,Newport County,Bury,0,2,4,4,2,-2,0
2014,Southend United,Tranmere Rovers,1,0,4,4,1,1,1
2014,Dagenham and Redbridge,Luton Town,0,0,4,4,0,0,0
2014,Oxford United,Northampton Town,1,1,4,4,2,0,0
2014,Northampton Town,Cheltenham,2,0,4,4,2,2,1
2014,Cheltenham,Shrewsbury Town,0,1,4,4,1,-1,0
2014,Mansfield Town,Portsmouth,1,2,4,4,3,-1,0
2014,Southend United,Luton Town,1,0,4,4,1,1,1
2014,Tranmere Rovers,Bury,0,1,4,4,1,-1,0
2015,Everton,Watford,2,2,1,1,4,0,0
2015,Stoke City,Liverpool,0,1,1,1,1,-1,0
2015,Southampton,Everton,0,3,1,1,3,-3,0
2015,Tottenham Hotspur,Stoke City,2,2,1,1,4,0,0
2015,West Bromwich Albion,Chelsea,2,3,1,1,5,-1,0
2015,Arsenal,Liverpool,0,0,1,1,0,0,0
2015,Southampton,Norwich City,3,0,1,1,3,3,1
2015,Arsenal,Stoke City,2,0,1,1,2,2,1
2015,Southampton,Manchester United,2,3,1,1,5,-1,0
2015,Stoke City,AFC Bournemouth,2,1,1,1,3,1,1
2015,AFC Bournemouth,Watford,1,1,1,1,2,0,0
2015,Norwich City,Leicester City,1,2,1,1,3,-1,0
2015,Everton,Liverpool,1,1,1,1,2,0,0
2015,Everton,Manchester United,0,3,1,1,3,-3,0
2015,West Bromwich Albion,Sunderland,1,0,1,1,1,1,1
2015,Arsenal,Everton,2,1,1,1,3,1,1
2015,Crystal Palace,Manchester United,0,0,1,1,0,0,0
2015,Swansea City,Arsenal,0,3,1,1,3,-3,0
2015,Everton,Sunderland,6,2,1,1,8,4,1
2015,AFC Bournemouth,Newcastle United,0,1,1,1,1,-1,0
2015,Norwich City,Swansea City,1,0,1,1,1,1,1
2015,Stoke City,Chelsea,1,0,1,1,1,1,1
2015,Swansea City,AFC Bournemouth,2,2,1,1,4,0,0
2015,Aston Villa,Watford,2,3,1,1,5,-1,0
2015,Sunderland,Stoke City,2,0,1,1,2,2,1
2015,Stoke City,Manchester City,2,0,1,1,2,2,1
2015,West Bromwich Albion,Tottenham Hotspur,1,1,1,1,2,0,0
2015,Manchester City,Swansea City,2,1,1,1,3,1,1
2015,AFC Bournemouth,Manchester United,2,1,1,1,3,1,1
2015,Watford,Liverpool,3,0,1,1,3,3,1
2015,Southampton,Arsenal,4,0,1,1,4,4,1
2015,Norwich City,Aston Villa,2,0,1,1,2,2,1
2015,Arsenal,AFC Bournemouth,2,0,1,1,2,2,1
2015,Arsenal,Newcastle United,1,0,1,1,1,1,1
2015,Norwich City,Southampton,1,0,1,1,1,1,1
2015,Swansea City,Sunderland,2,4,1,1,6,-2,0
2015,Tottenham Hotspur,Leicester City,0,1,1,1,1,-1,0
2015,Chelsea,Everton,3,3,1,1,6,0,0
2015,Southampton,West Bromwich Albion,3,0,1,1,3,3,1
2015,West Ham United,Manchester City,2,2,1,1,4,0,0
2015,Arsenal,Southampton,0,0,1,1,0,0,0
2015,Sunderland,Manchester City,0,1,1,1,1,-1,0
2015,Everton,Newcastle United,3,0,1,1,3,3,1
2015,Swansea City,Crystal Palace,1,1,1,1,2,0,0
2015,AFC Bournemouth,Stoke City,1,3,1,1,4,-2,0
2015,Norwich City,West Ham United,2,2,1,1,4,0,0
2015,West Ham United,Sunderland,1,0,1,1,1,1,1
2015,Stoke City,Aston Villa,2,1,1,1,3,1,1
2015,Manchester United,Arsenal,3,2,1,1,5,1,1
2015,Leicester City,West Bromwich Albion,2,2,1,1,4,0,0
2015,Chelsea,Stoke City,1,1,1,1,2,0,0
2015,Newcastle United,AFC Bournemouth,1,3,1,1,4,-2,0
2015,Watford,Leicester City,0,1,1,1,1,-1,0
2015,Aston Villa,Tottenham Hotspur,0,2,1,1,2,-2,0
2015,Manchester United,Crystal Palace,2,0,1,1,2,2,1
2015,AFC Bournemouth,Manchester City,0,4,1,1,4,-4,0
2015,Stoke City,Swansea City,2,2,1,1,4,0,0
2015,West Ham United,Arsenal,3,3,1,1,6,0,0
2015,Tottenham Hotspur,Manchester United,3,0,1,1,3,3,1
2015,Manchester United,Aston Villa,1,0,1,1,1,1,1
2015,Arsenal,Crystal Palace,1,1,1,1,2,0,0
2015,Liverpool,Newcastle United,2,2,1,1,4,0,0
2015,Tottenham Hotspur,West Bromwich Albion,1,1,1,1,2,0,0
2015,Watford,Aston Villa,3,2,1,1,5,1,1
2015,Chelsea,Tottenham Hotspur,2,2,1,1,4,0,0
2015,Aston Villa,Newcastle United,0,0,1,1,0,0,0
2015,Liverpool,Watford,2,0,1,1,2,2,1
2015,Chelsea,Leicester City,1,1,1,1,2,0,0
2015,Watford,Sunderland,2,2,1,1,4,0,0
2015,Blackburn Rovers,Wolverhampton Wanderers,1,2,2,2,3,-1,0
2015,Wolverhampton Wanderers,Queens Park Rangers,2,3,2,2,5,-1,0
2015,Leeds United,Sheffield Wednesday,1,1,2,2,2,0,0
2015,Preston North End,Ipswich Town,1,2,2,2,3,-1,0
2015,Brighton & Hove Albion,Blackburn Rovers,1,0,2,2,1,1,1
2015,Derby County,Leeds United,1,2,2,2,3,-1,0
2015,Milton Keynes Dons,Birmingham City,0,2,2,2,2,-2,0
2015,Queens Park Rangers,Nottingham Forest,1,2,2,2,3,-1,0
2015,Brighton & Hove Albion,Hull City,1,0,2,2,1,1,1
2015,Charlton Athletic,Rotherham United,1,1,2,2,2,0,0
2015,Charlton Athletic,Huddersfield Town,1,2,2,2,3,-1,0
2015,Queens Park Rangers,Blackburn Rovers,2,2,2,2,4,0,0
2015,Nottingham Forest,Middlesbrough,1,2,2,2,3,-1,0
2015,Milton Keynes Dons,Leeds United,1,2,2,2,3,-1,0
2015,Fulham,Queens Park Rangers,4,0,2,2,4,4,1
2015,Bolton Wanderers,Brighton & Hove Albion,2,2,2,2,4,0,0
2015,Nottingham Forest,Hull City,0,1,2,2,1,-1,0
2015,Sheffield Wednesday,Hull City,1,1,2,2,2,0,0
2015,Burnley,Bolton Wanderers,2,0,2,2,2,2,1
2015,Reading,Charlton Athletic,1,0,2,2,1,1,1
2015,Cardiff City,Middlesbrough,1,0,2,2,1,1,1
2015,Hull City,Ipswich Town,3,0,2,2,3,3,1
2015,Blackburn Rovers,Burnley,0,1,2,2,1,-1,0
2015,Brighton & Hove Albion,Preston North End,0,0,2,2,0,0,0
2015,Wolverhampton Wanderers,Middlesbrough,1,3,2,2,4,-2,0
2015,Brentford,Queens Park Rangers,1,0,2,2,1,1,1
2015,Milton Keynes Dons,Hull City,0,2,2,2,2,-2,0
2015,Sheffield Wednesday,Nottingham Forest,1,0,2,2,1,1,1
2015,Brentford,Hull City,0,2,2,2,2,-2,0
2015,Derby County,Queens Park Rangers,1,0,2,2,1,1,1
2015,Milton Keynes Dons,Charlton Athletic,1,0,2,2,1,1,1
2015,Derby County,Cardiff City,2,0,2,2,2,2,1
2015,Milton Keynes Dons,Fulham,1,1,2,2,2,0,0
2015,Charlton Athletic,Ipswich Town,0,3,2,2,3,-3,0
2015,Cardiff City,Burnley,2,2,2,2,4,0,0
2015,Nottingham Forest,Reading,3,1,2,2,4,2,1
2015,Wolverhampton Wanderers,Milton Keynes Dons,0,0,2,2,0,0,0
2015,Ipswich Town,Middlesbrough,0,2,2,2,2,-2,0
2015,Burnley,Preston North End,0,2,2,2,2,-2,0
2015,Wolverhampton Wanderers,Nottingham Forest,1,1,2,2,2,0,0
2015,Charlton Athletic,Leeds United,0,0,2,2,0,0,0
2015,Fulham,Ipswich Town,1,2,2,2,3,-1,0
2015,Hull City,Reading,2,1,2,2,3,1,1
2015,Leeds United,Preston North End,1,0,2,2,1,1,1
2015,Reading,Brentford,1,2,2,2,3,-1,0
2015,Preston North End,Hull City,1,0,2,2,1,1,1
2015,Middlesbrough,Sheffield Wednesday,1,0,2,2,1,1,1
2015,Cardiff City,Nottingham Forest,1,1,2,2,2,0,0
2015,Middlesbrough,Derby County,2,0,2,2,2,2,1
2015,Rotherham United,Brighton & Hove Albion,2,0,2,2,2,2,1
2015,Ipswich Town,Leeds United,2,1,2,2,3,1,1
2015,Wolverhampton Wanderers,Fulham,3,2,2,2,5,1,1
2015,Leeds United,Bristol City,1,0,2,2,1,1,1
2015,Bolton Wanderers,Milton Keynes Dons,3,1,2,2,4,2,1
2015,Preston North End,Brentford,1,3,2,2,4,-2,0
2015,Cardiff City,Rotherham United,2,2,2,2,4,0,0
2015,Nottingham Forest,Queens Park Rangers,0,0,2,2,0,0,0
2015,Rotherham United,Charlton Athletic,1,4,2,2,5,-3,0
2015,Derby County,Preston North End,0,0,2,2,0,0,0
2015,Hull City,Brighton & Hove Albion,0,0,2,2,0,0,0
2015,Middlesbrough,Blackburn Rovers,1,1,2,2,2,0,0
2015,Cardiff City,Milton Keynes Dons,0,0,2,2,0,0,0
2015,Birmingham City,Sheffield Wednesday,1,2,2,2,3,-1,0
2015,Blackburn Rovers,Hull City,0,2,2,2,2,-2,0
2015,Wolverhampton Wanderers,Preston North End,1,2,2,2,3,-1,0
2015,Huddersfield Town,Wolverhampton Wanderers,1,0,2,2,1,1,1
2015,Milton Keynes Dons,Huddersfield Town,1,1,2,2,2,0,0
2015,Wolverhampton Wanderers,Derby County,2,1,2,2,3,1,1
2015,Charlton Athletic,Reading,3,4,2,2,7,-1,0
2015,Wolverhampton Wanderers,Bristol City,2,1,2,2,3,1,1
2015,Queens Park Rangers,Brentford,3,0,2,2,3,3,1
2015,Rotherham United,Derby County,3,3,2,2,6,0,0
2015,Bolton Wanderers,Preston North End,1,2,2,2,3,-1,0
2015,Charlton Athletic,Middlesbrough,2,0,2,2,2,2,1
2015,Milton Keynes Dons,Brighton & Hove Albion,1,2,2,2,3,-1,0
2015,Ipswich Town,Rotherham United,0,1,2,2,1,-1,0
2015,Wolverhampton Wanderers,Ipswich Town,0,0,2,2,0,0,0
2015,Ipswich Town,Charlton Athletic,0,0,2,2,0,0,0
2015,Derby County,Hull City,4,0,2,2,4,4,1
2015,Milton Keynes Dons,Wolverhampton Wanderers,1,2,2,2,3,-1,0
2015,Cardiff City,Queens Park Rangers,0,0,2,2,0,0,0
2015,Rotherham United,Huddersfield Town,1,1,2,2,2,0,0
2015,Bolton Wanderers,Charlton Athletic,0,0,2,2,0,0,0
2015,Milton Keynes Dons,Brentford,1,4,2,2,5,-3,0
2015,Middlesbrough,Ipswich Town,0,0,2,2,0,0,0
2015,Bolton Wanderers,Hull City,1,0,2,2,1,1,1
2015,Leeds United,Charlton Athletic,1,2,2,2,3,-1,0
2015,Ipswich Town,Milton Keynes Dons,3,2,2,2,5,1,1
2015,Fulham,Bolton Wanderers,1,0,2,2,1,1,1
2015,Chesterfield,Barnsley,3,1,3,3,4,2,1
2015,Gillingham,Sheffield United,4,0,3,3,4,4,1
2015,Swindon Town,Bradford City,4,1,3,3,5,3,1
2015,Blackpool,Rochdale,0,2,3,3,2,-2,0
2015,Southend United,Walsall,0,2,3,3,2,-2,0
2015,Blackpool,Burton Albion,1,2,3,3,3,-1,0
2015,Doncaster Rovers,Fleetwood Town,2,0,3,3,2,2,1
2015,Wigan Athletic,Crewe Alexandra,1,0,3,3,1,1,1
2015,Barnsley,Shrewsbury Town,1,2,3,3,3,-1,0
2015,Fleetwood Town,Rochdale,1,1,3,3,2,0,0
2015,Scunthorpe United,Blackpool,0,1,3,3,1,-1,0
2015,Port Vale,Millwall,0,2,3,3,2,-2,0
2015,Fleetwood Town,Bradford City,1,1,3,3,2,0,0
2015,Port Vale,Wigan Athletic,3,2,3,3,5,1,1
2015,Doncaster Rovers,Oldham Athletic,1,1,3,3,2,0,0
2015,Bradford City,Peterborough United,0,2,3,3,2,-2,0
2015,Burton Albion,Sheffield United,0,0,3,3,0,0,0
2015,Crewe Alexandra,Chesterfield,1,2,3,3,3,-1,0
2015,Peterborough United,Millwall,5,3,3,3,8,2,1
2015,Scunthorpe United,Fleetwood Town,1,0,3,3,1,1,1
2015,Bury,Wigan Athletic,2,2,3,3,4,0,0
2015,Oldham Athletic,Scunthorpe United,2,4,3,3,6,-2,0
2015,Southend United,Port Vale,1,0,3,3,1,1,1
2015,Coventry City,Blackpool,0,0,3,3,0,0,0
2015,Fleetwood Town,Burton Albion,4,0,3,3,4,4,1
2015,Port Vale,Peterborough United,1,1,3,3,2,0,0
2015,Blackpool,Millwall,1,1,3,3,2,0,0
2015,Burton Albion,Port Vale,2,0,3,3,2,2,1
2015,Gillingham,Southend United,1,1,3,3,2,0,0
2015,Shrewsbury Town,Bury,2,0,3,3,2,2,1
2015,Coventry City,Peterborough United,3,2,3,3,5,1,1
2015,Fleetwood Town,Chesterfield,0,1,3,3,1,-1,0
2015,Port Vale,Shrewsbury Town,2,0,3,3,2,2,1
2015,Fleetwood Town,Swindon Town,5,1,3,3,6,4,1
2015,Peterborough United,Barnsley,3,2,3,3,5,1,1
2015,Swindon Town,Walsall,2,1,3,3,3,1,1
2015,Peterborough United,Shrewsbury Town,1,1,3,3,2,0,0
2015,Chesterfield,Bradford City,0,1,3,3,1,-1,0
2015,Millwall,Gillingham,0,3,3,3,3,-3,0
2015,Wigan Athletic,Sheffield United,3,3,3,3,6,0,0
2015,Bury,Barnsley,0,0,3,3,0,0,0
2015,Sheffield United,Bradford City,3,1,3,3,4,2,1
2015,Fleetwood Town,Bury,2,0,3,3,2,2,1
2015,Walsall,Rochdale,0,3,3,3,3,-3,0
2015,Rochdale,Chesterfield,2,3,3,3,5,-1,0
2015,Colchester United,Fleetwood Town,1,1,3,3,2,0,0
2015,Shrewsbury Town,Oldham Athletic,0,1,3,3,1,-1,0
2015,Burton Albion,Shrewsbury Town,1,2,3,3,3,-1,0
2015,Fleetwood Town,Doncaster Rovers,0,0,3,3,0,0,0
2015,Doncaster Rovers,Walsall,1,2,3,3,3,-1,0
2015,Sheffield United,Wigan Athletic,0,2,3,3,2,-2,0
2015,Scunthorpe United,Doncaster Rovers,2,0,3,3,2,2,1
2015,Crewe Alexandra,Walsall,1,1,3,3,2,0,0
2015,Scunthorpe United,Southend United,1,0,3,3,1,1,1
2015,Sheffield United,Port Vale,1,0,3,3,1,1,1
2015,Blackpool,Bradford City,0,1,3,3,1,-1,0
2015,Bradford City,Colchester United,1,2,3,3,3,-1,0
2015,Sheffield United,Burton Albion,0,1,3,3,1,-1,0
2015,Fleetwood Town,Sheffield United,2,2,3,3,4,0,0
2015,Scunthorpe United,Gillingham,0,0,3,3,0,0,0
2015,Peterborough United,Port Vale,2,3,3,3,5,-1,0
2015,Shrewsbury Town,Scunthorpe United,2,2,3,3,4,0,0
2015,Coventry City,Swindon Town,0,0,3,3,0,0,0
2015,Port Vale,Burton Albion,0,4,3,3,4,-4,0
2015,Blackpool,Bury,1,1,3,3,2,0,0
2015,Sheffield United,Crewe Alexandra,3,2,3,3,5,1,1
2015,Chesterfield,Fleetwood Town,0,0,3,3,0,0,0
2015,Bury,Gillingham,0,1,3,3,1,-1,0
2015,Oldham Athletic,Chesterfield,1,0,3,3,1,1,1
2015,Bradford City,Scunthorpe United,1,0,3,3,1,1,1
2015,Rochdale,Doncaster Rovers,2,2,3,3,4,0,0
2015,Swindon Town,Fleetwood Town,1,1,3,3,2,0,0
2015,Blackpool,Colchester United,0,1,3,3,1,-1,0
2015,Millwall,Shrewsbury Town,3,1,3,3,4,2,1
2015,Southend United,Fleetwood Town,2,2,3,3,4,0,0
2015,Burton Albion,Barnsley,0,0,3,3,0,0,0
2015,Crewe Alexandra,Scunthorpe United,2,3,3,3,5,-1,0
2015,Rochdale,Gillingham,1,1,3,3,2,0,0
2015,Southend United,Oldham Athletic,0,1,3,3,1,-1,0
2015,Doncaster Rovers,Coventry City,2,0,3,3,2,2,1
2015,Oldham Athletic,Crewe Alexandra,1,0,3,3,1,1,1
2015,Swindon Town,Chesterfield,1,0,3,3,1,1,1
2015,Barnsley,Colchester United,2,2,3,3,4,0,0
2015,Coventry City,Sheffield United,3,1,3,3,4,2,1
2015,Southend United,Bradford City,0,1,3,3,1,-1,0
2015,Bury,Southend United,3,2,3,3,5,1,1
2015,Peterborough United,Blackpool,5,1,3,3,6,4,1
2015,Stevenage Borough,Notts County,0,2,4,4,2,-2,0
2015,Dagenham and Redbridge,Leyton Orient,1,3,4,4,4,-2,0
2015,Newport County,Stevenage Borough,2,2,4,4,4,0,0
2015,AFC Wimbledon,Cambridge United,1,2,4,4,3,-1,0
2015,Luton Town,Bristol Rovers,0,1,4,4,1,-1,0
2015,Plymouth Argyle,Carlisle United,4,1,4,4,5,3,1
2015,Cambridge United,Crawley Town,0,3,4,4,3,-3,0
2015,Notts County,Accrington,1,1,4,4,2,0,0
2015,AFC Wimbledon,Exeter City,2,1,4,4,3,1,1
2015,Dagenham and Redbridge,Stevenage Borough,1,1,4,4,2,0,0
2015,Carlisle United,Barnet,3,2,4,4,5,1,1
2015,Stevenage Borough,Plymouth Argyle,2,1,4,4,3,1,1
2015,Cambridge United,Leyton Orient,1,1,4,4,2,0,0
2015,Mansfield Town,Crawley Town,4,0,4,4,4,4,1
2015,Notts County,Luton Town,3,2,4,4,5,1,1
2015,Wycombe Wanderers,Plymouth Argyle,1,2,4,4,3,-1,0
2015,AFC Wimbledon,Notts County,2,1,4,4,3,1,1
2015,Luton Town,Mansfield Town,1,0,4,4,1,1,1
2015,Leyton Orient,Carlisle United,1,2,4,4,3,-1,0
2015,Wycombe Wanderers,Cambridge United,1,0,4,4,1,1,1
2015,Plymouth Argyle,Crawley Town,2,1,4,4,3,1,1
2015,Luton Town,York City,1,1,4,4,2,0,0
2015,Oxford United,AFC Wimbledon,1,0,4,4,1,1,1
2015,Notts County,Plymouth Argyle,0,2,4,4,2,-2,0
2015,Crawley Town,Luton Town,2,1,4,4,3,1,1
2015,Plymouth Argyle,Accrington,1,0,4,4,1,1,1
2015,Portsmouth,Stevenage Borough,1,1,4,4,2,0,0
2015,Luton Town,Plymouth Argyle,1,2,4,4,3,-1,0
2015,Oxford United,Barnet,2,3,4,4,5,-1,0
2015,Crawley Town,York City,1,0,4,4,1,1,1
2015,Carlisle United,Yeovil,3,2,4,4,5,1,1
2015,Stevenage Borough,Oxford United,1,5,4,4,6,-4,0
2015,Bristol Rovers,Carlisle United,2,0,4,4,2,2,1
2015,Crawley Town,Bristol Rovers,2,1,4,4,3,1,1
2015,Oxford United,Newport County,1,1,4,4,2,0,0
2015,Cambridge United,Notts County,3,1,4,4,4,2,1
2015,Newport County,Luton Town,3,0,4,4,3,3,1
2015,Bristol Rovers,York City,2,1,4,4,3,1,1
2015,Mansfield Town,Leyton Orient,1,1,4,4,2,0,0
2015,Plymouth Argyle,Cambridge United,1,2,4,4,3,-1,0
2015,Cambridge United,Mansfield Town,1,1,4,4,2,0,0
2015,Newport County,AFC Wimbledon,2,2,4,4,4,0,0
2015,Hartlepool United,Notts County,2,3,4,4,5,-1,0
2015,Newport County,Plymouth Argyle,1,2,4,4,3,-1,0
2015,Crawley Town,Cambridge United,1,0,4,4,1,1,1
2015,Hartlepool United,Stevenage Borough,1,2,4,4,3,-1,0
2015,Barnet,Carlisle United,0,0,4,4,0,0,0
2015,Hartlepool United,Wycombe Wanderers,1,0,4,4,1,1,1
2015,Plymouth Argyle,Wycombe Wanderers,0,1,4,4,1,-1,0
2015,Barnet,Portsmouth,1,0,4,4,1,1,1
2015,Accrington,Crawley Town,4,1,4,4,5,3,1
2015,Plymouth Argyle,Mansfield Town,3,0,4,4,3,3,1
2015,Wycombe Wanderers,Exeter City,1,0,4,4,1,1,1
2015,Barnet,AFC Wimbledon,1,2,4,4,3,-1,0
2015,Carlisle United,Stevenage Borough,1,0,4,4,1,1,1
2015,Mansfield Town,Dagenham and Redbridge,3,2,4,4,5,1,1
2015,AFC Wimbledon,Oxford United,1,2,4,4,3,-1,0
2015,Leyton Orient,Crawley Town,2,0,4,4,2,2,1
2015,Wycombe Wanderers,Bristol Rovers,1,0,4,4,1,1,1
2015,Plymouth Argyle,Oxford United,2,2,4,4,4,0,0
2015,Bristol Rovers,Mansfield Town,1,0,4,4,1,1,1
2015,Luton Town,Crawley Town,0,1,4,4,1,-1,0
2015,Yeovil,Notts County,1,0,4,4,1,1,1
2015,AFC Wimbledon,York City,2,1,4,4,3,1,1
2015,Notts County,Wycombe Wanderers,0,0,4,4,0,0,0
2015,Stevenage Borough,Yeovil,0,0,4,4,0,0,0
2015,Accrington,Cambridge United,1,1,4,4,2,0,0
2015,Hartlepool United,Mansfield Town,2,1,4,4,3,1,1
2015,Northampton Town,Notts County,2,2,4,4,4,0,0
2015,Yeovil,Newport County,1,0,4,4,1,1,1
2015,Carlisle United,Mansfield Town,1,2,4,4,3,-1,0
2015,Northampton Town,Bristol Rovers,2,2,4,4,4,0,0
2015,Yeovil,Exeter City,0,2,4,4,2,-2,0
2015,Stevenage Borough,Newport County,2,1,4,4,3,1,1
2015,Wycombe Wanderers,Yeovil,0,0,4,4,0,0,0
2015,Cambridge United,Plymouth Argyle,2,2,4,4,4,0,0
2015,Newport County,Notts County,0,1,4,4,1,-1,0
2015,Notts County,Carlisle United,0,5,4,4,5,-5,0
2015,Portsmouth,Northampton Town,1,2,4,4,3,-1,0
2016,Burnley,Swansea City,0,1,1,1,1,-1,0
2016,Hull City,Leicester City,2,1,1,1,3,1,1
2016,Chelsea,West Ham United,2,1,1,1,3,1,1
2016,Tottenham Hotspur,Crystal Palace,1,0,1,1,1,1,1
2016,Watford,Arsenal,1,3,1,1,4,-2,0
2016,AFC Bournemouth,Everton,1,0,1,1,1,1,1
2016,Swansea City,Manchester City,1,3,1,1,4,-2,0
2016,Tottenham Hotspur,Manchester City,2,0,1,1,2,2,1
2016,Chelsea,Leicester City,3,0,1,1,3,3,1
2016,Southampton,Burnley,3,1,1,1,4,2,1
2016,AFC Bournemouth,Tottenham Hotspur,0,0,1,1,0,0,0
2016,Leicester City,Crystal Palace,3,1,1,1,4,2,1
2016,Chelsea,Everton,5,0,1,1,5,5,1
2016,Arsenal,Tottenham Hotspur,1,1,1,1,2,0,0
2016,Liverpool,Watford,6,1,1,1,7,5,1
2016,Everton,Swansea City,1,1,1,1,2,0,0
2016,Watford,Leicester City,2,1,1,1,3,1,1
2016,Arsenal,AFC Bournemouth,3,1,1,1,4,2,1
2016,Watford,Stoke City,0,1,1,1,1,-1,0
2016,West Bromwich Albion,Watford,3,1,1,1,4,2,1
2016,Everton,Manchester United,1,1,1,1,2,0,0
2016,Burnley,AFC Bournemouth,3,2,1,1,5,1,1
2016,Swansea City,Sunderland,3,0,1,1,3,3,1
2016,AFC Bournemouth,Leicester City,1,0,1,1,1,1,1
2016,Manchester City,Watford,2,0,1,1,2,2,1
2016,Sunderland,Chelsea,0,1,1,1,1,-1,0
2016,West Ham United,Burnley,1,0,1,1,1,1,1
2016,West Ham United,Hull City,1,0,1,1,1,1,1
2016,Watford,Crystal Palace,1,1,1,1,2,0,0
2016,Leicester City,West Ham United,1,0,1,1,1,1,1
2016,Watford,Tottenham Hotspur,1,4,1,1,5,-3,0
2016,Stoke City,Watford,2,0,1,1,2,2,1
2016,Swansea City,Arsenal,0,4,1,1,4,-4,0
2016,AFC Bournemouth,Watford,2,2,1,1,4,0,0
2016,Sunderland,Tottenham Hotspur,0,0,1,1,0,0,0
2016,Stoke City,Everton,1,1,1,1,2,0,0
2016,Southampton,West Ham United,1,3,1,1,4,-2,0
2016,AFC Bournemouth,Manchester City,0,2,1,1,2,-2,0
2016,West Bromwich Albion,AFC Bournemouth,2,1,1,1,3,1,1
2016,Leicester City,Hull City,3,1,1,1,4,2,1
2016,Stoke City,Middlesbrough,2,0,1,1,2,2,1
2016,West Bromwich Albion,Crystal Palace,0,2,1,1,2,-2,0
2016,Everton,West Bromwich Albion,3,0,1,1,3,3,1
2016,Stoke City,Chelsea,1,2,1,1,3,-1,0
2016,Hull City,West Ham United,2,1,1,1,3,1,1
2016,Arsenal,Manchester City,2,2,1,1,4,0,0
2016,Leicester City,Sunderland,2,0,1,1,2,2,1
2016,AFC Bournemouth,Chelsea,1,3,1,1,4,-2,0
2016,West Ham United,Swansea City,1,0,1,1,1,1,1
2016,Southampton,Manchester City,0,3,1,1,3,-3,0
2016,Tottenham Hotspur,AFC Bournemouth,4,0,1,1,4,4,1
2016,West Bromwich Albion,Liverpool,0,1,1,1,1,-1,0
2016,Burnley,Manchester United,0,2,1,1,2,-2,0
2016,Arsenal,Leicester City,1,0,1,1,1,1,1
2016,Tottenham Hotspur,Arsenal,2,0,1,1,2,2,1
2016,AFC Bournemouth,Stoke City,2,2,1,1,4,0,0
2016,Leicester City,Watford,3,0,1,1,3,3,1
2016,Southampton,Arsenal,0,2,1,1,2,-2,0
2016,Blackburn Rovers,Norwich City,1,4,2,2,5,-3,0
2016,Barnsley,Derby County,2,0,2,2,2,2,1
2016,Leeds United,Birmingham City,1,2,2,2,3,-1,0
2016,Cardiff City,Queens Park Rangers,0,2,2,2,2,-2,0
2016,Newcastle United,Reading,4,1,2,2,5,3,1
2016,Bristol City,Newcastle United,0,1,2,2,1,-1,0
2016,Huddersfield Town,Barnsley,2,1,2,2,3,1,1
2016,Reading,Brighton & Hove Albion,2,2,2,2,4,0,0
2016,Birmingham City,Norwich City,3,0,2,2,3,3,1
2016,Ipswich Town,Preston North End,1,0,2,2,1,1,1
2016,Wigan Athletic,Queens Park Rangers,0,1,2,2,1,-1,0
2016,Derby County,Newcastle United,0,2,2,2,2,-2,0
2016,Fulham,Burton Albion,1,1,2,2,2,0,0
2016,Preston North End,Cardiff City,3,0,2,2,3,3,1
2016,Ipswich Town,Aston Villa,0,0,2,2,0,0,0
2016,Reading,Huddersfield Town,1,0,2,2,1,1,1
2016,Blackburn Rovers,Sheffield Wednesday,0,1,2,2,1,-1,0
2016,Burton Albion,Queens Park Rangers,1,1,2,2,2,0,0
2016,Ipswich Town,Brighton & Hove Albion,0,0,2,2,0,0,0
2016,Newcastle United,Norwich City,4,3,2,2,7,1,1
2016,Ipswich Town,Huddersfield Town,0,1,2,2,1,-1,0
2016,Reading,Derby County,1,1,2,2,2,0,0
2016,Aston Villa,Wolverhampton Wanderers,1,1,2,2,2,0,0
2016,Huddersfield Town,Sheffield Wednesday,0,1,2,2,1,-1,0
2016,Fulham,Norwich City,2,2,2,2,4,0,0
2016,Preston North End,Huddersfield Town,3,1,2,2,4,2,1
2016,Brentford,Barnsley,0,2,2,2,2,-2,0
2016,Newcastle United,Ipswich Town,3,0,2,2,3,3,1
2016,Wolverhampton Wanderers,Leeds United,0,1,2,2,1,-1,0
2016,Blackburn Rovers,Wolverhampton Wanderers,1,1,2,2,2,0,0
2016,Leeds United,Burton Albion,2,0,2,2,2,2,1
2016,Birmingham City,Aston Villa,1,1,2,2,2,0,0
2016,Newcastle United,Cardiff City,2,1,2,2,3,1,1
2016,Rotherham United,Preston North End,1,3,2,2,4,-2,0
2016,Wolverhampton Wanderers,Derby County,2,3,2,2,5,-1,0
2016,Preston North End,Wolverhampton Wanderers,0,0,2,2,0,0,0
2016,Leeds United,Newcastle United,0,2,2,2,2,-2,0
2016,Ipswich Town,Queens Park Rangers,3,0,2,2,3,3,1
2016,Birmingham City,Barnsley,0,3,2,2,3,-3,0
2016,Burton Albion,Rotherham United,2,1,2,2,3,1,1
2016,Wigan Athletic,Derby County,0,1,2,2,1,-1,0
2016,Bristol City,Brentford,0,1,2,2,1,-1,0
2016,Brentford,Cardiff City,2,2,2,2,4,0,0
2016,Newcastle United,Sheffield Wednesday,0,1,2,2,1,-1,0
2016,Rotherham United,Wigan Athletic,3,2,2,2,5,1,1
2016,Preston North End,Sheffield Wednesday,1,1,2,2,2,0,0
2016,Blackburn Rovers,Newcastle United,1,0,2,2,1,1,1
2016,Leeds United,Derby County,1,0,2,2,1,1,1
2016,Sheffield Wednesday,Huddersfield Town,2,0,2,2,2,2,1
2016,Aston Villa,Preston North End,2,2,2,2,4,0,0
2016,Cardiff City,Burton Albion,1,0,2,2,1,1,1
2016,Newcastle United,Rotherham United,4,0,2,2,4,4,1
2016,Queens Park Rangers,Fulham,1,1,2,2,2,0,0
2016,Burton Albion,Fulham,0,2,2,2,2,-2,0
2016,Wigan Athletic,Sheffield Wednesday,0,1,2,2,1,-1,0
2016,Cardiff City,Norwich City,0,1,2,2,1,-1,0
2016,Wigan Athletic,Norwich City,2,2,2,2,4,0,0
2016,Brighton & Hove Albion,Burton Albion,4,1,2,2,5,3,1
2016,Leeds United,Cardiff City,0,2,2,2,2,-2,0
2016,Queens Park Rangers,Huddersfield Town,1,2,2,2,3,-1,0
2016,Wolverhampton Wanderers,Newcastle United,0,1,2,2,1,-1,0
2016,Derby County,Cardiff City,3,4,2,2,7,-1,0
2016,Huddersfield Town,Reading,1,0,2,2,1,1,1
2016,Bristol City,Fulham,0,2,2,2,2,-2,0
2016,Norwich City,Ipswich Town,1,1,2,2,2,0,0
2016,Brighton & Hove Albion,Newcastle United,1,2,2,2,3,-1,0
2016,Bristol City,Burton Albion,0,0,2,2,0,0,0
2016,Sheffield Wednesday,Norwich City,5,1,2,2,6,4,1
2016,Huddersfield Town,Aston Villa,1,0,2,2,1,1,1
2016,Queens Park Rangers,Barnsley,2,1,2,2,3,1,1
2016,Sheffield Wednesday,Burton Albion,1,1,2,2,2,0,0
2016,Norwich City,Blackburn Rovers,2,2,2,2,4,0,0
2016,Bristol City,Huddersfield Town,4,0,2,2,4,4,1
2016,Blackburn Rovers,Preston North End,2,2,2,2,4,0,0
2016,Fulham,Wolverhampton Wanderers,1,3,2,2,4,-2,0
2016,Ipswich Town,Birmingham City,1,1,2,2,2,0,0
2016,Reading,Leeds United,1,0,2,2,1,1,1
2016,Brighton & Hove Albion,Birmingham City,3,1,2,2,4,2,1
2016,Wolverhampton Wanderers,Nottingham Forest,1,0,2,2,1,1,1
2016,Nottingham Forest,Huddersfield Town,2,0,2,2,2,2,1
2016,Burton Albion,Ipswich Town,1,2,2,2,3,-1,0
2016,Barnsley,Brentford,1,1,2,2,2,0,0
2016,Burton Albion,Leeds United,2,1,2,2,3,1,1
2016,Rotherham United,Ipswich Town,1,0,2,2,1,1,1
2016,Wolverhampton Wanderers,Blackburn Rovers,0,0,2,2,0,0,0
2016,Wolverhampton Wanderers,Huddersfield Town,0,1,2,2,1,-1,0
2016,Birmingham City,Huddersfield Town,2,0,2,2,2,2,1
2016,Derby County,Wolverhampton Wanderers,3,1,2,2,4,2,1
2016,Bury,Charlton Athletic,2,0,3,3,2,2,1
2016,Oxford United,Chesterfield,1,1,3,3,2,0,0
2016,Chesterfield,Swindon Town,3,1,3,3,4,2,1
2016,Peterborough United,Bradford City,0,1,3,3,1,-1,0
2016,Port Vale,Rochdale,1,0,3,3,1,1,1
2016,Fleetwood Town,Oxford United,2,0,3,3,2,2,1
2016,Oxford United,Peterborough United,2,1,3,3,3,1,1
2016,Shrewsbury Town,Chesterfield,2,1,3,3,3,1,1
2016,Walsall,Charlton Athletic,1,2,3,3,3,-1,0
2016,Port Vale,Scunthorpe United,3,1,3,3,4,2,1
2016,Oxford United,Rochdale,1,0,3,3,1,1,1
2016,Milton Keynes Dons,Oxford United,0,0,3,3,0,0,0
2016,Swindon Town,Bury,1,2,3,3,3,-1,0
2016,Bristol Rovers,Port Vale,2,1,3,3,3,1,1
2016,Scunthorpe United,Sheffield United,2,2,3,3,4,0,0
2016,Rochdale,Bolton Wanderers,1,0,3,3,1,1,1
2016,Coventry City,AFC Wimbledon,2,2,3,3,4,0,0
2016,Bury,Scunthorpe United,1,2,3,3,3,-1,0
2016,Fleetwood Town,Sheffield United,1,1,3,3,2,0,0
2016,Walsall,Millwall,2,1,3,3,3,1,1
2016,Peterborough United,Bury,3,1,3,3,4,2,1
2016,Charlton Athletic,Coventry City,3,0,3,3,3,3,1
2016,Sheffield United,Port Vale,4,0,3,3,4,4,1
2016,Bradford City,Southend United,1,1,3,3,2,0,0
2016,Port Vale,Charlton Athletic,1,1,3,3,2,0,0
2016,AFC Wimbledon,Bradford City,2,3,3,3,5,-1,0
2016,Charlton Athletic,Chesterfield,1,0,3,3,1,1,1
2016,Bury,Southend United,1,4,3,3,5,-3,0
2016,Rochdale,Swindon Town,4,0,3,3,4,4,1
2016,Bradford City,Northampton Town,1,0,3,3,1,1,1
2016,Millwall,AFC Wimbledon,0,0,3,3,0,0,0
2016,Peterborough United,Scunthorpe United,0,2,3,3,2,-2,0
2016,Sheffield United,Bury,1,0,3,3,1,1,1
2016,Bury,Millwall,2,3,3,3,5,-1,0
2016,Milton Keynes Dons,AFC Wimbledon,1,0,3,3,1,1,1
2016,Southend United,Coventry City,3,1,3,3,4,2,1
2016,AFC Wimbledon,Port Vale,4,0,3,3,4,4,1
2016,Bolton Wanderers,Shrewsbury Town,2,1,3,3,3,1,1
2016,Fleetwood Town,Bury,0,0,3,3,0,0,0
2016,Oxford United,Northampton Town,0,1,3,3,1,-1,0
2016,Rochdale,Chesterfield,3,0,3,3,3,3,1
2016,Bristol Rovers,AFC Wimbledon,2,0,3,3,2,2,1
2016,AFC Wimbledon,Millwall,2,2,3,3,4,0,0
2016,Chesterfield,Milton Keynes Dons,0,0,3,3,0,0,0
2016,Northampton Town,Bradford City,1,2,3,3,3,-1,0
2016,Shrewsbury Town,Fleetwood Town,0,1,3,3,1,-1,0
2016,Bradford City,Chesterfield,2,0,3,3,2,2,1
2016,Chesterfield,Coventry City,1,0,3,3,1,1,1
2016,Chesterfield,AFC Wimbledon,0,0,3,3,0,0,0
2016,Rochdale,Oxford United,0,4,3,3,4,-4,0
2016,Sheffield United,Fleetwood Town,0,2,3,3,2,-2,0
2016,Northampton Town,Coventry City,3,0,3,3,3,3,1
2016,Charlton Athletic,Fleetwood Town,1,1,3,3,2,0,0
2016,Milton Keynes Dons,Bolton Wanderers,1,1,3,3,2,0,0
2016,Sheffield United,AFC Wimbledon,4,0,3,3,4,4,1
2016,Walsall,Northampton Town,2,1,3,3,3,1,1
