1888,Accrington F.C.,Stoke City,2,0,1,1,2,2,1
1888,Aston Villa,Accrington F.C.,4,3,1,1,7,1,1
1888,Aston Villa,Burnley,4,2,1,1,6,2,1
1888,Aston Villa,Notts County,9,1,1,1,10,8,1
1888,Blackburn Rovers,Derby County,3,0,1,1,3,3,1
1888,Burnley,Bolton Wanderers,4,1,1,1,5,3,1
1888,Burnley,West Bromwich Albion,2,0,1,1,2,2,1
1888,Derby County,Burnley,1,0,1,1,1,1,1
1888,Derby County,Preston North End,2,3,1,1,5,-1,0
1888,Everton,Derby County,6,2,1,1,8,4,1
1888,Everton,Stoke City,2,1,1,1,3,1,1
1888,Notts County,Accrington F.C.,3,3,1,1,6,0,0
1888,Notts County,Everton,3,1,1,1,4,2,1
1888,Preston North End,Aston Villa,1,1,1,1,2,0,0
1888,Preston North End,Burnley,5,2,1,1,7,3,1
1888,Preston North End,Notts County,4,1,1,1,5,3,1
1888,Stoke City,Derby County,1,1,1,1,2,0,0
1888,West Bromwich Albion,Bolton Wanderers,1,5,1,1,6,-4,0
1888,West Bromwich Albion,Stoke City,2,0,1,1,2,2,1
1888,Wolverhampton Wanderers,Burnley,4,1,1,1,5,3,1
1888,Wolverhampton Wanderers,Notts County,2,1,1,1,3,1,1
1888,Wolverhampton Wanderers,West Bromwich Albion,2,1,1,1,3,1,1
1889,Accrington F.C.,Stoke City,2,1,1,1,3,1,1
1889,Aston Villa,Accrington F.C.,1,2,1,1,3,-1,0
1889,Aston Villa,Burnley,2,2,1,1,4,0,0
1889,Aston Villa,Notts County,1,1,1,1,2,0,0
1889,Blackburn Rovers,Wolverhampton Wanderers,4,3,1,1,7,1,1
1889,Bolton Wanderers,Everton,3,4,1,1,7,-1,0
1889,Burnley,West Bromwich Albion,1,2,1,1,3,-1,0
1889,Derby County,Aston Villa,5,0,1,1,5,5,1
1889,Everton,Derby County,3,0,1,1,3,3,1
1889,Everton,Stoke City,8,0,1,1,8,8,1
1889,Notts County,Accrington F.C.,3,1,1,1,4,2,1
1889,Notts County,Everton,4,3,1,1,7,1,1
1889,Preston North End,Aston Villa,3,2,1,1,5,1,1
1889,Preston North End,Wolverhampton Wanderers,0,2,1,1,2,-2,0
1889,Stoke City,Blackburn Rovers,0,3,1,1,3,-3,0
1889,Stoke City,Derby County,1,1,1,1,2,0,0
1889,West Bromwich Albion,Bolton Wanderers,6,3,1,1,9,3,1
1889,West Bromwich Albion,Everton,4,1,1,1,5,3,1
1889,Wolverhampton Wanderers,Aston Villa,1,1,1,1,2,0,0
1889,Wolverhampton Wanderers,Notts County,2,0,1,1,2,2,1
1890,Accrington F.C.,Bolton Wanderers,2,1,1,1,3,1,1
1890,Aston Villa,Accrington F.C.,3,1,1,1,4,2,1
1890,Blackburn Rovers,Derby County,8,0,1,1,8,8,1
1890,Blackburn Rovers,Wolverhampton Wanderers,2,3,1,1,5,-1,0
1890,Bolton Wanderers,Blackburn Rovers,2,0,1,1,2,2,1
1890,Bolton Wanderers,Everton,0,5,1,1,5,-5,0
1890,Bolton Wanderers,Sunderland,2,5,1,1,7,-3,0
1890,Burnley,Accrington F.C.,2,0,1,1,2,2,1
1890,Burnley,West Bromwich Albion,5,4,1,1,9,1,1
1890,Derby County,Burnley,2,4,1,1,6,-2,0
1890,Everton,Blackburn Rovers,3,1,1,1,4,2,1
1890,Everton,Sunderland,1,0,1,1,1,1,1
1890,Notts County,Bolton Wanderers,3,1,1,1,4,2,1
1890,Notts County,West Bromwich Albion,3,2,1,1,5,1,1
1890,Preston North End,Aston Villa,4,1,1,1,5,3,1
1890,Preston North End,Burnley,7,0,1,1,7,7,1
1890,Sunderland,Blackburn Rovers,3,1,1,1,4,2,1
1890,Sunderland,Preston North End,3,0,1,1,3,3,1
1890,Wolverhampton Wanderers,Aston Villa,2,1,1,1,3,1,1
1891,Accrington F.C.,Bolton Wanderers,0,3,1,1,3,-3,0
1891,Aston Villa,Darwen,7,0,1,1,7,7,1
1891,Aston Villa,Notts County,5,1,1,1,6,4,1
1891,Aston Villa,Sunderland,5,3,1,1,8,2,1
1891,Blackburn Rovers,Everton,2,2,1,1,4,0,0
1891,Bolton Wanderers,Blackburn Rovers,4,2,1,1,6,2,1
1891,Bolton Wanderers,Derby County,3,1,1,1,4,2,1
1891,Burnley,Aston Villa,4,1,1,1,5,3,1
1891,Burnley,Darwen,9,0,1,1,9,9,1
1891,Burnley,Notts County,1,0,1,1,1,1,1
1891,Darwen,Accrington F.C.,5,2,1,1,7,3,1
1891,Darwen,Everton,3,1,1,1,4,2,1
1891,Darwen,Wolverhampton Wanderers,1,4,1,1,5,-3,0
1891,Derby County,Darwen,7,0,1,1,7,7,1
1891,Derby County,Preston North End,1,2,1,1,3,-1,0
1891,Everton,Burnley,1,1,1,1,2,0,0
1891,Notts County,Stoke City,1,1,1,1,2,0,0
1891,Preston North End,Darwen,4,0,1,1,4,4,1
1891,Preston North End,West Bromwich Albion,1,0,1,1,1,1,1
1891,Stoke City,Everton,0,1,1,1,1,-1,0
1891,Stoke City,Sunderland,1,3,1,1,4,-2,0
1891,Sunderland,Bolton Wanderers,4,1,1,1,5,3,1
1891,West Bromwich Albion,Darwen,12,0,1,1,12,12,1
1891,West Bromwich Albion,Notts County,2,2,1,1,4,0,0
1891,Wolverhampton Wanderers,Aston Villa,2,0,1,1,2,2,1
1891,Wolverhampton Wanderers,Burnley,0,0,1,1,0,0,0
1891,Wolverhampton Wanderers,Everton,5,1,1,1,6,4,1
1892,Accrington F.C.,Burnley,0,4,1,1,4,-4,0
1892,Accrington F.C.,Manchester United,2,2,1,1,4,0,0
1892,Accrington F.C.,Preston North End,1,2,1,1,3,-1,0
1892,Aston Villa,Burnley,1,3,1,1,4,-2,0
1892,Aston Villa,Manchester United,2,0,1,1,2,2,1
1892,Aston Villa,Sunderland,1,6,1,1,7,-5,0
1892,Blackburn Rovers,Burnley,2,0,1,1,2,2,1
1892,Blackburn Rovers,Manchester United,4,3,1,1,7,1,1
1892,Blackburn Rovers,Sunderland,2,2,1,1,4,0,0
1892,Bolton Wanderers,Accrington F.C.,5,2,1,1,7,3,1
1892,Bolton Wanderers,Preston North End,2,4,1,1,6,-2,0
1892,Burnley,Bolton Wanderers,3,0,1,1,3,3,1
1892,Burnley,Manchester United,4,1,1,1,5,3,1
1892,Burnley,Preston North End,4,2,1,1,6,2,1
1892,Derby County,Accrington F.C.,3,3,1,1,6,0,0
1892,Derby County,Bolton Wanderers,1,1,1,1,2,0,0
1892,Derby County,Manchester United,5,1,1,1,6,4,1
1892,Derby County,Preston North End,1,2,1,1,3,-1,0
1892,Derby County,Sunderland,1,1,1,1,2,0,0
1892,Everton,Accrington F.C.,1,1,1,1,2,0,0
1892,Everton,Preston North End,6,0,1,1,6,6,1
1892,Manchester United,Accrington F.C.,3,3,1,1,6,0,0
1892,Manchester United,Bolton Wanderers,1,0,1,1,1,1,1
1892,Manchester United,Everton,3,4,1,1,7,-1,0
1892,Manchester United,Sunderland,0,5,1,1,5,-5,0
1892,Nottingham Forest,Everton,2,1,1,1,3,1,1
1892,Nottingham Forest,Preston North End,1,2,1,1,3,-1,0
1892,Notts County,Accrington F.C.,2,0,1,1,2,2,1
1892,Notts County,Sunderland,3,1,1,1,4,2,1
1892,Preston North End,Bolton Wanderers,2,1,1,1,3,1,1
1892,Preston North End,Sunderland,1,2,1,1,3,-1,0
1892,Sheffield Wednesday,Notts County,3,2,1,1,5,1,1
1892,Stoke City,Accrington F.C.,2,2,1,1,4,0,0
1892,Stoke City,Bolton Wanderers,6,0,1,1,6,6,1
1892,Stoke City,Notts County,1,0,1,1,1,1,1
1892,Sunderland,Bolton Wanderers,3,3,1,1,6,0,0
1892,Sunderland,Everton,4,3,1,1,7,1,1
1892,West Bromwich Albion,Bolton Wanderers,1,0,1,1,1,1,1
1892,West Bromwich Albion,Stoke City,1,2,1,1,3,-1,0
1892,Wolverhampton Wanderers,Accrington F.C.,5,3,1,1,8,2,1
1892,Wolverhampton Wanderers,Notts County,3,0,1,1,3,3,1
1892,Birmingham City,Sheffield United,1,1,2,2,2,0,0
1892,Bootle,Northwich Victoria,2,5,2,2,7,-3,0
1892,Bootle,Walsall,7,1,2,2,8,6,1
1892,Burton Swifts,Crewe Alexandra,7,1,2,2,8,6,1
1892,Burton Swifts,Lincoln City,4,2,2,2,6,2,1
1892,Burton Swifts,Port Vale,3,3,2,2,6,0,0
1892,Crewe Alexandra,Darwen,2,2,2,2,4,0,0
1892,Crewe Alexandra,Manchester City,4,1,2,2,5,3,1
1892,Darwen,Walsall,5,0,2,2,5,5,1
1892,Grimsby Town,Lincoln City,2,2,2,2,4,0,0
1892,Lincoln City,Birmingham City,3,4,2,2,7,-1,0
1892,Lincoln City,Crewe Alexandra,1,1,2,2,2,0,0
1892,Manchester City,Darwen,4,2,2,2,6,2,1
1892,Manchester City,Northwich Victoria,1,1,2,2,2,0,0
1892,Port Vale,Birmingham City,0,3,2,2,3,-3,0
1892,Port Vale,Sheffield United,0,10,2,2,10,-10,0
1892,Sheffield United,Bootle,8,3,2,2,11,5,1
1892,Sheffield United,Walsall,3,0,2,2,3,3,1
1892,Walsall,Burton Swifts,3,2,2,2,5,1,1
1893,Aston Villa,Blackburn Rovers,2,1,1,1,3,1,1
1893,Aston Villa,Manchester United,5,1,1,1,6,4,1
1893,Aston Villa,Sheffield United,4,0,1,1,4,4,1
1893,Aston Villa,Sunderland,2,1,1,1,3,1,1
1893,Blackburn Rovers,Aston Villa,2,0,1,1,2,2,1
1893,Blackburn Rovers,Manchester United,4,0,1,1,4,4,1
1893,Blackburn Rovers,Sheffield United,4,1,1,1,5,3,1
1893,Blackburn Rovers,Sunderland,4,3,1,1,7,1,1
1893,Bolton Wanderers,Aston Villa,0,1,1,1,1,-1,0
1893,Bolton Wanderers,Manchester United,2,0,1,1,2,2,1
1893,Burnley,Sunderland,1,0,1,1,1,1,1
1893,Darwen,Aston Villa,1,1,1,1,2,0,0
1893,Darwen,Manchester United,1,0,1,1,1,1,1
1893,Derby County,Aston Villa,0,3,1,1,3,-3,0
1893,Derby County,Burnley,3,3,1,1,6,0,0
1893,Derby County,Manchester United,2,0,1,1,2,2,1
1893,Derby County,Sunderland,1,4,1,1,5,-3,0
1893,Everton,Aston Villa,4,2,1,1,6,2,1
1893,Everton,Manchester United,2,0,1,1,2,2,1
1893,Manchester United,Sheffield United,0,2,1,1,2,-2,0
1893,Nottingham Forest,Aston Villa,1,2,1,1,3,-1,0
1893,Nottingham Forest,Everton,3,2,1,1,5,1,1
1893,Nottingham Forest,Sunderland,1,2,1,1,3,-1,0
1893,Preston North End,Everton,2,4,1,1,6,-2,0
1893,Preston North End,Sheffield United,3,0,1,1,3,3,1
1893,Sheffield United,Burnley,1,0,1,1,1,1,1
1893,Sheffield United,Preston North End,1,1,1,1,2,0,0
1893,Sheffield United,Sunderland,1,0,1,1,1,1,1
1893,Sheffield Wednesday,Aston Villa,2,2,1,1,4,0,0
1893,Sheffield Wednesday,Burnley,0,1,1,1,1,-1,0
1893,Sheffield Wednesday,Everton,1,1,1,1,2,0,0
1893,Sheffield Wednesday,Sunderland,2,2,1,1,4,0,0
1893,Stoke City,Aston Villa,3,3,1,1,6,0,0
1893,Stoke City,Burnley,4,2,1,1,6,2,1
1893,Stoke City,Everton,3,1,1,1,4,2,1
1893,Stoke City,Preston North End,2,1,1,1,3,1,1
1893,Stoke City,Sunderland,2,0,1,1,2,2,1
1893,Sunderland,Burnley,2,2,1,1,4,0,0
1893,Sunderland,Stoke City,4,0,1,1,4,4,1
1893,West Bromwich Albion,Aston Villa,3,6,1,1,9,-3,0
1893,West Bromwich Albion,Burnley,1,1,1,1,2,0,0
1893,West Bromwich Albion,Everton,3,1,1,1,4,2,1
1893,West Bromwich Albion,Stoke City,4,2,1,1,6,2,1
1893,Wolverhampton Wanderers,Burnley,1,0,1,1,1,1,1
1893,Wolverhampton Wanderers,Everton,2,0,1,1,2,2,1
1893,Wolverhampton Wanderers,Preston North End,0,0,1,1,0,0,0
1893,Arsenal,Birmingham City,1,4,2,2,5,-3,0
1893,Arsenal,Manchester City,1,0,2,2,1,1,1
1893,Arsenal,Northwich Victoria,6,0,2,2,6,6,1
1893,Birmingham City,Burton Swifts,6,1,2,2,7,5,1
1893,Birmingham City,Middlesbrough Ironopolis,2,1,2,2,3,1,1
1893,Birmingham City,Notts County,3,0,2,2,3,3,1
1893,Birmingham City,Walsall,4,0,2,2,4,4,1
1893,Burton Swifts,Crewe Alexandra,6,1,2,2,7,5,1
1893,Burton Swifts,Liverpool,1,1,2,2,2,0,0
1893,Burton Swifts,Newcastle United,3,1,2,2,4,2,1
1893,Crewe Alexandra,Grimsby Town,3,3,2,2,6,0,0
1893,Grimsby Town,Birmingham City,2,1,2,2,3,1,1
1893,Grimsby Town,Lincoln City,2,4,2,2,6,-2,0
1893,Grimsby Town,Middlesbrough Ironopolis,2,1,2,2,3,1,1
1893,Grimsby Town,Notts County,5,2,2,2,7,3,1
1893,Lincoln City,Newcastle United,2,1,2,2,3,1,1
1893,Liverpool,Arsenal,2,0,2,2,2,2,1
1893,Liverpool,Rotherham Town,5,1,2,2,6,4,1
1893,Manchester City,Walsall,3,0,2,2,3,3,1
1893,Middlesbrough Ironopolis,Burton Swifts,2,1,2,2,3,1,1
1893,Middlesbrough Ironopolis,Lincoln City,0,0,2,2,0,0,0
1893,Middlesbrough Ironopolis,Newcastle United,1,1,2,2,2,0,0
1893,Middlesbrough Ironopolis,Port Vale,3,1,2,2,4,2,1
1893,Newcastle United,Arsenal,6,0,2,2,6,6,1
1893,Newcastle United,Crewe Alexandra,2,1,2,2,3,1,1
1893,Newcastle United,Liverpool,0,0,2,2,0,0,0
1893,Northwich Victoria,Grimsby Town,0,1,2,2,1,-1,0
1893,Northwich Victoria,Manchester City,1,4,2,2,5,-3,0
1893,Northwich Victoria,Notts County,0,1,2,2,1,-1,0
1893,Notts County,Burton Swifts,6,2,2,2,8,4,1
1893,Notts County,Port Vale,6,1,2,2,7,5,1
1893,Port Vale,Crewe Alexandra,4,2,2,2,6,2,1
1893,Port Vale,Newcastle United,1,1,2,2,2,0,0
1893,Port Vale,Rotherham Town,2,3,2,2,5,-1,0
1893,Rotherham Town,Birmingham City,2,3,2,2,5,-1,0
1893,Rotherham Town,Grimsby Town,4,3,2,2,7,1,1
1893,Rotherham Town,Northwich Victoria,5,4,2,2,9,1,1
1893,Walsall,Lincoln City,5,2,2,2,7,3,1
1893,Walsall,Middlesbrough Ironopolis,1,0,2,2,1,1,1
1894,Aston Villa,Burnley,5,0,1,1,5,5,1
1894,Aston Villa,Liverpool,5,0,1,1,5,5,1
1894,Aston Villa,Sheffield United,5,0,1,1,5,5,1
1894,Aston Villa,Sunderland,1,2,1,1,3,-1,0
1894,Birmingham City,Aston Villa,2,2,1,1,4,0,0
1894,Birmingham City,Liverpool,3,0,1,1,3,3,1
1894,Birmingham City,Sheffield United,4,2,1,1,6,2,1
1894,Blackburn Rovers,Burnley,1,0,1,1,1,1,1
1894,Blackburn Rovers,Liverpool,1,1,1,1,2,0,0
1894,Blackburn Rovers,Sheffield United,3,2,1,1,5,1,1
1894,Bolton Wanderers,Burnley,1,1,1,1,2,0,0
1894,Bolton Wanderers,Sunderland,4,1,1,1,5,3,1
1894,Burnley,Aston Villa,3,3,1,1,6,0,0
1894,Burnley,Liverpool,3,3,1,1,6,0,0
1894,Burnley,Sheffield United,2,4,1,1,6,-2,0
1894,Derby County,Aston Villa,0,2,1,1,2,-2,0
1894,Derby County,Liverpool,0,1,1,1,1,-1,0
1894,Derby County,Sunderland,1,2,1,1,3,-1,0
1894,Everton,Liverpool,3,0,1,1,3,3,1
1894,Liverpool,Aston Villa,1,2,1,1,3,-1,0
1894,Liverpool,Bolton Wanderers,1,2,1,1,3,-1,0
1894,Liverpool,Sheffield United,2,2,1,1,4,0,0
1894,Liverpool,Sunderland,2,3,1,1,5,-1,0
1894,Nottingham Forest,Everton,2,3,1,1,5,-1,0
1894,Preston North End,Bolton Wanderers,2,2,1,1,4,0,0
1894,Preston North End,Everton,1,2,1,1,3,-1,0
1894,Preston North End,Sunderland,1,0,1,1,1,1,1
1894,Sheffield United,Aston Villa,2,1,1,1,3,1,1
1894,Sheffield United,Everton,4,2,1,1,6,2,1
1894,Sheffield United,Preston North End,0,1,1,1,1,-1,0
1894,Sheffield United,Sunderland,4,0,1,1,4,4,1
1894,Sheffield Wednesday,Everton,3,0,1,1,3,3,1
1894,Sheffield Wednesday,Preston North End,3,1,1,1,4,2,1
1894,Sheffield Wednesday,Sunderland,1,2,1,1,3,-1,0
1894,Stoke City,Aston Villa,4,1,1,1,5,3,1
1894,Stoke City,Bolton Wanderers,5,0,1,1,5,5,1
1894,Stoke City,Sunderland,2,5,1,1,7,-3,0
1894,Sunderland,Bolton Wanderers,4,0,1,1,4,4,1
1894,Sunderland,Preston North End,2,0,1,1,2,2,1
1894,Sunderland,Stoke City,3,1,1,1,4,2,1
1894,West Bromwich Albion,Aston Villa,3,2,1,1,5,1,1
1894,Wolverhampton Wanderers,Aston Villa,0,4,1,1,4,-4,0
1894,Wolverhampton Wanderers,Bolton Wanderers,4,2,1,1,6,2,1
1894,Wolverhampton Wanderers,Preston North End,1,3,1,1,4,-2,0
1894,Arsenal,Leicester City,3,3,2,2,6,0,0
1894,Arsenal,Port Vale,7,0,2,2,7,7,1
1894,Burton Swifts,Crewe Alexandra,4,0,2,2,4,4,1
1894,Burton Swifts,Leicester City,0,5,2,2,5,-5,0
1894,Burton Wanderers,Crewe Alexandra,4,0,2,2,4,4,1
1894,Burton Wanderers,Manchester United,1,0,2,2,1,1,1
1894,Bury,Arsenal,2,0,2,2,2,2,1
1894,Bury,Crewe Alexandra,4,1,2,2,5,3,1
1894,Crewe Alexandra,Bury,1,5,2,2,6,-4,0
1894,Crewe Alexandra,Leicester City,2,2,2,2,4,0,0
1894,Darwen,Arsenal,3,1,2,2,4,2,1
1894,Darwen,Manchester United,1,1,2,2,2,0,0
1894,Darwen,Port Vale,2,0,2,2,2,2,1
1894,Grimsby Town,Bury,3,2,2,2,5,1,1
1894,Grimsby Town,Leicester City,4,3,2,2,7,1,1
1894,Grimsby Town,Port Vale,4,1,2,2,5,3,1
1894,Leicester City,Arsenal,3,1,2,2,4,2,1
1894,Leicester City,Bury,1,0,2,2,1,1,1
1894,Lincoln City,Grimsby Town,1,5,2,2,6,-4,0
1894,Lincoln City,Port Vale,6,1,2,2,7,5,1
1894,Manchester City,Grimsby Town,2,5,2,2,7,-3,0
1894,Manchester City,Port Vale,4,1,2,2,5,3,1
1894,Manchester United,Arsenal,3,3,2,2,6,0,0
1894,Manchester United,Grimsby Town,2,0,2,2,2,2,1
1894,Newcastle United,Bury,1,0,2,2,1,1,1
1894,Newcastle United,Port Vale,1,2,2,2,3,-1,0
1894,Notts County,Grimsby Town,3,2,2,2,5,1,1
1894,Notts County,Manchester City,1,3,2,2,4,-2,0
1894,Notts County,Port Vale,10,0,2,2,10,10,1
1894,Port Vale,Arsenal,0,1,2,2,1,-1,0
1894,Port Vale,Grimsby Town,5,0,2,2,5,5,1
1894,Port Vale,Notts County,0,3,2,2,3,-3,0
1894,Rotherham Town,Grimsby Town,3,2,2,2,5,1,1
1894,Rotherham Town,Manchester City,3,2,2,2,5,1,1
1894,Walsall,Arsenal,4,1,2,2,5,3,1
1894,Walsall,Bury,0,3,2,2,3,-3,0
1894,Walsall,Manchester City,1,2,2,2,3,-1,0
1895,Aston Villa,Birmingham City,7,3,1,1,10,4,1
1895,Aston Villa,Sheffield United,2,2,1,1,4,0,0
1895,Birmingham City,Aston Villa,1,4,1,1,5,-3,0
1895,Birmingham City,Burnley,1,0,1,1,1,1,1
1895,Birmingham City,Sheffield United,2,1,1,1,3,1,1
1895,Blackburn Rovers,Aston Villa,1,1,1,1,2,0,0
1895,Blackburn Rovers,Burnley,1,0,1,1,1,1,1
1895,Blackburn Rovers,Everton,2,3,1,1,5,-1,0
1895,Bolton Wanderers,Burnley,1,0,1,1,1,1,1
1895,Bolton Wanderers,Sheffield United,4,1,1,1,5,3,1
1895,Bolton Wanderers,Sunderland,1,0,1,1,1,1,1
1895,Burnley,Bolton Wanderers,1,2,1,1,3,-1,0
1895,Burnley,Everton,1,1,1,1,2,0,0
1895,Bury,Bolton Wanderers,0,3,1,1,3,-3,0
1895,Derby County,Bolton Wanderers,2,1,1,1,3,1,1
1895,Derby County,Sheffield United,0,2,1,1,2,-2,0
1895,Everton,Aston Villa,2,0,1,1,2,2,1
1895,Everton,Bolton Wanderers,1,1,1,1,2,0,0
1895,Everton,Derby County,2,2,1,1,4,0,0
1895,Everton,Sheffield United,5,0,1,1,5,5,1
1895,Nottingham Forest,Bolton Wanderers,0,0,1,1,0,0,0
1895,Nottingham Forest,Derby County,2,5,1,1,7,-3,0
1895,Nottingham Forest,Sunderland,3,1,1,1,4,2,1
1895,Preston North End,Derby County,1,0,1,1,1,1,1
1895,Preston North End,Sheffield United,4,3,1,1,7,1,1
1895,Preston North End,Sunderland,4,1,1,1,5,3,1
1895,Sheffield United,Aston Villa,2,1,1,1,3,1,1
1895,Sheffield United,Bolton Wanderers,1,0,1,1,1,1,1
1895,Sheffield United,Preston North End,2,1,1,1,3,1,1
1895,Sheffield Wednesday,Aston Villa,1,3,1,1,4,-2,0
1895,Stoke City,Aston Villa,1,2,1,1,3,-1,0
1895,Sunderland,Aston Villa,2,1,1,1,3,1,1
1895,Sunderland,Preston North End,4,1,1,1,5,3,1
1895,Sunderland,Stoke City,4,1,1,1,5,3,1
1895,West Bromwich Albion,Aston Villa,1,1,1,1,2,0,0
1895,Wolverhampton Wanderers,Aston Villa,1,2,1,1,3,-1,0
1895,Arsenal,Burton Swifts,5,0,2,2,5,5,1
1895,Arsenal,Notts County,2,0,2,2,2,2,1
1895,Burton Swifts,Darwen,1,2,2,2,3,-1,0
1895,Burton Swifts,Lincoln City,4,0,2,2,4,4,1
1895,Burton Wanderers,Arsenal,4,1,2,2,5,3,1
1895,Burton Wanderers,Darwen,3,0,2,2,3,3,1
1895,Burton Wanderers,Manchester City,4,1,2,2,5,3,1
1895,Burton Wanderers,Notts County,1,3,2,2,4,-2,0
1895,Crewe Alexandra,Arsenal,0,1,2,2,1,-1,0
1895,Crewe Alexandra,Manchester City,0,2,2,2,2,-2,0
1895,Crewe Alexandra,Notts County,5,1,2,2,6,4,1
1895,Darwen,Notts County,2,0,2,2,2,2,1
1895,Grimsby Town,Lincoln City,4,2,2,2,6,2,1
1895,Grimsby Town,Notts County,3,0,2,2,3,3,1
1895,Leicester City,Arsenal,1,0,2,2,1,1,1
1895,Leicester City,Lincoln City,1,3,2,2,4,-2,0
1895,Lincoln City,Arsenal,1,1,2,2,2,0,0
1895,Lincoln City,Leicester City,2,3,2,2,5,-1,0
1895,Lincoln City,Manchester City,1,2,2,2,3,-1,0
1895,Loughborough,Arsenal,2,1,2,2,3,1,1
1895,Loughborough,Leicester City,1,4,2,2,5,-3,0
1895,Manchester City,Leicester City,2,0,2,2,2,2,1
1895,Manchester United,Loughborough,2,0,2,2,2,2,1
1895,Manchester United,Notts County,3,0,2,2,3,3,1
1895,Newcastle United,Crewe Alexandra,6,0,2,2,6,6,1
1895,Newcastle United,Loughborough,3,0,2,2,3,3,1
1895,Notts County,Crewe Alexandra,6,0,2,2,6,6,1
1895,Notts County,Leicester City,1,2,2,2,3,-1,0
1895,Notts County,Newcastle United,0,1,2,2,1,-1,0
1895,Port Vale,Newcastle United,2,0,2,2,2,2,1
1896,Aston Villa,Bury,1,1,1,1,2,0,0
1896,Aston Villa,Liverpool,0,0,1,1,0,0,0
1896,Aston Villa,Sheffield United,2,2,1,1,4,0,0
1896,Aston Villa,Sunderland,2,1,1,1,3,1,1
1896,Blackburn Rovers,Bury,1,2,1,1,3,-1,0
1896,Blackburn Rovers,Liverpool,1,0,1,1,1,1,1
1896,Blackburn Rovers,Sheffield United,1,3,1,1,4,-2,0
1896,Blackburn Rovers,Sunderland,1,2,1,1,3,-1,0
1896,Bolton Wanderers,Aston Villa,1,2,1,1,3,-1,0
1896,Bolton Wanderers,Bury,2,0,1,1,2,2,1
1896,Bolton Wanderers,Liverpool,1,4,1,1,5,-3,0
1896,Bolton Wanderers,Sunderland,1,0,1,1,1,1,1
1896,Burnley,Aston Villa,3,4,1,1,7,-1,0
1896,Burnley,Liverpool,4,1,1,1,5,3,1
1896,Bury,Aston Villa,0,2,1,1,2,-2,0
1896,Bury,Liverpool,1,2,1,1,3,-1,0
1896,Bury,Sheffield United,0,1,1,1,1,-1,0
1896,Bury,Sunderland,1,1,1,1,2,0,0
1896,Derby County,Sheffield United,1,3,1,1,4,-2,0
1896,Everton,Aston Villa,2,3,1,1,5,-1,0
1896,Everton,Burnley,6,0,1,1,6,6,1
1896,Everton,Liverpool,2,1,1,1,3,1,1
1896,Everton,Sheffield United,1,2,1,1,3,-1,0
1896,Everton,Sunderland,5,2,1,1,7,3,1
1896,Liverpool,Burnley,1,2,1,1,3,-1,0
1896,Liverpool,Sheffield United,0,0,1,1,0,0,0
1896,Nottingham Forest,Sheffield United,2,2,1,1,4,0,0
1896,Nottingham Forest,Sunderland,2,1,1,1,3,1,1
1896,Preston North End,Aston Villa,0,1,1,1,1,-1,0
1896,Preston North End,Everton,4,1,1,1,5,3,1
1896,Preston North End,Sheffield United,1,0,1,1,1,1,1
1896,Preston North End,Sunderland,5,3,1,1,8,2,1
1896,Sheffield United,Burnley,1,0,1,1,1,1,1
1896,Sheffield United,Sunderland,3,0,1,1,3,3,1
1896,Sheffield Wednesday,Aston Villa,1,3,1,1,4,-2,0
1896,Sheffield Wednesday,Burnley,1,0,1,1,1,1,1
1896,Sheffield Wednesday,Preston North End,1,0,1,1,1,1,1
1896,Stoke City,Aston Villa,0,2,1,1,2,-2,0
1896,Stoke City,Burnley,3,2,1,1,5,1,1
1896,Stoke City,Everton,2,3,1,1,5,-1,0
1896,Stoke City,Preston North End,2,1,1,1,3,1,1
1896,Sunderland,Aston Villa,4,2,1,1,6,2,1
1896,Sunderland,Burnley,1,1,1,1,2,0,0
1896,Sunderland,Stoke City,4,1,1,1,5,3,1
1896,West Bromwich Albion,Everton,1,4,1,1,5,-3,0
1896,West Bromwich Albion,Stoke City,1,2,1,1,3,-1,0
1896,Wolverhampton Wanderers,Aston Villa,1,2,1,1,3,-1,0
1896,Wolverhampton Wanderers,Burnley,2,0,1,1,2,2,1
1896,Wolverhampton Wanderers,Everton,0,1,1,1,1,-1,0
1896,Arsenal,Birmingham City,2,3,2,2,5,-1,0
1896,Arsenal,Burton Wanderers,3,0,2,2,3,3,1
1896,Arsenal,Grimsby Town,4,2,2,2,6,2,1
1896,Arsenal,Loughborough,2,0,2,2,2,2,1
1896,Birmingham City,Arsenal,5,2,2,2,7,3,1
1896,Birmingham City,Grimsby Town,0,1,2,2,1,-1,0
1896,Birmingham City,Loughborough,3,0,2,2,3,3,1
1896,Blackpool,Arsenal,1,1,2,2,2,0,0
1896,Blackpool,Grimsby Town,1,0,2,2,1,1,1
1896,Burton Swifts,Burton Wanderers,1,1,2,2,2,0,0
1896,Burton Swifts,Grimsby Town,0,0,2,2,0,0,0
1896,Burton Swifts,Loughborough,3,1,2,2,4,2,1
1896,Burton Swifts,Newcastle United,3,0,2,2,3,3,1
1896,Burton Wanderers,Arsenal,0,3,2,2,3,-3,0
1896,Burton Wanderers,Grimsby Town,5,1,2,2,6,4,1
1896,Burton Wanderers,Loughborough,0,1,2,2,1,-1,0
1896,Darwen,Burton Swifts,5,1,2,2,6,4,1
1896,Darwen,Grimsby Town,3,1,2,2,4,2,1
1896,Darwen,Newcastle United,2,1,2,2,3,1,1
1896,Gainsborough Trinity,Arsenal,4,1,2,2,5,3,1
1896,Gainsborough Trinity,Grimsby Town,1,1,2,2,2,0,0
1896,Gainsborough Trinity,Loughborough,2,0,2,2,2,2,1
1896,Gainsborough Trinity,Newcastle United,2,0,2,2,2,2,1
1896,Grimsby Town,Gainsborough Trinity,1,1,2,2,2,0,0
1896,Grimsby Town,Newcastle United,3,2,2,2,5,1,1
1896,Leicester City,Burton Swifts,3,0,2,2,3,3,1
1896,Leicester City,Loughborough,4,2,2,2,6,2,1
1896,Leicester City,Newcastle United,5,0,2,2,5,5,1
1896,Lincoln City,Arsenal,2,3,2,2,5,-1,0
1896,Lincoln City,Burton Swifts,1,1,2,2,2,0,0
1896,Lincoln City,Newcastle United,1,2,2,2,3,-1,0
1896,Loughborough,Arsenal,8,0,2,2,8,8,1
1896,Loughborough,Gainsborough Trinity,1,0,2,2,1,1,1
1896,Manchester City,Arsenal,1,1,2,2,2,0,0
1896,Manchester City,Burton Swifts,3,1,2,2,4,2,1
1896,Manchester City,Gainsborough Trinity,4,1,2,2,5,3,1
1896,Manchester City,Lincoln City,3,0,2,2,3,3,1
1896,Manchester United,Arsenal,1,1,2,2,2,0,0
1896,Manchester United,Burton Swifts,1,1,2,2,2,0,0
1896,Manchester United,Gainsborough Trinity,2,0,2,2,2,2,1
1896,Manchester United,Newcastle United,4,0,2,2,4,4,1
1896,Newcastle United,Arsenal,2,0,2,2,2,2,1
1896,Newcastle United,Burton Swifts,2,1,2,2,3,1,1
1896,Newcastle United,Gainsborough Trinity,1,2,2,2,3,-1,0
1896,Notts County,Burton Swifts,6,1,2,2,7,5,1
1896,Notts County,Lincoln City,8,0,2,2,8,8,1
1897,Aston Villa,Derby County,4,1,1,1,5,3,1
1897,Aston Villa,Sunderland,4,3,1,1,7,1,1
1897,Blackburn Rovers,Aston Villa,4,3,1,1,7,1,1
1897,Bolton Wanderers,Aston Villa,2,0,1,1,2,2,1
1897,Bolton Wanderers,Nottingham Forest,2,0,1,1,2,2,1
1897,Bolton Wanderers,Sheffield United,0,1,1,1,1,-1,0
1897,Bury,Aston Villa,1,2,1,1,3,-1,0
1897,Bury,Nottingham Forest,2,2,1,1,4,0,0
1897,Bury,Sheffield United,2,5,1,1,7,-3,0
1897,Bury,Sunderland,1,0,1,1,1,1,1
1897,Derby County,Bury,2,2,1,1,4,0,0
1897,Derby County,Nottingham Forest,5,0,1,1,5,5,1
1897,Liverpool,Aston Villa,4,0,1,1,4,4,1
1897,Liverpool,Nottingham Forest,1,2,1,1,3,-1,0
1897,Nottingham Forest,Aston Villa,3,1,1,1,4,2,1
1897,Nottingham Forest,Bury,3,1,1,1,4,2,1
1897,Nottingham Forest,Sunderland,1,1,1,1,2,0,0
1897,Notts County,Aston Villa,2,3,1,1,5,-1,0
1897,Preston North End,Aston Villa,3,1,1,1,4,2,1
1897,Preston North End,Bury,2,1,1,1,3,1,1
1897,Sheffield United,Sunderland,1,0,1,1,1,1,1
1897,Sheffield Wednesday,Liverpool,4,2,1,1,6,2,1
1897,Sheffield Wednesday,Preston North End,2,1,1,1,3,1,1
1897,Sheffield Wednesday,Sunderland,0,1,1,1,1,-1,0
1897,Stoke City,Aston Villa,0,0,1,1,0,0,0
1897,Stoke City,Bury,3,1,1,1,4,2,1
1897,Stoke City,Liverpool,2,2,1,1,4,0,0
1897,Sunderland,Aston Villa,0,0,1,1,0,0,0
1897,Sunderland,Preston North End,1,0,1,1,1,1,1
1897,West Bromwich Albion,Aston Villa,1,1,1,1,2,0,0
1897,West Bromwich Albion,Liverpool,2,1,1,1,3,1,1
1897,West Bromwich Albion,Stoke City,2,0,1,1,2,2,1
1897,Wolverhampton Wanderers,Aston Villa,1,1,1,1,2,0,0
1897,Wolverhampton Wanderers,Bury,3,0,1,1,3,3,1
1897,Wolverhampton Wanderers,Liverpool,2,1,1,1,3,1,1
1897,Wolverhampton Wanderers,Preston North End,3,0,1,1,3,3,1
1897,Wolverhampton Wanderers,Stoke City,4,2,1,1,6,2,1
1897,Arsenal,Manchester United,5,1,2,2,6,4,1
1897,Birmingham City,Burton Swifts,2,1,2,2,3,1,1
1897,Birmingham City,Grimsby Town,0,2,2,2,2,-2,0
1897,Birmingham City,Loughborough,1,0,2,2,1,1,1
1897,Blackpool,Arsenal,3,3,2,2,6,0,0
1897,Blackpool,Burton Swifts,2,1,2,2,3,1,1
1897,Blackpool,Grimsby Town,1,1,2,2,2,0,0
1897,Blackpool,Manchester United,0,1,2,2,1,-1,0
1897,Burnley,Arsenal,5,0,2,2,5,5,1
1897,Burton Swifts,Arsenal,1,2,2,2,3,-1,0
1897,Burton Swifts,Burnley,0,2,2,2,2,-2,0
1897,Darwen,Burnley,0,1,2,2,1,-1,0
1897,Darwen,Grimsby Town,1,0,2,2,1,1,1
1897,Darwen,Loughborough,2,1,2,2,3,1,1
1897,Darwen,Manchester United,2,3,2,2,5,-1,0
1897,Gainsborough Trinity,Loughborough,4,0,2,2,4,4,1
1897,Gainsborough Trinity,Manchester United,2,1,2,2,3,1,1
1897,Grimsby Town,Gainsborough Trinity,4,2,2,2,6,2,1
1897,Grimsby Town,Manchester United,1,3,2,2,4,-2,0
1897,Leicester City,Arsenal,2,1,2,2,3,1,1
1897,Leicester City,Burnley,0,1,2,2,1,-1,0
1897,Leicester City,Manchester United,1,1,2,2,2,0,0
1897,Lincoln City,Arsenal,2,3,2,2,5,-1,0
1897,Lincoln City,Burnley,1,1,2,2,2,0,0
1897,Lincoln City,Manchester United,1,0,2,2,1,1,1
1897,Loughborough,Burnley,0,2,2,2,2,-2,0
1897,Loughborough,Manchester United,0,0,2,2,0,0,0
1897,Luton Town,Burnley,2,0,2,2,2,2,1
1897,Luton Town,Manchester United,2,2,2,2,4,0,0
1897,Manchester City,Burnley,1,1,2,2,2,0,0
1897,Manchester City,Gainsborough Trinity,3,0,2,2,3,3,1
1897,Manchester United,Arsenal,5,1,2,2,6,4,1
1897,Manchester United,Gainsborough Trinity,1,0,2,2,1,1,1
1897,Manchester United,Lincoln City,5,0,2,2,5,5,1
1897,Manchester United,Manchester City,1,1,2,2,2,0,0
1897,Newcastle United,Arsenal,4,1,2,2,5,3,1
1897,Newcastle United,Burnley,0,1,2,2,1,-1,0
1897,Newcastle United,Manchester City,2,0,2,2,2,2,1
1897,Walsall,Arsenal,3,2,2,2,5,1,1
1897,Walsall,Gainsborough Trinity,3,0,2,2,3,3,1
1898,Aston Villa,Blackburn Rovers,3,1,1,1,4,2,1
1898,Aston Villa,Notts County,6,1,1,1,7,5,1
1898,Aston Villa,Sheffield Wednesday,3,1,1,1,4,2,1
1898,Bolton Wanderers,Burnley,2,0,1,1,2,2,1
1898,Bolton Wanderers,Nottingham Forest,0,2,1,1,2,-2,0
1898,Bolton Wanderers,Sunderland,6,1,1,1,7,5,1
1898,Bury,Derby County,0,0,1,1,0,0,0
1898,Bury,Preston North End,3,1,1,1,4,2,1
1898,Derby County,Everton,5,5,1,1,10,0,0
1898,Derby County,Nottingham Forest,2,0,1,1,2,2,1
1898,Derby County,Sheffield United,1,0,1,1,1,1,1
1898,Derby County,Sunderland,4,2,1,1,6,2,1
1898,Everton,Aston Villa,1,1,1,1,2,0,0
1898,Everton,Burnley,4,0,1,1,4,4,1
1898,Everton,Notts County,1,2,1,1,3,-1,0
1898,Everton,West Bromwich Albion,1,0,1,1,1,1,1
1898,Liverpool,Blackburn Rovers,2,0,1,1,2,2,1
1898,Liverpool,Bury,1,0,1,1,1,1,1
1898,Liverpool,Newcastle United,3,2,1,1,5,1,1
1898,Liverpool,Preston North End,3,1,1,1,4,2,1
1898,Liverpool,Stoke City,1,0,1,1,1,1,1
1898,Newcastle United,Nottingham Forest,0,1,1,1,1,-1,0
1898,Newcastle United,Sheffield United,1,2,1,1,3,-1,0
1898,Newcastle United,Sunderland,0,1,1,1,1,-1,0
1898,Nottingham Forest,Aston Villa,1,0,1,1,1,1,1
1898,Nottingham Forest,Burnley,0,1,1,1,1,-1,0
1898,Nottingham Forest,Notts County,0,0,1,1,0,0,0
1898,Nottingham Forest,West Bromwich Albion,3,0,1,1,3,3,1
1898,Preston North End,Bolton Wanderers,0,1,1,1,1,-1,0
1898,Preston North End,Newcastle United,1,0,1,1,1,1,1
1898,Preston North End,Sheffield United,1,0,1,1,1,1,1
1898,Preston North End,Sunderland,2,3,1,1,5,-1,0
1898,Sheffield United,Burnley,1,1,1,1,2,0,0
1898,Sheffield United,Nottingham Forest,2,2,1,1,4,0,0
1898,Sheffield United,Sheffield Wednesday,2,1,1,1,3,1,1
1898,Sheffield United,West Bromwich Albion,5,0,1,1,5,5,1
1898,Sheffield Wednesday,Blackburn Rovers,1,2,1,1,3,-1,0
1898,Sheffield Wednesday,Notts County,1,1,1,1,2,0,0
1898,Sheffield Wednesday,Stoke City,1,3,1,1,4,-2,0
1898,Stoke City,Bolton Wanderers,2,3,1,1,5,-1,0
1898,Stoke City,Newcastle United,0,0,1,1,0,0,0
1898,Stoke City,Preston North End,2,1,1,1,3,1,1
1898,Stoke City,Sunderland,1,0,1,1,1,1,1
1898,Sunderland,Aston Villa,4,2,1,1,6,2,1
1898,Sunderland,Burnley,0,1,1,1,1,-1,0
1898,Sunderland,Everton,2,1,1,1,3,1,1
1898,West Bromwich Albion,Blackburn Rovers,6,2,1,1,8,4,1
1898,West Bromwich Albion,Liverpool,0,1,1,1,1,-1,0
1898,West Bromwich Albion,Notts County,2,0,1,1,2,2,1
1898,Wolverhampton Wanderers,Derby County,2,2,1,1,4,0,0
1898,Wolverhampton Wanderers,Newcastle United,0,0,1,1,0,0,0
1898,Wolverhampton Wanderers,Preston North End,0,0,1,1,0,0,0
1898,Wolverhampton Wanderers,Stoke City,3,2,1,1,5,1,1
1898,Arsenal,Barnsley,3,0,2,2,3,3,1
1898,Arsenal,Burton Swifts,2,1,2,2,3,1,1
1898,Arsenal,Glossop North End,3,0,2,2,3,3,1
1898,Arsenal,Lincoln City,4,2,2,2,6,2,1
1898,Arsenal,Manchester City,0,1,2,2,1,-1,0
1898,Arsenal,Port Vale,1,0,2,2,1,1,1
1898,Barnsley,Birmingham City,7,2,2,2,9,5,1
1898,Barnsley,Darwen,6,0,2,2,6,6,1
1898,Barnsley,Grimsby Town,2,2,2,2,4,0,0
1898,Barnsley,Walsall,1,1,2,2,2,0,0
1898,Birmingham City,Blackpool,5,0,2,2,5,5,1
1898,Birmingham City,Gainsborough Trinity,6,1,2,2,7,5,1
1898,Birmingham City,Luton Town,9,0,2,2,9,9,1
1898,Blackpool,Arsenal,1,1,2,2,2,0,0
1898,Burton Swifts,Grimsby Town,1,2,2,2,3,-1,0
1898,Burton Swifts,Manchester United,5,1,2,2,6,4,1
1898,Burton Swifts,Walsall,0,2,2,2,2,-2,0
1898,Darwen,Birmingham City,1,1,2,2,2,0,0
1898,Darwen,Gainsborough Trinity,0,3,2,2,3,-3,0
1898,Darwen,Leicester City,3,0,2,2,3,3,1
1898,Darwen,Luton Town,4,1,2,2,5,3,1
1898,Darwen,New Brighton Tower,2,4,2,2,6,-2,0
1898,Gainsborough Trinity,Blackpool,7,0,2,2,7,7,1
1898,Glossop North End,Barnsley,1,0,2,2,1,1,1
1898,Glossop North End,Burton Swifts,5,0,2,2,5,5,1
1898,Glossop North End,Manchester United,1,2,2,2,3,-1,0
1898,Glossop North End,Walsall,2,0,2,2,2,2,1
1898,Grimsby Town,Luton Town,5,0,2,2,5,5,1
1898,Grimsby Town,New Brighton Tower,2,2,2,2,4,0,0
1898,Leicester City,Gainsborough Trinity,1,0,2,2,1,1,1
1898,Leicester City,Lincoln City,3,2,2,2,5,1,1
1898,Leicester City,Manchester City,1,1,2,2,2,0,0
1898,Leicester City,Port Vale,1,1,2,2,2,0,0
1898,Lincoln City,Barnsley,1,0,2,2,1,1,1
1898,Lincoln City,Burton Swifts,1,1,2,2,2,0,0
1898,Lincoln City,Glossop North End,2,2,2,2,4,0,0
1898,Lincoln City,Walsall,1,1,2,2,2,0,0
1898,Loughborough,Birmingham City,1,1,2,2,2,0,0
1898,Loughborough,Grimsby Town,1,3,2,2,4,-2,0
1898,Loughborough,New Brighton Tower,6,0,2,2,6,6,1
1898,Luton Town,Arsenal,0,1,2,2,1,-1,0
1898,Luton Town,Blackpool,3,2,2,2,5,1,1
1898,Luton Town,Gainsborough Trinity,4,2,2,2,6,2,1
1898,Luton Town,Manchester City,0,3,2,2,3,-3,0
1898,Luton Town,Port Vale,0,1,2,2,1,-1,0
1898,Manchester City,Barnsley,5,0,2,2,5,5,1
1898,Manchester City,Glossop North End,0,2,2,2,2,-2,0
1898,Manchester City,Walsall,2,0,2,2,2,2,1
1898,Manchester United,New Brighton Tower,1,2,2,2,3,-1,0
1898,New Brighton Tower,Arsenal,3,1,2,2,4,2,1
1898,New Brighton Tower,Leicester City,1,0,2,2,1,1,1
1898,New Brighton Tower,Luton Town,4,0,2,2,4,4,1
1898,New Brighton Tower,Port Vale,1,0,2,2,1,1,1
1898,Port Vale,Glossop North End,1,2,2,2,3,-1,0
1898,Port Vale,Walsall,0,1,2,2,1,-1,0
1898,Walsall,Birmingham City,2,0,2,2,2,2,1
1898,Walsall,Manchester United,2,0,2,2,2,2,1
1899,Aston Villa,Derby County,3,2,1,1,5,1,1
1899,Aston Villa,Nottingham Forest,2,2,1,1,4,0,0
1899,Aston Villa,Sheffield United,1,1,1,1,2,0,0
1899,Blackburn Rovers,Everton,3,1,1,1,4,2,1
1899,Blackburn Rovers,Wolverhampton Wanderers,2,1,1,1,3,1,1
1899,Burnley,Glossop North End,3,1,1,1,4,2,1
1899,Burnley,Newcastle United,1,3,1,1,4,-2,0
1899,Burnley,Preston North End,0,1,1,1,1,-1,0
1899,Burnley,Sunderland,3,1,1,1,4,2,1
1899,Bury,Aston Villa,2,0,1,1,2,2,1
1899,Derby County,Blackburn Rovers,0,2,1,1,2,-2,0
1899,Derby County,Everton,2,1,1,1,3,1,1
1899,Derby County,Notts County,0,1,1,1,1,-1,0
1899,Everton,Preston North End,1,0,1,1,1,1,1
1899,Glossop North End,Liverpool,1,2,1,1,3,-1,0
1899,Glossop North End,Sheffield United,2,2,1,1,4,0,0
1899,Glossop North End,West Bromwich Albion,1,1,1,1,2,0,0
1899,Liverpool,Blackburn Rovers,3,1,1,1,4,2,1
1899,Liverpool,Wolverhampton Wanderers,1,1,1,1,2,0,0
1899,Manchester City,Burnley,1,0,1,1,1,1,1
1899,Manchester City,Everton,1,2,1,1,3,-1,0
1899,Manchester City,Sunderland,2,1,1,1,3,1,1
1899,Newcastle United,Aston Villa,3,2,1,1,5,1,1
1899,Newcastle United,Glossop North End,1,0,1,1,1,1,1
1899,Nottingham Forest,Liverpool,1,0,1,1,1,1,1
1899,Nottingham Forest,Notts County,0,3,1,1,3,-3,0
1899,Nottingham Forest,Wolverhampton Wanderers,0,0,1,1,0,0,0
1899,Notts County,Burnley,6,1,1,1,7,5,1
1899,Notts County,Everton,2,2,1,1,4,0,0
1899,Preston North End,Bury,1,0,1,1,1,1,1
1899,Preston North End,Glossop North End,1,0,1,1,1,1,1
1899,Sheffield United,Blackburn Rovers,3,0,1,1,3,3,1
1899,Sheffield United,Derby County,1,1,1,1,2,0,0
1899,Sheffield United,Stoke City,1,0,1,1,1,1,1
1899,Stoke City,Burnley,3,0,1,1,3,3,1
1899,Stoke City,Everton,1,1,1,1,2,0,0
1899,Stoke City,Manchester City,1,0,1,1,1,1,1
1899,Stoke City,Sunderland,1,2,1,1,3,-1,0
1899,Sunderland,Glossop North End,0,0,1,1,0,0,0
1899,Sunderland,Newcastle United,1,2,1,1,3,-1,0
1899,Sunderland,Preston North End,1,0,1,1,1,1,1
1899,Sunderland,West Bromwich Albion,3,1,1,1,4,2,1
1899,West Bromwich Albion,Derby County,0,0,1,1,0,0,0
1899,West Bromwich Albion,Liverpool,2,0,1,1,2,2,1
1899,West Bromwich Albion,Wolverhampton Wanderers,3,2,1,1,5,1,1
1899,Wolverhampton Wanderers,Burnley,3,0,1,1,3,3,1
1899,Wolverhampton Wanderers,Stoke City,0,2,1,1,2,-2,0
1899,Arsenal,Barnsley,5,1,2,2,6,4,1
1899,Arsenal,Burton Swifts,1,1,2,2,2,0,0
1899,Arsenal,Loughborough,12,0,2,2,12,12,1
1899,Arsenal,Middlesbrough,3,0,2,2,3,3,1
1899,Barnsley,Birmingham City,1,1,2,2,2,0,0
1899,Barnsley,Chesterfield,0,0,2,2,0,0,0
1899,Barnsley,New Brighton Tower,1,1,2,2,2,0,0
1899,Barnsley,Walsall,2,2,2,2,4,0,0
1899,Birmingham City,Lincoln City,5,0,2,2,5,5,1
1899,Birmingham City,Manchester United,1,0,2,2,1,1,1
1899,Birmingham City,Port Vale,2,1,2,2,3,1,1
1899,Bolton Wanderers,Loughborough,7,0,2,2,7,7,1
1899,Bolton Wanderers,Middlesbrough,3,0,2,2,3,3,1
1899,Burton Swifts,Chesterfield,2,1,2,2,3,1,1
1899,Burton Swifts,Leicester City,2,0,2,2,2,2,1
1899,Burton Swifts,Luton Town,3,1,2,2,4,2,1
1899,Burton Swifts,Walsall,2,1,2,2,3,1,1
1899,Chesterfield,Gainsborough Trinity,3,1,2,2,4,2,1
1899,Chesterfield,Manchester United,2,1,2,2,3,1,1
1899,Chesterfield,Port Vale,0,4,2,2,4,-4,0
1899,Gainsborough Trinity,Arsenal,1,1,2,2,2,0,0
1899,Gainsborough Trinity,Loughborough,4,2,2,2,6,2,1
1899,Grimsby Town,Burton Swifts,6,0,2,2,6,6,1
1899,Grimsby Town,Leicester City,6,1,2,2,7,5,1
1899,Grimsby Town,Walsall,4,2,2,2,6,2,1
1899,Leicester City,Chesterfield,2,2,2,2,4,0,0
1899,Leicester City,Manchester United,2,0,2,2,2,2,1
1899,Lincoln City,Gainsborough Trinity,2,1,2,2,3,1,1
1899,Lincoln City,Middlesbrough,3,0,2,2,3,3,1
1899,Lincoln City,Sheffield Wednesday,1,2,2,2,3,-1,0
1899,Loughborough,Barnsley,0,0,2,2,0,0,0
1899,Loughborough,Burton Swifts,2,1,2,2,3,1,1
1899,Loughborough,Grimsby Town,0,0,2,2,0,0,0
1899,Loughborough,New Brighton Tower,1,2,2,2,3,-1,0
1899,Loughborough,Walsall,0,0,2,2,0,0,0
1899,Luton Town,Birmingham City,1,2,2,2,3,-1,0
1899,Luton Town,Leicester City,0,0,2,2,0,0,0
1899,Manchester United,Middlesbrough,2,1,2,2,3,1,1
1899,Manchester United,Sheffield Wednesday,1,0,2,2,1,1,1
1899,Middlesbrough,Barnsley,3,0,2,2,3,3,1
1899,Middlesbrough,Burton Swifts,8,1,2,2,9,7,1
1899,Middlesbrough,Walsall,1,1,2,2,2,0,0
1899,New Brighton Tower,Birmingham City,2,2,2,2,4,0,0
1899,New Brighton Tower,Leicester City,2,2,2,2,4,0,0
1899,Port Vale,Arsenal,1,1,2,2,2,0,0
1899,Port Vale,Manchester United,1,0,2,2,1,1,1
1899,Port Vale,Sheffield Wednesday,0,3,2,2,3,-3,0
1899,Sheffield Wednesday,Burton Swifts,6,0,2,2,6,6,1
1899,Sheffield Wednesday,Grimsby Town,2,1,2,2,3,1,1
1899,Sheffield Wednesday,Middlesbrough,3,0,2,2,3,3,1
1899,Walsall,Leicester City,1,2,2,2,3,-1,0
1900,Aston Villa,Manchester City,7,1,1,1,8,6,1
1900,Aston Villa,West Bromwich Albion,0,1,1,1,1,-1,0
1900,Blackburn Rovers,Bolton Wanderers,2,0,1,1,2,2,1
1900,Blackburn Rovers,Everton,2,1,1,1,3,1,1
1900,Blackburn Rovers,Preston North End,3,1,1,1,4,2,1
1900,Blackburn Rovers,Wolverhampton Wanderers,2,0,1,1,2,2,1
1900,Bolton Wanderers,Liverpool,1,0,1,1,1,1,1
1900,Bolton Wanderers,Nottingham Forest,4,2,1,1,6,2,1
1900,Bury,Aston Villa,3,1,1,1,4,2,1
1900,Bury,Derby County,2,1,1,1,3,1,1
1900,Bury,Manchester City,4,0,1,1,4,4,1
1900,Bury,West Bromwich Albion,6,1,1,1,7,5,1
1900,Derby County,Blackburn Rovers,4,0,1,1,4,4,1
1900,Derby County,Everton,0,1,1,1,1,-1,0
1900,Derby County,Stoke City,4,1,1,1,5,3,1
1900,Derby County,Wolverhampton Wanderers,4,5,1,1,9,-1,0
1900,Everton,Nottingham Forest,4,1,1,1,5,3,1
1900,Manchester City,Blackburn Rovers,1,3,1,1,4,-2,0
1900,Manchester City,Derby County,2,0,1,1,2,2,1
1900,Manchester City,Preston North End,3,1,1,1,4,2,1
1900,Newcastle United,Sheffield United,3,0,1,1,3,3,1
1900,Nottingham Forest,Aston Villa,3,1,1,1,4,2,1
1900,Nottingham Forest,Liverpool,0,0,1,1,0,0,0
1900,Nottingham Forest,Sheffield Wednesday,1,0,1,1,1,1,1
1900,Nottingham Forest,West Bromwich Albion,2,3,1,1,5,-1,0
1900,Notts County,Blackburn Rovers,2,1,1,1,3,1,1
1900,Notts County,Preston North End,6,1,1,1,7,5,1
1900,Notts County,Stoke City,2,4,1,1,6,-2,0
1900,Preston North End,Bolton Wanderers,1,3,1,1,4,-2,0
1900,Preston North End,Sheffield United,3,1,1,1,4,2,1
1900,Sheffield United,Aston Villa,2,2,1,1,4,0,0
1900,Sheffield United,Liverpool,0,2,1,1,2,-2,0
1900,Sheffield United,West Bromwich Albion,1,1,1,1,2,0,0
1900,Sheffield Wednesday,Derby County,2,1,1,1,3,1,1
1900,Sheffield Wednesday,Notts County,4,1,1,1,5,3,1
1900,Stoke City,Bolton Wanderers,2,1,1,1,3,1,1
1900,Stoke City,Newcastle United,2,0,1,1,2,2,1
1900,Stoke City,Preston North End,5,0,1,1,5,5,1
1900,Stoke City,Sunderland,0,0,1,1,0,0,0
1900,Sunderland,Bury,4,1,1,1,5,3,1
1900,West Bromwich Albion,Blackburn Rovers,1,1,1,1,2,0,0
1900,West Bromwich Albion,Derby County,1,1,1,1,2,0,0
1900,West Bromwich Albion,Notts County,1,0,1,1,1,1,1
1900,West Bromwich Albion,Sheffield Wednesday,1,1,1,1,2,0,0
1900,Wolverhampton Wanderers,Everton,1,1,1,1,2,0,0
1900,Wolverhampton Wanderers,Newcastle United,1,0,1,1,1,1,1
1900,Wolverhampton Wanderers,Stoke City,0,2,1,1,2,-2,0
1900,Arsenal,Barnsley,1,2,2,2,3,-1,0
1900,Arsenal,Middlesbrough,1,0,2,2,1,1,1
1900,Arsenal,Stockport County,2,0,2,2,2,2,1
1900,Barnsley,Burton Swifts,3,2,2,2,5,1,1
1900,Barnsley,Glossop North End,2,2,2,2,4,0,0
1900,Barnsley,Walsall,2,1,2,2,3,1,1
1900,Birmingham City,Blackpool,10,1,2,2,11,9,1
1900,Birmingham City,Manchester United,1,0,2,2,1,1,1
1900,Birmingham City,Port Vale,2,1,2,2,3,1,1
1900,Blackpool,Arsenal,1,1,2,2,2,0,0
1900,Blackpool,Burnley,0,1,2,2,1,-1,0
1900,Blackpool,Leicester City,1,0,2,2,1,1,1
1900,Burton Swifts,Chesterfield,0,4,2,2,4,-4,0
1900,Burton Swifts,Grimsby Town,1,2,2,2,3,-1,0
1900,Burton Swifts,Manchester United,3,1,2,2,4,2,1
1900,Burton Swifts,Port Vale,0,2,2,2,2,-2,0
1900,Chesterfield,Blackpool,2,0,2,2,2,2,1
1900,Chesterfield,Stockport County,4,2,2,2,6,2,1
1900,Gainsborough Trinity,Glossop North End,1,1,2,2,2,0,0
1900,Gainsborough Trinity,Lincoln City,1,1,2,2,2,0,0
1900,Gainsborough Trinity,New Brighton Tower,4,1,2,2,5,3,1
1900,Glossop North End,Birmingham City,2,0,2,2,2,2,1
1900,Glossop North End,Manchester United,1,0,2,2,1,1,1
1900,Grimsby Town,Blackpool,2,0,2,2,2,2,1
1900,Grimsby Town,Stockport County,5,1,2,2,6,4,1
1900,Leicester City,Barnsley,2,0,2,2,2,2,1
1900,Leicester City,Burnley,1,1,2,2,2,0,0
1900,Leicester City,Lincoln City,0,2,2,2,2,-2,0
1900,Lincoln City,Birmingham City,3,1,2,2,4,2,1
1900,Lincoln City,Burton Swifts,2,1,2,2,3,1,1
1900,Lincoln City,Glossop North End,1,1,2,2,2,0,0
1900,Manchester United,Arsenal,1,0,2,2,1,1,1
1900,Manchester United,Chesterfield,1,0,2,2,1,1,1
1900,Manchester United,Grimsby Town,1,0,2,2,1,1,1
1900,Manchester United,Middlesbrough,4,0,2,2,4,4,1
1900,Manchester United,Stockport County,3,1,2,2,4,2,1
1900,Middlesbrough,Gainsborough Trinity,9,2,2,2,11,7,1
1900,Middlesbrough,New Brighton Tower,2,1,2,2,3,1,1
1900,New Brighton Tower,Birmingham City,0,0,2,2,0,0,0
1900,New Brighton Tower,Glossop North End,1,0,2,2,1,1,1
1900,Port Vale,Blackpool,4,0,2,2,4,4,1
1900,Port Vale,Chesterfield,5,1,2,2,6,4,1
1900,Port Vale,Stockport County,0,1,2,2,1,-1,0
1900,Stockport County,Burnley,3,2,2,2,5,1,1
1900,Stockport County,Leicester City,3,1,2,2,4,2,1
1900,Stockport County,Middlesbrough,0,1,2,2,1,-1,0
1900,Stockport County,Walsall,4,1,2,2,5,3,1
1900,Walsall,Birmingham City,2,2,2,2,4,0,0
1900,Walsall,Lincoln City,3,0,2,2,3,3,1
1900,Walsall,New Brighton Tower,3,3,2,2,6,0,0
1901,Aston Villa,Birmingham City,1,0,1,1,1,1,1
1901,Aston Villa,Bury,2,0,1,1,2,2,1
1901,Aston Villa,Sheffield United,1,2,1,1,3,-1,0
1901,Aston Villa,Sunderland,0,1,1,1,1,-1,0
1901,Birmingham City,Liverpool,0,0,1,1,0,0,0
1901,Birmingham City,Nottingham Forest,1,1,1,1,2,0,0
1901,Blackburn Rovers,Everton,3,1,1,1,4,2,1
1901,Blackburn Rovers,Notts County,4,2,1,1,6,2,1
1901,Bolton Wanderers,Bury,2,2,1,1,4,0,0
1901,Bolton Wanderers,Newcastle United,3,1,1,1,4,2,1
1901,Bolton Wanderers,Sunderland,0,0,1,1,0,0,0
1901,Bury,Derby County,2,0,1,1,2,2,1
1901,Bury,Liverpool,0,0,1,1,0,0,0
1901,Bury,Nottingham Forest,1,1,1,1,2,0,0
1901,Bury,Sheffield Wednesday,2,0,1,1,2,2,1
1901,Bury,Wolverhampton Wanderers,2,1,1,1,3,1,1
1901,Derby County,Notts County,2,0,1,1,2,2,1
1901,Derby County,Stoke City,1,0,1,1,1,1,1
1901,Everton,Bolton Wanderers,1,0,1,1,1,1,1
1901,Everton,Grimsby Town,0,1,1,1,1,-1,0
1901,Everton,Sheffield United,2,1,1,1,3,1,1
1901,Grimsby Town,Liverpool,1,1,1,1,2,0,0
1901,Grimsby Town,Nottingham Forest,1,0,1,1,1,1,1
1901,Liverpool,Blackburn Rovers,1,0,1,1,1,1,1
1901,Liverpool,Stoke City,7,0,1,1,7,7,1
1901,Manchester City,Everton,2,0,1,1,2,2,1
1901,Manchester City,Newcastle United,2,0,1,1,2,2,1
1901,Manchester City,Sheffield United,4,0,1,1,4,4,1
1901,Newcastle United,Nottingham Forest,3,0,1,1,3,3,1
1901,Newcastle United,Wolverhampton Wanderers,3,1,1,1,4,2,1
1901,Nottingham Forest,Blackburn Rovers,3,0,1,1,3,3,1
1901,Nottingham Forest,Derby County,3,1,1,1,4,2,1
1901,Nottingham Forest,Liverpool,1,1,1,1,2,0,0
1901,Nottingham Forest,Stoke City,2,0,1,1,2,2,1
1901,Notts County,Bolton Wanderers,2,1,1,1,3,1,1
1901,Notts County,Manchester City,2,0,1,1,2,2,1
1901,Notts County,Sheffield United,4,0,1,1,4,4,1
1901,Sheffield United,Grimsby Town,2,2,1,1,4,0,0
1901,Sheffield Wednesday,Blackburn Rovers,0,1,1,1,1,-1,0
1901,Sheffield Wednesday,Nottingham Forest,0,2,1,1,2,-2,0
1901,Stoke City,Aston Villa,1,0,1,1,1,1,1
1901,Stoke City,Bolton Wanderers,4,0,1,1,4,4,1
1901,Stoke City,Everton,1,2,1,1,3,-1,0
1901,Stoke City,Notts County,3,0,1,1,3,3,1
1901,Sunderland,Birmingham City,1,1,1,1,2,0,0
1901,Sunderland,Bury,3,0,1,1,3,3,1
1901,Sunderland,Newcastle United,0,0,1,1,0,0,0
1901,Sunderland,Wolverhampton Wanderers,2,0,1,1,2,2,1
1901,Wolverhampton Wanderers,Derby County,0,0,1,1,0,0,0
1901,Wolverhampton Wanderers,Liverpool,3,1,1,1,4,2,1
1901,Wolverhampton Wanderers,Nottingham Forest,2,0,1,1,2,2,1
1901,Arsenal,Doncaster Rovers,1,0,2,2,1,1,1
1901,Arsenal,Leicester City,2,0,2,2,2,2,1
1901,Barnsley,Gainsborough Trinity,2,0,2,2,2,2,1
1901,Blackpool,Bristol City,0,2,2,2,2,-2,0
1901,Blackpool,Chesterfield,0,0,2,2,0,0,0
1901,Blackpool,Glossop North End,1,1,2,2,2,0,0
1901,Blackpool,Preston North End,1,4,2,2,5,-3,0
1901,Bristol City,Burnley,1,0,2,2,1,1,1
1901,Bristol City,Leicester City,2,1,2,2,3,1,1
1901,Bristol City,Middlesbrough,1,0,2,2,1,1,1
1901,Burnley,Barnsley,2,0,2,2,2,2,1
1901,Burnley,Gainsborough Trinity,6,0,2,2,6,6,1
1901,Burnley,Lincoln City,1,0,2,2,1,1,1
1901,Burton United,Blackpool,1,1,2,2,2,0,0
1901,Burton United,Glossop North End,1,1,2,2,2,0,0
1901,Chesterfield,Arsenal,1,3,2,2,4,-2,0
1901,Chesterfield,Doncaster Rovers,0,0,2,2,0,0,0
1901,Chesterfield,Middlesbrough,0,0,2,2,0,0,0
1901,Doncaster Rovers,Barnsley,0,1,2,2,1,-1,0
1901,Doncaster Rovers,Gainsborough Trinity,3,0,2,2,3,3,1
1901,Doncaster Rovers,Port Vale,3,3,2,2,6,0,0
1901,Gainsborough Trinity,Blackpool,3,0,2,2,3,3,1
1901,Gainsborough Trinity,Burton United,1,4,2,2,5,-3,0
1901,Gainsborough Trinity,Manchester United,1,1,2,2,2,0,0
1901,Gainsborough Trinity,Preston North End,0,1,2,2,1,-1,0
1901,Glossop North End,Arsenal,0,1,2,2,1,-1,0
1901,Glossop North End,Bristol City,1,2,2,2,3,-1,0
1901,Glossop North End,Chesterfield,3,1,2,2,4,2,1
1901,Leicester City,Barnsley,2,0,2,2,2,2,1
1901,Leicester City,Burnley,2,1,2,2,3,1,1
1901,Leicester City,West Bromwich Albion,0,3,2,2,3,-3,0
1901,Lincoln City,Burton United,0,0,2,2,0,0,0
1901,Lincoln City,Gainsborough Trinity,3,0,2,2,3,3,1
1901,Lincoln City,Manchester United,2,0,2,2,2,2,1
1901,Lincoln City,Preston North End,2,1,2,2,3,1,1
1901,Manchester United,Bristol City,1,0,2,2,1,1,1
1901,Manchester United,Glossop North End,1,0,2,2,1,1,1
1901,Manchester United,Middlesbrough,1,2,2,2,3,-1,0
1901,Manchester United,Stockport County,3,3,2,2,6,0,0
1901,Middlesbrough,Burnley,3,0,2,2,3,3,1
1901,Middlesbrough,Leicester City,5,0,2,2,5,5,1
1901,Port Vale,Blackpool,0,1,2,2,1,-1,0
1901,Port Vale,Gainsborough Trinity,1,1,2,2,2,0,0
1901,Port Vale,Lincoln City,1,2,2,2,3,-1,0
1901,Preston North End,Arsenal,2,0,2,2,2,2,1
1901,Preston North End,Glossop North End,2,2,2,2,4,0,0
1901,Preston North End,Manchester United,5,1,2,2,6,4,1
1901,Preston North End,Stockport County,4,0,2,2,4,4,1
1901,Stockport County,Burnley,1,2,2,2,3,-1,0
1901,West Bromwich Albion,Blackpool,7,2,2,2,9,5,1
1901,West Bromwich Albion,Gainsborough Trinity,7,0,2,2,7,7,1
1901,West Bromwich Albion,Port Vale,3,1,2,2,4,2,1
1902,Aston Villa,Liverpool,1,2,1,1,3,-1,0
1902,Aston Villa,Nottingham Forest,3,1,1,1,4,2,1
1902,Aston Villa,Sheffield Wednesday,1,0,1,1,1,1,1
1902,Blackburn Rovers,Bolton Wanderers,4,2,1,1,6,2,1
1902,Blackburn Rovers,Middlesbrough,0,1,1,1,1,-1,0
1902,Blackburn Rovers,Wolverhampton Wanderers,1,0,1,1,1,1,1
1902,Bolton Wanderers,Newcastle United,0,2,1,1,2,-2,0
1902,Bury,Aston Villa,0,1,1,1,1,-1,0
1902,Bury,Derby County,1,0,1,1,1,1,1
1902,Bury,Nottingham Forest,3,1,1,1,4,2,1
1902,Derby County,Blackburn Rovers,1,0,1,1,1,1,1
1902,Derby County,Stoke City,2,0,1,1,2,2,1
1902,Derby County,Wolverhampton Wanderers,3,1,1,1,4,2,1
1902,Everton,Bolton Wanderers,3,1,1,1,4,2,1
1902,Everton,Grimsby Town,4,2,1,1,6,2,1
1902,Everton,Newcastle United,0,1,1,1,1,-1,0
1902,Everton,Sheffield United,1,0,1,1,1,1,1
1902,Grimsby Town,Aston Villa,0,2,1,1,2,-2,0
1902,Grimsby Town,Liverpool,3,1,1,1,4,2,1
1902,Grimsby Town,Sheffield Wednesday,0,1,1,1,1,-1,0
1902,Liverpool,Middlesbrough,5,0,1,1,5,5,1
1902,Liverpool,Wolverhampton Wanderers,4,1,1,1,5,3,1
1902,Middlesbrough,Sunderland,0,1,1,1,1,-1,0
1902,Newcastle United,Grimsby Town,1,0,1,1,1,1,1
1902,Newcastle United,Sheffield Wednesday,3,0,1,1,3,3,1
1902,Nottingham Forest,Derby County,2,3,1,1,5,-1,0
1902,Nottingham Forest,Notts County,0,0,1,1,0,0,0
1902,Nottingham Forest,Wolverhampton Wanderers,2,0,1,1,2,2,1
1902,Notts County,Everton,2,0,1,1,2,2,1
1902,Notts County,Middlesbrough,2,0,1,1,2,2,1
1902,Notts County,Sheffield United,1,1,1,1,2,0,0
1902,Sheffield United,Grimsby Town,3,0,1,1,3,3,1
1902,Sheffield United,Newcastle United,2,1,1,1,3,1,1
1902,Sheffield United,West Bromwich Albion,1,2,1,1,3,-1,0
1902,Sheffield Wednesday,Blackburn Rovers,0,0,1,1,0,0,0
1902,Sheffield Wednesday,Stoke City,1,0,1,1,1,1,1
1902,Sheffield Wednesday,Wolverhampton Wanderers,1,1,1,1,2,0,0
1902,Stoke City,Bolton Wanderers,2,0,1,1,2,2,1
1902,Stoke City,Everton,2,0,1,1,2,2,1
1902,Stoke City,Notts County,0,2,1,1,2,-2,0
1902,Sunderland,Aston Villa,1,0,1,1,1,1,1
1902,Sunderland,Grimsby Town,5,1,1,1,6,4,1
1902,Sunderland,Newcastle United,0,0,1,1,0,0,0
1902,Sunderland,Sheffield United,0,0,1,1,0,0,0
1902,Sunderland,West Bromwich Albion,0,0,1,1,0,0,0
1902,West Bromwich Albion,Nottingham Forest,2,0,1,1,2,2,1
1902,West Bromwich Albion,Wolverhampton Wanderers,2,2,1,1,4,0,0
1902,Wolverhampton Wanderers,Bolton Wanderers,3,1,1,1,4,2,1
1902,Arsenal,Chesterfield,3,0,2,2,3,3,1
1902,Arsenal,Glossop North End,0,0,2,2,0,0,0
1902,Arsenal,Preston North End,3,1,2,2,4,2,1
1902,Barnsley,Birmingham City,3,0,2,2,3,3,1
1902,Barnsley,Burnley,3,0,2,2,3,3,1
1902,Barnsley,Doncaster Rovers,2,0,2,2,2,2,1
1902,Birmingham City,Blackpool,5,1,2,2,6,4,1
1902,Birmingham City,Lincoln City,3,1,2,2,4,2,1
1902,Blackpool,Arsenal,0,0,2,2,0,0,0
1902,Blackpool,Bristol City,0,1,2,2,1,-1,0
1902,Blackpool,Chesterfield,2,1,2,2,3,1,1
1902,Blackpool,Manchester City,0,3,2,2,3,-3,0
1902,Blackpool,Preston North End,2,2,2,2,4,0,0
1902,Bristol City,Barnsley,3,3,2,2,6,0,0
1902,Bristol City,Burnley,3,0,2,2,3,3,1
1902,Bristol City,Manchester United,3,1,2,2,4,2,1
1902,Burnley,Burton United,4,1,2,2,5,3,1
1902,Burnley,Gainsborough Trinity,3,2,2,2,5,1,1
1902,Burnley,Port Vale,3,3,2,2,6,0,0
1902,Burton United,Arsenal,2,1,2,2,3,1,1
1902,Burton United,Chesterfield,1,0,2,2,1,1,1
1902,Burton United,Manchester City,0,5,2,2,5,-5,0
1902,Burton United,Preston North End,2,1,2,2,3,1,1
1902,Chesterfield,Barnsley,3,0,2,2,3,3,1
1902,Chesterfield,Doncaster Rovers,1,1,2,2,2,0,0
1902,Chesterfield,Leicester City,5,0,2,2,5,5,1
1902,Chesterfield,Manchester United,2,0,2,2,2,2,1
1902,Chesterfield,Stockport County,4,1,2,2,5,3,1
1902,Doncaster Rovers,Birmingham City,1,0,2,2,1,1,1
1902,Doncaster Rovers,Burnley,2,1,2,2,3,1,1
1902,Doncaster Rovers,Lincoln City,2,1,2,2,3,1,1
1902,Gainsborough Trinity,Glossop North End,1,1,2,2,2,0,0
1902,Gainsborough Trinity,Preston North End,1,0,2,2,1,1,1
1902,Glossop North End,Barnsley,2,2,2,2,4,0,0
1902,Glossop North End,Bristol City,0,2,2,2,2,-2,0
1902,Glossop North End,Leicester City,1,2,2,2,3,-1,0
1902,Glossop North End,Stockport County,3,0,2,2,3,3,1
1902,Leicester City,Port Vale,2,0,2,2,2,2,1
1902,Lincoln City,Gainsborough Trinity,1,0,2,2,1,1,1
1902,Lincoln City,Manchester City,1,0,2,2,1,1,1
1902,Lincoln City,Preston North End,2,3,2,2,5,-1,0
1902,Manchester City,Barnsley,3,2,2,2,5,1,1
1902,Manchester City,Glossop North End,5,2,2,2,7,3,1
1902,Manchester City,Manchester United,0,2,2,2,2,-2,0
1902,Manchester City,Stockport County,5,0,2,2,5,5,1
1902,Manchester United,Leicester City,5,1,2,2,6,4,1
1902,Port Vale,Arsenal,1,1,2,2,2,0,0
1902,Port Vale,Lincoln City,5,1,2,2,6,4,1
1902,Preston North End,Barnsley,3,0,2,2,3,3,1
1902,Preston North End,Glossop North End,0,0,2,2,0,0,0
1902,Stockport County,Birmingham City,1,2,2,2,3,-1,0
1902,Stockport County,Doncaster Rovers,1,0,2,2,1,1,1
1903,Aston Villa,Manchester City,0,1,1,1,1,-1,0
1903,Aston Villa,Nottingham Forest,3,1,1,1,4,2,1
1903,Aston Villa,Sheffield Wednesday,2,1,1,1,3,1,1
1903,Birmingham City,Everton,1,1,1,1,2,0,0
1903,Birmingham City,Middlesbrough,2,2,1,1,4,0,0
1903,Birmingham City,Notts County,2,0,1,1,2,2,1
1903,Birmingham City,Stoke City,1,0,1,1,1,1,1
1903,Blackburn Rovers,Bury,2,2,1,1,4,0,0
1903,Blackburn Rovers,Newcastle United,4,0,1,1,4,4,1
1903,Blackburn Rovers,Sheffield United,3,0,1,1,3,3,1
1903,Blackburn Rovers,Sunderland,1,3,1,1,4,-2,0
1903,Bury,Derby County,2,2,1,1,4,0,0
1903,Derby County,Everton,0,1,1,1,1,-1,0
1903,Derby County,Middlesbrough,2,2,1,1,4,0,0
1903,Derby County,Notts County,0,1,1,1,1,-1,0
1903,Everton,Sheffield United,2,0,1,1,2,2,1
1903,Liverpool,Bury,3,0,1,1,3,3,1
1903,Liverpool,Manchester City,2,2,1,1,4,0,0
1903,Manchester City,Birmingham City,4,0,1,1,4,4,1
1903,Manchester City,Middlesbrough,1,1,1,1,2,0,0
1903,Manchester City,Notts County,3,0,1,1,3,3,1
1903,Manchester City,Stoke City,2,2,1,1,4,0,0
1903,Middlesbrough,Blackburn Rovers,0,2,1,1,2,-2,0
1903,Middlesbrough,Sheffield United,4,1,1,1,5,3,1
1903,Middlesbrough,Sunderland,2,3,1,1,5,-1,0
1903,Newcastle United,Bury,3,2,1,1,5,1,1
1903,Newcastle United,Nottingham Forest,3,1,1,1,4,2,1
1903,Newcastle United,Sheffield Wednesday,4,0,1,1,4,4,1
1903,Nottingham Forest,Birmingham City,0,1,1,1,1,-1,0
1903,Nottingham Forest,Manchester City,0,3,1,1,3,-3,0
1903,Nottingham Forest,Stoke City,4,2,1,1,6,2,1
1903,Nottingham Forest,Wolverhampton Wanderers,5,0,1,1,5,5,1
1903,Notts County,Blackburn Rovers,4,2,1,1,6,2,1
1903,Notts County,Everton,0,3,1,1,3,-3,0
1903,Notts County,Sheffield United,2,1,1,1,3,1,1
1903,Sheffield United,Aston Villa,1,2,1,1,3,-1,0
1903,Sheffield United,Newcastle United,2,2,1,1,4,0,0
1903,Sheffield Wednesday,Birmingham City,3,2,1,1,5,1,1
1903,Sheffield Wednesday,Derby County,1,0,1,1,1,1,1
1903,Sheffield Wednesday,Wolverhampton Wanderers,4,0,1,1,4,4,1
1903,Stoke City,Blackburn Rovers,6,2,1,1,8,4,1
1903,Sunderland,Aston Villa,6,1,1,1,7,5,1
1903,Sunderland,West Bromwich Albion,1,1,1,1,2,0,0
1903,Wolverhampton Wanderers,Middlesbrough,2,2,1,1,4,0,0
1903,Wolverhampton Wanderers,Notts County,1,1,1,1,2,0,0
1903,Arsenal,Barnsley,3,0,2,2,3,3,1
1903,Arsenal,Burton United,8,0,2,2,8,8,1
1903,Arsenal,Glossop North End,2,1,2,2,3,1,1
1903,Arsenal,Lincoln City,4,0,2,2,4,4,1
1903,Arsenal,Preston North End,0,0,2,2,0,0,0
1903,Barnsley,Bristol City,2,0,2,2,2,2,1
1903,Barnsley,Chesterfield,0,0,2,2,0,0,0
1903,Barnsley,Stockport County,0,0,2,2,0,0,0
1903,Blackpool,Bolton Wanderers,1,4,2,2,5,-3,0
1903,Blackpool,Burnley,0,5,2,2,5,-5,0
1903,Blackpool,Gainsborough Trinity,2,1,2,2,3,1,1
1903,Bolton Wanderers,Arsenal,2,1,2,2,3,1,1
1903,Bolton Wanderers,Bradford City,1,0,2,2,1,1,1
1903,Bolton Wanderers,Burton United,3,0,2,2,3,3,1
1903,Bolton Wanderers,Glossop North End,0,1,2,2,1,-1,0
1903,Bradford City,Barnsley,3,1,2,2,4,2,1
1903,Bradford City,Bristol City,1,0,2,2,1,1,1
1903,Bradford City,Manchester United,3,3,2,2,6,0,0
1903,Bradford City,Stockport County,0,0,2,2,0,0,0
1903,Bristol City,Burnley,6,0,2,2,6,6,1
1903,Bristol City,Gainsborough Trinity,2,1,2,2,3,1,1
1903,Bristol City,Port Vale,2,1,2,2,3,1,1
1903,Burnley,Bolton Wanderers,0,0,2,2,0,0,0
1903,Burton United,Bradford City,0,2,2,2,2,-2,0
1903,Burton United,Chesterfield,4,0,2,2,4,4,1
1903,Burton United,Grimsby Town,1,0,2,2,1,1,1
1903,Burton United,Manchester United,2,2,2,2,4,0,0
1903,Burton United,Stockport County,7,0,2,2,7,7,1
1903,Chesterfield,Blackpool,2,1,2,2,3,1,1
1903,Chesterfield,Bristol City,1,0,2,2,1,1,1
1903,Chesterfield,Port Vale,1,1,2,2,2,0,0
1903,Gainsborough Trinity,Burnley,1,2,2,2,3,-1,0
1903,Gainsborough Trinity,Glossop North End,0,1,2,2,1,-1,0
1903,Glossop North End,Stockport County,5,1,2,2,6,4,1
1903,Grimsby Town,Port Vale,3,1,2,2,4,2,1
1903,Leicester City,Arsenal,0,0,2,2,0,0,0
1903,Leicester City,Burnley,0,0,2,2,0,0,0
1903,Leicester City,Gainsborough Trinity,2,2,2,2,4,0,0
1903,Lincoln City,Barnsley,0,0,2,2,0,0,0
1903,Lincoln City,Burton United,1,0,2,2,1,1,1
1903,Lincoln City,Manchester United,0,0,2,2,0,0,0
1903,Manchester United,Blackpool,3,1,2,2,4,2,1
1903,Manchester United,Bristol City,2,2,2,2,4,0,0
1903,Manchester United,Chesterfield,3,1,2,2,4,2,1
1903,Manchester United,Grimsby Town,2,0,2,2,2,2,1
1903,Port Vale,Bolton Wanderers,2,3,2,2,5,-1,0
1903,Port Vale,Burnley,2,2,2,2,4,0,0
1903,Port Vale,Preston North End,0,1,2,2,1,-1,0
1903,Preston North End,Burton United,4,0,2,2,4,4,1
1903,Preston North End,Glossop North End,3,0,2,2,3,3,1
1903,Preston North End,Lincoln City,2,1,2,2,3,1,1
1903,Stockport County,Bristol City,1,1,2,2,2,0,0
1903,Stockport County,Chesterfield,2,0,2,2,2,2,1
1903,Stockport County,Grimsby Town,1,1,2,2,2,0,0
1904,Arsenal,Manchester City,1,0,1,1,1,1,1
1904,Arsenal,Nottingham Forest,0,3,1,1,3,-3,0
1904,Arsenal,Sheffield United,1,0,1,1,1,1,1
1904,Arsenal,Sunderland,0,0,1,1,0,0,0
1904,Aston Villa,Middlesbrough,0,0,1,1,0,0,0
1904,Aston Villa,Notts County,4,2,1,1,6,2,1
1904,Aston Villa,Wolverhampton Wanderers,3,0,1,1,3,3,1
1904,Birmingham City,Everton,1,2,1,1,3,-1,0
1904,Birmingham City,Newcastle United,2,1,1,1,3,1,1
1904,Blackburn Rovers,Nottingham Forest,0,0,1,1,0,0,0
1904,Blackburn Rovers,Sheffield United,2,4,1,1,6,-2,0
1904,Bury,Aston Villa,2,3,1,1,5,-1,0
1904,Bury,Derby County,2,0,1,1,2,2,1
1904,Bury,Middlesbrough,1,0,1,1,1,1,1
1904,Bury,Notts County,2,0,1,1,2,2,1
1904,Derby County,Birmingham City,3,0,1,1,3,3,1
1904,Derby County,Stoke City,3,0,1,1,3,3,1
1904,Everton,Arsenal,1,0,1,1,1,1,1
1904,Everton,Blackburn Rovers,1,0,1,1,1,1,1
1904,Everton,Manchester City,0,0,1,1,0,0,0
1904,Manchester City,Aston Villa,2,1,1,1,3,1,1
1904,Manchester City,Wolverhampton Wanderers,5,1,1,1,6,4,1
1904,Middlesbrough,Newcastle United,0,3,1,1,3,-3,0
1904,Middlesbrough,Stoke City,2,1,1,1,3,1,1
1904,Newcastle United,Blackburn Rovers,1,0,1,1,1,1,1
1904,Newcastle United,Everton,3,2,1,1,5,1,1
1904,Newcastle United,Sheffield United,1,1,1,1,2,0,0
1904,Nottingham Forest,Aston Villa,1,1,1,1,2,0,0
1904,Nottingham Forest,Notts County,2,1,1,1,3,1,1
1904,Nottingham Forest,Sheffield Wednesday,2,1,1,1,3,1,1
1904,Nottingham Forest,Wolverhampton Wanderers,2,2,1,1,4,0,0
1904,Notts County,Derby County,0,0,1,1,0,0,0
1904,Notts County,Preston North End,1,3,1,1,4,-2,0
1904,Notts County,Stoke City,0,0,1,1,0,0,0
1904,Preston North End,Blackburn Rovers,0,0,1,1,0,0,0
1904,Preston North End,Newcastle United,1,0,1,1,1,1,1
1904,Preston North End,Sunderland,3,1,1,1,4,2,1
1904,Sheffield United,Bury,4,0,1,1,4,4,1
1904,Sheffield United,Manchester City,0,3,1,1,3,-3,0
1904,Sheffield United,Nottingham Forest,4,0,1,1,4,4,1
1904,Sheffield United,Sheffield Wednesday,4,2,1,1,6,2,1
1904,Sheffield Wednesday,Notts County,1,0,1,1,1,1,1
1904,Sheffield Wednesday,Stoke City,3,0,1,1,3,3,1
1904,Stoke City,Blackburn Rovers,4,0,1,1,4,4,1
1904,Stoke City,Newcastle United,1,0,1,1,1,1,1
1904,Stoke City,Sunderland,1,3,1,1,4,-2,0
1904,Sunderland,Nottingham Forest,1,0,1,1,1,1,1
1904,Sunderland,Sheffield United,2,1,1,1,3,1,1
1904,Sunderland,Wolverhampton Wanderers,3,0,1,1,3,3,1
1904,Wolverhampton Wanderers,Birmingham City,0,1,1,1,1,-1,0
1904,Wolverhampton Wanderers,Sheffield Wednesday,1,0,1,1,1,1,1
1904,Barnsley,Glossop North End,0,0,2,2,0,0,0
1904,Barnsley,Lincoln City,2,1,2,2,3,1,1
1904,Blackpool,Burnley,2,0,2,2,2,2,1
1904,Blackpool,Doncaster Rovers,1,0,2,2,1,1,1
1904,Blackpool,Liverpool,0,3,2,2,3,-3,0
1904,Bolton Wanderers,Burton United,7,1,2,2,8,6,1
1904,Bolton Wanderers,Gainsborough Trinity,5,1,2,2,6,4,1
1904,Bolton Wanderers,Leicester City,0,1,2,2,1,-1,0
1904,Bolton Wanderers,Manchester United,2,4,2,2,6,-2,0
1904,Bradford City,Bristol City,2,3,2,2,5,-1,0
1904,Bradford City,Port Vale,2,1,2,2,3,1,1
1904,Bristol City,Blackpool,2,0,2,2,2,2,1
1904,Burnley,Bolton Wanderers,0,1,2,2,1,-1,0
1904,Burnley,Manchester United,2,0,2,2,2,2,1
1904,Burton United,Chesterfield,0,3,2,2,3,-3,0
1904,Burton United,Lincoln City,2,1,2,2,3,1,1
1904,Chesterfield,Blackpool,2,0,2,2,2,2,1
1904,Chesterfield,Bristol City,0,3,2,2,3,-3,0
1904,Chesterfield,Liverpool,1,1,2,2,2,0,0
1904,Chesterfield,West Bromwich Albion,1,0,2,2,1,1,1
1904,Doncaster Rovers,Bolton Wanderers,0,4,2,2,4,-4,0
1904,Doncaster Rovers,Burnley,0,2,2,2,2,-2,0
1904,Doncaster Rovers,Leicester City,3,0,2,2,3,3,1
1904,Doncaster Rovers,Manchester United,0,1,2,2,1,-1,0
1904,Gainsborough Trinity,Barnsley,4,0,2,2,4,4,1
1904,Gainsborough Trinity,Burton United,2,0,2,2,2,2,1
1904,Gainsborough Trinity,Glossop North End,0,0,2,2,0,0,0
1904,Gainsborough Trinity,Lincoln City,2,0,2,2,2,2,1
1904,Glossop North End,Bristol City,0,1,2,2,1,-1,0
1904,Glossop North End,Grimsby Town,2,0,2,2,2,2,1
1904,Glossop North End,Liverpool,0,2,2,2,2,-2,0
1904,Grimsby Town,Doncaster Rovers,2,1,2,2,3,1,1
1904,Grimsby Town,Leicester City,2,0,2,2,2,2,1
1904,Leicester City,Bradford City,1,2,2,2,3,-1,0
1904,Leicester City,Burton United,2,0,2,2,2,2,1
1904,Leicester City,Gainsborough Trinity,1,1,2,2,2,0,0
1904,Lincoln City,Blackpool,1,0,2,2,1,1,1
1904,Lincoln City,Bristol City,1,3,2,2,4,-2,0
1904,Lincoln City,Chesterfield,0,0,2,2,0,0,0
1904,Lincoln City,Glossop North End,3,0,2,2,3,3,1
1904,Liverpool,Bolton Wanderers,1,1,2,2,2,0,0
1904,Liverpool,Grimsby Town,5,0,2,2,5,5,1
1904,Liverpool,Manchester United,4,0,2,2,4,4,1
1904,Manchester United,Bradford City,7,0,2,2,7,7,1
1904,Manchester United,Burton United,5,0,2,2,5,5,1
1904,Manchester United,Gainsborough Trinity,3,1,2,2,4,2,1
1904,Manchester United,Port Vale,6,1,2,2,7,5,1
1904,Port Vale,Blackpool,2,2,2,2,4,0,0
1904,Port Vale,Bristol City,3,2,2,2,5,1,1
1904,Port Vale,Chesterfield,0,0,2,2,0,0,0
1904,Port Vale,West Bromwich Albion,3,2,2,2,5,1,1
1904,West Bromwich Albion,Bolton Wanderers,0,1,2,2,1,-1,0
1904,West Bromwich Albion,Doncaster Rovers,6,1,2,2,7,5,1
1905,Arsenal,Notts County,1,1,1,1,2,0,0
1905,Arsenal,Sheffield Wednesday,0,2,1,1,2,-2,0
1905,Arsenal,Wolverhampton Wanderers,2,1,1,1,3,1,1
1905,Aston Villa,Blackburn Rovers,0,1,1,1,1,-1,0
1905,Aston Villa,Derby County,6,0,1,1,6,6,1
1905,Birmingham City,Bury,0,3,1,1,3,-3,0
1905,Birmingham City,Liverpool,1,0,1,1,1,1,1
1905,Birmingham City,Newcastle United,0,1,1,1,1,-1,0
1905,Birmingham City,Stoke City,2,0,1,1,2,2,1
1905,Blackburn Rovers,Notts County,1,3,1,1,4,-2,0
1905,Bolton Wanderers,Derby County,5,0,1,1,5,5,1
1905,Bury,Bolton Wanderers,2,1,1,1,3,1,1
1905,Bury,Liverpool,0,0,1,1,0,0,0
1905,Bury,Newcastle United,1,4,1,1,5,-3,0
1905,Bury,Preston North End,1,1,1,1,2,0,0
1905,Derby County,Arsenal,5,1,1,1,6,4,1
1905,Derby County,Everton,0,0,1,1,0,0,0
1905,Derby County,Middlesbrough,1,1,1,1,2,0,0
1905,Derby County,Sheffield Wednesday,2,1,1,1,3,1,1
1905,Derby County,Wolverhampton Wanderers,2,0,1,1,2,2,1
1905,Everton,Sheffield United,3,2,1,1,5,1,1
1905,Liverpool,Aston Villa,3,0,1,1,3,3,1
1905,Liverpool,Stoke City,3,1,1,1,4,2,1
1905,Manchester City,Arsenal,1,2,1,1,3,-1,0
1905,Manchester City,Blackburn Rovers,1,1,1,1,2,0,0
1905,Manchester City,Middlesbrough,4,0,1,1,4,4,1
1905,Middlesbrough,Bury,5,1,1,1,6,4,1
1905,Middlesbrough,Nottingham Forest,2,0,1,1,2,2,1
1905,Middlesbrough,Sheffield United,0,1,1,1,1,-1,0
1905,Newcastle United,Middlesbrough,4,1,1,1,5,3,1
1905,Nottingham Forest,Manchester City,0,1,1,1,1,-1,0
1905,Notts County,Bury,2,2,1,1,4,0,0
1905,Notts County,Liverpool,3,0,1,1,3,3,1
1905,Notts County,Sunderland,4,1,1,1,5,3,1
1905,Preston North End,Middlesbrough,2,1,1,1,3,1,1
1905,Preston North End,Stoke City,2,0,1,1,2,2,1
1905,Sheffield United,Derby County,1,0,1,1,1,1,1
1905,Sheffield United,Manchester City,1,3,1,1,4,-2,0
1905,Sheffield United,Wolverhampton Wanderers,4,1,1,1,5,3,1
1905,Sheffield Wednesday,Birmingham City,4,2,1,1,6,2,1
1905,Sheffield Wednesday,Newcastle United,1,1,1,1,2,0,0
1905,Sheffield Wednesday,Preston North End,1,1,1,1,2,0,0
1905,Sheffield Wednesday,Sunderland,3,3,1,1,6,0,0
1905,Stoke City,Bolton Wanderers,1,2,1,1,3,-1,0
1905,Stoke City,Everton,2,2,1,1,4,0,0
1905,Stoke City,Notts County,3,0,1,1,3,3,1
1905,Sunderland,Blackburn Rovers,3,0,1,1,3,3,1
1905,Sunderland,Derby County,2,0,1,1,2,2,1
1905,Sunderland,Nottingham Forest,0,1,1,1,1,-1,0
1905,Sunderland,Wolverhampton Wanderers,7,2,1,1,9,5,1
1905,Wolverhampton Wanderers,Birmingham City,0,0,1,1,0,0,0
1905,Wolverhampton Wanderers,Bury,2,2,1,1,4,0,0
1905,Wolverhampton Wanderers,Liverpool,0,2,1,1,2,-2,0
1905,Wolverhampton Wanderers,Newcastle United,0,2,1,1,2,-2,0
1905,Wolverhampton Wanderers,Preston North End,2,3,1,1,5,-1,0
1905,Barnsley,Bradford City,0,1,2,2,1,-1,0
1905,Barnsley,Gainsborough Trinity,2,1,2,2,3,1,1
1905,Barnsley,Port Vale,4,0,2,2,4,4,1
1905,Blackpool,Barnsley,0,0,2,2,0,0,0
1905,Blackpool,Burnley,0,1,2,2,1,-1,0
1905,Blackpool,Chesterfield,2,1,2,2,3,1,1
1905,Blackpool,Grimsby Town,2,0,2,2,2,2,1
1905,Blackpool,Manchester United,0,1,2,2,1,-1,0
1905,Blackpool,West Bromwich Albion,0,3,2,2,3,-3,0
1905,Bradford City,Lincoln City,2,2,2,2,4,0,0
1905,Bristol City,Blackpool,2,1,2,2,3,1,1
1905,Bristol City,Burton United,4,0,2,2,4,4,1
1905,Burnley,Leicester City,0,2,2,2,2,-2,0
1905,Burnley,Manchester United,1,3,2,2,4,-2,0
1905,Burnley,West Bromwich Albion,0,2,2,2,2,-2,0
1905,Burton United,Bradford City,0,1,2,2,1,-1,0
1905,Burton United,Chelsea,2,4,2,2,6,-2,0
1905,Burton United,Leeds City,1,1,2,2,2,0,0
1905,Burton United,Lincoln City,2,0,2,2,2,2,1
1905,Burton United,Stockport County,2,0,2,2,2,2,1
1905,Chelsea,Burnley,1,0,2,2,1,1,1
1905,Chelsea,Gainsborough Trinity,1,3,2,2,4,-2,0
1905,Chesterfield,Barnsley,2,0,2,2,2,2,1
1905,Chesterfield,Chelsea,0,2,2,2,2,-2,0
1905,Chesterfield,Grimsby Town,1,4,2,2,5,-3,0
1905,Chesterfield,Manchester United,1,0,2,2,1,1,1
1905,Chesterfield,West Bromwich Albion,0,3,2,2,3,-3,0
1905,Gainsborough Trinity,Bradford City,2,3,2,2,5,-1,0
1905,Gainsborough Trinity,Burton United,5,2,2,2,7,3,1
1905,Gainsborough Trinity,Glossop North End,2,0,2,2,2,2,1
1905,Gainsborough Trinity,Leeds City,4,1,2,2,5,3,1
1905,Gainsborough Trinity,Lincoln City,2,3,2,2,5,-1,0
1905,Glossop North End,Leyton Orient,5,0,2,2,5,5,1
1905,Glossop North End,Port Vale,3,2,2,2,5,1,1
1905,Grimsby Town,Barnsley,2,1,2,2,3,1,1
1905,Grimsby Town,Leicester City,1,1,2,2,2,0,0
1905,Grimsby Town,Manchester United,0,1,2,2,1,-1,0
1905,Grimsby Town,West Bromwich Albion,3,2,2,2,5,1,1
1905,Hull City,Bradford City,5,2,2,2,7,3,1
1905,Hull City,Burton United,1,1,2,2,2,0,0
1905,Hull City,Leeds City,0,0,2,2,0,0,0
1905,Hull City,Lincoln City,2,1,2,2,3,1,1
1905,Hull City,Stockport County,3,0,2,2,3,3,1
1905,Leeds City,Burnley,1,1,2,2,2,0,0
1905,Leicester City,Barnsley,1,0,2,2,1,1,1
1905,Leyton Orient,Bradford City,4,2,2,2,6,2,1
1905,Leyton Orient,Burton United,0,1,2,2,1,-1,0
1905,Leyton Orient,Stockport County,1,0,2,2,1,1,1
1905,Lincoln City,Grimsby Town,3,1,2,2,4,2,1
1905,Lincoln City,Leicester City,3,1,2,2,4,2,1
1905,Lincoln City,Port Vale,3,1,2,2,4,2,1
1905,Manchester United,Barnsley,5,1,2,2,6,4,1
1905,Manchester United,West Bromwich Albion,0,0,2,2,0,0,0
1905,Port Vale,Gainsborough Trinity,1,0,2,2,1,1,1
1905,Port Vale,Hull City,1,3,2,2,4,-2,0
1905,Port Vale,Leyton Orient,2,1,2,2,3,1,1
1905,Port Vale,Stockport County,0,0,2,2,0,0,0
1905,Stockport County,Chesterfield,0,0,2,2,0,0,0
1905,Stockport County,Grimsby Town,2,2,2,2,4,0,0
1905,Stockport County,Leicester City,1,1,2,2,2,0,0
1905,West Bromwich Albion,Bristol City,1,3,2,2,4,-2,0
1905,West Bromwich Albion,Stockport County,3,1,2,2,4,2,1
1906,Arsenal,Bury,3,1,1,1,4,2,1
1906,Arsenal,Liverpool,2,1,1,1,3,1,1
1906,Arsenal,Middlesbrough,2,0,1,1,2,2,1
1906,Aston Villa,Birmingham City,4,1,1,1,5,3,1
1906,Aston Villa,Everton,2,1,1,1,3,1,1
1906,Aston Villa,Manchester United,2,0,1,1,2,2,1
1906,Aston Villa,Notts County,0,0,1,1,0,0,0
1906,Aston Villa,Sheffield Wednesday,8,1,1,1,9,7,1
1906,Birmingham City,Sheffield United,0,0,1,1,0,0,0
1906,Blackburn Rovers,Liverpool,1,1,1,1,2,0,0
1906,Blackburn Rovers,Middlesbrough,4,1,1,1,5,3,1
1906,Blackburn Rovers,Stoke City,3,1,1,1,4,2,1
1906,Bolton Wanderers,Aston Villa,1,2,1,1,3,-1,0
1906,Bolton Wanderers,Everton,1,3,1,1,4,-2,0
1906,Bolton Wanderers,Manchester United,0,1,1,1,1,-1,0
1906,Bolton Wanderers,Notts County,0,0,1,1,0,0,0
1906,Bolton Wanderers,Sheffield Wednesday,0,0,1,1,0,0,0
1906,Bristol City,Blackburn Rovers,3,0,1,1,3,3,1
1906,Bristol City,Derby County,3,0,1,1,3,3,1
1906,Bristol City,Newcastle United,2,1,1,1,3,1,1
1906,Bristol City,Sheffield United,3,3,1,1,6,0,0
1906,Bury,Middlesbrough,1,1,1,1,2,0,0
1906,Derby County,Aston Villa,0,1,1,1,1,-1,0
1906,Derby County,Bolton Wanderers,0,1,1,1,1,-1,0
1906,Derby County,Notts County,3,0,1,1,3,3,1
1906,Everton,Manchester City,9,1,1,1,10,8,1
1906,Everton,Sunderland,4,1,1,1,5,3,1
1906,Liverpool,Birmingham City,2,0,1,1,2,2,1
1906,Liverpool,Everton,1,2,1,1,3,-1,0
1906,Liverpool,Preston North End,6,1,1,1,7,5,1
1906,Liverpool,Stoke City,1,0,1,1,1,1,1
1906,Manchester City,Bolton Wanderers,1,1,1,1,2,0,0
1906,Manchester City,Derby County,2,2,1,1,4,0,0
1906,Manchester City,Manchester United,3,0,1,1,3,3,1
1906,Manchester City,Notts County,2,1,1,1,3,1,1
1906,Manchester City,Sheffield Wednesday,0,1,1,1,1,-1,0
1906,Manchester United,Arsenal,1,0,1,1,1,1,1
1906,Manchester United,Blackburn Rovers,1,1,1,1,2,0,0
1906,Manchester United,Bury,2,4,1,1,6,-2,0
1906,Middlesbrough,Everton,2,2,1,1,4,0,0
1906,Middlesbrough,Stoke City,5,0,1,1,5,5,1
1906,Newcastle United,Aston Villa,3,2,1,1,5,1,1
1906,Newcastle United,Sheffield Wednesday,5,1,1,1,6,4,1
1906,Notts County,Arsenal,4,1,1,1,5,3,1
1906,Notts County,Blackburn Rovers,1,2,1,1,3,-1,0
1906,Notts County,Bury,1,2,1,1,3,-1,0
1906,Notts County,Liverpool,2,0,1,1,2,2,1
1906,Notts County,Sheffield United,4,0,1,1,4,4,1
1906,Preston North End,Birmingham City,2,0,1,1,2,2,1
1906,Preston North End,Bristol City,3,1,1,1,4,2,1
1906,Preston North End,Manchester United,2,0,1,1,2,2,1
1906,Sheffield United,Manchester City,1,4,1,1,5,-3,0
1906,Sheffield Wednesday,Arsenal,1,1,1,1,2,0,0
1906,Sheffield Wednesday,Bury,1,2,1,1,3,-1,0
1906,Sheffield Wednesday,Liverpool,2,3,1,1,5,-1,0
1906,Stoke City,Everton,2,0,1,1,2,2,1
1906,Sunderland,Manchester City,1,1,1,1,2,0,0
1906,Sunderland,Newcastle United,2,0,1,1,2,2,1
1906,Barnsley,Hull City,4,2,2,2,6,2,1
1906,Barnsley,Wolverhampton Wanderers,0,1,2,2,1,-1,0
1906,Blackpool,Chesterfield,0,0,2,2,0,0,0
1906,Blackpool,Leicester City,1,0,2,2,1,1,1
1906,Bradford City,Leeds City,2,2,2,2,4,0,0
1906,Bradford City,Lincoln City,3,0,2,2,3,3,1
1906,Bradford City,Stockport County,1,0,2,2,1,1,1
1906,Burnley,Barnsley,2,2,2,2,4,0,0
1906,Burnley,Burton United,4,0,2,2,4,4,1
1906,Burnley,Gainsborough Trinity,1,0,2,2,1,1,1
1906,Burnley,Hull City,4,2,2,2,6,2,1
1906,Burnley,Leyton Orient,3,0,2,2,3,3,1
1906,Burton United,Chesterfield,3,1,2,2,4,2,1
1906,Burton United,Leicester City,0,1,2,2,1,-1,0
1906,Burton United,West Bromwich Albion,2,0,2,2,2,2,1
1906,Chelsea,Burton United,1,0,2,2,1,1,1
1906,Chelsea,Leeds City,2,0,2,2,2,2,1
1906,Chesterfield,Burnley,0,1,2,2,1,-1,0
1906,Chesterfield,Hull City,3,1,2,2,4,2,1
1906,Chesterfield,Wolverhampton Wanderers,3,2,2,2,5,1,1
1906,Gainsborough Trinity,Bradford City,4,1,2,2,5,3,1
1906,Gainsborough Trinity,Leicester City,1,2,2,2,3,-1,0
1906,Gainsborough Trinity,Nottingham Forest,2,3,2,2,5,-1,0
1906,Glossop North End,Burton United,2,2,2,2,4,0,0
1906,Glossop North End,Gainsborough Trinity,3,1,2,2,4,2,1
1906,Glossop North End,Leeds City,2,0,2,2,2,2,1
1906,Grimsby Town,Barnsley,1,0,2,2,1,1,1
1906,Grimsby Town,Chesterfield,3,1,2,2,4,2,1
1906,Grimsby Town,Hull City,1,3,2,2,4,-2,0
1906,Grimsby Town,Leyton Orient,1,2,2,2,3,-1,0
1906,Grimsby Town,Port Vale,2,0,2,2,2,2,1
1906,Hull City,Chelsea,0,1,2,2,1,-1,0
1906,Hull City,Glossop North End,5,0,2,2,5,5,1
1906,Hull City,Leicester City,1,1,2,2,2,0,0
1906,Hull City,Nottingham Forest,1,2,2,2,3,-1,0
1906,Leeds City,Blackpool,1,1,2,2,2,0,0
1906,Leeds City,Burton United,3,1,2,2,4,2,1
1906,Leeds City,Lincoln City,1,1,2,2,2,0,0
1906,Leicester City,Barnsley,2,1,2,2,3,1,1
1906,Leicester City,Burnley,2,0,2,2,2,2,1
1906,Leicester City,Chesterfield,2,0,2,2,2,2,1
1906,Leicester City,Port Vale,4,1,2,2,5,3,1
1906,Leicester City,Wolverhampton Wanderers,2,0,2,2,2,2,1
1906,Leyton Orient,Chelsea,0,1,2,2,1,-1,0
1906,Leyton Orient,Glossop North End,3,0,2,2,3,3,1
1906,Leyton Orient,Leeds City,1,1,2,2,2,0,0
1906,Leyton Orient,Nottingham Forest,0,1,2,2,1,-1,0
1906,Lincoln City,Blackpool,0,1,2,2,1,-1,0
1906,Lincoln City,Hull City,0,1,2,2,1,-1,0
1906,Nottingham Forest,Barnsley,0,0,2,2,0,0,0
1906,Nottingham Forest,Port Vale,2,2,2,2,4,0,0
1906,Nottingham Forest,Wolverhampton Wanderers,1,0,2,2,1,1,1
1906,Port Vale,Bradford City,2,3,2,2,5,-1,0
1906,Port Vale,Chelsea,2,0,2,2,2,2,1
1906,Port Vale,Lincoln City,4,2,2,2,6,2,1
1906,Stockport County,Gainsborough Trinity,1,2,2,2,3,-1,0
1906,Stockport County,Hull City,1,1,2,2,2,0,0
1906,Stockport County,Leyton Orient,1,1,2,2,2,0,0
1906,Stockport County,Port Vale,3,0,2,2,3,3,1
1906,West Bromwich Albion,Burnley,3,2,2,2,5,1,1
1906,West Bromwich Albion,Chesterfield,5,2,2,2,7,3,1
1906,West Bromwich Albion,Grimsby Town,6,1,2,2,7,5,1
1906,West Bromwich Albion,Leicester City,0,1,2,2,1,-1,0
1906,West Bromwich Albion,Wolverhampton Wanderers,1,1,2,2,2,0,0
1906,Wolverhampton Wanderers,Bradford City,1,1,2,2,2,0,0
1906,Wolverhampton Wanderers,Glossop North End,4,0,2,2,4,4,1
1907,Arsenal,Nottingham Forest,3,1,1,1,4,2,1
1907,Arsenal,Sheffield United,5,1,1,1,6,4,1
1907,Aston Villa,Arsenal,0,1,1,1,1,-1,0
1907,Aston Villa,Preston North End,3,0,1,1,3,3,1
1907,Aston Villa,Sunderland,1,0,1,1,1,1,1
1907,Birmingham City,Blackburn Rovers,1,1,1,1,2,0,0
1907,Birmingham City,Bury,0,1,1,1,1,-1,0
1907,Blackburn Rovers,Bristol City,4,1,1,1,5,3,1
1907,Blackburn Rovers,Everton,2,0,1,1,2,2,1
1907,Blackburn Rovers,Manchester United,1,5,1,1,6,-4,0
1907,Blackburn Rovers,Nottingham Forest,3,3,1,1,6,0,0
1907,Bolton Wanderers,Arsenal,3,1,1,1,4,2,1
1907,Bolton Wanderers,Blackburn Rovers,3,1,1,1,4,2,1
1907,Bolton Wanderers,Newcastle United,4,0,1,1,4,4,1
1907,Bristol City,Birmingham City,0,0,1,1,0,0,0
1907,Bristol City,Bury,1,1,1,1,2,0,0
1907,Bury,Everton,3,0,1,1,3,3,1
1907,Bury,Nottingham Forest,0,0,1,1,0,0,0
1907,Bury,Sheffield United,3,2,1,1,5,1,1
1907,Chelsea,Blackburn Rovers,1,0,1,1,1,1,1
1907,Chelsea,Bury,3,4,1,1,7,-1,0
1907,Chelsea,Manchester City,2,2,1,1,4,0,0
1907,Chelsea,Newcastle United,2,0,1,1,2,2,1
1907,Everton,Birmingham City,4,1,1,1,5,3,1
1907,Everton,Middlesbrough,2,1,1,1,3,1,1
1907,Everton,Notts County,1,0,1,1,1,1,1
1907,Liverpool,Bolton Wanderers,1,0,1,1,1,1,1
1907,Liverpool,Chelsea,1,4,1,1,5,-3,0
1907,Liverpool,Nottingham Forest,0,0,1,1,0,0,0
1907,Manchester City,Blackburn Rovers,2,0,1,1,2,2,1
1907,Manchester City,Sunderland,0,0,1,1,0,0,0
1907,Manchester United,Bristol City,2,1,1,1,3,1,1
1907,Manchester United,Sheffield Wednesday,4,1,1,1,5,3,1
1907,Middlesbrough,Aston Villa,0,1,1,1,1,-1,0
1907,Middlesbrough,Bolton Wanderers,0,1,1,1,1,-1,0
1907,Middlesbrough,Manchester City,2,0,1,1,2,2,1
1907,Middlesbrough,Sheffield United,2,0,1,1,2,2,1
1907,Newcastle United,Blackburn Rovers,3,0,1,1,3,3,1
1907,Newcastle United,Bury,3,0,1,1,3,3,1
1907,Newcastle United,Middlesbrough,1,1,1,1,2,0,0
1907,Newcastle United,Sunderland,1,3,1,1,4,-2,0
1907,Nottingham Forest,Manchester United,2,0,1,1,2,2,1
1907,Nottingham Forest,Notts County,2,0,1,1,2,2,1
1907,Nottingham Forest,Sheffield Wednesday,2,2,1,1,4,0,0
1907,Notts County,Aston Villa,0,3,1,1,3,-3,0
1907,Notts County,Bolton Wanderers,0,1,1,1,1,-1,0
1907,Notts County,Chelsea,2,0,1,1,2,2,1
1907,Notts County,Manchester City,1,0,1,1,1,1,1
1907,Notts County,Newcastle United,0,1,1,1,1,-1,0
1907,Preston North End,Arsenal,3,0,1,1,3,3,1
1907,Sheffield United,Bristol City,2,0,1,1,2,2,1
1907,Sheffield United,Manchester United,2,0,1,1,2,2,1
1907,Sheffield Wednesday,Manchester City,5,1,1,1,6,4,1
1907,Sheffield Wednesday,Preston North End,1,0,1,1,1,1,1
1907,Sunderland,Arsenal,5,2,1,1,7,3,1
1907,Sunderland,Blackburn Rovers,4,0,1,1,4,4,1
1907,Barnsley,Grimsby Town,2,1,2,2,3,1,1
1907,Barnsley,Leicester City,1,3,2,2,4,-2,0
1907,Blackpool,Bradford City,2,1,2,2,3,1,1
1907,Blackpool,Lincoln City,4,3,2,2,7,1,1
1907,Bradford City,Hull City,2,1,2,2,3,1,1
1907,Bradford City,Leyton Orient,1,0,2,2,1,1,1
1907,Burnley,Bradford City,2,1,2,2,3,1,1
1907,Burnley,Fulham,0,1,2,2,1,-1,0
1907,Burnley,Leicester City,4,1,2,2,5,3,1
1907,Burnley,Oldham Athletic,2,1,2,2,3,1,1
1907,Burnley,West Bromwich Albion,1,1,2,2,2,0,0
1907,Chesterfield,Blackpool,3,2,2,2,5,1,1
1907,Chesterfield,Derby County,0,2,2,2,2,-2,0
1907,Chesterfield,Glossop North End,3,7,2,2,10,-4,0
1907,Chesterfield,Leeds City,4,3,2,2,7,1,1
1907,Chesterfield,Lincoln City,2,1,2,2,3,1,1
1907,Derby County,Barnsley,3,0,2,2,3,3,1
1907,Derby County,Burnley,1,0,2,2,1,1,1
1907,Derby County,Stockport County,3,0,2,2,3,3,1
1907,Fulham,Grimsby Town,0,1,2,2,1,-1,0
1907,Gainsborough Trinity,Blackpool,2,1,2,2,3,1,1
1907,Gainsborough Trinity,Chesterfield,2,1,2,2,3,1,1
1907,Glossop North End,Barnsley,3,1,2,2,4,2,1
1907,Glossop North End,Fulham,1,2,2,2,3,-1,0
1907,Glossop North End,Leyton Orient,2,1,2,2,3,1,1
1907,Glossop North End,Stockport County,1,1,2,2,2,0,0
1907,Grimsby Town,Oldham Athletic,2,0,2,2,2,2,1
1907,Grimsby Town,West Bromwich Albion,2,2,2,2,4,0,0
1907,Hull City,Blackpool,3,2,2,2,5,1,1
1907,Hull City,Leeds City,4,1,2,2,5,3,1
1907,Leeds City,Barnsley,1,1,2,2,2,0,0
1907,Leeds City,Stockport County,3,0,2,2,3,3,1
1907,Leicester City,Bradford City,2,1,2,2,3,1,1
1907,Leicester City,Oldham Athletic,4,1,2,2,5,3,1
1907,Leyton Orient,Blackpool,1,1,2,2,2,0,0
1907,Leyton Orient,Chesterfield,5,1,2,2,6,4,1
1907,Leyton Orient,Gainsborough Trinity,2,0,2,2,2,2,1
1907,Leyton Orient,Stoke City,3,0,2,2,3,3,1
1907,Lincoln City,Fulham,2,4,2,2,6,-2,0
1907,Lincoln City,Leicester City,0,3,2,2,3,-3,0
1907,Oldham Athletic,Bradford City,4,0,2,2,4,4,1
1907,Oldham Athletic,Derby County,3,1,2,2,4,2,1
1907,Stockport County,Gainsborough Trinity,1,1,2,2,2,0,0
1907,Stockport County,Hull City,2,3,2,2,5,-1,0
1907,Stockport County,Leyton Orient,6,1,2,2,7,5,1
1907,Stockport County,Stoke City,1,2,2,2,3,-1,0
1907,Stoke City,Barnsley,4,0,2,2,4,4,1
1907,Stoke City,Burnley,0,0,2,2,0,0,0
1907,Stoke City,Grimsby Town,5,0,2,2,5,5,1
1907,Stoke City,Leicester City,0,1,2,2,1,-1,0
1907,West Bromwich Albion,Bradford City,3,2,2,2,5,1,1
1907,West Bromwich Albion,Glossop North End,1,1,2,2,2,0,0
1907,West Bromwich Albion,Lincoln City,5,2,2,2,7,3,1
1907,Wolverhampton Wanderers,Blackpool,1,0,2,2,1,1,1
1907,Wolverhampton Wanderers,Chesterfield,0,0,2,2,0,0,0
1907,Wolverhampton Wanderers,Hull City,1,2,2,2,3,-1,0
1907,Wolverhampton Wanderers,Leyton Orient,2,0,2,2,2,2,1
1908,Arsenal,Manchester City,3,0,1,1,3,3,1
1908,Arsenal,Preston North End,1,0,1,1,1,1,1
1908,Aston Villa,Bradford City,1,3,1,1,4,-2,0
1908,Aston Villa,Sheffield Wednesday,1,1,1,1,2,0,0
1908,Blackburn Rovers,Nottingham Forest,0,3,1,1,3,-3,0
1908,Blackburn Rovers,Sheffield United,0,1,1,1,1,-1,0
1908,Bradford City,Arsenal,4,1,1,1,5,3,1
1908,Bradford City,Bristol City,0,1,1,1,1,-1,0
1908,Bradford City,Manchester City,0,0,1,1,0,0,0
1908,Bradford City,Preston North End,2,0,1,1,2,2,1
1908,Bristol City,Middlesbrough,1,1,1,1,2,0,0
1908,Bury,Aston Villa,1,2,1,1,3,-1,0
1908,Bury,Bristol City,1,2,1,1,3,-1,0
1908,Bury,Nottingham Forest,3,2,1,1,5,1,1
1908,Chelsea,Arsenal,1,2,1,1,3,-1,0
1908,Chelsea,Bradford City,1,1,1,1,2,0,0
1908,Chelsea,Everton,3,3,1,1,6,0,0
1908,Chelsea,Preston North End,0,0,1,1,0,0,0
1908,Chelsea,Sunderland,2,0,1,1,2,2,1
1908,Everton,Blackburn Rovers,4,4,1,1,8,0,0
1908,Everton,Bury,4,0,1,1,4,4,1
1908,Everton,Notts County,0,1,1,1,1,-1,0
1908,Everton,Sheffield Wednesday,1,0,1,1,1,1,1
1908,Leicester City,Manchester United,3,2,1,1,5,1,1
1908,Liverpool,Bradford City,4,0,1,1,4,4,1
1908,Liverpool,Newcastle United,2,1,1,1,3,1,1
1908,Liverpool,Sunderland,3,0,1,1,3,3,1
1908,Manchester City,Blackburn Rovers,3,3,1,1,6,0,0
1908,Manchester City,Bury,6,1,1,1,7,5,1
1908,Manchester City,Leicester City,5,2,1,1,7,3,1
1908,Manchester United,Aston Villa,0,2,1,1,2,-2,0
1908,Manchester United,Everton,2,2,1,1,4,0,0
1908,Manchester United,Sheffield United,2,1,1,1,3,1,1
1908,Middlesbrough,Arsenal,1,1,1,1,2,0,0
1908,Middlesbrough,Chelsea,1,4,1,1,5,-3,0
1908,Middlesbrough,Newcastle United,0,0,1,1,0,0,0
1908,Middlesbrough,Preston North End,4,2,1,1,6,2,1
1908,Newcastle United,Blackburn Rovers,2,0,1,1,2,2,1
1908,Newcastle United,Manchester United,2,1,1,1,3,1,1
1908,Newcastle United,Sheffield Wednesday,1,0,1,1,1,1,1
1908,Nottingham Forest,Aston Villa,1,2,1,1,3,-1,0
1908,Nottingham Forest,Bristol City,1,1,1,1,2,0,0
1908,Nottingham Forest,Newcastle United,0,4,1,1,4,-4,0
1908,Notts County,Chelsea,3,0,1,1,3,3,1
1908,Notts County,Liverpool,1,2,1,1,3,-1,0
1908,Notts County,Middlesbrough,3,2,1,1,5,1,1
1908,Notts County,Sunderland,0,0,1,1,0,0,0
1908,Preston North End,Blackburn Rovers,2,0,1,1,2,2,1
1908,Preston North End,Bury,0,2,1,1,2,-2,0
1908,Preston North End,Manchester United,0,3,1,1,3,-3,0
1908,Preston North End,Sheffield Wednesday,4,1,1,1,5,3,1
1908,Sheffield United,Aston Villa,3,1,1,1,4,2,1
1908,Sheffield United,Everton,1,5,1,1,6,-4,0
1908,Sheffield United,Manchester City,4,0,1,1,4,4,1
1908,Sheffield United,Newcastle United,1,1,1,1,2,0,0
1908,Sheffield United,Preston North End,2,1,1,1,3,1,1
1908,Sheffield Wednesday,Liverpool,2,3,1,1,5,-1,0
1908,Sheffield Wednesday,Middlesbrough,3,2,1,1,5,1,1
1908,Sheffield Wednesday,Sunderland,2,5,1,1,7,-3,0
1908,Sunderland,Blackburn Rovers,0,1,1,1,1,-1,0
1908,Sunderland,Leicester City,3,1,1,1,4,2,1
1908,Barnsley,Burnley,1,2,2,2,3,-1,0
1908,Barnsley,Fulham,1,2,2,2,3,-1,0
1908,Barnsley,Grimsby Town,3,1,2,2,4,2,1
1908,Barnsley,Tottenham Hotspur,1,1,2,2,2,0,0
1908,Birmingham City,Barnsley,2,1,2,2,3,1,1
1908,Birmingham City,Bradford Park Avenue,3,1,2,2,4,2,1
1908,Birmingham City,Derby County,1,1,2,2,2,0,0
1908,Blackpool,Chesterfield,2,2,2,2,4,0,0
1908,Blackpool,Gainsborough Trinity,3,0,2,2,3,3,1
1908,Bolton Wanderers,Burnley,2,1,2,2,3,1,1
1908,Bolton Wanderers,Fulham,0,0,2,2,0,0,0
1908,Bolton Wanderers,Grimsby Town,2,0,2,2,2,2,1
1908,Bolton Wanderers,Tottenham Hotspur,0,1,2,2,1,-1,0
1908,Bradford Park Avenue,Barnsley,3,2,2,2,5,1,1
1908,Bradford Park Avenue,Derby County,2,0,2,2,2,2,1
1908,Bradford Park Avenue,Wolverhampton Wanderers,4,1,2,2,5,3,1
1908,Burnley,Chesterfield,0,1,2,2,1,-1,0
1908,Burnley,Gainsborough Trinity,5,2,2,2,7,3,1
1908,Chesterfield,Bradford Park Avenue,2,1,2,2,3,1,1
1908,Chesterfield,Fulham,2,1,2,2,3,1,1
1908,Chesterfield,Grimsby Town,1,2,2,2,3,-1,0
1908,Chesterfield,Tottenham Hotspur,1,3,2,2,4,-2,0
1908,Derby County,Bolton Wanderers,1,0,2,2,1,1,1
1908,Derby County,Chesterfield,1,1,2,2,2,0,0
1908,Derby County,Glossop North End,4,0,2,2,4,4,1
1908,Derby County,Stockport County,5,0,2,2,5,5,1
1908,Fulham,Blackpool,3,0,2,2,3,3,1
1908,Fulham,Gainsborough Trinity,4,0,2,2,4,4,1
1908,Fulham,Hull City,0,3,2,2,3,-3,0
1908,Fulham,Oldham Athletic,3,2,2,2,5,1,1
1908,Fulham,West Bromwich Albion,2,0,2,2,2,2,1
1908,Gainsborough Trinity,Derby County,0,0,2,2,0,0,0
1908,Gainsborough Trinity,Grimsby Town,0,3,2,2,3,-3,0
1908,Gainsborough Trinity,Leyton Orient,2,0,2,2,2,2,1
1908,Glossop North End,Bolton Wanderers,0,2,2,2,2,-2,0
1908,Glossop North End,Chesterfield,2,0,2,2,2,2,1
1908,Glossop North End,Leeds City,0,0,2,2,0,0,0
1908,Glossop North End,Stockport County,3,0,2,2,3,3,1
1908,Grimsby Town,Blackpool,2,1,2,2,3,1,1
1908,Grimsby Town,Fulham,2,2,2,2,4,0,0
1908,Grimsby Town,Oldham Athletic,2,0,2,2,2,2,1
1908,Grimsby Town,West Bromwich Albion,1,1,2,2,2,0,0
1908,Hull City,Bradford Park Avenue,2,3,2,2,5,-1,0
1908,Hull City,Glossop North End,0,0,2,2,0,0,0
1908,Hull City,Tottenham Hotspur,1,0,2,2,1,1,1
1908,Leeds City,Gainsborough Trinity,0,2,2,2,2,-2,0
1908,Leeds City,Hull City,2,0,2,2,2,2,1
1908,Leyton Orient,Blackpool,1,1,2,2,2,0,0
1908,Leyton Orient,Burnley,0,1,2,2,1,-1,0
1908,Leyton Orient,Oldham Athletic,2,0,2,2,2,2,1
1908,Oldham Athletic,Birmingham City,2,0,2,2,2,2,1
1908,Oldham Athletic,Glossop North End,2,1,2,2,3,1,1
1908,Stockport County,Barnsley,2,1,2,2,3,1,1
1908,Stockport County,Bolton Wanderers,1,0,2,2,1,1,1
1908,Stockport County,Hull City,3,1,2,2,4,2,1
1908,Stockport County,Oldham Athletic,1,3,2,2,4,-2,0
1908,Stockport County,Wolverhampton Wanderers,1,0,2,2,1,1,1
1908,Tottenham Hotspur,Burnley,4,2,2,2,6,2,1
1908,Tottenham Hotspur,Fulham,1,0,2,2,1,1,1
1908,Tottenham Hotspur,Grimsby Town,2,0,2,2,2,2,1
1908,Tottenham Hotspur,West Bromwich Albion,1,3,2,2,4,-2,0
1908,West Bromwich Albion,Bradford Park Avenue,1,0,2,2,1,1,1
1908,West Bromwich Albion,Glossop North End,1,0,2,2,1,1,1
1908,Wolverhampton Wanderers,Barnsley,2,0,2,2,2,2,1
1908,Wolverhampton Wanderers,Bolton Wanderers,1,2,2,2,3,-1,0
1908,Wolverhampton Wanderers,Chesterfield,3,0,2,2,3,3,1
1908,Wolverhampton Wanderers,Gainsborough Trinity,4,0,2,2,4,4,1
1908,Wolverhampton Wanderers,Oldham Athletic,1,1,2,2,2,0,0
1909,Arsenal,Bury,0,0,1,1,0,0,0
1909,Arsenal,Newcastle United,0,3,1,1,3,-3,0
1909,Arsenal,Preston North End,1,3,1,1,4,-2,0
1909,Arsenal,Sunderland,1,2,1,1,3,-1,0
1909,Aston Villa,Blackburn Rovers,4,3,1,1,7,1,1
1909,Aston Villa,Bristol City,1,0,1,1,1,1,1
1909,Aston Villa,Sheffield Wednesday,5,0,1,1,5,5,1
1909,Blackburn Rovers,Arsenal,7,0,1,1,7,7,1
1909,Blackburn Rovers,Nottingham Forest,2,2,1,1,4,0,0
1909,Blackburn Rovers,Tottenham Hotspur,2,0,1,1,2,2,1
1909,Bolton Wanderers,Bury,1,3,1,1,4,-2,0
1909,Bolton Wanderers,Liverpool,1,2,1,1,3,-1,0
1909,Bolton Wanderers,Sunderland,2,1,1,1,3,1,1
1909,Bradford City,Aston Villa,1,2,1,1,3,-1,0
1909,Bradford City,Everton,2,0,1,1,2,2,1
1909,Bradford City,Middlesbrough,4,1,1,1,5,3,1
1909,Bradford City,Notts County,2,1,1,1,3,1,1
1909,Bristol City,Arsenal,0,1,1,1,1,-1,0
1909,Bristol City,Bolton Wanderers,1,0,1,1,1,1,1
1909,Bristol City,Manchester United,2,1,1,1,3,1,1
1909,Bristol City,Sheffield United,0,2,1,1,2,-2,0
1909,Bristol City,Tottenham Hotspur,0,0,1,1,0,0,0
1909,Bury,Blackburn Rovers,2,1,1,1,3,1,1
1909,Bury,Bristol City,1,2,1,1,3,-1,0
1909,Bury,Newcastle United,1,2,1,1,3,-1,0
1909,Bury,Preston North End,3,1,1,1,4,2,1
1909,Chelsea,Aston Villa,0,0,1,1,0,0,0
1909,Chelsea,Middlesbrough,2,1,1,1,3,1,1
1909,Chelsea,Notts County,2,2,1,1,4,0,0
1909,Everton,Bolton Wanderers,3,1,1,1,4,2,1
1909,Everton,Bury,3,0,1,1,3,3,1
1909,Everton,Manchester United,3,3,1,1,6,0,0
1909,Everton,Sheffield United,1,2,1,1,3,-1,0
1909,Liverpool,Blackburn Rovers,3,1,1,1,4,2,1
1909,Liverpool,Bristol City,0,1,1,1,1,-1,0
1909,Liverpool,Everton,0,1,1,1,1,-1,0
1909,Liverpool,Preston North End,2,0,1,1,2,2,1
1909,Liverpool,Sunderland,1,4,1,1,5,-3,0
1909,Manchester United,Bradford City,1,0,1,1,1,1,1
1909,Manchester United,Notts County,2,1,1,1,3,1,1
1909,Manchester United,Sheffield Wednesday,0,3,1,1,3,-3,0
1909,Middlesbrough,Arsenal,5,2,1,1,7,3,1
1909,Middlesbrough,Liverpool,2,2,1,1,4,0,0
1909,Middlesbrough,Nottingham Forest,2,1,1,1,3,1,1
1909,Middlesbrough,Sheffield United,0,2,1,1,2,-2,0
1909,Newcastle United,Blackburn Rovers,4,1,1,1,5,3,1
1909,Nottingham Forest,Chelsea,0,0,1,1,0,0,0
1909,Nottingham Forest,Notts County,2,1,1,1,3,1,1
1909,Notts County,Arsenal,5,1,1,1,6,4,1
1909,Notts County,Bolton Wanderers,0,0,1,1,0,0,0
1909,Notts County,Newcastle United,2,2,1,1,4,0,0
1909,Notts County,Sheffield United,1,2,1,1,3,-1,0
1909,Notts County,Tottenham Hotspur,3,0,1,1,3,3,1
1909,Preston North End,Bristol City,3,0,1,1,3,3,1
1909,Preston North End,Middlesbrough,1,0,1,1,1,1,1
1909,Preston North End,Notts County,4,0,1,1,4,4,1
1909,Preston North End,Sunderland,1,0,1,1,1,1,1
1909,Sheffield United,Chelsea,0,0,1,1,0,0,0
1909,Sheffield United,Manchester United,0,1,1,1,1,-1,0
1909,Sheffield United,Sheffield Wednesday,3,3,1,1,6,0,0
1909,Sheffield Wednesday,Liverpool,3,0,1,1,3,3,1
1909,Sheffield Wednesday,Newcastle United,3,1,1,1,4,2,1
1909,Sheffield Wednesday,Preston North End,4,1,1,1,5,3,1
1909,Sunderland,Bristol City,4,0,1,1,4,4,1
1909,Sunderland,Everton,0,1,1,1,1,-1,0
1909,Sunderland,Middlesbrough,2,2,1,1,4,0,0
1909,Sunderland,Sheffield Wednesday,2,0,1,1,2,2,1
1909,Tottenham Hotspur,Aston Villa,1,1,1,1,2,0,0
1909,Tottenham Hotspur,Chelsea,2,1,1,1,3,1,1
1909,Tottenham Hotspur,Nottingham Forest,2,2,1,1,4,0,0
1909,Tottenham Hotspur,Sheffield United,2,1,1,1,3,1,1
1909,Barnsley,Gainsborough Trinity,4,1,2,2,5,3,1
1909,Barnsley,Hull City,1,2,2,2,3,-1,0
1909,Barnsley,Leyton Orient,2,1,2,2,3,1,1
1909,Barnsley,Oldham Athletic,2,1,2,2,3,1,1
1909,Barnsley,Wolverhampton Wanderers,7,1,2,2,8,6,1
1909,Birmingham City,Fulham,1,1,2,2,2,0,0
1909,Birmingham City,Grimsby Town,2,4,2,2,6,-2,0
1909,Birmingham City,West Bromwich Albion,0,1,2,2,1,-1,0
1909,Blackpool,Derby County,1,1,2,2,2,0,0
1909,Blackpool,Stockport County,2,0,2,2,2,2,1
1909,Bradford Park Avenue,Barnsley,2,0,2,2,2,2,1
1909,Bradford Park Avenue,Burnley,3,1,2,2,4,2,1
1909,Bradford Park Avenue,Leyton Orient,3,1,2,2,4,2,1
1909,Bradford Park Avenue,Oldham Athletic,1,6,2,2,7,-5,0
1909,Bradford Park Avenue,Wolverhampton Wanderers,2,3,2,2,5,-1,0
1909,Burnley,Grimsby Town,3,1,2,2,4,2,1
1909,Burnley,Leicester City,5,2,2,2,7,3,1
1909,Burnley,Manchester City,3,3,2,2,6,0,0
1909,Burnley,West Bromwich Albion,2,3,2,2,5,-1,0
1909,Derby County,Burnley,5,2,2,2,7,3,1
1909,Derby County,Leeds City,1,0,2,2,1,1,1
1909,Derby County,Lincoln City,2,0,2,2,2,2,1
1909,Derby County,Stockport County,1,0,2,2,1,1,1
1909,Fulham,Bradford Park Avenue,3,1,2,2,4,2,1
1909,Fulham,Gainsborough Trinity,0,1,2,2,1,-1,0
1909,Fulham,Hull City,3,1,2,2,4,2,1
1909,Gainsborough Trinity,Derby County,2,4,2,2,6,-2,0
1909,Gainsborough Trinity,Grimsby Town,1,1,2,2,2,0,0
1909,Gainsborough Trinity,Leicester City,0,1,2,2,1,-1,0
1909,Gainsborough Trinity,Manchester City,1,3,2,2,4,-2,0
1909,Glossop North End,Burnley,2,0,2,2,2,2,1
1909,Glossop North End,Gainsborough Trinity,4,0,2,2,4,4,1
1909,Glossop North End,Leeds City,2,1,2,2,3,1,1
1909,Glossop North End,Stockport County,1,0,2,2,1,1,1
1909,Grimsby Town,Hull City,2,3,2,2,5,-1,0
1909,Grimsby Town,Leyton Orient,2,0,2,2,2,2,1
1909,Grimsby Town,Oldham Athletic,0,0,2,2,0,0,0
1909,Hull City,Blackpool,1,2,2,2,3,-1,0
1909,Hull City,West Bromwich Albion,5,1,2,2,6,4,1
1909,Leeds City,Burnley,1,0,2,2,1,1,1
1909,Leeds City,Gainsborough Trinity,0,0,2,2,0,0,0
1909,Leeds City,Lincoln City,5,0,2,2,5,5,1
1909,Leeds City,Stockport County,0,2,2,2,2,-2,0
1909,Leicester City,Wolverhampton Wanderers,2,1,2,2,3,1,1
1909,Leyton Orient,Blackpool,2,1,2,2,3,1,1
1909,Leyton Orient,Glossop North End,0,0,2,2,0,0,0
1909,Leyton Orient,West Bromwich Albion,1,3,2,2,4,-2,0
1909,Lincoln City,Hull City,1,3,2,2,4,-2,0
1909,Lincoln City,Leyton Orient,4,0,2,2,4,4,1
1909,Manchester City,Bradford Park Avenue,3,1,2,2,4,2,1
1909,Manchester City,Fulham,3,1,2,2,4,2,1
1909,Manchester City,Grimsby Town,2,0,2,2,2,2,1
1909,Manchester City,Leicester City,2,0,2,2,2,2,1
1909,Manchester City,Wolverhampton Wanderers,6,0,2,2,6,6,1
1909,Oldham Athletic,Blackpool,2,0,2,2,2,2,1
1909,Oldham Athletic,Glossop North End,1,0,2,2,1,1,1
1909,Oldham Athletic,Leeds City,2,1,2,2,3,1,1
1909,Oldham Athletic,West Bromwich Albion,1,2,2,2,3,-1,0
1909,Stockport County,Birmingham City,1,1,2,2,2,0,0
1909,Stockport County,Gainsborough Trinity,3,0,2,2,3,3,1
1909,Stockport County,Hull City,1,5,2,2,6,-4,0
1909,Stockport County,Leyton Orient,3,0,2,2,3,3,1
1909,Stockport County,Oldham Athletic,2,0,2,2,2,2,1
1909,West Bromwich Albion,Barnsley,4,3,2,2,7,1,1
1909,West Bromwich Albion,Fulham,3,2,2,2,5,1,1
1909,West Bromwich Albion,Grimsby Town,4,3,2,2,7,1,1
1909,West Bromwich Albion,Leicester City,1,2,2,2,3,-1,0
1909,Wolverhampton Wanderers,Blackpool,2,1,2,2,3,1,1
1909,Wolverhampton Wanderers,Derby County,2,3,2,2,5,-1,0
1909,Wolverhampton Wanderers,Glossop North End,3,1,2,2,4,2,1
1909,Wolverhampton Wanderers,Leeds City,5,0,2,2,5,5,1
1909,Wolverhampton Wanderers,Lincoln City,4,2,2,2,6,2,1
1909,Wolverhampton Wanderers,Stockport County,2,1,2,2,3,1,1
1910,Arsenal,Blackburn Rovers,4,1,1,1,5,3,1
1910,Arsenal,Bury,3,2,1,1,5,1,1
1910,Arsenal,Manchester City,0,1,1,1,1,-1,0
1910,Arsenal,Oldham Athletic,0,0,1,1,0,0,0
1910,Aston Villa,Arsenal,3,0,1,1,3,3,1
1910,Aston Villa,Liverpool,1,1,1,1,2,0,0
1910,Aston Villa,Tottenham Hotspur,4,0,1,1,4,4,1
1910,Blackburn Rovers,Bradford City,3,0,1,1,3,3,1
1910,Blackburn Rovers,Everton,0,1,1,1,1,-1,0
1910,Blackburn Rovers,Preston North End,0,1,1,1,1,-1,0
1910,Bradford City,Aston Villa,1,2,1,1,3,-1,0
1910,Bradford City,Bury,2,2,1,1,4,0,0
1910,Bradford City,Manchester City,1,0,1,1,1,1,1
1910,Bradford City,Newcastle United,1,0,1,1,1,1,1
1910,Bristol City,Liverpool,1,1,1,1,2,0,0
1910,Bristol City,Middlesbrough,3,2,1,1,5,1,1
1910,Bury,Manchester United,0,3,1,1,3,-3,0
1910,Bury,Preston North End,1,0,1,1,1,1,1
1910,Everton,Bristol City,4,3,1,1,7,1,1
1910,Liverpool,Arsenal,1,1,1,1,2,0,0
1910,Liverpool,Everton,0,2,1,1,2,-2,0
1910,Liverpool,Notts County,2,1,1,1,3,1,1
1910,Manchester City,Bury,5,1,1,1,6,4,1
1910,Manchester City,Manchester United,1,1,1,1,2,0,0
1910,Manchester City,Nottingham Forest,1,0,1,1,1,1,1
1910,Manchester City,Preston North End,0,2,1,1,2,-2,0
1910,Manchester City,Sunderland,3,3,1,1,6,0,0
1910,Manchester United,Bristol City,3,1,1,1,4,2,1
1910,Manchester United,Newcastle United,2,0,1,1,2,2,1
1910,Manchester United,Sheffield Wednesday,3,2,1,1,5,1,1
1910,Middlesbrough,Bradford City,3,2,1,1,5,1,1
1910,Middlesbrough,Manchester United,2,2,1,1,4,0,0
1910,Middlesbrough,Sheffield United,3,1,1,1,4,2,1
1910,Middlesbrough,Tottenham Hotspur,2,0,1,1,2,2,1
1910,Newcastle United,Blackburn Rovers,2,2,1,1,4,0,0
1910,Newcastle United,Manchester City,3,3,1,1,6,0,0
1910,Newcastle United,Sunderland,1,1,1,1,2,0,0
1910,Nottingham Forest,Bristol City,3,3,1,1,6,0,0
1910,Nottingham Forest,Oldham Athletic,4,1,1,1,5,3,1
1910,Notts County,Everton,0,0,1,1,0,0,0
1910,Notts County,Sheffield United,0,3,1,1,3,-3,0
1910,Notts County,Tottenham Hotspur,1,0,1,1,1,1,1
1910,Oldham Athletic,Blackburn Rovers,2,0,1,1,2,2,1
1910,Oldham Athletic,Bury,0,0,1,1,0,0,0
1910,Oldham Athletic,Manchester City,1,1,1,1,2,0,0
1910,Oldham Athletic,Newcastle United,0,2,1,1,2,-2,0
1910,Oldham Athletic,Preston North End,2,1,1,1,3,1,1
1910,Preston North End,Bristol City,4,0,1,1,4,4,1
1910,Preston North End,Notts County,2,0,1,1,2,2,1
1910,Preston North End,Sheffield Wednesday,1,3,1,1,4,-2,0
1910,Sheffield United,Arsenal,3,2,1,1,5,1,1
1910,Sheffield United,Everton,0,1,1,1,1,-1,0
1910,Sheffield United,Tottenham Hotspur,3,0,1,1,3,3,1
1910,Sheffield Wednesday,Blackburn Rovers,1,0,1,1,1,1,1
1910,Sheffield Wednesday,Sunderland,1,1,1,1,2,0,0
1910,Sunderland,Aston Villa,3,2,1,1,5,1,1
1910,Sunderland,Middlesbrough,3,1,1,1,4,2,1
1910,Sunderland,Notts County,1,1,1,1,2,0,0
1910,Sunderland,Sheffield United,0,2,1,1,2,-2,0
1910,Tottenham Hotspur,Arsenal,3,1,1,1,4,2,1
1910,Tottenham Hotspur,Nottingham Forest,1,4,1,1,5,-3,0
1910,Tottenham Hotspur,Preston North End,1,1,1,1,2,0,0
1910,Barnsley,Bolton Wanderers,0,0,2,2,0,0,0
1910,Barnsley,Chelsea,3,2,2,2,5,1,1
1910,Barnsley,Gainsborough Trinity,2,2,2,2,4,0,0
1910,Barnsley,Leyton Orient,1,2,2,2,3,-1,0
1910,Birmingham City,Blackpool,2,0,2,2,2,2,1
1910,Birmingham City,Stockport County,1,3,2,2,4,-2,0
1910,Blackpool,Glossop North End,1,0,2,2,1,1,1
1910,Blackpool,Leeds City,1,2,2,2,3,-1,0
1910,Blackpool,Wolverhampton Wanderers,2,0,2,2,2,2,1
1910,Bolton Wanderers,Chelsea,2,0,2,2,2,2,1
1910,Bolton Wanderers,Leyton Orient,2,0,2,2,2,2,1
1910,Bolton Wanderers,West Bromwich Albion,3,1,2,2,4,2,1
1910,Bradford Park Avenue,Huddersfield Town,0,1,2,2,1,-1,0
1910,Burnley,Barnsley,0,0,2,2,0,0,0
1910,Burnley,Bolton Wanderers,1,3,2,2,4,-2,0
1910,Burnley,Leeds City,4,1,2,2,5,3,1
1910,Burnley,Lincoln City,3,1,2,2,4,2,1
1910,Burnley,Wolverhampton Wanderers,1,1,2,2,2,0,0
1910,Chelsea,Blackpool,0,0,2,2,0,0,0
1910,Chelsea,Gainsborough Trinity,3,0,2,2,3,3,1
1910,Chelsea,Hull City,2,0,2,2,2,2,1
1910,Derby County,Birmingham City,1,0,2,2,1,1,1
1910,Derby County,Bradford Park Avenue,4,2,2,2,6,2,1
1910,Derby County,Huddersfield Town,1,1,2,2,2,0,0
1910,Derby County,Leicester City,3,0,2,2,3,3,1
1910,Fulham,Bolton Wanderers,2,0,2,2,2,2,1
1910,Fulham,Glossop North End,2,2,2,2,4,0,0
1910,Fulham,Leeds City,2,1,2,2,3,1,1
1910,Fulham,Wolverhampton Wanderers,0,1,2,2,1,-1,0
1910,Gainsborough Trinity,Blackpool,2,0,2,2,2,2,1
1910,Gainsborough Trinity,Hull City,1,1,2,2,2,0,0
1910,Gainsborough Trinity,West Bromwich Albion,1,1,2,2,2,0,0
1910,Glossop North End,Birmingham City,2,1,2,2,3,1,1
1910,Glossop North End,Bradford Park Avenue,0,1,2,2,1,-1,0
1910,Glossop North End,Derby County,2,2,2,2,4,0,0
1910,Glossop North End,Leicester City,1,0,2,2,1,1,1
1910,Huddersfield Town,Gainsborough Trinity,2,1,2,2,3,1,1
1910,Huddersfield Town,Leeds City,3,2,2,2,5,1,1
1910,Huddersfield Town,Lincoln City,1,1,2,2,2,0,0
1910,Huddersfield Town,Wolverhampton Wanderers,3,1,2,2,4,2,1
1910,Hull City,Leyton Orient,1,2,2,2,3,-1,0
1910,Leeds City,Glossop North End,0,2,2,2,2,-2,0
1910,Leicester City,Barnsley,1,1,2,2,2,0,0
1910,Leicester City,Lincoln City,2,0,2,2,2,2,1
1910,Leicester City,Wolverhampton Wanderers,2,3,2,2,5,-1,0
1910,Leyton Orient,Fulham,1,0,2,2,1,1,1
1910,Leyton Orient,Huddersfield Town,2,0,2,2,2,2,1
1910,Leyton Orient,Leicester City,3,1,2,2,4,2,1
1910,Leyton Orient,West Bromwich Albion,0,0,2,2,0,0,0
1910,Lincoln City,Birmingham City,0,1,2,2,1,-1,0
1910,Lincoln City,Leeds City,1,1,2,2,2,0,0
1910,Lincoln City,Stockport County,2,0,2,2,2,2,1
1910,Stockport County,Barnsley,2,2,2,2,4,0,0
1910,Stockport County,Gainsborough Trinity,1,0,2,2,1,1,1
1910,Stockport County,Hull City,1,1,2,2,2,0,0
1910,Stockport County,Leyton Orient,0,3,2,2,3,-3,0
1910,West Bromwich Albion,Blackpool,0,1,2,2,1,-1,0
1910,West Bromwich Albion,Fulham,2,1,2,2,3,1,1
1910,West Bromwich Albion,Leicester City,5,1,2,2,6,4,1
1910,Wolverhampton Wanderers,Derby County,1,2,2,2,3,-1,0
1910,Wolverhampton Wanderers,Lincoln City,2,1,2,2,3,1,1
1911,Arsenal,Liverpool,2,2,1,1,4,0,0
1911,Arsenal,Oldham Athletic,1,1,1,1,2,0,0
1911,Arsenal,Sheffield Wednesday,0,2,1,1,2,-2,0
1911,Arsenal,West Bromwich Albion,0,2,1,1,2,-2,0
1911,Aston Villa,Everton,3,0,1,1,3,3,1
1911,Aston Villa,Sheffield United,1,0,1,1,1,1,1
1911,Aston Villa,Tottenham Hotspur,2,2,1,1,4,0,0
1911,Blackburn Rovers,Aston Villa,3,1,1,1,4,2,1
1911,Blackburn Rovers,Bury,2,0,1,1,2,2,1
1911,Bolton Wanderers,Liverpool,2,1,1,1,3,1,1
1911,Bolton Wanderers,Sheffield Wednesday,4,2,1,1,6,2,1
1911,Bolton Wanderers,West Bromwich Albion,2,0,1,1,2,2,1
1911,Bradford City,Notts County,2,3,1,1,5,-1,0
1911,Bradford City,Sheffield United,1,0,1,1,1,1,1
1911,Bradford City,Tottenham Hotspur,3,0,1,1,3,3,1
1911,Bury,Bradford City,2,0,1,1,2,2,1
1911,Bury,Manchester City,1,2,1,1,3,-1,0
1911,Bury,Sunderland,0,2,1,1,2,-2,0
1911,Everton,Bolton Wanderers,1,0,1,1,1,1,1
1911,Everton,Liverpool,2,1,1,1,3,1,1
1911,Everton,Middlesbrough,1,0,1,1,1,1,1
1911,Everton,Sheffield Wednesday,1,0,1,1,1,1,1
1911,Liverpool,Blackburn Rovers,1,2,1,1,3,-1,0
1911,Liverpool,Sheffield United,2,0,1,1,2,2,1
1911,Manchester City,Preston North End,0,0,1,1,0,0,0
1911,Manchester City,Sunderland,2,0,1,1,2,2,1
1911,Manchester United,Arsenal,2,0,1,1,2,2,1
1911,Manchester United,Everton,2,1,1,1,3,1,1
1911,Manchester United,Middlesbrough,3,4,1,1,7,-1,0
1911,Manchester United,Oldham Athletic,3,1,1,1,4,2,1
1911,Manchester United,West Bromwich Albion,1,2,1,1,3,-1,0
1911,Middlesbrough,Bury,1,1,1,1,2,0,0
1911,Middlesbrough,Tottenham Hotspur,2,0,1,1,2,2,1
1911,Newcastle United,Aston Villa,6,2,1,1,8,4,1
1911,Newcastle United,Bradford City,0,2,1,1,2,-2,0
1911,Newcastle United,Preston North End,1,0,1,1,1,1,1
1911,Newcastle United,Sunderland,3,1,1,1,4,2,1
1911,Oldham Athletic,Blackburn Rovers,0,1,1,1,1,-1,0
1911,Oldham Athletic,Bury,2,0,1,1,2,2,1
1911,Oldham Athletic,Manchester City,4,1,1,1,5,3,1
1911,Oldham Athletic,Sheffield United,2,3,1,1,5,-1,0
1911,Preston North End,Bradford City,2,2,1,1,4,0,0
1911,Preston North End,Liverpool,2,1,1,1,3,1,1
1911,Sheffield United,Arsenal,2,1,1,1,3,1,1
1911,Sheffield United,Bolton Wanderers,0,5,1,1,5,-5,0
1911,Sheffield United,Everton,2,1,1,1,3,1,1
1911,Sheffield United,Manchester United,6,1,1,1,7,5,1
1911,Sheffield United,Notts County,1,3,1,1,4,-2,0
1911,Sheffield United,Sheffield Wednesday,1,1,1,1,2,0,0
1911,Sheffield United,West Bromwich Albion,1,1,1,1,2,0,0
1911,Sheffield Wednesday,Tottenham Hotspur,4,0,1,1,4,4,1
1911,Sunderland,Bradford City,1,1,1,1,2,0,0
1911,Sunderland,Liverpool,1,2,1,1,3,-1,0
1911,Sunderland,Sheffield Wednesday,0,0,1,1,0,0,0
1911,Tottenham Hotspur,Bolton Wanderers,1,0,1,1,1,1,1
1911,Tottenham Hotspur,Sheffield United,1,1,1,1,2,0,0
1911,West Bromwich Albion,Manchester City,1,1,1,1,2,0,0
1911,Barnsley,Blackpool,1,0,2,2,1,1,1
1911,Barnsley,Grimsby Town,2,2,2,2,4,0,0
1911,Barnsley,Nottingham Forest,1,0,2,2,1,1,1
1911,Birmingham City,Barnsley,1,3,2,2,4,-2,0
1911,Birmingham City,Derby County,0,4,2,2,4,-4,0
1911,Birmingham City,Hull City,5,1,2,2,6,4,1
1911,Blackpool,Bradford Park Avenue,0,4,2,2,4,-4,0
1911,Blackpool,Gainsborough Trinity,0,0,2,2,0,0,0
1911,Blackpool,Leicester City,1,1,2,2,2,0,0
1911,Bradford Park Avenue,Fulham,0,2,2,2,2,-2,0
1911,Bradford Park Avenue,Grimsby Town,4,1,2,2,5,3,1
1911,Bradford Park Avenue,Leeds City,1,1,2,2,2,0,0
1911,Bradford Park Avenue,Nottingham Forest,2,1,2,2,3,1,1
1911,Bristol City,Barnsley,0,1,2,2,1,-1,0
1911,Bristol City,Bradford Park Avenue,1,0,2,2,1,1,1
1911,Bristol City,Hull City,0,0,2,2,0,0,0
1911,Bristol City,Wolverhampton Wanderers,0,3,2,2,3,-3,0
1911,Burnley,Blackpool,1,1,2,2,2,0,0
1911,Burnley,Gainsborough Trinity,2,0,2,2,2,2,1
1911,Chelsea,Birmingham City,0,2,2,2,2,-2,0
1911,Chelsea,Bristol City,2,2,2,2,4,0,0
1911,Chelsea,Fulham,1,0,2,2,1,1,1
1911,Chelsea,Leeds City,4,2,2,2,6,2,1
1911,Derby County,Barnsley,0,0,2,2,0,0,0
1911,Derby County,Hull City,2,3,2,2,5,-1,0
1911,Derby County,Leyton Orient,5,1,2,2,6,4,1
1911,Fulham,Gainsborough Trinity,7,1,2,2,8,6,1
1911,Fulham,Leicester City,4,1,2,2,5,3,1
1911,Gainsborough Trinity,Birmingham City,0,0,2,2,0,0,0
1911,Gainsborough Trinity,Bristol City,2,3,2,2,5,-1,0
1911,Gainsborough Trinity,Derby County,1,1,2,2,2,0,0
1911,Gainsborough Trinity,Grimsby Town,2,3,2,2,5,-1,0
1911,Gainsborough Trinity,Nottingham Forest,1,2,2,2,3,-1,0
1911,Glossop North End,Barnsley,0,2,2,2,2,-2,0
1911,Glossop North End,Chelsea,1,2,2,2,3,-1,0
1911,Glossop North End,Gainsborough Trinity,1,1,2,2,2,0,0
1911,Grimsby Town,Stockport County,2,2,2,2,4,0,0
1911,Huddersfield Town,Birmingham City,3,2,2,2,5,1,1
1911,Huddersfield Town,Bristol City,1,2,2,2,3,-1,0
1911,Huddersfield Town,Leeds City,1,2,2,2,3,-1,0
1911,Hull City,Barnsley,0,0,2,2,0,0,0
1911,Hull City,Wolverhampton Wanderers,3,0,2,2,3,3,1
1911,Leeds City,Burnley,1,5,2,2,6,-4,0
1911,Leicester City,Birmingham City,5,2,2,2,7,3,1
1911,Leicester City,Derby County,0,1,2,2,1,-1,0
1911,Leicester City,Nottingham Forest,1,1,2,2,2,0,0
1911,Leyton Orient,Barnsley,2,0,2,2,2,2,1
1911,Leyton Orient,Chelsea,1,4,2,2,5,-3,0
1911,Leyton Orient,Huddersfield Town,2,1,2,2,3,1,1
1911,Leyton Orient,Leicester City,4,1,2,2,5,3,1
1911,Leyton Orient,Wolverhampton Wanderers,1,0,2,2,1,1,1
1911,Nottingham Forest,Burnley,0,1,2,2,1,-1,0
1911,Nottingham Forest,Fulham,1,1,2,2,2,0,0
1911,Nottingham Forest,Grimsby Town,1,0,2,2,1,1,1
1911,Nottingham Forest,Leeds City,2,1,2,2,3,1,1
1911,Nottingham Forest,Stockport County,1,2,2,2,3,-1,0
1911,Stockport County,Birmingham City,2,0,2,2,2,2,1
1911,Stockport County,Derby County,4,0,2,2,4,4,1
1911,Stockport County,Leyton Orient,1,1,2,2,2,0,0
1911,Wolverhampton Wanderers,Barnsley,5,0,2,2,5,5,1
1911,Wolverhampton Wanderers,Bradford Park Avenue,1,1,2,2,2,0,0
1911,Wolverhampton Wanderers,Huddersfield Town,1,2,2,2,3,-1,0
1911,Wolverhampton Wanderers,Leicester City,1,0,2,2,1,1,1
1911,Wolverhampton Wanderers,Stockport County,4,0,2,2,4,4,1
1912,Arsenal,Derby County,1,2,1,1,3,-1,0
1912,Arsenal,Newcastle United,1,1,1,1,2,0,0
1912,Arsenal,Sheffield United,1,3,1,1,4,-2,0
1912,Arsenal,Tottenham Hotspur,0,3,1,1,3,-3,0
1912,Aston Villa,Liverpool,1,3,1,1,4,-2,0
1912,Aston Villa,Middlesbrough,5,1,1,1,6,4,1
1912,Aston Villa,Oldham Athletic,7,1,1,1,8,6,1
1912,Aston Villa,Sunderland,1,1,1,1,2,0,0
1912,Blackburn Rovers,Arsenal,1,1,1,1,2,0,0
1912,Blackburn Rovers,Everton,1,2,1,1,3,-1,0
1912,Blackburn Rovers,Manchester United,0,0,1,1,0,0,0
1912,Blackburn Rovers,Notts County,2,1,1,1,3,1,1
1912,Blackburn Rovers,Sheffield Wednesday,0,1,1,1,1,-1,0
1912,Bolton Wanderers,Manchester City,2,2,1,1,4,0,0
1912,Bolton Wanderers,Newcastle United,1,2,1,1,3,-1,0
1912,Bolton Wanderers,Tottenham Hotspur,2,0,1,1,2,2,1
1912,Bradford City,Aston Villa,1,1,1,1,2,0,0
1912,Bradford City,Chelsea,2,2,1,1,4,0,0
1912,Bradford City,Liverpool,2,0,1,1,2,2,1
1912,Bradford City,Oldham Athletic,0,0,1,1,0,0,0
1912,Chelsea,Arsenal,1,1,1,1,2,0,0
1912,Chelsea,Everton,1,3,1,1,4,-2,0
1912,Chelsea,Manchester United,1,4,1,1,5,-3,0
1912,Chelsea,West Bromwich Albion,0,2,1,1,2,-2,0
1912,Derby County,Blackburn Rovers,1,1,1,1,2,0,0
1912,Derby County,Manchester City,2,0,1,1,2,2,1
1912,Derby County,Sheffield United,5,1,1,1,6,4,1
1912,Derby County,Tottenham Hotspur,5,0,1,1,5,5,1
1912,Everton,Bradford City,2,1,1,1,3,1,1
1912,Everton,Liverpool,0,2,1,1,2,-2,0
1912,Everton,Oldham Athletic,2,3,1,1,5,-1,0
1912,Everton,Sunderland,0,4,1,1,4,-4,0
1912,Liverpool,Derby County,2,1,1,1,3,1,1
1912,Liverpool,Notts County,0,0,1,1,0,0,0
1912,Liverpool,West Bromwich Albion,2,1,1,1,3,1,1
1912,Manchester City,Blackburn Rovers,3,1,1,1,4,2,1
1912,Manchester City,Tottenham Hotspur,2,2,1,1,4,0,0
1912,Manchester United,Everton,2,0,1,1,2,2,1
1912,Manchester United,Middlesbrough,2,3,1,1,5,-1,0
1912,Manchester United,Sunderland,1,3,1,1,4,-2,0
1912,Middlesbrough,Arsenal,2,0,1,1,2,2,1
1912,Middlesbrough,Sheffield Wednesday,0,2,1,1,2,-2,0
1912,Newcastle United,Sheffield United,1,2,1,1,3,-1,0
1912,Notts County,Aston Villa,1,1,1,1,2,0,0
1912,Notts County,Manchester United,1,2,1,1,3,-1,0
1912,Notts County,Oldham Athletic,2,1,1,1,3,1,1
1912,Notts County,Sunderland,2,1,1,1,3,1,1
1912,Oldham Athletic,Bolton Wanderers,2,3,1,1,5,-1,0
1912,Oldham Athletic,Manchester City,2,1,1,1,3,1,1
1912,Oldham Athletic,Sheffield Wednesday,2,0,1,1,2,2,1
1912,Sheffield United,Blackburn Rovers,0,0,1,1,0,0,0
1912,Sheffield United,Chelsea,3,3,1,1,6,0,0
1912,Sheffield United,Middlesbrough,1,0,1,1,1,1,1
1912,Sheffield United,Oldham Athletic,1,1,1,1,2,0,0
1912,Sheffield Wednesday,Everton,1,2,1,1,3,-1,0
1912,Sheffield Wednesday,Notts County,3,1,1,1,4,2,1
1912,Sheffield Wednesday,Sunderland,1,2,1,1,3,-1,0
1912,Sunderland,Arsenal,4,1,1,1,5,3,1
1912,Sunderland,Manchester City,1,0,1,1,1,1,1
1912,Sunderland,West Bromwich Albion,3,1,1,1,4,2,1
1912,Tottenham Hotspur,Blackburn Rovers,0,1,1,1,1,-1,0
1912,Tottenham Hotspur,Sunderland,1,2,1,1,3,-1,0
1912,West Bromwich Albion,Manchester United,1,2,1,1,3,-1,0
1912,West Bromwich Albion,Notts County,2,0,1,1,2,2,1
1912,West Bromwich Albion,Sheffield Wednesday,1,1,1,1,2,0,0
1912,Barnsley,Birmingham City,1,0,2,2,1,1,1
1912,Barnsley,Bristol City,7,1,2,2,8,6,1
1912,Barnsley,Nottingham Forest,1,0,2,2,1,1,1
1912,Barnsley,Wolverhampton Wanderers,3,2,2,2,5,1,1
1912,Birmingham City,Bradford Park Avenue,1,1,2,2,2,0,0
1912,Birmingham City,Leeds City,2,2,2,2,4,0,0
1912,Blackpool,Birmingham City,2,0,2,2,2,2,1
1912,Blackpool,Glossop North End,1,1,2,2,2,0,0
1912,Bradford Park Avenue,Wolverhampton Wanderers,5,1,2,2,6,4,1
1912,Bristol City,Grimsby Town,2,2,2,2,4,0,0
1912,Bristol City,Leeds City,1,1,2,2,2,0,0
1912,Bristol City,Lincoln City,2,0,2,2,2,2,1
1912,Burnley,Bristol City,2,2,2,2,4,0,0
1912,Burnley,Hull City,0,0,2,2,0,0,0
1912,Burnley,Leyton Orient,5,0,2,2,5,5,1
1912,Burnley,Preston North End,2,2,2,2,4,0,0
1912,Bury,Barnsley,2,0,2,2,2,2,1
1912,Bury,Fulham,1,0,2,2,1,1,1
1912,Bury,Huddersfield Town,0,2,2,2,2,-2,0
1912,Bury,Leicester City,2,2,2,2,4,0,0
1912,Bury,Nottingham Forest,2,0,2,2,2,2,1
1912,Fulham,Blackpool,4,2,2,2,6,2,1
1912,Fulham,Burnley,4,2,2,2,6,2,1
1912,Fulham,Lincoln City,3,1,2,2,4,2,1
1912,Glossop North End,Birmingham City,0,2,2,2,2,-2,0
1912,Grimsby Town,Bradford Park Avenue,3,0,2,2,3,3,1
1912,Grimsby Town,Bury,4,0,2,2,4,4,1
1912,Grimsby Town,Huddersfield Town,0,0,2,2,0,0,0
1912,Grimsby Town,Leicester City,2,0,2,2,2,2,1
1912,Grimsby Town,Nottingham Forest,0,0,2,2,0,0,0
1912,Grimsby Town,Wolverhampton Wanderers,2,1,2,2,3,1,1
1912,Huddersfield Town,Blackpool,3,0,2,2,3,3,1
1912,Huddersfield Town,Lincoln City,5,1,2,2,6,4,1
1912,Huddersfield Town,Stockport County,3,3,2,2,6,0,0
1912,Hull City,Bristol City,3,1,2,2,4,2,1
1912,Hull City,Preston North End,2,2,2,2,4,0,0
1912,Leeds City,Barnsley,2,0,2,2,2,2,1
1912,Leeds City,Bury,4,2,2,2,6,2,1
1912,Leeds City,Nottingham Forest,1,0,2,2,1,1,1
1912,Leicester City,Blackpool,5,1,2,2,6,4,1
1912,Leicester City,Glossop North End,1,4,2,2,5,-3,0
1912,Leicester City,Lincoln City,1,0,2,2,1,1,1
1912,Leyton Orient,Birmingham City,0,2,2,2,2,-2,0
1912,Leyton Orient,Bristol City,0,0,2,2,0,0,0
1912,Leyton Orient,Huddersfield Town,1,1,2,2,2,0,0
1912,Leyton Orient,Leicester City,1,1,2,2,2,0,0
1912,Lincoln City,Barnsley,2,0,2,2,2,2,1
1912,Lincoln City,Bury,0,1,2,2,1,-1,0
1912,Lincoln City,Grimsby Town,3,0,2,2,3,3,1
1912,Lincoln City,Leeds City,3,3,2,2,6,0,0
1912,Nottingham Forest,Blackpool,1,1,2,2,2,0,0
1912,Nottingham Forest,Glossop North End,3,2,2,2,5,1,1
1912,Nottingham Forest,Hull City,5,0,2,2,5,5,1
1912,Nottingham Forest,Leyton Orient,0,0,2,2,0,0,0
1912,Preston North End,Birmingham City,1,0,2,2,1,1,1
1912,Preston North End,Bristol City,5,1,2,2,6,4,1
1912,Preston North End,Leicester City,1,0,2,2,1,1,1
1912,Stockport County,Barnsley,0,3,2,2,3,-3,0
1912,Stockport County,Bury,1,2,2,2,3,-1,0
1912,Stockport County,Grimsby Town,1,1,2,2,2,0,0
1912,Stockport County,Lincoln City,2,4,2,2,6,-2,0
1912,Stockport County,Wolverhampton Wanderers,5,1,2,2,6,4,1
1912,Wolverhampton Wanderers,Blackpool,4,0,2,2,4,4,1
1912,Wolverhampton Wanderers,Burnley,0,2,2,2,2,-2,0
1912,Wolverhampton Wanderers,Glossop North End,3,1,2,2,4,2,1
1912,Wolverhampton Wanderers,Hull City,0,1,2,2,1,-1,0
1913,Aston Villa,Bolton Wanderers,1,0,1,1,1,1,1
1913,Aston Villa,Chelsea,1,2,1,1,3,-1,0
1913,Aston Villa,Liverpool,2,1,1,1,3,1,1
1913,Aston Villa,Sunderland,5,0,1,1,5,5,1
1913,Blackburn Rovers,Aston Villa,0,0,1,1,0,0,0
1913,Blackburn Rovers,Burnley,0,0,1,1,0,0,0
1913,Blackburn Rovers,Manchester United,0,1,1,1,1,-1,0
1913,Blackburn Rovers,Oldham Athletic,2,1,1,1,3,1,1
1913,Blackburn Rovers,Sheffield Wednesday,3,2,1,1,5,1,1
1913,Blackburn Rovers,West Bromwich Albion,2,0,1,1,2,2,1
1913,Bolton Wanderers,Bradford City,3,0,1,1,3,3,1
1913,Bolton Wanderers,Manchester City,3,0,1,1,3,3,1
1913,Bolton Wanderers,Sheffield United,3,1,1,1,4,2,1
1913,Bolton Wanderers,Tottenham Hotspur,3,0,1,1,3,3,1
1913,Bradford City,Sunderland,0,2,1,1,2,-2,0
1913,Burnley,Aston Villa,4,0,1,1,4,4,1
1913,Burnley,Oldham Athletic,2,0,1,1,2,2,1
1913,Burnley,West Bromwich Albion,0,0,1,1,0,0,0
1913,Chelsea,Bolton Wanderers,2,1,1,1,3,1,1
1913,Chelsea,Derby County,2,1,1,1,3,1,1
1913,Chelsea,Newcastle United,0,1,1,1,1,-1,0
1913,Derby County,Burnley,3,1,1,1,4,2,1
1913,Derby County,Liverpool,1,1,1,1,2,0,0
1913,Derby County,Middlesbrough,2,2,1,1,4,0,0
1913,Derby County,Sunderland,1,1,1,1,2,0,0
1913,Everton,Derby County,5,0,1,1,5,5,1
1913,Everton,Oldham Athletic,0,2,1,1,2,-2,0
1913,Everton,Sheffield Wednesday,1,1,1,1,2,0,0
1913,Everton,West Bromwich Albion,2,0,1,1,2,2,1
1913,Liverpool,Sheffield United,2,1,1,1,3,1,1
1913,Manchester City,Blackburn Rovers,1,2,1,1,3,-1,0
1913,Manchester City,Burnley,4,1,1,1,5,3,1
1913,Manchester City,Everton,1,1,1,1,2,0,0
1913,Manchester City,Middlesbrough,1,1,1,1,2,0,0
1913,Manchester City,Sunderland,3,1,1,1,4,2,1
1913,Manchester United,Derby County,3,3,1,1,6,0,0
1913,Manchester United,Manchester City,0,1,1,1,1,-1,0
1913,Manchester United,Sheffield Wednesday,2,1,1,1,3,1,1
1913,Middlesbrough,Chelsea,2,0,1,1,2,2,1
1913,Middlesbrough,Newcastle United,3,0,1,1,3,3,1
1913,Middlesbrough,Sheffield United,2,3,1,1,5,-1,0
1913,Middlesbrough,Tottenham Hotspur,6,0,1,1,6,6,1
1913,Newcastle United,Everton,0,1,1,1,1,-1,0
1913,Newcastle United,Preston North End,2,0,1,1,2,2,1
1913,Newcastle United,Sunderland,2,1,1,1,3,1,1
1913,Preston North End,Bolton Wanderers,1,1,1,1,2,0,0
1913,Preston North End,Liverpool,0,1,1,1,1,-1,0
1913,Preston North End,Middlesbrough,4,1,1,1,5,3,1
1913,Sheffield United,Burnley,5,0,1,1,5,5,1
1913,Sheffield United,Manchester United,2,0,1,1,2,2,1
1913,Sheffield United,Oldham Athletic,2,1,1,1,3,1,1
1913,Sheffield United,Sunderland,1,0,1,1,1,1,1
1913,Sheffield Wednesday,Aston Villa,2,3,1,1,5,-1,0
1913,Sheffield Wednesday,Bradford City,1,3,1,1,4,-2,0
1913,Sheffield Wednesday,Manchester City,2,2,1,1,4,0,0
1913,Sheffield Wednesday,Newcastle United,0,0,1,1,0,0,0
1913,Sheffield Wednesday,Sheffield United,2,1,1,1,3,1,1
1913,Sheffield Wednesday,West Bromwich Albion,1,4,1,1,5,-3,0
1913,Sunderland,Bolton Wanderers,3,2,1,1,5,1,1
1913,Sunderland,Chelsea,2,0,1,1,2,2,1
1913,Sunderland,Tottenham Hotspur,2,0,1,1,2,2,1
1913,Tottenham Hotspur,Burnley,2,0,1,1,2,2,1
1913,Tottenham Hotspur,Everton,4,1,1,1,5,3,1
1913,Tottenham Hotspur,Oldham Athletic,3,1,1,1,4,2,1
1913,Tottenham Hotspur,Sheffield Wednesday,1,1,1,1,2,0,0
1913,West Bromwich Albion,Derby County,2,1,1,1,3,1,1
1913,West Bromwich Albion,Manchester City,0,0,1,1,0,0,0
1913,West Bromwich Albion,Sheffield United,2,1,1,1,3,1,1
1913,West Bromwich Albion,Tottenham Hotspur,1,1,1,1,2,0,0
1913,Arsenal,Blackpool,2,1,2,2,3,1,1
1913,Arsenal,Bury,0,1,2,2,1,-1,0
1913,Arsenal,Leeds City,1,0,2,2,1,1,1
1913,Arsenal,Lincoln City,3,0,2,2,3,3,1
1913,Arsenal,Stockport County,4,0,2,2,4,4,1
1913,Barnsley,Birmingham City,1,1,2,2,2,0,0
1913,Barnsley,Glossop North End,2,0,2,2,2,2,1
1913,Barnsley,Hull City,0,2,2,2,2,-2,0
1913,Barnsley,Leyton Orient,2,1,2,2,3,1,1
1913,Birmingham City,Arsenal,2,0,2,2,2,2,1
1913,Birmingham City,Bradford Park Avenue,1,2,2,2,3,-1,0
1913,Birmingham City,Fulham,0,1,2,2,1,-1,0
1913,Birmingham City,Huddersfield Town,1,4,2,2,5,-3,0
1913,Birmingham City,Leicester City,1,0,2,2,1,1,1
1913,Blackpool,Bury,0,1,2,2,1,-1,0
1913,Blackpool,Lincoln City,2,1,2,2,3,1,1
1913,Blackpool,Stockport County,2,2,2,2,4,0,0
1913,Bradford Park Avenue,Barnsley,1,1,2,2,2,0,0
1913,Bradford Park Avenue,Bristol City,4,3,2,2,7,1,1
1913,Bradford Park Avenue,Leyton Orient,1,0,2,2,1,1,1
1913,Bradford Park Avenue,Notts County,0,3,2,2,3,-3,0
1913,Bristol City,Arsenal,1,1,2,2,2,0,0
1913,Bristol City,Blackpool,1,0,2,2,1,1,1
1913,Bristol City,Leicester City,1,0,2,2,1,1,1
1913,Bristol City,Nottingham Forest,1,0,2,2,1,1,1
1913,Bristol City,Wolverhampton Wanderers,0,0,2,2,0,0,0
1913,Bury,Grimsby Town,3,1,2,2,4,2,1
1913,Bury,Leeds City,1,1,2,2,2,0,0
1913,Bury,Lincoln City,1,0,2,2,1,1,1
1913,Bury,Stockport County,1,0,2,2,1,1,1
1913,Fulham,Barnsley,1,2,2,2,3,-1,0
1913,Fulham,Bradford Park Avenue,1,6,2,2,7,-5,0
1913,Fulham,Glossop North End,2,1,2,2,3,1,1
1913,Fulham,Leyton Orient,2,0,2,2,2,2,1
1913,Fulham,Notts County,1,2,2,2,3,-1,0
1913,Glossop North End,Blackpool,1,2,2,2,3,-1,0
1913,Glossop North End,Huddersfield Town,2,3,2,2,5,-1,0
1913,Grimsby Town,Bristol City,1,0,2,2,1,1,1
1913,Grimsby Town,Glossop North End,3,0,2,2,3,3,1
1913,Grimsby Town,Lincoln City,1,3,2,2,4,-2,0
1913,Grimsby Town,Stockport County,2,0,2,2,2,2,1
1913,Huddersfield Town,Barnsley,3,1,2,2,4,2,1
1913,Huddersfield Town,Bradford Park Avenue,0,1,2,2,1,-1,0
1913,Huddersfield Town,Hull City,0,3,2,2,3,-3,0
1913,Huddersfield Town,Leyton Orient,1,0,2,2,1,1,1
1913,Hull City,Arsenal,1,2,2,2,3,-1,0
1913,Hull City,Blackpool,0,0,2,2,0,0,0
1913,Hull City,Bury,0,1,2,2,1,-1,0
1913,Hull City,Grimsby Town,2,1,2,2,3,1,1
1913,Hull City,Nottingham Forest,1,0,2,2,1,1,1
1913,Hull City,Wolverhampton Wanderers,7,1,2,2,8,6,1
1913,Leeds City,Bristol City,1,0,2,2,1,1,1
1913,Leeds City,Glossop North End,3,0,2,2,3,3,1
1913,Leeds City,Hull City,1,2,2,2,3,-1,0
1913,Leeds City,Stockport County,5,1,2,2,6,4,1
1913,Leicester City,Barnsley,0,2,2,2,2,-2,0
1913,Leicester City,Bradford Park Avenue,2,3,2,2,5,-1,0
1913,Leicester City,Huddersfield Town,0,1,2,2,1,-1,0
1913,Leicester City,Leyton Orient,1,0,2,2,1,1,1
1913,Leyton Orient,Blackpool,2,0,2,2,2,2,1
1913,Leyton Orient,Bury,1,0,2,2,1,1,1
1913,Leyton Orient,Nottingham Forest,3,1,2,2,4,2,1
1913,Lincoln City,Birmingham City,1,1,2,2,2,0,0
1913,Lincoln City,Bristol City,2,1,2,2,3,1,1
1913,Lincoln City,Hull City,0,0,2,2,0,0,0
1913,Nottingham Forest,Barnsley,0,2,2,2,2,-2,0
1913,Nottingham Forest,Fulham,1,1,2,2,2,0,0
1913,Nottingham Forest,Notts County,1,0,2,2,1,1,1
1913,Notts County,Arsenal,1,0,2,2,1,1,1
1913,Notts County,Bury,2,0,2,2,2,2,1
1913,Notts County,Grimsby Town,4,0,2,2,4,4,1
1913,Notts County,Wolverhampton Wanderers,2,0,2,2,2,2,1
1913,Stockport County,Birmingham City,2,0,2,2,2,2,1
1913,Stockport County,Glossop North End,1,1,2,2,2,0,0
1913,Stockport County,Notts County,1,2,2,2,3,-1,0
1913,Wolverhampton Wanderers,Leicester City,2,1,2,2,3,1,1
1914,Aston Villa,Bradford Park Avenue,1,2,1,1,3,-1,0
1914,Aston Villa,Everton,1,5,1,1,6,-4,0
1914,Aston Villa,Manchester United,3,3,1,1,6,0,0
1914,Aston Villa,West Bromwich Albion,2,1,1,1,3,1,1
1914,Blackburn Rovers,Chelsea,3,2,1,1,5,1,1
1914,Blackburn Rovers,Sheffield United,1,2,1,1,3,-1,0
1914,Blackburn Rovers,Tottenham Hotspur,4,1,1,1,5,3,1
1914,Bolton Wanderers,Burnley,3,1,1,1,4,2,1
1914,Bolton Wanderers,Liverpool,0,1,1,1,1,-1,0
1914,Bolton Wanderers,Middlesbrough,4,0,1,1,4,4,1
1914,Bradford City,Aston Villa,3,0,1,1,3,3,1
1914,Bradford City,Bradford Park Avenue,3,2,1,1,5,1,1
1914,Bradford City,Everton,0,1,1,1,1,-1,0
1914,Bradford City,Manchester United,4,2,1,1,6,2,1
1914,Bradford City,Notts County,3,1,1,1,4,2,1
1914,Bradford City,Sheffield Wednesday,1,0,1,1,1,1,1
1914,Bradford City,West Bromwich Albion,5,0,1,1,5,5,1
1914,Bradford Park Avenue,Newcastle United,1,0,1,1,1,1,1
1914,Bradford Park Avenue,Sheffield United,2,0,1,1,2,2,1
1914,Bradford Park Avenue,Tottenham Hotspur,5,1,1,1,6,4,1
1914,Burnley,Liverpool,3,0,1,1,3,3,1
1914,Burnley,Oldham Athletic,2,3,1,1,5,-1,0
1914,Burnley,Sunderland,2,1,1,1,3,1,1
1914,Chelsea,Bradford City,2,0,1,1,2,2,1
1914,Chelsea,Manchester United,1,3,1,1,4,-2,0
1914,Chelsea,Notts County,4,1,1,1,5,3,1
1914,Chelsea,Sheffield Wednesday,0,0,1,1,0,0,0
1914,Chelsea,West Bromwich Albion,4,1,1,1,5,3,1
1914,Everton,Bolton Wanderers,5,3,1,1,8,2,1
1914,Everton,Burnley,0,2,1,1,2,-2,0
1914,Everton,Newcastle United,3,0,1,1,3,3,1
1914,Liverpool,Bradford Park Avenue,2,1,1,1,3,1,1
1914,Liverpool,Everton,0,5,1,1,5,-5,0
1914,Manchester City,Manchester United,1,1,1,1,2,0,0
1914,Manchester City,West Bromwich Albion,4,0,1,1,4,4,1
1914,Manchester United,Bolton Wanderers,4,1,1,1,5,3,1
1914,Manchester United,Newcastle United,1,0,1,1,1,1,1
1914,Manchester United,Sheffield United,1,2,1,1,3,-1,0
1914,Middlesbrough,Blackburn Rovers,1,4,1,1,5,-3,0
1914,Middlesbrough,Everton,5,1,1,1,6,4,1
1914,Middlesbrough,Oldham Athletic,4,1,1,1,5,3,1
1914,Middlesbrough,Sunderland,2,3,1,1,5,-1,0
1914,Newcastle United,Bradford City,1,0,1,1,1,1,1
1914,Newcastle United,Manchester City,2,1,1,1,3,1,1
1914,Newcastle United,Sheffield Wednesday,0,0,1,1,0,0,0
1914,Newcastle United,West Bromwich Albion,1,2,1,1,3,-1,0
1914,Notts County,Bolton Wanderers,0,0,1,1,0,0,0
1914,Notts County,Burnley,0,0,1,1,0,0,0
1914,Notts County,Liverpool,3,1,1,1,4,2,1
1914,Oldham Athletic,Bradford Park Avenue,6,2,1,1,8,4,1
1914,Oldham Athletic,Notts County,2,0,1,1,2,2,1
1914,Sheffield United,Aston Villa,3,0,1,1,3,3,1
1914,Sheffield United,Bradford City,1,1,1,1,2,0,0
1914,Sheffield United,Chelsea,1,1,1,1,2,0,0
1914,Sheffield United,Newcastle United,1,0,1,1,1,1,1
1914,Sheffield United,West Bromwich Albion,2,0,1,1,2,2,1
1914,Sheffield Wednesday,Burnley,0,0,1,1,0,0,0
1914,Sheffield Wednesday,Oldham Athletic,2,2,1,1,4,0,0
1914,Sheffield Wednesday,Tottenham Hotspur,3,2,1,1,5,1,1
1914,Sunderland,Blackburn Rovers,5,1,1,1,6,4,1
1914,Sunderland,Notts County,3,1,1,1,4,2,1
1914,Tottenham Hotspur,Aston Villa,0,2,1,1,2,-2,0
1914,Tottenham Hotspur,Manchester City,2,2,1,1,4,0,0
1914,West Bromwich Albion,Bolton Wanderers,3,0,1,1,3,3,1
1914,West Bromwich Albion,Middlesbrough,1,0,1,1,1,1,1
1914,Arsenal,Glossop North End,3,0,2,2,3,3,1
1914,Arsenal,Leyton Orient,2,1,2,2,3,1,1
1914,Barnsley,Bristol City,2,1,2,2,3,1,1
1914,Barnsley,Huddersfield Town,1,0,2,2,1,1,1
1914,Barnsley,Leicester City,1,0,2,2,1,1,1
1914,Barnsley,Wolverhampton Wanderers,2,1,2,2,3,1,1
1914,Birmingham City,Lincoln City,2,0,2,2,2,2,1
1914,Blackpool,Leyton Orient,5,1,2,2,6,4,1
1914,Blackpool,Preston North End,0,2,2,2,2,-2,0
1914,Bristol City,Blackpool,2,1,2,2,3,1,1
1914,Bristol City,Fulham,0,0,2,2,0,0,0
1914,Bristol City,Huddersfield Town,0,1,2,2,1,-1,0
1914,Bury,Birmingham City,1,3,2,2,4,-2,0
1914,Bury,Leeds City,0,0,2,2,0,0,0
1914,Bury,Lincoln City,1,1,2,2,2,0,0
1914,Bury,Stockport County,2,1,2,2,3,1,1
1914,Derby County,Hull City,4,1,2,2,5,3,1
1914,Derby County,Leyton Orient,0,3,2,2,3,-3,0
1914,Fulham,Nottingham Forest,2,1,2,2,3,1,1
1914,Fulham,Wolverhampton Wanderers,0,1,2,2,1,-1,0
1914,Glossop North End,Birmingham City,3,3,2,2,6,0,0
1914,Glossop North End,Bury,3,0,2,2,3,3,1
1914,Glossop North End,Grimsby Town,0,0,2,2,0,0,0
1914,Glossop North End,Leeds City,0,3,2,2,3,-3,0
1914,Glossop North End,Lincoln City,1,2,2,2,3,-1,0
1914,Grimsby Town,Fulham,1,1,2,2,2,0,0
1914,Grimsby Town,Hull City,1,1,2,2,2,0,0
1914,Grimsby Town,Leyton Orient,2,1,2,2,3,1,1
1914,Grimsby Town,Preston North End,2,2,2,2,4,0,0
1914,Huddersfield Town,Blackpool,5,0,2,2,5,5,1
1914,Huddersfield Town,Leicester City,3,1,2,2,4,2,1
1914,Huddersfield Town,Wolverhampton Wanderers,2,0,2,2,2,2,1
1914,Hull City,Birmingham City,0,0,2,2,0,0,0
1914,Hull City,Glossop North End,2,0,2,2,2,2,1
1914,Leeds City,Barnsley,0,2,2,2,2,-2,0
1914,Leeds City,Bristol City,1,1,2,2,2,0,0
1914,Leeds City,Fulham,0,1,2,2,1,-1,0
1914,Leeds City,Leyton Orient,0,1,2,2,1,-1,0
1914,Leicester City,Arsenal,1,4,2,2,5,-3,0
1914,Leicester City,Blackpool,2,2,2,2,4,0,0
1914,Leicester City,Wolverhampton Wanderers,0,3,2,2,3,-3,0
1914,Leyton Orient,Stockport County,3,0,2,2,3,3,1
1914,Lincoln City,Barnsley,3,0,2,2,3,3,1
1914,Lincoln City,Fulham,3,1,2,2,4,2,1
1914,Lincoln City,Leicester City,2,3,2,2,5,-1,0
1914,Lincoln City,Preston North End,3,1,2,2,4,2,1
1914,Nottingham Forest,Arsenal,1,1,2,2,2,0,0
1914,Nottingham Forest,Derby County,2,2,2,2,4,0,0
1914,Nottingham Forest,Leeds City,3,1,2,2,4,2,1
1914,Nottingham Forest,Lincoln City,3,2,2,2,5,1,1
1914,Preston North End,Stockport County,2,0,2,2,2,2,1
1914,Stockport County,Barnsley,1,2,2,2,3,-1,0
1914,Stockport County,Bristol City,2,2,2,2,4,0,0
1914,Stockport County,Leicester City,3,0,2,2,3,3,1
1914,Stockport County,Nottingham Forest,1,0,2,2,1,1,1
1914,Wolverhampton Wanderers,Grimsby Town,0,1,2,2,1,-1,0
1914,Wolverhampton Wanderers,Leeds City,5,1,2,2,6,4,1
1919,Arsenal,Manchester United,0,3,1,1,3,-3,0
1919,Arsenal,Sheffield United,3,0,1,1,3,3,1
1919,Aston Villa,Bolton Wanderers,3,6,1,1,9,-3,0
1919,Aston Villa,Manchester United,2,0,1,1,2,2,1
1919,Aston Villa,West Bromwich Albion,2,4,1,1,6,-2,0
1919,Blackburn Rovers,Sheffield United,4,0,1,1,4,4,1
1919,Bolton Wanderers,Everton,0,2,1,1,2,-2,0
1919,Bolton Wanderers,West Bromwich Albion,1,2,1,1,3,-1,0
1919,Bradford City,Blackburn Rovers,3,1,1,1,4,2,1
1919,Bradford City,Burnley,2,1,1,1,3,1,1
1919,Bradford City,Notts County,3,4,1,1,7,-1,0
1919,Bradford City,West Bromwich Albion,3,0,1,1,3,3,1
1919,Bradford Park Avenue,Notts County,0,1,1,1,1,-1,0
1919,Bradford Park Avenue,Sheffield United,1,0,1,1,1,1,1
1919,Bradford Park Avenue,West Bromwich Albion,0,4,1,1,4,-4,0
1919,Burnley,Blackburn Rovers,3,1,1,1,4,2,1
1919,Burnley,Bradford Park Avenue,2,6,1,1,8,-4,0
1919,Burnley,Everton,5,0,1,1,5,5,1
1919,Burnley,Sheffield United,2,2,1,1,4,0,0
1919,Burnley,West Bromwich Albion,2,2,1,1,4,0,0
1919,Chelsea,Blackburn Rovers,2,1,1,1,3,1,1
1919,Chelsea,Bradford Park Avenue,4,0,1,1,4,4,1
1919,Chelsea,Everton,0,1,1,1,1,-1,0
1919,Chelsea,Manchester United,1,0,1,1,1,1,1
1919,Derby County,Blackburn Rovers,0,0,1,1,0,0,0
1919,Derby County,Bradford Park Avenue,0,0,1,1,0,0,0
1919,Derby County,Notts County,3,1,1,1,4,2,1
1919,Derby County,Sheffield United,5,1,1,1,6,4,1
1919,Derby County,West Bromwich Albion,0,4,1,1,4,-4,0
1919,Everton,Blackburn Rovers,3,0,1,1,3,3,1
1919,Everton,Bradford Park Avenue,2,0,1,1,2,2,1
1919,Everton,Derby County,4,0,1,1,4,4,1
1919,Everton,Notts County,1,2,1,1,3,-1,0
1919,Everton,Sheffield United,3,0,1,1,3,3,1
1919,Everton,West Bromwich Albion,2,5,1,1,7,-3,0
1919,Liverpool,Bradford Park Avenue,3,3,1,1,6,0,0
1919,Liverpool,Derby County,3,0,1,1,3,3,1
1919,Liverpool,Manchester United,0,0,1,1,0,0,0
1919,Liverpool,Sheffield United,2,0,1,1,2,2,1
1919,Liverpool,West Bromwich Albion,0,0,1,1,0,0,0
1919,Manchester City,Bradford Park Avenue,4,1,1,1,5,3,1
1919,Manchester City,Manchester United,3,3,1,1,6,0,0
1919,Manchester City,Sheffield United,3,3,1,1,6,0,0
1919,Manchester City,West Bromwich Albion,2,3,1,1,5,-1,0
1919,Manchester United,Blackburn Rovers,1,1,1,1,2,0,0
1919,Manchester United,Derby County,0,2,1,1,2,-2,0
1919,Manchester United,Manchester City,1,0,1,1,1,1,1
1919,Manchester United,West Bromwich Albion,1,2,1,1,3,-1,0
1919,Middlesbrough,Blackburn Rovers,2,2,1,1,4,0,0
1919,Middlesbrough,Bradford Park Avenue,1,2,1,1,3,-1,0
1919,Middlesbrough,Manchester City,0,2,1,1,2,-2,0
1919,Middlesbrough,Notts County,5,2,1,1,7,3,1
1919,Middlesbrough,West Bromwich Albion,0,0,1,1,0,0,0
1919,Newcastle United,Blackburn Rovers,0,0,1,1,0,0,0
1919,Newcastle United,Bradford Park Avenue,4,0,1,1,4,4,1
1919,Newcastle United,Notts County,2,1,1,1,3,1,1
1919,Newcastle United,Sheffield United,2,1,1,1,3,1,1
1919,Newcastle United,West Bromwich Albion,0,2,1,1,2,-2,0
1919,Notts County,Bradford Park Avenue,0,2,1,1,2,-2,0
1919,Notts County,Derby County,2,2,1,1,4,0,0
1919,Notts County,Manchester City,4,1,1,1,5,3,1
1919,Notts County,Sheffield United,2,2,1,1,4,0,0
1919,Notts County,West Bromwich Albion,2,0,1,1,2,2,1
1919,Oldham Athletic,Blackburn Rovers,0,0,1,1,0,0,0
1919,Oldham Athletic,Bradford Park Avenue,2,2,1,1,4,0,0
1919,Oldham Athletic,Manchester City,1,3,1,1,4,-2,0
1919,Oldham Athletic,Newcastle United,1,0,1,1,1,1,1
1919,Oldham Athletic,Sheffield United,4,0,1,1,4,4,1
1919,Oldham Athletic,West Bromwich Albion,2,1,1,1,3,1,1
1919,Preston North End,Blackburn Rovers,0,0,1,1,0,0,0
1919,Preston North End,Bradford Park Avenue,0,3,1,1,3,-3,0
1919,Preston North End,Newcastle United,2,3,1,1,5,-1,0
1919,Preston North End,West Bromwich Albion,0,1,1,1,1,-1,0
1919,Sheffield United,Blackburn Rovers,2,0,1,1,2,2,1
1919,Sheffield United,Bradford Park Avenue,2,2,1,1,4,0,0
1919,Sheffield United,Derby County,0,0,1,1,0,0,0
1919,Sheffield United,Manchester City,3,1,1,1,4,2,1
1919,Sheffield United,Newcastle United,2,1,1,1,3,1,1
1919,Sheffield United,West Bromwich Albion,1,0,1,1,1,1,1
1919,Sheffield Wednesday,Blackburn Rovers,0,0,1,1,0,0,0
1919,Sheffield Wednesday,Bradford Park Avenue,0,1,1,1,1,-1,0
1919,Sheffield Wednesday,Manchester City,0,0,1,1,0,0,0
1919,Sunderland,Derby County,2,1,1,1,3,1,1
1919,Sunderland,Preston North End,1,0,1,1,1,1,1
1919,Sunderland,West Bromwich Albion,4,1,1,1,5,3,1
1919,West Bromwich Albion,Blackburn Rovers,5,2,1,1,7,3,1
1919,West Bromwich Albion,Bradford Park Avenue,3,1,1,1,4,2,1
1919,West Bromwich Albion,Derby County,3,0,1,1,3,3,1
1919,West Bromwich Albion,Sunderland,4,0,1,1,4,4,1
1919,Barnsley,Bristol City,0,0,2,2,0,0,0
1919,Barnsley,Rotherham County,4,0,2,2,4,4,1
1919,Barnsley,Wolverhampton Wanderers,4,1,2,2,5,3,1
1919,Birmingham City,Hull City,4,1,2,2,5,3,1
1919,Birmingham City,Lincoln City,7,0,2,2,7,7,1
1919,Birmingham City,Stoke City,2,1,2,2,3,1,1
1919,Birmingham City,Wolverhampton Wanderers,2,0,2,2,2,2,1
1919,Blackpool,Hull City,2,1,2,2,3,1,1
1919,Blackpool,Rotherham County,5,1,2,2,6,4,1
1919,Blackpool,Wolverhampton Wanderers,1,1,2,2,2,0,0
1919,Bristol City,Lincoln City,6,0,2,2,6,6,1
1919,Bristol City,Rotherham County,2,1,2,2,3,1,1
1919,Bristol City,Stoke City,1,2,2,2,3,-1,0
1919,Bristol City,Wolverhampton Wanderers,1,1,2,2,2,0,0
1919,Bury,Fulham,2,2,2,2,4,0,0
1919,Bury,Lincoln City,3,0,2,2,3,3,1
1919,Bury,Stoke City,1,0,2,2,1,1,1
1919,Coventry City,Fulham,0,1,2,2,1,-1,0
1919,Coventry City,Hull City,0,1,2,2,1,-1,0
1919,Fulham,Blackpool,1,2,2,2,3,-1,0
1919,Fulham,Hull City,1,0,2,2,1,1,1
1919,Fulham,Lincoln City,3,0,2,2,3,3,1
1919,Fulham,Rotherham County,3,0,2,2,3,3,1
1919,Grimsby Town,Lincoln City,2,2,2,2,4,0,0
1919,Grimsby Town,Rotherham County,0,1,2,2,1,-1,0
1919,Grimsby Town,Stoke City,2,0,2,2,2,2,1
1919,Grimsby Town,Wolverhampton Wanderers,0,1,2,2,1,-1,0
1919,Huddersfield Town,Coventry City,5,0,2,2,5,5,1
1919,Huddersfield Town,Lincoln City,4,2,2,2,6,2,1
1919,Huddersfield Town,Rotherham County,7,1,2,2,8,6,1
1919,Huddersfield Town,Stoke City,3,0,2,2,3,3,1
1919,Huddersfield Town,Wolverhampton Wanderers,2,0,2,2,2,2,1
1919,Hull City,Coventry City,0,1,2,2,1,-1,0
1919,Hull City,Huddersfield Town,1,4,2,2,5,-3,0
1919,Hull City,Leyton Orient,3,1,2,2,4,2,1
1919,Leeds City,Hull City,1,2,2,2,3,-1,0
1919,Leicester City,Birmingham City,1,0,2,2,1,1,1
1919,Leicester City,Bury,0,5,2,2,5,-5,0
1919,Leicester City,Port Vale,0,1,2,2,1,-1,0
1919,Leicester City,Stockport County,0,2,2,2,2,-2,0
1919,Leyton Orient,Bury,2,1,2,2,3,1,1
1919,Leyton Orient,Port Vale,2,1,2,2,3,1,1
1919,Leyton Orient,Stockport County,2,1,2,2,3,1,1
1919,Lincoln City,Grimsby Town,2,0,2,2,2,2,1
1919,Lincoln City,Leicester City,0,3,2,2,3,-3,0
1919,Lincoln City,Port Vale,0,0,2,2,0,0,0
1919,Lincoln City,West Ham United,1,4,2,2,5,-3,0
1919,Nottingham Forest,West Ham United,2,1,2,2,3,1,1
1919,Port Vale,Fulham,3,4,2,2,7,-1,0
1919,Port Vale,Nottingham Forest,4,1,2,2,5,3,1
1919,Port Vale,West Ham United,1,0,2,2,1,1,1
1919,Rotherham County,Blackpool,1,2,2,2,3,-1,0
1919,Rotherham County,Coventry City,4,3,2,2,7,1,1
1919,Rotherham County,Leyton Orient,3,1,2,2,4,2,1
1919,Rotherham County,Stoke City,1,3,2,2,4,-2,0
1919,Rotherham County,Wolverhampton Wanderers,2,0,2,2,2,2,1
1919,South Shields,Coventry City,1,0,2,2,1,1,1
1919,South Shields,Leyton Orient,2,0,2,2,2,2,1
1919,South Shields,Wolverhampton Wanderers,0,0,2,2,0,0,0
1919,Stockport County,Huddersfield Town,1,2,2,2,3,-1,0
1919,Stockport County,Stoke City,3,1,2,2,4,2,1
1919,Stoke City,Coventry City,6,1,2,2,7,5,1
1919,Stoke City,Huddersfield Town,0,1,2,2,1,-1,0
1919,Stoke City,Port Vale,0,0,2,2,0,0,0
1919,Tottenham Hotspur,Coventry City,4,1,2,2,5,3,1
1919,Tottenham Hotspur,Huddersfield Town,2,0,2,2,2,2,1
1919,Tottenham Hotspur,Leyton Orient,2,1,2,2,3,1,1
1919,Tottenham Hotspur,Stockport County,2,0,2,2,2,2,1
1919,Tottenham Hotspur,Wolverhampton Wanderers,4,2,2,2,6,2,1
1919,West Ham United,Blackpool,1,0,2,2,1,1,1
1919,West Ham United,Coventry City,2,0,2,2,2,2,1
1919,West Ham United,Leyton Orient,0,1,2,2,1,-1,0
1919,West Ham United,Port Vale,3,1,2,2,4,2,1
1919,Wolverhampton Wanderers,Coventry City,2,0,2,2,2,2,1
1919,Wolverhampton Wanderers,Huddersfield Town,2,3,2,2,5,-1,0
1919,Wolverhampton Wanderers,Stockport County,2,2,2,2,4,0,0
1920,Arsenal,Bolton Wanderers,0,0,1,1,0,0,0
1920,Arsenal,Burnley,1,1,1,1,2,0,0
1920,Arsenal,Manchester City,2,1,1,1,3,1,1
1920,Arsenal,Newcastle United,1,1,1,1,2,0,0
1920,Arsenal,Sheffield United,2,6,1,1,8,-4,0
1920,Aston Villa,Bolton Wanderers,2,0,1,1,2,2,1
1920,Aston Villa,Burnley,0,0,1,1,0,0,0
1920,Aston Villa,Everton,1,3,1,1,4,-2,0
1920,Aston Villa,Manchester City,3,1,1,1,4,2,1
1920,Aston Villa,Newcastle United,0,0,1,1,0,0,0
1920,Aston Villa,Sheffield United,4,0,1,1,4,4,1
1920,Blackburn Rovers,Manchester City,0,2,1,1,2,-2,0
1920,Blackburn Rovers,Newcastle United,3,3,1,1,6,0,0
1920,Blackburn Rovers,West Bromwich Albion,5,1,1,1,6,4,1
1920,Bolton Wanderers,Blackburn Rovers,2,1,1,1,3,1,1
1920,Bolton Wanderers,Burnley,1,1,1,1,2,0,0
1920,Bolton Wanderers,Manchester City,3,0,1,1,3,3,1
1920,Bolton Wanderers,Newcastle United,3,1,1,1,4,2,1
1920,Bolton Wanderers,Sheffield United,2,2,1,1,4,0,0
1920,Bradford City,Blackburn Rovers,3,4,1,1,7,-1,0
1920,Bradford City,Manchester City,1,2,1,1,3,-1,0
1920,Bradford City,Newcastle United,1,1,1,1,2,0,0
1920,Bradford Park Avenue,Burnley,1,3,1,1,4,-2,0
1920,Bradford Park Avenue,Everton,3,3,1,1,6,0,0
1920,Bradford Park Avenue,Manchester City,1,2,1,1,3,-1,0
1920,Burnley,Bradford Park Avenue,1,0,1,1,1,1,1
1920,Burnley,Newcastle United,3,1,1,1,4,2,1
1920,Chelsea,Bradford Park Avenue,4,1,1,1,5,3,1
1920,Chelsea,Everton,0,1,1,1,1,-1,0
1920,Chelsea,Sheffield United,2,1,1,1,3,1,1
1920,Chelsea,West Bromwich Albion,3,0,1,1,3,3,1
1920,Derby County,Manchester City,3,0,1,1,3,3,1
1920,Derby County,Sheffield United,1,1,1,1,2,0,0
1920,Derby County,West Bromwich Albion,1,1,1,1,2,0,0
1920,Everton,Bradford Park Avenue,1,1,1,1,2,0,0
1920,Everton,Derby County,3,1,1,1,4,2,1
1920,Everton,Manchester City,3,0,1,1,3,3,1
1920,Everton,Sheffield United,3,0,1,1,3,3,1
1920,Huddersfield Town,Bradford Park Avenue,0,0,1,1,0,0,0
1920,Huddersfield Town,Manchester City,0,1,1,1,1,-1,0
1920,Huddersfield Town,West Bromwich Albion,5,1,1,1,6,4,1
1920,Liverpool,Blackburn Rovers,2,0,1,1,2,2,1
1920,Liverpool,Newcastle United,0,1,1,1,1,-1,0
1920,Liverpool,Sheffield United,2,2,1,1,4,0,0
1920,Liverpool,West Bromwich Albion,0,0,1,1,0,0,0
1920,Manchester City,Bradford Park Avenue,1,0,1,1,1,1,1
1920,Manchester City,Derby County,0,0,1,1,0,0,0
1920,Manchester City,Liverpool,3,2,1,1,5,1,1
1920,Manchester City,Newcastle United,3,1,1,1,4,2,1
1920,Manchester City,Sheffield United,2,1,1,1,3,1,1
1920,Manchester United,Blackburn Rovers,0,1,1,1,1,-1,0
1920,Manchester United,Sheffield United,2,1,1,1,3,1,1
1920,Manchester United,West Bromwich Albion,1,4,1,1,5,-3,0
1920,Middlesbrough,Bradford Park Avenue,2,1,1,1,3,1,1
1920,Middlesbrough,Liverpool,0,1,1,1,1,-1,0
1920,Newcastle United,Bradford Park Avenue,2,1,1,1,3,1,1
1920,Newcastle United,Sheffield United,3,0,1,1,3,3,1
1920,Oldham Athletic,Liverpool,0,0,1,1,0,0,0
1920,Oldham Athletic,Middlesbrough,3,3,1,1,6,0,0
1920,Oldham Athletic,Sheffield United,0,0,1,1,0,0,0
1920,Oldham Athletic,West Bromwich Albion,0,3,1,1,3,-3,0
1920,Preston North End,Blackburn Rovers,4,2,1,1,6,2,1
1920,Preston North End,Bradford Park Avenue,3,3,1,1,6,0,0
1920,Preston North End,Derby County,2,1,1,1,3,1,1
1920,Preston North End,Liverpool,2,3,1,1,5,-1,0
1920,Preston North End,West Bromwich Albion,2,1,1,1,3,1,1
1920,Sheffield United,Liverpool,0,1,1,1,1,-1,0
1920,Sheffield United,Middlesbrough,1,1,1,1,2,0,0
1920,Sheffield United,West Bromwich Albion,0,2,1,1,2,-2,0
1920,Sunderland,Blackburn Rovers,2,0,1,1,2,2,1
1920,Sunderland,Bradford Park Avenue,5,1,1,1,6,4,1
1920,Sunderland,Derby County,3,0,1,1,3,3,1
1920,Sunderland,Middlesbrough,1,2,1,1,3,-1,0
1920,Tottenham Hotspur,Blackburn Rovers,1,2,1,1,3,-1,0
1920,Tottenham Hotspur,Bradford Park Avenue,2,0,1,1,2,2,1
1920,Tottenham Hotspur,Liverpool,1,0,1,1,1,1,1
1920,Tottenham Hotspur,Preston North End,1,2,1,1,3,-1,0
1920,West Bromwich Albion,Bradford Park Avenue,0,1,1,1,1,-1,0
1920,West Bromwich Albion,Derby County,3,0,1,1,3,3,1
1920,West Bromwich Albion,Liverpool,1,1,1,1,2,0,0
1920,West Bromwich Albion,Preston North End,0,3,1,1,3,-3,0
1920,Barnsley,Coventry City,2,2,2,2,4,0,0
1920,Barnsley,Leeds United,1,1,2,2,2,0,0
1920,Barnsley,Wolverhampton Wanderers,3,2,2,2,5,1,1
1920,Birmingham City,Nottingham Forest,3,0,2,2,3,3,1
1920,Birmingham City,Rotherham County,3,2,2,2,5,1,1
1920,Birmingham City,Stockport County,5,0,2,2,5,5,1
1920,Blackpool,Coventry City,4,0,2,2,4,4,1
1920,Blackpool,Nottingham Forest,1,0,2,2,1,1,1
1920,Blackpool,Rotherham County,0,1,2,2,1,-1,0
1920,Blackpool,Wolverhampton Wanderers,3,0,2,2,3,3,1
1920,Bristol City,Nottingham Forest,1,0,2,2,1,1,1
1920,Bury,Coventry City,2,0,2,2,2,2,1
1920,Cardiff City,Blackpool,0,0,2,2,0,0,0
1920,Cardiff City,Leeds United,1,0,2,2,1,1,1
1920,Cardiff City,Stockport County,3,0,2,2,3,3,1
1920,Cardiff City,Wolverhampton Wanderers,2,0,2,2,2,2,1
1920,Coventry City,Blackpool,0,2,2,2,2,-2,0
1920,Coventry City,Leeds United,1,1,2,2,2,0,0
1920,Coventry City,Rotherham County,0,1,2,2,1,-1,0
1920,Coventry City,Wolverhampton Wanderers,4,0,2,2,4,4,1
1920,Fulham,Blackpool,1,2,2,2,3,-1,0
1920,Fulham,Leeds United,1,0,2,2,1,1,1
1920,Fulham,Stockport County,3,1,2,2,4,2,1
1920,Fulham,Wolverhampton Wanderers,2,0,2,2,2,2,1
1920,Hull City,Blackpool,2,1,2,2,3,1,1
1920,Hull City,Cardiff City,2,0,2,2,2,2,1
1920,Hull City,Leeds United,0,1,2,2,1,-1,0
1920,Hull City,Stockport County,1,1,2,2,2,0,0
1920,Leeds United,Blackpool,2,0,2,2,2,2,1
1920,Leeds United,Nottingham Forest,1,1,2,2,2,0,0
1920,Leicester City,Blackpool,0,1,2,2,1,-1,0
1920,Leicester City,Cardiff City,2,0,2,2,2,2,1
1920,Leicester City,Hull City,0,0,2,2,0,0,0
1920,Leicester City,Rotherham County,1,1,2,2,2,0,0
1920,Leicester City,Stockport County,0,0,2,2,0,0,0
1920,Leyton Orient,Hull City,1,1,2,2,2,0,0
1920,Leyton Orient,Nottingham Forest,2,1,2,2,3,1,1
1920,Nottingham Forest,Blackpool,3,1,2,2,4,2,1
1920,Nottingham Forest,Cardiff City,1,2,2,2,3,-1,0
1920,Nottingham Forest,Hull City,2,0,2,2,2,2,1
1920,Nottingham Forest,Leyton Orient,1,1,2,2,2,0,0
1920,Nottingham Forest,Rotherham County,6,1,2,2,7,5,1
1920,Nottingham Forest,Wolverhampton Wanderers,1,1,2,2,2,0,0
1920,Notts County,Cardiff City,1,2,2,2,3,-1,0
1920,Notts County,Hull City,4,1,2,2,5,3,1
1920,Notts County,Rotherham County,1,0,2,2,1,1,1
1920,Notts County,Stockport County,3,0,2,2,3,3,1
1920,Notts County,Wolverhampton Wanderers,2,1,2,2,3,1,1
1920,Port Vale,Cardiff City,0,0,2,2,0,0,0
1920,Port Vale,Leyton Orient,4,0,2,2,4,4,1
1920,Port Vale,Stockport County,6,1,2,2,7,5,1
1920,Port Vale,Wolverhampton Wanderers,2,3,2,2,5,-1,0
1920,Rotherham County,Blackpool,0,2,2,2,2,-2,0
1920,Rotherham County,Leyton Orient,0,0,2,2,0,0,0
1920,Rotherham County,Wolverhampton Wanderers,1,0,2,2,1,1,1
1920,Sheffield Wednesday,Cardiff City,0,1,2,2,1,-1,0
1920,Sheffield Wednesday,Leyton Orient,1,1,2,2,2,0,0
1920,Sheffield Wednesday,Stockport County,2,1,2,2,3,1,1
1920,South Shields,Leyton Orient,3,0,2,2,3,3,1
1920,Stockport County,Cardiff City,2,5,2,2,7,-3,0
1920,Stockport County,Hull City,2,2,2,2,4,0,0
1920,Stockport County,Leyton Orient,6,0,2,2,6,6,1
1920,Stoke City,Blackpool,1,1,2,2,2,0,0
1920,Stoke City,Hull City,1,3,2,2,4,-2,0
1920,Stoke City,Port Vale,0,1,2,2,1,-1,0
1920,Stoke City,South Shields,0,0,2,2,0,0,0
1920,West Ham United,Cardiff City,1,1,2,2,2,0,0
1920,West Ham United,Hull City,1,1,2,2,2,0,0
1920,West Ham United,Leyton Orient,1,0,2,2,1,1,1
1920,Wolverhampton Wanderers,Blackpool,3,1,2,2,4,2,1
1920,Wolverhampton Wanderers,Cardiff City,1,3,2,2,4,-2,0
1920,Wolverhampton Wanderers,Hull City,1,3,2,2,4,-2,0
1920,Wolverhampton Wanderers,Port Vale,2,2,2,2,4,0,0
1920,Wolverhampton Wanderers,West Ham United,1,2,2,2,3,-1,0
1920,Brentford,Crystal Palace,0,4,3,3,4,-4,0
1920,Brentford,Grimsby Town,5,0,3,3,5,5,1
1920,Brentford,Southend United,2,2,3,3,4,0,0
1920,Brighton & Hove Albion,Grimsby Town,1,3,3,3,4,-2,0
1920,Brighton & Hove Albion,Queens Park Rangers,2,1,3,3,3,1,1
1920,Bristol Rovers,Crystal Palace,2,1,3,3,3,1,1
1920,Bristol Rovers,Norwich City,2,2,3,3,4,0,0
1920,Bristol Rovers,Southend United,2,1,3,3,3,1,1
1920,Crystal Palace,Grimsby Town,2,0,3,3,2,2,1
1920,Crystal Palace,Queens Park Rangers,0,0,3,3,0,0,0
1920,Crystal Palace,Southend United,2,3,3,3,5,-1,0
1920,Exeter City,Bristol Rovers,1,0,3,3,1,1,1
1920,Exeter City,Queens Park Rangers,0,1,3,3,1,-1,0
1920,Gillingham,Millwall,0,0,3,3,0,0,0
1920,Gillingham,Queens Park Rangers,1,2,3,3,3,-1,0
1920,Gillingham,Southend United,1,1,3,3,2,0,0
1920,Gillingham,Watford,1,1,3,3,2,0,0
1920,Grimsby Town,Bristol Rovers,3,1,3,3,4,2,1
1920,Grimsby Town,Norwich City,1,1,3,3,2,0,0
1920,Grimsby Town,Southend United,1,0,3,3,1,1,1
1920,Grimsby Town,Watford,3,0,3,3,3,3,1
1920,Luton Town,Bristol Rovers,1,2,3,3,3,-1,0
1920,Luton Town,Gillingham,5,0,3,3,5,5,1
1920,Luton Town,Queens Park Rangers,2,1,3,3,3,1,1
1920,Merthyr Town,Bristol Rovers,2,2,3,3,4,0,0
1920,Merthyr Town,Gillingham,6,1,3,3,7,5,1
1920,Merthyr Town,Queens Park Rangers,3,1,3,3,4,2,1
1920,Merthyr Town,Watford,2,0,3,3,2,2,1
1920,Millwall,Bristol Rovers,2,0,3,3,2,2,1
1920,Millwall,Gillingham,4,0,3,3,4,4,1
1920,Newport County,Norwich City,2,0,3,3,2,2,1
1920,Newport County,Queens Park Rangers,1,3,3,3,4,-2,0
1920,Newport County,Southend United,1,1,3,3,2,0,0
1920,Newport County,Watford,0,2,3,3,2,-2,0
1920,Northampton Town,Bristol Rovers,1,2,3,3,3,-1,0
1920,Northampton Town,Gillingham,2,0,3,3,2,2,1
1920,Northampton Town,Norwich City,1,0,3,3,1,1,1
1920,Northampton Town,Southend United,1,0,3,3,1,1,1
1920,Norwich City,Queens Park Rangers,2,0,3,3,2,2,1
1920,Plymouth Argyle,Gillingham,3,1,3,3,4,2,1
1920,Plymouth Argyle,Merthyr Town,2,1,3,3,3,1,1
1920,Plymouth Argyle,Southend United,0,0,3,3,0,0,0
1920,Portsmouth,Bristol Rovers,1,0,3,3,1,1,1
1920,Portsmouth,Merthyr Town,0,0,3,3,0,0,0
1920,Portsmouth,Northampton Town,2,0,3,3,2,2,1
1920,Portsmouth,Queens Park Rangers,0,0,3,3,0,0,0
1920,Portsmouth,Southend United,3,0,3,3,3,3,1
1920,Portsmouth,Watford,1,0,3,3,1,1,1
1920,Queens Park Rangers,Southend United,2,0,3,3,2,2,1
1920,Queens Park Rangers,Watford,1,2,3,3,3,-1,0
1920,Reading,Bristol Rovers,2,1,3,3,3,1,1
1920,Reading,Gillingham,1,2,3,3,3,-1,0
1920,Reading,Merthyr Town,2,0,3,3,2,2,1
1920,Reading,Northampton Town,4,0,3,3,4,4,1
1920,Reading,Portsmouth,1,0,3,3,1,1,1
1920,Southampton,Bristol Rovers,4,0,3,3,4,4,1
1920,Southampton,Merthyr Town,5,0,3,3,5,5,1
1920,Southampton,Portsmouth,2,0,3,3,2,2,1
1920,Southampton,Watford,4,1,3,3,5,3,1
1920,Southend United,Gillingham,1,0,3,3,1,1,1
1920,Southend United,Merthyr Town,0,1,3,3,1,-1,0
1920,Southend United,Northampton Town,1,2,3,3,3,-1,0
1920,Southend United,Watford,4,1,3,3,5,3,1
1920,Swansea City,Gillingham,2,0,3,3,2,2,1
1920,Swansea City,Merthyr Town,1,0,3,3,1,1,1
1920,Swansea City,Northampton Town,2,2,3,3,4,0,0
1920,Swansea City,Portsmouth,0,0,3,3,0,0,0
1920,Swindon Town,Portsmouth,5,2,3,3,7,3,1
1920,Swindon Town,Southampton,3,2,3,3,5,1,1
1920,Swindon Town,Watford,2,0,3,3,2,2,1
1920,Watford,Merthyr Town,1,0,3,3,1,1,1
1920,Watford,Northampton Town,7,1,3,3,8,6,1
1920,Watford,Southampton,0,0,3,3,0,0,0
1921,Arsenal,Burnley,0,0,1,1,0,0,0
1921,Arsenal,Newcastle United,2,1,1,1,3,1,1
1921,Arsenal,Sheffield United,1,2,1,1,3,-1,0
1921,Arsenal,West Bromwich Albion,2,2,1,1,4,0,0
1921,Aston Villa,Blackburn Rovers,1,1,1,1,2,0,0
1921,Aston Villa,Burnley,2,0,1,1,2,2,1
1921,Aston Villa,Everton,2,1,1,1,3,1,1
1921,Aston Villa,Newcastle United,1,0,1,1,1,1,1
1921,Aston Villa,Sheffield United,5,3,1,1,8,2,1
1921,Aston Villa,West Bromwich Albion,0,1,1,1,1,-1,0
1921,Birmingham City,Newcastle United,0,4,1,1,4,-4,0
1921,Birmingham City,West Bromwich Albion,0,2,1,1,2,-2,0
1921,Blackburn Rovers,Burnley,3,2,1,1,5,1,1
1921,Blackburn Rovers,Everton,2,2,1,1,4,0,0
1921,Blackburn Rovers,Manchester City,3,1,1,1,4,2,1
1921,Blackburn Rovers,West Bromwich Albion,2,3,1,1,5,-1,0
1921,Bolton Wanderers,Birmingham City,1,2,1,1,3,-1,0
1921,Bolton Wanderers,Everton,1,0,1,1,1,1,1
1921,Bolton Wanderers,Manchester City,5,0,1,1,5,5,1
1921,Bolton Wanderers,Sheffield United,3,1,1,1,4,2,1
1921,Bradford City,Manchester City,1,2,1,1,3,-1,0
1921,Bradford City,Newcastle United,2,3,1,1,5,-1,0
1921,Bradford City,Sheffield United,1,1,1,1,2,0,0
1921,Burnley,Sheffield United,2,1,1,1,3,1,1
1921,Burnley,West Bromwich Albion,4,2,1,1,6,2,1
1921,Cardiff City,Birmingham City,3,1,1,1,4,2,1
1921,Cardiff City,Bradford City,6,3,1,1,9,3,1
1921,Cardiff City,Newcastle United,1,0,1,1,1,1,1
1921,Cardiff City,West Bromwich Albion,2,0,1,1,2,2,1
1921,Chelsea,Bradford City,1,0,1,1,1,1,1
1921,Chelsea,West Bromwich Albion,1,1,1,1,2,0,0
1921,Everton,Birmingham City,2,1,1,1,3,1,1
1921,Everton,Bradford City,2,0,1,1,2,2,1
1921,Everton,Chelsea,2,3,1,1,5,-1,0
1921,Everton,Newcastle United,2,3,1,1,5,-1,0
1921,Everton,Sheffield United,1,1,1,1,2,0,0
1921,Huddersfield Town,Birmingham City,1,0,1,1,1,1,1
1921,Huddersfield Town,Chelsea,2,0,1,1,2,2,1
1921,Huddersfield Town,Newcastle United,1,2,1,1,3,-1,0
1921,Huddersfield Town,West Bromwich Albion,2,0,1,1,2,2,1
1921,Liverpool,Birmingham City,1,0,1,1,1,1,1
1921,Liverpool,Bradford City,2,1,1,1,3,1,1
1921,Liverpool,Manchester City,3,2,1,1,5,1,1
1921,Liverpool,West Bromwich Albion,1,2,1,1,3,-1,0
1921,Manchester City,Chelsea,0,0,1,1,0,0,0
1921,Manchester City,Newcastle United,1,0,1,1,1,1,1
1921,Manchester City,Sheffield United,2,2,1,1,4,0,0
1921,Manchester City,West Bromwich Albion,6,1,1,1,7,5,1
1921,Manchester United,Chelsea,0,0,1,1,0,0,0
1921,Manchester United,Newcastle United,0,1,1,1,1,-1,0
1921,Manchester United,Sheffield United,3,2,1,1,5,1,1
1921,Middlesbrough,Chelsea,0,1,1,1,1,-1,0
1921,Middlesbrough,Liverpool,3,1,1,1,4,2,1
1921,Middlesbrough,Newcastle United,1,1,1,1,2,0,0
1921,Middlesbrough,West Bromwich Albion,3,2,1,1,5,1,1
1921,Newcastle United,Chelsea,1,0,1,1,1,1,1
1921,Newcastle United,Middlesbrough,0,0,1,1,0,0,0
1921,Oldham Athletic,Birmingham City,0,1,1,1,1,-1,0
1921,Oldham Athletic,Bradford City,0,0,1,1,0,0,0
1921,Oldham Athletic,Liverpool,4,0,1,1,4,4,1
1921,Oldham Athletic,West Bromwich Albion,1,0,1,1,1,1,1
1921,Preston North End,Bradford City,2,1,1,1,3,1,1
1921,Preston North End,West Bromwich Albion,0,3,1,1,3,-3,0
1921,Sheffield United,Birmingham City,1,2,1,1,3,-1,0
1921,Sheffield United,Bradford City,1,0,1,1,1,1,1
1921,Sheffield United,Chelsea,1,2,1,1,3,-1,0
1921,Sheffield United,Liverpool,0,1,1,1,1,-1,0
1921,Sheffield United,Middlesbrough,6,1,1,1,7,5,1
1921,Sunderland,Bradford City,0,0,1,1,0,0,0
1921,Sunderland,Middlesbrough,1,1,1,1,2,0,0
1921,Sunderland,Preston North End,1,0,1,1,1,1,1
1921,Tottenham Hotspur,Birmingham City,2,1,1,1,3,1,1
1921,Tottenham Hotspur,Chelsea,0,0,1,1,0,0,0
1921,Tottenham Hotspur,Liverpool,0,1,1,1,1,-1,0
1921,Tottenham Hotspur,Preston North End,5,0,1,1,5,5,1
1921,Tottenham Hotspur,West Bromwich Albion,2,0,1,1,2,2,1
1921,West Bromwich Albion,Birmingham City,1,0,1,1,1,1,1
1921,West Bromwich Albion,Chelsea,2,2,1,1,4,0,0
1921,West Bromwich Albion,Liverpool,1,4,1,1,5,-3,0
1921,West Bromwich Albion,Middlesbrough,0,0,1,1,0,0,0
1921,West Bromwich Albion,Preston North End,2,0,1,1,2,2,1
1921,West Bromwich Albion,Tottenham Hotspur,3,0,1,1,3,3,1
1921,Barnsley,Crystal Palace,3,1,2,2,4,2,1
1921,Barnsley,Hull City,4,1,2,2,5,3,1
1921,Barnsley,Port Vale,3,2,2,2,5,1,1
1921,Barnsley,South Shields,2,1,2,2,3,1,1
1921,Barnsley,Wolverhampton Wanderers,2,1,2,2,3,1,1
1921,Blackpool,Crystal Palace,1,3,2,2,4,-2,0
1921,Blackpool,South Shields,4,0,2,2,4,4,1
1921,Blackpool,Wolverhampton Wanderers,1,3,2,2,4,-2,0
1921,Bradford Park Avenue,Crystal Palace,0,0,2,2,0,0,0
1921,Bradford Park Avenue,Leyton Orient,3,1,2,2,4,2,1
1921,Bradford Park Avenue,Port Vale,2,0,2,2,2,2,1
1921,Bristol City,Crystal Palace,1,2,2,2,3,-1,0
1921,Bristol City,Leyton Orient,2,1,2,2,3,1,1
1921,Bristol City,Port Vale,2,1,2,2,3,1,1
1921,Bristol City,South Shields,0,1,2,2,1,-1,0
1921,Bury,Bradford Park Avenue,2,2,2,2,4,0,0
1921,Bury,Wolverhampton Wanderers,2,1,2,2,3,1,1
1921,Coventry City,Crystal Palace,1,1,2,2,2,0,0
1921,Coventry City,Hull City,2,0,2,2,2,2,1
1921,Crystal Palace,Bradford Park Avenue,1,1,2,2,2,0,0
1921,Crystal Palace,Wolverhampton Wanderers,1,1,2,2,2,0,0
1921,Derby County,Bradford Park Avenue,1,3,2,2,4,-2,0
1921,Derby County,Coventry City,1,0,2,2,1,1,1
1921,Derby County,Leyton Orient,3,0,2,2,3,3,1
1921,Fulham,Hull City,6,0,2,2,6,6,1
1921,Fulham,South Shields,3,0,2,2,3,3,1
1921,Hull City,Coventry City,2,0,2,2,2,2,1
1921,Hull City,Port Vale,2,0,2,2,2,2,1
1921,Hull City,South Shields,1,1,2,2,2,0,0
1921,Leeds United,Bradford Park Avenue,3,0,2,2,3,3,1
1921,Leeds United,Coventry City,5,2,2,2,7,3,1
1921,Leeds United,Leyton Orient,2,0,2,2,2,2,1
1921,Leeds United,South Shields,0,0,2,2,0,0,0
1921,Leicester City,Coventry City,1,1,2,2,2,0,0
1921,Leicester City,Wolverhampton Wanderers,0,1,2,2,1,-1,0
1921,Leyton Orient,Bradford Park Avenue,1,0,2,2,1,1,1
1921,Leyton Orient,Leicester City,0,0,2,2,0,0,0
1921,Leyton Orient,Port Vale,2,0,2,2,2,2,1
1921,Leyton Orient,South Shields,0,1,2,2,1,-1,0
1921,Nottingham Forest,Coventry City,1,0,2,2,1,1,1
1921,Nottingham Forest,Port Vale,1,1,2,2,2,0,0
1921,Notts County,Bradford Park Avenue,3,0,2,2,3,3,1
1921,Notts County,Fulham,3,0,2,2,3,3,1
1921,Notts County,Leicester City,0,0,2,2,0,0,0
1921,Notts County,Port Vale,1,2,2,2,3,-1,0
1921,Notts County,Wolverhampton Wanderers,4,0,2,2,4,4,1
1921,Port Vale,Bradford Park Avenue,1,0,2,2,1,1,1
1921,Port Vale,Fulham,1,1,2,2,2,0,0
1921,Port Vale,Wolverhampton Wanderers,0,2,2,2,2,-2,0
1921,Rotherham County,Fulham,1,0,2,2,1,1,1
1921,Rotherham County,Notts County,3,0,2,2,3,3,1
1921,Rotherham County,South Shields,1,1,2,2,2,0,0
1921,Rotherham County,Wolverhampton Wanderers,1,0,2,2,1,1,1
1921,Sheffield Wednesday,Bradford Park Avenue,2,1,2,2,3,1,1
1921,Sheffield Wednesday,Fulham,1,4,2,2,5,-3,0
1921,Sheffield Wednesday,Leicester City,1,0,2,2,1,1,1
1921,Sheffield Wednesday,Wolverhampton Wanderers,3,1,2,2,4,2,1
1921,South Shields,Coventry City,2,1,2,2,3,1,1
1921,South Shields,Fulham,1,0,2,2,1,1,1
1921,South Shields,Leicester City,1,0,2,2,1,1,1
1921,South Shields,Sheffield Wednesday,0,0,2,2,0,0,0
1921,Stoke City,Bradford Park Avenue,0,1,2,2,1,-1,0
1921,Stoke City,Coventry City,2,2,2,2,4,0,0
1921,Stoke City,Fulham,3,0,2,2,3,3,1
1921,Stoke City,Leicester City,1,1,2,2,2,0,0
1921,Stoke City,Wolverhampton Wanderers,3,0,2,2,3,3,1
1921,West Ham United,Leicester City,1,0,2,2,1,1,1
1921,West Ham United,Notts County,2,1,2,2,3,1,1
1921,West Ham United,Wolverhampton Wanderers,2,0,2,2,2,2,1
1921,Wolverhampton Wanderers,Coventry City,1,0,2,2,1,1,1
1921,Wolverhampton Wanderers,Fulham,0,0,2,2,0,0,0
1921,Wolverhampton Wanderers,Leicester City,1,1,2,2,2,0,0
1921,Wolverhampton Wanderers,Notts County,1,2,2,2,3,-1,0
1921,Wolverhampton Wanderers,West Ham United,0,1,2,2,1,-1,0
1921,Accrington Stanley,Hartlepool United,4,1,3a,3,5,3,1
1921,Accrington Stanley,Rochdale,4,0,3a,3,4,4,1
1921,Ashington,Barrow,0,2,3a,3,2,-2,0
1921,Ashington,Darlington,1,0,3a,3,1,1,1
1921,Ashington,Stalybridge Celtic,2,3,3a,3,5,-1,0
1921,Ashington,Walsall,2,3,3a,3,5,-1,0
1921,Barrow,Crewe Alexandra,1,2,3a,3,3,-1,0
1921,Barrow,Grimsby Town,2,2,3a,3,4,0,0
1921,Chesterfield,Barrow,2,0,3a,3,2,2,1
1921,Chesterfield,Durham City,2,1,3a,3,3,1,1
1921,Chesterfield,Hartlepool United,2,1,3a,3,3,1,1
1921,Crewe Alexandra,Ashington,1,2,3a,3,3,-1,0
1921,Crewe Alexandra,Halifax Town,2,1,3a,3,3,1,1
1921,Crewe Alexandra,Stalybridge Celtic,5,1,3a,3,6,4,1
1921,Darlington,Chesterfield,7,0,3a,3,7,7,1
1921,Darlington,Lincoln City,4,2,3a,3,6,2,1
1921,Darlington,Southport,3,0,3a,3,3,3,1
1921,Darlington,Wrexham,3,0,3a,3,3,3,1
1921,Durham City,Barrow,2,0,3a,3,2,2,1
1921,Durham City,Rochdale,0,2,3a,3,2,-2,0
1921,Durham City,Stockport County,0,2,3a,3,2,-2,0
1921,Durham City,Wigan Borough,6,0,3a,3,6,6,1
1921,Grimsby Town,Crewe Alexandra,3,0,3a,3,3,3,1
1921,Grimsby Town,Nelson,3,1,3a,3,4,2,1
1921,Grimsby Town,Stalybridge Celtic,1,1,3a,3,2,0,0
1921,Halifax Town,Chesterfield,1,2,3a,3,3,-1,0
1921,Halifax Town,Durham City,3,2,3a,3,5,1,1
1921,Halifax Town,Southport,1,1,3a,3,2,0,0
1921,Halifax Town,Tranmere Rovers,0,2,3a,3,2,-2,0
1921,Halifax Town,Wrexham,0,0,3a,3,0,0,0
1921,Hartlepool United,Barrow,3,1,3a,3,4,2,1
1921,Hartlepool United,Stockport County,0,0,3a,3,0,0,0
1921,Hartlepool United,Wigan Borough,0,0,3a,3,0,0,0
1921,Lincoln City,Grimsby Town,0,2,3a,3,2,-2,0
1921,Lincoln City,Stalybridge Celtic,2,1,3a,3,3,1,1
1921,Nelson,Accrington Stanley,0,1,3a,3,1,-1,0
1921,Nelson,Durham City,3,5,3a,3,8,-2,0
1921,Nelson,Southport,3,2,3a,3,5,1,1
1921,Nelson,Wrexham,4,0,3a,3,4,4,1
1921,Rochdale,Barrow,0,1,3a,3,1,-1,0
1921,Rochdale,Stockport County,0,1,3a,3,1,-1,0
1921,Southport,Ashington,0,0,3a,3,0,0,0
1921,Southport,Crewe Alexandra,2,0,3a,3,2,2,1
1921,Southport,Stalybridge Celtic,5,1,3a,3,6,4,1
1921,Stalybridge Celtic,Chesterfield,6,0,3a,3,6,6,1
1921,Stalybridge Celtic,Durham City,4,3,3a,3,7,1,1
1921,Stalybridge Celtic,Hartlepool United,1,3,3a,3,4,-2,0
1921,Stalybridge Celtic,Tranmere Rovers,4,0,3a,3,4,4,1
1921,Stockport County,Darlington,1,0,3a,3,1,1,1
1921,Tranmere Rovers,Ashington,2,3,3a,3,5,-1,0
1921,Tranmere Rovers,Crewe Alexandra,4,1,3a,3,5,3,1
1921,Tranmere Rovers,Grimsby Town,2,2,3a,3,4,0,0
1921,Tranmere Rovers,Lincoln City,4,0,3a,3,4,4,1
1921,Tranmere Rovers,Southport,0,1,3a,3,1,-1,0
1921,Tranmere Rovers,Walsall,0,1,3a,3,1,-1,0
1921,Walsall,Accrington Stanley,6,1,3a,3,7,5,1
1921,Walsall,Chesterfield,2,1,3a,3,3,1,1
1921,Walsall,Durham City,2,0,3a,3,2,2,1
1921,Walsall,Hartlepool United,3,1,3a,3,4,2,1
1921,Walsall,Wrexham,2,2,3a,3,4,0,0
1921,Wigan Borough,Nelson,1,4,3a,3,5,-3,0
1921,Wrexham,Ashington,2,0,3a,3,2,2,1
1921,Wrexham,Crewe Alexandra,1,0,3a,3,1,1,1
1921,Wrexham,Grimsby Town,0,1,3a,3,1,-1,0
1921,Wrexham,Lincoln City,3,1,3a,3,4,2,1
1921,Wrexham,Southport,2,0,3a,3,2,2,1
1921,Wrexham,Tranmere Rovers,1,3,3a,3,4,-2,0
1921,Aberdare Athletic,Brentford,2,0,3b,3,2,2,1
1921,Aberdare Athletic,Charlton Athletic,3,3,3b,3,6,0,0
1921,Aberdare Athletic,Luton Town,2,0,3b,3,2,2,1
1921,Aberdare Athletic,Newport County,3,0,3b,3,3,3,1
1921,Aberdare Athletic,Plymouth Argyle,0,0,3b,3,0,0,0
1921,Aberdare Athletic,Reading,0,1,3b,3,1,-1,0
1921,Aberdare Athletic,Swansea City,2,1,3b,3,3,1,1
1921,Brentford,Aberdare Athletic,2,1,3b,3,3,1,1
1921,Brentford,Charlton Athletic,0,2,3b,3,2,-2,0
1921,Brentford,Luton Town,0,2,3b,3,2,-2,0
1921,Brentford,Plymouth Argyle,3,1,3b,3,4,2,1
1921,Brentford,Reading,2,0,3b,3,2,2,1
1921,Brighton & Hove Albion,Charlton Athletic,2,0,3b,3,2,2,1
1921,Brighton & Hove Albion,Reading,1,1,3b,3,2,0,0
1921,Brighton & Hove Albion,Swansea City,0,0,3b,3,0,0,0
1921,Bristol Rovers,Luton Town,2,0,3b,3,2,2,1
1921,Charlton Athletic,Bristol Rovers,2,0,3b,3,2,2,1
1921,Charlton Athletic,Plymouth Argyle,0,0,3b,3,0,0,0
1921,Exeter City,Bristol Rovers,2,2,3b,3,4,0,0
1921,Exeter City,Luton Town,0,1,3b,3,1,-1,0
1921,Exeter City,Plymouth Argyle,0,2,3b,3,2,-2,0
1921,Exeter City,Reading,1,3,3b,3,4,-2,0
1921,Exeter City,Swansea City,1,1,3b,3,2,0,0
1921,Gillingham,Aberdare Athletic,3,1,3b,3,4,2,1
1921,Gillingham,Bristol Rovers,3,2,3b,3,5,1,1
1921,Gillingham,Luton Town,0,1,3b,3,1,-1,0
1921,Gillingham,Reading,2,0,3b,3,2,2,1
1921,Gillingham,Swansea City,0,0,3b,3,0,0,0
1921,Luton Town,Aberdare Athletic,1,2,3b,3,3,-1,0
1921,Luton Town,Bristol Rovers,1,2,3b,3,3,-1,0
1921,Luton Town,Swansea City,3,0,3b,3,3,3,1
1921,Merthyr Town,Newport County,2,1,3b,3,3,1,1
1921,Merthyr Town,Reading,2,0,3b,3,2,2,1
1921,Millwall,Aberdare Athletic,0,0,3b,3,0,0,0
1921,Millwall,Gillingham,1,0,3b,3,1,1,1
1921,Millwall,Reading,3,0,3b,3,3,3,1
1921,Millwall,Swansea City,0,0,3b,3,0,0,0
1921,Newport County,Millwall,1,0,3b,3,1,1,1
1921,Newport County,Plymouth Argyle,0,0,3b,3,0,0,0
1921,Newport County,Swansea City,2,3,3b,3,5,-1,0
1921,Northampton Town,Aberdare Athletic,2,0,3b,3,2,2,1
1921,Northampton Town,Gillingham,3,1,3b,3,4,2,1
1921,Northampton Town,Millwall,0,3,3b,3,3,-3,0
1921,Northampton Town,Swansea City,0,1,3b,3,1,-1,0
1921,Norwich City,Aberdare Athletic,0,0,3b,3,0,0,0
1921,Norwich City,Bristol Rovers,0,1,3b,3,1,-1,0
1921,Norwich City,Gillingham,2,0,3b,3,2,2,1
1921,Norwich City,Swansea City,3,2,3b,3,5,1,1
1921,Plymouth Argyle,Norwich City,1,1,3b,3,2,0,0
1921,Plymouth Argyle,Swansea City,3,1,3b,3,4,2,1
1921,Portsmouth,Bristol Rovers,1,0,3b,3,1,1,1
1921,Portsmouth,Millwall,2,2,3b,3,4,0,0
1921,Portsmouth,Swansea City,3,0,3b,3,3,3,1
1921,Queens Park Rangers,Aberdare Athletic,1,0,3b,3,1,1,1
1921,Queens Park Rangers,Gillingham,1,0,3b,3,1,1,1
1921,Queens Park Rangers,Norwich City,2,0,3b,3,2,2,1
1921,Queens Park Rangers,Swansea City,1,0,3b,3,1,1,1
1921,Reading,Bristol Rovers,4,0,3b,3,4,4,1
1921,Reading,Swansea City,2,0,3b,3,2,2,1
1921,Southampton,Aberdare Athletic,1,0,3b,3,1,1,1
1921,Southampton,Bristol Rovers,1,0,3b,3,1,1,1
1921,Southampton,Gillingham,2,0,3b,3,2,2,1
1921,Southampton,Millwall,4,2,3b,3,6,2,1
1921,Southampton,Norwich City,2,0,3b,3,2,2,1
1921,Southend United,Gillingham,2,0,3b,3,2,2,1
1921,Southend United,Queens Park Rangers,1,2,3b,3,3,-1,0
1921,Southend United,Swansea City,1,0,3b,3,1,1,1
1921,Swansea City,Bristol Rovers,8,1,3b,3,9,7,1
1921,Swansea City,Millwall,3,0,3b,3,3,3,1
1921,Swansea City,Norwich City,1,1,3b,3,2,0,0
1921,Swansea City,Queens Park Rangers,1,0,3b,3,1,1,1
1921,Swindon Town,Aberdare Athletic,2,2,3b,3,4,0,0
1921,Swindon Town,Gillingham,0,0,3b,3,0,0,0
1921,Swindon Town,Millwall,1,1,3b,3,2,0,0
1921,Watford,Aberdare Athletic,3,0,3b,3,3,3,1
1921,Watford,Millwall,0,1,3b,3,1,-1,0
1921,Watford,Southend United,4,1,3b,3,5,3,1
1922,Arsenal,Chelsea,3,1,1,1,4,2,1
1922,Arsenal,Newcastle United,1,2,1,1,3,-1,0
1922,Arsenal,Sunderland,2,3,1,1,5,-1,0
1922,Aston Villa,Chelsea,1,0,1,1,1,1,1
1922,Aston Villa,Liverpool,0,1,1,1,1,-1,0
1922,Aston Villa,Preston North End,1,0,1,1,1,1,1
1922,Birmingham City,Arsenal,3,2,1,1,5,1,1
1922,Birmingham City,Newcastle United,0,2,1,1,2,-2,0
1922,Birmingham City,Sunderland,1,2,1,1,3,-1,0
1922,Blackburn Rovers,Arsenal,0,5,1,1,5,-5,0
1922,Blackburn Rovers,Bolton Wanderers,1,0,1,1,1,1,1
1922,Blackburn Rovers,Newcastle United,1,1,1,1,2,0,0
1922,Blackburn Rovers,Preston North End,1,1,1,1,2,0,0
1922,Blackburn Rovers,Sunderland,0,0,1,1,0,0,0
1922,Bolton Wanderers,Blackburn Rovers,3,0,1,1,3,3,1
1922,Bolton Wanderers,Chelsea,1,1,1,1,2,0,0
1922,Bolton Wanderers,Liverpool,1,1,1,1,2,0,0
1922,Bolton Wanderers,Newcastle United,1,0,1,1,1,1,1
1922,Bolton Wanderers,Sunderland,1,1,1,1,2,0,0
1922,Burnley,Chelsea,1,0,1,1,1,1,1
1922,Burnley,Newcastle United,0,0,1,1,0,0,0
1922,Burnley,Sunderland,2,0,1,1,2,2,1
1922,Cardiff City,Liverpool,3,0,1,1,3,3,1
1922,Chelsea,Arsenal,0,0,1,1,0,0,0
1922,Chelsea,Cardiff City,1,1,1,1,2,0,0
1922,Chelsea,Newcastle United,3,0,1,1,3,3,1
1922,Chelsea,Preston North End,0,1,1,1,1,-1,0
1922,Chelsea,Sunderland,1,3,1,1,4,-2,0
1922,Everton,Blackburn Rovers,2,0,1,1,2,2,1
1922,Everton,Cardiff City,3,1,1,1,4,2,1
1922,Everton,Liverpool,0,1,1,1,1,-1,0
1922,Everton,Newcastle United,3,2,1,1,5,1,1
1922,Everton,Preston North End,1,0,1,1,1,1,1
1922,Huddersfield Town,Blackburn Rovers,0,2,1,1,2,-2,0
1922,Huddersfield Town,Cardiff City,1,0,1,1,1,1,1
1922,Huddersfield Town,Preston North End,2,0,1,1,2,2,1
1922,Liverpool,Arsenal,5,2,1,1,7,3,1
1922,Liverpool,Blackburn Rovers,3,0,1,1,3,3,1
1922,Liverpool,Cardiff City,3,1,1,1,4,2,1
1922,Liverpool,Newcastle United,0,2,1,1,2,-2,0
1922,Manchester City,Arsenal,0,0,1,1,0,0,0
1922,Manchester City,Blackburn Rovers,2,1,1,1,3,1,1
1922,Manchester City,Cardiff City,5,1,1,1,6,4,1
1922,Manchester City,Huddersfield Town,3,1,1,1,4,2,1
1922,Manchester City,Preston North End,2,1,1,1,3,1,1
1922,Manchester City,Sunderland,1,0,1,1,1,1,1
1922,Middlesbrough,Huddersfield Town,2,2,1,1,4,0,0
1922,Middlesbrough,Preston North End,1,1,1,1,2,0,0
1922,Middlesbrough,Sunderland,2,0,1,1,2,2,1
1922,Newcastle United,Arsenal,1,1,1,1,2,0,0
1922,Newcastle United,Blackburn Rovers,5,1,1,1,6,4,1
1922,Newcastle United,Preston North End,3,1,1,1,4,2,1
1922,Newcastle United,Sunderland,2,1,1,1,3,1,1
1922,Nottingham Forest,Arsenal,2,1,1,1,3,1,1
1922,Nottingham Forest,Huddersfield Town,0,1,1,1,1,-1,0
1922,Nottingham Forest,Middlesbrough,2,1,1,1,3,1,1
1922,Nottingham Forest,Preston North End,3,0,1,1,3,3,1
1922,Nottingham Forest,Sunderland,1,0,1,1,1,1,1
1922,Oldham Athletic,Arsenal,0,0,1,1,0,0,0
1922,Oldham Athletic,Preston North End,2,1,1,1,3,1,1
1922,Preston North End,Arsenal,1,2,1,1,3,-1,0
1922,Preston North End,Blackburn Rovers,1,0,1,1,1,1,1
1922,Preston North End,Cardiff City,3,0,1,1,3,3,1
1922,Preston North End,Huddersfield Town,1,0,1,1,1,1,1
1922,Sheffield United,Cardiff City,0,0,1,1,0,0,0
1922,Sheffield United,Huddersfield Town,0,2,1,1,2,-2,0
1922,Sheffield United,Middlesbrough,4,1,1,1,5,3,1
1922,Stoke City,Blackburn Rovers,1,1,1,1,2,0,0
1922,Stoke City,Cardiff City,3,1,1,1,4,2,1
1922,Stoke City,Huddersfield Town,2,2,1,1,4,0,0
1922,Stoke City,Middlesbrough,0,0,1,1,0,0,0
1922,Stoke City,Sunderland,1,2,1,1,3,-1,0
1922,Tottenham Hotspur,Huddersfield Town,0,0,1,1,0,0,0
1922,Tottenham Hotspur,Middlesbrough,2,0,1,1,2,2,1
1922,Tottenham Hotspur,Stoke City,3,1,1,1,4,2,1
1922,West Bromwich Albion,Huddersfield Town,0,2,1,1,2,-2,0
1922,West Bromwich Albion,Middlesbrough,1,0,1,1,1,1,1
1922,West Bromwich Albion,Oldham Athletic,1,0,1,1,1,1,1
1922,Barnsley,Blackpool,2,2,2,2,4,0,0
1922,Barnsley,Coventry City,6,2,2,2,8,4,1
1922,Barnsley,Fulham,0,1,2,2,1,-1,0
1922,Barnsley,Notts County,1,0,2,2,1,1,1
1922,Barnsley,Sheffield Wednesday,2,4,2,2,6,-2,0
1922,Barnsley,Stockport County,1,1,2,2,2,0,0
1922,Blackpool,Coventry City,0,1,2,2,1,-1,0
1922,Blackpool,Fulham,3,0,2,2,3,3,1
1922,Blackpool,Leicester City,1,2,2,2,3,-1,0
1922,Blackpool,Notts County,1,1,2,2,2,0,0
1922,Bradford City,Barnsley,2,0,2,2,2,2,1
1922,Bradford City,Coventry City,4,0,2,2,4,4,1
1922,Bradford City,Stockport County,2,0,2,2,2,2,1
1922,Bury,Barnsley,2,1,2,2,3,1,1
1922,Bury,Coventry City,1,1,2,2,2,0,0
1922,Bury,Fulham,0,1,2,2,1,-1,0
1922,Bury,Notts County,2,2,2,2,4,0,0
1922,Coventry City,Stockport County,1,0,2,2,1,1,1
1922,Crystal Palace,Barnsley,2,0,2,2,2,2,1
1922,Crystal Palace,Bury,1,1,2,2,2,0,0
1922,Crystal Palace,Fulham,0,0,2,2,0,0,0
1922,Crystal Palace,Leicester City,0,1,2,2,1,-1,0
1922,Crystal Palace,Notts County,0,1,2,2,1,-1,0
1922,Derby County,Bury,1,0,2,2,1,1,1
1922,Derby County,Fulham,2,0,2,2,2,2,1
1922,Derby County,Notts County,0,0,2,2,0,0,0
1922,Derby County,Sheffield Wednesday,1,1,2,2,2,0,0
1922,Derby County,Stockport County,1,2,2,2,3,-1,0
1922,Fulham,Barnsley,0,1,2,2,1,-1,0
1922,Fulham,Bury,3,0,2,2,3,3,1
1922,Fulham,Derby County,3,1,2,2,4,2,1
1922,Hull City,Barnsley,2,1,2,2,3,1,1
1922,Hull City,Derby County,4,2,2,2,6,2,1
1922,Hull City,Sheffield Wednesday,0,0,2,2,0,0,0
1922,Hull City,Stockport County,1,0,2,2,1,1,1
1922,Leeds United,Sheffield Wednesday,0,0,2,2,0,0,0
1922,Leicester City,Barnsley,2,2,2,2,4,0,0
1922,Leicester City,Leeds United,2,1,2,2,3,1,1
1922,Leyton Orient,Barnsley,0,1,2,2,1,-1,0
1922,Leyton Orient,Bury,0,2,2,2,2,-2,0
1922,Leyton Orient,Notts County,2,1,2,2,3,1,1
1922,Leyton Orient,Sheffield Wednesday,2,2,2,2,4,0,0
1922,Leyton Orient,Stockport County,0,2,2,2,2,-2,0
1922,Manchester United,Barnsley,1,0,2,2,1,1,1
1922,Manchester United,Bury,0,1,2,2,1,-1,0
1922,Manchester United,Derby County,0,0,2,2,0,0,0
1922,Manchester United,Leeds United,0,0,2,2,0,0,0
1922,Manchester United,Sheffield Wednesday,1,0,2,2,1,1,1
1922,Notts County,Barnsley,1,0,2,2,1,1,1
1922,Notts County,Bury,1,0,2,2,1,1,1
1922,Notts County,Derby County,1,2,2,2,3,-1,0
1922,Notts County,Leeds United,1,0,2,2,1,1,1
1922,Notts County,Sheffield Wednesday,1,0,2,2,1,1,1
1922,Port Vale,Barnsley,1,1,2,2,2,0,0
1922,Port Vale,Derby County,2,3,2,2,5,-1,0
1922,Port Vale,Leeds United,1,2,2,2,3,-1,0
1922,Port Vale,Manchester United,1,0,2,2,1,1,1
1922,Port Vale,Stockport County,0,2,2,2,2,-2,0
1922,Rotherham County,Manchester United,1,1,2,2,2,0,0
1922,Rotherham County,Stockport County,2,1,2,2,3,1,1
1922,Sheffield Wednesday,Barnsley,2,3,2,2,5,-1,0
1922,Sheffield Wednesday,Bury,2,0,2,2,2,2,1
1922,Sheffield Wednesday,Leeds United,3,1,2,2,4,2,1
1922,South Shields,Bury,0,2,2,2,2,-2,0
1922,South Shields,Leeds United,0,2,2,2,2,-2,0
1922,South Shields,Rotherham County,2,0,2,2,2,2,1
1922,Southampton,Leeds United,0,1,2,2,1,-1,0
1922,Southampton,Rotherham County,4,2,2,2,6,2,1
1922,Stockport County,Bury,1,0,2,2,1,1,1
1922,Stockport County,Manchester United,1,0,2,2,1,1,1
1922,Stockport County,Southampton,3,0,2,2,3,3,1
1922,West Ham United,Bury,0,0,2,2,0,0,0
1922,West Ham United,Derby County,0,0,2,2,0,0,0
1922,West Ham United,Leeds United,0,0,2,2,0,0,0
1922,West Ham United,Manchester United,0,2,2,2,2,-2,0
1922,West Ham United,Rotherham County,4,0,2,2,4,4,1
1922,Wolverhampton Wanderers,Bury,1,1,2,2,2,0,0
1922,Wolverhampton Wanderers,Manchester United,0,1,2,2,1,-1,0
1922,Wolverhampton Wanderers,Rotherham County,3,2,2,2,5,1,1
1922,Wolverhampton Wanderers,Southampton,0,0,2,2,0,0,0
1922,Accrington Stanley,Ashington,4,1,3a,3,5,3,1
1922,Accrington Stanley,Hartlepool United,2,1,3a,3,3,1,1
1922,Accrington Stanley,Rochdale,2,1,3a,3,3,1,1
1922,Accrington Stanley,Tranmere Rovers,4,1,3a,3,5,3,1
1922,Accrington Stanley,Wrexham,1,0,3a,3,1,1,1
1922,Ashington,Darlington,3,1,3a,3,4,2,1
1922,Ashington,Nelson,0,2,3a,3,2,-2,0
1922,Barrow,Ashington,3,0,3a,3,3,3,1
1922,Barrow,Crewe Alexandra,2,0,3a,3,2,2,1
1922,Barrow,Southport,2,0,3a,3,2,2,1
1922,Bradford Park Avenue,Chesterfield,1,0,3a,3,1,1,1
1922,Bradford Park Avenue,Durham City,4,1,3a,3,5,3,1
1922,Bradford Park Avenue,Tranmere Rovers,3,0,3a,3,3,3,1
1922,Bradford Park Avenue,Wrexham,0,1,3a,3,1,-1,0
1922,Chesterfield,Barrow,2,1,3a,3,3,1,1
1922,Chesterfield,Wigan Borough,3,1,3a,3,4,2,1
1922,Crewe Alexandra,Lincoln City,3,1,3a,3,4,2,1
1922,Darlington,Accrington Stanley,4,0,3a,3,4,4,1
1922,Darlington,Durham City,1,0,3a,3,1,1,1
1922,Darlington,Hartlepool United,4,0,3a,3,4,4,1
1922,Darlington,Rochdale,1,1,3a,3,2,0,0
1922,Darlington,Tranmere Rovers,4,0,3a,3,4,4,1
1922,Durham City,Barrow,4,1,3a,3,5,3,1
1922,Durham City,Halifax Town,2,2,3a,3,4,0,0
1922,Durham City,Nelson,0,1,3a,3,1,-1,0
1922,Grimsby Town,Chesterfield,3,1,3a,3,4,2,1
1922,Grimsby Town,Lincoln City,1,0,3a,3,1,1,1
1922,Halifax Town,Darlington,2,1,3a,3,3,1,1
1922,Halifax Town,Rochdale,1,0,3a,3,1,1,1
1922,Halifax Town,Wrexham,1,1,3a,3,2,0,0
1922,Hartlepool United,Barrow,2,0,3a,3,2,2,1
1922,Hartlepool United,Crewe Alexandra,1,1,3a,3,2,0,0
1922,Hartlepool United,Grimsby Town,2,0,3a,3,2,2,1
1922,Hartlepool United,Stalybridge Celtic,4,0,3a,3,4,4,1
1922,Hartlepool United,Wigan Borough,0,0,3a,3,0,0,0
1922,Lincoln City,Chesterfield,0,0,3a,3,0,0,0
1922,Lincoln City,Durham City,3,1,3a,3,4,2,1
1922,Nelson,Halifax Town,2,0,3a,3,2,2,1
1922,Nelson,Tranmere Rovers,1,0,3a,3,1,1,1
1922,Rochdale,Crewe Alexandra,1,1,3a,3,2,0,0
1922,Rochdale,Stalybridge Celtic,2,0,3a,3,2,2,1
1922,Southport,Durham City,1,0,3a,3,1,1,1
1922,Southport,Rochdale,0,1,3a,3,1,-1,0
1922,Stalybridge Celtic,Darlington,4,2,3a,3,6,2,1
1922,Stalybridge Celtic,Halifax Town,4,3,3a,3,7,1,1
1922,Stalybridge Celtic,Nelson,2,0,3a,3,2,2,1
1922,Stalybridge Celtic,Tranmere Rovers,4,1,3a,3,5,3,1
1922,Stalybridge Celtic,Wrexham,3,2,3a,3,5,1,1
1922,Tranmere Rovers,Barrow,3,0,3a,3,3,3,1
1922,Tranmere Rovers,Crewe Alexandra,1,2,3a,3,3,-1,0
1922,Tranmere Rovers,Lincoln City,2,0,3a,3,2,2,1
1922,Walsall,Durham City,2,0,3a,3,2,2,1
1922,Walsall,Hartlepool United,2,2,3a,3,4,0,0
1922,Walsall,Rochdale,0,0,3a,3,0,0,0
1922,Wigan Borough,Bradford Park Avenue,3,2,3a,3,5,1,1
1922,Wigan Borough,Nelson,3,1,3a,3,4,2,1
1922,Wrexham,Barrow,0,0,3a,3,0,0,0
1922,Wrexham,Crewe Alexandra,2,1,3a,3,3,1,1
1922,Wrexham,Grimsby Town,1,1,3a,3,2,0,0
1922,Wrexham,Lincoln City,0,2,3a,3,2,-2,0
1922,Wrexham,Walsall,1,0,3a,3,1,1,1
1922,Aberdare Athletic,Newport County,6,2,3b,3,8,4,1
1922,Brentford,Luton Town,3,2,3b,3,5,1,1
1922,Brentford,Newport County,0,0,3b,3,0,0,0
1922,Brentford,Reading,1,1,3b,3,2,0,0
1922,Brentford,Swindon Town,3,0,3b,3,3,3,1
1922,Brighton & Hove Albion,Brentford,2,1,3b,3,3,1,1
1922,Brighton & Hove Albion,Charlton Athletic,1,0,3b,3,1,1,1
1922,Brighton & Hove Albion,Newport County,2,1,3b,3,3,1,1
1922,Brighton & Hove Albion,Reading,3,1,3b,3,4,2,1
1922,Brighton & Hove Albion,Swindon Town,1,1,3b,3,2,0,0
1922,Bristol City,Brentford,1,1,3b,3,2,0,0
1922,Bristol City,Charlton Athletic,3,1,3b,3,4,2,1
1922,Bristol City,Plymouth Argyle,2,0,3b,3,2,2,1
1922,Bristol City,Reading,2,1,3b,3,3,1,1
1922,Bristol Rovers,Charlton Athletic,1,1,3b,3,2,0,0
1922,Bristol Rovers,Luton Town,1,1,3b,3,2,0,0
1922,Charlton Athletic,Brentford,1,1,3b,3,2,0,0
1922,Charlton Athletic,Bristol Rovers,0,0,3b,3,0,0,0
1922,Charlton Athletic,Newport County,6,0,3b,3,6,6,1
1922,Charlton Athletic,Reading,1,0,3b,3,1,1,1
1922,Charlton Athletic,Swindon Town,3,1,3b,3,4,2,1
1922,Exeter City,Brentford,0,2,3b,3,2,-2,0
1922,Exeter City,Bristol Rovers,0,0,3b,3,0,0,0
1922,Exeter City,Newport County,4,0,3b,3,4,4,1
1922,Exeter City,Plymouth Argyle,0,0,3b,3,0,0,0
1922,Exeter City,Reading,4,0,3b,3,4,4,1
1922,Gillingham,Bristol Rovers,0,1,3b,3,1,-1,0
1922,Gillingham,Luton Town,1,0,3b,3,1,1,1
1922,Gillingham,Newport County,3,0,3b,3,3,3,1
1922,Gillingham,Reading,2,1,3b,3,3,1,1
1922,Luton Town,Brentford,4,0,3b,3,4,4,1
1922,Luton Town,Bristol Rovers,1,0,3b,3,1,1,1
1922,Luton Town,Reading,1,2,3b,3,3,-1,0
1922,Luton Town,Swindon Town,3,2,3b,3,5,1,1
1922,Millwall,Brentford,1,1,3b,3,2,0,0
1922,Millwall,Gillingham,3,1,3b,3,4,2,1
1922,Millwall,Plymouth Argyle,0,0,3b,3,0,0,0
1922,Newport County,Bristol Rovers,4,1,3b,3,5,3,1
1922,Newport County,Gillingham,2,1,3b,3,3,1,1
1922,Newport County,Millwall,0,0,3b,3,0,0,0
1922,Newport County,Reading,3,0,3b,3,3,3,1
1922,Northampton Town,Gillingham,1,0,3b,3,1,1,1
1922,Northampton Town,Millwall,2,1,3b,3,3,1,1
1922,Northampton Town,Reading,5,0,3b,3,5,5,1
1922,Norwich City,Brentford,0,2,3b,3,2,-2,0
1922,Norwich City,Bristol Rovers,0,0,3b,3,0,0,0
1922,Norwich City,Gillingham,1,1,3b,3,2,0,0
1922,Norwich City,Plymouth Argyle,1,0,3b,3,1,1,1
1922,Norwich City,Reading,2,0,3b,3,2,2,1
1922,Plymouth Argyle,Bristol Rovers,3,0,3b,3,3,3,1
1922,Plymouth Argyle,Gillingham,2,0,3b,3,2,2,1
1922,Plymouth Argyle,Norwich City,1,1,3b,3,2,0,0
1922,Plymouth Argyle,Reading,3,0,3b,3,3,3,1
1922,Portsmouth,Brentford,3,0,3b,3,3,3,1
1922,Portsmouth,Reading,1,0,3b,3,1,1,1
1922,Portsmouth,Swindon Town,4,1,3b,3,5,3,1
1922,Queens Park Rangers,Brentford,1,1,3b,3,2,0,0
1922,Queens Park Rangers,Bristol Rovers,3,1,3b,3,4,2,1
1922,Queens Park Rangers,Gillingham,2,1,3b,3,3,1,1
1922,Queens Park Rangers,Norwich City,2,0,3b,3,2,2,1
1922,Queens Park Rangers,Swindon Town,0,2,3b,3,2,-2,0
1922,Reading,Brentford,1,0,3b,3,1,1,1
1922,Reading,Bristol Rovers,0,1,3b,3,1,-1,0
1922,Reading,Gillingham,1,1,3b,3,2,0,0
1922,Reading,Millwall,1,2,3b,3,3,-1,0
1922,Reading,Norwich City,4,1,3b,3,5,3,1
1922,Reading,Queens Park Rangers,0,0,3b,3,0,0,0
1922,Reading,Swindon Town,1,0,3b,3,1,1,1
1922,Southend United,Brentford,1,2,3b,3,3,-1,0
1922,Southend United,Gillingham,1,1,3b,3,2,0,0
1922,Swansea City,Gillingham,1,0,3b,3,1,1,1
1922,Swansea City,Queens Park Rangers,3,0,3b,3,3,3,1
1922,Swindon Town,Gillingham,0,1,3b,3,1,-1,0
1922,Swindon Town,Norwich City,1,2,3b,3,3,-1,0
1922,Watford,Millwall,0,0,3b,3,0,0,0
1922,Watford,Queens Park Rangers,0,3,3b,3,3,-3,0
1923,Arsenal,Everton,0,1,1,1,1,-1,0
1923,Arsenal,Nottingham Forest,1,0,1,1,1,1,1
1923,Arsenal,West Bromwich Albion,1,0,1,1,1,1,1
1923,Birmingham City,Aston Villa,3,0,1,1,3,3,1
1923,Birmingham City,Burnley,2,1,1,1,3,1,1
1923,Birmingham City,Nottingham Forest,0,2,1,1,2,-2,0
1923,Birmingham City,Sheffield United,0,1,1,1,1,-1,0
1923,Birmingham City,West Bromwich Albion,0,0,1,1,0,0,0
1923,Blackburn Rovers,Everton,2,0,1,1,2,2,1
1923,Blackburn Rovers,Nottingham Forest,1,1,1,1,2,0,0
1923,Blackburn Rovers,Sheffield United,1,1,1,1,2,0,0
1923,Bolton Wanderers,Burnley,0,0,1,1,0,0,0
1923,Bolton Wanderers,Everton,2,0,1,1,2,2,1
1923,Bolton Wanderers,Manchester City,0,0,1,1,0,0,0
1923,Bolton Wanderers,Nottingham Forest,4,0,1,1,4,4,1
1923,Bolton Wanderers,Sheffield United,4,2,1,1,6,2,1
1923,Burnley,Aston Villa,1,2,1,1,3,-1,0
1923,Burnley,Everton,2,2,1,1,4,0,0
1923,Burnley,Sheffield United,2,0,1,1,2,2,1
1923,Cardiff City,Aston Villa,0,2,1,1,2,-2,0
1923,Cardiff City,Bolton Wanderers,3,2,1,1,5,1,1
1923,Cardiff City,Nottingham Forest,4,1,1,1,5,3,1
1923,Chelsea,Bolton Wanderers,0,0,1,1,0,0,0
1923,Everton,Manchester City,6,1,1,1,7,5,1
1923,Huddersfield Town,Bolton Wanderers,1,0,1,1,1,1,1
1923,Huddersfield Town,Chelsea,0,1,1,1,1,-1,0
1923,Huddersfield Town,Manchester City,1,1,1,1,2,0,0
1923,Huddersfield Town,Sheffield United,1,0,1,1,1,1,1
1923,Huddersfield Town,West Bromwich Albion,0,0,1,1,0,0,0
1923,Liverpool,Sheffield United,2,3,1,1,5,-1,0
1923,Liverpool,West Bromwich Albion,0,0,1,1,0,0,0
1923,Manchester City,Aston Villa,1,2,1,1,3,-1,0
1923,Manchester City,Bolton Wanderers,1,1,1,1,2,0,0
1923,Manchester City,Chelsea,1,0,1,1,1,1,1
1923,Manchester City,Liverpool,0,1,1,1,1,-1,0
1923,Manchester City,Nottingham Forest,1,3,1,1,4,-2,0
1923,Manchester City,Sheffield United,2,1,1,1,3,1,1
1923,Manchester City,West Bromwich Albion,3,3,1,1,6,0,0
1923,Middlesbrough,Aston Villa,0,2,1,1,2,-2,0
1923,Middlesbrough,Bolton Wanderers,1,2,1,1,3,-1,0
1923,Middlesbrough,Chelsea,2,0,1,1,2,2,1
1923,Middlesbrough,Liverpool,1,1,1,1,2,0,0
1923,Middlesbrough,West Bromwich Albion,0,1,1,1,1,-1,0
1923,Newcastle United,Aston Villa,4,1,1,1,5,3,1
1923,Newcastle United,Bolton Wanderers,1,0,1,1,1,1,1
1923,Newcastle United,Chelsea,2,1,1,1,3,1,1
1923,Newcastle United,Liverpool,2,1,1,1,3,1,1
1923,Newcastle United,Nottingham Forest,4,0,1,1,4,4,1
1923,Newcastle United,West Bromwich Albion,1,1,1,1,2,0,0
1923,Nottingham Forest,Aston Villa,0,0,1,1,0,0,0
1923,Nottingham Forest,Newcastle United,0,0,1,1,0,0,0
1923,Nottingham Forest,West Bromwich Albion,1,1,1,1,2,0,0
1923,Notts County,Aston Villa,0,1,1,1,1,-1,0
1923,Notts County,Bolton Wanderers,1,1,1,1,2,0,0
1923,Notts County,Chelsea,0,0,1,1,0,0,0
1923,Notts County,Newcastle United,1,0,1,1,1,1,1
1923,Notts County,Sheffield United,0,2,1,1,2,-2,0
1923,Notts County,West Bromwich Albion,1,0,1,1,1,1,1
1923,Preston North End,Aston Villa,2,2,1,1,4,0,0
1923,Preston North End,Bolton Wanderers,0,2,1,1,2,-2,0
1923,Preston North End,Chelsea,1,1,1,1,2,0,0
1923,Preston North End,Liverpool,0,1,1,1,1,-1,0
1923,Preston North End,Sheffield United,1,1,1,1,2,0,0
1923,Preston North End,West Bromwich Albion,1,2,1,1,3,-1,0
1923,Sheffield United,Aston Villa,2,1,1,1,3,1,1
1923,Sheffield United,Newcastle United,2,1,1,1,3,1,1
1923,Sheffield United,Preston North End,4,0,1,1,4,4,1
1923,Sunderland,Chelsea,2,0,1,1,2,2,1
1923,Sunderland,Newcastle United,3,2,1,1,5,1,1
1923,Sunderland,Preston North End,2,1,1,1,3,1,1
1923,Tottenham Hotspur,Aston Villa,2,3,1,1,5,-1,0
1923,Tottenham Hotspur,Bolton Wanderers,0,0,1,1,0,0,0
1923,Tottenham Hotspur,Liverpool,1,1,1,1,2,0,0
1923,Tottenham Hotspur,Preston North End,2,0,1,1,2,2,1
1923,Tottenham Hotspur,West Bromwich Albion,0,0,1,1,0,0,0
1923,West Bromwich Albion,Aston Villa,1,0,1,1,1,1,1
1923,West Bromwich Albion,Bolton Wanderers,0,5,1,1,5,-5,0
1923,West Ham United,Aston Villa,1,0,1,1,1,1,1
1923,West Ham United,Chelsea,2,0,1,1,2,2,1
1923,West Ham United,Liverpool,1,0,1,1,1,1,1
1923,West Ham United,Newcastle United,1,0,1,1,1,1,1
1923,West Ham United,Preston North End,3,1,1,1,4,2,1
1923,Barnsley,Coventry City,1,1,2,2,2,0,0
1923,Barnsley,Fulham,2,1,2,2,3,1,1
1923,Barnsley,Leicester City,3,1,2,2,4,2,1
1923,Barnsley,Sheffield Wednesday,0,0,2,2,0,0,0
1923,Barnsley,Stockport County,0,0,2,2,0,0,0
1923,Blackpool,Bradford City,2,1,2,2,3,1,1
1923,Blackpool,Coventry City,5,0,2,2,5,5,1
1923,Blackpool,Nelson,1,1,2,2,2,0,0
1923,Blackpool,Sheffield Wednesday,1,0,2,2,1,1,1
1923,Blackpool,Stockport County,0,0,2,2,0,0,0
1923,Bradford City,Blackpool,0,2,2,2,2,-2,0
1923,Bradford City,Coventry City,0,0,2,2,0,0,0
1923,Bradford City,Leicester City,2,2,2,2,4,0,0
1923,Bradford City,Nelson,0,2,2,2,2,-2,0
1923,Bradford City,Stockport County,0,1,2,2,1,-1,0
1923,Bristol City,Blackpool,1,1,2,2,2,0,0
1923,Bristol City,Coventry City,2,2,2,2,4,0,0
1923,Bristol City,Leicester City,0,1,2,2,1,-1,0
1923,Bristol City,Stockport County,3,0,2,2,3,3,1
1923,Bury,Coventry City,5,0,2,2,5,5,1
1923,Bury,Leicester City,2,0,2,2,2,2,1
1923,Bury,Stockport County,2,1,2,2,3,1,1
1923,Coventry City,Blackpool,3,1,2,2,4,2,1
1923,Coventry City,Fulham,3,0,2,2,3,3,1
1923,Coventry City,Leicester City,2,4,2,2,6,-2,0
1923,Coventry City,Sheffield Wednesday,5,1,2,2,6,4,1
1923,Coventry City,Stockport County,0,0,2,2,0,0,0
1923,Crystal Palace,Blackpool,3,1,2,2,4,2,1
1923,Crystal Palace,Fulham,1,1,2,2,2,0,0
1923,Derby County,Leicester City,4,0,2,2,4,4,1
1923,Derby County,Stockport County,4,1,2,2,5,3,1
1923,Fulham,Blackpool,2,3,2,2,5,-1,0
1923,Fulham,Derby County,3,2,2,2,5,1,1
1923,Fulham,Leicester City,1,0,2,2,1,1,1
1923,Fulham,Nelson,0,0,2,2,0,0,0
1923,Fulham,Sheffield Wednesday,4,1,2,2,5,3,1
1923,Hull City,Leicester City,1,1,2,2,2,0,0
1923,Hull City,Nelson,2,1,2,2,3,1,1
1923,Leeds United,Derby County,1,1,2,2,2,0,0
1923,Leeds United,Nelson,1,0,2,2,1,1,1
1923,Leicester City,Derby County,3,0,2,2,3,3,1
1923,Leicester City,Leeds United,2,0,2,2,2,2,1
1923,Leicester City,Nelson,3,1,2,2,4,2,1
1923,Leicester City,Sheffield Wednesday,2,1,2,2,3,1,1
1923,Leicester City,Stockport County,1,1,2,2,2,0,0
1923,Leyton Orient,Bury,1,0,2,2,1,1,1
1923,Leyton Orient,Derby County,2,0,2,2,2,2,1
1923,Leyton Orient,Leeds United,0,1,2,2,1,-1,0
1923,Leyton Orient,Nelson,5,1,2,2,6,4,1
1923,Manchester United,Blackpool,0,0,2,2,0,0,0
1923,Manchester United,Bury,0,1,2,2,1,-1,0
1923,Manchester United,Derby County,0,0,2,2,0,0,0
1923,Manchester United,Leeds United,3,1,2,2,4,2,1
1923,Manchester United,Sheffield Wednesday,2,0,2,2,2,2,1
1923,Nelson,Derby County,2,1,2,2,3,1,1
1923,Nelson,Manchester United,0,2,2,2,2,-2,0
1923,Nelson,Sheffield Wednesday,1,1,2,2,2,0,0
1923,Oldham Athletic,Manchester United,3,2,2,2,5,1,1
1923,Port Vale,Blackpool,2,6,2,2,8,-4,0
1923,Port Vale,Derby County,2,0,2,2,2,2,1
1923,Port Vale,Leeds United,0,1,2,2,1,-1,0
1923,Port Vale,Sheffield Wednesday,2,0,2,2,2,2,1
1923,Sheffield Wednesday,Blackpool,2,2,2,2,4,0,0
1923,Sheffield Wednesday,Leeds United,0,0,2,2,0,0,0
1923,Sheffield Wednesday,Manchester United,2,0,2,2,2,2,1
1923,Sheffield Wednesday,Port Vale,2,1,2,2,3,1,1
1923,Sheffield Wednesday,Stockport County,3,0,2,2,3,3,1
1923,South Shields,Derby County,3,2,2,2,5,1,1
1923,South Shields,Port Vale,3,3,2,2,6,0,0
1923,Southampton,Derby County,0,0,2,2,0,0,0
1923,Southampton,Manchester United,0,0,2,2,0,0,0
1923,Southampton,Port Vale,1,1,2,2,2,0,0
1923,Stockport County,Blackpool,2,1,2,2,3,1,1
1923,Stockport County,Bury,3,2,2,2,5,1,1
1923,Stockport County,Leeds United,1,1,2,2,2,0,0
1923,Stockport County,Southampton,2,3,2,2,5,-1,0
1923,Stoke City,Blackpool,2,2,2,2,4,0,0
1923,Stoke City,Derby County,1,1,2,2,2,0,0
1923,Stoke City,Manchester United,3,0,2,2,3,3,1
1923,Accrington Stanley,Durham City,5,4,3a,3,9,1,1
1923,Accrington Stanley,Hartlepool United,2,0,3a,3,2,2,1
1923,Accrington Stanley,Tranmere Rovers,3,1,3a,3,4,2,1
1923,Accrington Stanley,Wolverhampton Wanderers,1,0,3a,3,1,1,1
1923,Barrow,Ashington,2,2,3a,3,4,0,0
1923,Barrow,Crewe Alexandra,1,2,3a,3,3,-1,0
1923,Barrow,Durham City,1,2,3a,3,3,-1,0
1923,Barrow,Rochdale,1,2,3a,3,3,-1,0
1923,Bradford Park Avenue,Durham City,3,0,3a,3,3,3,1
1923,Bradford Park Avenue,Rochdale,4,2,3a,3,6,2,1
1923,Bradford Park Avenue,Wolverhampton Wanderers,0,1,3a,3,1,-1,0
1923,Chesterfield,Ashington,2,0,3a,3,2,2,1
1923,Chesterfield,Crewe Alexandra,2,1,3a,3,3,1,1
1923,Chesterfield,Durham City,1,1,3a,3,2,0,0
1923,Chesterfield,Wolverhampton Wanderers,0,0,3a,3,0,0,0
1923,Crewe Alexandra,Durham City,0,2,3a,3,2,-2,0
1923,Crewe Alexandra,Rochdale,0,2,3a,3,2,-2,0
1923,Crewe Alexandra,Tranmere Rovers,1,1,3a,3,2,0,0
1923,Crewe Alexandra,Wolverhampton Wanderers,0,0,3a,3,0,0,0
1923,Darlington,Chesterfield,2,1,3a,3,3,1,1
1923,Darlington,Tranmere Rovers,4,1,3a,3,5,3,1
1923,Darlington,Wolverhampton Wanderers,1,1,3a,3,2,0,0
1923,Doncaster Rovers,Chesterfield,0,2,3a,3,2,-2,0
1923,Doncaster Rovers,Hartlepool United,3,1,3a,3,4,2,1
1923,Doncaster Rovers,Rochdale,0,0,3a,3,0,0,0
1923,Doncaster Rovers,Wolverhampton Wanderers,0,2,3a,3,2,-2,0
1923,Durham City,Chesterfield,1,1,3a,3,2,0,0
1923,Durham City,Hartlepool United,3,0,3a,3,3,3,1
1923,Grimsby Town,Chesterfield,0,0,3a,3,0,0,0
1923,Grimsby Town,Doncaster Rovers,1,1,3a,3,2,0,0
1923,Grimsby Town,Hartlepool United,0,1,3a,3,1,-1,0
1923,Grimsby Town,Rochdale,1,0,3a,3,1,1,1
1923,Grimsby Town,Wolverhampton Wanderers,2,0,3a,3,2,2,1
1923,Halifax Town,Ashington,3,0,3a,3,3,3,1
1923,Halifax Town,Chesterfield,2,0,3a,3,2,2,1
1923,Halifax Town,Doncaster Rovers,0,1,3a,3,1,-1,0
1923,Halifax Town,Rochdale,0,1,3a,3,1,-1,0
1923,Halifax Town,Tranmere Rovers,0,0,3a,3,0,0,0
1923,Halifax Town,Wolverhampton Wanderers,2,2,3a,3,4,0,0
1923,Hartlepool United,Ashington,0,1,3a,3,1,-1,0
1923,Hartlepool United,Chesterfield,2,3,3a,3,5,-1,0
1923,Lincoln City,Chesterfield,0,1,3a,3,1,-1,0
1923,Lincoln City,Doncaster Rovers,1,1,3a,3,2,0,0
1923,Lincoln City,Halifax Town,1,1,3a,3,2,0,0
1923,New Brighton,Ashington,1,1,3a,3,2,0,0
1923,New Brighton,Doncaster Rovers,2,0,3a,3,2,2,1
1923,New Brighton,Tranmere Rovers,0,0,3a,3,0,0,0
1923,Rochdale,Ashington,1,0,3a,3,1,1,1
1923,Rochdale,Halifax Town,3,0,3a,3,3,3,1
1923,Rochdale,Tranmere Rovers,1,0,3a,3,1,1,1
1923,Rotherham County,Doncaster Rovers,3,0,3a,3,3,3,1
1923,Rotherham County,Halifax Town,3,2,3a,3,5,1,1
1923,Rotherham County,Wolverhampton Wanderers,1,1,3a,3,2,0,0
1923,Southport,Ashington,2,0,3a,3,2,2,1
1923,Southport,Chesterfield,1,0,3a,3,1,1,1
1923,Southport,Halifax Town,3,0,3a,3,3,3,1
1923,Southport,Tranmere Rovers,1,1,3a,3,2,0,0
1923,Tranmere Rovers,Chesterfield,0,0,3a,3,0,0,0
1923,Tranmere Rovers,Halifax Town,3,0,3a,3,3,3,1
1923,Walsall,Chesterfield,0,1,3a,3,1,-1,0
1923,Walsall,Doncaster Rovers,5,2,3a,3,7,3,1
1923,Walsall,Halifax Town,2,0,3a,3,2,2,1
1923,Wigan Borough,Ashington,1,1,3a,3,2,0,0
1923,Wigan Borough,Chesterfield,3,1,3a,3,4,2,1
1923,Wigan Borough,Doncaster Rovers,1,0,3a,3,1,1,1
1923,Wigan Borough,Southport,1,1,3a,3,2,0,0
1923,Wolverhampton Wanderers,Chesterfield,2,1,3a,3,3,1,1
1923,Wolverhampton Wanderers,Doncaster Rovers,1,0,3a,3,1,1,1
1923,Wolverhampton Wanderers,Halifax Town,4,0,3a,3,4,4,1
1923,Wolverhampton Wanderers,New Brighton,5,1,3a,3,6,4,1
1923,Wrexham,Ashington,4,0,3a,3,4,4,1
1923,Wrexham,Chesterfield,0,0,3a,3,0,0,0
1923,Wrexham,New Brighton,0,0,3a,3,0,0,0
1923,Wrexham,Wigan Borough,0,0,3a,3,0,0,0
1923,Aberdare Athletic,Brentford,1,2,3b,3,3,-1,0
1923,Aberdare Athletic,Charlton Athletic,4,1,3b,3,5,3,1
1923,Aberdare Athletic,Luton Town,0,1,3b,3,1,-1,0
1923,Aberdare Athletic,Plymouth Argyle,1,2,3b,3,3,-1,0
1923,AFC Bournemouth,Charlton Athletic,1,0,3b,3,1,1,1
1923,AFC Bournemouth,Plymouth Argyle,0,0,3b,3,0,0,0
1923,AFC Bournemouth,Swindon Town,0,0,3b,3,0,0,0
1923,Brentford,AFC Bournemouth,2,0,3b,3,2,2,1
1923,Brentford,Charlton Athletic,0,0,3b,3,0,0,0
1923,Brentford,Luton Town,2,1,3b,3,3,1,1
1923,Brentford,Newport County,0,0,3b,3,0,0,0
1923,Brentford,Plymouth Argyle,1,1,3b,3,2,0,0
1923,Brighton & Hove Albion,AFC Bournemouth,5,0,3b,3,5,5,1
1923,Brighton & Hove Albion,Luton Town,4,0,3b,3,4,4,1
1923,Brighton & Hove Albion,Newport County,4,0,3b,3,4,4,1
1923,Brighton & Hove Albion,Swindon Town,1,1,3b,3,2,0,0
1923,Bristol Rovers,Charlton Athletic,2,0,3b,3,2,2,1
1923,Bristol Rovers,Luton Town,1,1,3b,3,2,0,0
1923,Bristol Rovers,Reading,0,0,3b,3,0,0,0
1923,Bristol Rovers,Swindon Town,0,1,3b,3,1,-1,0
1923,Charlton Athletic,AFC Bournemouth,1,2,3b,3,3,-1,0
1923,Charlton Athletic,Bristol Rovers,1,3,3b,3,4,-2,0
1923,Charlton Athletic,Luton Town,1,1,3b,3,2,0,0
1923,Charlton Athletic,Reading,0,0,3b,3,0,0,0
1923,Charlton Athletic,Swindon Town,3,1,3b,3,4,2,1
1923,Exeter City,Bristol Rovers,3,1,3b,3,4,2,1
1923,Exeter City,Newport County,5,0,3b,3,5,5,1
1923,Exeter City,Reading,3,2,3b,3,5,1,1
1923,Gillingham,AFC Bournemouth,1,0,3b,3,1,1,1
1923,Gillingham,Bristol Rovers,1,0,3b,3,1,1,1
1923,Gillingham,Newport County,2,1,3b,3,3,1,1
1923,Gillingham,Plymouth Argyle,1,0,3b,3,1,1,1
1923,Gillingham,Swindon Town,1,0,3b,3,1,1,1
1923,Luton Town,AFC Bournemouth,6,2,3b,3,8,4,1
1923,Luton Town,Gillingham,1,1,3b,3,2,0,0
1923,Luton Town,Newport County,2,0,3b,3,2,2,1
1923,Luton Town,Plymouth Argyle,0,2,3b,3,2,-2,0
1923,Luton Town,Reading,2,0,3b,3,2,2,1
1923,Merthyr Town,AFC Bournemouth,4,2,3b,3,6,2,1
1923,Merthyr Town,Gillingham,0,2,3b,3,2,-2,0
1923,Merthyr Town,Plymouth Argyle,1,0,3b,3,1,1,1
1923,Millwall,AFC Bournemouth,4,2,3b,3,6,2,1
1923,Millwall,Bristol Rovers,1,0,3b,3,1,1,1
1923,Millwall,Newport County,2,1,3b,3,3,1,1
1923,Millwall,Plymouth Argyle,1,0,3b,3,1,1,1
1923,Newport County,AFC Bournemouth,2,0,3b,3,2,2,1
1923,Newport County,Bristol Rovers,1,0,3b,3,1,1,1
1923,Newport County,Gillingham,2,1,3b,3,3,1,1
1923,Newport County,Plymouth Argyle,1,2,3b,3,3,-1,0
1923,Newport County,Reading,2,0,3b,3,2,2,1
1923,Northampton Town,AFC Bournemouth,3,1,3b,3,4,2,1
1923,Northampton Town,Millwall,2,1,3b,3,3,1,1
1923,Northampton Town,Plymouth Argyle,1,0,3b,3,1,1,1
1923,Norwich City,Gillingham,1,0,3b,3,1,1,1
1923,Norwich City,Millwall,1,1,3b,3,2,0,0
1923,Norwich City,Plymouth Argyle,0,1,3b,3,1,-1,0
1923,Plymouth Argyle,Millwall,1,1,3b,3,2,0,0
1923,Plymouth Argyle,Reading,2,1,3b,3,3,1,1
1923,Portsmouth,AFC Bournemouth,3,0,3b,3,3,3,1
1923,Portsmouth,Gillingham,3,0,3b,3,3,3,1
1923,Portsmouth,Millwall,0,1,3b,3,1,-1,0
1923,Portsmouth,Norwich City,4,0,3b,3,4,4,1
1923,Portsmouth,Reading,1,1,3b,3,2,0,0
1923,Queens Park Rangers,AFC Bournemouth,0,1,3b,3,1,-1,0
1923,Queens Park Rangers,Swindon Town,2,2,3b,3,4,0,0
1923,Reading,AFC Bournemouth,1,2,3b,3,3,-1,0
1923,Reading,Gillingham,4,0,3b,3,4,4,1
1923,Reading,Swindon Town,1,0,3b,3,1,1,1
1923,Southend United,Gillingham,3,2,3b,3,5,1,1
1923,Southend United,Norwich City,3,1,3b,3,4,2,1
1923,Southend United,Queens Park Rangers,4,2,3b,3,6,2,1
1923,Southend United,Swindon Town,0,2,3b,3,2,-2,0
1923,Swansea City,AFC Bournemouth,1,0,3b,3,1,1,1
1923,Swansea City,Millwall,1,2,3b,3,3,-1,0
1923,Swansea City,Norwich City,1,0,3b,3,1,1,1
1923,Swansea City,Queens Park Rangers,2,0,3b,3,2,2,1
1923,Swansea City,Swindon Town,1,1,3b,3,2,0,0
1923,Swindon Town,Millwall,1,0,3b,3,1,1,1
1923,Swindon Town,Norwich City,4,2,3b,3,6,2,1
1923,Swindon Town,Queens Park Rangers,0,0,3b,3,0,0,0
1923,Watford,AFC Bournemouth,0,0,3b,3,0,0,0
1923,Watford,Gillingham,1,1,3b,3,2,0,0
1923,Watford,Swansea City,2,2,3b,3,4,0,0
1924,Arsenal,Everton,3,1,1,1,4,2,1
1924,Arsenal,Liverpool,2,0,1,1,2,2,1
1924,Arsenal,Nottingham Forest,2,1,1,1,3,1,1
1924,Arsenal,West Bromwich Albion,2,0,1,1,2,2,1
1924,Aston Villa,Everton,3,1,1,1,4,2,1
1924,Aston Villa,Nottingham Forest,2,0,1,1,2,2,1
1924,Aston Villa,West Bromwich Albion,1,0,1,1,1,1,1
1924,Birmingham City,Aston Villa,1,0,1,1,1,1,1
1924,Birmingham City,Burnley,1,0,1,1,1,1,1
1924,Birmingham City,Nottingham Forest,1,1,1,1,2,0,0
1924,Birmingham City,Sheffield United,1,1,1,1,2,0,0
1924,Birmingham City,West Bromwich Albion,0,0,1,1,0,0,0
1924,Blackburn Rovers,Burnley,0,3,1,1,3,-3,0
1924,Blackburn Rovers,Everton,3,0,1,1,3,3,1
1924,Blackburn Rovers,Liverpool,3,1,1,1,4,2,1
1924,Blackburn Rovers,Nottingham Forest,0,0,1,1,0,0,0
1924,Blackburn Rovers,Sheffield United,2,2,1,1,4,0,0
1924,Bolton Wanderers,Aston Villa,4,0,1,1,4,4,1
1924,Bolton Wanderers,Sheffield United,3,1,1,1,4,2,1
1924,Bolton Wanderers,West Bromwich Albion,1,1,1,1,2,0,0
1924,Burnley,Bolton Wanderers,0,0,1,1,0,0,0
1924,Burnley,Everton,0,0,1,1,0,0,0
1924,Burnley,Sheffield United,1,1,1,1,2,0,0
1924,Burnley,West Bromwich Albion,0,1,1,1,1,-1,0
1924,Bury,Everton,1,0,1,1,1,1,1
1924,Bury,Liverpool,0,0,1,1,0,0,0
1924,Bury,Nottingham Forest,3,0,1,1,3,3,1
1924,Bury,Sheffield United,1,0,1,1,1,1,1
1924,Bury,West Bromwich Albion,0,2,1,1,2,-2,0
1924,Cardiff City,Aston Villa,2,1,1,1,3,1,1
1924,Cardiff City,Sheffield United,1,1,1,1,2,0,0
1924,Everton,Aston Villa,2,0,1,1,2,2,1
1924,Huddersfield Town,Bolton Wanderers,0,0,1,1,0,0,0
1924,Huddersfield Town,Cardiff City,0,0,1,1,0,0,0
1924,Huddersfield Town,West Bromwich Albion,1,1,1,1,2,0,0
1924,Leeds United,Bolton Wanderers,2,1,1,1,3,1,1
1924,Leeds United,Cardiff City,0,0,1,1,0,0,0
1924,Leeds United,Liverpool,4,1,1,1,5,3,1
1924,Leeds United,Nottingham Forest,1,1,1,1,2,0,0
1924,Liverpool,Aston Villa,2,4,1,1,6,-2,0
1924,Liverpool,Cardiff City,1,2,1,1,3,-1,0
1924,Liverpool,Leeds United,1,0,1,1,1,1,1
1924,Liverpool,Nottingham Forest,3,0,1,1,3,3,1
1924,Manchester City,Aston Villa,1,0,1,1,1,1,1
1924,Manchester City,Cardiff City,2,2,1,1,4,0,0
1924,Manchester City,Leeds United,4,2,1,1,6,2,1
1924,Newcastle United,Bolton Wanderers,0,1,1,1,1,-1,0
1924,Newcastle United,Nottingham Forest,4,1,1,1,5,3,1
1924,Newcastle United,Sheffield United,0,0,1,1,0,0,0
1924,Nottingham Forest,Cardiff City,2,1,1,1,3,1,1
1924,Nottingham Forest,Leeds United,4,0,1,1,4,4,1
1924,Notts County,Aston Villa,0,0,1,1,0,0,0
1924,Notts County,Bolton Wanderers,0,1,1,1,1,-1,0
1924,Notts County,Sheffield United,2,0,1,1,2,2,1
1924,Notts County,West Bromwich Albion,0,2,1,1,2,-2,0
1924,Preston North End,Leeds United,1,4,1,1,5,-3,0
1924,Preston North End,Sheffield United,0,1,1,1,1,-1,0
1924,Preston North End,West Bromwich Albion,1,2,1,1,3,-1,0
1924,Sheffield United,Bolton Wanderers,2,0,1,1,2,2,1
1924,Sheffield United,Cardiff City,1,0,1,1,1,1,1
1924,Sunderland,Aston Villa,1,1,1,1,2,0,0
1924,Sunderland,Cardiff City,1,0,1,1,1,1,1
1924,Sunderland,Leeds United,2,1,1,1,3,1,1
1924,Sunderland,West Bromwich Albion,3,0,1,1,3,3,1
1924,Tottenham Hotspur,Leeds United,2,1,1,1,3,1,1
1924,Tottenham Hotspur,Newcastle United,3,0,1,1,3,3,1
1924,Tottenham Hotspur,West Bromwich Albion,0,1,1,1,1,-1,0
1924,West Bromwich Albion,Newcastle United,2,0,1,1,2,2,1
1924,West Bromwich Albion,Tottenham Hotspur,2,0,1,1,2,2,1
1924,West Ham United,Aston Villa,2,0,1,1,2,2,1
1924,West Ham United,Cardiff City,3,2,1,1,5,1,1
1924,West Ham United,Newcastle United,0,0,1,1,0,0,0
1924,West Ham United,Tottenham Hotspur,1,1,1,1,2,0,0
1924,Barnsley,Crystal Palace,3,0,2,2,3,3,1
1924,Blackpool,Bradford City,1,2,2,2,3,-1,0
1924,Blackpool,Crystal Palace,0,1,2,2,1,-1,0
1924,Blackpool,Port Vale,4,1,2,2,5,3,1
1924,Blackpool,South Shields,5,0,2,2,5,5,1
1924,Bradford City,Blackpool,1,0,2,2,1,1,1
1924,Bradford City,Hull City,4,1,2,2,5,3,1
1924,Bradford City,Manchester United,0,1,2,2,1,-1,0
1924,Bradford City,Port Vale,1,1,2,2,2,0,0
1924,Bradford City,South Shields,1,0,2,2,1,1,1
1924,Bradford City,Stoke City,1,0,2,2,1,1,1
1924,Chelsea,Blackpool,3,0,2,2,3,3,1
1924,Chelsea,Crystal Palace,2,2,2,2,4,0,0
1924,Chelsea,Hull City,1,0,2,2,1,1,1
1924,Chelsea,South Shields,1,1,2,2,2,0,0
1924,Chelsea,Stoke City,2,1,2,2,3,1,1
1924,Coventry City,South Shields,0,1,2,2,1,-1,0
1924,Crystal Palace,Blackpool,1,2,2,2,3,-1,0
1924,Crystal Palace,Coventry City,0,0,2,2,0,0,0
1924,Crystal Palace,Manchester United,2,1,2,2,3,1,1
1924,Crystal Palace,Port Vale,0,0,2,2,0,0,0
1924,Derby County,Manchester United,1,0,2,2,1,1,1
1924,Derby County,Port Vale,4,1,2,2,5,3,1
1924,Derby County,Stoke City,1,2,2,2,3,-1,0
1924,Fulham,Coventry City,2,0,2,2,2,2,1
1924,Fulham,Hull City,4,0,2,2,4,4,1
1924,Fulham,Manchester United,1,0,2,2,1,1,1
1924,Fulham,Port Vale,1,1,2,2,2,0,0
1924,Fulham,South Shields,1,1,2,2,2,0,0
1924,Hull City,Coventry City,4,1,2,2,5,3,1
1924,Hull City,Fulham,3,0,2,2,3,3,1
1924,Hull City,Manchester United,0,1,2,2,1,-1,0
1924,Hull City,South Shields,0,1,2,2,1,-1,0
1924,Hull City,Stoke City,0,0,2,2,0,0,0
1924,Leicester City,Fulham,4,0,2,2,4,4,1
1924,Leicester City,South Shields,1,1,2,2,2,0,0
1924,Leyton Orient,Coventry City,1,2,2,2,3,-1,0
1924,Leyton Orient,Manchester United,0,1,2,2,1,-1,0
1924,Leyton Orient,Port Vale,3,1,2,2,4,2,1
1924,Leyton Orient,South Shields,0,0,2,2,0,0,0
1924,Leyton Orient,Stoke City,0,2,2,2,2,-2,0
1924,Manchester United,Coventry City,5,1,2,2,6,4,1
1924,Manchester United,Fulham,2,0,2,2,2,2,1
1924,Manchester United,Port Vale,4,0,2,2,4,4,1
1924,Manchester United,South Shields,1,0,2,2,1,1,1
1924,Middlesbrough,Blackpool,4,1,2,2,5,3,1
1924,Middlesbrough,Coventry City,1,1,2,2,2,0,0
1924,Middlesbrough,Fulham,1,3,2,2,4,-2,0
1924,Middlesbrough,Leyton Orient,1,1,2,2,2,0,0
1924,Middlesbrough,Port Vale,0,1,2,2,1,-1,0
1924,Middlesbrough,South Shields,1,1,2,2,2,0,0
1924,Oldham Athletic,Blackpool,4,1,2,2,5,3,1
1924,Oldham Athletic,Coventry City,5,0,2,2,5,5,1
1924,Oldham Athletic,Leyton Orient,2,1,2,2,3,1,1
1924,Oldham Athletic,Port Vale,2,0,2,2,2,2,1
1924,Port Vale,Coventry City,4,0,2,2,4,4,1
1924,Port Vale,Fulham,0,1,2,2,1,-1,0
1924,Port Vale,Leyton Orient,4,2,2,2,6,2,1
1924,Port Vale,South Shields,0,0,2,2,0,0,0
1924,Port Vale,Stoke City,2,0,2,2,2,2,1
1924,Portsmouth,Blackpool,1,1,2,2,2,0,0
1924,Portsmouth,Fulham,3,0,2,2,3,3,1
1924,Portsmouth,Leyton Orient,0,2,2,2,2,-2,0
1924,Portsmouth,South Shields,1,0,2,2,1,1,1
1924,Portsmouth,Stoke City,0,0,2,2,0,0,0
1924,Sheffield Wednesday,Fulham,3,1,2,2,4,2,1
1924,Sheffield Wednesday,Oldham Athletic,1,0,2,2,1,1,1
1924,South Shields,Leyton Orient,2,0,2,2,2,2,1
1924,South Shields,Oldham Athletic,0,0,2,2,0,0,0
1924,South Shields,Sheffield Wednesday,0,1,2,2,1,-1,0
1924,South Shields,Stoke City,4,0,2,2,4,4,1
1924,Southampton,Blackpool,2,1,2,2,3,1,1
1924,Southampton,Coventry City,3,0,2,2,3,3,1
1924,Southampton,Leyton Orient,2,0,2,2,2,2,1
1924,Southampton,Sheffield Wednesday,1,0,2,2,1,1,1
1924,Stockport County,Blackpool,1,0,2,2,1,1,1
1924,Stockport County,Oldham Athletic,2,0,2,2,2,2,1
1924,Stoke City,Coventry City,4,1,2,2,5,3,1
1924,Stoke City,Sheffield Wednesday,0,2,2,2,2,-2,0
1924,Wolverhampton Wanderers,Coventry City,3,1,2,2,4,2,1
1924,Wolverhampton Wanderers,Oldham Athletic,2,0,2,2,2,2,1
1924,Wolverhampton Wanderers,Sheffield Wednesday,1,0,2,2,1,1,1
1924,Wolverhampton Wanderers,Stockport County,3,0,2,2,3,3,1
1924,Accrington Stanley,Barrow,1,2,3a,3,3,-1,0
1924,Accrington Stanley,Southport,5,1,3a,3,6,4,1
1924,Accrington Stanley,Wigan Borough,3,1,3a,3,4,2,1
1924,Ashington,Barrow,5,2,3a,3,7,3,1
1924,Ashington,Crewe Alexandra,1,1,3a,3,2,0,0
1924,Ashington,Durham City,0,2,3a,3,2,-2,0
1924,Ashington,Hartlepool United,0,3,3a,3,3,-3,0
1924,Ashington,Wigan Borough,1,1,3a,3,2,0,0
1924,Barrow,Ashington,3,2,3a,3,5,1,1
1924,Barrow,Durham City,2,0,3a,3,2,2,1
1924,Barrow,New Brighton,1,1,3a,3,2,0,0
1924,Barrow,Wigan Borough,0,1,3a,3,1,-1,0
1924,Bradford Park Avenue,Crewe Alexandra,6,1,3a,3,7,5,1
1924,Bradford Park Avenue,New Brighton,5,2,3a,3,7,3,1
1924,Bradford Park Avenue,Wigan Borough,2,2,3a,3,4,0,0
1924,Chesterfield,Hartlepool United,4,0,3a,3,4,4,1
1924,Chesterfield,New Brighton,3,0,3a,3,3,3,1
1924,Chesterfield,Southport,1,2,3a,3,3,-1,0
1924,Crewe Alexandra,Ashington,1,0,3a,3,1,1,1
1924,Crewe Alexandra,Durham City,3,0,3a,3,3,3,1
1924,Crewe Alexandra,Hartlepool United,3,1,3a,3,4,2,1
1924,Crewe Alexandra,New Brighton,1,0,3a,3,1,1,1
1924,Darlington,Chesterfield,3,3,3a,3,6,0,0
1924,Darlington,Hartlepool United,2,0,3a,3,2,2,1
1924,Darlington,Wigan Borough,5,0,3a,3,5,5,1
1924,Doncaster Rovers,Ashington,7,3,3a,3,10,4,1
1924,Doncaster Rovers,Chesterfield,0,1,3a,3,1,-1,0
1924,Doncaster Rovers,Durham City,0,0,3a,3,0,0,0
1924,Doncaster Rovers,Hartlepool United,1,0,3a,3,1,1,1
1924,Doncaster Rovers,New Brighton,1,0,3a,3,1,1,1
1924,Durham City,Ashington,0,0,3a,3,0,0,0
1924,Durham City,Chesterfield,1,1,3a,3,2,0,0
1924,Durham City,Doncaster Rovers,1,0,3a,3,1,1,1
1924,Durham City,Southport,0,0,3a,3,0,0,0
1924,Grimsby Town,Chesterfield,0,0,3a,3,0,0,0
1924,Grimsby Town,Wigan Borough,4,0,3a,3,4,4,1
1924,Halifax Town,Ashington,0,0,3a,3,0,0,0
1924,Halifax Town,Chesterfield,1,0,3a,3,1,1,1
1924,Halifax Town,Doncaster Rovers,2,0,3a,3,2,2,1
1924,Halifax Town,New Brighton,1,2,3a,3,3,-1,0
1924,Halifax Town,Southport,2,0,3a,3,2,2,1
1924,Hartlepool United,Ashington,0,1,3a,3,1,-1,0
1924,Hartlepool United,Chesterfield,1,0,3a,3,1,1,1
1924,Hartlepool United,Doncaster Rovers,2,2,3a,3,4,0,0
1924,Hartlepool United,New Brighton,0,2,3a,3,2,-2,0
1924,Lincoln City,Ashington,5,0,3a,3,5,5,1
1924,Lincoln City,Doncaster Rovers,2,0,3a,3,2,2,1
1924,Nelson,Ashington,4,0,3a,3,4,4,1
1924,Nelson,Doncaster Rovers,3,0,3a,3,3,3,1
1924,Nelson,New Brighton,5,0,3a,3,5,5,1
1924,Nelson,Southport,2,1,3a,3,3,1,1
1924,New Brighton,Doncaster Rovers,0,2,3a,3,2,-2,0
1924,New Brighton,Nelson,5,0,3a,3,5,5,1
1924,New Brighton,Southport,1,1,3a,3,2,0,0
1924,Rochdale,Chesterfield,2,1,3a,3,3,1,1
1924,Rochdale,Doncaster Rovers,5,2,3a,3,7,3,1
1924,Rotherham County,Chesterfield,1,3,3a,3,4,-2,0
1924,Rotherham County,Southport,1,3,3a,3,4,-2,0
1924,Southport,Ashington,3,0,3a,3,3,3,1
1924,Southport,Nelson,1,0,3a,3,1,1,1
1924,Southport,Wigan Borough,0,1,3a,3,1,-1,0
1924,Tranmere Rovers,Doncaster Rovers,1,2,3a,3,3,-1,0
1924,Tranmere Rovers,Halifax Town,0,2,3a,3,2,-2,0
1924,Tranmere Rovers,Nelson,2,0,3a,3,2,2,1
1924,Tranmere Rovers,Rotherham County,1,0,3a,3,1,1,1
1924,Tranmere Rovers,Wigan Borough,2,3,3a,3,5,-1,0
1924,Walsall,Doncaster Rovers,4,0,3a,3,4,4,1
1924,Walsall,Nelson,1,2,3a,3,3,-1,0
1924,Walsall,Rotherham County,0,1,3a,3,1,-1,0
1924,Wigan Borough,Chesterfield,0,0,3a,3,0,0,0
1924,Wigan Borough,Doncaster Rovers,2,2,3a,3,4,0,0
1924,Wigan Borough,Halifax Town,2,0,3a,3,2,2,1
1924,Wigan Borough,Nelson,1,1,3a,3,2,0,0
1924,Wrexham,Doncaster Rovers,2,1,3a,3,3,1,1
1924,Wrexham,Rotherham County,3,1,3a,3,4,2,1
1924,Aberdare Athletic,Brentford,2,1,3b,3,3,1,1
1924,Aberdare Athletic,Gillingham,2,1,3b,3,3,1,1
1924,Aberdare Athletic,Millwall,0,1,3b,3,1,-1,0
1924,Aberdare Athletic,Norwich City,2,1,3b,3,3,1,1
1924,Aberdare Athletic,Reading,3,0,3b,3,3,3,1
1924,AFC Bournemouth,Brentford,2,0,3b,3,2,2,1
1924,AFC Bournemouth,Bristol Rovers,0,1,3b,3,1,-1,0
1924,AFC Bournemouth,Gillingham,3,0,3b,3,3,3,1
1924,AFC Bournemouth,Millwall,0,1,3b,3,1,-1,0
1924,Brentford,Norwich City,1,1,3b,3,2,0,0
1924,Brighton & Hove Albion,Bristol Rovers,1,0,3b,3,1,1,1
1924,Brighton & Hove Albion,Gillingham,2,0,3b,3,2,2,1
1924,Brighton & Hove Albion,Norwich City,3,1,3b,3,4,2,1
1924,Brighton & Hove Albion,Swindon Town,3,1,3b,3,4,2,1
1924,Bristol City,Gillingham,2,1,3b,3,3,1,1
1924,Bristol City,Norwich City,2,0,3b,3,2,2,1
1924,Bristol City,Reading,3,0,3b,3,3,3,1
1924,Bristol Rovers,AFC Bournemouth,1,0,3b,3,1,1,1
1924,Bristol Rovers,Bristol City,0,0,3b,3,0,0,0
1924,Bristol Rovers,Norwich City,3,0,3b,3,3,3,1
1924,Bristol Rovers,Reading,1,0,3b,3,1,1,1
1924,Bristol Rovers,Swindon Town,0,1,3b,3,1,-1,0
1924,Charlton Athletic,Norwich City,3,2,3b,3,5,1,1
1924,Charlton Athletic,Reading,1,2,3b,3,3,-1,0
1924,Charlton Athletic,Swindon Town,1,0,3b,3,1,1,1
1924,Exeter City,AFC Bournemouth,2,1,3b,3,3,1,1
1924,Exeter City,Norwich City,1,0,3b,3,1,1,1
1924,Exeter City,Reading,1,0,3b,3,1,1,1
1924,Exeter City,Swindon Town,1,0,3b,3,1,1,1
1924,Gillingham,AFC Bournemouth,0,0,3b,3,0,0,0
1924,Gillingham,Exeter City,1,1,3b,3,2,0,0
1924,Gillingham,Norwich City,3,1,3b,3,4,2,1
1924,Gillingham,Reading,0,0,3b,3,0,0,0
1924,Luton Town,AFC Bournemouth,0,2,3b,3,2,-2,0
1924,Luton Town,Exeter City,1,1,3b,3,2,0,0
1924,Luton Town,Norwich City,0,0,3b,3,0,0,0
1924,Luton Town,Swindon Town,2,2,3b,3,4,0,0
1924,Merthyr Town,Millwall,2,1,3b,3,3,1,1
1924,Merthyr Town,Swindon Town,1,5,3b,3,6,-4,0
1924,Millwall,AFC Bournemouth,3,1,3b,3,4,2,1
1924,Millwall,Bristol City,3,1,3b,3,4,2,1
1924,Millwall,Exeter City,2,0,3b,3,2,2,1
1924,Millwall,Merthyr Town,3,1,3b,3,4,2,1
1924,Newport County,Exeter City,2,1,3b,3,3,1,1
1924,Newport County,Merthyr Town,3,0,3b,3,3,3,1
1924,Newport County,Norwich City,3,0,3b,3,3,3,1
1924,Newport County,Reading,1,1,3b,3,2,0,0
1924,Newport County,Swindon Town,3,1,3b,3,4,2,1
1924,Northampton Town,AFC Bournemouth,3,0,3b,3,3,3,1
1924,Northampton Town,Bristol City,1,2,3b,3,3,-1,0
1924,Northampton Town,Exeter City,2,1,3b,3,3,1,1
1924,Northampton Town,Merthyr Town,2,0,3b,3,2,2,1
1924,Northampton Town,Norwich City,1,1,3b,3,2,0,0
1924,Northampton Town,Reading,2,0,3b,3,2,2,1
1924,Northampton Town,Swindon Town,0,0,3b,3,0,0,0
1924,Norwich City,AFC Bournemouth,6,3,3b,3,9,3,1
1924,Norwich City,Bristol City,0,0,3b,3,0,0,0
1924,Norwich City,Merthyr Town,1,0,3b,3,1,1,1
1924,Plymouth Argyle,AFC Bournemouth,2,0,3b,3,2,2,1
1924,Plymouth Argyle,Bristol City,7,1,3b,3,8,6,1
1924,Plymouth Argyle,Merthyr Town,2,0,3b,3,2,2,1
1924,Plymouth Argyle,Reading,2,0,3b,3,2,2,1
1924,Plymouth Argyle,Swindon Town,2,0,3b,3,2,2,1
1924,Queens Park Rangers,Bristol City,3,0,3b,3,3,3,1
1924,Queens Park Rangers,Exeter City,1,4,3b,3,5,-3,0
1924,Queens Park Rangers,Reading,1,0,3b,3,1,1,1
1924,Reading,Merthyr Town,2,1,3b,3,3,1,1
1924,Reading,Swindon Town,1,1,3b,3,2,0,0
1924,Southend United,Exeter City,3,0,3b,3,3,3,1
1924,Southend United,Queens Park Rangers,1,0,3b,3,1,1,1
1924,Southend United,Swindon Town,0,0,3b,3,0,0,0
1924,Swansea City,AFC Bournemouth,1,0,3b,3,1,1,1
1924,Swansea City,Exeter City,2,1,3b,3,3,1,1
1924,Swansea City,Merthyr Town,2,0,3b,3,2,2,1
1924,Swindon Town,Swansea City,0,2,3b,3,2,-2,0
1924,Watford,AFC Bournemouth,2,1,3b,3,3,1,1
1924,Watford,Bristol City,1,0,3b,3,1,1,1
1924,Watford,Exeter City,3,0,3b,3,3,3,1
1924,Watford,Merthyr Town,3,1,3b,3,4,2,1
1924,Watford,Queens Park Rangers,1,0,3b,3,1,1,1
1924,Watford,Swansea City,1,3,3b,3,4,-2,0
1925,Arsenal,Birmingham City,3,0,1,1,3,3,1
1925,Arsenal,Burnley,1,2,1,1,3,-1,0
1925,Arsenal,Everton,4,1,1,1,5,3,1
1925,Aston Villa,West Bromwich Albion,2,1,1,1,3,1,1
1925,Birmingham City,Aston Villa,2,1,1,1,3,1,1
1925,Birmingham City,Everton,3,1,1,1,4,2,1
1925,Birmingham City,Leicester City,1,1,1,1,2,0,0
1925,Birmingham City,West Bromwich Albion,3,0,1,1,3,3,1
1925,Blackburn Rovers,Aston Villa,3,1,1,1,4,2,1
1925,Blackburn Rovers,Burnley,6,3,1,1,9,3,1
1925,Bolton Wanderers,Burnley,4,2,1,1,6,2,1
1925,Bolton Wanderers,Leicester City,2,2,1,1,4,0,0
1925,Burnley,Everton,1,3,1,1,4,-2,0
1925,Burnley,Manchester United,0,1,1,1,1,-1,0
1925,Bury,Aston Villa,2,3,1,1,5,-1,0
1925,Bury,Bolton Wanderers,0,5,1,1,5,-5,0
1925,Bury,Everton,1,0,1,1,1,1,1
1925,Bury,Leicester City,4,0,1,1,4,4,1
1925,Bury,Manchester United,1,3,1,1,4,-2,0
1925,Bury,Sheffield United,7,4,1,1,11,3,1
1925,Cardiff City,Bolton Wanderers,0,1,1,1,1,-1,0
1925,Cardiff City,Leicester City,5,2,1,1,7,3,1
1925,Cardiff City,Manchester United,0,2,1,1,2,-2,0
1925,Cardiff City,Sheffield United,0,1,1,1,1,-1,0
1925,Everton,Aston Villa,1,1,1,1,2,0,0
1925,Everton,Cardiff City,1,1,1,1,2,0,0
1925,Everton,Leicester City,1,0,1,1,1,1,1
1925,Everton,Manchester United,1,3,1,1,4,-2,0
1925,Huddersfield Town,Aston Villa,5,1,1,1,6,4,1
1925,Huddersfield Town,Bolton Wanderers,3,0,1,1,3,3,1
1925,Huddersfield Town,Sheffield United,4,1,1,1,5,3,1
1925,Leeds United,Aston Villa,2,2,1,1,4,0,0
1925,Leeds United,Bolton Wanderers,2,1,1,1,3,1,1
1925,Leeds United,Cardiff City,1,0,1,1,1,1,1
1925,Leeds United,Manchester United,2,0,1,1,2,2,1
1925,Leicester City,Leeds United,1,3,1,1,4,-2,0
1925,Leicester City,Manchester United,1,3,1,1,4,-2,0
1925,Leicester City,West Bromwich Albion,3,0,1,1,3,3,1
1925,Liverpool,Leeds United,1,1,1,1,2,0,0
1925,Liverpool,West Bromwich Albion,2,0,1,1,2,2,1
1925,Manchester City,Aston Villa,4,2,1,1,6,2,1
1925,Manchester City,Cardiff City,3,2,1,1,5,1,1
1925,Manchester City,Manchester United,1,1,1,1,2,0,0
1925,Manchester City,Sheffield United,2,4,1,1,6,-2,0
1925,Manchester City,West Bromwich Albion,3,1,1,1,4,2,1
1925,Manchester United,Aston Villa,3,0,1,1,3,3,1
1925,Manchester United,West Bromwich Albion,3,2,1,1,5,1,1
1925,Newcastle United,Cardiff City,0,1,1,1,1,-1,0
1925,Newcastle United,West Bromwich Albion,3,0,1,1,3,3,1
1925,Notts County,Aston Villa,1,0,1,1,1,1,1
1925,Notts County,Bolton Wanderers,3,0,1,1,3,3,1
1925,Notts County,West Bromwich Albion,0,0,1,1,0,0,0
1925,Sheffield United,Cardiff City,11,2,1,1,13,9,1
1925,Sunderland,Leeds United,1,3,1,1,4,-2,0
1925,Sunderland,Manchester City,5,3,1,1,8,2,1
1925,Tottenham Hotspur,Bolton Wanderers,2,3,1,1,5,-1,0
1925,West Bromwich Albion,Aston Villa,1,1,1,1,2,0,0
1925,West Bromwich Albion,Manchester City,4,1,1,1,5,3,1
1925,West Ham United,Aston Villa,5,2,1,1,7,3,1
1925,West Ham United,Bolton Wanderers,6,0,1,1,6,6,1
1925,West Ham United,Manchester City,3,1,1,1,4,2,1
1925,Barnsley,Bradford City,0,0,2,2,0,0,0
1925,Barnsley,Preston North End,2,0,2,2,2,2,1
1925,Blackpool,Bradford City,3,0,2,2,3,3,1
1925,Blackpool,Leyton Orient,3,0,2,2,3,3,1
1925,Blackpool,Preston North End,3,1,2,2,4,2,1
1925,Blackpool,Southampton,2,1,2,2,3,1,1
1925,Bradford City,Blackpool,1,0,2,2,1,1,1
1925,Bradford City,Oldham Athletic,1,1,2,2,2,0,0
1925,Chelsea,Preston North End,5,0,2,2,5,5,1
1925,Darlington,Leyton Orient,6,0,2,2,6,6,1
1925,Darlington,Preston North End,1,1,2,2,2,0,0
1925,Derby County,Blackpool,5,2,2,2,7,3,1
1925,Derby County,Darlington,0,2,2,2,2,-2,0
1925,Derby County,Leyton Orient,3,1,2,2,4,2,1
1925,Derby County,Southampton,2,2,2,2,4,0,0
1925,Fulham,Blackpool,1,1,2,2,2,0,0
1925,Fulham,Darlington,4,0,2,2,4,4,1
1925,Fulham,Leyton Orient,0,2,2,2,2,-2,0
1925,Fulham,Oldham Athletic,2,1,2,2,3,1,1
1925,Fulham,Preston North End,2,1,2,2,3,1,1
1925,Fulham,Swansea City,0,1,2,2,1,-1,0
1925,Hull City,Darlington,1,1,2,2,2,0,0
1925,Hull City,Oldham Athletic,1,2,2,2,3,-1,0
1925,Hull City,Swansea City,4,2,2,2,6,2,1
1925,Leyton Orient,Oldham Athletic,1,2,2,2,3,-1,0
1925,Leyton Orient,Swansea City,2,0,2,2,2,2,1
1925,Middlesbrough,Darlington,3,2,2,2,5,1,1
1925,Middlesbrough,Oldham Athletic,2,1,2,2,3,1,1
1925,Middlesbrough,Preston North End,5,1,2,2,6,4,1
1925,Middlesbrough,Southampton,3,0,2,2,3,3,1
1925,Middlesbrough,Swansea City,0,3,2,2,3,-3,0
1925,Nottingham Forest,Blackpool,1,1,2,2,2,0,0
1925,Nottingham Forest,Darlington,2,0,2,2,2,2,1
1925,Nottingham Forest,Preston North End,4,0,2,2,4,4,1
1925,Nottingham Forest,Southampton,1,2,2,2,3,-1,0
1925,Oldham Athletic,Blackpool,3,2,2,2,5,1,1
1925,Oldham Athletic,Nottingham Forest,8,3,2,2,11,5,1
1925,Oldham Athletic,Swansea City,0,0,2,2,0,0,0
1925,Port Vale,Darlington,6,1,2,2,7,5,1
1925,Port Vale,Nottingham Forest,1,1,2,2,2,0,0
1925,Portsmouth,Preston North End,5,2,2,2,7,3,1
1925,Portsmouth,Southampton,1,2,2,2,3,-1,0
1925,Portsmouth,Swansea City,0,0,2,2,0,0,0
1925,Preston North End,Blackpool,6,4,2,2,10,2,1
1925,Preston North End,Darlington,0,0,2,2,0,0,0
1925,Preston North End,Hull City,4,0,2,2,4,4,1
1925,Preston North End,Nottingham Forest,2,0,2,2,2,2,1
1925,Preston North End,Southampton,2,2,2,2,4,0,0
1925,Preston North End,Swansea City,4,2,2,2,6,2,1
1925,Sheffield Wednesday,Hull City,2,0,2,2,2,2,1
1925,Sheffield Wednesday,Nottingham Forest,2,0,2,2,2,2,1
1925,Sheffield Wednesday,Portsmouth,4,2,2,2,6,2,1
1925,Sheffield Wednesday,Southampton,2,1,2,2,3,1,1
1925,Sheffield Wednesday,Swansea City,3,1,2,2,4,2,1
1925,South Shields,Hull City,1,3,2,2,4,-2,0
1925,South Shields,Nottingham Forest,3,1,2,2,4,2,1
1925,South Shields,Swansea City,3,1,2,2,4,2,1
1925,Southampton,Portsmouth,1,3,2,2,4,-2,0
1925,Southampton,South Shields,0,1,2,2,1,-1,0
1925,Southampton,Swansea City,4,1,2,2,5,3,1
1925,Stockport County,Portsmouth,3,3,2,2,6,0,0
1925,Stockport County,Swansea City,1,3,2,2,4,-2,0
1925,Stoke City,Swansea City,1,1,2,2,2,0,0
1925,Swansea City,Blackpool,6,1,2,2,7,5,1
1925,Swansea City,Darlington,1,1,2,2,2,0,0
1925,Swansea City,Hull City,2,0,2,2,2,2,1
1925,Swansea City,Portsmouth,1,0,2,2,1,1,1
1925,Swansea City,South Shields,1,2,2,2,3,-1,0
1925,Swansea City,Stoke City,1,1,2,2,2,0,0
1925,Wolverhampton Wanderers,Hull City,3,1,2,2,4,2,1
1925,Wolverhampton Wanderers,Portsmouth,4,1,2,2,5,3,1
1925,Wolverhampton Wanderers,Stoke City,5,1,2,2,6,4,1
1925,Accrington Stanley,Hartlepool United,1,2,3a,3,3,-1,0
1925,Accrington Stanley,Southport,4,3,3a,3,7,1,1
1925,Accrington Stanley,Wigan Borough,4,0,3a,3,4,4,1
1925,Ashington,Barrow,1,4,3a,3,5,-3,0
1925,Ashington,Coventry City,2,0,3a,3,2,2,1
1925,Ashington,Durham City,0,1,3a,3,1,-1,0
1925,Ashington,New Brighton,1,1,3a,3,2,0,0
1925,Ashington,Southport,1,1,3a,3,2,0,0
1925,Bradford Park Avenue,Ashington,1,0,3a,3,1,1,1
1925,Bradford Park Avenue,Durham City,2,1,3a,3,3,1,1
1925,Bradford Park Avenue,Southport,6,1,3a,3,7,5,1
1925,Chesterfield,Coventry City,4,3,3a,3,7,1,1
1925,Chesterfield,Durham City,2,0,3a,3,2,2,1
1925,Chesterfield,Hartlepool United,5,2,3a,3,7,3,1
1925,Chesterfield,New Brighton,3,0,3a,3,3,3,1
1925,Chesterfield,Southport,3,0,3a,3,3,3,1
1925,Coventry City,Ashington,2,0,3a,3,2,2,1
1925,Coventry City,New Brighton,0,0,3a,3,0,0,0
1925,Crewe Alexandra,Chesterfield,2,0,3a,3,2,2,1
1925,Crewe Alexandra,Southport,0,1,3a,3,1,-1,0
1925,Crewe Alexandra,Wigan Borough,3,1,3a,3,4,2,1
1925,Doncaster Rovers,Ashington,2,1,3a,3,3,1,1
1925,Doncaster Rovers,Chesterfield,3,0,3a,3,3,3,1
1925,Doncaster Rovers,Hartlepool United,2,1,3a,3,3,1,1
1925,Doncaster Rovers,New Brighton,2,0,3a,3,2,2,1
1925,Doncaster Rovers,Southport,6,1,3a,3,7,5,1
1925,Doncaster Rovers,Wigan Borough,1,1,3a,3,2,0,0
1925,Durham City,Hartlepool United,0,0,3a,3,0,0,0
1925,Durham City,Southport,3,2,3a,3,5,1,1
1925,Durham City,Wigan Borough,2,0,3a,3,2,2,1
1925,Grimsby Town,Chesterfield,1,0,3a,3,1,1,1
1925,Grimsby Town,New Brighton,1,0,3a,3,1,1,1
1925,Grimsby Town,Southport,3,2,3a,3,5,1,1
1925,Halifax Town,Doncaster Rovers,0,3,3a,3,3,-3,0
1925,Halifax Town,Hartlepool United,2,1,3a,3,3,1,1
1925,Halifax Town,Wigan Borough,2,0,3a,3,2,2,1
1925,Hartlepool United,Chesterfield,2,1,3a,3,3,1,1
1925,Hartlepool United,Halifax Town,1,1,3a,3,2,0,0
1925,Hartlepool United,Southport,5,0,3a,3,5,5,1
1925,Lincoln City,Ashington,2,0,3a,3,2,2,1
1925,Lincoln City,Doncaster Rovers,3,1,3a,3,4,2,1
1925,Lincoln City,Halifax Town,0,1,3a,3,1,-1,0
1925,Lincoln City,Southport,3,0,3a,3,3,3,1
1925,Nelson,Halifax Town,1,1,3a,3,2,0,0
1925,Nelson,New Brighton,1,1,3a,3,2,0,0
1925,Rochdale,Chesterfield,2,4,3a,3,6,-2,0
1925,Rochdale,Doncaster Rovers,4,1,3a,3,5,3,1
1925,Rochdale,Halifax Town,2,1,3a,3,3,1,1
1925,Rochdale,Wigan Borough,2,1,3a,3,3,1,1
1925,Rotherham United,Doncaster Rovers,1,1,3a,3,2,0,0
1925,Rotherham United,Halifax Town,1,1,3a,3,2,0,0
1925,Rotherham United,Nelson,1,3,3a,3,4,-2,0
1925,Southport,Ashington,1,1,3a,3,2,0,0
1925,Southport,Nelson,2,1,3a,3,3,1,1
1925,Southport,Rotherham United,1,1,3a,3,2,0,0
1925,Tranmere Rovers,Chesterfield,0,4,3a,3,4,-4,0
1925,Tranmere Rovers,Doncaster Rovers,1,0,3a,3,1,1,1
1925,Tranmere Rovers,Halifax Town,3,1,3a,3,4,2,1
1925,Tranmere Rovers,Nelson,4,2,3a,3,6,2,1
1925,Walsall,Ashington,2,0,3a,3,2,2,1
1925,Wigan Borough,Doncaster Rovers,0,1,3a,3,1,-1,0
1925,Wigan Borough,Nelson,5,0,3a,3,5,5,1
1925,Wigan Borough,Rotherham United,0,1,3a,3,1,-1,0
1925,Wigan Borough,Walsall,2,0,3a,3,2,2,1
1925,Wrexham,Ashington,2,3,3a,3,5,-1,0
1925,Wrexham,Chesterfield,1,1,3a,3,2,0,0
1925,Wrexham,Doncaster Rovers,0,2,3a,3,2,-2,0
1925,Wrexham,Halifax Town,2,0,3a,3,2,2,1
1925,Wrexham,Nelson,3,2,3a,3,5,1,1
1925,Aberdare Athletic,Exeter City,5,0,3b,3,5,5,1
1925,Aberdare Athletic,Merthyr Town,0,0,3b,3,0,0,0
1925,Aberdare Athletic,Northampton Town,1,0,3b,3,1,1,1
1925,Aberdare Athletic,Queens Park Rangers,1,0,3b,3,1,1,1
1925,Aberdare Athletic,Swindon Town,1,1,3b,3,2,0,0
1925,AFC Bournemouth,Brentford,3,2,3b,3,5,1,1
1925,AFC Bournemouth,Northampton Town,4,2,3b,3,6,2,1
1925,AFC Bournemouth,Queens Park Rangers,4,1,3b,3,5,3,1
1925,AFC Bournemouth,Swindon Town,2,0,3b,3,2,2,1
1925,Brentford,AFC Bournemouth,0,2,3b,3,2,-2,0
1925,Brentford,Bristol Rovers,4,1,3b,3,5,3,1
1925,Brentford,Queens Park Rangers,1,2,3b,3,3,-1,0
1925,Brentford,Swindon Town,3,1,3b,3,4,2,1
1925,Brighton & Hove Albion,AFC Bournemouth,3,4,3b,3,7,-1,0
1925,Brighton & Hove Albion,Exeter City,1,3,3b,3,4,-2,0
1925,Bristol City,Bristol Rovers,0,0,3b,3,0,0,0
1925,Bristol City,Merthyr Town,2,1,3b,3,3,1,1
1925,Bristol City,Northampton Town,1,1,3b,3,2,0,0
1925,Bristol City,Queens Park Rangers,3,1,3b,3,4,2,1
1925,Bristol City,Swindon Town,5,1,3b,3,6,4,1
1925,Bristol Rovers,AFC Bournemouth,7,2,3b,3,9,5,1
1925,Bristol Rovers,Bristol City,0,1,3b,3,1,-1,0
1925,Bristol Rovers,Merthyr Town,0,0,3b,3,0,0,0
1925,Bristol Rovers,Northampton Town,1,2,3b,3,3,-1,0
1925,Bristol Rovers,Queens Park Rangers,5,0,3b,3,5,5,1
1925,Bristol Rovers,Swindon Town,1,2,3b,3,3,-1,0
1925,Charlton Athletic,AFC Bournemouth,5,0,3b,3,5,5,1
1925,Charlton Athletic,Exeter City,1,0,3b,3,1,1,1
1925,Charlton Athletic,Queens Park Rangers,1,1,3b,3,2,0,0
1925,Crystal Palace,Bristol City,5,2,3b,3,7,3,1
1925,Crystal Palace,Exeter City,3,2,3b,3,5,1,1
1925,Crystal Palace,Northampton Town,1,0,3b,3,1,1,1
1925,Crystal Palace,Swindon Town,1,0,3b,3,1,1,1
1925,Exeter City,AFC Bournemouth,0,1,3b,3,1,-1,0
1925,Exeter City,Crystal Palace,0,1,3b,3,1,-1,0
1925,Exeter City,Merthyr Town,6,2,3b,3,8,4,1
1925,Exeter City,Northampton Town,1,0,3b,3,1,1,1
1925,Exeter City,Queens Park Rangers,3,0,3b,3,3,3,1
1925,Gillingham,Bristol City,0,1,3b,3,1,-1,0
1925,Gillingham,Crystal Palace,1,1,3b,3,2,0,0
1925,Gillingham,Merthyr Town,3,1,3b,3,4,2,1
1925,Gillingham,Northampton Town,1,1,3b,3,2,0,0
1925,Gillingham,Queens Park Rangers,3,0,3b,3,3,3,1
1925,Luton Town,AFC Bournemouth,4,1,3b,3,5,3,1
1925,Luton Town,Crystal Palace,3,2,3b,3,5,1,1
1925,Luton Town,Merthyr Town,4,0,3b,3,4,4,1
1925,Luton Town,Swindon Town,4,1,3b,3,5,3,1
1925,Merthyr Town,AFC Bournemouth,0,2,3b,3,2,-2,0
1925,Merthyr Town,Bristol City,3,2,3b,3,5,1,1
1925,Merthyr Town,Crystal Palace,4,0,3b,3,4,4,1
1925,Merthyr Town,Queens Park Rangers,1,0,3b,3,1,1,1
1925,Millwall,AFC Bournemouth,0,1,3b,3,1,-1,0
1925,Millwall,Luton Town,7,0,3b,3,7,7,1
1925,Millwall,Northampton Town,4,1,3b,3,5,3,1
1925,Millwall,Queens Park Rangers,3,0,3b,3,3,3,1
1925,Newport County,Bristol City,1,0,3b,3,1,1,1
1925,Newport County,Crystal Palace,2,3,3b,3,5,-1,0
1925,Newport County,Luton Town,2,1,3b,3,3,1,1
1925,Newport County,Queens Park Rangers,4,1,3b,3,5,3,1
1925,Newport County,Swindon Town,0,4,3b,3,4,-4,0
1925,Northampton Town,AFC Bournemouth,1,1,3b,3,2,0,0
1925,Northampton Town,Bristol City,1,2,3b,3,3,-1,0
1925,Northampton Town,Swindon Town,2,0,3b,3,2,2,1
1925,Norwich City,AFC Bournemouth,3,1,3b,3,4,2,1
1925,Norwich City,Bristol City,1,3,3b,3,4,-2,0
1925,Norwich City,Luton Town,2,0,3b,3,2,2,1
1925,Norwich City,Newport County,0,0,3b,3,0,0,0
1925,Norwich City,Queens Park Rangers,1,1,3b,3,2,0,0
1925,Norwich City,Swindon Town,2,2,3b,3,4,0,0
1925,Plymouth Argyle,AFC Bournemouth,7,2,3b,3,9,5,1
1925,Plymouth Argyle,Crystal Palace,6,2,3b,3,8,4,1
1925,Plymouth Argyle,Luton Town,4,3,3b,3,7,1,1
1925,Queens Park Rangers,Bristol City,0,2,3b,3,2,-2,0
1925,Queens Park Rangers,Crystal Palace,1,3,3b,3,4,-2,0
1925,Queens Park Rangers,Luton Town,1,0,3b,3,1,1,1
1925,Queens Park Rangers,Newport County,0,2,3b,3,2,-2,0
1925,Reading,AFC Bournemouth,5,2,3b,3,7,3,1
1925,Reading,Bristol City,1,1,3b,3,2,0,0
1925,Reading,Newport County,2,1,3b,3,3,1,1
1925,Reading,Swindon Town,2,0,3b,3,2,2,1
1925,Southend United,AFC Bournemouth,3,0,3b,3,3,3,1
1925,Southend United,Luton Town,2,0,3b,3,2,2,1
1925,Southend United,Swindon Town,3,0,3b,3,3,3,1
1925,Swindon Town,Bristol City,1,3,3b,3,4,-2,0
1925,Swindon Town,Crystal Palace,3,1,3b,3,4,2,1
1925,Swindon Town,Newport County,2,1,3b,3,3,1,1
1925,Swindon Town,Southend United,2,0,3b,3,2,2,1
1925,Watford,Southend United,1,4,3b,3,5,-3,0
1926,Arsenal,Birmingham City,3,0,1,1,3,3,1
1926,Arsenal,Burnley,6,2,1,1,8,4,1
1926,Arsenal,Derby County,2,1,1,1,3,1,1
1926,Arsenal,Manchester United,1,0,1,1,1,1,1
1926,Arsenal,Sheffield Wednesday,6,2,1,1,8,4,1
1926,Arsenal,West Bromwich Albion,4,1,1,1,5,3,1
1926,Aston Villa,West Bromwich Albion,2,0,1,1,2,2,1
1926,Birmingham City,Aston Villa,1,2,1,1,3,-1,0
1926,Birmingham City,Burnley,1,0,1,1,1,1,1
1926,Birmingham City,Derby County,1,0,1,1,1,1,1
1926,Birmingham City,Manchester United,4,0,1,1,4,4,1
1926,Blackburn Rovers,Aston Villa,0,2,1,1,2,-2,0
1926,Blackburn Rovers,Derby County,4,4,1,1,8,0,0
1926,Blackburn Rovers,Sheffield Wednesday,2,2,1,1,4,0,0
1926,Bolton Wanderers,Sheffield Wednesday,3,2,1,1,5,1,1
1926,Burnley,Leeds United,3,2,1,1,5,1,1
1926,Burnley,Manchester United,1,0,1,1,1,1,1
1926,Bury,Leeds United,4,2,1,1,6,2,1
1926,Bury,Manchester United,0,3,1,1,3,-3,0
1926,Bury,Sheffield Wednesday,2,0,1,1,2,2,1
1926,Bury,West Bromwich Albion,7,3,1,1,10,4,1
1926,Cardiff City,Aston Villa,2,3,1,1,5,-1,0
1926,Cardiff City,Bolton Wanderers,1,0,1,1,1,1,1
1926,Cardiff City,Derby County,2,0,1,1,2,2,1
1926,Cardiff City,Leeds United,3,1,1,1,4,2,1
1926,Cardiff City,Sheffield Wednesday,3,2,1,1,5,1,1
1926,Derby County,Bolton Wanderers,2,0,1,1,2,2,1
1926,Derby County,Manchester United,2,2,1,1,4,0,0
1926,Derby County,Sheffield Wednesday,8,0,1,1,8,8,1
1926,Everton,Aston Villa,2,2,1,1,4,0,0
1926,Everton,Cardiff City,0,1,1,1,1,-1,0
1926,Everton,Manchester United,0,0,1,1,0,0,0
1926,Everton,Sheffield Wednesday,2,1,1,1,3,1,1
1926,Huddersfield Town,Bolton Wanderers,1,0,1,1,1,1,1
1926,Huddersfield Town,Leeds United,4,1,1,1,5,3,1
1926,Huddersfield Town,Manchester United,0,0,1,1,0,0,0
1926,Leeds United,Bolton Wanderers,2,5,1,1,7,-3,0
1926,Leeds United,Cardiff City,0,0,1,1,0,0,0
1926,Leeds United,Huddersfield Town,1,1,1,1,2,0,0
1926,Leicester City,Manchester United,2,3,1,1,5,-1,0
1926,Leicester City,Sheffield Wednesday,5,3,1,1,8,2,1
1926,Leicester City,West Bromwich Albion,5,0,1,1,5,5,1
1926,Liverpool,Aston Villa,2,1,1,1,3,1,1
1926,Liverpool,Cardiff City,5,0,1,1,5,5,1
1926,Liverpool,Sheffield Wednesday,3,0,1,1,3,3,1
1926,Manchester United,Aston Villa,2,1,1,1,3,1,1
1926,Manchester United,Bolton Wanderers,0,0,1,1,0,0,0
1926,Manchester United,Huddersfield Town,0,0,1,1,0,0,0
1926,Manchester United,Liverpool,0,1,1,1,1,-1,0
1926,Manchester United,Sheffield Wednesday,0,0,1,1,0,0,0
1926,Newcastle United,Cardiff City,5,0,1,1,5,5,1
1926,Newcastle United,Huddersfield Town,1,0,1,1,1,1,1
1926,Newcastle United,Sheffield Wednesday,2,1,1,1,3,1,1
1926,Newcastle United,West Bromwich Albion,5,2,1,1,7,3,1
1926,Sheffield United,Aston Villa,3,1,1,1,4,2,1
1926,Sheffield United,Cardiff City,3,1,1,1,4,2,1
1926,Sheffield United,Liverpool,1,4,1,1,5,-3,0
1926,Sheffield United,Sheffield Wednesday,2,0,1,1,2,2,1
1926,Sheffield United,West Bromwich Albion,2,1,1,1,3,1,1
1926,Sheffield Wednesday,Liverpool,3,2,1,1,5,1,1
1926,Sheffield Wednesday,Sheffield United,2,3,1,1,5,-1,0
1926,Sunderland,Huddersfield Town,1,1,1,1,2,0,0
1926,Sunderland,Sheffield United,3,0,1,1,3,3,1
1926,Sunderland,West Bromwich Albion,4,1,1,1,5,3,1
1926,Tottenham Hotspur,Bolton Wanderers,1,0,1,1,1,1,1
1926,Tottenham Hotspur,Cardiff City,4,1,1,1,5,3,1
1926,Tottenham Hotspur,Huddersfield Town,3,3,1,1,6,0,0
1926,Tottenham Hotspur,Liverpool,1,2,1,1,3,-1,0
1926,Tottenham Hotspur,Sheffield United,3,1,1,1,4,2,1
1926,West Bromwich Albion,Bolton Wanderers,1,1,1,1,2,0,0
1926,West Bromwich Albion,Cardiff City,1,2,1,1,3,-1,0
1926,West Bromwich Albion,Huddersfield Town,2,2,1,1,4,0,0
1926,West Bromwich Albion,Liverpool,0,1,1,1,1,-1,0
1926,West Bromwich Albion,Tottenham Hotspur,5,0,1,1,5,5,1
1926,West Ham United,Bolton Wanderers,4,4,1,1,8,0,0
1926,West Ham United,Cardiff City,2,2,1,1,4,0,0
1926,West Ham United,Liverpool,3,3,1,1,6,0,0
1926,West Ham United,Tottenham Hotspur,1,2,1,1,3,-1,0
1926,Barnsley,Fulham,5,0,2,2,5,5,1
1926,Barnsley,Leyton Orient,4,2,2,2,6,2,1
1926,Barnsley,Nottingham Forest,0,2,2,2,2,-2,0
1926,Blackpool,Bradford City,3,0,2,2,3,3,1
1926,Blackpool,Fulham,0,0,2,2,0,0,0
1926,Blackpool,Nottingham Forest,2,2,2,2,4,0,0
1926,Blackpool,Port Vale,2,2,2,2,4,0,0
1926,Blackpool,Reading,3,1,2,2,4,2,1
1926,Bradford City,Blackpool,4,1,2,2,5,3,1
1926,Bradford City,Fulham,1,0,2,2,1,1,1
1926,Bradford City,Nottingham Forest,1,1,2,2,2,0,0
1926,Bradford City,Reading,1,1,2,2,2,0,0
1926,Bradford City,Swansea City,5,0,2,2,5,5,1
1926,Chelsea,Blackpool,1,1,2,2,2,0,0
1926,Chelsea,Nottingham Forest,2,0,2,2,2,2,1
1926,Chelsea,Port Vale,2,0,2,2,2,2,1
1926,Chelsea,Reading,0,0,2,2,0,0,0
1926,Chelsea,Swansea City,2,2,2,2,4,0,0
1926,Darlington,Blackpool,1,3,2,2,4,-2,0
1926,Darlington,Fulham,5,0,2,2,5,5,1
1926,Darlington,Leyton Orient,2,1,2,2,3,1,1
1926,Darlington,Reading,4,2,2,2,6,2,1
1926,Fulham,Blackpool,1,0,2,2,1,1,1
1926,Fulham,Leyton Orient,2,0,2,2,2,2,1
1926,Fulham,Port Vale,6,2,2,2,8,4,1
1926,Fulham,Swansea City,4,3,2,2,7,1,1
1926,Grimsby Town,Blackpool,2,1,2,2,3,1,1
1926,Grimsby Town,Darlington,2,1,2,2,3,1,1
1926,Grimsby Town,Leyton Orient,2,2,2,2,4,0,0
1926,Grimsby Town,Nottingham Forest,1,1,2,2,2,0,0
1926,Grimsby Town,Port Vale,4,4,2,2,8,0,0
1926,Hull City,Darlington,2,1,2,2,3,1,1
1926,Hull City,Leyton Orient,4,0,2,2,4,4,1
1926,Hull City,Port Vale,0,0,2,2,0,0,0
1926,Leyton Orient,Blackpool,1,0,2,2,1,1,1
1926,Leyton Orient,Darlington,0,4,2,2,4,-4,0
1926,Leyton Orient,Nottingham Forest,2,2,2,2,4,0,0
1926,Leyton Orient,Port Vale,1,2,2,2,3,-1,0
1926,Leyton Orient,Reading,5,1,2,2,6,4,1
1926,Manchester City,Blackpool,2,1,2,2,3,1,1
1926,Manchester City,Darlington,7,0,2,2,7,7,1
1926,Manchester City,Hull City,2,2,2,2,4,0,0
1926,Manchester City,Port Vale,4,1,2,2,5,3,1
1926,Manchester City,Swansea City,3,1,2,2,4,2,1
1926,Middlesbrough,Blackpool,4,4,2,2,8,0,0
1926,Middlesbrough,Darlington,4,1,2,2,5,3,1
1926,Middlesbrough,Nottingham Forest,1,0,2,2,1,1,1
1926,Middlesbrough,Port Vale,5,2,2,2,7,3,1
1926,Middlesbrough,Reading,5,0,2,2,5,5,1
1926,Middlesbrough,Swansea City,7,1,2,2,8,6,1
1926,Nottingham Forest,Blackpool,2,0,2,2,2,2,1
1926,Nottingham Forest,Darlington,5,1,2,2,6,4,1
1926,Nottingham Forest,Hull City,3,1,2,2,4,2,1
1926,Nottingham Forest,Middlesbrough,4,3,2,2,7,1,1
1926,Nottingham Forest,Swansea City,2,2,2,2,4,0,0
1926,Notts County,Darlington,3,1,2,2,4,2,1
1926,Notts County,Middlesbrough,2,2,2,2,4,0,0
1926,Notts County,Port Vale,2,1,2,2,3,1,1
1926,Notts County,Reading,2,0,2,2,2,2,1
1926,Notts County,Swansea City,1,3,2,2,4,-2,0
1926,Oldham Athletic,Darlington,3,2,2,2,5,1,1
1926,Oldham Athletic,Hull City,1,1,2,2,2,0,0
1926,Oldham Athletic,Reading,3,1,2,2,4,2,1
1926,Oldham Athletic,Swansea City,5,2,2,2,7,3,1
1926,Port Vale,Darlington,3,2,2,2,5,1,1
1926,Port Vale,Middlesbrough,3,1,2,2,4,2,1
1926,Port Vale,Oldham Athletic,3,0,2,2,3,3,1
1926,Portsmouth,Darlington,0,0,2,2,0,0,0
1926,Portsmouth,Hull City,2,0,2,2,2,2,1
1926,Portsmouth,Swansea City,1,0,2,2,1,1,1
1926,Preston North End,Darlington,4,1,2,2,5,3,1
1926,Preston North End,Hull City,1,0,2,2,1,1,1
1926,Preston North End,Middlesbrough,2,2,2,2,4,0,0
1926,Preston North End,Oldham Athletic,5,2,2,2,7,3,1
1926,Preston North End,Reading,3,1,2,2,4,2,1
1926,Reading,Blackpool,0,1,2,2,1,-1,0
1926,Reading,Darlington,4,2,2,2,6,2,1
1926,Reading,Preston North End,3,0,2,2,3,3,1
1926,South Shields,Blackpool,2,2,2,2,4,0,0
1926,South Shields,Darlington,1,0,2,2,1,1,1
1926,South Shields,Oldham Athletic,4,1,2,2,5,3,1
1926,South Shields,Preston North End,1,1,2,2,2,0,0
1926,Southampton,Darlington,3,1,2,2,4,2,1
1926,Southampton,Middlesbrough,2,1,2,2,3,1,1
1926,Swansea City,Darlington,5,1,2,2,6,4,1
1926,Swansea City,Hull City,1,0,2,2,1,1,1
1926,Swansea City,Middlesbrough,0,1,2,2,1,-1,0
1926,Wolverhampton Wanderers,Blackpool,4,1,2,2,5,3,1
1926,Wolverhampton Wanderers,Darlington,2,1,2,2,3,1,1
1926,Wolverhampton Wanderers,Hull City,5,2,2,2,7,3,1
1926,Wolverhampton Wanderers,Middlesbrough,1,2,2,2,3,-1,0
1926,Wolverhampton Wanderers,Preston North End,1,2,2,2,3,-1,0
1926,Wolverhampton Wanderers,Southampton,2,2,2,2,4,0,0
1926,Accrington Stanley,Nelson,0,5,3a,3,5,-5,0
1926,Accrington Stanley,Rotherham United,3,1,3a,3,4,2,1
1926,Accrington Stanley,Stoke City,0,1,3a,3,1,-1,0
1926,Accrington Stanley,Wigan Borough,3,1,3a,3,4,2,1
1926,Ashington,Rotherham United,4,4,3a,3,8,0,0
1926,Ashington,Stoke City,0,2,3a,3,2,-2,0
1926,Barrow,Crewe Alexandra,3,1,3a,3,4,2,1
1926,Barrow,Rotherham United,2,2,3a,3,4,0,0
1926,Barrow,Stoke City,0,0,3a,3,0,0,0
1926,Bradford Park Avenue,Crewe Alexandra,2,0,3a,3,2,2,1
1926,Bradford Park Avenue,Halifax Town,2,1,3a,3,3,1,1
1926,Bradford Park Avenue,Nelson,2,2,3a,3,4,0,0
1926,Bradford Park Avenue,Wigan Borough,2,1,3a,3,3,1,1
1926,Chesterfield,Rotherham United,5,2,3a,3,7,3,1
1926,Chesterfield,Stoke City,1,1,3a,3,2,0,0
1926,Chesterfield,Wigan Borough,5,2,3a,3,7,3,1
1926,Crewe Alexandra,Chesterfield,0,0,3a,3,0,0,0
1926,Crewe Alexandra,Halifax Town,1,2,3a,3,3,-1,0
1926,Crewe Alexandra,Nelson,2,1,3a,3,3,1,1
1926,Crewe Alexandra,Stoke City,0,2,3a,3,2,-2,0
1926,Crewe Alexandra,Wigan Borough,2,4,3a,3,6,-2,0
1926,Doncaster Rovers,Ashington,3,1,3a,3,4,2,1
1926,Doncaster Rovers,Chesterfield,0,3,3a,3,3,-3,0
1926,Doncaster Rovers,Halifax Town,2,0,3a,3,2,2,1
1926,Doncaster Rovers,Rotherham United,2,2,3a,3,4,0,0
1926,Doncaster Rovers,Stoke City,3,1,3a,3,4,2,1
1926,Doncaster Rovers,Wigan Borough,4,1,3a,3,5,3,1
1926,Durham City,Ashington,0,2,3a,3,2,-2,0
1926,Durham City,Halifax Town,0,1,3a,3,1,-1,0
1926,Durham City,Rotherham United,0,1,3a,3,1,-1,0
1926,Durham City,Wigan Borough,3,1,3a,3,4,2,1
1926,Halifax Town,Ashington,1,1,3a,3,2,0,0
1926,Halifax Town,Durham City,1,2,3a,3,3,-1,0
1926,Halifax Town,Nelson,4,1,3a,3,5,3,1
1926,Halifax Town,Rotherham United,4,2,3a,3,6,2,1
1926,Hartlepool United,Ashington,0,1,3a,3,1,-1,0
1926,Hartlepool United,Chesterfield,1,2,3a,3,3,-1,0
1926,Hartlepool United,Nelson,3,2,3a,3,5,1,1
1926,Hartlepool United,Rotherham United,3,1,3a,3,4,2,1
1926,Hartlepool United,Stoke City,1,3,3a,3,4,-2,0
1926,Lincoln City,Ashington,4,0,3a,3,4,4,1
1926,Lincoln City,Durham City,5,0,3a,3,5,5,1
1926,Lincoln City,Nelson,1,4,3a,3,5,-3,0
1926,Nelson,Ashington,4,0,3a,3,4,4,1
1926,Nelson,Chesterfield,0,3,3a,3,3,-3,0
1926,Nelson,Durham City,1,1,3a,3,2,0,0
1926,Nelson,Rotherham United,5,3,3a,3,8,2,1
1926,New Brighton,Chesterfield,1,0,3a,3,1,1,1
1926,New Brighton,Durham City,3,1,3a,3,4,2,1
1926,New Brighton,Lincoln City,1,1,3a,3,2,0,0
1926,New Brighton,Wigan Borough,3,1,3a,3,4,2,1
1926,Rochdale,Lincoln City,7,3,3a,3,10,4,1
1926,Rochdale,Stoke City,4,0,3a,3,4,4,1
1926,Rotherham United,Lincoln City,2,4,3a,3,6,-2,0
1926,Southport,Ashington,4,1,3a,3,5,3,1
1926,Southport,Durham City,4,5,3a,3,9,-1,0
1926,Southport,Lincoln City,2,3,3a,3,5,-1,0
1926,Southport,Rochdale,1,1,3a,3,2,0,0
1926,Stockport County,Chesterfield,4,0,3a,3,4,4,1
1926,Stockport County,Stoke City,2,2,3a,3,4,0,0
1926,Stoke City,Ashington,7,0,3a,3,7,7,1
1926,Stoke City,Chesterfield,3,2,3a,3,5,1,1
1926,Stoke City,Lincoln City,2,0,3a,3,2,2,1
1926,Stoke City,Rochdale,3,1,3a,3,4,2,1
1926,Stoke City,Stockport County,0,1,3a,3,1,-1,0
1926,Stoke City,Wigan Borough,2,0,3a,3,2,2,1
1926,Tranmere Rovers,Ashington,2,1,3a,3,3,1,1
1926,Tranmere Rovers,Chesterfield,3,2,3a,3,5,1,1
1926,Tranmere Rovers,Lincoln City,1,1,3a,3,2,0,0
1926,Tranmere Rovers,Rochdale,0,1,3a,3,1,-1,0
1926,Tranmere Rovers,Stockport County,0,0,3a,3,0,0,0
1926,Walsall,Durham City,1,1,3a,3,2,0,0
1926,Walsall,Rochdale,4,1,3a,3,5,3,1
1926,Wigan Borough,Chesterfield,1,2,3a,3,3,-1,0
1926,Wigan Borough,Durham City,3,0,3a,3,3,3,1
1926,Wigan Borough,Lincoln City,3,2,3a,3,5,1,1
1926,Wigan Borough,Rochdale,0,3,3a,3,3,-3,0
1926,Wigan Borough,Walsall,5,2,3a,3,7,3,1
1926,Wrexham,Lincoln City,1,1,3a,3,2,0,0
1926,Wrexham,Rochdale,2,2,3a,3,4,0,0
1926,Aberdare Athletic,Bristol Rovers,2,1,3b,3,3,1,1
1926,Aberdare Athletic,Plymouth Argyle,5,6,3b,3,11,-1,0
1926,AFC Bournemouth,Brentford,3,1,3b,3,4,2,1
1926,AFC Bournemouth,Swindon Town,1,2,3b,3,3,-1,0
1926,Brentford,Crystal Palace,3,0,3b,3,3,3,1
1926,Brentford,Luton Town,2,2,3b,3,4,0,0
1926,Brentford,Newport County,1,1,3b,3,2,0,0
1926,Brentford,Swindon Town,2,2,3b,3,4,0,0
1926,Brighton & Hove Albion,Luton Town,1,1,3b,3,2,0,0
1926,Brighton & Hove Albion,Newport County,1,0,3b,3,1,1,1
1926,Brighton & Hove Albion,Swindon Town,9,3,3b,3,12,6,1
1926,Bristol City,AFC Bournemouth,2,0,3b,3,2,2,1
1926,Bristol City,Newport County,4,1,3b,3,5,3,1
1926,Bristol City,Swindon Town,2,0,3b,3,2,2,1
1926,Bristol Rovers,AFC Bournemouth,2,1,3b,3,3,1,1
1926,Bristol Rovers,Bristol City,0,5,3b,3,5,-5,0
1926,Bristol Rovers,Newport County,4,0,3b,3,4,4,1
1926,Bristol Rovers,Plymouth Argyle,2,2,3b,3,4,0,0
1926,Bristol Rovers,Swindon Town,3,1,3b,3,4,2,1
1926,Charlton Athletic,Bristol City,0,1,3b,3,1,-1,0
1926,Charlton Athletic,Crystal Palace,1,2,3b,3,3,-1,0
1926,Charlton Athletic,Luton Town,2,2,3b,3,4,0,0
1926,Charlton Athletic,Newport County,3,0,3b,3,3,3,1
1926,Charlton Athletic,Plymouth Argyle,1,1,3b,3,2,0,0
1926,Coventry City,Crystal Palace,3,1,3b,3,4,2,1
1926,Coventry City,Newport County,3,1,3b,3,4,2,1
1926,Coventry City,Plymouth Argyle,3,3,3b,3,6,0,0
1926,Coventry City,Swindon Town,1,3,3b,3,4,-2,0
1926,Crystal Palace,Bristol City,4,2,3b,3,6,2,1
1926,Crystal Palace,Newport County,6,2,3b,3,8,4,1
1926,Crystal Palace,Swindon Town,5,0,3b,3,5,5,1
1926,Exeter City,AFC Bournemouth,4,0,3b,3,4,4,1
1926,Exeter City,Coventry City,8,1,3b,3,9,7,1
1926,Exeter City,Luton Town,1,2,3b,3,3,-1,0
1926,Exeter City,Plymouth Argyle,0,2,3b,3,2,-2,0
1926,Exeter City,Swindon Town,3,1,3b,3,4,2,1
1926,Gillingham,AFC Bournemouth,1,0,3b,3,1,1,1
1926,Gillingham,Coventry City,2,0,3b,3,2,2,1
1926,Gillingham,Swindon Town,4,4,3b,3,8,0,0
1926,Luton Town,AFC Bournemouth,4,0,3b,3,4,4,1
1926,Luton Town,Gillingham,2,1,3b,3,3,1,1
1926,Luton Town,Newport County,4,1,3b,3,5,3,1
1926,Merthyr Town,Coventry City,1,0,3b,3,1,1,1
1926,Merthyr Town,Newport County,1,2,3b,3,3,-1,0
1926,Millwall,Bristol City,0,1,3b,3,1,-1,0
1926,Millwall,Coventry City,1,0,3b,3,1,1,1
1926,Millwall,Gillingham,2,0,3b,3,2,2,1
1926,Millwall,Plymouth Argyle,1,3,3b,3,4,-2,0
1926,Millwall,Swindon Town,4,1,3b,3,5,3,1
1926,Newport County,AFC Bournemouth,2,1,3b,3,3,1,1
1926,Newport County,Coventry City,4,1,3b,3,5,3,1
1926,Newport County,Millwall,1,1,3b,3,2,0,0
1926,Newport County,Plymouth Argyle,2,1,3b,3,3,1,1
1926,Northampton Town,Bristol City,2,0,3b,3,2,2,1
1926,Northampton Town,Gillingham,2,1,3b,3,3,1,1
1926,Northampton Town,Plymouth Argyle,2,1,3b,3,3,1,1
1926,Norwich City,AFC Bournemouth,4,1,3b,3,5,3,1
1926,Norwich City,Gillingham,0,0,3b,3,0,0,0
1926,Norwich City,Swindon Town,2,1,3b,3,3,1,1
1926,Plymouth Argyle,Bristol City,4,2,3b,3,6,2,1
1926,Plymouth Argyle,Millwall,1,1,3b,3,2,0,0
1926,Plymouth Argyle,Swindon Town,3,1,3b,3,4,2,1
1926,Queens Park Rangers,AFC Bournemouth,1,1,3b,3,2,0,0
1926,Queens Park Rangers,Bristol City,1,2,3b,3,3,-1,0
1926,Queens Park Rangers,Gillingham,1,1,3b,3,2,0,0
1926,Queens Park Rangers,Millwall,1,1,3b,3,2,0,0
1926,Queens Park Rangers,Norwich City,4,0,3b,3,4,4,1
1926,Queens Park Rangers,Swindon Town,0,1,3b,3,1,-1,0
1926,Southend United,Bristol City,0,1,3b,3,1,-1,0
1926,Southend United,Coventry City,3,1,3b,3,4,2,1
1926,Southend United,Millwall,1,1,3b,3,2,0,0
1926,Swindon Town,Bristol City,2,2,3b,3,4,0,0
1926,Swindon Town,Coventry City,2,2,3b,3,4,0,0
1926,Swindon Town,Gillingham,1,0,3b,3,1,1,1
1926,Swindon Town,Millwall,3,0,3b,3,3,3,1
1926,Swindon Town,Norwich City,3,2,3b,3,5,1,1
1926,Swindon Town,Southend United,5,1,3b,3,6,4,1
1926,Watford,Gillingham,4,0,3b,3,4,4,1
1926,Watford,Southend United,4,2,3b,3,6,2,1
1927,Arsenal,Burnley,4,1,1,1,5,3,1
1927,Arsenal,Derby County,3,4,1,1,7,-1,0
1927,Arsenal,Middlesbrough,3,1,1,1,4,2,1
1927,Aston Villa,Birmingham City,1,1,1,1,2,0,0
1927,Aston Villa,Derby County,0,1,1,1,1,-1,0
1927,Aston Villa,Tottenham Hotspur,1,2,1,1,3,-1,0
1927,Birmingham City,Aston Villa,1,1,1,1,2,0,0
1927,Birmingham City,Burnley,4,0,1,1,4,4,1
1927,Birmingham City,Leicester City,0,2,1,1,2,-2,0
1927,Birmingham City,Middlesbrough,3,2,1,1,5,1,1
1927,Birmingham City,Sheffield United,4,1,1,1,5,3,1
1927,Blackburn Rovers,Middlesbrough,3,0,1,1,3,3,1
1927,Blackburn Rovers,Sheffield United,1,0,1,1,1,1,1
1927,Bolton Wanderers,Aston Villa,3,1,1,1,4,2,1
1927,Bolton Wanderers,Burnley,7,1,1,1,8,6,1
1927,Bolton Wanderers,Middlesbrough,0,0,1,1,0,0,0
1927,Bolton Wanderers,Sheffield United,1,1,1,1,2,0,0
1927,Bolton Wanderers,Tottenham Hotspur,4,1,1,1,5,3,1
1927,Burnley,Leicester City,5,1,1,1,6,4,1
1927,Burnley,Sheffield United,5,3,1,1,8,2,1
1927,Bury,Aston Villa,0,0,1,1,0,0,0
1927,Bury,Bolton Wanderers,1,0,1,1,1,1,1
1927,Bury,Leicester City,2,1,1,1,3,1,1
1927,Bury,Middlesbrough,1,4,1,1,5,-3,0
1927,Bury,Sheffield United,1,0,1,1,1,1,1
1927,Bury,Tottenham Hotspur,1,2,1,1,3,-1,0
1927,Cardiff City,Aston Villa,2,1,1,1,3,1,1
1927,Cardiff City,Bolton Wanderers,2,1,1,1,3,1,1
1927,Cardiff City,Leicester City,3,0,1,1,3,3,1
1927,Cardiff City,Middlesbrough,1,1,1,1,2,0,0
1927,Cardiff City,Sheffield United,2,2,1,1,4,0,0
1927,Derby County,Aston Villa,5,0,1,1,5,5,1
1927,Derby County,Bolton Wanderers,1,0,1,1,1,1,1
1927,Derby County,Cardiff City,7,1,1,1,8,6,1
1927,Derby County,Sheffield United,2,1,1,1,3,1,1
1927,Derby County,Tottenham Hotspur,1,1,1,1,2,0,0
1927,Everton,Aston Villa,3,2,1,1,5,1,1
1927,Everton,Cardiff City,2,1,1,1,3,1,1
1927,Everton,Leicester City,7,1,1,1,8,6,1
1927,Everton,Middlesbrough,3,1,1,1,4,2,1
1927,Everton,Tottenham Hotspur,2,5,1,1,7,-3,0
1927,Huddersfield Town,Aston Villa,1,1,1,1,2,0,0
1927,Huddersfield Town,Cardiff City,8,2,1,1,10,6,1
1927,Huddersfield Town,Leicester City,3,1,1,1,4,2,1
1927,Huddersfield Town,Middlesbrough,2,4,1,1,6,-2,0
1927,Huddersfield Town,Sheffield United,0,1,1,1,1,-1,0
1927,Huddersfield Town,Tottenham Hotspur,4,2,1,1,6,2,1
1927,Leicester City,Cardiff City,4,1,1,1,5,3,1
1927,Leicester City,Tottenham Hotspur,6,1,1,1,7,5,1
1927,Liverpool,Huddersfield Town,4,2,1,1,6,2,1
1927,Liverpool,Tottenham Hotspur,2,0,1,1,2,2,1
1927,Manchester United,Cardiff City,2,2,1,1,4,0,0
1927,Manchester United,Huddersfield Town,0,0,1,1,0,0,0
1927,Manchester United,Middlesbrough,3,0,1,1,3,3,1
1927,Manchester United,Tottenham Hotspur,3,0,1,1,3,3,1
1927,Middlesbrough,Aston Villa,0,0,1,1,0,0,0
1927,Middlesbrough,Cardiff City,1,2,1,1,3,-1,0
1927,Middlesbrough,Huddersfield Town,3,1,1,1,4,2,1
1927,Middlesbrough,Manchester United,1,2,1,1,3,-1,0
1927,Middlesbrough,Sheffield United,3,0,1,1,3,3,1
1927,Middlesbrough,Tottenham Hotspur,3,1,1,1,4,2,1
1927,Newcastle United,Aston Villa,7,5,1,1,12,2,1
1927,Newcastle United,Bolton Wanderers,2,2,1,1,4,0,0
1927,Newcastle United,Cardiff City,2,0,1,1,2,2,1
1927,Newcastle United,Huddersfield Town,2,3,1,1,5,-1,0
1927,Portsmouth,Aston Villa,3,1,1,1,4,2,1
1927,Portsmouth,Bolton Wanderers,1,0,1,1,1,1,1
1927,Portsmouth,Huddersfield Town,2,1,1,1,3,1,1
1927,Portsmouth,Manchester United,1,0,1,1,1,1,1
1927,Portsmouth,Sheffield United,4,1,1,1,5,3,1
1927,Portsmouth,Tottenham Hotspur,3,0,1,1,3,3,1
1927,Sheffield United,Aston Villa,0,3,1,1,3,-3,0
1927,Sheffield United,Cardiff City,3,4,1,1,7,-1,0
1927,Sheffield Wednesday,Aston Villa,2,0,1,1,2,2,1
1927,Sheffield Wednesday,Bolton Wanderers,3,0,1,1,3,3,1
1927,Sheffield Wednesday,Tottenham Hotspur,4,2,1,1,6,2,1
1927,Sunderland,Cardiff City,0,2,1,1,2,-2,0
1927,Sunderland,Huddersfield Town,3,0,1,1,3,3,1
1927,Sunderland,Manchester United,4,1,1,1,5,3,1
1927,Sunderland,Portsmouth,3,3,1,1,6,0,0
1927,Sunderland,Tottenham Hotspur,0,0,1,1,0,0,0
1927,Tottenham Hotspur,Aston Villa,2,1,1,1,3,1,1
1927,Tottenham Hotspur,Cardiff City,1,0,1,1,1,1,1
1927,Tottenham Hotspur,Huddersfield Town,2,2,1,1,4,0,0
1927,Tottenham Hotspur,Manchester United,4,1,1,1,5,3,1
1927,Tottenham Hotspur,Portsmouth,0,3,1,1,3,-3,0
1927,West Ham United,Cardiff City,2,0,1,1,2,2,1
1927,West Ham United,Manchester United,1,2,1,1,3,-1,0
1927,West Ham United,Portsmouth,4,2,1,1,6,2,1
1927,West Ham United,Sunderland,2,4,1,1,6,-2,0
1927,Barnsley,Bristol City,2,3,2,2,5,-1,0
1927,Barnsley,Leyton Orient,4,2,2,2,6,2,1
1927,Barnsley,Southampton,0,1,2,2,1,-1,0
1927,Blackpool,Bristol City,6,2,2,2,8,4,1
1927,Blackpool,Grimsby Town,4,5,2,2,9,-1,0
1927,Blackpool,Leyton Orient,0,1,2,2,1,-1,0
1927,Blackpool,Notts County,3,3,2,2,6,0,0
1927,Blackpool,Southampton,1,0,2,2,1,1,1
1927,Bristol City,Blackpool,2,2,2,2,4,0,0
1927,Bristol City,Grimsby Town,0,0,2,2,0,0,0
1927,Bristol City,Leyton Orient,5,1,2,2,6,4,1
1927,Chelsea,Notts County,5,0,2,2,5,5,1
1927,Chelsea,West Bromwich Albion,1,1,2,2,2,0,0
1927,Fulham,Grimsby Town,2,2,2,2,4,0,0
1927,Fulham,Leyton Orient,2,0,2,2,2,2,1
1927,Fulham,Notts County,2,1,2,2,3,1,1
1927,Fulham,Preston North End,2,2,2,2,4,0,0
1927,Fulham,Southampton,1,0,2,2,1,1,1
1927,Grimsby Town,Preston North End,4,6,2,2,10,-2,0
1927,Grimsby Town,Southampton,2,2,2,2,4,0,0
1927,Hull City,Southampton,1,0,2,2,1,1,1
1927,Leeds United,Blackpool,4,0,2,2,4,4,1
1927,Leeds United,Fulham,2,1,2,2,3,1,1
1927,Leeds United,Notts County,6,0,2,2,6,6,1
1927,Leeds United,Southampton,2,0,2,2,2,2,1
1927,Leyton Orient,Blackpool,2,5,2,2,7,-3,0
1927,Leyton Orient,Fulham,3,2,2,2,5,1,1
1927,Leyton Orient,Preston North End,1,1,2,2,2,0,0
1927,Manchester City,Blackpool,4,1,2,2,5,3,1
1927,Manchester City,Notts County,3,1,2,2,4,2,1
1927,Manchester City,West Bromwich Albion,3,1,2,2,4,2,1
1927,Nottingham Forest,Blackpool,4,1,2,2,5,3,1
1927,Nottingham Forest,Fulham,7,0,2,2,7,7,1
1927,Nottingham Forest,Leeds United,2,2,2,2,4,0,0
1927,Nottingham Forest,Notts County,2,1,2,2,3,1,1
1927,Nottingham Forest,West Bromwich Albion,0,2,2,2,2,-2,0
1927,Notts County,Blackpool,3,1,2,2,4,2,1
1927,Notts County,Nottingham Forest,1,2,2,2,3,-1,0
1927,Notts County,Preston North End,6,2,2,2,8,4,1
1927,Notts County,West Bromwich Albion,3,0,2,2,3,3,1
1927,Oldham Athletic,Fulham,4,2,2,2,6,2,1
1927,Oldham Athletic,Leeds United,0,1,2,2,1,-1,0
1927,Oldham Athletic,Nottingham Forest,4,1,2,2,5,3,1
1927,Oldham Athletic,Southampton,3,1,2,2,4,2,1
1927,Port Vale,Blackpool,3,0,2,2,3,3,1
1927,Port Vale,Preston North End,2,0,2,2,2,2,1
1927,Port Vale,Southampton,4,0,2,2,4,4,1
1927,Preston North End,Leeds United,5,1,2,2,6,4,1
1927,Preston North End,Nottingham Forest,5,0,2,2,5,5,1
1927,Preston North End,Port Vale,4,0,2,2,4,4,1
1927,Preston North End,West Bromwich Albion,3,3,2,2,6,0,0
1927,Reading,Leeds United,0,1,2,2,1,-1,0
1927,Reading,Port Vale,0,0,2,2,0,0,0
1927,Reading,Southampton,0,0,2,2,0,0,0
1927,Reading,West Bromwich Albion,1,4,2,2,5,-3,0
1927,South Shields,Fulham,2,1,2,2,3,1,1
1927,South Shields,Nottingham Forest,3,4,2,2,7,-1,0
1927,South Shields,Port Vale,0,1,2,2,1,-1,0
1927,South Shields,Southampton,2,1,2,2,3,1,1
1927,Southampton,Nottingham Forest,2,1,2,2,3,1,1
1927,Southampton,Port Vale,1,3,2,2,4,-2,0
1927,Southampton,South Shields,3,5,2,2,8,-2,0
1927,Stoke City,Blackpool,2,0,2,2,2,2,1
1927,Stoke City,Leeds United,5,1,2,2,6,4,1
1927,Stoke City,Nottingham Forest,1,3,2,2,4,-2,0
1927,Stoke City,Port Vale,0,2,2,2,2,-2,0
1927,Stoke City,West Bromwich Albion,1,1,2,2,2,0,0
1927,Swansea City,Fulham,2,1,2,2,3,1,1
1927,Swansea City,Nottingham Forest,2,0,2,2,2,2,1
1927,Swansea City,West Bromwich Albion,3,2,2,2,5,1,1
1927,West Bromwich Albion,Blackpool,6,3,2,2,9,3,1
1927,West Bromwich Albion,Leeds United,0,1,2,2,1,-1,0
1927,West Bromwich Albion,Nottingham Forest,2,3,2,2,5,-1,0
1927,West Bromwich Albion,South Shields,3,0,2,2,3,3,1
1927,Wolverhampton Wanderers,Blackpool,2,4,2,2,6,-2,0
1927,Wolverhampton Wanderers,Fulham,3,1,2,2,4,2,1
1927,Wolverhampton Wanderers,Leeds United,0,0,2,2,0,0,0
1927,Wolverhampton Wanderers,Nottingham Forest,1,0,2,2,1,1,1
1927,Accrington Stanley,Barrow,5,1,3a,3,6,4,1
1927,Accrington Stanley,Chesterfield,0,0,3a,3,0,0,0
1927,Accrington Stanley,Doncaster Rovers,1,3,3a,3,4,-2,0
1927,Accrington Stanley,New Brighton,2,1,3a,3,3,1,1
1927,Accrington Stanley,Wigan Borough,2,4,3a,3,6,-2,0
1927,Ashington,Barrow,1,0,3a,3,1,1,1
1927,Ashington,Chesterfield,0,0,3a,3,0,0,0
1927,Ashington,Doncaster Rovers,1,2,3a,3,3,-1,0
1927,Ashington,New Brighton,3,2,3a,3,5,1,1
1927,Ashington,Wigan Borough,6,3,3a,3,9,3,1
1927,Barrow,Ashington,1,1,3a,3,2,0,0
1927,Barrow,Hartlepool United,2,0,3a,3,2,2,1
1927,Bradford City,Chesterfield,3,3,3a,3,6,0,0
1927,Bradford City,Doncaster Rovers,1,0,3a,3,1,1,1
1927,Bradford City,Hartlepool United,2,1,3a,3,3,1,1
1927,Bradford City,Southport,2,0,3a,3,2,2,1
1927,Bradford Park Avenue,Ashington,5,0,3a,3,5,5,1
1927,Bradford Park Avenue,Chesterfield,1,0,3a,3,1,1,1
1927,Bradford Park Avenue,Doncaster Rovers,0,2,3a,3,2,-2,0
1927,Bradford Park Avenue,Hartlepool United,3,0,3a,3,3,3,1
1927,Bradford Park Avenue,Wigan Borough,5,1,3a,3,6,4,1
1927,Chesterfield,Doncaster Rovers,1,0,3a,3,1,1,1
1927,Chesterfield,Hartlepool United,1,3,3a,3,4,-2,0
1927,Chesterfield,New Brighton,2,3,3a,3,5,-1,0
1927,Chesterfield,Southport,5,2,3a,3,7,3,1
1927,Crewe Alexandra,Ashington,3,0,3a,3,3,3,1
1927,Crewe Alexandra,Doncaster Rovers,4,1,3a,3,5,3,1
1927,Crewe Alexandra,New Brighton,1,1,3a,3,2,0,0
1927,Crewe Alexandra,Southport,0,1,3a,3,1,-1,0
1927,Crewe Alexandra,Wigan Borough,1,2,3a,3,3,-1,0
1927,Darlington,Doncaster Rovers,3,0,3a,3,3,3,1
1927,Darlington,New Brighton,3,0,3a,3,3,3,1
1927,Doncaster Rovers,New Brighton,5,1,3a,3,6,4,1
1927,Doncaster Rovers,Southport,0,1,3a,3,1,-1,0
1927,Durham City,Bradford Park Avenue,0,1,3a,3,1,-1,0
1927,Durham City,Hartlepool United,1,0,3a,3,1,1,1
1927,Durham City,Southport,0,0,3a,3,0,0,0
1927,Halifax Town,Ashington,6,1,3a,3,7,5,1
1927,Halifax Town,Bradford Park Avenue,1,1,3a,3,2,0,0
1927,Halifax Town,Southport,1,0,3a,3,1,1,1
1927,Hartlepool United,Ashington,4,1,3a,3,5,3,1
1927,Lincoln City,Bradford Park Avenue,2,0,3a,3,2,2,1
1927,Lincoln City,Southport,2,0,3a,3,2,2,1
1927,Lincoln City,Wigan Borough,4,1,3a,3,5,3,1
1927,Nelson,Darlington,4,0,3a,3,4,4,1
1927,Nelson,Halifax Town,3,2,3a,3,5,1,1
1927,New Brighton,Ashington,6,0,3a,3,6,6,1
1927,New Brighton,Bradford Park Avenue,1,2,3a,3,3,-1,0
1927,New Brighton,Halifax Town,3,1,3a,3,4,2,1
1927,New Brighton,Nelson,4,0,3a,3,4,4,1
1927,New Brighton,Southport,0,1,3a,3,1,-1,0
1927,Rochdale,Nelson,1,0,3a,3,1,1,1
1927,Rochdale,Wigan Borough,3,0,3a,3,3,3,1
1927,Rotherham United,Ashington,1,1,3a,3,2,0,0
1927,Rotherham United,Bradford Park Avenue,1,0,3a,3,1,1,1
1927,Rotherham United,Halifax Town,0,0,3a,3,0,0,0
1927,Rotherham United,Nelson,4,3,3a,3,7,1,1
1927,Rotherham United,Wigan Borough,6,0,3a,3,6,6,1
1927,Southport,Ashington,3,3,3a,3,6,0,0
1927,Southport,Nelson,1,2,3a,3,3,-1,0
1927,Southport,Rotherham United,1,1,3a,3,2,0,0
1927,Southport,Wigan Borough,2,1,3a,3,3,1,1
1927,Stockport County,Ashington,3,0,3a,3,3,3,1
1927,Stockport County,Bradford Park Avenue,2,2,3a,3,4,0,0
1927,Stockport County,Darlington,4,0,3a,3,4,4,1
1927,Stockport County,Rotherham United,2,0,3a,3,2,2,1
1927,Tranmere Rovers,Bradford Park Avenue,2,2,3a,3,4,0,0
1927,Wigan Borough,Darlington,0,3,3a,3,3,-3,0
1927,Wigan Borough,Halifax Town,1,3,3a,3,4,-2,0
1927,Wigan Borough,Nelson,4,2,3a,3,6,2,1
1927,Wigan Borough,Tranmere Rovers,1,0,3a,3,1,1,1
1927,Wrexham,Darlington,1,2,3a,3,3,-1,0
1927,Wrexham,Rotherham United,3,2,3a,3,5,1,1
1927,Wrexham,Tranmere Rovers,2,0,3a,3,2,2,1
1927,AFC Bournemouth,Brighton & Hove Albion,3,1,3b,3,4,2,1
1927,AFC Bournemouth,Southend United,2,3,3b,3,5,-1,0
1927,Brentford,Norwich City,3,1,3b,3,4,2,1
1927,Brighton & Hove Albion,Brentford,5,2,3b,3,7,3,1
1927,Brighton & Hove Albion,Coventry City,3,0,3b,3,3,3,1
1927,Brighton & Hove Albion,Gillingham,0,0,3b,3,0,0,0
1927,Brighton & Hove Albion,Norwich City,1,0,3b,3,1,1,1
1927,Brighton & Hove Albion,Southend United,1,0,3b,3,1,1,1
1927,Brighton & Hove Albion,Walsall,0,0,3b,3,0,0,0
1927,Bristol Rovers,Coventry City,1,1,3b,3,2,0,0
1927,Bristol Rovers,Gillingham,2,4,3b,3,6,-2,0
1927,Bristol Rovers,Southend United,1,3,3b,3,4,-2,0
1927,Bristol Rovers,Walsall,5,2,3b,3,7,3,1
1927,Charlton Athletic,Coventry City,2,1,3b,3,3,1,1
1927,Charlton Athletic,Gillingham,1,0,3b,3,1,1,1
1927,Charlton Athletic,Millwall,1,1,3b,3,2,0,0
1927,Charlton Athletic,Southend United,1,2,3b,3,3,-1,0
1927,Coventry City,Gillingham,1,2,3b,3,3,-1,0
1927,Coventry City,Walsall,0,1,3b,3,1,-1,0
1927,Crystal Palace,Brentford,0,2,3b,3,2,-2,0
1927,Crystal Palace,Charlton Athletic,5,0,3b,3,5,5,1
1927,Crystal Palace,Gillingham,2,2,3b,3,4,0,0
1927,Crystal Palace,Millwall,0,4,3b,3,4,-4,0
1927,Crystal Palace,Norwich City,2,1,3b,3,3,1,1
1927,Exeter City,Brentford,0,1,3b,3,1,-1,0
1927,Exeter City,Gillingham,2,2,3b,3,4,0,0
1927,Exeter City,Southend United,3,2,3b,3,5,1,1
1927,Exeter City,Walsall,3,0,3b,3,3,3,1
1927,Gillingham,Brentford,2,1,3b,3,3,1,1
1927,Gillingham,Charlton Athletic,1,1,3b,3,2,0,0
1927,Gillingham,Exeter City,1,1,3b,3,2,0,0
2015,Wycombe Wanderers,Stevenage Borough,1,0,4,4,1,1,1
2015,Dagenham and Redbridge,Accrington,0,1,4,4,1,-1,0
2015,Accrington,Leyton Orient,1,0,4,4,1,1,1
2015,Portsmouth,Notts County,4,0,4,4,4,4,1
2015,York City,Crawley Town,2,2,4,4,4,0,0
2015,Barnet,Luton Town,2,1,4,4,3,1,1
2015,Newport County,Accrington,0,2,4,4,2,-2,0
2015,Dagenham and Redbridge,Morecambe,2,1,4,4,3,1,1
2015,Oxford United,Dagenham and Redbridge,4,0,4,4,4,4,1
2015,Wycombe Wanderers,AFC Wimbledon,1,2,4,4,3,-1,0
2015,Dagenham and Redbridge,Portsmouth,1,4,4,4,5,-3,0
2015,Newport County,Cambridge United,0,1,4,4,1,-1,0
2015,Mansfield Town,Notts County,5,0,4,4,5,5,1
2015,Bristol Rovers,Yeovil,2,1,4,4,3,1,1
2015,Hartlepool United,York City,2,1,4,4,3,1,1
2015,Portsmouth,Plymouth Argyle,1,2,4,4,3,-1,0
2015,Barnet,Notts County,3,1,4,4,4,2,1
2015,Leyton Orient,Plymouth Argyle,1,3,4,4,4,-2,0
2015,Accrington,York City,3,0,4,4,3,3,1
2015,Crawley Town,Carlisle United,0,1,4,4,1,-1,0
2015,Morecambe,Stevenage Borough,1,4,4,4,5,-3,0
2015,Dagenham and Redbridge,Crawley Town,3,0,4,4,3,3,1
2015,Leyton Orient,Mansfield Town,1,0,4,4,1,1,1
2015,Stevenage Borough,AFC Wimbledon,0,0,4,4,0,0,0
2015,Manchester United,AFC Bournemouth,3,1,1,1,4,2,1
2016,AFC Bournemouth,Manchester United,1,3,1,1,4,-2,0
2016,Burnley,Liverpool,2,0,1,1,2,2,1
2016,Chelsea,Burnley,3,0,1,1,3,3,1
2016,Tottenham Hotspur,Liverpool,1,1,1,1,2,0,0
2016,West Bromwich Albion,Middlesbrough,0,0,1,1,0,0,0
2016,Burnley,Hull City,1,1,1,1,2,0,0
2016,Middlesbrough,Crystal Palace,1,2,1,1,3,-1,0
2016,Swansea City,Chelsea,2,2,1,1,4,0,0
2016,Everton,Middlesbrough,3,1,1,1,4,2,1
2016,Manchester City,AFC Bournemouth,4,0,1,1,4,4,1
2016,Arsenal,Chelsea,3,0,1,1,3,3,1
2016,Manchester United,Leicester City,4,1,1,1,5,3,1
2016,Sunderland,Crystal Palace,2,3,1,1,5,-1,0
2016,Sunderland,West Bromwich Albion,1,1,1,1,2,0,0
2016,West Ham United,Middlesbrough,1,1,1,1,2,0,0
2016,Middlesbrough,Watford,0,1,1,1,1,-1,0
2016,Hull City,Stoke City,0,2,1,1,2,-2,0
2016,Middlesbrough,AFC Bournemouth,2,0,1,1,2,2,1
2016,Watford,Hull City,1,0,1,1,1,1,1
2016,Southampton,Chelsea,0,2,1,1,2,-2,0
2016,Burnley,Crystal Palace,3,2,1,1,5,1,1
2016,West Ham United,Stoke City,1,1,1,1,2,0,0
2016,Crystal Palace,Manchester City,1,2,1,1,3,-1,0
2016,Southampton,Everton,1,0,1,1,1,1,1
2016,Manchester City,Chelsea,1,3,1,1,4,-2,0
2016,AFC Bournemouth,Liverpool,4,3,1,1,7,1,1
2016,Leicester City,Manchester City,4,2,1,1,6,2,1
2016,Chelsea,West Bromwich Albion,1,0,1,1,1,1,1
2016,Crystal Palace,Manchester United,1,2,1,1,3,-1,0
2016,Stoke City,Southampton,0,0,1,1,0,0,0
2016,West Bromwich Albion,Swansea City,3,1,1,1,4,2,1
2016,Middlesbrough,Swansea City,3,0,1,1,3,3,1
2016,Manchester City,Arsenal,2,1,1,1,3,1,1
2016,Arsenal,West Bromwich Albion,1,0,1,1,1,1,1
2016,Southampton,Tottenham Hotspur,1,4,1,1,5,-3,0
2016,Chelsea,Stoke City,4,2,1,1,6,2,1
2016,Manchester United,Middlesbrough,2,1,1,1,3,1,1
2016,Burnley,Southampton,1,0,1,1,1,1,1
2016,Watford,Middlesbrough,0,0,1,1,0,0,0
2016,Liverpool,Swansea City,2,3,1,1,5,-1,0
2016,Middlesbrough,West Bromwich Albion,1,1,1,1,2,0,0
2016,Chelsea,Arsenal,3,1,1,1,4,2,1
2016,Hull City,Liverpool,2,0,1,1,2,2,1
2016,Manchester City,Swansea City,2,1,1,1,3,1,1
2016,Manchester United,Watford,2,0,1,1,2,2,1
2016,Swansea City,Leicester City,2,0,1,1,2,2,1
2016,Crystal Palace,Middlesbrough,1,0,1,1,1,1,1
2016,Watford,West Ham United,1,1,1,1,2,0,0
2016,Leicester City,Liverpool,3,1,1,1,4,2,1
2016,Manchester United,AFC Bournemouth,1,1,1,1,2,0,0
2016,Watford,Southampton,3,4,1,1,7,-1,0
2016,Tottenham Hotspur,Everton,3,2,1,1,5,1,1
2016,Chelsea,Crystal Palace,1,2,1,1,3,-1,0
2016,Watford,Sunderland,1,0,1,1,1,1,1
2016,Hull City,Middlesbrough,4,2,1,1,6,2,1
2016,AFC Bournemouth,Middlesbrough,4,0,1,1,4,4,1
2016,West Ham United,Tottenham Hotspur,1,0,1,1,1,1,1
2016,Chelsea,Middlesbrough,3,0,1,1,3,3,1
2016,Birmingham City,Cardiff City,0,0,2,2,0,0,0
2016,Nottingham Forest,Burton Albion,4,3,2,2,7,1,1
2016,Queens Park Rangers,Leeds United,3,0,2,2,3,3,1
2016,Wolverhampton Wanderers,Reading,2,0,2,2,2,2,1
2016,Brentford,Nottingham Forest,1,0,2,2,1,1,1
2016,Leeds United,Fulham,1,1,2,2,2,0,0
2016,Cardiff City,Blackburn Rovers,2,1,2,2,3,1,1
2016,Queens Park Rangers,Preston North End,0,2,2,2,2,-2,0
2016,Sheffield Wednesday,Leeds United,0,2,2,2,2,-2,0
2016,Barnsley,Rotherham United,4,0,2,2,4,4,1
2016,Brentford,Sheffield Wednesday,1,1,2,2,2,0,0
2016,Huddersfield Town,Wolverhampton Wanderers,1,0,2,2,1,1,1
2016,Leeds United,Huddersfield Town,0,1,2,2,1,-1,0
2016,Queens Park Rangers,Blackburn Rovers,1,1,2,2,2,0,0
2016,Wolverhampton Wanderers,Burton Albion,1,1,2,2,2,0,0
2016,Derby County,Ipswich Town,0,1,2,2,1,-1,0
2016,Reading,Birmingham City,0,0,2,2,0,0,0
2016,Aston Villa,Brentford,1,1,2,2,2,0,0
2016,Huddersfield Town,Queens Park Rangers,2,1,2,2,3,1,1
2016,Nottingham Forest,Norwich City,1,2,2,2,3,-1,0
2016,Aston Villa,Newcastle United,1,1,2,2,2,0,0
2016,Queens Park Rangers,Birmingham City,1,1,2,2,2,0,0
2016,Sheffield Wednesday,Nottingham Forest,2,1,2,2,3,1,1
2016,Bristol City,Leeds United,1,0,2,2,1,1,1
2016,Preston North End,Aston Villa,2,0,2,2,2,2,1
2016,Nottingham Forest,Birmingham City,3,1,2,2,4,2,1
2016,Newcastle United,Brentford,3,1,2,2,4,2,1
2016,Wigan Athletic,Burton Albion,0,0,2,2,0,0,0
2016,Cardiff City,Sheffield Wednesday,1,1,2,2,2,0,0
2016,Aston Villa,Fulham,1,0,2,2,1,1,1
2016,Huddersfield Town,Derby County,1,0,2,2,1,1,1
2016,Nottingham Forest,Cardiff City,1,2,2,2,3,-1,0
2016,Cardiff City,Wigan Athletic,0,1,2,2,1,-1,0
2016,Reading,Nottingham Forest,2,0,2,2,2,2,1
2016,Aston Villa,Blackburn Rovers,2,1,2,2,3,1,1
2016,Wigan Athletic,Reading,0,3,2,2,3,-3,0
2016,Barnsley,Wigan Athletic,0,0,2,2,0,0,0
2016,Cardiff City,Huddersfield Town,3,2,2,2,5,1,1
2016,Ipswich Town,Nottingham Forest,0,2,2,2,2,-2,0
2016,Reading,Burton Albion,3,0,2,2,3,3,1
2016,Wolverhampton Wanderers,Sheffield Wednesday,0,2,2,2,2,-2,0
2016,Nottingham Forest,Newcastle United,2,1,2,2,3,1,1
2016,Fulham,Reading,5,0,2,2,5,5,1
2016,Sheffield Wednesday,Preston North End,2,1,2,2,3,1,1
2016,Aston Villa,Wigan Athletic,1,0,2,2,1,1,1
2016,Birmingham City,Brighton & Hove Albion,1,2,2,2,3,-1,0
2016,Burton Albion,Newcastle United,1,2,2,2,3,-1,0
2016,Barnsley,Blackburn Rovers,2,0,2,2,2,2,1
2016,Reading,Norwich City,3,1,2,2,4,2,1
2016,Brighton & Hove Albion,Queens Park Rangers,3,0,2,2,3,3,1
2016,Rotherham United,Burton Albion,1,2,2,2,3,-1,0
2016,Barnsley,Birmingham City,2,2,2,2,4,0,0
2016,Birmingham City,Brentford,1,3,2,2,4,-2,0
2016,Leeds United,Rotherham United,3,0,2,2,3,3,1
2016,Reading,Queens Park Rangers,0,1,2,2,1,-1,0
2016,Brentford,Newcastle United,1,2,2,2,3,-1,0
2016,Brighton & Hove Albion,Sheffield Wednesday,2,1,2,2,3,1,1
2016,Blackburn Rovers,Birmingham City,1,1,2,2,2,0,0
2016,Nottingham Forest,Bristol City,1,0,2,2,1,1,1
2016,Brighton & Hove Albion,Cardiff City,1,0,2,2,1,1,1
2016,Reading,Cardiff City,2,1,2,2,3,1,1
2016,Huddersfield Town,Brighton & Hove Albion,3,1,2,2,4,2,1
2016,Burton Albion,Wolverhampton Wanderers,2,1,2,2,3,1,1
2016,Huddersfield Town,Leeds United,2,1,2,2,3,1,1
2016,Leeds United,Bristol City,2,1,2,2,3,1,1
2016,Reading,Brentford,3,2,2,2,5,1,1
2016,Burton Albion,Norwich City,2,1,2,2,3,1,1
2016,Nottingham Forest,Sheffield Wednesday,1,2,2,2,3,-1,0
2016,Sheffield Wednesday,Brentford,1,2,2,2,3,-1,0
2016,Leeds United,Sheffield Wednesday,1,0,2,2,1,1,1
2016,Fulham,Preston North End,3,1,2,2,4,2,1
2016,Nottingham Forest,Brighton & Hove Albion,3,0,2,2,3,3,1
2016,Blackburn Rovers,Cardiff City,1,1,2,2,2,0,0
2016,Fulham,Leeds United,1,1,2,2,2,0,0
2016,Nottingham Forest,Brentford,2,3,2,2,5,-1,0
2016,Burton Albion,Nottingham Forest,1,0,2,2,1,1,1
2016,Wigan Athletic,Bristol City,0,1,2,2,1,-1,0
2016,Fulham,Blackburn Rovers,2,2,2,2,4,0,0
2016,Cardiff City,Ipswich Town,3,1,2,2,4,2,1
2016,Preston North End,Nottingham Forest,1,1,2,2,2,0,0
2016,Wolverhampton Wanderers,Cardiff City,3,1,2,2,4,2,1
2016,Ipswich Town,Wigan Athletic,3,0,2,2,3,3,1
2016,Blackburn Rovers,Barnsley,0,2,2,2,2,-2,0
2016,Cardiff City,Brentford,2,1,2,2,3,1,1
2016,Wigan Athletic,Rotherham United,3,2,2,2,5,1,1
2016,Newcastle United,Leeds United,1,1,2,2,2,0,0
2016,Leeds United,Wolverhampton Wanderers,0,1,2,2,1,-1,0
2016,Reading,Rotherham United,2,1,2,2,3,1,1
2016,Newcastle United,Preston North End,4,1,2,2,5,3,1
2016,Barnsley,Burton Albion,1,1,2,2,2,0,0
2016,Brighton & Hove Albion,Bristol City,0,1,2,2,1,-1,0
2016,Ipswich Town,Sheffield Wednesday,0,1,2,2,1,-1,0
2016,Brentford,Blackburn Rovers,1,3,2,2,4,-2,0
2016,Bradford City,Port Vale,0,0,3,3,0,0,0
2016,Swindon Town,Coventry City,1,0,3,3,1,1,1
2016,Charlton Athletic,Northampton Town,1,1,3,3,2,0,0
2016,Sheffield United,Rochdale,1,1,3,3,2,0,0
2016,Gillingham,Swindon Town,1,1,3,3,2,0,0
2016,Peterborough United,Millwall,5,1,3,3,6,4,1
2016,Bristol Rovers,Bolton Wanderers,1,2,3,3,3,-1,0
2016,Charlton Athletic,Bolton Wanderers,1,1,3,3,2,0,0
2016,Sheffield United,Oxford United,2,1,3,3,3,1,1
2016,Bury,Port Vale,4,1,3,3,5,3,1
2016,Oldham Athletic,Shrewsbury Town,2,3,3,3,5,-1,0
2016,Fleetwood Town,Charlton Athletic,2,2,3,3,4,0,0
2016,Peterborough United,Port Vale,2,2,3,3,4,0,0
2016,Rochdale,Fleetwood Town,2,1,3,3,3,1,1
2016,Fleetwood Town,Milton Keynes Dons,1,4,3,3,5,-3,0
2016,Northampton Town,Southend United,4,0,3,3,4,4,1
2016,Charlton Athletic,Oldham Athletic,1,1,3,3,2,0,0
2016,Walsall,Scunthorpe United,1,4,3,3,5,-3,0
2016,Bolton Wanderers,Oxford United,0,2,3,3,2,-2,0
2016,Oldham Athletic,Milton Keynes Dons,0,2,3,3,2,-2,0
2016,Gillingham,Oldham Athletic,1,2,3,3,3,-1,0
2016,Scunthorpe United,Northampton Town,1,1,3,3,2,0,0
2016,Northampton Town,Millwall,1,3,3,3,4,-2,0
2016,Chesterfield,Fleetwood Town,0,1,3,3,1,-1,0
2016,Millwall,Bolton Wanderers,0,2,3,3,2,-2,0
2016,Peterborough United,Northampton Town,3,0,3,3,3,3,1
2016,Milton Keynes Dons,Southend United,0,3,3,3,3,-3,0
2016,Port Vale,Oxford United,2,2,3,3,4,0,0
2016,Bury,Bolton Wanderers,0,2,3,3,2,-2,0
2016,Bristol Rovers,Peterborough United,1,2,3,3,3,-1,0
2016,Walsall,Coventry City,1,1,3,3,2,0,0
2016,Bradford City,Rochdale,4,0,3,3,4,4,1
2016,Gillingham,Northampton Town,2,1,3,3,3,1,1
2016,Charlton Athletic,Port Vale,2,0,3,3,2,2,1
2016,Bolton Wanderers,Coventry City,1,0,3,3,1,1,1
2016,Oxford United,Gillingham,1,0,3,3,1,1,1
2016,Chesterfield,Bristol Rovers,3,2,3,3,5,1,1
2016,Northampton Town,Bolton Wanderers,0,1,3,3,1,-1,0
2016,Bradford City,Charlton Athletic,0,0,3,3,0,0,0
2016,Peterborough United,Chesterfield,5,2,3,3,7,3,1
2016,Sheffield United,Swindon Town,4,0,3,3,4,4,1
2016,Coventry City,Sheffield United,1,2,3,3,3,-1,0
2016,Shrewsbury Town,Bristol Rovers,2,0,3,3,2,2,1
2016,Millwall,Charlton Athletic,3,1,3,3,4,2,1
2016,Milton Keynes Dons,Charlton Athletic,0,1,3,3,1,-1,0
2016,Southend United,AFC Wimbledon,3,0,3,3,3,3,1
2016,Port Vale,Chesterfield,1,0,3,3,1,1,1
2016,Bradford City,Bury,1,1,3,3,2,0,0
2016,Southend United,Charlton Athletic,1,1,3,3,2,0,0
2016,Charlton Athletic,Bristol Rovers,4,1,3,3,5,3,1
2016,Gillingham,Oxford United,0,1,3,3,1,-1,0
2016,Walsall,Rochdale,0,2,3,3,2,-2,0
2016,Bradford City,Millwall,1,1,3,3,2,0,0
2016,Shrewsbury Town,Oldham Athletic,1,0,3,3,1,1,1
2016,Gillingham,Shrewsbury Town,1,1,3,3,2,0,0
2016,Peterborough United,Milton Keynes Dons,0,4,3,3,4,-4,0
2016,Bradford City,Gillingham,2,2,3,3,4,0,0
2016,Rochdale,Bristol Rovers,0,0,3,3,0,0,0
2016,Southend United,Scunthorpe United,3,1,3,3,4,2,1
2016,Bristol Rovers,Bradford City,1,1,3,3,2,0,0
2016,Oldham Athletic,Coventry City,3,2,3,3,5,1,1
2016,Oldham Athletic,Charlton Athletic,1,0,3,3,1,1,1
2016,Scunthorpe United,Walsall,0,0,3,3,0,0,0
2016,Charlton Athletic,Oxford United,0,1,3,3,1,-1,0
2016,Fleetwood Town,Northampton Town,3,0,3,3,3,3,1
2016,Oldham Athletic,Millwall,0,0,3,3,0,0,0
2016,Sheffield United,Bolton Wanderers,2,0,3,3,2,2,1
2016,Scunthorpe United,AFC Wimbledon,1,2,3,3,3,-1,0
2016,Millwall,Milton Keynes Dons,2,1,3,3,3,1,1
2016,Southend United,Port Vale,1,1,3,3,2,0,0
2016,AFC Wimbledon,Northampton Town,0,1,3,3,1,-1,0
2016,Chesterfield,Shrewsbury Town,1,1,3,3,2,0,0
2016,Gillingham,Scunthorpe United,3,2,3,3,5,1,1
2016,Peterborough United,Oxford United,1,2,3,3,3,-1,0
2016,Coventry City,Southend United,0,2,3,3,2,-2,0
2016,Southend United,Walsall,3,2,3,3,5,1,1
2016,Rochdale,Millwall,3,3,3,3,6,0,0
2016,Chesterfield,Rochdale,1,3,3,3,4,-2,0
2016,Southend United,Oldham Athletic,3,0,3,3,3,3,1
2016,Gillingham,Millwall,1,1,3,3,2,0,0
2016,Scunthorpe United,Bolton Wanderers,1,0,3,3,1,1,1
2016,Walsall,Oxford United,1,1,3,3,2,0,0
2016,Oldham Athletic,Bolton Wanderers,1,0,3,3,1,1,1
2016,Charlton Athletic,Gillingham,3,0,3,3,3,3,1
2016,Bolton Wanderers,Bury,0,0,3,3,0,0,0
2016,Millwall,Oxford United,0,3,3,3,3,-3,0
2016,Peterborough United,Bristol Rovers,4,2,3,3,6,2,1
2016,Swindon Town,Scunthorpe United,1,2,3,3,3,-1,0
2016,Fleetwood Town,Port Vale,0,0,3,3,0,0,0
2016,Southend United,Bury,1,0,3,3,1,1,1
2016,Crawley Town,Wycombe Wanderers,1,0,4,4,1,1,1
2016,Stevenage Borough,Crewe Alexandra,1,2,4,4,3,-1,0
2016,Carlisle United,Plymouth Argyle,1,0,4,4,1,1,1
2016,Doncaster Rovers,Crawley Town,1,1,4,4,2,0,0
2016,Luton Town,Yeovil,1,1,4,4,2,0,0
2016,Crawley Town,Barnet,1,1,4,4,2,0,0
2016,Stevenage Borough,Luton Town,2,1,4,4,3,1,1
2016,Colchester United,Exeter City,2,3,4,4,5,-1,0
2016,Crewe Alexandra,Exeter City,2,0,4,4,2,2,1
2016,Plymouth Argyle,Cambridge United,2,1,4,4,3,1,1
2016,Blackpool,Carlisle United,2,2,4,4,4,0,0
2016,Wycombe Wanderers,Stevenage Borough,1,0,4,4,1,1,1
2016,Morecambe,Crawley Town,2,3,4,4,5,-1,0
2016,Plymouth Argyle,Hartlepool United,1,1,4,4,2,0,0
2016,Grimsby Town,Newport County,1,0,4,4,1,1,1
2016,Wycombe Wanderers,Crewe Alexandra,5,1,4,4,6,4,1
2016,Crewe Alexandra,Mansfield Town,1,1,4,4,2,0,0
2016,Portsmouth,Doncaster Rovers,1,2,4,4,3,-1,0
2016,Blackpool,Cambridge United,1,1,4,4,2,0,0
2016,Carlisle United,Hartlepool United,3,2,4,4,5,1,1
2016,Notts County,Crewe Alexandra,1,1,4,4,2,0,0
2016,Hartlepool United,Leyton Orient,1,3,4,4,4,-2,0
2016,Portsmouth,Notts County,1,2,4,4,3,-1,0
2016,Newport County,Barnet,2,2,4,4,4,0,0
2016,Cambridge United,Portsmouth,0,1,4,4,1,-1,0
2016,Doncaster Rovers,Wycombe Wanderers,2,2,4,4,4,0,0
2016,Grimsby Town,Barnet,2,2,4,4,4,0,0
2016,Newport County,Carlisle United,2,0,4,4,2,2,1
2016,Wycombe Wanderers,Morecambe,2,0,4,4,2,2,1
2016,Cambridge United,Wycombe Wanderers,1,2,4,4,3,-1,0
2016,Doncaster Rovers,Hartlepool United,2,1,4,4,3,1,1
2016,Grimsby Town,Carlisle United,2,2,4,4,4,0,0
2016,Notts County,Cambridge United,0,1,4,4,1,-1,0
2016,Doncaster Rovers,Leyton Orient,3,1,4,4,4,2,1
2016,Portsmouth,Stevenage Borough,1,2,4,4,3,-1,0
2016,Grimsby Town,Accrington,2,0,4,4,2,2,1
2016,Notts County,Doncaster Rovers,0,1,4,4,1,-1,0
2016,Yeovil,Exeter City,0,0,4,4,0,0,0
2016,Yeovil,Portsmouth,0,0,4,4,0,0,0
2016,Hartlepool United,Grimsby Town,0,1,4,4,1,-1,0
2016,Cambridge United,Blackpool,0,0,4,4,0,0,0
2016,Crawley Town,Hartlepool United,1,0,4,4,1,1,1
2016,Portsmouth,Leyton Orient,2,1,4,4,3,1,1
2016,Barnet,Newport County,0,0,4,4,0,0,0
2016,Cheltenham,Plymouth Argyle,1,2,4,4,3,-1,0
2016,Carlisle United,Barnet,1,1,4,4,2,0,0
2016,Portsmouth,Exeter City,0,1,4,4,1,-1,0
2016,Exeter City,Wycombe Wanderers,4,2,4,4,6,2,1
2016,Accrington,Notts County,2,0,4,4,2,2,1
2016,Cambridge United,Plymouth Argyle,0,1,4,4,1,-1,0
2016,Luton Town,Crawley Town,2,1,4,4,3,1,1
2016,Notts County,Exeter City,2,2,4,4,4,0,0
2016,Stevenage Borough,Cheltenham,2,1,4,4,3,1,1
2016,Leyton Orient,Notts County,2,3,4,4,5,-1,0
2016,Newport County,Morecambe,1,1,4,4,2,0,0
2016,Exeter City,Blackpool,2,2,4,4,4,0,0
2016,Mansfield Town,Newport County,2,1,4,4,3,1,1
2016,Wycombe Wanderers,Crawley Town,1,2,4,4,3,-1,0
2016,Grimsby Town,Colchester United,1,0,4,4,1,1,1
2016,Cheltenham,Mansfield Town,0,0,4,4,0,0,0
2016,Portsmouth,Crewe Alexandra,0,1,4,4,1,-1,0
2016,Luton Town,Stevenage Borough,0,2,4,4,2,-2,0
2016,Notts County,Hartlepool United,2,1,4,4,3,1,1
2016,Colchester United,Mansfield Town,2,0,4,4,2,2,1
2016,Newport County,Blackpool,1,3,4,4,4,-2,0
2016,Yeovil,Accrington,1,1,4,4,2,0,0
2016,Blackpool,Hartlepool United,2,1,4,4,3,1,1
2016,Morecambe,Mansfield Town,1,3,4,4,4,-2,0
2016,Crewe Alexandra,Cambridge United,1,2,4,4,3,-1,0
2016,Leyton Orient,Wycombe Wanderers,0,2,4,4,2,-2,0
2016,Carlisle United,Notts County,1,2,4,4,3,-1,0
2016,Doncaster Rovers,Mansfield Town,1,0,4,4,1,1,1
2016,Mansfield Town,Luton Town,1,1,4,4,2,0,0
2016,Exeter City,Morecambe,3,1,4,4,4,2,1
2016,Luton Town,Notts County,2,1,4,4,3,1,1
2016,Mansfield Town,Portsmouth,0,1,4,4,1,-1,0
2016,Plymouth Argyle,Crewe Alexandra,2,1,4,4,3,1,1
2016,Colchester United,Yeovil,2,0,4,4,2,2,1
2016,Exeter City,Carlisle United,2,3,4,4,5,-1,0
2016,Luton Town,Morecambe,3,1,4,4,4,2,1
2016,Stevenage Borough,Accrington,0,3,4,4,3,-3,0
2016,West Bromwich Albion,Chelsea,0,1,1,1,1,-1,0
2016,Millwall,Southend United,1,0,3,3,1,1,1
2016,Millwall,Port Vale,2,0,3,3,2,2,1
2016,Bradford City,Bolton Wanderers,2,2,3,3,4,0,0
2016,Sheffield United,Scunthorpe United,1,1,3,3,2,0,0
2016,Gillingham,AFC Wimbledon,2,2,3,3,4,0,0
2016,Chesterfield,Oxford United,0,4,3,3,4,-4,0
2016,Gillingham,Southend United,2,1,3,3,3,1,1
2016,Peterborough United,Rochdale,3,1,3,3,4,2,1
2016,Millwall,Peterborough United,1,0,3,3,1,1,1
2016,Shrewsbury Town,Charlton Athletic,4,3,3,3,7,1,1
2016,Bradford City,Peterborough United,1,0,3,3,1,1,1
2016,Oxford United,Sheffield United,2,3,3,3,5,-1,0
2016,Bristol Rovers,Southend United,2,0,3,3,2,2,1
2016,Milton Keynes Dons,Rochdale,2,2,3,3,4,0,0
2016,Gillingham,Bolton Wanderers,0,4,3,3,4,-4,0
2016,Port Vale,Shrewsbury Town,2,1,3,3,3,1,1
2016,Bristol Rovers,Chesterfield,2,1,3,3,3,1,1
2016,Milton Keynes Dons,Coventry City,1,0,3,3,1,1,1
2016,Coventry City,Port Vale,2,1,3,3,3,1,1
2016,Swindon Town,Millwall,1,0,3,3,1,1,1
2016,Oxford United,Bury,5,1,3,3,6,4,1
2016,Bradford City,Walsall,1,0,3,3,1,1,1
2016,Port Vale,AFC Wimbledon,2,0,3,3,2,2,1
2016,Charlton Athletic,Milton Keynes Dons,0,2,3,3,2,-2,0
2016,Southend United,Bolton Wanderers,0,1,3,3,1,-1,0
2016,Northampton Town,Sheffield United,1,2,3,3,3,-1,0
2016,Shrewsbury Town,Rochdale,1,0,3,3,1,1,1
2016,Milton Keynes Dons,Scunthorpe United,0,1,3,3,1,-1,0
2016,Shrewsbury Town,Walsall,1,1,3,3,2,0,0
2016,Fleetwood Town,Millwall,1,0,3,3,1,1,1
2016,Rochdale,Coventry City,2,0,3,3,2,2,1
2016,Coventry City,Walsall,1,0,3,3,1,1,1
2016,Milton Keynes Dons,Sheffield United,0,3,3,3,3,-3,0
2016,Bristol Rovers,Millwall,3,4,3,3,7,-1,0
2016,Walsall,Milton Keynes Dons,1,4,3,3,5,-3,0
2016,Cambridge United,Barnet,1,1,4,4,2,0,0
2016,Grimsby Town,Morecambe,2,0,4,4,2,2,1
2016,Colchester United,Cambridge United,2,0,4,4,2,2,1
2016,Exeter City,Hartlepool United,1,2,4,4,3,-1,0
2016,Mansfield Town,Cheltenham,1,1,4,4,2,0,0
2016,Wycombe Wanderers,Grimsby Town,2,1,4,4,3,1,1
2016,Exeter City,Crawley Town,0,1,4,4,1,-1,0
2016,Mansfield Town,Yeovil,1,0,4,4,1,1,1
2016,Cambridge United,Carlisle United,2,2,4,4,4,0,0
2016,Yeovil,Morecambe,0,1,4,4,1,-1,0
2016,Blackpool,Plymouth Argyle,0,1,4,4,1,-1,0
2016,Grimsby Town,Stevenage Borough,5,2,4,4,7,3,1
2016,Wycombe Wanderers,Colchester United,0,2,4,4,2,-2,0
2016,Carlisle United,Leyton Orient,2,2,4,4,4,0,0
2016,Luton Town,Grimsby Town,1,2,4,4,3,-1,0
2016,Newport County,Cheltenham,2,2,4,4,4,0,0
2016,Accrington,Portsmouth,1,0,4,4,1,1,1
2016,Hartlepool United,Mansfield Town,0,0,4,4,0,0,0
2016,Accrington,Mansfield Town,1,1,4,4,2,0,0
2016,Doncaster Rovers,Carlisle United,2,2,4,4,4,0,0
2016,Barnet,Leyton Orient,0,0,4,4,0,0,0
2016,Cheltenham,Luton Town,1,1,4,4,2,0,0
2016,Wycombe Wanderers,Exeter City,1,0,4,4,1,1,1
2016,Colchester United,Newport County,0,0,4,4,0,0,0
2016,Hartlepool United,Crawley Town,1,1,4,4,2,0,0
2016,Yeovil,Wycombe Wanderers,1,0,4,4,1,1,1
2016,Cheltenham,Crawley Town,2,1,4,4,3,1,1
2016,Colchester United,Morecambe,2,2,4,4,4,0,0
2016,Exeter City,Cambridge United,1,2,4,4,3,-1,0
2016,Stevenage Borough,Carlisle United,1,2,4,4,3,-1,0
2016,Accrington,Newport County,1,3,4,4,4,-2,0
2016,Carlisle United,Crawley Town,3,1,4,4,4,2,1
2016,Leyton Orient,Crewe Alexandra,0,2,4,4,2,-2,0
2016,Notts County,Luton Town,0,0,4,4,0,0,0
2016,Blackpool,Notts County,4,0,4,4,4,4,1
2016,Crewe Alexandra,Plymouth Argyle,1,2,4,4,3,-1,0
2016,Hartlepool United,Cheltenham,2,0,4,4,2,2,1
2016,Portsmouth,Mansfield Town,4,0,4,4,4,4,1
2016,Leyton Orient,Blackpool,1,2,4,4,3,-1,0
2016,Notts County,Newport County,0,3,4,4,3,-3,0
2016,Cheltenham,Colchester United,0,3,4,4,3,-3,0
2016,Hartlepool United,Accrington,2,0,4,4,2,2,1
2016,Mansfield Town,Blackpool,1,0,4,4,1,1,1
2016,Plymouth Argyle,Barnet,0,2,4,4,2,-2,0
2016,Blackpool,Newport County,4,1,4,4,5,3,1
2016,Colchester United,Crewe Alexandra,4,0,4,4,4,4,1
2016,Newport County,Stevenage Borough,0,2,4,4,2,-2,0
2016,Accrington,Plymouth Argyle,0,1,4,4,1,-1,0
2016,Crawley Town,Newport County,3,1,4,4,4,2,1
2016,Morecambe,Cheltenham,1,2,4,4,3,-1,0
2016,Cheltenham,Barnet,1,2,4,4,3,-1,0
2016,Plymouth Argyle,Wycombe Wanderers,3,3,4,4,6,0,0
2016,Cheltenham,Wycombe Wanderers,0,1,4,4,1,-1,0
2016,Notts County,Carlisle United,2,3,4,4,5,-1,0
2016,Crawley Town,Yeovil,2,0,4,4,2,2,1
2016,Morecambe,Crewe Alexandra,0,0,4,4,0,0,0
2016,Doncaster Rovers,Portsmouth,3,1,4,4,4,2,1
2016,Carlisle United,Morecambe,1,1,4,4,2,0,0
2016,Crewe Alexandra,Luton Town,1,2,4,4,3,-1,0
2016,Doncaster Rovers,Crewe Alexandra,3,1,4,4,4,2,1
2016,Newport County,Hartlepool United,3,1,4,4,4,2,1
2016,Luton Town,Cheltenham,2,3,4,4,5,-1,0
2016,Cheltenham,Newport County,1,1,4,4,2,0,0
2016,Exeter City,Crewe Alexandra,4,0,4,4,4,4,1
2016,Leyton Orient,Morecambe,0,1,4,4,1,-1,0
2016,Colchester United,Barnet,2,1,4,4,3,1,1
2016,Plymouth Argyle,Exeter City,3,0,4,4,3,3,1
2016,Yeovil,Leyton Orient,1,1,4,4,2,0,0
2016,Plymouth Argyle,Leyton Orient,2,3,4,4,5,-1,0
2016,Yeovil,Cambridge United,1,1,4,4,2,0,0
2016,Blackpool,Crewe Alexandra,2,2,4,4,4,0,0
2016,Wycombe Wanderers,Carlisle United,1,2,4,4,3,-1,0
2016,Barnet,Cambridge United,0,1,4,4,1,-1,0
2016,Crewe Alexandra,Stevenage Borough,1,2,4,4,3,-1,0
2016,Morecambe,Grimsby Town,1,0,4,4,1,1,1
2016,Accrington,Wycombe Wanderers,2,2,4,4,4,0,0
2016,Hartlepool United,Crewe Alexandra,4,0,4,4,4,4,1
2016,Stevenage Borough,Leyton Orient,4,1,4,4,5,3,1
2016,Stevenage Borough,Notts County,3,0,4,4,3,3,1
2016,Exeter City,Accrington,0,2,4,4,2,-2,0
2016,Mansfield Town,Plymouth Argyle,0,2,4,4,2,-2,0
2016,Wycombe Wanderers,Blackpool,0,0,4,4,0,0,0
2016,Cambridge United,Hartlepool United,0,1,4,4,1,-1,0
2016,Barnet,Yeovil,2,2,4,4,4,0,0
2016,Crawley Town,Leyton Orient,3,0,4,4,3,3,1
2016,Accrington,Cambridge United,2,0,4,4,2,2,1
2016,Grimsby Town,Doncaster Rovers,1,5,4,4,6,-4,0
2016,Colchester United,Stevenage Borough,4,0,4,4,4,4,1
2016,Exeter City,Newport County,0,1,4,4,1,-1,0
2016,Crawley Town,Cheltenham,0,0,4,4,0,0,0
2016,Morecambe,Colchester United,1,1,4,4,2,0,0
2016,Newport County,Accrington,1,0,4,4,1,1,1
2016,Morecambe,Wycombe Wanderers,1,1,4,4,2,0,0
2016,Yeovil,Stevenage Borough,1,1,4,4,2,0,0
2016,Grimsby Town,Plymouth Argyle,1,1,4,4,2,0,0
2016,Newport County,Notts County,2,1,4,4,3,1,1
2016,Wycombe Wanderers,Cambridge United,1,0,4,4,1,1,1
2016,Stoke City,Arsenal,1,4,1,1,5,-3,0
1888,Accrington F.C.,Derby County,6,2,1,1,8,4,1
1888,Accrington F.C.,Wolverhampton Wanderers,4,4,1,1,8,0,0
1888,Aston Villa,Bolton Wanderers,6,2,1,1,8,4,1
1888,Aston Villa,Everton,2,1,1,1,3,1,1
1888,Blackburn Rovers,Notts County,5,2,1,1,7,3,1
1888,Blackburn Rovers,West Bromwich Albion,6,2,1,1,8,4,1
1888,Bolton Wanderers,Preston North End,2,5,1,1,7,-3,0
1888,Burnley,Blackburn Rovers,1,7,1,1,8,-6,0
1888,Burnley,Everton,2,2,1,1,4,0,0
1888,Derby County,Accrington F.C.,1,1,1,1,2,0,0
1888,Derby County,Bolton Wanderers,2,3,1,1,5,-1,0
1888,Derby County,Notts County,3,2,1,1,5,1,1
1888,Everton,Preston North End,0,2,1,1,2,-2,0
1888,Notts County,Blackburn Rovers,3,3,1,1,6,0,0
1888,Preston North End,Accrington F.C.,2,0,1,1,2,2,1
1888,Preston North End,Bolton Wanderers,3,1,1,1,4,2,1
1888,Preston North End,Everton,3,0,1,1,3,3,1
1888,Stoke City,Aston Villa,1,1,1,1,2,0,0
1888,Stoke City,Burnley,4,3,1,1,7,1,1
1888,Stoke City,Notts County,3,0,1,1,3,3,1
1888,West Bromwich Albion,Blackburn Rovers,2,1,1,1,3,1,1
1888,West Bromwich Albion,Preston North End,0,5,1,1,5,-5,0
1888,Wolverhampton Wanderers,Bolton Wanderers,3,2,1,1,5,1,1
1889,Accrington F.C.,Derby County,6,1,1,1,7,5,1
1889,Accrington F.C.,Preston North End,2,2,1,1,4,0,0
1889,Accrington F.C.,Wolverhampton Wanderers,6,3,1,1,9,3,1
1889,Blackburn Rovers,Accrington F.C.,3,2,1,1,5,1,1
1889,Blackburn Rovers,Burnley,7,1,1,1,8,6,1
1889,Blackburn Rovers,West Bromwich Albion,5,0,1,1,5,5,1
1889,Bolton Wanderers,Derby County,7,1,1,1,8,6,1
1889,Bolton Wanderers,Wolverhampton Wanderers,4,1,1,1,5,3,1
1889,Burnley,Blackburn Rovers,1,2,1,1,3,-1,0
1889,Burnley,Everton,0,1,1,1,1,-1,0
1889,Derby County,Accrington F.C.,2,3,1,1,5,-1,0
1889,Derby County,Bolton Wanderers,3,2,1,1,5,1,1
1889,Derby County,Notts County,2,0,1,1,2,2,1
1889,Everton,Aston Villa,7,0,1,1,7,7,1
1889,Everton,Burnley,2,1,1,1,3,1,1
1889,Everton,Wolverhampton Wanderers,1,1,1,1,2,0,0
1889,Notts County,Blackburn Rovers,1,1,1,1,2,0,0
1889,Notts County,Stoke City,3,1,1,1,4,2,1
1889,Preston North End,Accrington F.C.,3,1,1,1,4,2,1
1889,Preston North End,Everton,1,2,1,1,3,-1,0
1889,Preston North End,West Bromwich Albion,5,0,1,1,5,5,1
1889,Stoke City,Aston Villa,1,1,1,1,2,0,0
1889,Stoke City,Burnley,3,4,1,1,7,-1,0
1889,Stoke City,Notts County,1,1,1,1,2,0,0
1889,Stoke City,Wolverhampton Wanderers,2,1,1,1,3,1,1
1889,West Bromwich Albion,Blackburn Rovers,3,2,1,1,5,1,1
1889,West Bromwich Albion,Preston North End,2,2,1,1,4,0,0
1889,Wolverhampton Wanderers,Accrington F.C.,2,1,1,1,3,1,1
1889,Wolverhampton Wanderers,Bolton Wanderers,5,1,1,1,6,4,1
1889,Wolverhampton Wanderers,Everton,2,1,1,1,3,1,1
1889,Wolverhampton Wanderers,Stoke City,2,2,1,1,4,0,0
1890,Accrington F.C.,Derby County,4,0,1,1,4,4,1
1890,Accrington F.C.,Preston North End,1,3,1,1,4,-2,0
1890,Aston Villa,Bolton Wanderers,5,0,1,1,5,5,1
1890,Blackburn Rovers,Accrington F.C.,0,0,1,1,0,0,0
1890,Bolton Wanderers,Aston Villa,4,0,1,1,4,4,1
1890,Bolton Wanderers,Preston North End,1,0,1,1,1,1,1
1890,Bolton Wanderers,Wolverhampton Wanderers,6,0,1,1,6,6,1
1890,Burnley,Blackburn Rovers,1,6,1,1,7,-5,0
1890,Derby County,Accrington F.C.,1,2,1,1,3,-1,0
1890,Derby County,Bolton Wanderers,1,1,1,1,2,0,0
1890,Derby County,Notts County,3,1,1,1,4,2,1
1890,Everton,Aston Villa,5,0,1,1,5,5,1
1890,Notts County,Blackburn Rovers,1,2,1,1,3,-1,0
1890,Notts County,Derby County,2,1,1,1,3,1,1
1890,Notts County,Sunderland,2,1,1,1,3,1,1
1890,Sunderland,Wolverhampton Wanderers,3,4,1,1,7,-1,0
1890,West Bromwich Albion,Derby County,3,4,1,1,7,-1,0
1890,Wolverhampton Wanderers,Accrington F.C.,3,0,1,1,3,3,1
1890,Wolverhampton Wanderers,Bolton Wanderers,1,0,1,1,1,1,1
1890,Wolverhampton Wanderers,Everton,0,1,1,1,1,-1,0
1891,Accrington F.C.,Notts County,2,0,1,1,2,2,1
1891,Aston Villa,Accrington F.C.,12,2,1,1,14,10,1
1891,Aston Villa,Burnley,6,1,1,1,7,5,1
1891,Aston Villa,Everton,3,4,1,1,7,-1,0
1891,Aston Villa,Stoke City,2,1,1,1,3,1,1
1891,Blackburn Rovers,Bolton Wanderers,4,0,1,1,4,4,1
1891,Blackburn Rovers,Derby County,0,2,1,1,2,-2,0
1891,Blackburn Rovers,Preston North End,2,4,1,1,6,-2,0
1891,Bolton Wanderers,Aston Villa,1,2,1,1,3,-1,0
1891,Burnley,Wolverhampton Wanderers,1,1,1,1,2,0,0
1891,Darwen,Blackburn Rovers,3,5,1,1,8,-2,0
1891,Darwen,Derby County,2,0,1,1,2,2,1
1891,Darwen,Preston North End,0,4,1,1,4,-4,0
1891,Derby County,Burnley,0,1,1,1,1,-1,0
1891,Derby County,Notts County,3,0,1,1,3,3,1
1891,Everton,Accrington F.C.,3,0,1,1,3,3,1
1891,Everton,Bolton Wanderers,2,5,1,1,7,-3,0
1891,Everton,Stoke City,1,0,1,1,1,1,1
1891,Everton,Wolverhampton Wanderers,2,1,1,1,3,1,1
1891,Notts County,Blackburn Rovers,2,2,1,1,4,0,0
1891,Notts County,Darwen,5,0,1,1,5,5,1
1891,Notts County,Preston North End,2,0,1,1,2,2,1
1891,Notts County,West Bromwich Albion,4,0,1,1,4,4,1
1891,Preston North End,Sunderland,3,1,1,1,4,2,1
1891,Stoke City,Accrington F.C.,3,1,1,1,4,2,1
1891,Stoke City,Bolton Wanderers,0,1,1,1,1,-1,0
1891,Stoke City,Derby County,2,1,1,1,3,1,1
1891,Stoke City,Wolverhampton Wanderers,1,3,1,1,4,-2,0
1891,Sunderland,Blackburn Rovers,6,1,1,1,7,5,1
1891,Sunderland,Notts County,4,0,1,1,4,4,1
1891,Sunderland,West Bromwich Albion,4,0,1,1,4,4,1
1891,West Bromwich Albion,Aston Villa,0,3,1,1,3,-3,0
1891,West Bromwich Albion,Burnley,1,0,1,1,1,1,1
1891,West Bromwich Albion,Everton,4,0,1,1,4,4,1
1891,West Bromwich Albion,Stoke City,2,2,1,1,4,0,0
1891,Wolverhampton Wanderers,Bolton Wanderers,1,2,1,1,3,-1,0
1891,Wolverhampton Wanderers,Derby County,1,3,1,1,4,-2,0
1892,Accrington F.C.,Everton,0,3,1,1,3,-3,0
1892,Aston Villa,Everton,4,1,1,1,5,3,1
1892,Aston Villa,Notts County,3,1,1,1,4,2,1
1892,Aston Villa,Wolverhampton Wanderers,5,0,1,1,5,5,1
1892,Blackburn Rovers,Everton,2,2,1,1,4,0,0
1892,Blackburn Rovers,Notts County,1,0,1,1,1,1,1
1892,Blackburn Rovers,Stoke City,3,3,1,1,6,0,0
1892,Bolton Wanderers,Everton,4,1,1,1,5,3,1
1892,Bolton Wanderers,Wolverhampton Wanderers,3,1,1,1,4,2,1
1892,Derby County,Blackburn Rovers,3,0,1,1,3,3,1
1892,Derby County,Notts County,4,5,1,1,9,-1,0
1892,Derby County,Wolverhampton Wanderers,2,2,1,1,4,0,0
1892,Everton,Notts County,6,0,1,1,6,6,1
1892,Manchester United,Notts County,1,3,1,1,4,-2,0
1892,Manchester United,Stoke City,1,0,1,1,1,1,1
1892,Manchester United,Wolverhampton Wanderers,10,1,1,1,11,9,1
1892,Nottingham Forest,Derby County,1,0,1,1,1,1,1
1892,Nottingham Forest,Notts County,3,1,1,1,4,2,1
1892,Nottingham Forest,Wolverhampton Wanderers,3,1,1,1,4,2,1
1892,Notts County,Derby County,1,1,1,1,2,0,0
1892,Notts County,Wolverhampton Wanderers,3,0,1,1,3,3,1
1892,Preston North End,Derby County,0,1,1,1,1,-1,0
1892,Preston North End,Nottingham Forest,1,0,1,1,1,1,1
1892,Preston North End,Wolverhampton Wanderers,4,0,1,1,4,4,1
1892,Sheffield Wednesday,Blackburn Rovers,0,3,1,1,3,-3,0
1892,Sheffield Wednesday,Nottingham Forest,2,2,1,1,4,0,0
1892,Stoke City,Blackburn Rovers,2,2,1,1,4,0,0
1892,Stoke City,Derby County,1,3,1,1,4,-2,0
1892,Stoke City,Wolverhampton Wanderers,2,1,1,1,3,1,1
1892,Sunderland,Nottingham Forest,1,0,1,1,1,1,1
1892,Sunderland,Sheffield Wednesday,4,2,1,1,6,2,1
1892,Sunderland,Wolverhampton Wanderers,5,2,1,1,7,3,1
1892,West Bromwich Albion,Blackburn Rovers,1,2,1,1,3,-1,0
1892,West Bromwich Albion,Derby County,3,1,1,1,4,2,1
1892,West Bromwich Albion,Nottingham Forest,2,2,1,1,4,0,0
1892,West Bromwich Albion,Sheffield Wednesday,3,0,1,1,3,3,1
1892,Wolverhampton Wanderers,Derby County,2,1,1,1,3,1,1
1892,Wolverhampton Wanderers,Nottingham Forest,2,2,1,1,4,0,0
1892,Birmingham City,Crewe Alexandra,6,0,2,2,6,6,1
1892,Birmingham City,Lincoln City,4,1,2,2,5,3,1
1892,Birmingham City,Port Vale,5,1,2,2,6,4,1
1892,Bootle,Manchester City,5,3,2,2,8,2,1
1892,Bootle,Sheffield United,2,0,2,2,2,2,1
1892,Burton Swifts,Grimsby Town,5,1,2,2,6,4,1
1892,Burton Swifts,Northwich Victoria,2,0,2,2,2,2,1
1892,Burton Swifts,Walsall,3,2,2,2,5,1,1
1892,Darwen,Birmingham City,4,3,2,2,7,1,1
1892,Grimsby Town,Darwen,0,1,2,2,1,-1,0
1892,Grimsby Town,Northwich Victoria,2,1,2,2,3,1,1
1892,Lincoln City,Burton Swifts,5,1,2,2,6,4,1
1892,Lincoln City,Port Vale,3,4,2,2,7,-1,0
1892,Manchester City,Lincoln City,3,1,2,2,4,2,1
1892,Manchester City,Sheffield United,2,3,2,2,5,-1,0
1892,Northwich Victoria,Bootle,3,2,2,2,5,1,1
1892,Northwich Victoria,Manchester City,0,3,2,2,3,-3,0
1892,Northwich Victoria,Walsall,5,2,2,2,7,3,1
1892,Sheffield United,Lincoln City,4,2,2,2,6,2,1
1892,Walsall,Darwen,1,2,2,2,3,-1,0
1893,Aston Villa,Preston North End,2,0,1,1,2,2,1
1893,Aston Villa,Stoke City,5,1,1,1,6,4,1
1893,Aston Villa,Wolverhampton Wanderers,1,1,1,1,2,0,0
1893,Blackburn Rovers,Preston North End,1,0,1,1,1,1,1
1893,Blackburn Rovers,Stoke City,5,0,1,1,5,5,1
1893,Blackburn Rovers,Wolverhampton Wanderers,3,0,1,1,3,3,1
1893,Bolton Wanderers,Everton,0,1,1,1,1,-1,0
1893,Burnley,Bolton Wanderers,2,1,1,1,3,1,1
1893,Burnley,Everton,2,1,1,1,3,1,1
1893,Burnley,Preston North End,4,1,1,1,5,3,1
1893,Burnley,Stoke City,4,0,1,1,4,4,1
1893,Darwen,Bolton Wanderers,1,3,1,1,4,-2,0
1893,Darwen,Preston North End,2,1,1,1,3,1,1
1893,Derby County,Stoke City,5,2,1,1,7,3,1
1893,Derby County,Wolverhampton Wanderers,4,1,1,1,5,3,1
1893,Everton,Derby County,1,2,1,1,3,-1,0
1893,Everton,Stoke City,6,2,1,1,8,4,1
1893,Manchester United,Bolton Wanderers,2,2,1,1,4,0,0
1893,Manchester United,Stoke City,6,2,1,1,8,4,1
1893,Manchester United,Wolverhampton Wanderers,1,0,1,1,1,1,1
1893,Nottingham Forest,Bolton Wanderers,1,0,1,1,1,1,1
1893,Nottingham Forest,Stoke City,2,0,1,1,2,2,1
1893,Preston North End,Derby County,1,0,1,1,1,1,1
1893,Preston North End,Nottingham Forest,0,2,1,1,2,-2,0
1893,Preston North End,Stoke City,3,3,1,1,6,0,0
1893,Preston North End,Wolverhampton Wanderers,1,3,1,1,4,-2,0
1893,Sheffield United,Bolton Wanderers,4,2,1,1,6,2,1
1893,Sheffield United,Derby County,1,2,1,1,3,-1,0
1893,Sheffield United,Nottingham Forest,0,2,1,1,2,-2,0
1893,Sheffield United,Wolverhampton Wanderers,3,2,1,1,5,1,1
1893,Sheffield Wednesday,Bolton Wanderers,2,1,1,1,3,1,1
1893,Sheffield Wednesday,Derby County,4,0,1,1,4,4,1
1893,Sheffield Wednesday,Wolverhampton Wanderers,1,4,1,1,5,-3,0
1893,Stoke City,Bolton Wanderers,5,0,1,1,5,5,1
1893,Stoke City,Derby County,3,1,1,1,4,2,1
1893,Stoke City,Nottingham Forest,2,1,1,1,3,1,1
1893,Stoke City,Wolverhampton Wanderers,0,3,1,1,3,-3,0
1893,Sunderland,Nottingham Forest,2,0,1,1,2,2,1
1893,West Bromwich Albion,Derby County,0,1,1,1,1,-1,0
1893,Wolverhampton Wanderers,Derby County,2,4,1,1,6,-2,0
1893,Arsenal,Crewe Alexandra,3,2,2,2,5,1,1
1893,Arsenal,Newcastle United,2,2,2,2,4,0,0
1893,Arsenal,Port Vale,4,1,2,2,5,3,1
1893,Birmingham City,Arsenal,4,1,2,2,5,3,1
1893,Birmingham City,Grimsby Town,5,2,2,2,7,3,1
1893,Birmingham City,Manchester City,10,2,2,2,12,8,1
1893,Birmingham City,Northwich Victoria,8,0,2,2,8,8,1
1893,Birmingham City,Rotherham Town,4,3,2,2,7,1,1
1893,Burton Swifts,Birmingham City,0,2,2,2,2,-2,0
1893,Burton Swifts,Notts County,0,2,2,2,2,-2,0
1893,Crewe Alexandra,Burton Swifts,1,2,2,2,3,-1,0
1893,Crewe Alexandra,Liverpool,0,5,2,2,5,-5,0
1893,Grimsby Town,Northwich Victoria,7,0,2,2,7,7,1
1893,Lincoln City,Birmingham City,2,5,2,2,7,-3,0
1893,Lincoln City,Notts County,0,2,2,2,2,-2,0
1893,Liverpool,Burton Swifts,3,1,2,2,4,2,1
1893,Liverpool,Lincoln City,4,0,2,2,4,4,1
1893,Liverpool,Newcastle United,5,1,2,2,6,4,1
1893,Manchester City,Crewe Alexandra,1,2,2,2,3,-1,0
1893,Middlesbrough Ironopolis,Birmingham City,3,0,2,2,3,3,1
1893,Middlesbrough Ironopolis,Notts County,0,0,2,2,0,0,0
1893,Middlesbrough Ironopolis,Walsall,1,1,2,2,2,0,0
1893,Newcastle United,Middlesbrough Ironopolis,7,2,2,2,9,5,1
1893,Newcastle United,Port Vale,2,1,2,2,3,1,1
1893,Northwich Victoria,Arsenal,2,2,2,2,4,0,0
1893,Northwich Victoria,Liverpool,2,3,2,2,5,-1,0
1893,Notts County,Manchester City,5,0,2,2,5,5,1
1893,Notts County,Northwich Victoria,6,1,2,2,7,5,1
1893,Port Vale,Middlesbrough Ironopolis,4,0,2,2,4,4,1
1893,Port Vale,Notts County,1,0,2,2,1,1,1
1893,Rotherham Town,Arsenal,1,1,2,2,2,0,0
1893,Rotherham Town,Liverpool,1,4,2,2,5,-3,0
1893,Walsall,Birmingham City,1,3,2,2,4,-2,0
1894,Aston Villa,Bolton Wanderers,2,1,1,1,3,1,1
1894,Aston Villa,Preston North End,4,1,1,1,5,3,1
1894,Aston Villa,Stoke City,6,0,1,1,6,6,1
1894,Birmingham City,Preston North End,4,4,1,1,8,0,0
1894,Birmingham City,Stoke City,4,2,1,1,6,2,1
1894,Blackburn Rovers,Bolton Wanderers,2,1,1,1,3,1,1
1894,Blackburn Rovers,Everton,4,3,1,1,7,1,1
1894,Blackburn Rovers,Stoke City,6,0,1,1,6,6,1
1894,Bolton Wanderers,Blackburn Rovers,1,3,1,1,4,-2,0
1894,Burnley,Blackburn Rovers,2,1,1,1,3,1,1
1894,Burnley,Everton,2,4,1,1,6,-2,0
1894,Burnley,Preston North End,2,1,1,1,3,1,1
1894,Burnley,Stoke City,1,2,1,1,3,-1,0
1894,Derby County,Preston North End,2,1,1,1,3,1,1
1894,Derby County,Stoke City,1,1,1,1,2,0,0
1894,Everton,Derby County,2,3,1,1,5,-1,0
1894,Everton,Preston North End,4,2,1,1,6,2,1
1894,Everton,Stoke City,3,0,1,1,3,3,1
1894,Liverpool,Derby County,5,1,1,1,6,4,1
1894,Liverpool,Stoke City,2,0,1,1,2,2,1
1894,Nottingham Forest,Blackburn Rovers,2,3,1,1,5,-1,0
1894,Preston North End,Blackburn Rovers,1,1,1,1,2,0,0
1894,Preston North End,Wolverhampton Wanderers,2,0,1,1,2,2,1
1894,Sheffield United,Blackburn Rovers,3,0,1,1,3,3,1
1894,Sheffield United,Derby County,1,4,1,1,5,-3,0
1894,Sheffield United,Stoke City,3,0,1,1,3,3,1
1894,Sheffield United,Wolverhampton Wanderers,1,0,1,1,1,1,1
1894,Stoke City,Derby County,4,1,1,1,5,3,1
1894,Stoke City,Nottingham Forest,0,3,1,1,3,-3,0
1894,Stoke City,Sheffield Wednesday,0,2,1,1,2,-2,0
1894,Stoke City,Wolverhampton Wanderers,0,0,1,1,0,0,0
1894,Sunderland,Derby County,8,0,1,1,8,8,1
1894,Sunderland,Sheffield Wednesday,3,1,1,1,4,2,1
1894,Sunderland,Wolverhampton Wanderers,2,0,1,1,2,2,1
1894,West Bromwich Albion,Blackburn Rovers,2,0,1,1,2,2,1
1894,West Bromwich Albion,Derby County,2,2,1,1,4,0,0
1894,West Bromwich Albion,Nottingham Forest,1,0,1,1,1,1,1
1894,West Bromwich Albion,Wolverhampton Wanderers,5,1,1,1,6,4,1
1894,Wolverhampton Wanderers,Blackburn Rovers,3,3,1,1,6,0,0
1894,Wolverhampton Wanderers,Nottingham Forest,1,1,1,1,2,0,0
1894,Wolverhampton Wanderers,Sheffield Wednesday,2,0,1,1,2,2,1
1894,Wolverhampton Wanderers,West Bromwich Albion,3,1,1,1,4,2,1
1894,Arsenal,Bury,4,2,2,2,6,2,1
1894,Arsenal,Notts County,2,1,2,2,3,1,1
1894,Burton Swifts,Bury,0,1,2,2,1,-1,0
1894,Burton Swifts,Notts County,2,2,2,2,4,0,0
1894,Burton Wanderers,Bury,1,2,2,2,3,-1,0
1894,Burton Wanderers,Grimsby Town,0,0,2,2,0,0,0
1894,Bury,Grimsby Town,5,1,2,2,6,4,1
1894,Bury,Notts County,2,1,2,2,3,1,1
1894,Bury,Walsall,4,1,2,2,5,3,1
1894,Crewe Alexandra,Grimsby Town,2,1,2,2,3,1,1
1894,Darwen,Grimsby Town,4,1,2,2,5,3,1
1894,Darwen,Manchester City,4,0,2,2,4,4,1
1894,Darwen,Notts County,2,1,2,2,3,1,1
1894,Darwen,Walsall,2,0,2,2,2,2,1
1894,Grimsby Town,Burton Wanderers,7,2,2,2,9,5,1
1894,Grimsby Town,Darwen,2,1,2,2,3,1,1
1894,Grimsby Town,Manchester City,2,1,2,2,3,1,1
1894,Grimsby Town,Notts County,0,1,2,2,1,-1,0
1894,Grimsby Town,Walsall,1,0,2,2,1,1,1
1894,Leicester City,Burton Wanderers,1,2,2,2,3,-1,0
1894,Leicester City,Notts County,5,1,2,2,6,4,1
1894,Lincoln City,Burton Wanderers,0,2,2,2,2,-2,0
1894,Lincoln City,Notts County,1,3,2,2,4,-2,0
1894,Lincoln City,Walsall,1,0,2,2,1,1,1
1894,Manchester City,Burton Wanderers,1,1,2,2,2,0,0
1894,Manchester City,Darwen,2,4,2,2,6,-2,0
1894,Manchester United,Burton Wanderers,1,1,2,2,2,0,0
1894,Manchester United,Darwen,1,1,2,2,2,0,0
1894,Manchester United,Lincoln City,3,0,2,2,3,3,1
1894,Manchester United,Notts County,3,3,2,2,6,0,0
1894,Newcastle United,Burton Wanderers,3,1,2,2,4,2,1
1894,Newcastle United,Darwen,3,2,2,2,5,1,1
1894,Newcastle United,Notts County,2,2,2,2,4,0,0
1894,Notts County,Burton Wanderers,2,0,2,2,2,2,1
1894,Notts County,Newcastle United,2,1,2,2,3,1,1
1894,Notts County,Walsall,5,0,2,2,5,5,1
1894,Port Vale,Burton Wanderers,1,0,2,2,1,1,1
1894,Port Vale,Walsall,1,0,2,2,1,1,1
1894,Rotherham Town,Darwen,4,1,2,2,5,3,1
1894,Rotherham Town,Newcastle United,1,0,2,2,1,1,1
1894,Walsall,Rotherham Town,1,2,2,2,3,-1,0
1895,Aston Villa,Bolton Wanderers,2,0,1,1,2,2,1
1895,Aston Villa,Derby County,4,1,1,1,5,3,1
1895,Aston Villa,Preston North End,1,0,1,1,1,1,1
1895,Aston Villa,Stoke City,5,2,1,1,7,3,1
1895,Aston Villa,Wolverhampton Wanderers,4,1,1,1,5,3,1
1895,Blackburn Rovers,Bolton Wanderers,3,2,1,1,5,1,1
1895,Blackburn Rovers,Derby County,0,2,1,1,2,-2,0
1895,Blackburn Rovers,Preston North End,3,0,1,1,3,3,1
1895,Blackburn Rovers,Stoke City,3,1,1,1,4,2,1
1895,Bolton Wanderers,Blackburn Rovers,1,1,1,1,2,0,0
1895,Bolton Wanderers,Derby County,2,1,1,1,3,1,1
1895,Bolton Wanderers,Preston North End,1,0,1,1,1,1,1
1895,Bolton Wanderers,Stoke City,3,1,1,1,4,2,1
1895,Bolton Wanderers,Wolverhampton Wanderers,4,0,1,1,4,4,1
1895,Burnley,Derby County,2,2,1,1,4,0,0
1895,Bury,Derby County,1,2,1,1,3,-1,0
1895,Bury,Preston North End,1,2,1,1,3,-1,0
1895,Bury,Stoke City,0,1,1,1,1,-1,0
1895,Derby County,Bury,2,1,1,1,3,1,1
1895,Everton,Blackburn Rovers,0,2,1,1,2,-2,0
1895,Everton,Stoke City,7,2,1,1,9,5,1
1895,Nottingham Forest,Blackburn Rovers,4,2,1,1,6,2,1
1895,Preston North End,Bury,1,1,1,1,2,0,0
1895,Preston North End,Wolverhampton Wanderers,4,3,1,1,7,1,1
1895,Sheffield United,Nottingham Forest,2,1,1,1,3,1,1
1895,Sheffield United,Stoke City,1,0,1,1,1,1,1
1895,Sheffield Wednesday,Blackburn Rovers,3,0,1,1,3,3,1
1895,Sheffield Wednesday,Nottingham Forest,3,0,1,1,3,3,1
1895,Stoke City,Blackburn Rovers,3,0,1,1,3,3,1
1895,Stoke City,Bury,0,2,1,1,2,-2,0
1895,Stoke City,Nottingham Forest,1,0,1,1,1,1,1
1895,Stoke City,Sheffield Wednesday,5,0,1,1,5,5,1
1895,Sunderland,Blackburn Rovers,2,1,1,1,3,1,1
1895,Sunderland,Bury,0,0,1,1,0,0,0
1895,Sunderland,Nottingham Forest,1,1,1,1,2,0,0
1895,West Bromwich Albion,Bury,1,3,1,1,4,-2,0
1895,West Bromwich Albion,Nottingham Forest,3,1,1,1,4,2,1
1895,West Bromwich Albion,Sheffield Wednesday,2,3,1,1,5,-1,0
1895,West Bromwich Albion,Wolverhampton Wanderers,2,1,1,1,3,1,1
1895,Wolverhampton Wanderers,Blackburn Rovers,1,2,1,1,3,-1,0
1895,Wolverhampton Wanderers,Nottingham Forest,6,1,1,1,7,5,1
1895,Wolverhampton Wanderers,Sheffield Wednesday,4,0,1,1,4,4,1
1895,Arsenal,Crewe Alexandra,7,0,2,2,7,7,1
1895,Arsenal,Leicester City,1,1,2,2,2,0,0
1895,Burton Swifts,Leicester City,0,2,2,2,2,-2,0
1895,Burton Swifts,Loughborough,1,2,2,2,3,-1,0
1895,Burton Swifts,Newcastle United,3,1,2,2,4,2,1
1895,Burton Wanderers,Crewe Alexandra,4,0,2,2,4,4,1
1895,Burton Wanderers,Leicester City,0,0,2,2,0,0,0
1895,Burton Wanderers,Loughborough,4,0,2,2,4,4,1
1895,Burton Wanderers,Newcastle United,0,3,2,2,3,-3,0
1895,Crewe Alexandra,Burton Wanderers,0,1,2,2,1,-1,0
1895,Crewe Alexandra,Leicester City,1,1,2,2,2,0,0
1895,Crewe Alexandra,Rotherham Town,3,2,2,2,5,1,1
1895,Darwen,Loughborough,1,1,2,2,2,0,0
1895,Grimsby Town,Burton Wanderers,2,1,2,2,3,1,1
1895,Grimsby Town,Loughborough,2,0,2,2,2,2,1
1895,Grimsby Town,Rotherham Town,4,0,2,2,4,4,1
1895,Leicester City,Burton Wanderers,1,3,2,2,4,-2,0
1895,Leicester City,Grimsby Town,1,2,2,2,3,-1,0
1895,Leicester City,Newcastle United,2,0,2,2,2,2,1
1895,Leicester City,Rotherham Town,8,0,2,2,8,8,1
1895,Lincoln City,Newcastle United,4,0,2,2,4,4,1
1895,Liverpool,Burton Wanderers,4,1,2,2,5,3,1
1895,Liverpool,Loughborough,1,0,2,2,1,1,1
1895,Liverpool,Newcastle United,5,1,2,2,6,4,1
1895,Liverpool,Rotherham Town,10,1,2,2,11,9,1
1895,Loughborough,Grimsby Town,0,1,2,2,1,-1,0
1895,Loughborough,Liverpool,2,4,2,2,6,-2,0
1895,Manchester City,Burton Wanderers,1,1,2,2,2,0,0
1895,Manchester City,Grimsby Town,2,1,2,2,3,1,1
1895,Manchester City,Rotherham Town,2,0,2,2,2,2,1
1895,Manchester United,Burton Wanderers,1,2,2,2,3,-1,0
1895,Manchester United,Grimsby Town,3,2,2,2,5,1,1
1895,Manchester United,Liverpool,5,2,2,2,7,3,1
1895,Manchester United,Newcastle United,2,1,2,2,3,1,1
1895,Newcastle United,Burton Wanderers,4,0,2,2,4,4,1
1895,Newcastle United,Grimsby Town,1,5,2,2,6,-4,0
1895,Notts County,Burton Wanderers,1,4,2,2,5,-3,0
1895,Notts County,Rotherham Town,0,0,2,2,0,0,0
1895,Port Vale,Burton Wanderers,2,2,2,2,4,0,0
1895,Port Vale,Grimsby Town,1,4,2,2,5,-3,0
1895,Port Vale,Manchester United,3,0,2,2,3,3,1
1895,Port Vale,Rotherham Town,4,0,2,2,4,4,1
1895,Rotherham Town,Burton Wanderers,1,6,2,2,7,-5,0
1895,Rotherham Town,Grimsby Town,1,0,2,2,1,1,1
1895,Rotherham Town,Liverpool,0,5,2,2,5,-5,0
1895,Rotherham Town,Port Vale,0,2,2,2,2,-2,0
1896,Aston Villa,Everton,1,2,1,1,3,-1,0
1896,Aston Villa,Preston North End,3,1,1,1,4,2,1
1896,Aston Villa,Stoke City,2,1,1,1,3,1,1
1896,Aston Villa,Wolverhampton Wanderers,5,0,1,1,5,5,1
1896,Blackburn Rovers,Burnley,3,2,1,1,5,1,1
1896,Blackburn Rovers,Preston North End,0,4,1,1,4,-4,0
1896,Blackburn Rovers,Stoke City,2,1,1,1,3,1,1
1896,Blackburn Rovers,Wolverhampton Wanderers,2,0,1,1,2,2,1
1896,Bolton Wanderers,Burnley,2,1,1,1,3,1,1
1896,Bolton Wanderers,Everton,2,0,1,1,2,2,1
1896,Burnley,Bolton Wanderers,0,2,1,1,2,-2,0
1896,Burnley,Everton,2,1,1,1,3,1,1
1896,Burnley,Stoke City,1,3,1,1,4,-2,0
1896,Burnley,Wolverhampton Wanderers,0,3,1,1,3,-3,0
1896,Bury,Bolton Wanderers,2,2,1,1,4,0,0
1896,Bury,Everton,3,1,1,1,4,2,1
1896,Bury,Preston North End,0,0,1,1,0,0,0
1896,Bury,Stoke City,4,2,1,1,6,2,1
1896,Bury,Wolverhampton Wanderers,3,2,1,1,5,1,1
1896,Derby County,Stoke City,5,1,1,1,6,4,1
1896,Everton,Derby County,5,2,1,1,7,3,1
1896,Everton,Wolverhampton Wanderers,0,0,1,1,0,0,0
1896,Liverpool,Derby County,2,0,1,1,2,2,1
1896,Nottingham Forest,Preston North End,0,0,1,1,0,0,0
1896,Preston North End,Bolton Wanderers,2,3,1,1,5,-1,0
1896,Preston North End,Derby County,0,2,1,1,2,-2,0
1896,Preston North End,Nottingham Forest,3,2,1,1,5,1,1
1896,Sheffield United,Bolton Wanderers,1,0,1,1,1,1,1
1896,Sheffield United,Derby County,2,2,1,1,4,0,0
1896,Sheffield United,Nottingham Forest,0,3,1,1,3,-3,0
1896,Sheffield United,Stoke City,1,0,1,1,1,1,1
1896,Sheffield United,Wolverhampton Wanderers,1,3,1,1,4,-2,0
1896,Sheffield Wednesday,Derby County,2,0,1,1,2,2,1
1896,Sheffield Wednesday,Nottingham Forest,3,0,1,1,3,3,1
1896,Stoke City,Bolton Wanderers,2,3,1,1,5,-1,0
1896,Stoke City,Derby County,2,2,1,1,4,0,0
1896,Stoke City,Sheffield Wednesday,0,0,1,1,0,0,0
1896,Sunderland,Derby County,1,2,1,1,3,-1,0
1896,Sunderland,Nottingham Forest,2,2,1,1,4,0,0
1896,West Bromwich Albion,Wolverhampton Wanderers,1,0,1,1,1,1,1
1896,Wolverhampton Wanderers,Derby County,1,0,1,1,1,1,1
1896,Arsenal,Burton Swifts,3,0,2,2,3,3,1
1896,Arsenal,Gainsborough Trinity,6,1,2,2,7,5,1
1896,Arsenal,Lincoln City,6,2,2,2,8,4,1
1896,Arsenal,Manchester United,0,2,2,2,2,-2,0
1896,Arsenal,Walsall,1,1,2,2,2,0,0
1896,Birmingham City,Burton Swifts,1,2,2,2,3,-1,0
1896,Birmingham City,Lincoln City,1,2,2,2,3,-1,0
1896,Birmingham City,Manchester United,1,0,2,2,1,1,1
1896,Blackpool,Gainsborough Trinity,1,1,2,2,2,0,0
1896,Blackpool,Lincoln City,3,1,2,2,4,2,1
1896,Blackpool,Manchester United,4,2,2,2,6,2,1
1896,Burton Swifts,Blackpool,2,2,2,2,4,0,0
1896,Burton Swifts,Gainsborough Trinity,4,0,2,2,4,4,1
1896,Burton Swifts,Lincoln City,4,0,2,2,4,4,1
1896,Burton Wanderers,Blackpool,3,1,2,2,4,2,1
1896,Burton Wanderers,Gainsborough Trinity,3,2,2,2,5,1,1
1896,Burton Wanderers,Lincoln City,2,0,2,2,2,2,1
1896,Burton Wanderers,Manchester United,1,2,2,2,3,-1,0
1896,Darwen,Walsall,12,0,2,2,12,12,1
1896,Gainsborough Trinity,Blackpool,2,0,2,2,2,2,1
1896,Gainsborough Trinity,Walsall,2,0,2,2,2,2,1
1896,Grimsby Town,Blackpool,2,2,2,2,4,0,0
1896,Leicester City,Darwen,4,1,2,2,5,3,1
1896,Leicester City,Manchester United,1,0,2,2,1,1,1
1896,Leicester City,Walsall,4,2,2,2,6,2,1
1896,Lincoln City,Blackpool,3,1,2,2,4,2,1
1896,Lincoln City,Walsall,2,1,2,2,3,1,1
1896,Loughborough,Blackpool,4,1,2,2,5,3,1
1896,Loughborough,Manchester United,2,0,2,2,2,2,1
1896,Loughborough,Walsall,1,2,2,2,3,-1,0
1896,Manchester City,Blackpool,4,2,2,2,6,2,1
1896,Manchester City,Darwen,4,1,2,2,5,3,1
1896,Manchester City,Leicester City,4,0,2,2,4,4,1
1896,Manchester United,Blackpool,2,0,2,2,2,2,1
1896,Newcastle United,Darwen,5,1,2,2,6,4,1
1896,Newcastle United,Walsall,2,0,2,2,2,2,1
1896,Notts County,Blackpool,3,1,2,2,4,2,1
1896,Notts County,Leicester City,6,0,2,2,6,6,1
1896,Walsall,Blackpool,2,0,2,2,2,2,1
1896,Walsall,Leicester City,1,1,2,2,2,0,0
1896,Walsall,Manchester City,3,2,2,2,5,1,1
1896,Walsall,Notts County,1,3,2,2,4,-2,0
1897,Aston Villa,Bury,3,1,1,1,4,2,1
1897,Aston Villa,Liverpool,3,1,1,1,4,2,1
1897,Blackburn Rovers,Bury,1,1,1,1,2,0,0
1897,Blackburn Rovers,Preston North End,1,0,1,1,1,1,1
1897,Blackburn Rovers,Stoke City,1,1,1,1,2,0,0
1897,Blackburn Rovers,Wolverhampton Wanderers,2,3,1,1,5,-1,0
1897,Bolton Wanderers,Bury,0,0,1,1,0,0,0
1897,Bolton Wanderers,Stoke City,2,1,1,1,3,1,1
1897,Bury,Bolton Wanderers,2,1,1,1,3,1,1
1897,Bury,Liverpool,0,2,1,1,2,-2,0
1897,Bury,Preston North End,1,0,1,1,1,1,1
1897,Bury,Stoke City,3,3,1,1,6,0,0
1897,Bury,Wolverhampton Wanderers,2,1,1,1,3,1,1
1897,Everton,Liverpool,3,0,1,1,3,3,1
1897,Everton,Preston North End,1,1,1,1,2,0,0
1897,Everton,Stoke City,1,1,1,1,2,0,0
1897,Everton,Wolverhampton Wanderers,3,0,1,1,3,3,1
1897,Liverpool,Preston North End,0,0,1,1,0,0,0
1897,Nottingham Forest,Everton,2,2,1,1,4,0,0
1897,Nottingham Forest,Wolverhampton Wanderers,1,1,1,1,2,0,0
1897,Notts County,Bolton Wanderers,1,2,1,1,3,-1,0
1897,Notts County,Everton,3,2,1,1,5,1,1
1897,Notts County,Stoke City,4,0,1,1,4,4,1
1897,Notts County,Wolverhampton Wanderers,2,2,1,1,4,0,0
1897,Preston North End,Everton,1,1,1,1,2,0,0
1897,Preston North End,Notts County,3,1,1,1,4,2,1
1897,Preston North End,Stoke City,0,0,1,1,0,0,0
1897,Sheffield United,Everton,0,0,1,1,0,0,0
1897,Sheffield United,Notts County,0,1,1,1,1,-1,0
1897,Sheffield United,Stoke City,4,3,1,1,7,1,1
1897,Sheffield United,Wolverhampton Wanderers,2,1,1,1,3,1,1
1897,Sheffield Wednesday,Everton,2,1,1,1,3,1,1
1897,Sheffield Wednesday,Notts County,3,1,1,1,4,2,1
1897,Sheffield Wednesday,Stoke City,4,0,1,1,4,4,1
1897,Sheffield Wednesday,Wolverhampton Wanderers,2,0,1,1,2,2,1
1897,Stoke City,Bolton Wanderers,2,0,1,1,2,2,1
1897,Stoke City,Everton,2,0,1,1,2,2,1
1897,Stoke City,Notts County,2,0,1,1,2,2,1
1897,Stoke City,Sheffield Wednesday,2,1,1,1,3,1,1
1897,Stoke City,Wolverhampton Wanderers,0,2,1,1,2,-2,0
1897,Sunderland,Sheffield Wednesday,1,0,1,1,1,1,1
1897,West Bromwich Albion,Everton,2,2,1,1,4,0,0
1897,West Bromwich Albion,Sheffield Wednesday,0,2,1,1,2,-2,0
1897,Wolverhampton Wanderers,Everton,2,3,1,1,5,-1,0
1897,Wolverhampton Wanderers,Notts County,3,1,1,1,4,2,1
1897,Wolverhampton Wanderers,Sheffield Wednesday,5,0,1,1,5,5,1
1897,Wolverhampton Wanderers,West Bromwich Albion,1,1,1,1,2,0,0
1897,Arsenal,Lincoln City,2,2,2,2,4,0,0
1897,Birmingham City,Lincoln City,4,0,2,2,4,4,1
1897,Birmingham City,Manchester City,0,1,2,2,1,-1,0
1897,Birmingham City,Walsall,6,0,2,2,6,6,1
1897,Blackpool,Lincoln City,5,0,2,2,5,5,1
1897,Blackpool,Manchester City,0,2,2,2,2,-2,0
1897,Blackpool,Walsall,1,1,2,2,2,0,0
1897,Burnley,Manchester City,3,1,2,2,4,2,1
1897,Burton Swifts,Blackpool,2,1,2,2,3,1,1
1897,Burton Swifts,Gainsborough Trinity,1,1,2,2,2,0,0
1897,Burton Swifts,Lincoln City,1,1,2,2,2,0,0
1897,Burton Swifts,Manchester City,0,0,2,2,0,0,0
1897,Darwen,Gainsborough Trinity,2,4,2,2,6,-2,0
1897,Darwen,Walsall,1,2,2,2,3,-1,0
1897,Gainsborough Trinity,Blackpool,4,1,2,2,5,3,1
1897,Gainsborough Trinity,Lincoln City,4,0,2,2,4,4,1
1897,Gainsborough Trinity,Walsall,1,1,2,2,2,0,0
1897,Grimsby Town,Blackpool,3,0,2,2,3,3,1
1897,Grimsby Town,Darwen,5,0,2,2,5,5,1
1897,Grimsby Town,Lincoln City,4,2,2,2,6,2,1
1897,Grimsby Town,Manchester City,3,4,2,2,7,-1,0
1897,Grimsby Town,Walsall,1,2,2,2,3,-1,0
1897,Leicester City,Walsall,3,1,2,2,4,2,1
1897,Lincoln City,Blackpool,3,2,2,2,5,1,1
1897,Lincoln City,Leicester City,1,4,2,2,5,-3,0
1897,Lincoln City,Walsall,0,2,2,2,2,-2,0
1897,Loughborough,Leicester City,1,1,2,2,2,0,0
1897,Loughborough,Walsall,2,1,2,2,3,1,1
1897,Luton Town,Walsall,6,0,2,2,6,6,1
1897,Manchester City,Darwen,5,0,2,2,5,5,1
1897,Manchester City,Leicester City,2,1,2,2,3,1,1
1897,Manchester City,Luton Town,2,1,2,2,3,1,1
1897,Manchester United,Luton Town,1,2,2,2,3,-1,0
1897,Newcastle United,Blackpool,2,0,2,2,2,2,1
1897,Newcastle United,Leicester City,4,2,2,2,6,2,1
1897,Newcastle United,Luton Town,4,1,2,2,5,3,1
1897,Newcastle United,Walsall,2,1,2,2,3,1,1
1897,Walsall,Darwen,5,0,2,2,5,5,1
1897,Walsall,Newcastle United,2,3,2,2,5,-1,0
1898,Aston Villa,Burnley,4,0,1,1,4,4,1
1898,Aston Villa,Everton,3,0,1,1,3,3,1
1898,Aston Villa,Nottingham Forest,3,0,1,1,3,3,1
1898,Aston Villa,Sheffield United,1,1,1,1,2,0,0
1898,Aston Villa,Sunderland,2,0,1,1,2,2,1
1898,Blackburn Rovers,Aston Villa,0,0,1,1,0,0,0
1898,Blackburn Rovers,Liverpool,1,3,1,1,4,-2,0
1898,Blackburn Rovers,Sheffield Wednesday,2,0,1,1,2,2,1
1898,Burnley,Bolton Wanderers,2,0,1,1,2,2,1
1898,Burnley,Sunderland,1,0,1,1,1,1,1
1898,Bury,Liverpool,3,0,1,1,3,3,1
1898,Derby County,Blackburn Rovers,0,0,1,1,0,0,0
1898,Derby County,Bury,1,2,1,1,3,-1,0
1898,Derby County,Newcastle United,3,1,1,1,4,2,1
1898,Derby County,Preston North End,1,0,1,1,1,1,1
1898,Derby County,Stoke City,1,1,1,1,2,0,0
1898,Derby County,Wolverhampton Wanderers,6,2,1,1,8,4,1
1898,Everton,Bolton Wanderers,1,0,1,1,1,1,1
1898,Everton,Nottingham Forest,1,3,1,1,4,-2,0
1898,Liverpool,Everton,2,0,1,1,2,2,1
1898,Liverpool,Notts County,0,0,1,1,0,0,0
1898,Liverpool,West Bromwich Albion,2,2,1,1,4,0,0
1898,Newcastle United,Bury,2,0,1,1,2,2,1
1898,Newcastle United,Liverpool,3,0,1,1,3,3,1
1898,Newcastle United,Preston North End,2,1,1,1,3,1,1
1898,Newcastle United,Stoke City,3,0,1,1,3,3,1
1898,Newcastle United,Wolverhampton Wanderers,2,4,1,1,6,-2,0
1898,Nottingham Forest,Bolton Wanderers,1,2,1,1,3,-1,0
1898,Nottingham Forest,Derby County,3,3,1,1,6,0,0
1898,Nottingham Forest,Newcastle United,2,0,1,1,2,2,1
1898,Notts County,Burnley,2,2,1,1,4,0,0
1898,Preston North End,Liverpool,1,2,1,1,3,-1,0
1898,Preston North End,Stoke City,4,2,1,1,6,2,1
1898,Preston North End,Wolverhampton Wanderers,2,1,1,1,3,1,1
1898,Sheffield United,Derby County,2,1,1,1,3,1,1
1898,Sheffield United,Newcastle United,2,2,1,1,4,0,0
1898,Sheffield United,Sunderland,2,0,1,1,2,2,1
1898,Sheffield Wednesday,Burnley,1,0,1,1,1,1,1
1898,Sheffield Wednesday,Everton,1,2,1,1,3,-1,0
1898,Sheffield Wednesday,Nottingham Forest,2,1,1,1,3,1,1
1898,Stoke City,Notts County,1,1,1,1,2,0,0
1898,Stoke City,Wolverhampton Wanderers,2,4,1,1,6,-2,0
1898,Sunderland,Derby County,1,0,1,1,1,1,1
1898,Sunderland,Stoke City,2,0,1,1,2,2,1
1898,West Bromwich Albion,Burnley,0,1,1,1,1,-1,0
1898,West Bromwich Albion,Nottingham Forest,2,0,1,1,2,2,1
1898,Wolverhampton Wanderers,Blackburn Rovers,2,1,1,1,3,1,1
1898,Arsenal,Gainsborough Trinity,5,1,2,2,6,4,1
1898,Arsenal,Luton Town,6,2,2,2,8,4,1
1898,Arsenal,New Brighton Tower,4,0,2,2,4,4,1
1898,Barnsley,Arsenal,2,1,2,2,3,1,1
1898,Barnsley,Burton Swifts,2,0,2,2,2,2,1
1898,Barnsley,Lincoln City,1,0,2,2,1,1,1
1898,Barnsley,Manchester City,1,1,2,2,2,0,0
1898,Barnsley,Port Vale,2,1,2,2,3,1,1
1898,Birmingham City,Barnsley,3,1,2,2,4,2,1
1898,Birmingham City,Loughborough,6,0,2,2,6,6,1
1898,Birmingham City,Walsall,2,1,2,2,3,1,1
1898,Blackpool,Birmingham City,1,1,2,2,2,0,0
1898,Blackpool,Gainsborough Trinity,4,0,2,2,4,4,1
1898,Blackpool,Leicester City,2,2,2,2,4,0,0
1898,Blackpool,Luton Town,2,3,2,2,5,-1,0
1898,Burton Swifts,Arsenal,1,2,2,2,3,-1,0
1898,Burton Swifts,Glossop North End,1,2,2,2,3,-1,0
1898,Burton Swifts,Lincoln City,2,1,2,2,3,1,1
1898,Burton Swifts,Port Vale,2,0,2,2,2,2,1
1898,Darwen,Barnsley,1,1,2,2,2,0,0
1898,Darwen,Burton Swifts,0,2,2,2,2,-2,0
1898,Darwen,Grimsby Town,0,2,2,2,2,-2,0
1898,Darwen,Manchester United,1,1,2,2,2,0,0
1898,Darwen,Walsall,1,1,2,2,2,0,0
1898,Gainsborough Trinity,Birmingham City,1,1,2,2,2,0,0
1898,Gainsborough Trinity,Leicester City,4,0,2,2,4,4,1
1898,Gainsborough Trinity,Luton Town,2,3,2,2,5,-1,0
1898,Glossop North End,Arsenal,2,0,2,2,2,2,1
1898,Glossop North End,Manchester City,1,2,2,2,3,-1,0
1898,Grimsby Town,Barnsley,0,1,2,2,1,-1,0
1898,Grimsby Town,Burton Swifts,1,3,2,2,4,-2,0
1898,Grimsby Town,Glossop North End,1,1,2,2,2,0,0
1898,Grimsby Town,Walsall,2,1,2,2,3,1,1
1898,Leicester City,Birmingham City,0,0,2,2,0,0,0
1898,Leicester City,Darwen,4,0,2,2,4,4,1
1898,Leicester City,Luton Town,1,1,2,2,2,0,0
1898,Leicester City,New Brighton Tower,4,1,2,2,5,3,1
1898,Lincoln City,Arsenal,2,0,2,2,2,2,1
1898,Lincoln City,Manchester City,3,1,2,2,4,2,1
1898,Lincoln City,Port Vale,1,0,2,2,1,1,1
1898,Loughborough,Barnsley,2,0,2,2,2,2,1
1898,Loughborough,Burton Swifts,1,0,2,2,1,1,1
1898,Loughborough,Glossop North End,1,3,2,2,4,-2,0
1898,Loughborough,Lincoln City,2,4,2,2,6,-2,0
1898,Loughborough,Walsall,1,1,2,2,2,0,0
1898,Luton Town,Darwen,8,1,2,2,9,7,1
1898,Luton Town,Grimsby Town,3,1,2,2,4,2,1
1898,Luton Town,Loughborough,2,2,2,2,4,0,0
1898,Luton Town,New Brighton Tower,2,3,2,2,5,-1,0
1898,Manchester City,Arsenal,3,1,2,2,4,2,1
1898,Manchester City,Gainsborough Trinity,4,0,2,2,4,4,1
1898,Manchester City,Luton Town,2,0,2,2,2,2,1
1898,Manchester City,Port Vale,3,1,2,2,4,2,1
1898,Manchester United,Burton Swifts,2,2,2,2,4,0,0
1898,Manchester United,Manchester City,3,0,2,2,3,3,1
1898,New Brighton Tower,Grimsby Town,2,0,2,2,2,2,1
1898,New Brighton Tower,Loughborough,3,0,2,2,3,3,1
1898,New Brighton Tower,Manchester United,0,3,2,2,3,-3,0
1898,Port Vale,Gainsborough Trinity,2,1,2,2,3,1,1
1898,Port Vale,Leicester City,0,2,2,2,2,-2,0
1898,Port Vale,Luton Town,4,1,2,2,5,3,1
1898,Walsall,Burton Swifts,7,1,2,2,8,6,1
1898,Walsall,Glossop North End,2,0,2,2,2,2,1
1898,Walsall,Lincoln City,3,2,2,2,5,1,1
1898,Walsall,Manchester City,1,1,2,2,2,0,0
1899,Aston Villa,Preston North End,3,1,1,1,4,2,1
1899,Aston Villa,Sunderland,4,2,1,1,6,2,1
1899,Blackburn Rovers,Aston Villa,0,4,1,1,4,-4,0
1899,Blackburn Rovers,Derby County,2,0,1,1,2,2,1
1899,Blackburn Rovers,Nottingham Forest,2,1,1,1,3,1,1
1899,Blackburn Rovers,Sheffield United,3,3,1,1,6,0,0
1899,Blackburn Rovers,West Bromwich Albion,2,0,1,1,2,2,1
1899,Burnley,Blackburn Rovers,1,0,1,1,1,1,1
1899,Burnley,Everton,3,1,1,1,4,2,1
1899,Burnley,Manchester City,2,0,1,1,2,2,1
1899,Burnley,Notts County,3,0,1,1,3,3,1
1899,Burnley,Wolverhampton Wanderers,0,1,1,1,1,-1,0
1899,Bury,Newcastle United,2,1,1,1,3,1,1
1899,Bury,Preston North End,2,0,1,1,2,2,1
1899,Bury,Sunderland,2,0,1,1,2,2,1
1899,Derby County,Sheffield United,0,1,1,1,1,-1,0
1899,Everton,Blackburn Rovers,0,0,1,1,0,0,0
1899,Everton,Stoke City,2,0,1,1,2,2,1
1899,Everton,Wolverhampton Wanderers,0,1,1,1,1,-1,0
1899,Glossop North End,Sunderland,0,2,1,1,2,-2,0
1899,Liverpool,Aston Villa,3,3,1,1,6,0,0
1899,Liverpool,Glossop North End,5,2,1,1,7,3,1
1899,Liverpool,Nottingham Forest,1,0,1,1,1,1,1
1899,Manchester City,Derby County,4,0,1,1,4,4,1
1899,Manchester City,Notts County,5,1,1,1,6,4,1
1899,Manchester City,Stoke City,1,0,1,1,1,1,1
1899,Manchester City,Wolverhampton Wanderers,1,1,1,1,2,0,0
1899,Newcastle United,Preston North End,0,0,1,1,0,0,0
1899,Nottingham Forest,Glossop North End,5,0,1,1,5,5,1
1899,Nottingham Forest,Newcastle United,1,0,1,1,1,1,1
1899,Nottingham Forest,Sheffield United,4,0,1,1,4,4,1
1899,Notts County,Blackburn Rovers,5,1,1,1,6,4,1
1899,Notts County,Stoke City,1,3,1,1,4,-2,0
1899,Preston North End,Manchester City,0,2,1,1,2,-2,0
1899,Preston North End,Notts County,4,3,1,1,7,1,1
1899,Sheffield United,Glossop North End,4,0,1,1,4,4,1
1899,Sheffield United,Newcastle United,3,1,1,1,4,2,1
1899,Sheffield United,Preston North End,1,0,1,1,1,1,1
1899,Stoke City,Derby County,1,1,1,1,2,0,0
1899,Stoke City,Sheffield United,1,1,1,1,2,0,0
1899,Sunderland,Burnley,2,1,1,1,3,1,1
1899,Sunderland,Manchester City,3,1,1,1,4,2,1
1899,Sunderland,Notts County,5,0,1,1,5,5,1
1899,West Bromwich Albion,Aston Villa,0,2,1,1,2,-2,0
1899,West Bromwich Albion,Bury,0,1,1,1,1,-1,0
1899,West Bromwich Albion,Glossop North End,3,3,1,1,6,0,0
1899,West Bromwich Albion,Preston North End,1,0,1,1,1,1,1
1899,Wolverhampton Wanderers,Blackburn Rovers,4,0,1,1,4,4,1
1899,Wolverhampton Wanderers,Nottingham Forest,2,2,1,1,4,0,0
1899,Arsenal,Bolton Wanderers,0,1,2,2,1,-1,0
1899,Arsenal,Gainsborough Trinity,2,1,2,2,3,1,1
1899,Arsenal,Manchester United,2,1,2,2,3,1,1
1899,Arsenal,Port Vale,1,0,2,2,1,1,1
1899,Barnsley,Arsenal,3,2,2,2,5,1,1
1899,Barnsley,Burton Swifts,4,1,2,2,5,3,1
1899,Barnsley,Loughborough,7,0,2,2,7,7,1
1899,Barnsley,Sheffield Wednesday,1,0,2,2,1,1,1
1899,Birmingham City,Barnsley,5,0,2,2,5,5,1
1899,Birmingham City,Chesterfield,5,3,2,2,8,2,1
1899,Birmingham City,Leicester City,4,1,2,2,5,3,1
1899,Birmingham City,Walsall,3,2,2,2,5,1,1
1899,Bolton Wanderers,Birmingham City,1,1,2,2,2,0,0
1899,Bolton Wanderers,Gainsborough Trinity,3,0,2,2,3,3,1
1899,Bolton Wanderers,Port Vale,5,0,2,2,5,5,1
1899,Burton Swifts,Grimsby Town,1,2,2,2,3,-1,0
1899,Burton Swifts,Loughborough,3,1,2,2,4,2,1
1899,Burton Swifts,Middlesbrough,5,0,2,2,5,5,1
1899,Chesterfield,Barnsley,2,1,2,2,3,1,1
1899,Chesterfield,Burton Swifts,0,4,2,2,4,-4,0
1899,Chesterfield,Leicester City,0,0,2,2,0,0,0
1899,Chesterfield,Luton Town,2,0,2,2,2,2,1
1899,Chesterfield,Walsall,1,3,2,2,4,-2,0
1899,Gainsborough Trinity,Chesterfield,3,5,2,2,8,-2,0
1899,Gainsborough Trinity,Lincoln City,3,1,2,2,4,2,1
1899,Gainsborough Trinity,Manchester United,0,1,2,2,1,-1,0
1899,Gainsborough Trinity,Port Vale,4,0,2,2,4,4,1
1899,Grimsby Town,Gainsborough Trinity,3,0,2,2,3,3,1
1899,Grimsby Town,Sheffield Wednesday,1,2,2,2,3,-1,0
1899,Leicester City,Barnsley,1,0,2,2,1,1,1
1899,Leicester City,Walsall,2,1,2,2,3,1,1
1899,Lincoln City,Birmingham City,0,0,2,2,0,0,0
1899,Lincoln City,Chesterfield,2,0,2,2,2,2,1
1899,Lincoln City,Manchester United,1,0,2,2,1,1,1
1899,Loughborough,Gainsborough Trinity,1,2,2,2,3,-1,0
1899,Loughborough,Lincoln City,0,1,2,2,1,-1,0
1899,Loughborough,Middlesbrough,1,1,2,2,2,0,0
1899,Loughborough,Sheffield Wednesday,0,0,2,2,0,0,0
1899,Luton Town,Barnsley,3,0,2,2,3,3,1
1899,Luton Town,Walsall,4,0,2,2,4,4,1
1899,Manchester United,Chesterfield,2,1,2,2,3,1,1
1899,Manchester United,Port Vale,3,0,2,2,3,3,1
1899,Middlesbrough,Manchester United,2,0,2,2,2,2,1
1899,New Brighton Tower,Barnsley,6,2,2,2,8,4,1
1899,New Brighton Tower,Loughborough,3,0,2,2,3,3,1
1899,New Brighton Tower,Walsall,0,1,2,2,1,-1,0
1899,Port Vale,Chesterfield,2,0,2,2,2,2,1
1899,Sheffield Wednesday,Gainsborough Trinity,5,1,2,2,6,4,1
1899,Walsall,Barnsley,4,2,2,2,6,2,1
1899,Walsall,Grimsby Town,1,1,2,2,2,0,0
1899,Walsall,Sheffield Wednesday,1,1,2,2,2,0,0
1900,Aston Villa,Bury,1,0,1,1,1,1,1
1900,Aston Villa,Nottingham Forest,2,1,1,1,3,1,1
1900,Blackburn Rovers,Derby County,1,0,1,1,1,1,1
1900,Blackburn Rovers,Notts County,0,2,1,1,2,-2,0
1900,Bolton Wanderers,Everton,1,0,1,1,1,1,1
1900,Bolton Wanderers,Stoke City,1,0,1,1,1,1,1
1900,Bury,Bolton Wanderers,3,0,1,1,3,3,1
1900,Bury,Liverpool,0,0,1,1,0,0,0
1900,Bury,Sheffield United,1,1,1,1,2,0,0
1900,Bury,Sunderland,0,0,1,1,0,0,0
1900,Derby County,Bury,5,2,1,1,7,3,1
1900,Derby County,Manchester City,2,0,1,1,2,2,1
1900,Derby County,Notts County,2,1,1,1,3,1,1
1900,Everton,Stoke City,3,0,1,1,3,3,1
1900,Everton,Wolverhampton Wanderers,5,1,1,1,6,4,1
1900,Manchester City,Aston Villa,4,0,1,1,4,4,1
1900,Manchester City,Notts County,2,0,1,1,2,2,1
1900,Manchester City,Sheffield Wednesday,2,2,1,1,4,0,0
1900,Manchester City,West Bromwich Albion,1,0,1,1,1,1,1
1900,Newcastle United,Manchester City,2,1,1,1,3,1,1
1900,Notts County,Aston Villa,2,0,1,1,2,2,1
1900,Notts County,Bury,1,0,1,1,1,1,1
1900,Notts County,Nottingham Forest,1,0,1,1,1,1,1
1900,Notts County,West Bromwich Albion,1,0,1,1,1,1,1
1900,Preston North End,Derby County,3,2,1,1,5,1,1
1900,Preston North End,Notts County,0,1,1,1,1,-1,0
1900,Sheffield United,Newcastle United,2,0,1,1,2,2,1
1900,Sheffield United,Sunderland,2,0,1,1,2,2,1
1900,Sheffield Wednesday,Aston Villa,3,2,1,1,5,1,1
1900,Sheffield Wednesday,Sheffield United,1,0,1,1,1,1,1
1900,Stoke City,Derby County,0,1,1,1,1,-1,0
1900,Stoke City,Wolverhampton Wanderers,3,0,1,1,3,3,1
1900,Sunderland,Newcastle United,1,1,1,1,2,0,0
1900,Sunderland,Stoke City,6,1,1,1,7,5,1
1900,West Bromwich Albion,Liverpool,0,1,1,1,1,-1,0
1900,West Bromwich Albion,Sheffield United,0,2,1,1,2,-2,0
1900,West Bromwich Albion,Sunderland,1,0,1,1,1,1,1
1900,Wolverhampton Wanderers,Blackburn Rovers,2,2,1,1,4,0,0
1900,Wolverhampton Wanderers,Manchester City,1,0,1,1,1,1,1
1900,Wolverhampton Wanderers,West Bromwich Albion,0,0,1,1,0,0,0
1900,Arsenal,Chesterfield,1,0,2,2,1,1,1
1900,Arsenal,Grimsby Town,1,1,2,2,2,0,0
1900,Arsenal,Port Vale,3,0,2,2,3,3,1
1900,Barnsley,Gainsborough Trinity,1,3,2,2,4,-2,0
1900,Barnsley,Leicester City,1,0,2,2,1,1,1
1900,Barnsley,Middlesbrough,3,1,2,2,4,2,1
1900,Barnsley,Stockport County,2,0,2,2,2,2,1
1900,Birmingham City,Barnsley,3,1,2,2,4,2,1
1900,Birmingham City,Burton Swifts,2,0,2,2,2,2,1
1900,Birmingham City,Lincoln City,2,0,2,2,2,2,1
1900,Birmingham City,Walsall,2,1,2,2,3,1,1
1900,Blackpool,Chesterfield,1,1,2,2,2,0,0
1900,Blackpool,Grimsby Town,0,1,2,2,1,-1,0
1900,Blackpool,Manchester United,1,2,2,2,3,-1,0
1900,Blackpool,Port Vale,2,1,2,2,3,1,1
1900,Burnley,Arsenal,3,0,2,2,3,3,1
1900,Burnley,Blackpool,4,0,2,2,4,4,1
1900,Burnley,Leicester City,0,0,2,2,0,0,0
1900,Burnley,Stockport County,3,1,2,2,4,2,1
1900,Burton Swifts,Barnsley,1,1,2,2,2,0,0
1900,Burton Swifts,Walsall,2,1,2,2,3,1,1
1900,Chesterfield,Birmingham City,1,1,2,2,2,0,0
1900,Chesterfield,Grimsby Town,3,3,2,2,6,0,0
1900,Chesterfield,Manchester United,2,1,2,2,3,1,1
1900,Gainsborough Trinity,Arsenal,1,0,2,2,1,1,1
1900,Gainsborough Trinity,Blackpool,1,3,2,2,4,-2,0
1900,Gainsborough Trinity,Middlesbrough,1,1,2,2,2,0,0
1900,Gainsborough Trinity,Stockport County,2,0,2,2,2,2,1
1900,Glossop North End,New Brighton Tower,0,1,2,2,1,-1,0
1900,Grimsby Town,Birmingham City,1,1,2,2,2,0,0
1900,Grimsby Town,Glossop North End,1,0,2,2,1,1,1
1900,Leicester City,Blackpool,3,1,2,2,4,2,1
1900,Leicester City,Chesterfield,1,3,2,2,4,-2,0
1900,Leicester City,Middlesbrough,1,0,2,2,1,1,1
1900,Leicester City,Stockport County,2,2,2,2,4,0,0
1900,Lincoln City,Barnsley,3,0,2,2,3,3,1
1900,Lincoln City,Burnley,2,0,2,2,2,2,1
1900,Lincoln City,Leicester City,1,0,2,2,1,1,1
1900,Lincoln City,New Brighton Tower,2,0,2,2,2,2,1
1900,Manchester United,Birmingham City,0,1,2,2,1,-1,0
1900,Manchester United,Burton Swifts,1,1,2,2,2,0,0
1900,Manchester United,Glossop North End,3,0,2,2,3,3,1
1900,Manchester United,Lincoln City,4,1,2,2,5,3,1
1900,Middlesbrough,Arsenal,1,1,2,2,2,0,0
1900,Middlesbrough,Blackpool,3,1,2,2,4,2,1
1900,Middlesbrough,Chesterfield,2,0,2,2,2,2,1
1900,Middlesbrough,Grimsby Town,0,0,2,2,0,0,0
1900,New Brighton Tower,Burnley,2,1,2,2,3,1,1
1900,New Brighton Tower,Gainsborough Trinity,3,2,2,2,5,1,1
1900,New Brighton Tower,Leicester City,0,0,2,2,0,0,0
1900,Port Vale,Burton Swifts,4,0,2,2,4,4,1
1900,Port Vale,Glossop North End,0,0,2,2,0,0,0
1900,Stockport County,Blackpool,0,1,2,2,1,-1,0
1900,Walsall,Barnsley,3,0,2,2,3,3,1
1900,Walsall,Gainsborough Trinity,3,3,2,2,6,0,0
1900,Walsall,Middlesbrough,0,0,2,2,0,0,0
1900,Walsall,Stockport County,1,3,2,2,4,-2,0
1901,Aston Villa,Everton,1,1,1,1,2,0,0
1901,Aston Villa,Manchester City,2,2,1,1,4,0,0
1901,Aston Villa,Notts County,2,0,1,1,2,2,1
1901,Aston Villa,Stoke City,0,0,1,1,0,0,0
1901,Birmingham City,Bury,1,0,1,1,1,1,1
1901,Birmingham City,Grimsby Town,6,0,1,1,6,6,1
1901,Birmingham City,Newcastle United,3,1,1,1,4,2,1
1901,Blackburn Rovers,Birmingham City,3,1,1,1,4,2,1
1901,Blackburn Rovers,Liverpool,1,1,1,1,2,0,0
1901,Bolton Wanderers,Notts County,1,1,1,1,2,0,0
1901,Bolton Wanderers,Stoke City,2,1,1,1,3,1,1
1901,Bury,Grimsby Town,1,1,1,1,2,0,0
1901,Derby County,Sheffield Wednesday,2,2,1,1,4,0,0
1901,Derby County,Wolverhampton Wanderers,3,1,1,1,4,2,1
1901,Everton,Blackburn Rovers,0,2,1,1,2,-2,0
1901,Everton,Derby County,2,0,1,1,2,2,1
1901,Everton,Notts County,0,1,1,1,1,-1,0
1901,Everton,Stoke City,1,0,1,1,1,1,1
1901,Grimsby Town,Aston Villa,4,1,1,1,5,3,1
1901,Grimsby Town,Newcastle United,3,0,1,1,3,3,1
1901,Grimsby Town,Sheffield United,0,1,1,1,1,-1,0
1901,Grimsby Town,Sunderland,3,3,1,1,6,0,0
1901,Manchester City,Liverpool,2,3,1,1,5,-1,0
1901,Manchester City,Stoke City,2,2,1,1,4,0,0
1901,Newcastle United,Aston Villa,2,1,1,1,3,1,1
1901,Newcastle United,Bolton Wanderers,4,1,1,1,5,3,1
1901,Newcastle United,Everton,1,1,1,1,2,0,0
1901,Newcastle United,Sheffield United,1,1,1,1,2,0,0
1901,Newcastle United,Sunderland,0,1,1,1,1,-1,0
1901,Nottingham Forest,Bury,2,1,1,1,3,1,1
1901,Nottingham Forest,Sheffield Wednesday,1,1,1,1,2,0,0
1901,Notts County,Liverpool,2,2,1,1,4,0,0
1901,Notts County,Nottingham Forest,3,0,1,1,3,3,1
1901,Notts County,Stoke City,1,1,1,1,2,0,0
1901,Sheffield United,Bolton Wanderers,2,0,1,1,2,2,1
1901,Sheffield Wednesday,Birmingham City,1,2,1,1,3,-1,0
1901,Sheffield Wednesday,Bury,4,1,1,1,5,3,1
1901,Sunderland,Aston Villa,1,0,1,1,1,1,1
1901,Wolverhampton Wanderers,Birmingham City,2,1,1,1,3,1,1
1901,Wolverhampton Wanderers,Newcastle United,3,0,1,1,3,3,1
1901,Wolverhampton Wanderers,Sheffield United,1,1,1,1,2,0,0
1901,Wolverhampton Wanderers,Sunderland,4,2,1,1,6,2,1
1901,Arsenal,Bristol City,2,0,2,2,2,2,1
1901,Arsenal,Manchester United,2,0,2,2,2,2,1
1901,Barnsley,Burnley,2,2,2,2,4,0,0
1901,Barnsley,Leicester City,2,3,2,2,5,-1,0
1901,Barnsley,Stockport County,3,1,2,2,4,2,1
1901,Blackpool,Burton United,1,0,2,2,1,1,1
1901,Blackpool,Lincoln City,3,0,2,2,3,3,1
1901,Bristol City,Blackpool,3,0,2,2,3,3,1
1901,Bristol City,Preston North End,2,0,2,2,2,2,1
1901,Burnley,Arsenal,0,0,2,2,0,0,0
1901,Burnley,Bristol City,0,1,2,2,1,-1,0
1901,Burnley,Middlesbrough,2,2,2,2,4,0,0
1901,Burton United,Barnsley,2,1,2,2,3,1,1
1901,Burton United,Gainsborough Trinity,5,0,2,2,5,5,1
1901,Burton United,Lincoln City,0,6,2,2,6,-6,0
1901,Chesterfield,Burton United,3,1,2,2,4,2,1
1901,Chesterfield,Preston North End,2,0,2,2,2,2,1
1901,Gainsborough Trinity,Barnsley,0,0,2,2,0,0,0
1901,Gainsborough Trinity,Port Vale,2,3,2,2,5,-1,0
1901,Gainsborough Trinity,West Bromwich Albion,1,1,2,2,2,0,0
1901,Glossop North End,Blackpool,3,1,2,2,4,2,1
1901,Glossop North End,Burton United,2,1,2,2,3,1,1
1901,Glossop North End,Gainsborough Trinity,0,0,2,2,0,0,0
1901,Leicester City,Arsenal,2,1,2,2,3,1,1
1901,Leicester City,Chesterfield,3,0,2,2,3,3,1
1901,Leicester City,Glossop North End,1,1,2,2,2,0,0
1901,Lincoln City,Burnley,1,0,2,2,1,1,1
1901,Lincoln City,Doncaster Rovers,0,0,2,2,0,0,0
1901,Lincoln City,Port Vale,1,1,2,2,2,0,0
1901,Manchester United,Lincoln City,0,0,2,2,0,0,0
1901,Manchester United,Preston North End,0,2,2,2,2,-2,0
1901,Middlesbrough,Chesterfield,7,1,2,2,8,6,1
1901,Middlesbrough,Glossop North End,5,0,2,2,5,5,1
1901,Middlesbrough,Stockport County,6,0,2,2,6,6,1
1901,Port Vale,Burnley,1,1,2,2,2,0,0
1901,Port Vale,Doncaster Rovers,2,2,2,2,4,0,0
1901,Port Vale,Leicester City,3,0,2,2,3,3,1
1901,Preston North End,Blackpool,1,1,2,2,2,0,0
1901,Preston North End,Burton United,1,0,2,2,1,1,1
1901,Preston North End,Port Vale,2,0,2,2,2,2,1
1901,Stockport County,Arsenal,0,0,2,2,0,0,0
1901,Stockport County,Bristol City,1,1,2,2,2,0,0
1901,Stockport County,Glossop North End,0,0,2,2,0,0,0
1901,Stockport County,Preston North End,0,2,2,2,2,-2,0
1901,West Bromwich Albion,Burnley,3,0,2,2,3,3,1
1901,West Bromwich Albion,Leicester City,1,0,2,2,1,1,1
1901,West Bromwich Albion,Middlesbrough,2,0,2,2,2,2,1
1902,Aston Villa,Sheffield United,4,2,1,1,6,2,1
1902,Aston Villa,Sunderland,0,1,1,1,1,-1,0
1902,Blackburn Rovers,Derby County,2,4,1,1,6,-2,0
1902,Bolton Wanderers,Blackburn Rovers,1,2,1,1,3,-1,0
1902,Bolton Wanderers,Everton,1,3,1,1,4,-2,0
1902,Bolton Wanderers,Middlesbrough,2,1,1,1,3,1,1
1902,Bolton Wanderers,Notts County,0,1,1,1,1,-1,0
1902,Bolton Wanderers,Stoke City,2,3,1,1,5,-1,0
1902,Bury,Bolton Wanderers,3,0,1,1,3,3,1
1902,Bury,Grimsby Town,2,1,1,1,3,1,1
1902,Derby County,Bury,2,0,1,1,2,2,1
1902,Derby County,Nottingham Forest,0,1,1,1,1,-1,0
1902,Derby County,Sheffield Wednesday,1,0,1,1,1,1,1
1902,Derby County,West Bromwich Albion,1,0,1,1,1,1,1
1902,Everton,Blackburn Rovers,0,3,1,1,3,-3,0
1902,Everton,Derby County,2,1,1,1,3,1,1
1902,Everton,Middlesbrough,3,0,1,1,3,3,1
1902,Everton,Stoke City,0,1,1,1,1,-1,0
1902,Grimsby Town,Everton,0,0,1,1,0,0,0
1902,Grimsby Town,Newcastle United,1,0,1,1,1,1,1
1902,Grimsby Town,Sheffield United,1,2,1,1,3,-1,0
1902,Grimsby Town,Sunderland,2,4,1,1,6,-2,0
1902,Liverpool,Aston Villa,2,1,1,1,3,1,1
1902,Liverpool,Grimsby Town,9,2,1,1,11,7,1
1902,Liverpool,Nottingham Forest,2,1,1,1,3,1,1
1902,Liverpool,Sheffield Wednesday,4,2,1,1,6,2,1
1902,Liverpool,West Bromwich Albion,0,2,1,1,2,-2,0
1902,Middlesbrough,Derby County,3,1,1,1,4,2,1
1902,Middlesbrough,Wolverhampton Wanderers,2,0,1,1,2,2,1
1902,Newcastle United,Bolton Wanderers,2,0,1,1,2,2,1
1902,Newcastle United,Middlesbrough,0,1,1,1,1,-1,0
1902,Newcastle United,Sunderland,1,0,1,1,1,1,1
1902,Nottingham Forest,Aston Villa,2,0,1,1,2,2,1
1902,Nottingham Forest,Grimsby Town,2,1,1,1,3,1,1
1902,Nottingham Forest,Newcastle United,3,2,1,1,5,1,1
1902,Nottingham Forest,Sheffield Wednesday,1,4,1,1,5,-3,0
1902,Nottingham Forest,West Bromwich Albion,3,1,1,1,4,2,1
1902,Notts County,Stoke City,3,0,1,1,3,3,1
1902,Notts County,Wolverhampton Wanderers,0,0,1,1,0,0,0
1902,Sheffield United,Bolton Wanderers,7,1,1,1,8,6,1
1902,Sheffield United,Everton,0,2,1,1,2,-2,0
1902,Sheffield United,Sunderland,1,0,1,1,1,1,1
1902,Sheffield Wednesday,Grimsby Town,1,1,1,1,2,0,0
1902,Sheffield Wednesday,Newcastle United,3,0,1,1,3,3,1
1902,Sheffield Wednesday,Sheffield United,0,1,1,1,1,-1,0
1902,Sheffield Wednesday,West Bromwich Albion,3,1,1,1,4,2,1
1902,Stoke City,Blackburn Rovers,0,2,1,1,2,-2,0
1902,Stoke City,Nottingham Forest,3,2,1,1,5,1,1
1902,Stoke City,Sheffield Wednesday,4,0,1,1,4,4,1
1902,Stoke City,Wolverhampton Wanderers,3,0,1,1,3,3,1
1902,Sunderland,Bolton Wanderers,3,1,1,1,4,2,1
1902,Sunderland,Everton,2,1,1,1,3,1,1
1902,Sunderland,Notts County,2,1,1,1,3,1,1
1902,West Bromwich Albion,Grimsby Town,1,0,1,1,1,1,1
1902,West Bromwich Albion,Sheffield United,3,3,1,1,6,0,0
1902,West Bromwich Albion,Sunderland,0,3,1,1,3,-3,0
1902,Wolverhampton Wanderers,Blackburn Rovers,2,0,1,1,2,2,1
1902,Wolverhampton Wanderers,Derby County,3,0,1,1,3,3,1
1902,Wolverhampton Wanderers,Liverpool,0,2,1,1,2,-2,0
1902,Wolverhampton Wanderers,Sheffield Wednesday,2,1,1,1,3,1,1
1902,Wolverhampton Wanderers,West Bromwich Albion,1,2,1,1,3,-1,0
1902,Arsenal,Lincoln City,2,1,2,2,3,1,1
1902,Arsenal,Port Vale,3,0,2,2,3,3,1
1902,Barnsley,Bristol City,2,0,2,2,2,2,1
1902,Barnsley,Chesterfield,2,2,2,2,4,0,0
1902,Barnsley,Manchester City,0,3,2,2,3,-3,0
1902,Birmingham City,Barnsley,2,1,2,2,3,1,1
1902,Birmingham City,Doncaster Rovers,12,0,2,2,12,12,1
1902,Birmingham City,Leicester City,4,3,2,2,7,1,1
1902,Birmingham City,Manchester United,2,1,2,2,3,1,1
1902,Blackpool,Birmingham City,0,1,2,2,1,-1,0
1902,Blackpool,Lincoln City,2,3,2,2,5,-1,0
1902,Blackpool,Port Vale,2,5,2,2,7,-3,0
1902,Bristol City,Arsenal,1,0,2,2,1,1,1
1902,Bristol City,Blackpool,0,1,2,2,1,-1,0
1902,Bristol City,Chesterfield,2,1,2,2,3,1,1
1902,Burnley,Barnsley,1,2,2,2,3,-1,0
1902,Burnley,Doncaster Rovers,1,1,2,2,2,0,0
1902,Burnley,Leicester City,1,3,2,2,4,-2,0
1902,Burnley,Manchester United,0,2,2,2,2,-2,0
1902,Burton United,Burnley,0,0,2,2,0,0,0
1902,Burton United,Lincoln City,2,2,2,2,4,0,0
1902,Chesterfield,Blackpool,1,1,2,2,2,0,0
1902,Chesterfield,Burton United,1,0,2,2,1,1,1
1902,Chesterfield,Manchester City,0,1,2,2,1,-1,0
1902,Doncaster Rovers,Barnsley,2,0,2,2,2,2,1
1902,Doncaster Rovers,Bristol City,0,0,2,2,0,0,0
1902,Doncaster Rovers,Chesterfield,3,4,2,2,7,-1,0
1902,Doncaster Rovers,Stockport County,2,0,2,2,2,2,1
1902,Gainsborough Trinity,Doncaster Rovers,3,0,2,2,3,3,1
1902,Gainsborough Trinity,Lincoln City,4,0,2,2,4,4,1
1902,Glossop North End,Gainsborough Trinity,4,2,2,2,6,2,1
1902,Glossop North End,Manchester City,0,1,2,2,1,-1,0
1902,Glossop North End,Preston North End,1,0,2,2,1,1,1
1902,Leicester City,Manchester United,1,1,2,2,2,0,0
1902,Leicester City,Stockport County,0,2,2,2,2,-2,0
1902,Lincoln City,Doncaster Rovers,4,2,2,2,6,2,1
1902,Manchester City,Gainsborough Trinity,9,0,2,2,9,9,1
1902,Manchester City,Lincoln City,3,1,2,2,4,2,1
1902,Manchester United,Barnsley,2,1,2,2,3,1,1
1902,Manchester United,Bristol City,1,2,2,2,3,-1,0
1902,Manchester United,Glossop North End,1,1,2,2,2,0,0
1902,Manchester United,Manchester City,1,1,2,2,2,0,0
1902,Port Vale,Burnley,3,1,2,2,4,2,1
1902,Preston North End,Blackpool,3,1,2,2,4,2,1
1902,Stockport County,Glossop North End,2,3,2,2,5,-1,0
1902,Stockport County,Manchester City,0,2,2,2,2,-2,0
1903,Aston Villa,Bury,0,2,1,1,2,-2,0
1903,Aston Villa,Liverpool,2,1,1,1,3,1,1
1903,Aston Villa,Newcastle United,3,1,1,1,4,2,1
1903,Aston Villa,Sheffield United,6,1,1,1,7,5,1
1903,Birmingham City,Aston Villa,2,2,1,1,4,0,0
1903,Birmingham City,Manchester City,0,3,1,1,3,-3,0
1903,Blackburn Rovers,Everton,0,2,1,1,2,-2,0
1903,Blackburn Rovers,Middlesbrough,1,1,1,1,2,0,0
1903,Blackburn Rovers,Wolverhampton Wanderers,1,1,1,1,2,0,0
1903,Bury,Liverpool,2,2,1,1,4,0,0
1903,Bury,Newcastle United,0,3,1,1,3,-3,0
1903,Bury,Sheffield United,0,1,1,1,1,-1,0
1903,Bury,Sunderland,3,1,1,1,4,2,1
1903,Derby County,Aston Villa,2,2,1,1,4,0,0
1903,Derby County,Manchester City,2,3,1,1,5,-1,0
1903,Everton,Middlesbrough,2,0,1,1,2,2,1
1903,Everton,Wolverhampton Wanderers,2,0,1,1,2,2,1
1903,Liverpool,Blackburn Rovers,1,2,1,1,3,-1,0
1903,Liverpool,Everton,2,2,1,1,4,0,0
1903,Liverpool,Sheffield United,3,0,1,1,3,3,1
1903,Liverpool,Sunderland,2,1,1,1,3,1,1
1903,Manchester City,Sheffield Wednesday,1,1,1,1,2,0,0
1903,Middlesbrough,Birmingham City,3,1,1,1,4,2,1
1903,Middlesbrough,Notts County,1,0,1,1,1,1,1
1903,Newcastle United,Blackburn Rovers,2,1,1,1,3,1,1
1903,Newcastle United,Everton,1,0,1,1,1,1,1
1903,Newcastle United,Middlesbrough,2,1,1,1,3,1,1
1903,Newcastle United,Sheffield United,0,1,1,1,1,-1,0
1903,Nottingham Forest,Liverpool,2,1,1,1,3,1,1
1903,Notts County,Manchester City,0,3,1,1,3,-3,0
1903,Notts County,Nottingham Forest,1,3,1,1,4,-2,0
1903,Notts County,Stoke City,1,0,1,1,1,1,1
1903,Sheffield United,Middlesbrough,3,0,1,1,3,3,1
1903,Sheffield United,Sunderland,1,2,1,1,3,-1,0
1903,Sheffield Wednesday,Bury,1,1,1,1,2,0,0
1903,Sheffield Wednesday,Liverpool,2,1,1,1,3,1,1
1903,Sheffield Wednesday,Newcastle United,1,1,1,1,2,0,0
1903,Sheffield Wednesday,Sheffield United,3,0,1,1,3,3,1
1903,Sheffield Wednesday,West Bromwich Albion,1,0,1,1,1,1,1
1903,Stoke City,Birmingham City,1,0,1,1,1,1,1
1903,Stoke City,Derby County,1,1,1,1,2,0,0
1903,Sunderland,Everton,2,0,1,1,2,2,1
1903,Sunderland,Middlesbrough,3,1,1,1,4,2,1
1903,Sunderland,Notts County,4,1,1,1,5,3,1
1903,Sunderland,Stoke City,3,0,1,1,3,3,1
1903,West Bromwich Albion,Bury,3,2,1,1,5,1,1
1903,West Bromwich Albion,Liverpool,2,2,1,1,4,0,0
1903,West Bromwich Albion,Newcastle United,1,2,1,1,3,-1,0
1903,Wolverhampton Wanderers,Birmingham City,1,0,1,1,1,1,1
1903,Wolverhampton Wanderers,Nottingham Forest,3,2,1,1,5,1,1
1903,Wolverhampton Wanderers,Sheffield Wednesday,2,1,1,1,3,1,1
1903,Wolverhampton Wanderers,West Bromwich Albion,1,0,1,1,1,1,1
1903,Arsenal,Leicester City,8,0,2,2,8,8,1
1903,Arsenal,Port Vale,0,0,2,2,0,0,0
1903,Barnsley,Arsenal,2,1,2,2,3,1,1
1903,Barnsley,Bradford City,1,2,2,2,3,-1,0
1903,Barnsley,Glossop North End,4,0,2,2,4,4,1
1903,Barnsley,Preston North End,1,0,2,2,1,1,1
1903,Blackpool,Barnsley,0,2,2,2,2,-2,0
1903,Blackpool,Chesterfield,0,0,2,2,0,0,0
1903,Blackpool,Grimsby Town,3,0,2,2,3,3,1
1903,Bolton Wanderers,Gainsborough Trinity,5,0,2,2,5,5,1
1903,Bradford City,Preston North End,1,1,2,2,2,0,0
1903,Bristol City,Bradford City,1,1,2,2,2,0,0
1903,Bristol City,Manchester United,1,1,2,2,2,0,0
1903,Bristol City,Stockport County,6,0,2,2,6,6,1
1903,Burnley,Leicester City,2,1,2,2,3,1,1
1903,Burton United,Arsenal,3,1,2,2,4,2,1
1903,Burton United,Bolton Wanderers,2,1,2,2,3,1,1
1903,Burton United,Glossop North End,2,0,2,2,2,2,1
1903,Chesterfield,Barnsley,1,0,2,2,1,1,1
1903,Chesterfield,Bradford City,1,1,2,2,2,0,0
1903,Chesterfield,Manchester United,0,2,2,2,2,-2,0
1903,Gainsborough Trinity,Blackpool,3,1,2,2,4,2,1
1903,Gainsborough Trinity,Chesterfield,1,0,2,2,1,1,1
1903,Gainsborough Trinity,Leicester City,4,0,2,2,4,4,1
1903,Glossop North End,Arsenal,1,3,2,2,4,-2,0
1903,Glossop North End,Gainsborough Trinity,0,2,2,2,2,-2,0
1903,Glossop North End,Preston North End,2,2,2,2,4,0,0
1903,Grimsby Town,Burton United,4,0,2,2,4,4,1
1903,Grimsby Town,Glossop North End,2,0,2,2,2,2,1
1903,Grimsby Town,Stockport County,2,1,2,2,3,1,1
1903,Leicester City,Blackpool,5,1,2,2,6,4,1
1903,Leicester City,Chesterfield,0,0,2,2,0,0,0
1903,Lincoln City,Arsenal,0,2,2,2,2,-2,0
1903,Lincoln City,Bolton Wanderers,1,0,2,2,1,1,1
1903,Lincoln City,Burnley,3,1,2,2,4,2,1
1903,Lincoln City,Preston North End,0,0,2,2,0,0,0
1903,Manchester United,Bradford City,3,1,2,2,4,2,1
1903,Manchester United,Glossop North End,3,1,2,2,4,2,1
1903,Port Vale,Bristol City,3,1,2,2,4,2,1
1903,Port Vale,Grimsby Town,1,2,2,2,3,-1,0
1903,Port Vale,Manchester United,1,0,2,2,1,1,1
1903,Preston North End,Arsenal,0,0,2,2,0,0,0
1903,Preston North End,Bolton Wanderers,3,1,2,2,4,2,1
1903,Preston North End,Gainsborough Trinity,2,0,2,2,2,2,1
1903,Preston North End,Leicester City,4,3,2,2,7,1,1
1903,Preston North End,Port Vale,3,1,2,2,4,2,1
1903,Stockport County,Bradford City,2,0,2,2,2,2,1
1903,Stockport County,Burton United,1,1,2,2,2,0,0
1903,Stockport County,Glossop North End,3,0,2,2,3,3,1
1903,Stockport County,Lincoln City,4,0,2,2,4,4,1
1903,Stockport County,Preston North End,1,5,2,2,6,-4,0
1904,Arsenal,Blackburn Rovers,2,0,1,1,2,2,1
1904,Arsenal,Everton,2,1,1,1,3,1,1
1904,Arsenal,Preston North End,0,0,1,1,0,0,0
1904,Aston Villa,Bury,2,0,1,1,2,2,1
1904,Aston Villa,Sheffield United,3,0,1,1,3,3,1
1904,Aston Villa,Sunderland,2,2,1,1,4,0,0
1904,Birmingham City,Derby County,2,0,1,1,2,2,1
1904,Birmingham City,Notts County,1,2,1,1,3,-1,0
1904,Blackburn Rovers,Everton,1,0,1,1,1,1,1
1904,Blackburn Rovers,Newcastle United,2,0,1,1,2,2,1
1904,Blackburn Rovers,Preston North End,1,1,1,1,2,0,0
1904,Bury,Manchester City,2,4,1,1,6,-2,0
1904,Bury,Nottingham Forest,5,1,1,1,6,4,1
1904,Bury,Sheffield United,7,1,1,1,8,6,1
1904,Bury,Sunderland,1,0,1,1,1,1,1
1904,Derby County,Aston Villa,0,2,1,1,2,-2,0
1904,Everton,Birmingham City,2,1,1,1,3,1,1
1904,Everton,Derby County,0,0,1,1,0,0,0
1904,Everton,Preston North End,1,0,1,1,1,1,1
1904,Manchester City,Arsenal,1,0,1,1,1,1,1
1904,Manchester City,Blackburn Rovers,2,1,1,1,3,1,1
1904,Manchester City,Everton,2,0,1,1,2,2,1
1904,Manchester City,Sheffield United,1,1,1,1,2,0,0
1904,Middlesbrough,Bury,2,2,1,1,4,0,0
1904,Middlesbrough,Manchester City,0,1,1,1,1,-1,0
1904,Newcastle United,Derby County,2,0,1,1,2,2,1
1904,Newcastle United,Middlesbrough,3,0,1,1,3,3,1
1904,Newcastle United,Preston North End,1,0,1,1,1,1,1
1904,Nottingham Forest,Arsenal,0,3,1,1,3,-3,0
1904,Nottingham Forest,Newcastle United,1,3,1,1,4,-2,0
1904,Notts County,Aston Villa,1,2,1,1,3,-1,0
1904,Notts County,Bury,0,1,1,1,1,-1,0
1904,Notts County,Manchester City,1,1,1,1,2,0,0
1904,Notts County,Wolverhampton Wanderers,3,4,1,1,7,-1,0
1904,Preston North End,Birmingham City,2,2,1,1,4,0,0
1904,Preston North End,Derby County,2,0,1,1,2,2,1
1904,Preston North End,Notts County,3,1,1,1,4,2,1
1904,Sheffield United,Arsenal,4,0,1,1,4,4,1
1904,Sheffield United,Blackburn Rovers,3,1,1,1,4,2,1
1904,Sheffield United,Everton,1,0,1,1,1,1,1
1904,Sheffield United,Preston North End,1,0,1,1,1,1,1
1904,Sheffield United,Sunderland,1,0,1,1,1,1,1
1904,Sheffield Wednesday,Manchester City,2,1,1,1,3,1,1
1904,Sheffield Wednesday,Wolverhampton Wanderers,4,0,1,1,4,4,1
1904,Stoke City,Derby County,1,2,1,1,3,-1,0
1904,Stoke City,Middlesbrough,3,1,1,1,4,2,1
1904,Stoke City,Notts County,0,2,1,1,2,-2,0
1904,Sunderland,Arsenal,1,1,1,1,2,0,0
1904,Sunderland,Blackburn Rovers,2,1,1,1,3,1,1
1904,Sunderland,Preston North End,3,2,1,1,5,1,1
1904,Sunderland,Stoke City,3,1,1,1,4,2,1
1904,Wolverhampton Wanderers,Nottingham Forest,3,2,1,1,5,1,1
1904,Wolverhampton Wanderers,Sunderland,1,0,1,1,1,1,1
1904,Barnsley,Bradford City,1,0,2,2,1,1,1
1904,Barnsley,Gainsborough Trinity,2,1,2,2,3,1,1
1904,Blackpool,Chesterfield,1,1,2,2,2,0,0
1904,Blackpool,Port Vale,3,0,2,2,3,3,1
1904,Bolton Wanderers,Blackpool,3,0,2,2,3,3,1
1904,Bolton Wanderers,Burnley,4,0,2,2,4,4,1
1904,Bradford City,Bolton Wanderers,2,1,2,2,3,1,1
1904,Bradford City,Burton United,3,1,2,2,4,2,1
1904,Bradford City,Gainsborough Trinity,3,1,2,2,4,2,1
1904,Bradford City,Manchester United,1,1,2,2,2,0,0
1904,Bristol City,Bradford City,1,0,2,2,1,1,1
1904,Bristol City,Chesterfield,2,1,2,2,3,1,1
1904,Bristol City,Lincoln City,2,0,2,2,2,2,1
1904,Burnley,Blackpool,0,1,2,2,1,-1,0
1904,Burnley,Grimsby Town,1,0,2,2,1,1,1
1904,Burton United,Bolton Wanderers,0,1,2,2,1,-1,0
1904,Burton United,Burnley,3,1,2,2,4,2,1
1904,Burton United,Gainsborough Trinity,1,3,2,2,4,-2,0
1904,Burton United,Leicester City,0,3,2,2,3,-3,0
1904,Chesterfield,Barnsley,2,0,2,2,2,2,1
1904,Chesterfield,Burton United,6,0,2,2,6,6,1
1904,Chesterfield,Glossop North End,1,2,2,2,3,-1,0
1904,Doncaster Rovers,Chesterfield,0,2,2,2,2,-2,0
1904,Gainsborough Trinity,Leicester City,2,0,2,2,2,2,1
1904,Gainsborough Trinity,Manchester United,0,0,2,2,0,0,0
1904,Grimsby Town,Liverpool,0,1,2,2,1,-1,0
1904,Leicester City,Grimsby Town,5,1,2,2,6,4,1
1904,Lincoln City,Barnsley,2,0,2,2,2,2,1
1904,Lincoln City,Bradford City,1,1,2,2,2,0,0
1904,Lincoln City,Leicester City,5,1,2,2,6,4,1
1904,Liverpool,Bristol City,3,1,2,2,4,2,1
1904,Manchester United,Bolton Wanderers,1,2,2,2,3,-1,0
1904,Manchester United,Burnley,1,0,2,2,1,1,1
1904,Manchester United,Doncaster Rovers,6,0,2,2,6,6,1
1904,Port Vale,Barnsley,0,2,2,2,2,-2,0
1904,Port Vale,Bradford City,1,1,2,2,2,0,0
1904,Port Vale,Gainsborough Trinity,3,2,2,2,5,1,1
1904,Port Vale,Manchester United,2,2,2,2,4,0,0
1904,West Bromwich Albion,Blackpool,4,2,2,2,6,2,1
1904,West Bromwich Albion,Bristol City,0,0,2,2,0,0,0
1904,West Bromwich Albion,Glossop North End,1,0,2,2,1,1,1
1904,West Bromwich Albion,Lincoln City,2,0,2,2,2,2,1
1905,Arsenal,Sheffield United,5,1,1,1,6,4,1
1905,Aston Villa,Birmingham City,1,3,1,1,4,-2,0
1905,Aston Villa,Liverpool,5,0,1,1,5,5,1
1905,Aston Villa,Stoke City,3,0,1,1,3,3,1
1905,Birmingham City,Arsenal,2,1,1,1,3,1,1
1905,Birmingham City,Bolton Wanderers,2,5,1,1,7,-3,0
1905,Birmingham City,Everton,1,0,1,1,1,1,1
1905,Birmingham City,Middlesbrough,7,0,1,1,7,7,1
1905,Birmingham City,Notts County,4,2,1,1,6,2,1
1905,Birmingham City,Wolverhampton Wanderers,3,3,1,1,6,0,0
1905,Blackburn Rovers,Birmingham City,5,1,1,1,6,4,1
1905,Blackburn Rovers,Derby County,3,0,1,1,3,3,1
1905,Blackburn Rovers,Nottingham Forest,1,1,1,1,2,0,0
1905,Blackburn Rovers,Sunderland,0,3,1,1,3,-3,0
1905,Bolton Wanderers,Aston Villa,4,1,1,1,5,3,1
1905,Bolton Wanderers,Bury,4,0,1,1,4,4,1
1905,Bury,Arsenal,2,0,1,1,2,2,1
1905,Bury,Blackburn Rovers,5,0,1,1,5,5,1
1905,Derby County,Birmingham City,0,0,1,1,0,0,0
1905,Derby County,Bury,3,1,1,1,4,2,1
1905,Derby County,Manchester City,1,2,1,1,3,-1,0
1905,Derby County,Sheffield United,1,0,1,1,1,1,1
1905,Derby County,Sunderland,1,0,1,1,1,1,1
1905,Everton,Bolton Wanderers,3,1,1,1,4,2,1
1905,Everton,Newcastle United,1,2,1,1,3,-1,0
1905,Everton,Stoke City,0,3,1,1,3,-3,0
1905,Liverpool,Arsenal,3,0,1,1,3,3,1
1905,Liverpool,Notts County,2,0,1,1,2,2,1
1905,Liverpool,Sheffield Wednesday,2,1,1,1,3,1,1
1905,Liverpool,Wolverhampton Wanderers,4,0,1,1,4,4,1
1905,Manchester City,Sunderland,5,1,1,1,6,4,1
1905,Middlesbrough,Aston Villa,1,2,1,1,3,-1,0
1905,Middlesbrough,Everton,0,0,1,1,0,0,0
1905,Middlesbrough,Stoke City,5,0,1,1,5,5,1
1905,Newcastle United,Derby County,0,1,1,1,1,-1,0
1905,Newcastle United,Manchester City,2,2,1,1,4,0,0
1905,Newcastle United,Notts County,3,1,1,1,4,2,1
1905,Newcastle United,Sheffield Wednesday,0,3,1,1,3,-3,0
1905,Newcastle United,Wolverhampton Wanderers,8,0,1,1,8,8,1
1905,Nottingham Forest,Birmingham City,2,1,1,1,3,1,1
1905,Nottingham Forest,Bury,3,2,1,1,5,1,1
1905,Nottingham Forest,Liverpool,1,2,1,1,3,-1,0
1905,Nottingham Forest,Newcastle United,2,1,1,1,3,1,1
1905,Nottingham Forest,Sheffield United,4,1,1,1,5,3,1
1905,Notts County,Aston Villa,2,1,1,1,3,1,1
1905,Notts County,Middlesbrough,1,1,1,1,2,0,0
1905,Preston North End,Derby County,3,1,1,1,4,2,1
1905,Preston North End,Manchester City,2,0,1,1,2,2,1
1905,Preston North End,Nottingham Forest,3,1,1,1,4,2,1
1905,Sheffield United,Birmingham City,3,0,1,1,3,3,1
1905,Sheffield United,Bury,1,1,1,1,2,0,0
1905,Sheffield United,Preston North End,0,0,1,1,0,0,0
1905,Sheffield Wednesday,Aston Villa,2,2,1,1,4,0,0
1905,Sheffield Wednesday,Stoke City,2,0,1,1,2,2,1
1905,Stoke City,Arsenal,2,1,1,1,3,1,1
1905,Stoke City,Blackburn Rovers,3,0,1,1,3,3,1
1905,Stoke City,Manchester City,0,0,1,1,0,0,0
1905,Stoke City,Nottingham Forest,4,0,1,1,4,4,1
1905,Sunderland,Preston North End,2,0,1,1,2,2,1
1905,Sunderland,Stoke City,1,0,1,1,1,1,1
1905,Wolverhampton Wanderers,Aston Villa,4,1,1,1,5,3,1
1905,Wolverhampton Wanderers,Bolton Wanderers,2,0,1,1,2,2,1
1905,Wolverhampton Wanderers,Notts County,6,1,1,1,7,5,1
1905,Wolverhampton Wanderers,Sheffield Wednesday,0,0,1,1,0,0,0
1905,Barnsley,Chesterfield,8,1,2,2,9,7,1
1905,Barnsley,Grimsby Town,2,0,2,2,2,2,1
1905,Barnsley,Leicester City,0,0,2,2,0,0,0
1905,Barnsley,Manchester United,0,3,2,2,3,-3,0
1905,Barnsley,West Bromwich Albion,3,0,2,2,3,3,1
1905,Blackpool,Bristol City,1,3,2,2,4,-2,0
1905,Blackpool,Chelsea,0,1,2,2,1,-1,0
1905,Blackpool,Leeds City,0,3,2,2,3,-3,0
1905,Bradford City,Blackpool,2,1,2,2,3,1,1
1905,Bradford City,Gainsborough Trinity,1,2,2,2,3,-1,0
1905,Bradford City,Hull City,0,2,2,2,2,-2,0
1905,Bradford City,Leyton Orient,3,0,2,2,3,3,1
1905,Bradford City,Port Vale,2,0,2,2,2,2,1
1905,Bristol City,Barnsley,3,0,2,2,3,3,1
1905,Bristol City,Chesterfield,3,1,2,2,4,2,1
1905,Bristol City,Grimsby Town,2,0,2,2,2,2,1
1905,Bristol City,Leicester City,1,2,2,2,3,-1,0
1905,Bristol City,West Bromwich Albion,1,0,2,2,1,1,1
1905,Burnley,Glossop North End,1,0,2,2,1,1,1
1905,Burton United,Hull City,0,3,2,2,3,-3,0
1905,Chelsea,Barnsley,6,0,2,2,6,6,1
1905,Chelsea,Grimsby Town,2,0,2,2,2,2,1
1905,Chesterfield,Bradford City,1,1,2,2,2,0,0
1905,Chesterfield,Leeds City,0,2,2,2,2,-2,0
1905,Chesterfield,Lincoln City,1,2,2,2,3,-1,0
1905,Gainsborough Trinity,Burnley,0,1,2,2,1,-1,0
1905,Gainsborough Trinity,Hull City,3,1,2,2,4,2,1
1905,Glossop North End,Bristol City,1,5,2,2,6,-4,0
1905,Glossop North End,Chelsea,2,4,2,2,6,-2,0
1905,Glossop North End,Manchester United,1,2,2,2,3,-1,0
1905,Glossop North End,West Bromwich Albion,1,3,2,2,4,-2,0
1905,Grimsby Town,Burton United,1,0,2,2,1,1,1
1905,Grimsby Town,Lincoln City,2,2,2,2,4,0,0
1905,Grimsby Town,Stockport County,2,0,2,2,2,2,1
1905,Hull City,Chesterfield,3,0,2,2,3,3,1
1905,Hull City,Grimsby Town,0,1,2,2,1,-1,0
1905,Hull City,Leyton Orient,3,1,2,2,4,2,1
1905,Hull City,Port Vale,3,2,2,2,5,1,1
1905,Leeds City,Bristol City,1,1,2,2,2,0,0
1905,Leeds City,Chelsea,0,0,2,2,0,0,0
1905,Leeds City,Glossop North End,1,0,2,2,1,1,1
1905,Leeds City,West Bromwich Albion,0,2,2,2,2,-2,0
1905,Leicester City,Burton United,1,1,2,2,2,0,0
1905,Leicester City,Hull City,1,2,2,2,3,-1,0
1905,Leicester City,Stockport County,2,0,2,2,2,2,1
1905,Leyton Orient,Blackpool,0,0,2,2,0,0,0
1905,Leyton Orient,Chesterfield,3,3,2,2,6,0,0
1905,Leyton Orient,Leicester City,0,2,2,2,2,-2,0
1905,Lincoln City,Barnsley,4,1,2,2,5,3,1
1905,Lincoln City,Chelsea,1,4,2,2,5,-3,0
1905,Lincoln City,Leeds City,1,2,2,2,3,-1,0
1905,Lincoln City,Manchester United,2,3,2,2,5,-1,0
1905,Manchester United,Bradford City,0,0,2,2,0,0,0
1905,Manchester United,Burton United,6,0,2,2,6,6,1
1905,Manchester United,Leyton Orient,4,0,2,2,4,4,1
1905,Port Vale,Burnley,2,2,2,2,4,0,0
1905,Port Vale,Chesterfield,4,3,2,2,7,1,1
1905,Port Vale,Grimsby Town,2,2,2,2,4,0,0
1905,Port Vale,Leicester City,2,0,2,2,2,2,1
1905,Stockport County,Barnsley,0,0,2,2,0,0,0
1905,Stockport County,Bristol City,2,3,2,2,5,-1,0
1905,Stockport County,Leeds City,2,1,2,2,3,1,1
1905,Stockport County,West Bromwich Albion,2,2,2,2,4,0,0
1905,West Bromwich Albion,Bradford City,6,1,2,2,7,5,1
1905,West Bromwich Albion,Burton United,3,0,2,2,3,3,1
1905,West Bromwich Albion,Gainsborough Trinity,4,0,2,2,4,4,1
1905,West Bromwich Albion,Leyton Orient,1,1,2,2,2,0,0
1905,West Bromwich Albion,Port Vale,4,1,2,2,5,3,1
1906,Arsenal,Bristol City,1,2,1,1,3,-1,0
1906,Arsenal,Everton,3,1,1,1,4,2,1
1906,Aston Villa,Arsenal,2,2,1,1,4,0,0
1906,Aston Villa,Bolton Wanderers,0,2,1,1,2,-2,0
1906,Aston Villa,Manchester City,4,1,1,1,5,3,1
1906,Aston Villa,Newcastle United,0,0,1,1,0,0,0
1906,Aston Villa,Sunderland,2,2,1,1,4,0,0
1906,Birmingham City,Blackburn Rovers,2,0,1,1,2,2,1
1906,Birmingham City,Bury,3,1,1,1,4,2,1
1906,Birmingham City,Preston North End,3,0,1,1,3,3,1
1906,Blackburn Rovers,Bristol City,0,1,1,1,1,-1,0
1906,Blackburn Rovers,Everton,2,1,1,1,3,1,1
1906,Blackburn Rovers,Notts County,0,2,1,1,2,-2,0
1906,Blackburn Rovers,Sheffield Wednesday,0,2,1,1,2,-2,0
1906,Bolton Wanderers,Arsenal,3,0,1,1,3,3,1
1906,Bolton Wanderers,Derby County,1,0,1,1,1,1,1
1906,Bristol City,Liverpool,3,1,1,1,4,2,1
1906,Bristol City,Stoke City,4,0,1,1,4,4,1
1906,Bury,Aston Villa,0,3,1,1,3,-3,0
1906,Bury,Bolton Wanderers,2,3,1,1,5,-1,0
1906,Bury,Notts County,3,0,1,1,3,3,1
1906,Bury,Sheffield Wednesday,0,0,1,1,0,0,0
1906,Derby County,Bury,2,1,1,1,3,1,1
1906,Derby County,Newcastle United,0,0,1,1,0,0,0
1906,Everton,Birmingham City,3,0,1,1,3,3,1
1906,Everton,Liverpool,0,0,1,1,0,0,0
1906,Everton,Preston North End,1,0,1,1,1,1,1
1906,Liverpool,Aston Villa,5,2,1,1,7,3,1
1906,Liverpool,Bolton Wanderers,0,2,1,1,2,-2,0
1906,Liverpool,Derby County,2,0,1,1,2,2,1
1906,Liverpool,Notts County,5,1,1,1,6,4,1
1906,Manchester City,Arsenal,1,4,1,1,5,-3,0
1906,Manchester City,Bury,2,2,1,1,4,0,0
1906,Manchester United,Birmingham City,2,1,1,1,3,1,1
1906,Manchester United,Bristol City,0,0,1,1,0,0,0
1906,Manchester United,Preston North End,3,0,1,1,3,3,1
1906,Middlesbrough,Manchester City,2,3,1,1,5,-1,0
1906,Newcastle United,Arsenal,1,0,1,1,1,1,1
1906,Newcastle United,Blackburn Rovers,3,1,1,1,4,2,1
1906,Newcastle United,Bury,3,2,1,1,5,1,1
1906,Newcastle United,Liverpool,2,0,1,1,2,2,1
1906,Newcastle United,Sheffield United,0,0,1,1,0,0,0
1906,Notts County,Birmingham City,2,2,1,1,4,0,0
1906,Notts County,Bristol City,2,3,1,1,5,-1,0
1906,Notts County,Manchester United,3,0,1,1,3,3,1
1906,Notts County,Preston North End,0,0,1,1,0,0,0
1906,Notts County,Stoke City,2,2,1,1,4,0,0
1906,Preston North End,Aston Villa,2,0,1,1,2,2,1
1906,Preston North End,Manchester City,1,3,1,1,4,-2,0
1906,Preston North End,Sheffield Wednesday,1,0,1,1,1,1,1
1906,Sheffield United,Preston North End,3,1,1,1,4,2,1
1906,Sheffield United,Sunderland,3,2,1,1,5,1,1
1906,Sheffield Wednesday,Birmingham City,0,1,1,1,1,-1,0
1906,Sheffield Wednesday,Everton,1,1,1,1,2,0,0
1906,Sheffield Wednesday,Manchester United,5,2,1,1,7,3,1
1906,Stoke City,Manchester City,3,0,1,1,3,3,1
1906,Stoke City,Sheffield United,1,1,1,1,2,0,0
1906,Sunderland,Bury,3,5,1,1,8,-2,0
1906,Sunderland,Middlesbrough,4,2,1,1,6,2,1
1906,Sunderland,Preston North End,1,0,1,1,1,1,1
1906,Barnsley,Grimsby Town,1,1,2,2,2,0,0
1906,Barnsley,Leicester City,2,2,2,2,4,0,0
1906,Barnsley,Nottingham Forest,0,1,2,2,1,-1,0
1906,Blackpool,Chelsea,0,0,2,2,0,0,0
1906,Blackpool,Glossop North End,4,1,2,2,5,3,1
1906,Blackpool,Lincoln City,2,0,2,2,2,2,1
1906,Bradford City,Burton United,2,3,2,2,5,-1,0
1906,Bradford City,Hull City,1,0,2,2,1,1,1
1906,Bradford City,Leyton Orient,5,2,2,2,7,3,1
1906,Bradford City,Port Vale,3,2,2,2,5,1,1
1906,Bradford City,Wolverhampton Wanderers,2,3,2,2,5,-1,0
1906,Burnley,Bradford City,0,1,2,2,1,-1,0
1906,Burnley,Chesterfield,0,0,2,2,0,0,0
1906,Burnley,Grimsby Town,2,0,2,2,2,2,1
1906,Burnley,Leicester City,5,0,2,2,5,5,1
1906,Burnley,West Bromwich Albion,0,1,2,2,1,-1,0
1906,Burton United,Blackpool,0,0,2,2,0,0,0
1906,Burton United,Glossop North End,1,2,2,2,3,-1,0
1906,Burton United,Lincoln City,3,4,2,2,7,-1,0
1906,Burton United,Stockport County,0,1,2,2,1,-1,0
1906,Chelsea,Gainsborough Trinity,4,1,2,2,5,3,1
1906,Chelsea,Hull City,3,0,2,2,3,3,1
1906,Chelsea,Port Vale,2,1,2,2,3,1,1
1906,Chelsea,Wolverhampton Wanderers,4,0,2,2,4,4,1
1906,Chesterfield,Grimsby Town,1,3,2,2,4,-2,0
1906,Chesterfield,Leicester City,2,1,2,2,3,1,1
1906,Chesterfield,Nottingham Forest,1,1,2,2,2,0,0
1906,Gainsborough Trinity,Blackpool,2,0,2,2,2,2,1
1906,Gainsborough Trinity,Burton United,2,0,2,2,2,2,1
1906,Gainsborough Trinity,Glossop North End,2,1,2,2,3,1,1
1906,Gainsborough Trinity,Lincoln City,2,1,2,2,3,1,1
1906,Gainsborough Trinity,Stockport County,3,1,2,2,4,2,1
1906,Glossop North End,Burnley,1,0,2,2,1,1,1
1906,Grimsby Town,Chelsea,2,1,2,2,3,1,1
1906,Hull City,Blackpool,3,0,2,2,3,3,1
1906,Leeds City,Wolverhampton Wanderers,2,0,2,2,2,2,1
1906,Leicester City,Bradford City,1,0,2,2,1,1,1
1906,Leicester City,Leeds City,2,2,2,2,4,0,0
1906,Leicester City,Nottingham Forest,1,2,2,2,3,-1,0
1906,Leyton Orient,Burton United,1,0,2,2,1,1,1
1906,Leyton Orient,Gainsborough Trinity,3,1,2,2,4,2,1
1906,Leyton Orient,Lincoln City,1,1,2,2,2,0,0
1906,Leyton Orient,Stockport County,1,1,2,2,2,0,0
1906,Lincoln City,Burnley,1,2,2,2,3,-1,0
1906,Lincoln City,Chesterfield,1,0,2,2,1,1,1
1906,Lincoln City,Leicester City,2,2,2,2,4,0,0
1906,Nottingham Forest,Glossop North End,2,0,2,2,2,2,1
1906,Nottingham Forest,West Bromwich Albion,3,1,2,2,4,2,1
1906,Port Vale,Burton United,0,0,2,2,0,0,0
1906,Port Vale,Stockport County,5,0,2,2,5,5,1
1906,Stockport County,Barnsley,0,0,2,2,0,0,0
1906,Stockport County,Burnley,2,1,2,2,3,1,1
1906,Stockport County,Chesterfield,1,1,2,2,2,0,0
1906,Stockport County,Grimsby Town,3,0,2,2,3,3,1
1906,Stockport County,Nottingham Forest,0,0,2,2,0,0,0
1906,West Bromwich Albion,Glossop North End,5,1,2,2,6,4,1
1906,West Bromwich Albion,Lincoln City,2,1,2,2,3,1,1
1906,West Bromwich Albion,Stockport County,1,1,2,2,2,0,0
1906,Wolverhampton Wanderers,Blackpool,1,1,2,2,2,0,0
1906,Wolverhampton Wanderers,Burton United,3,0,2,2,3,3,1
1907,Arsenal,Bolton Wanderers,1,1,1,1,2,0,0
1907,Arsenal,Manchester City,2,1,1,1,3,1,1
1907,Aston Villa,Bury,2,2,1,1,4,0,0
1907,Aston Villa,Liverpool,5,1,1,1,6,4,1
1907,Aston Villa,Notts County,5,1,1,1,6,4,1
1907,Birmingham City,Aston Villa,2,3,1,1,5,-1,0
1907,Birmingham City,Bristol City,0,4,1,1,4,-4,0
1907,Birmingham City,Nottingham Forest,1,0,1,1,1,1,1
1907,Blackburn Rovers,Manchester City,0,0,1,1,0,0,0
1907,Blackburn Rovers,Preston North End,1,1,1,1,2,0,0
1907,Blackburn Rovers,Sunderland,4,2,1,1,6,2,1
1907,Bolton Wanderers,Birmingham City,1,0,1,1,1,1,1
1907,Bolton Wanderers,Middlesbrough,1,1,1,1,2,0,0
1907,Bolton Wanderers,Notts County,0,1,1,1,1,-1,0
1907,Bristol City,Aston Villa,2,2,1,1,4,0,0
1907,Bristol City,Everton,3,2,1,1,5,1,1
1907,Bristol City,Manchester United,1,1,1,1,2,0,0
1907,Bristol City,Sheffield United,3,2,1,1,5,1,1
1907,Bury,Arsenal,3,2,1,1,5,1,1
1907,Bury,Blackburn Rovers,1,1,1,1,2,0,0
1907,Bury,Chelsea,1,1,1,1,2,0,0
1907,Bury,Manchester City,0,0,1,1,0,0,0
1907,Bury,Newcastle United,1,2,1,1,3,-1,0
1907,Bury,Sunderland,2,1,1,1,3,1,1
1907,Chelsea,Birmingham City,2,2,1,1,4,0,0
1907,Chelsea,Bristol City,4,1,1,1,5,3,1
1907,Chelsea,Liverpool,0,2,1,1,2,-2,0
1907,Chelsea,Middlesbrough,1,0,1,1,1,1,1
1907,Everton,Aston Villa,1,0,1,1,1,1,1
1907,Everton,Nottingham Forest,1,0,1,1,1,1,1
1907,Liverpool,Blackburn Rovers,2,0,1,1,2,2,1
1907,Liverpool,Bury,2,1,1,1,3,1,1
1907,Liverpool,Manchester City,0,1,1,1,1,-1,0
1907,Liverpool,Preston North End,1,2,1,1,3,-1,0
1907,Manchester City,Middlesbrough,2,1,1,1,3,1,1
1907,Manchester United,Chelsea,1,0,1,1,1,1,1
1907,Middlesbrough,Arsenal,0,0,1,1,0,0,0
1907,Middlesbrough,Bury,0,2,1,1,2,-2,0
1907,Newcastle United,Everton,2,1,1,1,3,1,1
1907,Newcastle United,Manchester United,1,6,1,1,7,-5,0
1907,Newcastle United,Sheffield Wednesday,2,1,1,1,3,1,1
1907,Nottingham Forest,Bolton Wanderers,1,0,1,1,1,1,1
1907,Nottingham Forest,Chelsea,6,0,1,1,6,6,1
1907,Nottingham Forest,Manchester City,3,1,1,1,4,2,1
1907,Nottingham Forest,Newcastle United,0,0,1,1,0,0,0
1907,Notts County,Bury,2,1,1,1,3,1,1
1907,Notts County,Middlesbrough,2,0,1,1,2,2,1
1907,Notts County,Preston North End,0,1,1,1,1,-1,0
1907,Notts County,Sunderland,4,0,1,1,4,4,1
1907,Preston North End,Birmingham City,1,1,1,1,2,0,0
1907,Preston North End,Bristol City,3,0,1,1,3,3,1
1907,Preston North End,Everton,2,2,1,1,4,0,0
1907,Preston North End,Manchester United,0,0,1,1,0,0,0
1907,Sheffield United,Bolton Wanderers,1,0,1,1,1,1,1
1907,Sheffield United,Preston North End,2,0,1,1,2,2,1
1907,Sheffield Wednesday,Arsenal,6,0,1,1,6,6,1
1907,Sheffield Wednesday,Notts County,2,0,1,1,2,2,1
1907,Sheffield Wednesday,Sunderland,2,3,1,1,5,-1,0
1907,Sunderland,Bristol City,3,3,1,1,6,0,0
1907,Sunderland,Nottingham Forest,7,2,1,1,9,5,1
1907,Blackpool,Barnsley,1,1,2,2,2,0,0
1907,Blackpool,Leyton Orient,5,0,2,2,5,5,1
1907,Blackpool,Stockport County,1,3,2,2,4,-2,0
1907,Bradford City,Burnley,2,0,2,2,2,2,1
1907,Bradford City,Fulham,1,3,2,2,4,-2,0
1907,Bradford City,Oldham Athletic,1,0,2,2,1,1,1
1907,Burnley,Leeds City,1,0,2,2,1,1,1
1907,Burnley,Stoke City,3,1,2,2,4,2,1
1907,Chesterfield,Stockport County,4,1,2,2,5,3,1
1907,Derby County,Bradford City,2,3,2,2,5,-1,0
1907,Derby County,Fulham,0,1,2,2,1,-1,0
1907,Derby County,Grimsby Town,4,0,2,2,4,4,1
1907,Derby County,Leicester City,1,2,2,2,3,-1,0
1907,Derby County,Oldham Athletic,1,0,2,2,1,1,1
1907,Derby County,West Bromwich Albion,2,0,2,2,2,2,1
1907,Fulham,Blackpool,3,0,2,2,3,3,1
1907,Fulham,Chesterfield,5,0,2,2,5,5,1
1907,Fulham,Leeds City,2,0,2,2,2,2,1
1907,Fulham,Lincoln City,6,1,2,2,7,5,1
1907,Gainsborough Trinity,Burnley,2,0,2,2,2,2,1
1907,Gainsborough Trinity,Fulham,3,3,2,2,6,0,0
1907,Gainsborough Trinity,Hull City,1,2,2,2,3,-1,0
1907,Gainsborough Trinity,Stockport County,3,2,2,2,5,1,1
1907,Glossop North End,Bradford City,2,2,2,2,4,0,0
1907,Glossop North End,Leicester City,2,3,2,2,5,-1,0
1907,Glossop North End,Oldham Athletic,0,0,2,2,0,0,0
1907,Grimsby Town,Blackpool,2,2,2,2,4,0,0
1907,Grimsby Town,Chesterfield,4,3,2,2,7,1,1
1907,Grimsby Town,Gainsborough Trinity,1,4,2,2,5,-3,0
1907,Grimsby Town,Leeds City,2,0,2,2,2,2,1
1907,Grimsby Town,Lincoln City,0,2,2,2,2,-2,0
1907,Hull City,Burnley,3,1,2,2,4,2,1
1907,Hull City,Fulham,1,2,2,2,3,-1,0
1907,Hull City,Stockport County,0,0,2,2,0,0,0
1907,Hull City,Wolverhampton Wanderers,2,0,2,2,2,2,1
1907,Leeds City,Bradford City,0,1,2,2,1,-1,0
1907,Leicester City,Blackpool,2,1,2,2,3,1,1
1907,Leicester City,Chesterfield,3,1,2,2,4,2,1
1907,Leicester City,Gainsborough Trinity,3,0,2,2,3,3,1
1907,Leicester City,Lincoln City,1,0,2,2,1,1,1
1907,Leyton Orient,Barnsley,2,0,2,2,2,2,1
1907,Leyton Orient,Grimsby Town,2,1,2,2,3,1,1
1907,Leyton Orient,Leicester City,0,1,2,2,1,-1,0
1907,Leyton Orient,Stockport County,4,1,2,2,5,3,1
1907,Leyton Orient,Wolverhampton Wanderers,1,1,2,2,2,0,0
1907,Lincoln City,Bradford City,2,4,2,2,6,-2,0
1907,Lincoln City,Glossop North End,0,1,2,2,1,-1,0
1907,Lincoln City,Leeds City,5,0,2,2,5,5,1
1907,Lincoln City,Oldham Athletic,0,2,2,2,2,-2,0
1907,Stockport County,Oldham Athletic,2,3,2,2,5,-1,0
1907,Stoke City,Derby County,0,3,2,2,3,-3,0
1907,Stoke City,Glossop North End,4,0,2,2,4,4,1
1907,Stoke City,Leeds City,2,1,2,2,3,1,1
1907,Stoke City,Lincoln City,3,0,2,2,3,3,1
1907,Stoke City,West Bromwich Albion,1,1,2,2,2,0,0
1907,West Bromwich Albion,Hull City,1,0,2,2,1,1,1
1907,West Bromwich Albion,Leyton Orient,3,0,2,2,3,3,1
1907,West Bromwich Albion,Stockport County,2,0,2,2,2,2,1
1907,Wolverhampton Wanderers,Leicester City,0,0,2,2,0,0,0
1907,Wolverhampton Wanderers,West Bromwich Albion,1,2,2,2,3,-1,0
1908,Arsenal,Bradford City,1,0,1,1,1,1,1
1908,Arsenal,Liverpool,5,0,1,1,5,5,1
1908,Arsenal,Sheffield Wednesday,2,0,1,1,2,2,1
1908,Blackburn Rovers,Newcastle United,2,4,1,1,6,-2,0
1908,Blackburn Rovers,Sunderland,8,1,1,1,9,7,1
1908,Bradford City,Blackburn Rovers,0,2,1,1,2,-2,0
1908,Bradford City,Liverpool,0,2,1,1,2,-2,0
1908,Bradford City,Middlesbrough,0,2,1,1,2,-2,0
1908,Bradford City,Notts County,2,2,1,1,4,0,0
1908,Bradford City,Sheffield Wednesday,0,0,1,1,0,0,0
1908,Bristol City,Aston Villa,0,0,1,1,0,0,0
1908,Bristol City,Nottingham Forest,2,1,1,1,3,1,1
1908,Bristol City,Sheffield United,1,1,1,1,2,0,0
1908,Bury,Arsenal,1,1,1,1,2,0,0
1908,Bury,Bradford City,2,1,1,1,3,1,1
1908,Bury,Newcastle United,1,1,1,1,2,0,0
1908,Bury,Sunderland,4,2,1,1,6,2,1
1908,Chelsea,Blackburn Rovers,1,1,1,1,2,0,0
1908,Everton,Bristol City,5,2,1,1,7,3,1
1908,Everton,Leicester City,4,2,1,1,6,2,1
1908,Everton,Nottingham Forest,3,3,1,1,6,0,0
1908,Leicester City,Arsenal,1,1,1,1,2,0,0
1908,Leicester City,Manchester City,3,1,1,1,4,2,1
1908,Leicester City,Preston North End,0,0,1,1,0,0,0
1908,Leicester City,Sunderland,4,3,1,1,7,1,1
1908,Liverpool,Blackburn Rovers,1,1,1,1,2,0,0
1908,Liverpool,Leicester City,4,1,1,1,5,3,1
1908,Manchester City,Everton,4,0,1,1,4,4,1
1908,Manchester City,Manchester United,1,2,1,1,3,-1,0
1908,Manchester City,Nottingham Forest,2,1,1,1,3,1,1
1908,Manchester City,Sheffield United,1,3,1,1,4,-2,0
1908,Manchester United,Arsenal,1,4,1,1,5,-3,0
1908,Manchester United,Chelsea,0,1,1,1,1,-1,0
1908,Manchester United,Liverpool,3,2,1,1,5,1,1
1908,Manchester United,Newcastle United,1,0,1,1,1,1,1
1908,Manchester United,Sunderland,2,2,1,1,4,0,0
1908,Middlesbrough,Bury,0,1,1,1,1,-1,0
1908,Middlesbrough,Notts County,1,2,1,1,3,-1,0
1908,Middlesbrough,Sheffield Wednesday,2,1,1,1,3,1,1
1908,Newcastle United,Aston Villa,0,2,1,1,2,-2,0
1908,Newcastle United,Manchester City,2,0,1,1,2,2,1
1908,Newcastle United,Sheffield United,4,0,1,1,4,4,1
1908,Nottingham Forest,Arsenal,0,1,1,1,1,-1,0
1908,Nottingham Forest,Bradford City,2,1,1,1,3,1,1
1908,Nottingham Forest,Liverpool,5,1,1,1,6,4,1
1908,Nottingham Forest,Preston North End,1,1,1,1,2,0,0
1908,Notts County,Bury,3,2,1,1,5,1,1
1908,Notts County,Sheffield Wednesday,1,0,1,1,1,1,1
1908,Preston North End,Aston Villa,3,2,1,1,5,1,1
1908,Preston North End,Newcastle United,0,1,1,1,1,-1,0
1908,Sheffield United,Arsenal,1,1,1,1,2,0,0
1908,Sheffield United,Middlesbrough,2,0,1,1,2,2,1
1908,Sheffield United,Sunderland,0,2,1,1,2,-2,0
1908,Sheffield Wednesday,Blackburn Rovers,1,2,1,1,3,-1,0
1908,Sheffield Wednesday,Leicester City,3,1,1,1,4,2,1
1908,Sheffield Wednesday,Manchester United,2,0,1,1,2,2,1
1908,Sheffield Wednesday,Nottingham Forest,3,0,1,1,3,3,1
1908,Sheffield Wednesday,Sheffield United,1,0,1,1,1,1,1
1908,Sunderland,Aston Villa,4,3,1,1,7,1,1
1908,Sunderland,Bristol City,0,2,1,1,2,-2,0
1908,Sunderland,Manchester City,2,0,1,1,2,2,1
1908,Sunderland,Newcastle United,3,1,1,1,4,2,1
1908,Sunderland,Preston North End,2,1,1,1,3,1,1
1908,Barnsley,Leeds City,2,1,2,2,3,1,1
1908,Barnsley,Wolverhampton Wanderers,1,1,2,2,2,0,0
1908,Birmingham City,Bolton Wanderers,2,0,2,2,2,2,1
1908,Birmingham City,Chesterfield,3,0,2,2,3,3,1
1908,Birmingham City,Gainsborough Trinity,2,2,2,2,4,0,0
1908,Birmingham City,Hull City,1,2,2,2,3,-1,0
1908,Blackpool,Birmingham City,2,0,2,2,2,2,1
1908,Blackpool,Burnley,0,0,2,2,0,0,0
1908,Blackpool,Fulham,2,0,2,2,2,2,1
1908,Bolton Wanderers,Derby County,1,0,2,2,1,1,1
1908,Bolton Wanderers,Glossop North End,2,0,2,2,2,2,1
1908,Bolton Wanderers,Leeds City,2,0,2,2,2,2,1
1908,Bolton Wanderers,Wolverhampton Wanderers,1,1,2,2,2,0,0
1908,Bradford Park Avenue,Chesterfield,1,0,2,2,1,1,1
1908,Bradford Park Avenue,Gainsborough Trinity,4,1,2,2,5,3,1
1908,Bradford Park Avenue,West Bromwich Albion,0,0,2,2,0,0,0
1908,Burnley,Birmingham City,1,1,2,2,2,0,0
1908,Burnley,Bradford Park Avenue,3,3,2,2,6,0,0
1908,Burnley,Grimsby Town,2,0,2,2,2,2,1
1908,Burnley,Leyton Orient,0,1,2,2,1,-1,0
1908,Chesterfield,Barnsley,1,0,2,2,1,1,1
1908,Chesterfield,Derby County,2,4,2,2,6,-2,0
1908,Chesterfield,Glossop North End,2,1,2,2,3,1,1
1908,Chesterfield,Stockport County,1,2,2,2,3,-1,0
1908,Derby County,Burnley,1,0,2,2,1,1,1
1908,Derby County,Gainsborough Trinity,5,0,2,2,5,5,1
1908,Fulham,Leyton Orient,1,2,2,2,3,-1,0
1908,Fulham,Tottenham Hotspur,2,3,2,2,5,-1,0
1908,Gainsborough Trinity,Bolton Wanderers,2,1,2,2,3,1,1
1908,Gainsborough Trinity,Glossop North End,3,1,2,2,4,2,1
1908,Glossop North End,Oldham Athletic,2,1,2,2,3,1,1
1908,Grimsby Town,Derby County,2,0,2,2,2,2,1
1908,Grimsby Town,Tottenham Hotspur,1,2,2,2,3,-1,0
1908,Hull City,Gainsborough Trinity,5,1,2,2,6,4,1
1908,Hull City,Wolverhampton Wanderers,0,1,2,2,1,-1,0
1908,Leeds City,Burnley,1,1,2,2,2,0,0
1908,Leeds City,Grimsby Town,4,1,2,2,5,3,1
1908,Leeds City,West Bromwich Albion,1,1,2,2,2,0,0
1908,Leyton Orient,Bradford Park Avenue,2,0,2,2,2,2,1
1908,Leyton Orient,Derby County,2,0,2,2,2,2,1
1908,Leyton Orient,Glossop North End,0,2,2,2,2,-2,0
1908,Oldham Athletic,Gainsborough Trinity,2,0,2,2,2,2,1
1908,Oldham Athletic,Hull City,2,2,2,2,4,0,0
1908,Oldham Athletic,Stockport County,0,1,2,2,1,-1,0
1908,Oldham Athletic,Wolverhampton Wanderers,2,1,2,2,3,1,1
1908,Stockport County,Burnley,2,1,2,2,3,1,1
1908,Stockport County,West Bromwich Albion,0,0,2,2,0,0,0
1908,Tottenham Hotspur,Birmingham City,4,0,2,2,4,4,1
1908,Tottenham Hotspur,Bradford Park Avenue,3,0,2,2,3,3,1
1908,Tottenham Hotspur,Stockport County,0,0,2,2,0,0,0
1908,West Bromwich Albion,Bolton Wanderers,2,0,2,2,2,2,1
1908,West Bromwich Albion,Chesterfield,2,2,2,2,4,0,0
1908,West Bromwich Albion,Hull City,1,0,2,2,1,1,1
1908,West Bromwich Albion,Wolverhampton Wanderers,0,2,2,2,2,-2,0
1908,Wolverhampton Wanderers,Blackpool,2,2,2,2,4,0,0
1908,Wolverhampton Wanderers,Grimsby Town,0,0,2,2,0,0,0
1908,Wolverhampton Wanderers,Tottenham Hotspur,1,0,2,2,1,1,1
1909,Arsenal,Everton,1,0,1,1,1,1,1
1909,Arsenal,Middlesbrough,3,0,1,1,3,3,1
1909,Aston Villa,Arsenal,5,1,1,1,6,4,1
1909,Aston Villa,Chelsea,4,1,1,1,5,3,1
1909,Aston Villa,Manchester United,7,1,1,1,8,6,1
1909,Aston Villa,Nottingham Forest,0,0,1,1,0,0,0
1909,Aston Villa,Sheffield United,2,1,1,1,3,1,1
1909,Blackburn Rovers,Bolton Wanderers,4,2,1,1,6,2,1
1909,Blackburn Rovers,Liverpool,1,1,1,1,2,0,0
1909,Blackburn Rovers,Preston North End,2,2,1,1,4,0,0
1909,Bolton Wanderers,Aston Villa,1,2,1,1,3,-1,0
1909,Bolton Wanderers,Bristol City,4,2,1,1,6,2,1
1909,Bolton Wanderers,Sheffield Wednesday,0,2,1,1,2,-2,0
1909,Bradford City,Arsenal,0,1,1,1,1,-1,0
1909,Bradford City,Bolton Wanderers,1,0,1,1,1,1,1
1909,Bradford City,Manchester United,0,2,1,1,2,-2,0
1909,Bradford City,Tottenham Hotspur,5,1,1,1,6,4,1
1909,Bristol City,Blackburn Rovers,2,2,1,1,4,0,0
1909,Bristol City,Liverpool,0,1,1,1,1,-1,0
1909,Bristol City,Preston North End,2,0,1,1,2,2,1
1909,Bury,Aston Villa,0,2,1,1,2,-2,0
1909,Bury,Everton,2,2,1,1,4,0,0
1909,Bury,Notts County,1,1,1,1,2,0,0
1909,Chelsea,Bury,2,0,1,1,2,2,1
1909,Chelsea,Nottingham Forest,0,1,1,1,1,-1,0
1909,Chelsea,Sheffield United,2,2,1,1,4,0,0
1909,Chelsea,Tottenham Hotspur,2,1,1,1,3,1,1
1909,Everton,Blackburn Rovers,0,2,1,1,2,-2,0
1909,Everton,Bristol City,1,0,1,1,1,1,1
1909,Everton,Newcastle United,1,4,1,1,5,-3,0
1909,Liverpool,Aston Villa,2,0,1,1,2,2,1
1909,Manchester United,Arsenal,1,0,1,1,1,1,1
1909,Manchester United,Bury,2,0,1,1,2,2,1
1909,Manchester United,Tottenham Hotspur,5,0,1,1,5,5,1
1909,Middlesbrough,Everton,1,1,1,1,2,0,0
1909,Middlesbrough,Newcastle United,1,1,1,1,2,0,0
1909,Middlesbrough,Preston North End,1,0,1,1,1,1,1
1909,Middlesbrough,Sunderland,3,2,1,1,5,1,1
1909,Newcastle United,Aston Villa,1,0,1,1,1,1,1
1909,Newcastle United,Bradford City,1,0,1,1,1,1,1
1909,Newcastle United,Chelsea,1,0,1,1,1,1,1
1909,Newcastle United,Sheffield Wednesday,3,1,1,1,4,2,1
1909,Nottingham Forest,Liverpool,1,4,1,1,5,-3,0
1909,Notts County,Everton,2,3,1,1,5,-1,0
1909,Notts County,Middlesbrough,2,1,1,1,3,1,1
1909,Preston North End,Manchester United,1,0,1,1,1,1,1
1909,Preston North End,Sheffield Wednesday,1,0,1,1,1,1,1
1909,Sheffield United,Arsenal,2,0,1,1,2,2,1
1909,Sheffield United,Bolton Wanderers,2,2,1,1,4,0,0
1909,Sheffield United,Bury,2,0,1,1,2,2,1
1909,Sheffield United,Liverpool,4,2,1,1,6,2,1
1909,Sheffield United,Newcastle United,4,0,1,1,4,4,1
1909,Sheffield United,Tottenham Hotspur,1,1,1,1,2,0,0
1909,Sheffield Wednesday,Blackburn Rovers,2,1,1,1,3,1,1
1909,Sheffield Wednesday,Bristol City,2,0,1,1,2,2,1
1909,Sheffield Wednesday,Everton,1,3,1,1,4,-2,0
1909,Sunderland,Aston Villa,1,1,1,1,2,0,0
1909,Sunderland,Chelsea,4,0,1,1,4,4,1
1909,Sunderland,Nottingham Forest,2,1,1,1,3,1,1
1909,Sunderland,Sheffield United,1,0,1,1,1,1,1
1909,Tottenham Hotspur,Bury,1,0,1,1,1,1,1
1909,Tottenham Hotspur,Sunderland,5,1,1,1,6,4,1
1909,Barnsley,Fulham,2,1,2,2,3,1,1
1909,Barnsley,Leicester City,3,1,2,2,4,2,1
1909,Barnsley,West Bromwich Albion,2,1,2,2,3,1,1
1909,Birmingham City,Blackpool,1,2,2,2,3,-1,0
1909,Birmingham City,Derby County,1,3,2,2,4,-2,0
1909,Blackpool,Barnsley,0,0,2,2,0,0,0
1909,Blackpool,Burnley,2,3,2,2,5,-1,0
1909,Blackpool,Leyton Orient,2,2,2,2,4,0,0
1909,Blackpool,Wolverhampton Wanderers,2,0,2,2,2,2,1
1909,Bradford Park Avenue,Blackpool,2,1,2,2,3,1,1
1909,Bradford Park Avenue,Fulham,3,0,2,2,3,3,1
1909,Bradford Park Avenue,Grimsby Town,6,1,2,2,7,5,1
1909,Bradford Park Avenue,Manchester City,2,0,2,2,2,2,1
1909,Burnley,Birmingham City,2,0,2,2,2,2,1
1909,Burnley,Derby County,1,2,2,2,3,-1,0
1909,Burnley,Leeds City,3,0,2,2,3,3,1
1909,Derby County,Bradford Park Avenue,1,2,2,2,3,-1,0
1909,Derby County,Gainsborough Trinity,2,2,2,2,4,0,0
1909,Derby County,Hull City,4,0,2,2,4,4,1
1909,Fulham,Grimsby Town,3,2,2,2,5,1,1
1909,Fulham,Leicester City,2,0,2,2,2,2,1
1909,Fulham,Manchester City,1,1,2,2,2,0,0
1909,Fulham,West Bromwich Albion,0,2,2,2,2,-2,0
1909,Gainsborough Trinity,Birmingham City,1,0,2,2,1,1,1
1909,Gainsborough Trinity,Glossop North End,1,3,2,2,4,-2,0
1909,Gainsborough Trinity,Leeds City,2,0,2,2,2,2,1
1909,Gainsborough Trinity,Lincoln City,0,0,2,2,0,0,0
1909,Glossop North End,Barnsley,3,0,2,2,3,3,1
1909,Glossop North End,Bradford Park Avenue,3,1,2,2,4,2,1
1909,Glossop North End,Oldham Athletic,6,2,2,2,8,4,1
1909,Glossop North End,Wolverhampton Wanderers,2,0,2,2,2,2,1
1909,Grimsby Town,Derby County,1,1,2,2,2,0,0
1909,Grimsby Town,Leicester City,0,0,2,2,0,0,0
1909,Grimsby Town,Manchester City,0,1,2,2,1,-1,0
1909,Grimsby Town,West Bromwich Albion,3,0,2,2,3,3,1
1909,Hull City,Gainsborough Trinity,5,1,2,2,6,4,1
1909,Hull City,Lincoln City,0,0,2,2,0,0,0
1909,Leeds City,Grimsby Town,3,1,2,2,4,2,1
1909,Leeds City,Leyton Orient,2,1,2,2,3,1,1
1909,Leeds City,Wolverhampton Wanderers,1,0,2,2,1,1,1
1909,Leicester City,Derby County,6,0,2,2,6,6,1
1909,Leicester City,Leeds City,6,2,2,2,8,4,1
1909,Leicester City,Manchester City,1,3,2,2,4,-2,0
1909,Leyton Orient,Birmingham City,3,0,2,2,3,3,1
1909,Leyton Orient,Gainsborough Trinity,2,0,2,2,2,2,1
1909,Lincoln City,Fulham,2,2,2,2,4,0,0
1909,Lincoln City,Leicester City,3,1,2,2,4,2,1
1909,Lincoln City,Wolverhampton Wanderers,1,0,2,2,1,1,1
1909,Manchester City,Derby County,2,1,2,2,3,1,1
1909,Manchester City,Glossop North End,3,3,2,2,6,0,0
1909,Manchester City,Leeds City,3,0,2,2,3,3,1
1909,Oldham Athletic,Birmingham City,1,1,2,2,2,0,0
1909,Oldham Athletic,Burnley,1,0,2,2,1,1,1
1909,Oldham Athletic,Gainsborough Trinity,2,0,2,2,2,2,1
1909,Oldham Athletic,Leyton Orient,5,0,2,2,5,5,1
1909,Stockport County,Fulham,0,2,2,2,2,-2,0
1909,Stockport County,Manchester City,1,2,2,2,3,-1,0
1909,West Bromwich Albion,Glossop North End,0,0,2,2,0,0,0
1909,West Bromwich Albion,Stockport County,0,1,2,2,1,-1,0
1909,Wolverhampton Wanderers,Burnley,3,1,2,2,4,2,1
1909,Wolverhampton Wanderers,Gainsborough Trinity,0,0,2,2,0,0,0
1909,Wolverhampton Wanderers,Oldham Athletic,1,0,2,2,1,1,1
1910,Arsenal,Aston Villa,1,1,1,1,2,0,0
1910,Arsenal,Bristol City,3,0,1,1,3,3,1
1910,Arsenal,Liverpool,0,0,1,1,0,0,0
1910,Arsenal,Middlesbrough,0,2,1,1,2,-2,0
1910,Arsenal,Sheffield United,0,0,1,1,0,0,0
1910,Arsenal,Tottenham Hotspur,2,0,1,1,2,2,1
1910,Aston Villa,Nottingham Forest,3,1,1,1,4,2,1
1910,Aston Villa,Preston North End,0,2,1,1,2,-2,0
1910,Blackburn Rovers,Aston Villa,0,0,1,1,0,0,0
1910,Blackburn Rovers,Manchester City,2,0,1,1,2,2,1
1910,Blackburn Rovers,Newcastle United,3,1,1,1,4,2,1
1910,Blackburn Rovers,Oldham Athletic,1,0,1,1,1,1,1
1910,Blackburn Rovers,Sheffield Wednesday,6,1,1,1,7,5,1
1910,Bradford City,Arsenal,3,0,1,1,3,3,1
1910,Bradford City,Bristol City,3,1,1,1,4,2,1
1910,Bradford City,Middlesbrough,1,0,1,1,1,1,1
1910,Bradford City,Sheffield United,0,1,1,1,1,-1,0
1910,Bristol City,Blackburn Rovers,1,0,1,1,1,1,1
1910,Bristol City,Everton,0,1,1,1,1,-1,0
1910,Bristol City,Manchester United,0,1,1,1,1,-1,0
1910,Bristol City,Nottingham Forest,5,1,1,1,6,4,1
1910,Bristol City,Preston North End,0,0,1,1,0,0,0
1910,Bury,Manchester City,5,2,1,1,7,3,1
1910,Bury,Sheffield Wednesday,1,1,1,1,2,0,0
1910,Everton,Arsenal,2,0,1,1,2,2,1
1910,Everton,Bradford City,0,0,1,1,0,0,0
1910,Everton,Middlesbrough,2,0,1,1,2,2,1
1910,Everton,Notts County,5,0,1,1,5,5,1
1910,Everton,Sheffield United,1,0,1,1,1,1,1
1910,Everton,Tottenham Hotspur,2,0,1,1,2,2,1
1910,Liverpool,Bury,2,0,1,1,2,2,1
1910,Liverpool,Manchester United,3,2,1,1,5,1,1
1910,Liverpool,Nottingham Forest,2,3,1,1,5,-1,0
1910,Manchester City,Aston Villa,1,1,1,1,2,0,0
1910,Manchester City,Liverpool,1,2,1,1,3,-1,0
1910,Manchester City,Oldham Athletic,2,0,1,1,2,2,1
1910,Manchester City,Sheffield Wednesday,1,2,1,1,3,-1,0
1910,Manchester United,Bradford City,1,0,1,1,1,1,1
1910,Manchester United,Middlesbrough,1,2,1,1,3,-1,0
1910,Manchester United,Notts County,0,0,1,1,0,0,0
1910,Middlesbrough,Blackburn Rovers,2,3,1,1,5,-1,0
1910,Middlesbrough,Bury,2,1,1,1,3,1,1
1910,Middlesbrough,Manchester City,0,0,1,1,0,0,0
1910,Middlesbrough,Sunderland,1,0,1,1,1,1,1
1910,Newcastle United,Bristol City,0,1,1,1,1,-1,0
1910,Newcastle United,Middlesbrough,0,0,1,1,0,0,0
1910,Newcastle United,Sheffield Wednesday,0,2,1,1,2,-2,0
1910,Nottingham Forest,Arsenal,2,3,1,1,5,-1,0
1910,Nottingham Forest,Bradford City,0,2,1,1,2,-2,0
1910,Nottingham Forest,Sheffield United,1,2,1,1,3,-1,0
1910,Nottingham Forest,Tottenham Hotspur,1,2,1,1,3,-1,0
1910,Notts County,Blackburn Rovers,2,0,1,1,2,2,1
1910,Notts County,Bury,1,0,1,1,1,1,1
1910,Notts County,Newcastle United,2,2,1,1,4,0,0
1910,Notts County,Sunderland,1,1,1,1,2,0,0
1910,Oldham Athletic,Aston Villa,1,1,1,1,2,0,0
1910,Oldham Athletic,Liverpool,3,1,1,1,4,2,1
1910,Oldham Athletic,Sheffield Wednesday,1,0,1,1,1,1,1
1910,Preston North End,Bradford City,2,0,1,1,2,2,1
1910,Preston North End,Manchester United,0,2,1,1,2,-2,0
1910,Preston North End,Tottenham Hotspur,2,0,1,1,2,2,1
1910,Sheffield United,Sunderland,1,2,1,1,3,-1,0
1910,Sheffield Wednesday,Aston Villa,1,0,1,1,1,1,1
1910,Sheffield Wednesday,Liverpool,1,0,1,1,1,1,1
1910,Sheffield Wednesday,Sheffield United,2,0,1,1,2,2,1
1910,Sunderland,Arsenal,2,2,1,1,4,0,0
1910,Sunderland,Bradford City,1,1,1,1,2,0,0
1910,Sunderland,Manchester United,1,2,1,1,3,-1,0
1910,Sunderland,Preston North End,1,1,1,1,2,0,0
1910,Sunderland,Tottenham Hotspur,4,0,1,1,4,4,1
1910,Tottenham Hotspur,Blackburn Rovers,2,2,1,1,4,0,0
1910,Tottenham Hotspur,Bury,5,0,1,1,5,5,1
1910,Tottenham Hotspur,Manchester City,1,1,1,1,2,0,0
1910,Tottenham Hotspur,Oldham Athletic,2,0,1,1,2,2,1
1910,Tottenham Hotspur,Sheffield Wednesday,3,1,1,1,4,2,1
1910,Barnsley,Stockport County,1,1,2,2,2,0,0
1910,Birmingham City,Barnsley,1,0,2,2,1,1,1
1910,Birmingham City,Derby County,2,0,2,2,2,2,1
1910,Birmingham City,Leeds City,2,1,2,2,3,1,1
1910,Birmingham City,Lincoln City,0,1,2,2,1,-1,0
1910,Blackpool,Bolton Wanderers,1,1,2,2,2,0,0
1910,Blackpool,Chelsea,0,2,2,2,2,-2,0
1910,Blackpool,Hull City,2,0,2,2,2,2,1
1910,Blackpool,Leyton Orient,1,1,2,2,2,0,0
1910,Blackpool,West Bromwich Albion,0,0,2,2,0,0,0
1910,Bolton Wanderers,Burnley,1,1,2,2,2,0,0
1910,Bolton Wanderers,Fulham,2,0,2,2,2,2,1
1910,Bolton Wanderers,Huddersfield Town,3,1,2,2,4,2,1
1910,Bolton Wanderers,Leicester City,6,2,2,2,8,4,1
1910,Bradford Park Avenue,Glossop North End,6,0,2,2,6,6,1
1910,Burnley,Blackpool,1,1,2,2,2,0,0
1910,Burnley,Gainsborough Trinity,1,1,2,2,2,0,0
1910,Burnley,West Bromwich Albion,2,0,2,2,2,2,1
1910,Chelsea,Birmingham City,2,2,2,2,4,0,0
1910,Chelsea,Fulham,2,0,2,2,2,2,1
1910,Chelsea,Huddersfield Town,2,0,2,2,2,2,1
1910,Chelsea,Stockport County,2,0,2,2,2,2,1
1910,Derby County,Lincoln City,5,0,2,2,5,5,1
1910,Derby County,Wolverhampton Wanderers,2,0,2,2,2,2,1
1910,Fulham,Burnley,3,0,2,2,3,3,1
1910,Fulham,Hull City,0,1,2,2,1,-1,0
1910,Fulham,Leyton Orient,1,1,2,2,2,0,0
1910,Fulham,West Bromwich Albion,0,1,2,2,1,-1,0
1910,Gainsborough Trinity,Birmingham City,1,0,2,2,1,1,1
1910,Gainsborough Trinity,Derby County,0,0,2,2,0,0,0
1910,Glossop North End,Lincoln City,2,0,2,2,2,2,1
1910,Huddersfield Town,Fulham,1,2,2,2,3,-1,0
1910,Huddersfield Town,Hull City,2,0,2,2,2,2,1
1910,Hull City,Bradford Park Avenue,2,2,2,2,4,0,0
1910,Hull City,Glossop North End,1,0,2,2,1,1,1
1910,Leeds City,Gainsborough Trinity,4,0,2,2,4,4,1
1910,Leicester City,Burnley,1,1,2,2,2,0,0
1910,Leicester City,Fulham,3,2,2,2,5,1,1
1910,Leicester City,Huddersfield Town,2,1,2,2,3,1,1
1910,Leicester City,West Bromwich Albion,2,3,2,2,5,-1,0
1910,Leyton Orient,Bradford Park Avenue,1,0,2,2,1,1,1
1910,Leyton Orient,Derby County,1,0,2,2,1,1,1
1910,Leyton Orient,Glossop North End,4,0,2,2,4,4,1
1910,Lincoln City,Barnsley,1,0,2,2,1,1,1
1910,Lincoln City,Chelsea,0,0,2,2,0,0,0
1910,Stockport County,Burnley,4,2,2,2,6,2,1
1910,Stockport County,Huddersfield Town,1,0,2,2,1,1,1
1910,West Bromwich Albion,Birmingham City,1,0,2,2,1,1,1
1910,West Bromwich Albion,Derby County,1,1,2,2,2,0,0
1910,West Bromwich Albion,Glossop North End,3,1,2,2,4,2,1
1910,West Bromwich Albion,Lincoln City,3,0,2,2,3,3,1
1910,Wolverhampton Wanderers,Bolton Wanderers,3,0,2,2,3,3,1
1910,Wolverhampton Wanderers,Gainsborough Trinity,1,1,2,2,2,0,0
1911,Arsenal,Bolton Wanderers,3,0,1,1,3,3,1
1911,Arsenal,Everton,0,1,1,1,1,-1,0
1911,Arsenal,Manchester United,2,1,1,1,3,1,1
1911,Aston Villa,Bury,5,2,1,1,7,3,1
1911,Blackburn Rovers,Arsenal,4,0,1,1,4,4,1
1911,Blackburn Rovers,Bradford City,3,1,1,1,4,2,1
1911,Blackburn Rovers,Middlesbrough,2,1,1,1,3,1,1
1911,Blackburn Rovers,Oldham Athletic,1,0,1,1,1,1,1
1911,Blackburn Rovers,Sheffield Wednesday,0,0,1,1,0,0,0
1911,Bolton Wanderers,Blackburn Rovers,2,0,1,1,2,2,1
1911,Bolton Wanderers,Everton,1,2,1,1,3,-1,0
1911,Bolton Wanderers,Sheffield United,0,3,1,1,3,-3,0
1911,Bolton Wanderers,Tottenham Hotspur,1,0,1,1,1,1,1
1911,Bradford City,Manchester City,4,1,1,1,5,3,1
1911,Bradford City,Sunderland,2,1,1,1,3,1,1
1911,Bury,Liverpool,2,2,1,1,4,0,0
1911,Bury,Oldham Athletic,1,1,1,1,2,0,0
1911,Bury,Sheffield Wednesday,2,2,1,1,4,0,0
1911,Bury,West Bromwich Albion,1,0,1,1,1,1,1
1911,Everton,Bury,1,1,1,1,2,0,0
1911,Everton,Manchester United,4,0,1,1,4,4,1
1911,Everton,Sheffield United,3,2,1,1,5,1,1
1911,Everton,Tottenham Hotspur,2,2,1,1,4,0,0
1911,Liverpool,Aston Villa,1,2,1,1,3,-1,0
1911,Liverpool,Sunderland,2,1,1,1,3,1,1
1911,Manchester City,Arsenal,3,3,1,1,6,0,0
1911,Manchester City,Sheffield Wednesday,4,0,1,1,4,4,1
1911,Manchester United,Bury,0,0,1,1,0,0,0
1911,Manchester United,Notts County,2,0,1,1,2,2,1
1911,Middlesbrough,Liverpool,3,2,1,1,5,1,1
1911,Middlesbrough,Preston North End,4,2,1,1,6,2,1
1911,Middlesbrough,Sunderland,3,3,1,1,6,0,0
1911,Newcastle United,Arsenal,1,2,1,1,3,-1,0
1911,Newcastle United,Oldham Athletic,1,1,1,1,2,0,0
1911,Newcastle United,West Bromwich Albion,0,0,1,1,0,0,0
1911,Notts County,Blackburn Rovers,1,3,1,1,4,-2,0
1911,Notts County,Bury,2,0,1,1,2,2,1
1911,Oldham Athletic,Liverpool,0,1,1,1,1,-1,0
1911,Oldham Athletic,Preston North End,1,0,1,1,1,1,1
1911,Oldham Athletic,Sunderland,0,0,1,1,0,0,0
1911,Preston North End,Manchester United,0,0,1,1,0,0,0
1911,Preston North End,West Bromwich Albion,1,1,1,1,2,0,0
1911,Sheffield United,Blackburn Rovers,1,1,1,1,2,0,0
1911,Sheffield United,Manchester City,6,2,1,1,8,4,1
1911,Sheffield United,Newcastle United,2,1,1,1,3,1,1
1911,Sheffield Wednesday,Liverpool,2,2,1,1,4,0,0
1911,Sheffield Wednesday,Sunderland,8,0,1,1,8,8,1
1911,Sunderland,Arsenal,1,0,1,1,1,1,1
1911,Sunderland,Everton,4,0,1,1,4,4,1
1911,Sunderland,Manchester United,5,0,1,1,5,5,1
1911,Sunderland,Notts County,5,0,1,1,5,5,1
1911,Sunderland,West Bromwich Albion,3,2,1,1,5,1,1
1911,Tottenham Hotspur,Blackburn Rovers,0,2,1,1,2,-2,0
1911,West Bromwich Albion,Aston Villa,2,2,1,1,4,0,0
1911,West Bromwich Albion,Bradford City,0,0,1,1,0,0,0
1911,West Bromwich Albion,Liverpool,1,0,1,1,1,1,1
1911,West Bromwich Albion,Middlesbrough,3,1,1,1,4,2,1
1911,West Bromwich Albion,Oldham Athletic,0,0,1,1,0,0,0
1911,West Bromwich Albion,Sheffield Wednesday,1,5,1,1,6,-4,0
1911,Barnsley,Birmingham City,1,0,2,2,1,1,1
1911,Barnsley,Derby County,0,2,2,2,2,-2,0
1911,Barnsley,Leyton Orient,2,1,2,2,3,1,1
1911,Birmingham City,Bradford Park Avenue,2,3,2,2,5,-1,0
1911,Birmingham City,Gainsborough Trinity,2,2,2,2,4,0,0
1911,Birmingham City,Huddersfield Town,1,0,2,2,1,1,1
1911,Blackpool,Birmingham City,1,0,2,2,1,1,1
1911,Blackpool,Burnley,0,0,2,2,0,0,0
1911,Blackpool,Fulham,3,1,2,2,4,2,1
1911,Bradford Park Avenue,Barnsley,1,0,2,2,1,1,1
1911,Bradford Park Avenue,Bristol City,0,1,2,2,1,-1,0
1911,Bradford Park Avenue,Hull City,3,1,2,2,4,2,1
1911,Bradford Park Avenue,Leyton Orient,2,1,2,2,3,1,1
1911,Bristol City,Chelsea,1,1,2,2,2,0,0
1911,Bristol City,Gainsborough Trinity,2,0,2,2,2,2,1
1911,Bristol City,Huddersfield Town,3,2,2,2,5,1,1
1911,Burnley,Birmingham City,1,1,2,2,2,0,0
1911,Burnley,Bristol City,4,2,2,2,6,2,1
1911,Burnley,Fulham,5,1,2,2,6,4,1
1911,Chelsea,Barnsley,2,1,2,2,3,1,1
1911,Chelsea,Leyton Orient,3,0,2,2,3,3,1
1911,Chelsea,Wolverhampton Wanderers,4,0,2,2,4,4,1
1911,Derby County,Gainsborough Trinity,4,0,2,2,4,4,1
1911,Derby County,Leicester City,5,0,2,2,5,5,1
1911,Fulham,Birmingham City,2,1,2,2,3,1,1
1911,Fulham,Grimsby Town,1,3,2,2,4,-2,0
1911,Fulham,Leeds City,7,2,2,2,9,5,1
1911,Gainsborough Trinity,Glossop North End,1,1,2,2,2,0,0
1911,Gainsborough Trinity,Hull City,0,3,2,2,3,-3,0
1911,Gainsborough Trinity,Leyton Orient,0,2,2,2,2,-2,0
1911,Glossop North End,Blackpool,1,1,2,2,2,0,0
1911,Glossop North End,Fulham,1,1,2,2,2,0,0
1911,Glossop North End,Leicester City,6,0,2,2,6,6,1
1911,Glossop North End,Stockport County,1,1,2,2,2,0,0
1911,Grimsby Town,Birmingham City,1,0,2,2,1,1,1
1911,Grimsby Town,Bristol City,3,0,2,2,3,3,1
1911,Grimsby Town,Glossop North End,0,0,2,2,0,0,0
1911,Huddersfield Town,Barnsley,2,1,2,2,3,1,1
1911,Huddersfield Town,Bradford Park Avenue,3,1,2,2,4,2,1
1911,Huddersfield Town,Gainsborough Trinity,2,2,2,2,4,0,0
1911,Huddersfield Town,Leyton Orient,0,0,2,2,0,0,0
1911,Huddersfield Town,Wolverhampton Wanderers,1,1,2,2,2,0,0
1911,Hull City,Fulham,2,3,2,2,5,-1,0
1911,Hull City,Leicester City,4,1,2,2,5,3,1
1911,Hull City,Stockport County,0,2,2,2,2,-2,0
1911,Leeds City,Derby County,0,1,2,2,1,-1,0
1911,Leeds City,Hull City,0,0,2,2,0,0,0
1911,Leicester City,Huddersfield Town,0,2,2,2,2,-2,0
1911,Leyton Orient,Fulham,4,0,2,2,4,4,1
1911,Leyton Orient,Grimsby Town,1,0,2,2,1,1,1
1911,Leyton Orient,Leeds City,2,1,2,2,3,1,1
1911,Nottingham Forest,Birmingham City,0,1,2,2,1,-1,0
1911,Nottingham Forest,Derby County,1,3,2,2,4,-2,0
1911,Nottingham Forest,Leyton Orient,3,0,2,2,3,3,1
1911,Stockport County,Chelsea,0,1,2,2,1,-1,0
1911,Stockport County,Gainsborough Trinity,0,3,2,2,3,-3,0
1911,Wolverhampton Wanderers,Blackpool,3,0,2,2,3,3,1
1911,Wolverhampton Wanderers,Burnley,2,0,2,2,2,2,1
1911,Wolverhampton Wanderers,Fulham,0,0,2,2,0,0,0
1911,Wolverhampton Wanderers,Leeds City,5,0,2,2,5,5,1
1911,Wolverhampton Wanderers,Nottingham Forest,1,0,2,2,1,1,1
1912,Arsenal,Blackburn Rovers,0,1,1,1,1,-1,0
1912,Arsenal,Oldham Athletic,0,0,1,1,0,0,0
1912,Arsenal,Sunderland,1,3,1,1,4,-2,0
1912,Aston Villa,Arsenal,4,1,1,1,5,3,1
1912,Aston Villa,Manchester United,4,2,1,1,6,2,1
1912,Blackburn Rovers,Bolton Wanderers,6,0,1,1,6,6,1
1912,Blackburn Rovers,Derby County,0,1,1,1,1,-1,0
1912,Bolton Wanderers,Liverpool,1,1,1,1,2,0,0
1912,Bolton Wanderers,Middlesbrough,3,2,1,1,5,1,1
1912,Bradford City,Arsenal,3,1,1,1,4,2,1
1912,Bradford City,Bolton Wanderers,4,1,1,1,5,3,1
1912,Bradford City,Manchester United,1,0,1,1,1,1,1
1912,Bradford City,West Bromwich Albion,1,1,1,1,2,0,0
1912,Chelsea,Derby County,3,1,1,1,4,2,1
1912,Chelsea,Manchester City,2,1,1,1,3,1,1
1912,Chelsea,Newcastle United,1,0,1,1,1,1,1
1912,Derby County,Liverpool,4,2,1,1,6,2,1
1912,Everton,Manchester United,4,1,1,1,5,3,1
1912,Everton,Notts County,4,0,1,1,4,4,1
1912,Everton,Sheffield Wednesday,3,1,1,1,4,2,1
1912,Everton,West Bromwich Albion,1,3,1,1,4,-2,0
1912,Liverpool,Blackburn Rovers,4,1,1,1,5,3,1
1912,Liverpool,Manchester City,1,2,1,1,3,-1,0
1912,Liverpool,Sheffield United,2,2,1,1,4,0,0
1912,Manchester City,Bradford City,1,3,1,1,4,-2,0
1912,Manchester City,Everton,1,0,1,1,1,1,1
1912,Manchester United,Manchester City,0,1,1,1,1,-1,0
1912,Middlesbrough,Chelsea,0,3,1,1,3,-3,0
1912,Middlesbrough,Liverpool,3,4,1,1,7,-1,0
1912,Middlesbrough,Tottenham Hotspur,1,1,1,1,2,0,0
1912,Newcastle United,Aston Villa,2,3,1,1,5,-1,0
1912,Newcastle United,Bradford City,1,1,1,1,2,0,0
1912,Newcastle United,Everton,2,0,1,1,2,2,1
1912,Notts County,Derby County,0,1,1,1,1,-1,0
1912,Notts County,Manchester City,0,1,1,1,1,-1,0
1912,Oldham Athletic,Liverpool,3,1,1,1,4,2,1
1912,Oldham Athletic,Middlesbrough,1,0,1,1,1,1,1
1912,Sheffield United,Bradford City,3,2,1,1,5,1,1
1912,Sheffield United,Manchester United,2,1,1,1,3,1,1
1912,Sheffield United,Sunderland,1,3,1,1,4,-2,0
1912,Sheffield Wednesday,Arsenal,2,0,1,1,2,2,1
1912,Sheffield Wednesday,Derby County,3,3,1,1,6,0,0
1912,Sheffield Wednesday,Manchester City,1,0,1,1,1,1,1
1912,Sheffield Wednesday,Newcastle United,1,2,1,1,3,-1,0
1912,Sheffield Wednesday,Sheffield United,1,0,1,1,1,1,1
1912,Sunderland,Blackburn Rovers,2,4,1,1,6,-2,0
1912,Sunderland,Chelsea,4,0,1,1,4,4,1
1912,Sunderland,Middlesbrough,4,0,1,1,4,4,1
1912,Sunderland,Oldham Athletic,1,1,1,1,2,0,0
1912,Tottenham Hotspur,Everton,0,2,1,1,2,-2,0
1912,Tottenham Hotspur,Manchester United,1,1,1,1,2,0,0
1912,Tottenham Hotspur,Sheffield Wednesday,2,4,1,1,6,-2,0
1912,West Bromwich Albion,Bolton Wanderers,2,2,1,1,4,0,0
1912,West Bromwich Albion,Manchester City,0,2,1,1,2,-2,0
1912,West Bromwich Albion,Tottenham Hotspur,4,1,1,1,5,3,1
1912,Barnsley,Leeds City,2,0,2,2,2,2,1
1912,Barnsley,Lincoln City,4,0,2,2,4,4,1
1912,Barnsley,Stockport County,1,1,2,2,2,0,0
1912,Birmingham City,Blackpool,3,2,2,2,5,1,1
1912,Birmingham City,Glossop North End,0,0,2,2,0,0,0
1912,Birmingham City,Preston North End,0,1,2,2,1,-1,0
1912,Blackpool,Barnsley,0,1,2,2,1,-1,0
1912,Blackpool,Bristol City,1,1,2,2,2,0,0
1912,Blackpool,Fulham,2,0,2,2,2,2,1
1912,Bradford Park Avenue,Blackpool,4,2,2,2,6,2,1
1912,Bradford Park Avenue,Bury,3,1,2,2,4,2,1
1912,Bradford Park Avenue,Grimsby Town,3,0,2,2,3,3,1
1912,Bradford Park Avenue,Leeds City,0,1,2,2,1,-1,0
1912,Bradford Park Avenue,Stockport County,4,2,2,2,6,2,1
1912,Bristol City,Birmingham City,0,3,2,2,3,-3,0
1912,Bristol City,Glossop North End,3,3,2,2,6,0,0
1912,Bristol City,Preston North End,1,1,2,2,2,0,0
1912,Burnley,Huddersfield Town,4,0,2,2,4,4,1
1912,Burnley,Nottingham Forest,3,5,2,2,8,-2,0
1912,Burnley,Wolverhampton Wanderers,4,2,2,2,6,2,1
1912,Bury,Blackpool,1,1,2,2,2,0,0
1912,Bury,Grimsby Town,4,2,2,2,6,2,1
1912,Bury,Lincoln City,0,3,2,2,3,-3,0
1912,Bury,Stockport County,2,0,2,2,2,2,1
1912,Fulham,Birmingham City,3,2,2,2,5,1,1
1912,Fulham,Bristol City,0,0,2,2,0,0,0
1912,Fulham,Glossop North End,2,0,2,2,2,2,1
1912,Fulham,Hull City,2,0,2,2,2,2,1
1912,Glossop North End,Bury,1,1,2,2,2,0,0
1912,Glossop North End,Huddersfield Town,1,0,2,2,1,1,1
1912,Glossop North End,Leicester City,3,0,2,2,3,3,1
1912,Glossop North End,Wolverhampton Wanderers,1,3,2,2,4,-2,0
1912,Grimsby Town,Leeds City,3,2,2,2,5,1,1
1912,Grimsby Town,Stockport County,4,1,2,2,5,3,1
1912,Huddersfield Town,Bristol City,5,0,2,2,5,5,1
1912,Huddersfield Town,Fulham,5,1,2,2,6,4,1
1912,Huddersfield Town,Hull City,5,2,2,2,7,3,1
1912,Huddersfield Town,Leyton Orient,0,0,2,2,0,0,0
1912,Huddersfield Town,Preston North End,1,1,2,2,2,0,0
1912,Hull City,Bradford Park Avenue,5,0,2,2,5,5,1
1912,Hull City,Bury,2,0,2,2,2,2,1
1912,Hull City,Grimsby Town,5,0,2,2,5,5,1
1912,Hull City,Leicester City,2,0,2,2,2,2,1
1912,Hull City,Nottingham Forest,2,1,2,2,3,1,1
1912,Hull City,Wolverhampton Wanderers,0,1,2,2,1,-1,0
1912,Leeds City,Blackpool,0,2,2,2,2,-2,0
1912,Leeds City,Burnley,4,1,2,2,5,3,1
1912,Leeds City,Stockport County,2,1,2,2,3,1,1
1912,Leicester City,Birmingham City,1,2,2,2,3,-1,0
1912,Leicester City,Leyton Orient,1,0,2,2,1,1,1
1912,Leyton Orient,Bury,1,2,2,2,3,-1,0
1912,Leyton Orient,Nottingham Forest,2,2,2,2,4,0,0
1912,Lincoln City,Blackpool,1,0,2,2,1,1,1
1912,Lincoln City,Burnley,1,3,2,2,4,-2,0
1912,Lincoln City,Glossop North End,0,0,2,2,0,0,0
1912,Lincoln City,Stockport County,3,2,2,2,5,1,1
1912,Nottingham Forest,Birmingham City,3,1,2,2,4,2,1
1912,Nottingham Forest,Fulham,2,4,2,2,6,-2,0
1912,Nottingham Forest,Preston North End,0,2,2,2,2,-2,0
1912,Preston North End,Barnsley,4,0,2,2,4,4,1
1912,Preston North End,Bradford Park Avenue,4,2,2,2,6,2,1
1912,Preston North End,Bury,2,0,2,2,2,2,1
1912,Preston North End,Leeds City,3,2,2,2,5,1,1
1912,Preston North End,Lincoln City,0,0,2,2,0,0,0
1912,Wolverhampton Wanderers,Birmingham City,2,2,2,2,4,0,0
1912,Wolverhampton Wanderers,Leicester City,1,1,2,2,2,0,0
1912,Wolverhampton Wanderers,Nottingham Forest,2,3,2,2,5,-1,0
1913,Aston Villa,Blackburn Rovers,1,3,1,1,4,-2,0
1913,Aston Villa,Burnley,1,0,1,1,1,1,1
1913,Aston Villa,Manchester United,3,1,1,1,4,2,1
1913,Aston Villa,Oldham Athletic,0,0,1,1,0,0,0
1913,Aston Villa,Sheffield Wednesday,2,0,1,1,2,2,1
1913,Blackburn Rovers,Bradford City,0,0,1,1,0,0,0
1913,Blackburn Rovers,Tottenham Hotspur,1,1,1,1,2,0,0
1913,Bolton Wanderers,Blackburn Rovers,1,0,1,1,1,1,1
1913,Bolton Wanderers,Chelsea,1,1,1,1,2,0,0
1913,Bolton Wanderers,Middlesbrough,1,1,1,1,2,0,0
1913,Bolton Wanderers,Sunderland,2,1,1,1,3,1,1
1913,Bradford City,Aston Villa,0,0,1,1,0,0,0
1913,Bradford City,Everton,0,1,1,1,1,-1,0
1913,Bradford City,Manchester United,1,1,1,1,2,0,0
1913,Bradford City,Sheffield Wednesday,3,1,1,1,4,2,1
1913,Bradford City,West Bromwich Albion,1,0,1,1,1,1,1
1913,Burnley,Bolton Wanderers,2,2,1,1,4,0,0
1913,Burnley,Sheffield United,0,0,1,1,0,0,0
1913,Burnley,Tottenham Hotspur,3,1,1,1,4,2,1
1913,Chelsea,Blackburn Rovers,2,0,1,1,2,2,1
1913,Chelsea,Middlesbrough,3,2,1,1,5,1,1
1913,Derby County,Aston Villa,0,2,1,1,2,-2,0
1913,Derby County,Manchester United,4,2,1,1,6,2,1
1913,Derby County,Oldham Athletic,1,2,1,1,3,-1,0
1913,Derby County,Sheffield Wednesday,1,1,1,1,2,0,0
1913,Derby County,West Bromwich Albion,1,2,1,1,3,-1,0
1913,Everton,Bolton Wanderers,1,1,1,1,2,0,0
1913,Everton,Chelsea,0,0,1,1,0,0,0
1913,Everton,Tottenham Hotspur,1,1,1,1,2,0,0
1913,Liverpool,Blackburn Rovers,3,3,1,1,6,0,0
1913,Liverpool,Burnley,1,1,1,1,2,0,0
1913,Liverpool,Sunderland,1,3,1,1,4,-2,0
1913,Manchester City,Bradford City,1,0,1,1,1,1,1
1913,Manchester City,Manchester United,0,2,1,1,2,-2,0
1913,Manchester City,Sheffield Wednesday,1,2,1,1,3,-1,0
1913,Manchester United,Chelsea,0,1,1,1,1,-1,0
1913,Manchester United,Newcastle United,2,2,1,1,4,0,0
1913,Manchester United,Tottenham Hotspur,3,1,1,1,4,2,1
1913,Middlesbrough,Blackburn Rovers,3,0,1,1,3,3,1
1913,Middlesbrough,Everton,2,0,1,1,2,2,1
1913,Newcastle United,Aston Villa,2,2,1,1,4,0,0
1913,Newcastle United,Bradford City,0,0,1,1,0,0,0
1913,Newcastle United,Manchester City,0,1,1,1,1,-1,0
1913,Newcastle United,Sheffield Wednesday,3,1,1,1,4,2,1
1913,Newcastle United,West Bromwich Albion,3,3,1,1,6,0,0
1913,Oldham Athletic,Middlesbrough,3,0,1,1,3,3,1
1913,Oldham Athletic,Tottenham Hotspur,3,0,1,1,3,3,1
1913,Preston North End,Blackburn Rovers,1,5,1,1,6,-4,0
1913,Preston North End,Everton,1,0,1,1,1,1,1
1913,Sheffield United,Manchester City,1,3,1,1,4,-2,0
1913,Sheffield United,Newcastle United,2,0,1,1,2,2,1
1913,Sheffield United,Sheffield Wednesday,0,1,1,1,1,-1,0
1913,Sheffield United,West Bromwich Albion,1,1,1,1,2,0,0
1913,Sheffield Wednesday,Bolton Wanderers,1,1,1,1,2,0,0
1913,Sheffield Wednesday,Preston North End,2,1,1,1,3,1,1
1913,Sunderland,Blackburn Rovers,2,1,1,1,3,1,1
1913,Sunderland,Burnley,1,1,1,1,2,0,0
1913,Sunderland,Oldham Athletic,2,0,1,1,2,2,1
1913,Tottenham Hotspur,Aston Villa,0,2,1,1,2,-2,0
1913,Tottenham Hotspur,Bradford City,0,0,1,1,0,0,0
1913,Tottenham Hotspur,Manchester City,3,1,1,1,4,2,1
1913,West Bromwich Albion,Chelsea,3,1,1,1,4,2,1
1913,West Bromwich Albion,Liverpool,0,1,1,1,1,-1,0
1913,West Bromwich Albion,Sunderland,2,1,1,1,3,1,1
1913,Arsenal,Birmingham City,1,0,2,2,1,1,1
1913,Arsenal,Bristol City,1,1,2,2,2,0,0
1913,Arsenal,Hull City,0,0,2,2,0,0,0
1913,Arsenal,Notts County,3,0,2,2,3,3,1
1913,Barnsley,Bradford Park Avenue,1,2,2,2,3,-1,0
1913,Barnsley,Nottingham Forest,5,0,2,2,5,5,1
1913,Birmingham City,Stockport County,3,2,2,2,5,1,1
1913,Blackpool,Barnsley,3,1,2,2,4,2,1
1913,Bradford Park Avenue,Leicester City,3,2,2,2,5,1,1
1913,Bradford Park Avenue,Wolverhampton Wanderers,1,0,2,2,1,1,1
1913,Bristol City,Birmingham City,1,2,2,2,3,-1,0
1913,Bristol City,Lincoln City,4,1,2,2,5,3,1
1913,Bristol City,Stockport County,5,0,2,2,5,5,1
1913,Bury,Barnsley,4,0,2,2,4,4,1
1913,Bury,Hull City,2,0,2,2,2,2,1
1913,Fulham,Wolverhampton Wanderers,1,0,2,2,1,1,1
1913,Glossop North End,Bristol City,1,1,2,2,2,0,0
1913,Glossop North End,Grimsby Town,3,0,2,2,3,3,1
1913,Glossop North End,Lincoln City,4,0,2,2,4,4,1
1913,Glossop North End,Stockport County,1,1,2,2,2,0,0
1913,Grimsby Town,Barnsley,1,1,2,2,2,0,0
1913,Grimsby Town,Hull City,1,3,2,2,4,-2,0
1913,Huddersfield Town,Arsenal,1,2,2,2,3,-1,0
1913,Huddersfield Town,Blackpool,1,0,2,2,1,1,1
1913,Huddersfield Town,Bury,1,1,2,2,2,0,0
1913,Huddersfield Town,Leicester City,1,2,2,2,3,-1,0
1913,Huddersfield Town,Nottingham Forest,1,1,2,2,2,0,0
1913,Hull City,Bristol City,0,1,2,2,1,-1,0
1913,Hull City,Leeds City,1,0,2,2,1,1,1
1913,Leeds City,Fulham,2,1,2,2,3,1,1
1913,Leicester City,Blackpool,0,1,2,2,1,-1,0
1913,Leicester City,Leeds City,5,1,2,2,6,4,1
1913,Leicester City,Nottingham Forest,5,1,2,2,6,4,1
1913,Leicester City,Wolverhampton Wanderers,2,3,2,2,5,-1,0
1913,Leyton Orient,Birmingham City,2,2,2,2,4,0,0
1913,Leyton Orient,Bristol City,5,2,2,2,7,3,1
1913,Leyton Orient,Glossop North End,5,1,2,2,6,4,1
1913,Leyton Orient,Lincoln City,5,1,2,2,6,4,1
1913,Leyton Orient,Stockport County,1,1,2,2,2,0,0
1913,Lincoln City,Huddersfield Town,3,0,2,2,3,3,1
1913,Nottingham Forest,Arsenal,0,0,2,2,0,0,0
1913,Nottingham Forest,Bury,1,1,2,2,2,0,0
1913,Nottingham Forest,Leeds City,2,1,2,2,3,1,1
1913,Notts County,Bristol City,4,0,2,2,4,4,1
1913,Notts County,Glossop North End,2,2,2,2,4,0,0
1913,Notts County,Leyton Orient,3,0,2,2,3,3,1
1913,Stockport County,Barnsley,1,1,2,2,2,0,0
1913,Stockport County,Bradford Park Avenue,3,1,2,2,4,2,1
1913,Stockport County,Fulham,1,3,2,2,4,-2,0
1913,Stockport County,Huddersfield Town,0,0,2,2,0,0,0
1913,Wolverhampton Wanderers,Blackpool,1,0,2,2,1,1,1
1913,Wolverhampton Wanderers,Bury,3,0,2,2,3,3,1
1913,Wolverhampton Wanderers,Lincoln City,1,0,2,2,1,1,1
1914,Aston Villa,Manchester City,4,1,1,1,5,3,1
1914,Aston Villa,Newcastle United,2,1,1,1,3,1,1
1914,Aston Villa,Sheffield United,1,0,1,1,1,1,1
1914,Bolton Wanderers,West Bromwich Albion,1,1,1,1,2,0,0
1914,Bradford City,Bolton Wanderers,4,2,1,1,6,2,1
1914,Bradford City,Chelsea,2,2,1,1,4,0,0
1914,Bradford City,Manchester City,0,0,1,1,0,0,0
1914,Bradford City,Newcastle United,1,1,1,1,2,0,0
1914,Bradford Park Avenue,Blackburn Rovers,1,2,1,1,3,-1,0
1914,Bradford Park Avenue,Oldham Athletic,1,1,1,1,2,0,0
1914,Burnley,Manchester United,3,0,1,1,3,3,1
1914,Burnley,Notts County,0,0,1,1,0,0,0
1914,Burnley,West Bromwich Albion,0,2,1,1,2,-2,0
1914,Chelsea,Bolton Wanderers,2,1,1,1,3,1,1
1914,Chelsea,Manchester City,0,0,1,1,0,0,0
1914,Chelsea,Newcastle United,0,3,1,1,3,-3,0
1914,Chelsea,Tottenham Hotspur,1,1,1,1,2,0,0
1914,Everton,Bradford Park Avenue,4,1,1,1,5,3,1
1914,Everton,Sunderland,7,1,1,1,8,6,1
1914,Liverpool,Bradford City,2,1,1,1,3,1,1
1914,Liverpool,Manchester United,1,1,1,1,2,0,0
1914,Liverpool,Notts County,1,1,1,1,2,0,0
1914,Liverpool,Sheffield Wednesday,2,1,1,1,3,1,1
1914,Liverpool,West Bromwich Albion,3,1,1,1,4,2,1
1914,Manchester City,Bolton Wanderers,2,1,1,1,3,1,1
1914,Manchester City,Newcastle United,1,1,1,1,2,0,0
1914,Manchester City,Sheffield United,0,0,1,1,0,0,0
1914,Manchester United,Blackburn Rovers,2,0,1,1,2,2,1
1914,Manchester United,Oldham Athletic,1,3,1,1,4,-2,0
1914,Manchester United,Sunderland,3,0,1,1,3,3,1
1914,Middlesbrough,Bradford City,3,0,1,1,3,3,1
1914,Middlesbrough,Chelsea,3,0,1,1,3,3,1
1914,Newcastle United,Sheffield United,4,3,1,1,7,1,1
1914,Notts County,Blackburn Rovers,1,1,1,1,2,0,0
1914,Notts County,Everton,0,0,1,1,0,0,0
1914,Notts County,Manchester United,4,2,1,1,6,2,1
1914,Oldham Athletic,Newcastle United,1,0,1,1,1,1,1
1914,Oldham Athletic,West Bromwich Albion,1,1,1,1,2,0,0
1914,Sheffield United,Bolton Wanderers,3,1,1,1,4,2,1
1914,Sheffield United,Oldham Athletic,3,0,1,1,3,3,1
1914,Sheffield Wednesday,Everton,1,4,1,1,5,-3,0
1914,Sheffield Wednesday,Manchester United,1,0,1,1,1,1,1
1914,Sunderland,Aston Villa,4,0,1,1,4,4,1
1914,Sunderland,Newcastle United,2,4,1,1,6,-2,0
1914,Tottenham Hotspur,Bolton Wanderers,4,2,1,1,6,2,1
1914,Tottenham Hotspur,Liverpool,1,1,1,1,2,0,0
1914,Tottenham Hotspur,Oldham Athletic,1,0,1,1,1,1,1
1914,Tottenham Hotspur,Sunderland,0,6,1,1,6,-6,0
1914,West Bromwich Albion,Blackburn Rovers,0,0,1,1,0,0,0
1914,West Bromwich Albion,Bradford Park Avenue,1,0,1,1,1,1,1
1914,West Bromwich Albion,Sheffield Wednesday,0,0,1,1,0,0,0
1914,Arsenal,Barnsley,1,0,2,2,1,1,1
1914,Arsenal,Bristol City,3,0,2,2,3,3,1
1914,Arsenal,Fulham,3,0,2,2,3,3,1
1914,Arsenal,Huddersfield Town,0,3,2,2,3,-3,0
1914,Barnsley,Blackpool,1,2,2,2,3,-1,0
1914,Barnsley,Lincoln City,3,1,2,2,4,2,1
1914,Barnsley,Stockport County,2,0,2,2,2,2,1
1914,Birmingham City,Bury,1,0,2,2,1,1,1
1914,Birmingham City,Hull City,2,2,2,2,4,0,0
1914,Birmingham City,Leyton Orient,1,0,2,2,1,1,1
1914,Blackpool,Arsenal,0,2,2,2,2,-2,0
1914,Blackpool,Bristol City,2,0,2,2,2,2,1
1914,Blackpool,Fulham,2,2,2,2,4,0,0
1914,Blackpool,Nottingham Forest,3,0,2,2,3,3,1
1914,Blackpool,Wolverhampton Wanderers,1,0,2,2,1,1,1
1914,Bury,Barnsley,1,2,2,2,3,-1,0
1914,Bury,Bristol City,2,1,2,2,3,1,1
1914,Bury,Preston North End,0,0,2,2,0,0,0
1914,Derby County,Blackpool,5,0,2,2,5,5,1
1914,Derby County,Fulham,1,1,2,2,2,0,0
1914,Derby County,Huddersfield Town,1,0,2,2,1,1,1
1914,Derby County,Leicester City,1,0,2,2,1,1,1
1914,Derby County,Nottingham Forest,1,0,2,2,1,1,1
1914,Derby County,Wolverhampton Wanderers,3,1,2,2,4,2,1
1914,Fulham,Bury,6,3,2,2,9,3,1
1914,Fulham,Leeds City,1,0,2,2,1,1,1
1914,Fulham,Lincoln City,3,1,2,2,4,2,1
1914,Glossop North End,Barnsley,0,1,2,2,1,-1,0
1914,Glossop North End,Fulham,1,0,2,2,1,1,1
1914,Glossop North End,Leyton Orient,3,1,2,2,4,2,1
1914,Glossop North End,Preston North End,0,1,2,2,1,-1,0
1914,Grimsby Town,Arsenal,1,0,2,2,1,1,1
1914,Grimsby Town,Blackpool,2,0,2,2,2,2,1
1914,Grimsby Town,Leicester City,1,0,2,2,1,1,1
1914,Grimsby Town,Nottingham Forest,4,0,2,2,4,4,1
1914,Huddersfield Town,Leeds City,1,0,2,2,1,1,1
1914,Huddersfield Town,Lincoln City,0,1,2,2,1,-1,0
1914,Hull City,Bristol City,1,1,2,2,2,0,0
1914,Leeds City,Grimsby Town,5,0,2,2,5,5,1
1914,Leeds City,Leicester City,7,2,2,2,9,5,1
1914,Leeds City,Nottingham Forest,4,0,2,2,4,4,1
1914,Leeds City,Wolverhampton Wanderers,2,3,2,2,5,-1,0
1914,Leicester City,Birmingham City,1,0,2,2,1,1,1
1914,Leicester City,Bury,1,3,2,2,4,-2,0
1914,Leicester City,Glossop North End,3,2,2,2,5,1,1
1914,Leicester City,Stockport County,5,4,2,2,9,1,1
1914,Leyton Orient,Bristol City,2,0,2,2,2,2,1
1914,Leyton Orient,Fulham,2,1,2,2,3,1,1
1914,Leyton Orient,Leicester City,2,0,2,2,2,2,1
1914,Leyton Orient,Preston North End,1,1,2,2,2,0,0
1914,Lincoln City,Nottingham Forest,2,1,2,2,3,1,1
1914,Lincoln City,Wolverhampton Wanderers,2,2,2,2,4,0,0
1914,Nottingham Forest,Glossop North End,1,0,2,2,1,1,1
1914,Nottingham Forest,Leyton Orient,0,1,2,2,1,-1,0
1914,Preston North End,Barnsley,5,2,2,2,7,3,1
1914,Preston North End,Huddersfield Town,1,1,2,2,2,0,0
1914,Preston North End,Nottingham Forest,2,2,2,2,4,0,0
1914,Stockport County,Blackpool,0,2,2,2,2,-2,0
1914,Stockport County,Grimsby Town,1,1,2,2,2,0,0
1914,Stockport County,Leeds City,3,1,2,2,4,2,1
1914,Stockport County,Lincoln City,1,0,2,2,1,1,1
1914,Stockport County,Wolverhampton Wanderers,2,2,2,2,4,0,0
1914,Wolverhampton Wanderers,Birmingham City,0,0,2,2,0,0,0
1914,Wolverhampton Wanderers,Hull City,1,2,2,2,3,-1,0
1914,Wolverhampton Wanderers,Leyton Orient,0,0,2,2,0,0,0
1919,Arsenal,Blackburn Rovers,0,1,1,1,1,-1,0
1919,Arsenal,Bradford Park Avenue,3,0,1,1,3,3,1
1919,Arsenal,Manchester City,2,2,1,1,4,0,0
1919,Arsenal,Sunderland,3,2,1,1,5,1,1
1919,Aston Villa,Blackburn Rovers,1,2,1,1,3,-1,0
1919,Aston Villa,Bradford Park Avenue,1,0,1,1,1,1,1
1919,Aston Villa,Manchester City,0,1,1,1,1,-1,0
1919,Blackburn Rovers,Aston Villa,5,1,1,1,6,4,1
1919,Blackburn Rovers,Bradford Park Avenue,3,3,1,1,6,0,0
1919,Blackburn Rovers,Preston North End,4,0,1,1,4,4,1
1919,Bolton Wanderers,Manchester City,6,2,1,1,8,4,1
1919,Bolton Wanderers,Newcastle United,0,3,1,1,3,-3,0
1919,Bradford City,Aston Villa,3,1,1,1,4,2,1
1919,Bradford City,Bradford Park Avenue,0,0,1,1,0,0,0
1919,Bradford City,Manchester City,1,0,1,1,1,1,1
1919,Bradford City,Newcastle United,1,0,1,1,1,1,1
1919,Bradford City,Preston North End,2,2,1,1,4,0,0
1919,Bradford Park Avenue,Bradford City,0,0,1,1,0,0,0
1919,Bradford Park Avenue,Derby County,1,1,1,1,2,0,0
1919,Bradford Park Avenue,Newcastle United,0,1,1,1,1,-1,0
1919,Bradford Park Avenue,Preston North End,3,3,1,1,6,0,0
1919,Bradford Park Avenue,Sunderland,2,2,1,1,4,0,0
1919,Burnley,Bradford City,1,1,1,1,2,0,0
1919,Burnley,Derby County,2,0,1,1,2,2,1
1919,Burnley,Manchester City,2,0,1,1,2,2,1
1919,Burnley,Preston North End,1,1,1,1,2,0,0
1919,Chelsea,Newcastle United,0,0,1,1,0,0,0
1919,Derby County,Aston Villa,1,0,1,1,1,1,1
1919,Derby County,Bradford City,3,0,1,1,3,3,1
1919,Derby County,Manchester City,0,0,1,1,0,0,0
1919,Derby County,Newcastle United,1,0,1,1,1,1,1
1919,Everton,Manchester City,2,0,1,1,2,2,1
1919,Liverpool,Aston Villa,2,1,1,1,3,1,1
1919,Liverpool,Chelsea,0,1,1,1,1,-1,0
1919,Liverpool,Manchester City,1,0,1,1,1,1,1
1919,Liverpool,Newcastle United,1,1,1,1,2,0,0
1919,Manchester City,Aston Villa,2,2,1,1,4,0,0
1919,Manchester City,Bradford City,1,0,1,1,1,1,1
1919,Manchester City,Chelsea,1,0,1,1,1,1,1
1919,Manchester City,Preston North End,1,0,1,1,1,1,1
1919,Manchester City,Sunderland,1,0,1,1,1,1,1
1919,Manchester United,Chelsea,0,2,1,1,2,-2,0
1919,Manchester United,Liverpool,0,0,1,1,0,0,0
1919,Manchester United,Sunderland,2,0,1,1,2,2,1
1919,Middlesbrough,Aston Villa,1,4,1,1,5,-3,0
1919,Middlesbrough,Bradford City,4,0,1,1,4,4,1
1919,Middlesbrough,Chelsea,0,0,1,1,0,0,0
1919,Middlesbrough,Sunderland,0,2,1,1,2,-2,0
1919,Newcastle United,Aston Villa,2,0,1,1,2,2,1
1919,Newcastle United,Bradford City,0,1,1,1,1,-1,0
1919,Newcastle United,Chelsea,3,0,1,1,3,3,1
1919,Newcastle United,Preston North End,1,0,1,1,1,1,1
1919,Newcastle United,Sunderland,2,3,1,1,5,-1,0
1919,Notts County,Aston Villa,2,1,1,1,3,1,1
1919,Notts County,Bradford City,5,2,1,1,7,3,1
1919,Notts County,Chelsea,0,1,1,1,1,-1,0
1919,Notts County,Middlesbrough,1,1,1,1,2,0,0
1919,Oldham Athletic,Bradford City,0,1,1,1,1,-1,0
1919,Oldham Athletic,Chelsea,1,0,1,1,1,1,1
1919,Oldham Athletic,Liverpool,1,1,1,1,2,0,0
1919,Oldham Athletic,Middlesbrough,1,2,1,1,3,-1,0
1919,Oldham Athletic,Preston North End,4,1,1,1,5,3,1
1919,Oldham Athletic,Sunderland,2,1,1,1,3,1,1
1919,Preston North End,Aston Villa,3,0,1,1,3,3,1
1919,Preston North End,Bradford City,1,5,1,1,6,-4,0
1919,Preston North End,Chelsea,3,1,1,1,4,2,1
1919,Preston North End,Oldham Athletic,2,1,1,1,3,1,1
1919,Sheffield United,Middlesbrough,5,1,1,1,6,4,1
1919,Sheffield United,Sunderland,3,1,1,1,4,2,1
1919,Sheffield Wednesday,Aston Villa,0,1,1,1,1,-1,0
1919,Sheffield Wednesday,Bradford City,1,0,1,1,1,1,1
1919,Sheffield Wednesday,Liverpool,2,2,1,1,4,0,0
1919,Sunderland,Aston Villa,2,1,1,1,3,1,1
1919,Sunderland,Bradford City,2,0,1,1,2,2,1
1919,Sunderland,Chelsea,3,2,1,1,5,1,1
1919,Sunderland,Liverpool,0,1,1,1,1,-1,0
1919,Sunderland,Sheffield Wednesday,2,1,1,1,3,1,1
1919,West Bromwich Albion,Aston Villa,1,2,1,1,3,-1,0
1919,West Bromwich Albion,Bradford City,4,1,1,1,5,3,1
1919,West Bromwich Albion,Middlesbrough,4,1,1,1,5,3,1
1919,Barnsley,Coventry City,1,0,2,2,1,1,1
1919,Barnsley,Huddersfield Town,3,3,2,2,6,0,0
1919,Barnsley,Leyton Orient,2,1,2,2,3,1,1
1919,Barnsley,Port Vale,1,0,2,2,1,1,1
1919,Barnsley,Stockport County,0,0,2,2,0,0,0
1919,Birmingham City,Blackpool,4,2,2,2,6,2,1
1919,Birmingham City,Coventry City,4,1,2,2,5,3,1
1919,Birmingham City,Port Vale,3,0,2,2,3,3,1
1919,Birmingham City,Stockport County,1,1,2,2,2,0,0
1919,Blackpool,Coventry City,2,0,2,2,2,2,1
1919,Blackpool,Huddersfield Town,0,3,2,2,3,-3,0
1919,Blackpool,Nottingham Forest,3,2,2,2,5,1,1
1919,Blackpool,Stockport County,1,0,2,2,1,1,1
1919,Bristol City,Huddersfield Town,2,1,2,2,3,1,1
1919,Bristol City,Port Vale,1,1,2,2,2,0,0
1919,Bristol City,West Ham United,0,0,2,2,0,0,0
1919,Bury,Birmingham City,1,0,2,2,1,1,1
1919,Bury,Coventry City,2,2,2,2,4,0,0
1919,Bury,Huddersfield Town,2,0,2,2,2,2,1
1919,Bury,Port Vale,2,1,2,2,3,1,1
1919,Bury,Stockport County,0,2,2,2,2,-2,0
1919,Coventry City,West Ham United,0,0,2,2,0,0,0
1919,Fulham,Birmingham City,1,2,2,2,3,-1,0
1919,Fulham,Huddersfield Town,2,2,2,2,4,0,0
1919,Fulham,Leyton Orient,2,1,2,2,3,1,1
1919,Grimsby Town,Birmingham City,0,3,2,2,3,-3,0
1919,Grimsby Town,Bury,1,2,2,2,3,-1,0
1919,Grimsby Town,Huddersfield Town,1,0,2,2,1,1,1
1919,Grimsby Town,Leyton Orient,2,0,2,2,2,2,1
1919,Grimsby Town,Port Vale,2,0,2,2,2,2,1
1919,Grimsby Town,West Ham United,0,1,2,2,1,-1,0
1919,Huddersfield Town,Bury,5,0,2,2,5,5,1
1919,Huddersfield Town,Grimsby Town,3,0,2,2,3,3,1
1919,Huddersfield Town,Leyton Orient,2,1,2,2,3,1,1
1919,Huddersfield Town,Stockport County,5,0,2,2,5,5,1
1919,Hull City,Grimsby Town,4,1,2,2,5,3,1
1919,Hull City,Nottingham Forest,2,0,2,2,2,2,1
1919,Leicester City,Fulham,3,2,2,2,5,1,1
1919,Leicester City,South Shields,0,0,2,2,0,0,0
1919,Leyton Orient,Hull City,2,2,2,2,4,0,0
1919,Leyton Orient,Nottingham Forest,1,0,2,2,1,1,1
1919,Lincoln City,Barnsley,0,4,2,2,4,-4,0
1919,Lincoln City,Hull City,2,0,2,2,2,2,1
1919,Lincoln City,Nottingham Forest,1,4,2,2,5,-3,0
1919,Lincoln City,South Shields,1,1,2,2,2,0,0
1919,Lincoln City,Tottenham Hotspur,1,1,2,2,2,0,0
1919,Nottingham Forest,Tottenham Hotspur,1,1,2,2,2,0,0
1919,Port Vale,Barnsley,0,2,2,2,2,-2,0
1919,Port Vale,Bury,2,2,2,2,4,0,0
1919,Port Vale,South Shields,1,0,2,2,1,1,1
1919,Rotherham County,Birmingham City,0,3,2,2,3,-3,0
1919,Rotherham County,Grimsby Town,3,1,2,2,4,2,1
1919,Rotherham County,Leicester City,1,0,2,2,1,1,1
1919,Rotherham County,Stockport County,1,0,2,2,1,1,1
1919,South Shields,Birmingham City,1,0,2,2,1,1,1
1919,South Shields,Bury,0,0,2,2,0,0,0
1919,South Shields,Leicester City,2,0,2,2,2,2,1
1919,South Shields,Stockport County,3,2,2,2,5,1,1
1919,South Shields,West Ham United,3,0,2,2,3,3,1
1919,Stockport County,Birmingham City,2,1,2,2,3,1,1
1919,Stockport County,Bury,1,1,2,2,2,0,0
1919,Stockport County,South Shields,1,0,2,2,1,1,1
1919,Stoke City,Bury,1,1,2,2,2,0,0
1919,Stoke City,Leicester City,3,0,2,2,3,3,1
1919,Tottenham Hotspur,Bury,2,1,2,2,3,1,1
1919,Tottenham Hotspur,Grimsby Town,3,1,2,2,4,2,1
1919,Tottenham Hotspur,South Shields,2,0,2,2,2,2,1
1919,Tottenham Hotspur,West Ham United,2,0,2,2,2,2,1
1919,West Ham United,Leicester City,1,0,2,2,1,1,1
1919,West Ham United,Nottingham Forest,5,1,2,2,6,4,1
1919,West Ham United,Tottenham Hotspur,2,1,2,2,3,1,1
1919,Wolverhampton Wanderers,Bury,0,1,2,2,1,-1,0
1919,Wolverhampton Wanderers,Grimsby Town,6,1,2,2,7,5,1
1919,Wolverhampton Wanderers,South Shields,0,0,2,2,0,0,0
1919,Wolverhampton Wanderers,Tottenham Hotspur,1,3,2,2,4,-2,0
1920,Arsenal,Blackburn Rovers,2,0,1,1,2,2,1
1920,Arsenal,Derby County,2,0,1,1,2,2,1
1920,Arsenal,Middlesbrough,2,2,1,1,4,0,0
1920,Arsenal,Tottenham Hotspur,3,2,1,1,5,1,1
1920,Aston Villa,Bradford Park Avenue,4,1,1,1,5,3,1
1920,Aston Villa,Derby County,1,0,1,1,1,1,1
1920,Aston Villa,Liverpool,0,2,1,1,2,-2,0
1920,Blackburn Rovers,Aston Villa,0,1,1,1,1,-1,0
1920,Blackburn Rovers,Middlesbrough,3,2,1,1,5,1,1
1920,Blackburn Rovers,Preston North End,2,2,1,1,4,0,0
1920,Blackburn Rovers,Tottenham Hotspur,1,1,1,1,2,0,0
1920,Bolton Wanderers,Aston Villa,5,0,1,1,5,5,1
1920,Bolton Wanderers,Bradford Park Avenue,2,0,1,1,2,2,1
1920,Bolton Wanderers,Derby County,1,0,1,1,1,1,1
1920,Bolton Wanderers,Tottenham Hotspur,1,0,1,1,1,1,1
1920,Bradford City,Aston Villa,3,0,1,1,3,3,1
1920,Bradford City,Liverpool,0,0,1,1,0,0,0
1920,Bradford City,Middlesbrough,0,1,1,1,1,-1,0
1920,Bradford City,Preston North End,6,2,1,1,8,4,1
1920,Bradford Park Avenue,Derby County,2,1,1,1,3,1,1
1920,Bradford Park Avenue,Liverpool,1,3,1,1,4,-2,0
1920,Bradford Park Avenue,Middlesbrough,3,0,1,1,3,3,1
1920,Bradford Park Avenue,Preston North End,1,3,1,1,4,-2,0
1920,Burnley,Aston Villa,7,1,1,1,8,6,1
1920,Burnley,Bradford City,1,4,1,1,5,-3,0
1920,Burnley,Preston North End,2,0,1,1,2,2,1
1920,Chelsea,Bradford City,3,1,1,1,4,2,1
1920,Chelsea,Liverpool,1,1,1,1,2,0,0
1920,Chelsea,Preston North End,1,1,1,1,2,0,0
1920,Chelsea,Tottenham Hotspur,0,4,1,1,4,-4,0
1920,Derby County,Aston Villa,2,3,1,1,5,-1,0
1920,Derby County,Bradford City,1,1,1,1,2,0,0
1920,Derby County,Chelsea,0,0,1,1,0,0,0
1920,Derby County,Liverpool,0,0,1,1,0,0,0
1920,Derby County,Middlesbrough,0,1,1,1,1,-1,0
1920,Everton,Aston Villa,1,1,1,1,2,0,0
1920,Everton,Bradford City,2,2,1,1,4,0,0
1920,Everton,Chelsea,5,1,1,1,6,4,1
1920,Everton,Middlesbrough,2,1,1,1,3,1,1
1920,Everton,Tottenham Hotspur,0,0,1,1,0,0,0
1920,Huddersfield Town,Bradford City,1,0,1,1,1,1,1
1920,Huddersfield Town,Middlesbrough,0,1,1,1,1,-1,0
1920,Liverpool,Aston Villa,4,1,1,1,5,3,1
1920,Liverpool,Chelsea,2,1,1,1,3,1,1
1920,Liverpool,Middlesbrough,0,0,1,1,0,0,0
1920,Liverpool,Preston North End,6,0,1,1,6,6,1
1920,Manchester City,Bradford City,1,0,1,1,1,1,1
1920,Manchester City,Middlesbrough,2,1,1,1,3,1,1
1920,Manchester United,Aston Villa,1,3,1,1,4,-2,0
1920,Manchester United,Bradford City,1,1,1,1,2,0,0
1920,Manchester United,Chelsea,3,1,1,1,4,2,1
1920,Manchester United,Middlesbrough,0,1,1,1,1,-1,0
1920,Manchester United,Tottenham Hotspur,0,1,1,1,1,-1,0
1920,Middlesbrough,Aston Villa,1,4,1,1,5,-3,0
1920,Middlesbrough,Bradford City,2,1,1,1,3,1,1
1920,Middlesbrough,Preston North End,0,0,1,1,0,0,0
1920,Middlesbrough,Tottenham Hotspur,1,0,1,1,1,1,1
1920,Newcastle United,Aston Villa,2,1,1,1,3,1,1
1920,Newcastle United,Huddersfield Town,1,0,1,1,1,1,1
1920,Newcastle United,Manchester United,6,3,1,1,9,3,1
1920,Newcastle United,Tottenham Hotspur,1,1,1,1,2,0,0
1920,Oldham Athletic,Aston Villa,1,1,1,1,2,0,0
1920,Oldham Athletic,Bradford City,2,0,1,1,2,2,1
1920,Oldham Athletic,Huddersfield Town,1,2,1,1,3,-1,0
1920,Oldham Athletic,Manchester United,2,2,1,1,4,0,0
1920,Oldham Athletic,Preston North End,0,2,1,1,2,-2,0
1920,Oldham Athletic,Tottenham Hotspur,2,5,1,1,7,-3,0
1920,Preston North End,Chelsea,0,1,1,1,1,-1,0
1920,Preston North End,Oldham Athletic,4,0,1,1,4,4,1
1920,Preston North End,Tottenham Hotspur,4,1,1,1,5,3,1
1920,Sheffield United,Aston Villa,0,0,1,1,0,0,0
1920,Sheffield United,Huddersfield Town,1,1,1,1,2,0,0
1920,Sheffield United,Tottenham Hotspur,1,1,1,1,2,0,0
1920,Sunderland,Aston Villa,0,1,1,1,1,-1,0
1920,Sunderland,Bradford City,0,0,1,1,0,0,0
1920,Sunderland,Chelsea,1,0,1,1,1,1,1
1920,Sunderland,Manchester United,2,3,1,1,5,-1,0
1920,Sunderland,Oldham Athletic,1,1,1,1,2,0,0
1920,Sunderland,Tottenham Hotspur,0,1,1,1,1,-1,0
1920,Tottenham Hotspur,Aston Villa,1,2,1,1,3,-1,0
1920,Tottenham Hotspur,Oldham Athletic,5,1,1,1,6,4,1
1920,West Bromwich Albion,Aston Villa,2,1,1,1,3,1,1
1920,West Bromwich Albion,Chelsea,1,1,1,1,2,0,0
1920,West Bromwich Albion,Huddersfield Town,3,0,1,1,3,3,1
1920,West Bromwich Albion,Oldham Athletic,0,0,1,1,0,0,0
1920,Barnsley,Blackpool,0,1,2,2,1,-1,0
1920,Barnsley,Hull City,0,0,2,2,0,0,0
1920,Barnsley,Leyton Orient,1,0,2,2,1,1,1
1920,Barnsley,South Shields,1,1,2,2,2,0,0
1920,Barnsley,West Ham United,1,1,2,2,2,0,0
1920,Birmingham City,Blackpool,3,0,2,2,3,3,1
1920,Birmingham City,Cardiff City,1,1,2,2,2,0,0
1920,Birmingham City,Hull City,5,1,2,2,6,4,1
1920,Birmingham City,Leyton Orient,0,0,2,2,0,0,0
1920,Birmingham City,Port Vale,4,0,2,2,4,4,1
1920,Birmingham City,South Shields,1,1,2,2,2,0,0
1920,Blackpool,Birmingham City,3,0,2,2,3,3,1
1920,Bristol City,Birmingham City,0,1,2,2,1,-1,0
1920,Bristol City,Leyton Orient,2,0,2,2,2,2,1
1920,Bristol City,South Shields,4,2,2,2,6,2,1
1920,Bury,Cardiff City,3,1,2,2,4,2,1
1920,Bury,Leyton Orient,0,1,2,2,1,-1,0
1920,Bury,Port Vale,1,0,2,2,1,1,1
1920,Cardiff City,South Shields,1,0,2,2,1,1,1
1920,Cardiff City,West Ham United,0,0,2,2,0,0,0
1920,Coventry City,Bury,1,0,2,2,1,1,1
1920,Coventry City,Hull City,3,2,2,2,5,1,1
1920,Coventry City,Leyton Orient,1,1,2,2,2,0,0
1920,Coventry City,Port Vale,0,0,2,2,0,0,0
1920,Coventry City,South Shields,1,0,2,2,1,1,1
1920,Fulham,Leyton Orient,1,0,2,2,1,1,1
1920,Fulham,Port Vale,1,0,2,2,1,1,1
1920,Fulham,West Ham United,0,0,2,2,0,0,0
1920,Hull City,Bury,1,1,2,2,2,0,0
1920,Hull City,Leyton Orient,3,0,2,2,3,3,1
1920,Hull City,Port Vale,1,1,2,2,2,0,0
1920,Hull City,West Ham United,2,1,2,2,3,1,1
1920,Leeds United,Leyton Orient,2,1,2,2,3,1,1
1920,Leeds United,South Shields,1,2,2,2,3,-1,0
1920,Leeds United,West Ham United,1,2,2,2,3,-1,0
1920,Leicester City,Leyton Orient,2,1,2,2,3,1,1
1920,Leyton Orient,Birmingham City,1,1,2,2,2,0,0
1920,Leyton Orient,Bury,1,0,2,2,1,1,1
1920,Leyton Orient,Port Vale,0,0,2,2,0,0,0
1920,Leyton Orient,South Shields,1,0,2,2,1,1,1
1920,Leyton Orient,West Ham United,0,1,2,2,1,-1,0
1920,Nottingham Forest,Birmingham City,1,1,2,2,2,0,0
1920,Nottingham Forest,Bury,4,2,2,2,6,2,1
1920,Nottingham Forest,Fulham,5,1,2,2,6,4,1
1920,Nottingham Forest,Leicester City,1,2,2,2,3,-1,0
1920,Notts County,Birmingham City,0,0,2,2,0,0,0
1920,Notts County,West Ham United,1,1,2,2,2,0,0
1920,Port Vale,Leicester City,0,0,2,2,0,0,0
1920,Port Vale,West Ham United,1,2,2,2,3,-1,0
1920,Rotherham County,Leicester City,1,1,2,2,2,0,0
1920,Rotherham County,Notts County,0,0,2,2,0,0,0
1920,Rotherham County,South Shields,5,4,2,2,9,1,1
1920,Rotherham County,West Ham United,2,0,2,2,2,2,1
1920,Sheffield Wednesday,Fulham,3,0,2,2,3,3,1
1920,Sheffield Wednesday,Leicester City,0,0,2,2,0,0,0
1920,Sheffield Wednesday,West Ham United,0,1,2,2,1,-1,0
1920,South Shields,Birmingham City,3,0,2,2,3,3,1
1920,South Shields,Bury,2,0,2,2,2,2,1
1920,South Shields,Leicester City,4,3,2,2,7,1,1
1920,South Shields,Notts County,1,0,2,2,1,1,1
1920,South Shields,Sheffield Wednesday,2,3,2,2,5,-1,0
1920,South Shields,West Ham United,0,0,2,2,0,0,0
1920,Stockport County,Birmingham City,0,3,2,2,3,-3,0
1920,Stockport County,Bury,1,2,2,2,3,-1,0
1920,Stockport County,Notts County,1,0,2,2,1,1,1
1920,Stockport County,Sheffield Wednesday,0,1,2,2,1,-1,0
1920,Stockport County,West Ham United,2,0,2,2,2,2,1
1920,Stoke City,Bury,0,1,2,2,1,-1,0
1920,Stoke City,Fulham,1,2,2,2,3,-1,0
1920,Stoke City,Sheffield Wednesday,0,1,2,2,1,-1,0
1920,West Ham United,Birmingham City,1,1,2,2,2,0,0
1920,West Ham United,Fulham,2,0,2,2,2,2,1
1920,Wolverhampton Wanderers,Fulham,1,0,2,2,1,1,1
1920,Wolverhampton Wanderers,Notts County,1,0,2,2,1,1,1
1920,Wolverhampton Wanderers,Sheffield Wednesday,1,2,2,2,3,-1,0
1920,Wolverhampton Wanderers,Stoke City,3,3,2,2,6,0,0
1920,Brentford,Merthyr Town,0,0,3,3,0,0,0
1920,Brentford,Portsmouth,1,2,3,3,3,-1,0
1920,Brentford,Swindon Town,0,1,3,3,1,-1,0
1920,Brighton & Hove Albion,Gillingham,1,0,3,3,1,1,1
1920,Bristol Rovers,Portsmouth,2,2,3,3,4,0,0
1920,Bristol Rovers,Southampton,1,2,3,3,3,-1,0
1920,Bristol Rovers,Swindon Town,3,1,3,3,4,2,1
1920,Crystal Palace,Brighton & Hove Albion,3,2,3,3,5,1,1
1920,Crystal Palace,Merthyr Town,3,0,3,3,3,3,1
1920,Crystal Palace,Portsmouth,3,0,3,3,3,3,1
1920,Crystal Palace,Southampton,1,1,3,3,2,0,0
1920,Exeter City,Brighton & Hove Albion,1,0,3,3,1,1,1
1920,Exeter City,Gillingham,2,1,3,3,3,1,1
1920,Exeter City,Merthyr Town,3,3,3,3,6,0,0
1920,Exeter City,Portsmouth,0,0,3,3,0,0,0
1920,Exeter City,Swindon Town,1,0,3,3,1,1,1
1920,Gillingham,Brighton & Hove Albion,1,0,3,3,1,1,1
1920,Gillingham,Exeter City,2,1,3,3,3,1,1
1920,Gillingham,Swindon Town,1,1,3,3,2,0,0
1920,Grimsby Town,Brighton & Hove Albion,2,2,3,3,4,0,0
1920,Grimsby Town,Exeter City,2,0,3,3,2,2,1
1920,Grimsby Town,Northampton Town,2,0,3,3,2,2,1
1920,Grimsby Town,Portsmouth,0,3,3,3,3,-3,0
1920,Grimsby Town,Southampton,3,0,3,3,3,3,1
1920,Grimsby Town,Swindon Town,3,0,3,3,3,3,1
1920,Luton Town,Brighton & Hove Albion,3,2,3,3,5,1,1
1920,Luton Town,Portsmouth,2,2,3,3,4,0,0
1920,Luton Town,Southampton,1,1,3,3,2,0,0
1920,Merthyr Town,Exeter City,7,1,3,3,8,6,1
1920,Merthyr Town,Northampton Town,1,0,3,3,1,1,1
1920,Merthyr Town,Swindon Town,2,2,3,3,4,0,0
1920,Millwall,Brighton & Hove Albion,0,1,3,3,1,-1,0
1920,Millwall,Exeter City,2,0,3,3,2,2,1
1920,Millwall,Portsmouth,1,0,3,3,1,1,1
1920,Millwall,Swindon Town,5,0,3,3,5,5,1
1920,Newport County,Exeter City,2,0,3,3,2,2,1
1920,Newport County,Portsmouth,1,0,3,3,1,1,1
1920,Newport County,Southampton,0,0,3,3,0,0,0
1920,Newport County,Swindon Town,0,1,3,3,1,-1,0
1920,Northampton Town,Exeter City,3,3,3,3,6,0,0
1920,Northampton Town,Luton Town,1,0,3,3,1,1,1
1920,Northampton Town,Newport County,0,2,3,3,2,-2,0
1920,Northampton Town,Portsmouth,1,0,3,3,1,1,1
1920,Northampton Town,Southampton,2,0,3,3,2,2,1
1920,Northampton Town,Swindon Town,1,2,3,3,3,-1,0
1920,Norwich City,Brighton & Hove Albion,3,0,3,3,3,3,1
1920,Norwich City,Exeter City,0,0,3,3,0,0,0
1920,Norwich City,Newport County,3,0,3,3,3,3,1
1920,Norwich City,Southampton,0,1,3,3,1,-1,0
1920,Norwich City,Swindon Town,3,2,3,3,5,1,1
1920,Plymouth Argyle,Brighton & Hove Albion,5,0,3,3,5,5,1
1920,Plymouth Argyle,Luton Town,1,0,3,3,1,1,1
1920,Plymouth Argyle,Southampton,0,0,3,3,0,0,0
1920,Portsmouth,Swindon Town,1,1,3,3,2,0,0
1920,Queens Park Rangers,Brighton & Hove Albion,4,0,3,3,4,4,1
1920,Queens Park Rangers,Exeter City,2,1,3,3,3,1,1
1920,Queens Park Rangers,Southampton,0,0,3,3,0,0,0
1920,Reading,Brighton & Hove Albion,0,1,3,3,1,-1,0
1920,Reading,Plymouth Argyle,1,1,3,3,2,0,0
1920,Reading,Swindon Town,2,3,3,3,5,-1,0
1920,Southampton,Brighton & Hove Albion,1,0,3,3,1,1,1
1920,Southampton,Exeter City,3,0,3,3,3,3,1
1920,Southampton,Reading,1,2,3,3,3,-1,0
1920,Southampton,Swindon Town,4,0,3,3,4,4,1
1920,Southend United,Luton Town,1,1,3,3,2,0,0
1920,Southend United,Newport County,2,1,3,3,3,1,1
1920,Southend United,Plymouth Argyle,2,1,3,3,3,1,1
1920,Southend United,Reading,1,0,3,3,1,1,1
1920,Southend United,Swindon Town,1,3,3,3,4,-2,0
1920,Swansea City,Brighton & Hove Albion,0,0,3,3,0,0,0
1920,Swansea City,Luton Town,1,1,3,3,2,0,0
1920,Swansea City,Swindon Town,1,1,3,3,2,0,0
1920,Swindon Town,Exeter City,1,1,3,3,2,0,0
1920,Swindon Town,Luton Town,9,1,3,3,10,8,1
1920,Swindon Town,Newport County,5,0,3,3,5,5,1
1920,Watford,Newport County,5,1,3,3,6,4,1
1920,Watford,Reading,1,2,3,3,3,-1,0
1920,Watford,Swansea City,3,0,3,3,3,3,1
1921,Arsenal,Bradford City,1,0,1,1,1,1,1
1921,Arsenal,Middlesbrough,2,2,1,1,4,0,0
1921,Arsenal,Preston North End,1,0,1,1,1,1,1
1921,Arsenal,Tottenham Hotspur,1,0,1,1,1,1,1
1921,Aston Villa,Birmingham City,1,1,1,1,2,0,0
1921,Aston Villa,Bradford City,7,1,1,1,8,6,1
1921,Aston Villa,Chelsea,1,4,1,1,5,-3,0
1921,Aston Villa,Middlesbrough,6,2,1,1,8,4,1
1921,Aston Villa,Tottenham Hotspur,2,1,1,1,3,1,1
1921,Birmingham City,Aston Villa,1,0,1,1,1,1,1
1921,Birmingham City,Liverpool,0,2,1,1,2,-2,0
1921,Birmingham City,Preston North End,0,2,1,1,2,-2,0
1921,Birmingham City,Tottenham Hotspur,0,3,1,1,3,-3,0
1921,Blackburn Rovers,Aston Villa,1,2,1,1,3,-1,0
1921,Blackburn Rovers,Bradford City,3,1,1,1,4,2,1
1921,Blackburn Rovers,Chelsea,1,1,1,1,2,0,0
1921,Blackburn Rovers,Tottenham Hotspur,1,1,1,1,2,0,0
1921,Bolton Wanderers,Aston Villa,1,0,1,1,1,1,1
1921,Bolton Wanderers,Liverpool,1,3,1,1,4,-2,0
1921,Bolton Wanderers,Middlesbrough,4,2,1,1,6,2,1
1921,Bolton Wanderers,Preston North End,2,2,1,1,4,0,0
1921,Bolton Wanderers,Tottenham Hotspur,1,0,1,1,1,1,1
1921,Bradford City,Liverpool,0,0,1,1,0,0,0
1921,Bradford City,Preston North End,1,0,1,1,1,1,1
1921,Cardiff City,Chelsea,2,0,1,1,2,2,1
1921,Cardiff City,Middlesbrough,3,1,1,1,4,2,1
1921,Chelsea,Aston Villa,1,0,1,1,1,1,1
1921,Chelsea,Bolton Wanderers,0,3,1,1,3,-3,0
1921,Chelsea,Cardiff City,1,0,1,1,1,1,1
1921,Chelsea,Middlesbrough,1,1,1,1,2,0,0
1921,Chelsea,Preston North End,0,0,1,1,0,0,0
1921,Everton,Aston Villa,3,2,1,1,5,1,1
1921,Everton,Cardiff City,0,1,1,1,1,-1,0
1921,Everton,Liverpool,1,1,1,1,2,0,0
1921,Huddersfield Town,Aston Villa,1,0,1,1,1,1,1
1921,Huddersfield Town,Bolton Wanderers,3,0,1,1,3,3,1
1921,Huddersfield Town,Middlesbrough,2,1,1,1,3,1,1
1921,Huddersfield Town,Preston North End,6,0,1,1,6,6,1
1921,Huddersfield Town,Tottenham Hotspur,1,1,1,1,2,0,0
1921,Liverpool,Aston Villa,2,0,1,1,2,2,1
1921,Liverpool,Bolton Wanderers,0,2,1,1,2,-2,0
1921,Liverpool,Middlesbrough,4,0,1,1,4,4,1
1921,Liverpool,Tottenham Hotspur,1,1,1,1,2,0,0
1921,Manchester City,Bolton Wanderers,2,3,1,1,5,-1,0
1921,Manchester City,Huddersfield Town,2,1,1,1,3,1,1
1921,Manchester City,Preston North End,2,0,1,1,2,2,1
1921,Manchester United,Cardiff City,1,1,1,1,2,0,0
1921,Manchester United,Middlesbrough,3,5,1,1,8,-2,0
1921,Manchester United,Preston North End,1,1,1,1,2,0,0
1921,Middlesbrough,Aston Villa,5,0,1,1,5,5,1
1921,Middlesbrough,Manchester United,2,0,1,1,2,2,1
1921,Newcastle United,Aston Villa,1,2,1,1,3,-1,0
1921,Newcastle United,Bolton Wanderers,2,1,1,1,3,1,1
1921,Newcastle United,Huddersfield Town,1,2,1,1,3,-1,0
1921,Newcastle United,Tottenham Hotspur,0,2,1,1,2,-2,0
1921,Oldham Athletic,Aston Villa,3,1,1,1,4,2,1
1921,Oldham Athletic,Cardiff City,2,1,1,1,3,1,1
1921,Oldham Athletic,Manchester United,1,1,1,1,2,0,0
1921,Oldham Athletic,Tottenham Hotspur,1,0,1,1,1,1,1
1921,Preston North End,Cardiff City,1,1,1,1,2,0,0
1921,Preston North End,Manchester United,3,2,1,1,5,1,1
1921,Preston North End,Oldham Athletic,0,0,1,1,0,0,0
1921,Sheffield United,Cardiff City,0,2,1,1,2,-2,0
1921,Sheffield United,Huddersfield Town,1,1,1,1,2,0,0
1921,Sheffield United,Manchester United,3,0,1,1,3,3,1
1921,Sheffield United,Oldham Athletic,1,0,1,1,1,1,1
1921,Sunderland,Aston Villa,1,4,1,1,5,-3,0
1921,Sunderland,Huddersfield Town,2,2,1,1,4,0,0
1921,Sunderland,Oldham Athletic,5,1,1,1,6,4,1
1921,Tottenham Hotspur,Aston Villa,3,1,1,1,4,2,1
1921,Tottenham Hotspur,Cardiff City,4,1,1,1,5,3,1
1921,Tottenham Hotspur,Huddersfield Town,1,0,1,1,1,1,1
1921,Tottenham Hotspur,Oldham Athletic,3,1,1,1,4,2,1
1921,West Bromwich Albion,Bolton Wanderers,0,1,1,1,1,-1,0
1921,West Bromwich Albion,Cardiff City,2,2,1,1,4,0,0
1921,West Bromwich Albion,Huddersfield Town,3,2,1,1,5,1,1
1921,West Bromwich Albion,Manchester United,0,0,1,1,0,0,0
1921,West Bromwich Albion,Oldham Athletic,0,1,1,1,1,-1,0
1921,West Bromwich Albion,Sunderland,2,1,1,1,3,1,1
1921,Barnsley,Coventry City,0,1,2,2,1,-1,0
1921,Barnsley,Fulham,2,1,2,2,3,1,1
1921,Barnsley,Leicester City,0,0,2,2,0,0,0
1921,Barnsley,West Ham United,1,1,2,2,2,0,0
1921,Blackpool,Coventry City,2,1,2,2,3,1,1
1921,Blackpool,Fulham,0,2,2,2,2,-2,0
1921,Blackpool,Leicester City,2,0,2,2,2,2,1
1921,Blackpool,West Ham United,3,1,2,2,4,2,1
1921,Bradford Park Avenue,Blackpool,0,0,2,2,0,0,0
1921,Bradford Park Avenue,Fulham,1,2,2,2,3,-1,0
1921,Bradford Park Avenue,Leicester City,0,1,2,2,1,-1,0
1921,Bradford Park Avenue,Sheffield Wednesday,2,1,2,2,3,1,1
1921,Bradford Park Avenue,West Ham United,2,0,2,2,2,2,1
1921,Bristol City,Blackpool,0,1,2,2,1,-1,0
1921,Bristol City,Coventry City,0,2,2,2,2,-2,0
1921,Bristol City,Leicester City,1,1,2,2,2,0,0
1921,Bristol City,Sheffield Wednesday,3,1,2,2,4,2,1
1921,Bristol City,West Ham United,0,1,2,2,1,-1,0
1921,Bury,Blackpool,3,0,2,2,3,3,1
1921,Bury,Coventry City,3,2,2,2,5,1,1
1921,Bury,Notts County,1,0,2,2,1,1,1
1921,Bury,Sheffield Wednesday,1,2,2,2,3,-1,0
1921,Bury,West Ham United,0,1,2,2,1,-1,0
1921,Coventry City,Sheffield Wednesday,2,2,2,2,4,0,0
1921,Coventry City,West Ham United,2,0,2,2,2,2,1
1921,Crystal Palace,Fulham,2,0,2,2,2,2,1
1921,Crystal Palace,Notts County,1,0,2,2,1,1,1
1921,Crystal Palace,Sheffield Wednesday,2,2,2,2,4,0,0
1921,Derby County,Bury,1,0,2,2,1,1,1
1921,Derby County,Notts County,1,1,2,2,2,0,0
1921,Derby County,Sheffield Wednesday,0,1,2,2,1,-1,0
1921,Fulham,Bury,0,1,2,2,1,-1,0
1921,Fulham,Derby County,2,2,2,2,4,0,0
1921,Fulham,Leicester City,0,0,2,2,0,0,0
1921,Hull City,Bury,1,1,2,2,2,0,0
1921,Hull City,Derby County,1,1,2,2,2,0,0
1921,Hull City,Leicester City,5,2,2,2,7,3,1
1921,Hull City,Sheffield Wednesday,0,0,2,2,0,0,0
1921,Leeds United,Blackpool,0,0,2,2,0,0,0
1921,Leeds United,Derby County,2,1,2,2,3,1,1
1921,Leeds United,Leicester City,3,0,2,2,3,3,1
1921,Leeds United,Notts County,1,1,2,2,2,0,0
1921,Leeds United,Sheffield Wednesday,1,1,2,2,2,0,0
1921,Leicester City,Blackpool,1,0,2,2,1,1,1
1921,Leicester City,Bury,0,0,2,2,0,0,0
1921,Leicester City,Derby County,1,1,2,2,2,0,0
1921,Leicester City,Leeds United,0,0,2,2,0,0,0
1921,Leicester City,Sheffield Wednesday,1,1,2,2,2,0,0
1921,Leyton Orient,Blackpool,3,0,2,2,3,3,1
1921,Leyton Orient,Bury,3,1,2,2,4,2,1
1921,Leyton Orient,Notts County,2,1,2,2,3,1,1
1921,Nottingham Forest,Leeds United,1,0,2,2,1,1,1
1921,Notts County,Blackpool,2,1,2,2,3,1,1
1921,Notts County,Derby County,1,2,2,2,3,-1,0
1921,Notts County,Sheffield Wednesday,2,0,2,2,2,2,1
1921,Port Vale,Bury,5,2,2,2,7,3,1
1921,Port Vale,Derby County,1,1,2,2,2,0,0
1921,Port Vale,Leeds United,0,1,2,2,1,-1,0
1921,Port Vale,Nottingham Forest,0,2,2,2,2,-2,0
1921,Port Vale,Sheffield Wednesday,1,0,2,2,1,1,1
1921,Port Vale,West Ham United,2,1,2,2,3,1,1
1921,Rotherham County,Bury,1,1,2,2,2,0,0
1921,Rotherham County,Sheffield Wednesday,0,0,2,2,0,0,0
1921,Sheffield Wednesday,Blackpool,5,1,2,2,6,4,1
1921,Sheffield Wednesday,Bury,4,1,2,2,5,3,1
1921,Sheffield Wednesday,Leeds United,2,1,2,2,3,1,1
1921,Sheffield Wednesday,Rotherham County,1,0,2,2,1,1,1
1921,Sheffield Wednesday,West Ham United,2,1,2,2,3,1,1
1921,South Shields,Nottingham Forest,0,0,2,2,0,0,0
1921,Stoke City,Blackpool,1,1,2,2,2,0,0
1921,Stoke City,Bury,1,0,2,2,1,1,1
1921,Stoke City,Derby County,1,1,2,2,2,0,0
1921,Stoke City,Leeds United,3,0,2,2,3,3,1
1921,Stoke City,Rotherham County,1,1,2,2,2,0,0
1921,Stoke City,West Ham United,2,0,2,2,2,2,1
1921,West Ham United,Bury,3,2,2,2,5,1,1
1921,West Ham United,Derby County,3,1,2,2,4,2,1
1921,West Ham United,Leeds United,1,1,2,2,2,0,0
1921,West Ham United,Rotherham County,1,2,2,2,3,-1,0
1921,West Ham United,Stoke City,3,0,2,2,3,3,1
1921,Wolverhampton Wanderers,Bury,1,1,2,2,2,0,0
1921,Wolverhampton Wanderers,Leeds United,0,0,2,2,0,0,0
1921,Wolverhampton Wanderers,Nottingham Forest,2,0,2,2,2,2,1
1921,Wolverhampton Wanderers,Rotherham County,3,1,2,2,4,2,1
1921,Accrington Stanley,Barrow,3,0,3a,3,3,3,1
1921,Accrington Stanley,Darlington,1,0,3a,3,1,1,1
1921,Accrington Stanley,Halifax Town,1,2,3a,3,3,-1,0
1921,Accrington Stanley,Nelson,4,1,3a,3,5,3,1
1921,Accrington Stanley,Walsall,3,3,3a,3,6,0,0
1921,Ashington,Crewe Alexandra,0,1,3a,3,1,-1,0
1921,Ashington,Lincoln City,4,2,3a,3,6,2,1
1921,Ashington,Tranmere Rovers,1,0,3a,3,1,1,1
1921,Barrow,Stockport County,0,2,3a,3,2,-2,0
1921,Barrow,Wigan Borough,2,0,3a,3,2,2,1
1921,Chesterfield,Halifax Town,2,0,3a,3,2,2,1
1921,Chesterfield,Nelson,1,2,3a,3,3,-1,0
1921,Chesterfield,Stalybridge Celtic,4,0,3a,3,4,4,1
1921,Crewe Alexandra,Lincoln City,0,2,3a,3,2,-2,0
1921,Crewe Alexandra,Tranmere Rovers,1,1,3a,3,2,0,0
1921,Crewe Alexandra,Wrexham,3,0,3a,3,3,3,1
1921,Darlington,Barrow,3,0,3a,3,3,3,1
1921,Darlington,Durham City,2,2,3a,3,4,0,0
1921,Darlington,Stockport County,1,0,3a,3,1,1,1
1921,Darlington,Wigan Borough,3,0,3a,3,3,3,1
1921,Durham City,Ashington,1,0,3a,3,1,1,1
1921,Durham City,Halifax Town,3,1,3a,3,4,2,1
1921,Durham City,Walsall,2,0,3a,3,2,2,1
1921,Grimsby Town,Durham City,5,2,3a,3,7,3,1
1921,Grimsby Town,Southport,0,0,3a,3,0,0,0
1921,Grimsby Town,Tranmere Rovers,5,1,3a,3,6,4,1
1921,Halifax Town,Darlington,5,1,3a,3,6,4,1
1921,Halifax Town,Wigan Borough,1,2,3a,3,3,-1,0
1921,Hartlepool United,Grimsby Town,0,0,3a,3,0,0,0
1921,Hartlepool United,Stalybridge Celtic,0,1,3a,3,1,-1,0
1921,Lincoln City,Hartlepool United,1,1,3a,3,2,0,0
1921,Lincoln City,Wrexham,1,0,3a,3,1,1,1
1921,Nelson,Darlington,1,1,3a,3,2,0,0
1921,Nelson,Halifax Town,0,0,3a,3,0,0,0
1921,Nelson,Stockport County,2,2,3a,3,4,0,0
1921,Rochdale,Ashington,2,1,3a,3,3,1,1
1921,Rochdale,Crewe Alexandra,2,0,3a,3,2,2,1
1921,Rochdale,Grimsby Town,0,2,3a,3,2,-2,0
1921,Rochdale,Lincoln City,0,2,3a,3,2,-2,0
1921,Southport,Durham City,1,1,3a,3,2,0,0
1921,Southport,Hartlepool United,3,0,3a,3,3,3,1
1921,Stalybridge Celtic,Darlington,1,0,3a,3,1,1,1
1921,Stalybridge Celtic,Nelson,2,0,3a,3,2,2,1
1921,Stalybridge Celtic,Stockport County,0,4,3a,3,4,-4,0
1921,Stockport County,Ashington,3,2,3a,3,5,1,1
1921,Stockport County,Crewe Alexandra,1,1,3a,3,2,0,0
1921,Stockport County,Walsall,3,1,3a,3,4,2,1
1921,Tranmere Rovers,Accrington Stanley,2,4,3a,3,6,-2,0
1921,Tranmere Rovers,Stockport County,0,2,3a,3,2,-2,0
1921,Walsall,Barrow,3,1,3a,3,4,2,1
1921,Walsall,Darlington,0,1,3a,3,1,-1,0
1921,Walsall,Halifax Town,4,1,3a,3,5,3,1
1921,Walsall,Wigan Borough,4,1,3a,3,5,3,1
1921,Wigan Borough,Ashington,1,1,3a,3,2,0,0
1921,Wigan Borough,Grimsby Town,1,1,3a,3,2,0,0
1921,Wigan Borough,Lincoln City,3,1,3a,3,4,2,1
1921,Wigan Borough,Southport,3,2,3a,3,5,1,1
1921,Wrexham,Accrington Stanley,2,1,3a,3,3,1,1
1921,Wrexham,Chesterfield,6,1,3a,3,7,5,1
1921,Wrexham,Durham City,3,1,3a,3,4,2,1
1921,Wrexham,Hartlepool United,0,2,3a,3,2,-2,0
1921,Wrexham,Stockport County,0,0,3a,3,0,0,0
1921,Wrexham,Wigan Borough,3,2,3a,3,5,1,1
1921,Aberdare Athletic,Bristol Rovers,2,0,3b,3,2,2,1
1921,Aberdare Athletic,Gillingham,6,1,3b,3,7,5,1
1921,Aberdare Athletic,Millwall,0,0,3b,3,0,0,0
1921,Aberdare Athletic,Queens Park Rangers,4,2,3b,3,6,2,1
1921,Brentford,Gillingham,0,1,3b,3,1,-1,0
1921,Brighton & Hove Albion,Bristol Rovers,3,1,3b,3,4,2,1
1921,Brighton & Hove Albion,Gillingham,0,1,3b,3,1,-1,0
1921,Brighton & Hove Albion,Millwall,0,1,3b,3,1,-1,0
1921,Bristol Rovers,Brighton & Hove Albion,1,2,3b,3,3,-1,0
1921,Bristol Rovers,Gillingham,0,3,3b,3,3,-3,0
1921,Bristol Rovers,Queens Park Rangers,1,1,3b,3,2,0,0
1921,Bristol Rovers,Southend United,1,0,3b,3,1,1,1
1921,Charlton Athletic,Brighton & Hove Albion,1,0,3b,3,1,1,1
1921,Charlton Athletic,Millwall,2,1,3b,3,3,1,1
1921,Charlton Athletic,Norwich City,2,1,3b,3,3,1,1
1921,Charlton Athletic,Southend United,4,0,3b,3,4,4,1
1921,Exeter City,Brighton & Hove Albion,0,3,3b,3,3,-3,0
1921,Exeter City,Watford,1,3,3b,3,4,-2,0
1921,Gillingham,Millwall,0,1,3b,3,1,-1,0
1921,Gillingham,Norwich City,5,2,3b,3,7,3,1
1921,Luton Town,Queens Park Rangers,3,1,3b,3,4,2,1
1921,Luton Town,Watford,1,1,3b,3,2,0,0
1921,Merthyr Town,Millwall,3,1,3b,3,4,2,1
1921,Merthyr Town,Norwich City,3,0,3b,3,3,3,1
1921,Merthyr Town,Southend United,2,2,3b,3,4,0,0
1921,Merthyr Town,Watford,1,2,3b,3,3,-1,0
1921,Millwall,Brighton & Hove Albion,2,0,3b,3,2,2,1
1921,Millwall,Merthyr Town,4,0,3b,3,4,4,1
1921,Millwall,Queens Park Rangers,0,0,3b,3,0,0,0
1921,Millwall,Watford,0,0,3b,3,0,0,0
1921,Newport County,Brighton & Hove Albion,0,1,3b,3,1,-1,0
1921,Newport County,Exeter City,1,1,3b,3,2,0,0
1921,Newport County,Merthyr Town,0,2,3b,3,2,-2,0
1921,Newport County,Norwich City,1,0,3b,3,1,1,1
1921,Newport County,Queens Park Rangers,0,1,3b,3,1,-1,0
1921,Newport County,Watford,0,0,3b,3,0,0,0
1921,Northampton Town,Brighton & Hove Albion,2,0,3b,3,2,2,1
1921,Northampton Town,Exeter City,2,3,3b,3,5,-1,0
1921,Northampton Town,Norwich City,3,0,3b,3,3,3,1
1921,Northampton Town,Southend United,0,2,3b,3,2,-2,0
1921,Northampton Town,Watford,1,0,3b,3,1,1,1
1921,Norwich City,Exeter City,0,0,3b,3,0,0,0
1921,Norwich City,Merthyr Town,2,0,3b,3,2,2,1
1921,Norwich City,Northampton Town,2,0,3b,3,2,2,1
1921,Norwich City,Queens Park Rangers,0,0,3b,3,0,0,0
1921,Norwich City,Watford,1,1,3b,3,2,0,0
1921,Plymouth Argyle,Brighton & Hove Albion,3,1,3b,3,4,2,1
1921,Portsmouth,Brighton & Hove Albion,0,0,3b,3,0,0,0
1921,Portsmouth,Exeter City,2,0,3b,3,2,2,1
1921,Portsmouth,Merthyr Town,2,1,3b,3,3,1,1
1921,Portsmouth,Queens Park Rangers,1,0,3b,3,1,1,1
1921,Queens Park Rangers,Brighton & Hove Albion,3,0,3b,3,3,3,1
1921,Queens Park Rangers,Exeter City,2,1,3b,3,3,1,1
1921,Queens Park Rangers,Northampton Town,4,0,3b,3,4,4,1
1921,Reading,Brighton & Hove Albion,0,0,3b,3,0,0,0
1921,Reading,Exeter City,0,0,3b,3,0,0,0
1921,Reading,Merthyr Town,5,0,3b,3,5,5,1
1921,Reading,Southend United,4,0,3b,3,4,4,1
1921,Reading,Watford,2,1,3b,3,3,1,1
1921,Southampton,Merthyr Town,1,1,3b,3,2,0,0
1921,Southampton,Portsmouth,1,1,3b,3,2,0,0
1921,Southampton,Southend United,5,0,3b,3,5,5,1
1921,Southampton,Watford,2,0,3b,3,2,2,1
1921,Southend United,Brighton & Hove Albion,1,2,3b,3,3,-1,0
1921,Southend United,Exeter City,0,1,3b,3,1,-1,0
1921,Southend United,Merthyr Town,2,1,3b,3,3,1,1
1921,Southend United,Portsmouth,1,2,3b,3,3,-1,0
1921,Southend United,Southampton,0,0,3b,3,0,0,0
1921,Southend United,Watford,1,4,3b,3,5,-3,0
1921,Swansea City,Merthyr Town,3,2,3b,3,5,1,1
1921,Swansea City,Southampton,1,0,3b,3,1,1,1
1921,Swindon Town,Merthyr Town,3,0,3b,3,3,3,1
1921,Swindon Town,Portsmouth,0,0,3b,3,0,0,0
1921,Swindon Town,Watford,0,3,3b,3,3,-3,0
1921,Watford,Exeter City,0,0,3b,3,0,0,0
1921,Watford,Northampton Town,2,2,3b,3,4,0,0
1921,Watford,Portsmouth,0,3,3b,3,3,-3,0
1921,Watford,Swindon Town,2,2,3b,3,4,0,0
1922,Arsenal,Cardiff City,2,1,1,1,3,1,1
1922,Arsenal,Huddersfield Town,1,1,1,1,2,0,0
1922,Arsenal,Stoke City,3,0,1,1,3,3,1
1922,Aston Villa,Blackburn Rovers,2,0,1,1,2,2,1
1922,Aston Villa,Huddersfield Town,2,1,1,1,3,1,1
1922,Aston Villa,Middlesbrough,2,2,1,1,4,0,0
1922,Aston Villa,West Bromwich Albion,2,0,1,1,2,2,1
1922,Birmingham City,Huddersfield Town,0,0,1,1,0,0,0
1922,Birmingham City,Middlesbrough,2,0,1,1,2,2,1
1922,Birmingham City,Stoke City,2,0,1,1,2,2,1
1922,Birmingham City,West Bromwich Albion,0,2,1,1,2,-2,0
1922,Blackburn Rovers,Huddersfield Town,0,0,1,1,0,0,0
1922,Bolton Wanderers,Cardiff City,0,0,1,1,0,0,0
1922,Bolton Wanderers,Huddersfield Town,1,0,1,1,1,1,1
1922,Bolton Wanderers,Stoke City,1,1,1,1,2,0,0
1922,Burnley,Birmingham City,0,2,1,1,2,-2,0
1922,Burnley,Cardiff City,1,5,1,1,6,-4,0
1922,Burnley,Huddersfield Town,0,2,1,1,2,-2,0
1922,Burnley,Middlesbrough,3,0,1,1,3,3,1
1922,Burnley,Stoke City,3,2,1,1,5,1,1
1922,Burnley,West Bromwich Albion,3,0,1,1,3,3,1
1922,Cardiff City,Birmingham City,1,1,1,1,2,0,0
1922,Cardiff City,West Bromwich Albion,3,0,1,1,3,3,1
1922,Chelsea,Burnley,0,1,1,1,1,-1,0
1922,Chelsea,Huddersfield Town,2,2,1,1,4,0,0
1922,Chelsea,Middlesbrough,1,1,1,1,2,0,0
1922,Chelsea,Oldham Athletic,4,0,1,1,4,4,1
1922,Chelsea,Stoke City,3,2,1,1,5,1,1
1922,Everton,Huddersfield Town,0,3,1,1,3,-3,0
1922,Everton,Oldham Athletic,0,0,1,1,0,0,0
1922,Huddersfield Town,Burnley,2,0,1,1,2,2,1
1922,Huddersfield Town,Everton,1,0,1,1,1,1,1
1922,Huddersfield Town,Middlesbrough,0,2,1,1,2,-2,0
1922,Huddersfield Town,Oldham Athletic,3,0,1,1,3,3,1
1922,Huddersfield Town,Stoke City,1,0,1,1,1,1,1
1922,Liverpool,Birmingham City,0,0,1,1,0,0,0
1922,Liverpool,Oldham Athletic,2,1,1,1,3,1,1
1922,Liverpool,West Bromwich Albion,2,0,1,1,2,2,1
1922,Manchester City,Burnley,1,0,1,1,1,1,1
1922,Manchester City,Everton,2,1,1,1,3,1,1
1922,Middlesbrough,Birmingham City,2,1,1,1,3,1,1
1922,Middlesbrough,Everton,2,4,1,1,6,-2,0
1922,Middlesbrough,Oldham Athletic,2,1,1,1,3,1,1
1922,Middlesbrough,Stoke City,3,1,1,1,4,2,1
1922,Middlesbrough,West Bromwich Albion,0,1,1,1,1,-1,0
1922,Newcastle United,Burnley,0,2,1,1,2,-2,0
1922,Newcastle United,Everton,2,0,1,1,2,2,1
1922,Newcastle United,Manchester City,3,1,1,1,4,2,1
1922,Newcastle United,Oldham Athletic,1,0,1,1,1,1,1
1922,Newcastle United,Stoke City,1,0,1,1,1,1,1
1922,Nottingham Forest,Birmingham City,1,1,1,1,2,0,0
1922,Nottingham Forest,Stoke City,0,1,1,1,1,-1,0
1922,Oldham Athletic,Birmingham City,2,0,1,1,2,2,1
1922,Oldham Athletic,Burnley,1,1,1,1,2,0,0
1922,Oldham Athletic,Nottingham Forest,2,0,1,1,2,2,1
1922,Preston North End,Birmingham City,2,3,1,1,5,-1,0
1922,Preston North End,Burnley,3,1,1,1,4,2,1
1922,Sheffield United,Burnley,2,1,1,1,3,1,1
1922,Sheffield United,Manchester City,2,0,1,1,2,2,1
1922,Sheffield United,Stoke City,2,0,1,1,2,2,1
1922,Stoke City,Birmingham City,0,0,1,1,0,0,0
1922,Stoke City,Burnley,0,1,1,1,1,-1,0
1922,Stoke City,Everton,4,1,1,1,5,3,1
1922,Stoke City,Sheffield United,4,0,1,1,4,4,1
1922,Sunderland,Manchester City,2,0,1,1,2,2,1
1922,Sunderland,West Bromwich Albion,3,2,1,1,5,1,1
1922,Tottenham Hotspur,Birmingham City,2,0,1,1,2,2,1
1922,Tottenham Hotspur,Burnley,1,3,1,1,4,-2,0
1922,Tottenham Hotspur,Manchester City,3,1,1,1,4,2,1
1922,Tottenham Hotspur,Nottingham Forest,2,1,1,1,3,1,1
1922,Tottenham Hotspur,Sheffield United,2,1,1,1,3,1,1
1922,Tottenham Hotspur,West Bromwich Albion,3,1,1,1,4,2,1
1922,West Bromwich Albion,Everton,0,0,1,1,0,0,0
1922,West Bromwich Albion,Manchester City,2,0,1,1,2,2,1
1922,West Bromwich Albion,Sheffield United,4,0,1,1,4,4,1
1922,Barnsley,Bury,2,1,2,2,3,1,1
1922,Barnsley,Derby County,5,0,2,2,5,5,1
1922,Barnsley,Leeds United,1,0,2,2,1,1,1
1922,Barnsley,Wolverhampton Wanderers,1,0,2,2,1,1,1
1922,Blackpool,Bury,5,1,2,2,6,4,1
1922,Blackpool,Derby County,3,2,2,2,5,1,1
1922,Blackpool,Leeds United,1,0,2,2,1,1,1
1922,Blackpool,Rotherham County,1,0,2,2,1,1,1
1922,Blackpool,Wolverhampton Wanderers,3,1,2,2,4,2,1
1922,Bradford City,Derby County,0,0,2,2,0,0,0
1922,Bradford City,Leeds United,0,2,2,2,2,-2,0
1922,Bradford City,Manchester United,1,1,2,2,2,0,0
1922,Bradford City,Rotherham County,0,1,2,2,1,-1,0
1922,Bradford City,Southampton,0,0,2,2,0,0,0
1922,Bury,Bradford City,1,0,2,2,1,1,1
1922,Bury,Derby County,4,1,2,2,5,3,1
1922,Bury,Leeds United,1,1,2,2,2,0,0
1922,Bury,Rotherham County,1,0,2,2,1,1,1
1922,Bury,Wolverhampton Wanderers,3,0,2,2,3,3,1
1922,Coventry City,Derby County,1,0,2,2,1,1,1
1922,Coventry City,Leeds United,1,2,2,2,3,-1,0
1922,Coventry City,Rotherham County,2,1,2,2,3,1,1
1922,Crystal Palace,Bradford City,2,0,2,2,2,2,1
1922,Crystal Palace,Leeds United,1,0,2,2,1,1,1
1922,Crystal Palace,Rotherham County,4,0,2,2,4,4,1
1922,Crystal Palace,Southampton,1,0,2,2,1,1,1
1922,Crystal Palace,Wolverhampton Wanderers,5,0,2,2,5,5,1
1922,Derby County,Crystal Palace,6,0,2,2,6,6,1
1922,Derby County,Leeds United,0,1,2,2,1,-1,0
1922,Derby County,Manchester United,1,1,2,2,2,0,0
1922,Derby County,Rotherham County,1,0,2,2,1,1,1
1922,Derby County,Southampton,0,2,2,2,2,-2,0
1922,Fulham,Bradford City,0,0,2,2,0,0,0
1922,Fulham,Crystal Palace,2,1,2,2,3,1,1
1922,Hull City,Bradford City,0,0,2,2,0,0,0
1922,Hull City,Leeds United,3,1,2,2,4,2,1
1922,Hull City,Manchester United,2,1,2,2,3,1,1
1922,Hull City,Rotherham County,2,3,2,2,5,-1,0
1922,Hull City,Southampton,1,3,2,2,4,-2,0
1922,Hull City,Wolverhampton Wanderers,0,0,2,2,0,0,0
1922,Leeds United,Bradford City,1,0,2,2,1,1,1
1922,Leeds United,Hull City,2,2,2,2,4,0,0
1922,Leicester City,Bradford City,2,0,2,2,2,2,1
1922,Leicester City,Crystal Palace,3,0,2,2,3,3,1
1922,Leicester City,Hull City,0,1,2,2,1,-1,0
1922,Leyton Orient,Crystal Palace,3,1,2,2,4,2,1
1922,Leyton Orient,Rotherham County,5,1,2,2,6,4,1
1922,Leyton Orient,Southampton,1,0,2,2,1,1,1
1922,Manchester United,Bradford City,1,1,2,2,2,0,0
1922,Manchester United,Hull City,3,2,2,2,5,1,1
1922,Manchester United,Leyton Orient,0,0,2,2,0,0,0
1922,Manchester United,Rotherham County,3,0,2,2,3,3,1
1922,Manchester United,Wolverhampton Wanderers,1,0,2,2,1,1,1
1922,Port Vale,Crystal Palace,2,0,2,2,2,2,1
1922,Port Vale,Hull City,1,0,2,2,1,1,1
1922,Port Vale,Rotherham County,0,0,2,2,0,0,0
1922,Port Vale,Southampton,0,0,2,2,0,0,0
1922,Port Vale,Wolverhampton Wanderers,1,0,2,2,1,1,1
1922,Rotherham County,Leyton Orient,0,0,2,2,0,0,0
1922,Rotherham County,Wolverhampton Wanderers,3,2,2,2,5,1,1
1922,Sheffield Wednesday,Leyton Orient,4,1,2,2,5,3,1
1922,Sheffield Wednesday,Port Vale,2,0,2,2,2,2,1
1922,Sheffield Wednesday,Southampton,0,0,2,2,0,0,0
1922,Sheffield Wednesday,Wolverhampton Wanderers,1,0,2,2,1,1,1
1922,South Shields,Leyton Orient,3,0,2,2,3,3,1
1922,South Shields,Southampton,0,0,2,2,0,0,0
1922,South Shields,Wolverhampton Wanderers,1,1,2,2,2,0,0
1922,Southampton,Bradford City,2,0,2,2,2,2,1
1922,Southampton,Hull City,2,1,2,2,3,1,1
1922,Southampton,Leyton Orient,2,0,2,2,2,2,1
1922,Southampton,Port Vale,3,1,2,2,4,2,1
1922,Southampton,Wolverhampton Wanderers,3,0,2,2,3,3,1
1922,Stockport County,Bradford City,1,0,2,2,1,1,1
1922,Stockport County,Hull City,1,1,2,2,2,0,0
1922,Stockport County,Port Vale,0,2,2,2,2,-2,0
1922,Stockport County,South Shields,1,1,2,2,2,0,0
1922,Stockport County,Wolverhampton Wanderers,1,1,2,2,2,0,0
1922,West Ham United,Bradford City,1,2,2,2,3,-1,0
1922,West Ham United,South Shields,1,0,2,2,1,1,1
1922,West Ham United,Wolverhampton Wanderers,1,0,2,2,1,1,1
1922,Wolverhampton Wanderers,Crystal Palace,1,0,2,2,1,1,1
1922,Wolverhampton Wanderers,Hull City,3,0,2,2,3,3,1
1922,Wolverhampton Wanderers,Leyton Orient,1,3,2,2,4,-2,0
1922,Wolverhampton Wanderers,South Shields,1,0,2,2,1,1,1
1922,Wolverhampton Wanderers,West Ham United,1,4,2,2,5,-3,0
1922,Accrington Stanley,Bradford Park Avenue,4,3,3a,3,7,1,1
1922,Accrington Stanley,Darlington,2,1,3a,3,3,1,1
1922,Accrington Stanley,Stalybridge Celtic,1,0,3a,3,1,1,1
1922,Accrington Stanley,Wigan Borough,0,0,3a,3,0,0,0
1922,Ashington,Grimsby Town,2,1,3a,3,3,1,1
1922,Ashington,Lincoln City,0,2,3a,3,2,-2,0
1922,Barrow,Chesterfield,3,1,3a,3,4,2,1
1922,Barrow,Tranmere Rovers,2,1,3a,3,3,1,1
1922,Bradford Park Avenue,Barrow,3,0,3a,3,3,3,1
1922,Bradford Park Avenue,Stalybridge Celtic,1,0,3a,3,1,1,1
1922,Bradford Park Avenue,Wigan Borough,1,1,3a,3,2,0,0
1922,Chesterfield,Crewe Alexandra,2,1,3a,3,3,1,1
1922,Chesterfield,Southport,3,0,3a,3,3,3,1
1922,Chesterfield,Walsall,6,0,3a,3,6,6,1
1922,Crewe Alexandra,Accrington Stanley,1,1,3a,3,2,0,0
1922,Crewe Alexandra,Hartlepool United,2,1,3a,3,3,1,1
1922,Crewe Alexandra,Rochdale,0,1,3a,3,1,-1,0
1922,Crewe Alexandra,Tranmere Rovers,2,0,3a,3,2,2,1
1922,Crewe Alexandra,Wrexham,0,0,3a,3,0,0,0
1922,Darlington,Barrow,3,2,3a,3,5,1,1
1922,Darlington,Halifax Town,0,1,3a,3,1,-1,0
1922,Darlington,Wigan Borough,2,0,3a,3,2,2,1
1922,Durham City,Chesterfield,1,1,3a,3,2,0,0
1922,Grimsby Town,Bradford Park Avenue,0,1,3a,3,1,-1,0
1922,Grimsby Town,Hartlepool United,1,0,3a,3,1,1,1
1922,Grimsby Town,Wrexham,4,0,3a,3,4,4,1
1922,Halifax Town,Barrow,3,0,3a,3,3,3,1
1922,Halifax Town,Nelson,2,2,3a,3,4,0,0
1922,Halifax Town,Stalybridge Celtic,2,1,3a,3,3,1,1
1922,Hartlepool United,Ashington,3,1,3a,3,4,2,1
1922,Hartlepool United,Durham City,2,1,3a,3,3,1,1
1922,Hartlepool United,Southport,1,1,3a,3,2,0,0
1922,Lincoln City,Accrington Stanley,0,0,3a,3,0,0,0
1922,Lincoln City,Bradford Park Avenue,0,0,3a,3,0,0,0
1922,Lincoln City,Halifax Town,0,0,3a,3,0,0,0
1922,Lincoln City,Rochdale,0,1,3a,3,1,-1,0
1922,Lincoln City,Tranmere Rovers,2,0,3a,3,2,2,1
1922,Lincoln City,Wrexham,2,0,3a,3,2,2,1
1922,Nelson,Crewe Alexandra,0,0,3a,3,0,0,0
1922,Nelson,Grimsby Town,1,1,3a,3,2,0,0
1922,Nelson,Stalybridge Celtic,1,0,3a,3,1,1,1
1922,Rochdale,Ashington,2,0,3a,3,2,2,1
1922,Rochdale,Chesterfield,0,2,3a,3,2,-2,0
1922,Southport,Bradford Park Avenue,0,0,3a,3,0,0,0
1922,Stalybridge Celtic,Barrow,2,0,3a,3,2,2,1
1922,Stalybridge Celtic,Grimsby Town,3,2,3a,3,5,1,1
1922,Stalybridge Celtic,Wigan Borough,0,2,3a,3,2,-2,0
1922,Tranmere Rovers,Ashington,1,0,3a,3,1,1,1
1922,Tranmere Rovers,Durham City,5,1,3a,3,6,4,1
1922,Tranmere Rovers,Rochdale,2,0,3a,3,2,2,1
1922,Tranmere Rovers,Walsall,2,3,3a,3,5,-1,0
1922,Walsall,Bradford Park Avenue,1,0,3a,3,1,1,1
1922,Walsall,Halifax Town,2,1,3a,3,3,1,1
1922,Walsall,Stalybridge Celtic,2,1,3a,3,3,1,1
1922,Walsall,Wrexham,1,0,3a,3,1,1,1
1922,Wrexham,Chesterfield,3,1,3a,3,4,2,1
1922,Wrexham,Durham City,1,0,3a,3,1,1,1
1922,Wrexham,Tranmere Rovers,2,1,3a,3,3,1,1
1922,Aberdare Athletic,Brentford,0,0,3b,3,0,0,0
1922,Aberdare Athletic,Bristol Rovers,0,0,3b,3,0,0,0
1922,Aberdare Athletic,Gillingham,2,0,3b,3,2,2,1
1922,Aberdare Athletic,Millwall,0,1,3b,3,1,-1,0
1922,Aberdare Athletic,Swansea City,0,1,3b,3,1,-1,0
1922,Brentford,Aberdare Athletic,0,1,3b,3,1,-1,0
1922,Brentford,Bristol Rovers,0,1,3b,3,1,-1,0
1922,Brentford,Norwich City,1,4,3b,3,5,-3,0
1922,Brighton & Hove Albion,Norwich City,0,0,3b,3,0,0,0
1922,Brighton & Hove Albion,Queens Park Rangers,2,0,3b,3,2,2,1
1922,Brighton & Hove Albion,Swansea City,1,3,3b,3,4,-2,0
1922,Bristol City,Aberdare Athletic,0,0,3b,3,0,0,0
1922,Bristol City,Bristol Rovers,0,1,3b,3,1,-1,0
1922,Bristol City,Millwall,1,1,3b,3,2,0,0
1922,Bristol City,Norwich City,4,0,3b,3,4,4,1
1922,Bristol City,Queens Park Rangers,3,2,3b,3,5,1,1
1922,Bristol City,Swansea City,1,0,3b,3,1,1,1
1922,Bristol Rovers,Aberdare Athletic,1,0,3b,3,1,1,1
1922,Bristol Rovers,Bristol City,1,2,3b,3,3,-1,0
1922,Bristol Rovers,Gillingham,1,0,3b,3,1,1,1
1922,Bristol Rovers,Millwall,0,0,3b,3,0,0,0
1922,Bristol Rovers,Norwich City,3,2,3b,3,5,1,1
1922,Bristol Rovers,Queens Park Rangers,1,3,3b,3,4,-2,0
1922,Bristol Rovers,Swansea City,0,0,3b,3,0,0,0
1922,Charlton Athletic,Queens Park Rangers,1,1,3b,3,2,0,0
1922,Exeter City,Bristol City,0,0,3b,3,0,0,0
1922,Gillingham,Aberdare Athletic,4,0,3b,3,4,4,1
1922,Gillingham,Exeter City,2,1,3b,3,3,1,1
1922,Gillingham,Millwall,3,0,3b,3,3,3,1
1922,Gillingham,Norwich City,5,0,3b,3,5,5,1
1922,Luton Town,Queens Park Rangers,1,0,3b,3,1,1,1
1922,Luton Town,Swansea City,6,1,3b,3,7,5,1
1922,Merthyr Town,Aberdare Athletic,0,2,3b,3,2,-2,0
1922,Merthyr Town,Bristol City,0,1,3b,3,1,-1,0
1922,Merthyr Town,Millwall,1,1,3b,3,2,0,0
1922,Millwall,Aberdare Athletic,1,0,3b,3,1,1,1
1922,Millwall,Merthyr Town,1,0,3b,3,1,1,1
1922,Millwall,Norwich City,3,0,3b,3,3,3,1
1922,Millwall,Swansea City,0,2,3b,3,2,-2,0
1922,Newport County,Bristol City,0,1,3b,3,1,-1,0
1922,Newport County,Merthyr Town,1,1,3b,3,2,0,0
1922,Newport County,Norwich City,1,3,3b,3,4,-2,0
1922,Newport County,Swansea City,1,2,3b,3,3,-1,0
1922,Northampton Town,Aberdare Athletic,3,1,3b,3,4,2,1
1922,Northampton Town,Exeter City,3,0,3b,3,3,3,1
1922,Northampton Town,Norwich City,1,1,3b,3,2,0,0
1922,Northampton Town,Swansea City,1,3,3b,3,4,-2,0
1922,Norwich City,Bristol City,2,2,3b,3,4,0,0
1922,Norwich City,Merthyr Town,1,1,3b,3,2,0,0
1922,Norwich City,Queens Park Rangers,1,1,3b,3,2,0,0
1922,Plymouth Argyle,Bristol City,5,1,3b,3,6,4,1
1922,Plymouth Argyle,Merthyr Town,2,0,3b,3,2,2,1
1922,Plymouth Argyle,Northampton Town,1,0,3b,3,1,1,1
1922,Plymouth Argyle,Queens Park Rangers,2,0,3b,3,2,2,1
1922,Plymouth Argyle,Swansea City,2,0,3b,3,2,2,1
1922,Portsmouth,Aberdare Athletic,1,0,3b,3,1,1,1
1922,Portsmouth,Queens Park Rangers,1,1,3b,3,2,0,0
1922,Queens Park Rangers,Bristol City,1,2,3b,3,3,-1,0
1922,Queens Park Rangers,Exeter City,2,0,3b,3,2,2,1
1922,Queens Park Rangers,Northampton Town,3,2,3b,3,5,1,1
1922,Reading,Aberdare Athletic,1,0,3b,3,1,1,1
1922,Reading,Bristol City,0,0,3b,3,0,0,0
1922,Reading,Portsmouth,0,0,3b,3,0,0,0
1922,Southend United,Bristol City,0,3,3b,3,3,-3,0
1922,Southend United,Northampton Town,1,2,3b,3,3,-1,0
1922,Swansea City,Aberdare Athletic,5,1,3b,3,6,4,1
1922,Swansea City,Bristol City,4,1,3b,3,5,3,1
1922,Swansea City,Exeter City,5,1,3b,3,6,4,1
1922,Swansea City,Portsmouth,2,1,3b,3,3,1,1
1922,Swansea City,Southend United,1,0,3b,3,1,1,1
1922,Swindon Town,Merthyr Town,4,0,3b,3,4,4,1
1922,Swindon Town,Northampton Town,2,0,3b,3,2,2,1
1922,Swindon Town,Portsmouth,3,0,3b,3,3,3,1
1922,Watford,Aberdare Athletic,6,0,3b,3,6,6,1
1922,Watford,Exeter City,4,0,3b,3,4,4,1
1922,Watford,Northampton Town,0,0,3b,3,0,0,0
1922,Watford,Southend United,1,1,3b,3,2,0,0
1923,Arsenal,Aston Villa,0,1,1,1,1,-1,0
1923,Arsenal,Bolton Wanderers,0,0,1,1,0,0,0
1923,Arsenal,Preston North End,1,2,1,1,3,-1,0
1923,Arsenal,Tottenham Hotspur,1,1,1,1,2,0,0
1923,Aston Villa,Liverpool,0,0,1,1,0,0,0
1923,Aston Villa,Preston North End,5,1,1,1,6,4,1
1923,Aston Villa,Tottenham Hotspur,0,0,1,1,0,0,0
1923,Birmingham City,Arsenal,0,2,1,1,2,-2,0
1923,Birmingham City,Liverpool,2,1,1,1,3,1,1
1923,Birmingham City,Newcastle United,4,1,1,1,5,3,1
1923,Birmingham City,Preston North End,2,0,1,1,2,2,1
1923,Blackburn Rovers,Arsenal,2,0,1,1,2,2,1
1923,Blackburn Rovers,Chelsea,3,0,1,1,3,3,1
1923,Blackburn Rovers,Liverpool,0,0,1,1,0,0,0
1923,Blackburn Rovers,Preston North End,2,0,1,1,2,2,1
1923,Blackburn Rovers,Tottenham Hotspur,0,1,1,1,1,-1,0
1923,Bolton Wanderers,Blackburn Rovers,3,0,1,1,3,3,1
1923,Bolton Wanderers,Tottenham Hotspur,3,1,1,1,4,2,1
1923,Burnley,Blackburn Rovers,1,2,1,1,3,-1,0
1923,Burnley,Liverpool,2,0,1,1,2,2,1
1923,Burnley,Newcastle United,3,2,1,1,5,1,1
1923,Burnley,Tottenham Hotspur,2,2,1,1,4,0,0
1923,Cardiff City,Chelsea,1,1,1,1,2,0,0
1923,Cardiff City,Liverpool,2,0,1,1,2,2,1
1923,Cardiff City,Tottenham Hotspur,2,1,1,1,3,1,1
1923,Chelsea,Liverpool,2,1,1,1,3,1,1
1923,Chelsea,Newcastle United,1,0,1,1,1,1,1
1923,Chelsea,Preston North End,1,2,1,1,3,-1,0
1923,Chelsea,Tottenham Hotspur,0,1,1,1,1,-1,0
1923,Everton,Blackburn Rovers,0,0,1,1,0,0,0
1923,Everton,Cardiff City,0,0,1,1,0,0,0
1923,Huddersfield Town,Cardiff City,2,0,1,1,2,2,1
1923,Huddersfield Town,Liverpool,3,1,1,1,4,2,1
1923,Huddersfield Town,Newcastle United,1,1,1,1,2,0,0
1923,Huddersfield Town,Preston North End,4,0,1,1,4,4,1
1923,Huddersfield Town,Tottenham Hotspur,2,1,1,1,3,1,1
1923,Liverpool,Arsenal,0,0,1,1,0,0,0
1923,Liverpool,Huddersfield Town,1,1,1,1,2,0,0
1923,Liverpool,Newcastle United,0,1,1,1,1,-1,0
1923,Liverpool,Tottenham Hotspur,1,0,1,1,1,1,1
1923,Manchester City,Arsenal,1,0,1,1,1,1,1
1923,Manchester City,Cardiff City,1,1,1,1,2,0,0
1923,Manchester City,Huddersfield Town,1,1,1,1,2,0,0
1923,Middlesbrough,Arsenal,0,0,1,1,0,0,0
1923,Middlesbrough,Blackburn Rovers,2,0,1,1,2,2,1
1923,Middlesbrough,Cardiff City,0,1,1,1,1,-1,0
1923,Middlesbrough,Huddersfield Town,2,0,1,1,2,2,1
1923,Middlesbrough,Newcastle United,1,0,1,1,1,1,1
1923,Middlesbrough,Preston North End,1,2,1,1,3,-1,0
1923,Middlesbrough,Tottenham Hotspur,0,1,1,1,1,-1,0
1923,Newcastle United,Arsenal,1,0,1,1,1,1,1
1923,Newcastle United,Blackburn Rovers,2,1,1,1,3,1,1
1923,Newcastle United,Cardiff City,1,1,1,1,2,0,0
1923,Newcastle United,Huddersfield Town,0,1,1,1,1,-1,0
1923,Newcastle United,Middlesbrough,3,2,1,1,5,1,1
1923,Newcastle United,Tottenham Hotspur,2,2,1,1,4,0,0
1923,Nottingham Forest,Cardiff City,0,1,1,1,1,-1,0
1923,Nottingham Forest,Middlesbrough,3,1,1,1,4,2,1
1923,Nottingham Forest,Preston North End,1,1,1,1,2,0,0
1923,Notts County,Arsenal,1,2,1,1,3,-1,0
1923,Notts County,Blackburn Rovers,3,0,1,1,3,3,1
1923,Notts County,Huddersfield Town,1,0,1,1,1,1,1
1923,Notts County,Preston North End,0,0,1,1,0,0,0
1923,Notts County,Tottenham Hotspur,0,0,1,1,0,0,0
1923,Preston North End,Blackburn Rovers,0,1,1,1,1,-1,0
1923,Preston North End,Notts County,2,1,1,1,3,1,1
1923,Preston North End,Tottenham Hotspur,2,2,1,1,4,0,0
1923,Sheffield United,Arsenal,3,1,1,1,4,2,1
1923,Sheffield United,Cardiff City,1,1,1,1,2,0,0
1923,Sheffield United,Middlesbrough,0,1,1,1,1,-1,0
1923,Sheffield United,Tottenham Hotspur,6,2,1,1,8,4,1
1923,Sunderland,Arsenal,1,1,1,1,2,0,0
1923,Sunderland,Cardiff City,0,3,1,1,3,-3,0
1923,Sunderland,Middlesbrough,3,2,1,1,5,1,1
1923,Tottenham Hotspur,Arsenal,3,0,1,1,3,3,1
1923,Tottenham Hotspur,Blackburn Rovers,2,1,1,1,3,1,1
1923,Tottenham Hotspur,Huddersfield Town,1,0,1,1,1,1,1
1923,Tottenham Hotspur,Middlesbrough,2,1,1,1,3,1,1
1923,West Bromwich Albion,Arsenal,4,0,1,1,4,4,1
1923,West Bromwich Albion,Cardiff City,2,4,1,1,6,-2,0
1923,West Bromwich Albion,Huddersfield Town,2,4,1,1,6,-2,0
1923,West Bromwich Albion,Middlesbrough,1,1,1,1,2,0,0
1923,West Bromwich Albion,Notts County,5,0,1,1,5,5,1
1923,West Bromwich Albion,Sunderland,3,1,1,1,4,2,1
1923,Barnsley,Derby County,1,3,2,2,4,-2,0
1923,Barnsley,Leeds United,1,3,2,2,4,-2,0
1923,Barnsley,Southampton,1,1,2,2,2,0,0
1923,Blackpool,Bury,3,1,2,2,4,2,1
1923,Blackpool,Port Vale,6,1,2,2,7,5,1
1923,Bradford City,Barnsley,3,2,2,2,5,1,1
1923,Bradford City,Bury,2,2,2,2,4,0,0
1923,Bradford City,Leeds United,0,0,2,2,0,0,0
1923,Bradford City,Manchester United,0,0,2,2,0,0,0
1923,Bradford City,Southampton,2,1,2,2,3,1,1
1923,Bristol City,Barnsley,1,1,2,2,2,0,0
1923,Bristol City,Derby County,0,8,2,2,8,-8,0
1923,Bristol City,Port Vale,0,0,2,2,0,0,0
1923,Bristol City,Southampton,1,1,2,2,2,0,0
1923,Bury,Barnsley,1,1,2,2,2,0,0
1923,Bury,Manchester United,2,0,2,2,2,2,1
1923,Bury,Port Vale,0,0,2,2,0,0,0
1923,Bury,Southampton,1,0,2,2,1,1,1
1923,Coventry City,Barnsley,2,3,2,2,5,-1,0
1923,Coventry City,Bristol City,1,1,2,2,2,0,0
1923,Coventry City,Derby County,0,1,2,2,1,-1,0
1923,Coventry City,Port Vale,1,3,2,2,4,-2,0
1923,Coventry City,Southampton,0,0,2,2,0,0,0
1923,Crystal Palace,Bristol City,1,0,2,2,1,1,1
1923,Crystal Palace,Leeds United,1,1,2,2,2,0,0
1923,Crystal Palace,Manchester United,1,1,2,2,2,0,0
1923,Crystal Palace,Southampton,0,0,2,2,0,0,0
1923,Derby County,Barnsley,2,1,2,2,3,1,1
1923,Derby County,Crystal Palace,5,0,2,2,5,5,1
1923,Derby County,Leeds United,2,0,2,2,2,2,1
1923,Derby County,Manchester United,3,0,2,2,3,3,1
1923,Derby County,Port Vale,2,0,2,2,2,2,1
1923,Fulham,Barnsley,3,0,2,2,3,3,1
1923,Fulham,Manchester United,3,1,2,2,4,2,1
1923,Hull City,Barnsley,1,2,2,2,3,-1,0
1923,Hull City,Bristol City,5,0,2,2,5,5,1
1923,Hull City,Crystal Palace,2,2,2,2,4,0,0
1923,Leeds United,Barnsley,3,1,2,2,4,2,1
1923,Leeds United,Bristol City,0,0,2,2,0,0,0
1923,Leeds United,Manchester United,0,0,2,2,0,0,0
1923,Leeds United,Port Vale,3,0,2,2,3,3,1
1923,Leeds United,Southampton,3,0,2,2,3,3,1
1923,Leicester City,Hull City,1,1,2,2,2,0,0
1923,Leicester City,Manchester United,2,2,2,2,4,0,0
1923,Leicester City,Port Vale,2,0,2,2,2,2,1
1923,Leicester City,Southampton,0,1,2,2,1,-1,0
1923,Leyton Orient,Barnsley,2,1,2,2,3,1,1
1923,Leyton Orient,Bristol City,2,0,2,2,2,2,1
1923,Leyton Orient,Crystal Palace,1,0,2,2,1,1,1
1923,Leyton Orient,Hull City,0,0,2,2,0,0,0
1923,Leyton Orient,Southampton,0,0,2,2,0,0,0
1923,Manchester United,Hull City,1,1,2,2,2,0,0
1923,Manchester United,Leyton Orient,2,2,2,2,4,0,0
1923,Manchester United,Southampton,1,0,2,2,1,1,1
1923,Nelson,Barnsley,4,3,2,2,7,1,1
1923,Nelson,Bristol City,2,1,2,2,3,1,1
1923,Nelson,Crystal Palace,4,2,2,2,6,2,1
1923,Nelson,Leyton Orient,1,1,2,2,2,0,0
1923,Nelson,Southampton,0,0,2,2,0,0,0
1923,Oldham Athletic,Barnsley,1,1,2,2,2,0,0
1923,Oldham Athletic,Crystal Palace,1,0,2,2,1,1,1
1923,Oldham Athletic,Hull City,0,0,2,2,0,0,0
1923,Oldham Athletic,Port Vale,2,0,2,2,2,2,1
1923,Oldham Athletic,Southampton,1,3,2,2,4,-2,0
1923,Port Vale,Barnsley,4,1,2,2,5,3,1
1923,Port Vale,Hull City,2,2,2,2,4,0,0
1923,Port Vale,Oldham Athletic,3,0,2,2,3,3,1
1923,Port Vale,Southampton,1,0,2,2,1,1,1
1923,Sheffield Wednesday,Barnsley,1,0,2,2,1,1,1
1923,Sheffield Wednesday,Bristol City,1,0,2,2,1,1,1
1923,Sheffield Wednesday,Crystal Palace,6,0,2,2,6,6,1
1923,Sheffield Wednesday,Hull City,1,0,2,2,1,1,1
1923,Sheffield Wednesday,Oldham Athletic,1,2,2,2,3,-1,0
1923,South Shields,Barnsley,2,0,2,2,2,2,1
1923,South Shields,Bristol City,1,1,2,2,2,0,0
1923,South Shields,Southampton,1,2,2,2,3,-1,0
1923,Southampton,Leyton Orient,5,0,2,2,5,5,1
1923,Stockport County,Bristol City,0,0,2,2,0,0,0
1923,Stockport County,Crystal Palace,2,2,2,2,4,0,0
1923,Stockport County,Oldham Athletic,0,1,2,2,1,-1,0
1923,Stockport County,South Shields,3,2,2,2,5,1,1
1923,Stoke City,Hull City,1,0,2,2,1,1,1
1923,Accrington Stanley,Ashington,0,1,3a,3,1,-1,0
1923,Accrington Stanley,Doncaster Rovers,0,0,3a,3,0,0,0
1923,Accrington Stanley,New Brighton,0,0,3a,3,0,0,0
1923,Accrington Stanley,Southport,2,0,3a,3,2,2,1
1923,Accrington Stanley,Wigan Borough,2,2,3a,3,4,0,0
1923,Ashington,Accrington Stanley,1,1,3a,3,2,0,0
1923,Ashington,Chesterfield,1,1,3a,3,2,0,0
1923,Ashington,Doncaster Rovers,3,1,3a,3,4,2,1
1923,Ashington,Halifax Town,4,0,3a,3,4,4,1
1923,Ashington,Southport,2,0,3a,3,2,2,1
1923,Ashington,Wigan Borough,3,0,3a,3,3,3,1
1923,Barrow,Accrington Stanley,0,0,3a,3,0,0,0
1923,Barrow,Chesterfield,2,0,3a,3,2,2,1
1923,Barrow,New Brighton,2,1,3a,3,3,1,1
1923,Barrow,Wigan Borough,2,1,3a,3,3,1,1
1923,Bradford Park Avenue,New Brighton,1,1,3a,3,2,0,0
1923,Bradford Park Avenue,Southport,2,0,3a,3,2,2,1
1923,Bradford Park Avenue,Wigan Borough,4,0,3a,3,4,4,1
1923,Chesterfield,New Brighton,1,0,3a,3,1,1,1
1923,Chesterfield,Wigan Borough,1,0,3a,3,1,1,1
1923,Crewe Alexandra,Bradford Park Avenue,1,1,3a,3,2,0,0
1923,Crewe Alexandra,Doncaster Rovers,0,2,3a,3,2,-2,0
1923,Crewe Alexandra,New Brighton,2,0,3a,3,2,2,1
1923,Crewe Alexandra,Wigan Borough,0,2,3a,3,2,-2,0
1923,Darlington,Accrington Stanley,2,1,3a,3,3,1,1
1923,Darlington,Bradford Park Avenue,3,1,3a,3,4,2,1
1923,Darlington,Doncaster Rovers,1,1,3a,3,2,0,0
1923,Darlington,Halifax Town,0,0,3a,3,0,0,0
1923,Darlington,Southport,3,1,3a,3,4,2,1
1923,Durham City,Accrington Stanley,3,0,3a,3,3,3,1
1923,Durham City,New Brighton,2,1,3a,3,3,1,1
1923,Grimsby Town,Bradford Park Avenue,2,0,3a,3,2,2,1
1923,Grimsby Town,New Brighton,0,0,3a,3,0,0,0
1923,Grimsby Town,Southport,1,0,3a,3,1,1,1
1923,Halifax Town,Grimsby Town,1,3,3a,3,4,-2,0
1923,Halifax Town,New Brighton,2,1,3a,3,3,1,1
1923,Halifax Town,Southport,1,0,3a,3,1,1,1
1923,Hartlepool United,Accrington Stanley,3,0,3a,3,3,3,1
1923,Hartlepool United,Bradford Park Avenue,0,0,3a,3,0,0,0
1923,Hartlepool United,Darlington,0,1,3a,3,1,-1,0
1923,Hartlepool United,Southport,1,0,3a,3,1,1,1
1923,Hartlepool United,Wigan Borough,0,0,3a,3,0,0,0
1923,Lincoln City,Accrington Stanley,0,2,3a,3,2,-2,0
1923,Lincoln City,Bradford Park Avenue,2,3,3a,3,5,-1,0
1923,Lincoln City,Grimsby Town,1,3,3a,3,4,-2,0
1923,Lincoln City,Southport,1,1,3a,3,2,0,0
1923,Lincoln City,Wigan Borough,1,1,3a,3,2,0,0
1923,New Brighton,Accrington Stanley,1,2,3a,3,3,-1,0
1923,New Brighton,Southport,0,0,3a,3,0,0,0
1923,Rochdale,Darlington,0,0,3a,3,0,0,0
1923,Rochdale,Wigan Borough,1,0,3a,3,1,1,1
1923,Rotherham County,Darlington,2,0,3a,3,2,2,1
1923,Rotherham County,Grimsby Town,2,1,3a,3,3,1,1
1923,Rotherham County,Lincoln City,2,0,3a,3,2,2,1
1923,Rotherham County,Southport,1,1,3a,3,2,0,0
1923,Southport,Bradford Park Avenue,1,0,3a,3,1,1,1
1923,Southport,Darlington,1,0,3a,3,1,1,1
1923,Southport,Lincoln City,3,2,3a,3,5,1,1
1923,Tranmere Rovers,Accrington Stanley,2,0,3a,3,2,2,1
1923,Tranmere Rovers,Bradford Park Avenue,2,1,3a,3,3,1,1
1923,Tranmere Rovers,Darlington,1,4,3a,3,5,-3,0
1923,Tranmere Rovers,Grimsby Town,2,1,3a,3,3,1,1
1923,Tranmere Rovers,Wigan Borough,1,0,3a,3,1,1,1
1923,Walsall,Darlington,2,1,3a,3,3,1,1
1923,Walsall,Grimsby Town,2,0,3a,3,2,2,1
1923,Walsall,Lincoln City,0,0,3a,3,0,0,0
1923,Walsall,Rotherham County,1,1,3a,3,2,0,0
1923,Wigan Borough,Accrington Stanley,2,0,3a,3,2,2,1
1923,Wigan Borough,Walsall,2,1,3a,3,3,1,1
1923,Wolverhampton Wanderers,Accrington Stanley,5,1,3a,3,6,4,1
1923,Wolverhampton Wanderers,Grimsby Town,4,1,3a,3,5,3,1
1923,Wolverhampton Wanderers,Rotherham County,3,0,3a,3,3,3,1
1923,Wrexham,Accrington Stanley,1,0,3a,3,1,1,1
1923,Wrexham,Bradford Park Avenue,2,2,3a,3,4,0,0
1923,Wrexham,Darlington,0,1,3a,3,1,-1,0
1923,Wrexham,Grimsby Town,1,1,3a,3,2,0,0
1923,Wrexham,Lincoln City,2,1,3a,3,3,1,1
1923,Wrexham,Rotherham County,1,0,3a,3,1,1,1
1923,Wrexham,Walsall,0,0,3a,3,0,0,0
1923,Aberdare Athletic,AFC Bournemouth,1,0,3b,3,1,1,1
1923,Aberdare Athletic,Bristol Rovers,2,0,3b,3,2,2,1
1923,Aberdare Athletic,Millwall,1,1,3b,3,2,0,0
1923,AFC Bournemouth,Gillingham,0,0,3b,3,0,0,0
1923,AFC Bournemouth,Millwall,2,0,3b,3,2,2,1
1923,Brentford,Aberdare Athletic,1,1,3b,3,2,0,0
1923,Brentford,Millwall,1,3,3b,3,4,-2,0
1923,Brentford,Queens Park Rangers,0,1,3b,3,1,-1,0
1923,Brentford,Swansea City,2,2,3b,3,4,0,0
1923,Brighton & Hove Albion,Aberdare Athletic,5,0,3b,3,5,5,1
1923,Brighton & Hove Albion,Gillingham,2,2,3b,3,4,0,0
1923,Brighton & Hove Albion,Queens Park Rangers,3,0,3b,3,3,3,1
1923,Bristol Rovers,Aberdare Athletic,2,0,3b,3,2,2,1
1923,Bristol Rovers,Brighton & Hove Albion,2,0,3b,3,2,2,1
1923,Bristol Rovers,Gillingham,2,0,3b,3,2,2,1
1923,Bristol Rovers,Norwich City,3,1,3b,3,4,2,1
1923,Bristol Rovers,Swansea City,2,0,3b,3,2,2,1
1923,Charlton Athletic,Aberdare Athletic,3,1,3b,3,4,2,1
1923,Charlton Athletic,Gillingham,0,0,3b,3,0,0,0
1923,Charlton Athletic,Norwich City,0,0,3b,3,0,0,0
1923,Charlton Athletic,Swansea City,1,3,3b,3,4,-2,0
1923,Exeter City,Brighton & Hove Albion,0,1,3b,3,1,-1,0
1923,Gillingham,Aberdare Athletic,3,1,3b,3,4,2,1
1923,Gillingham,Norwich City,3,1,3b,3,4,2,1
1923,Gillingham,Queens Park Rangers,0,0,3b,3,0,0,0
1923,Gillingham,Swansea City,0,1,3b,3,1,-1,0
1923,Luton Town,Aberdare Athletic,1,0,3b,3,1,1,1
1923,Luton Town,Exeter City,1,0,3b,3,1,1,1
1923,Luton Town,Swansea City,1,2,3b,3,3,-1,0
1923,Merthyr Town,Norwich City,2,3,3b,3,5,-1,0
1923,Millwall,Aberdare Athletic,2,0,3b,3,2,2,1
1923,Millwall,Norwich City,2,1,3b,3,3,1,1
1923,Millwall,Queens Park Rangers,3,0,3b,3,3,3,1
1923,Newport County,Aberdare Athletic,0,0,3b,3,0,0,0
1923,Newport County,Brighton & Hove Albion,0,0,3b,3,0,0,0
1923,Newport County,Merthyr Town,4,4,3b,3,8,0,0
1923,Newport County,Norwich City,1,0,3b,3,1,1,1
1923,Northampton Town,Brighton & Hove Albion,3,0,3b,3,3,3,1
1923,Northampton Town,Exeter City,1,0,3b,3,1,1,1
1923,Northampton Town,Norwich City,1,0,3b,3,1,1,1
1923,Northampton Town,Queens Park Rangers,3,0,3b,3,3,3,1
1923,Norwich City,Exeter City,4,0,3b,3,4,4,1
1923,Norwich City,Merthyr Town,2,0,3b,3,2,2,1
1923,Norwich City,Queens Park Rangers,5,0,3b,3,5,5,1
1923,Plymouth Argyle,Merthyr Town,1,1,3b,3,2,0,0
1923,Plymouth Argyle,Queens Park Rangers,2,0,3b,3,2,2,1
1923,Plymouth Argyle,Swansea City,2,0,3b,3,2,2,1
1923,Portsmouth,Aberdare Athletic,4,0,3b,3,4,4,1
1923,Portsmouth,Northampton Town,1,3,3b,3,4,-2,0
1923,Portsmouth,Queens Park Rangers,7,0,3b,3,7,7,1
1923,Queens Park Rangers,Portsmouth,0,2,3b,3,2,-2,0
1923,Queens Park Rangers,Swansea City,2,2,3b,3,4,0,0
1923,Reading,Merthyr Town,3,0,3b,3,3,3,1
1923,Reading,Northampton Town,1,0,3b,3,1,1,1
1923,Southend United,Aberdare Athletic,1,1,3b,3,2,0,0
1923,Southend United,Merthyr Town,3,1,3b,3,4,2,1
1923,Swansea City,Aberdare Athletic,1,0,3b,3,1,1,1
1923,Swansea City,Exeter City,1,0,3b,3,1,1,1
1923,Swansea City,Portsmouth,0,0,3b,3,0,0,0
1923,Swansea City,Southend United,2,1,3b,3,3,1,1
1923,Swindon Town,Aberdare Athletic,3,1,3b,3,4,2,1
1923,Swindon Town,Brighton & Hove Albion,4,0,3b,3,4,4,1
1923,Swindon Town,Merthyr Town,3,0,3b,3,3,3,1
1923,Swindon Town,Portsmouth,0,0,3b,3,0,0,0
1923,Watford,Aberdare Athletic,2,0,3b,3,2,2,1
1923,Watford,Brighton & Hove Albion,0,0,3b,3,0,0,0
1923,Watford,Exeter City,4,1,3b,3,5,3,1
1923,Watford,Portsmouth,2,3,3b,3,5,-1,0
1923,Watford,Southend United,4,1,3b,3,5,3,1
1924,Arsenal,Aston Villa,1,1,1,1,2,0,0
1924,Arsenal,Bolton Wanderers,1,0,1,1,1,1,1
1924,Aston Villa,Arsenal,4,0,1,1,4,4,1
1924,Aston Villa,Bolton Wanderers,2,2,1,1,4,0,0
1924,Aston Villa,Cardiff City,1,2,1,1,3,-1,0
1924,Aston Villa,Leeds United,2,1,1,1,3,1,1
1924,Aston Villa,Newcastle United,0,0,1,1,0,0,0
1924,Birmingham City,Arsenal,2,1,1,1,3,1,1
1924,Birmingham City,Bolton Wanderers,1,0,1,1,1,1,1
1924,Birmingham City,Cardiff City,2,1,1,1,3,1,1
1924,Birmingham City,Newcastle United,1,1,1,1,2,0,0
1924,Blackburn Rovers,Arsenal,1,0,1,1,1,1,1
1924,Blackburn Rovers,Cardiff City,3,1,1,1,4,2,1
1924,Blackburn Rovers,Newcastle United,1,1,1,1,2,0,0
1924,Blackburn Rovers,Tottenham Hotspur,1,1,1,1,2,0,0
1924,Bolton Wanderers,Arsenal,4,1,1,1,5,3,1
1924,Bolton Wanderers,Leeds United,1,0,1,1,1,1,1
1924,Bolton Wanderers,Newcastle United,3,2,1,1,5,1,1
1924,Bolton Wanderers,Preston North End,6,1,1,1,7,5,1
1924,Bolton Wanderers,Tottenham Hotspur,3,0,1,1,3,3,1
1924,Burnley,Cardiff City,0,0,1,1,0,0,0
1924,Burnley,Newcastle United,1,3,1,1,4,-2,0
1924,Burnley,Tottenham Hotspur,1,4,1,1,5,-3,0
1924,Bury,Cardiff City,4,1,1,1,5,3,1
1924,Bury,Newcastle United,0,0,1,1,0,0,0
1924,Cardiff City,Arsenal,1,1,1,1,2,0,0
1924,Cardiff City,Newcastle United,3,0,1,1,3,3,1
1924,Everton,Blackburn Rovers,1,0,1,1,1,1,1
1924,Everton,Bury,0,0,1,1,0,0,0
1924,Everton,Newcastle United,0,1,1,1,1,-1,0
1924,Everton,Tottenham Hotspur,1,0,1,1,1,1,1
1924,Huddersfield Town,Arsenal,4,0,1,1,4,4,1
1924,Huddersfield Town,Blackburn Rovers,0,0,1,1,0,0,0
1924,Huddersfield Town,Newcastle United,0,0,1,1,0,0,0
1924,Leeds United,Arsenal,1,0,1,1,1,1,1
1924,Leeds United,Bury,1,0,1,1,1,1,1
1924,Leeds United,Preston North End,4,0,1,1,4,4,1
1924,Leeds United,Tottenham Hotspur,1,0,1,1,1,1,1
1924,Liverpool,Bury,4,0,1,1,4,4,1
1924,Liverpool,Huddersfield Town,2,3,1,1,5,-1,0
1924,Manchester City,Tottenham Hotspur,1,0,1,1,1,1,1
1924,Newcastle United,Blackburn Rovers,4,0,1,1,4,4,1
1924,Newcastle United,Huddersfield Town,1,3,1,1,4,-2,0
1924,Newcastle United,Tottenham Hotspur,1,1,1,1,2,0,0
1924,Nottingham Forest,Arsenal,0,2,1,1,2,-2,0
1924,Nottingham Forest,Bury,2,0,1,1,2,2,1
1924,Nottingham Forest,Tottenham Hotspur,1,0,1,1,1,1,1
1924,Notts County,Arsenal,2,1,1,1,3,1,1
1924,Notts County,Huddersfield Town,1,1,1,1,2,0,0
1924,Notts County,Manchester City,2,0,1,1,2,2,1
1924,Notts County,Tottenham Hotspur,0,0,1,1,0,0,0
1924,Preston North End,Arsenal,2,0,1,1,2,2,1
1924,Preston North End,Blackburn Rovers,3,2,1,1,5,1,1
1924,Preston North End,Manchester City,2,3,1,1,5,-1,0
1924,Sheffield United,Arsenal,2,1,1,1,3,1,1
1924,Sheffield United,Bury,0,1,1,1,1,-1,0
1924,Sheffield United,Manchester City,0,5,1,1,5,-5,0
1924,Sunderland,Arsenal,2,0,1,1,2,2,1
1924,Sunderland,Blackburn Rovers,1,0,1,1,1,1,1
1924,Sunderland,Huddersfield Town,1,1,1,1,2,0,0
1924,Sunderland,Manchester City,3,2,1,1,5,1,1
1924,Sunderland,Tottenham Hotspur,4,1,1,1,5,3,1
1924,Tottenham Hotspur,Bury,1,1,1,1,2,0,0
1924,Tottenham Hotspur,Manchester City,1,1,1,1,2,0,0
1924,Tottenham Hotspur,Sunderland,1,0,1,1,1,1,1
1924,West Bromwich Albion,Arsenal,2,0,1,1,2,2,1
1924,West Bromwich Albion,Notts County,1,2,1,1,3,-1,0
1924,West Bromwich Albion,Sunderland,2,1,1,1,3,1,1
1924,West Ham United,Arsenal,1,0,1,1,1,1,1
1924,West Ham United,Blackburn Rovers,2,0,1,1,2,2,1
1924,West Ham United,Notts County,3,0,1,1,3,3,1
1924,West Ham United,Sunderland,4,1,1,1,5,3,1
1924,Barnsley,Blackpool,2,4,2,2,6,-2,0
1924,Barnsley,Leyton Orient,1,1,2,2,2,0,0
1924,Barnsley,Oldham Athletic,0,0,2,2,0,0,0
1924,Barnsley,Stockport County,0,1,2,2,1,-1,0
1924,Blackpool,Barnsley,1,2,2,2,3,-1,0
1924,Blackpool,Coventry City,3,1,2,2,4,2,1
1924,Blackpool,Leyton Orient,1,0,2,2,1,1,1
1924,Blackpool,Oldham Athletic,1,2,2,2,3,-1,0
1924,Blackpool,Sheffield Wednesday,2,2,2,2,4,0,0
1924,Bradford City,Coventry City,1,0,2,2,1,1,1
1924,Bradford City,Leyton Orient,0,0,2,2,0,0,0
1924,Bradford City,Sheffield Wednesday,2,0,2,2,2,2,1
1924,Chelsea,Barnsley,0,1,2,2,1,-1,0
1924,Chelsea,Coventry City,1,0,2,2,1,1,1
1924,Chelsea,Fulham,0,0,2,2,0,0,0
1924,Coventry City,Barnsley,3,2,2,2,5,1,1
1924,Coventry City,Fulham,0,1,2,2,1,-1,0
1924,Crystal Palace,Chelsea,1,0,2,2,1,1,1
1924,Crystal Palace,Sheffield Wednesday,0,1,2,2,1,-1,0
1924,Crystal Palace,Stockport County,3,0,2,2,3,3,1
1924,Fulham,Chelsea,1,2,2,2,3,-1,0
1924,Fulham,Derby County,0,2,2,2,2,-2,0
1924,Fulham,Leyton Orient,0,2,2,2,2,-2,0
1924,Fulham,Oldham Athletic,1,0,2,2,1,1,1
1924,Hull City,Derby County,1,1,2,2,2,0,0
1924,Hull City,Leyton Orient,2,1,2,2,3,1,1
1924,Hull City,Sheffield Wednesday,4,2,2,2,6,2,1
1924,Hull City,Stockport County,3,0,2,2,3,3,1
1924,Leicester City,Sheffield Wednesday,6,1,2,2,7,5,1
1924,Leicester City,Stockport County,4,0,2,2,4,4,1
1924,Leyton Orient,Barnsley,0,0,2,2,0,0,0
1924,Leyton Orient,Derby County,0,1,2,2,1,-1,0
1924,Leyton Orient,Leicester City,0,1,2,2,1,-1,0
1924,Leyton Orient,Sheffield Wednesday,1,0,2,2,1,1,1
1924,Manchester United,Chelsea,1,0,2,2,1,1,1
1924,Manchester United,Oldham Athletic,0,1,2,2,1,-1,0
1924,Manchester United,Sheffield Wednesday,2,0,2,2,2,2,1
1924,Middlesbrough,Barnsley,2,0,2,2,2,2,1
1924,Middlesbrough,Chelsea,1,1,2,2,2,0,0
1924,Middlesbrough,Derby County,1,3,2,2,4,-2,0
1924,Middlesbrough,Leicester City,1,5,2,2,6,-4,0
1924,Middlesbrough,Oldham Athletic,0,0,2,2,0,0,0
1924,Middlesbrough,Stockport County,1,1,2,2,2,0,0
1924,Oldham Athletic,Barnsley,2,0,2,2,2,2,1
1924,Oldham Athletic,Chelsea,0,5,2,2,5,-5,0
1924,Oldham Athletic,Middlesbrough,0,0,2,2,0,0,0
1924,Port Vale,Chelsea,1,1,2,2,2,0,0
1924,Port Vale,Derby County,2,1,2,2,3,1,1
1924,Port Vale,Leicester City,1,2,2,2,3,-1,0
1924,Port Vale,Middlesbrough,2,1,2,2,3,1,1
1924,Port Vale,Stockport County,4,1,2,2,5,3,1
1924,Portsmouth,Barnsley,0,0,2,2,0,0,0
1924,Portsmouth,Leicester City,1,1,2,2,2,0,0
1924,Portsmouth,Stockport County,1,1,2,2,2,0,0
1924,Sheffield Wednesday,Barnsley,1,0,2,2,1,1,1
1924,Sheffield Wednesday,Chelsea,2,1,2,2,3,1,1
1924,Sheffield Wednesday,Leicester City,1,4,2,2,5,-3,0
1924,Sheffield Wednesday,Portsmouth,5,2,2,2,7,3,1
1924,South Shields,Barnsley,5,2,2,2,7,3,1
1924,South Shields,Chelsea,1,1,2,2,2,0,0
1924,South Shields,Derby County,1,0,2,2,1,1,1
1924,South Shields,Middlesbrough,0,1,2,2,1,-1,0
1924,South Shields,Portsmouth,0,2,2,2,2,-2,0
1924,South Shields,Stockport County,0,1,2,2,1,-1,0
1924,Southampton,Chelsea,0,0,2,2,0,0,0
1924,Southampton,Leicester City,0,0,2,2,0,0,0
1924,Southampton,Stockport County,2,1,2,2,3,1,1
1924,Stockport County,Chelsea,4,0,2,2,4,4,1
1924,Stockport County,Derby County,0,0,2,2,0,0,0
1924,Stockport County,Leicester City,0,2,2,2,2,-2,0
1924,Stockport County,Portsmouth,1,2,2,2,3,-1,0
1924,Stoke City,Chelsea,1,0,2,2,1,1,1
1924,Stoke City,Derby County,1,1,2,2,2,0,0
1924,Stoke City,Leicester City,1,1,2,2,2,0,0
1924,Wolverhampton Wanderers,Barnsley,0,1,2,2,1,-1,0
1924,Wolverhampton Wanderers,Chelsea,0,1,2,2,1,-1,0
1924,Wolverhampton Wanderers,Derby County,0,4,2,2,4,-4,0
1924,Wolverhampton Wanderers,Leicester City,0,1,2,2,1,-1,0
1924,Wolverhampton Wanderers,Middlesbrough,1,0,2,2,1,1,1
1924,Wolverhampton Wanderers,Portsmouth,0,5,2,2,5,-5,0
1924,Accrington Stanley,Chesterfield,2,2,3a,3,4,0,0
1924,Accrington Stanley,Halifax Town,2,0,3a,3,2,2,1
1924,Accrington Stanley,Nelson,2,0,3a,3,2,2,1
1924,Accrington Stanley,Walsall,1,1,3a,3,2,0,0
1924,Ashington,Nelson,1,1,3a,3,2,0,0
1924,Ashington,Walsall,6,1,3a,3,7,5,1
1924,Barrow,Accrington Stanley,3,1,3a,3,4,2,1
1924,Barrow,Chesterfield,1,0,3a,3,1,1,1
1924,Barrow,Halifax Town,2,1,3a,3,3,1,1
1924,Barrow,Rotherham County,3,1,3a,3,4,2,1
1924,Barrow,Walsall,3,2,3a,3,5,1,1
1924,Bradford Park Avenue,Doncaster Rovers,4,1,3a,3,5,3,1
1924,Bradford Park Avenue,Halifax Town,2,1,3a,3,3,1,1
1924,Bradford Park Avenue,Rotherham County,3,0,3a,3,3,3,1
1924,Bradford Park Avenue,Walsall,2,0,3a,3,2,2,1
1924,Chesterfield,Bradford Park Avenue,1,1,3a,3,2,0,0
1924,Chesterfield,Doncaster Rovers,2,1,3a,3,3,1,1
1924,Chesterfield,Nelson,0,1,3a,3,1,-1,0
1924,Crewe Alexandra,Accrington Stanley,4,2,3a,3,6,2,1
1924,Crewe Alexandra,Bradford Park Avenue,2,1,3a,3,3,1,1
1924,Crewe Alexandra,Doncaster Rovers,1,1,3a,3,2,0,0
1924,Crewe Alexandra,Halifax Town,1,1,3a,3,2,0,0
1924,Crewe Alexandra,Rotherham County,3,1,3a,3,4,2,1
1924,Crewe Alexandra,Walsall,1,1,3a,3,2,0,0
1924,Darlington,Bradford Park Avenue,2,1,3a,3,3,1,1
1924,Darlington,Doncaster Rovers,1,1,3a,3,2,0,0
1924,Darlington,Nelson,3,1,3a,3,4,2,1
1924,Darlington,Rotherham County,4,0,3a,3,4,4,1
1924,Darlington,Walsall,3,0,3a,3,3,3,1
1924,Doncaster Rovers,Accrington Stanley,4,1,3a,3,5,3,1
1924,Doncaster Rovers,Bradford Park Avenue,1,0,3a,3,1,1,1
1924,Doncaster Rovers,Walsall,2,1,3a,3,3,1,1
1924,Durham City,Darlington,2,1,3a,3,3,1,1
1924,Grimsby Town,Nelson,2,0,3a,3,2,2,1
1924,Grimsby Town,Rotherham County,3,1,3a,3,4,2,1
1924,Grimsby Town,Walsall,2,1,3a,3,3,1,1
1924,Halifax Town,Accrington Stanley,2,2,3a,3,4,0,0
1924,Halifax Town,Bradford Park Avenue,1,3,3a,3,4,-2,0
1924,Halifax Town,Darlington,1,1,3a,3,2,0,0
1924,Halifax Town,Nelson,2,4,3a,3,6,-2,0
1924,Hartlepool United,Rotherham County,0,0,3a,3,0,0,0
1924,Hartlepool United,Walsall,3,1,3a,3,4,2,1
1924,Lincoln City,Accrington Stanley,3,0,3a,3,3,3,1
1924,Lincoln City,Bradford Park Avenue,0,4,3a,3,4,-4,0
1924,Lincoln City,Rotherham County,3,1,3a,3,4,2,1
1924,Lincoln City,Walsall,0,1,3a,3,1,-1,0
1924,Nelson,Darlington,1,1,3a,3,2,0,0
1924,Nelson,Grimsby Town,1,0,3a,3,1,1,1
1924,New Brighton,Accrington Stanley,4,0,3a,3,4,4,1
1924,New Brighton,Lincoln City,4,1,3a,3,5,3,1
1924,New Brighton,Walsall,3,2,3a,3,5,1,1
1924,Rochdale,Darlington,2,1,3a,3,3,1,1
1924,Rochdale,Grimsby Town,2,0,3a,3,2,2,1
1924,Rochdale,Lincoln City,3,0,3a,3,3,3,1
1924,Rotherham County,Accrington Stanley,1,1,3a,3,2,0,0
1924,Rotherham County,Bradford Park Avenue,1,1,3a,3,2,0,0
1924,Rotherham County,Grimsby Town,3,0,3a,3,3,3,1
1924,Rotherham County,Lincoln City,1,1,3a,3,2,0,0
1924,Rotherham County,Rochdale,1,3,3a,3,4,-2,0
1924,Southport,Bradford Park Avenue,3,0,3a,3,3,3,1
1924,Southport,Darlington,1,0,3a,3,1,1,1
1924,Southport,Lincoln City,4,0,3a,3,4,4,1
1924,Southport,Walsall,1,0,3a,3,1,1,1
1924,Tranmere Rovers,Darlington,0,1,3a,3,1,-1,0
1924,Tranmere Rovers,Grimsby Town,2,3,3a,3,5,-1,0
1924,Tranmere Rovers,Rochdale,3,1,3a,3,4,2,1
1924,Walsall,Bradford Park Avenue,0,2,3a,3,2,-2,0
1924,Walsall,Darlington,2,1,3a,3,3,1,1
1924,Walsall,Grimsby Town,2,0,3a,3,2,2,1
1924,Walsall,Rochdale,0,2,3a,3,2,-2,0
1924,Walsall,Tranmere Rovers,2,0,3a,3,2,2,1
1924,Wigan Borough,Darlington,1,1,3a,3,2,0,0
1924,Wigan Borough,Grimsby Town,3,1,3a,3,4,2,1
1924,Wigan Borough,Rochdale,2,3,3a,3,5,-1,0
1924,Wigan Borough,Tranmere Rovers,4,0,3a,3,4,4,1
1924,Wrexham,Bradford Park Avenue,1,3,3a,3,4,-2,0
1924,Aberdare Athletic,AFC Bournemouth,4,2,3b,3,6,2,1
1924,Aberdare Athletic,Bristol City,1,2,3b,3,3,-1,0
1924,Aberdare Athletic,Northampton Town,1,1,3b,3,2,0,0
1924,Aberdare Athletic,Swansea City,3,1,3b,3,4,2,1
1924,AFC Bournemouth,Aberdare Athletic,3,1,3b,3,4,2,1
1924,AFC Bournemouth,Bristol City,1,3,3b,3,4,-2,0
1924,AFC Bournemouth,Merthyr Town,2,0,3b,3,2,2,1
1924,AFC Bournemouth,Queens Park Rangers,0,2,3b,3,2,-2,0
1924,AFC Bournemouth,Swansea City,0,2,3b,3,2,-2,0
1924,Brentford,Bristol City,1,0,3b,3,1,1,1
1924,Brentford,Exeter City,2,5,3b,3,7,-3,0
1924,Brighton & Hove Albion,Exeter City,2,0,3b,3,2,2,1
1924,Brighton & Hove Albion,Merthyr Town,3,1,3b,3,4,2,1
1924,Bristol City,Aberdare Athletic,0,1,3b,3,1,-1,0
1924,Bristol City,Brighton & Hove Albion,2,1,3b,3,3,1,1
1924,Bristol Rovers,Aberdare Athletic,1,0,3b,3,1,1,1
1924,Bristol Rovers,Exeter City,0,1,3b,3,1,-1,0
1924,Bristol Rovers,Merthyr Town,1,0,3b,3,1,1,1
1924,Charlton Athletic,Brighton & Hove Albion,1,0,3b,3,1,1,1
1924,Charlton Athletic,Merthyr Town,3,0,3b,3,3,3,1
1924,Charlton Athletic,Northampton Town,0,0,3b,3,0,0,0
1924,Charlton Athletic,Swansea City,0,0,3b,3,0,0,0
1924,Exeter City,Brighton & Hove Albion,2,0,3b,3,2,2,1
1924,Exeter City,Merthyr Town,2,1,3b,3,3,1,1
1924,Exeter City,Queens Park Rangers,1,3,3b,3,4,-2,0
1924,Gillingham,Brighton & Hove Albion,2,0,3b,3,2,2,1
1924,Gillingham,Merthyr Town,2,1,3b,3,3,1,1
1924,Luton Town,Aberdare Athletic,0,0,3b,3,0,0,0
1924,Luton Town,Charlton Athletic,1,0,3b,3,1,1,1
1924,Luton Town,Merthyr Town,6,0,3b,3,6,6,1
1924,Luton Town,Northampton Town,2,0,3b,3,2,2,1
1924,Luton Town,Swansea City,0,0,3b,3,0,0,0
1924,Merthyr Town,Brighton & Hove Albion,1,2,3b,3,3,-1,0
1924,Merthyr Town,Charlton Athletic,2,1,3b,3,3,1,1
1924,Merthyr Town,Luton Town,0,0,3b,3,0,0,0
1924,Merthyr Town,Queens Park Rangers,2,3,3b,3,5,-1,0
1924,Millwall,Luton Town,2,2,3b,3,4,0,0
1924,Millwall,Northampton Town,3,1,3b,3,4,2,1
1924,Millwall,Swansea City,1,2,3b,3,3,-1,0
1924,Newport County,Aberdare Athletic,1,0,3b,3,1,1,1
1924,Newport County,Brighton & Hove Albion,0,0,3b,3,0,0,0
1924,Newport County,Queens Park Rangers,0,0,3b,3,0,0,0
1924,Newport County,Swansea City,3,0,3b,3,3,3,1
1924,Northampton Town,Brighton & Hove Albion,1,0,3b,3,1,1,1
1924,Northampton Town,Luton Town,1,0,3b,3,1,1,1
1924,Norwich City,Queens Park Rangers,5,0,3b,3,5,5,1
1924,Plymouth Argyle,Aberdare Athletic,2,0,3b,3,2,2,1
1924,Plymouth Argyle,Brighton & Hove Albion,1,0,3b,3,1,1,1
1924,Plymouth Argyle,Newport County,0,2,3b,3,2,-2,0
1924,Queens Park Rangers,Brighton & Hove Albion,2,0,3b,3,2,2,1
1924,Queens Park Rangers,Luton Town,2,1,3b,3,3,1,1
1924,Queens Park Rangers,Newport County,4,3,3b,3,7,1,1
1924,Queens Park Rangers,Plymouth Argyle,0,1,3b,3,1,-1,0
1924,Reading,Aberdare Athletic,2,0,3b,3,2,2,1
1924,Reading,Brighton & Hove Albion,0,0,3b,3,0,0,0
1924,Reading,Charlton Athletic,0,0,3b,3,0,0,0
1924,Reading,Newport County,0,1,3b,3,1,-1,0
1924,Reading,Plymouth Argyle,0,0,3b,3,0,0,0
1924,Reading,Swansea City,2,0,3b,3,2,2,1
1924,Southend United,Brighton & Hove Albion,2,0,3b,3,2,2,1
1924,Southend United,Luton Town,2,1,3b,3,3,1,1
1924,Southend United,Newport County,0,1,3b,3,1,-1,0
1924,Southend United,Plymouth Argyle,0,3,3b,3,3,-3,0
1924,Southend United,Swansea City,1,0,3b,3,1,1,1
1924,Swansea City,Aberdare Athletic,2,2,3b,3,4,0,0
1924,Swansea City,Brighton & Hove Albion,1,0,3b,3,1,1,1
1924,Swansea City,Luton Town,4,1,3b,3,5,3,1
1924,Swansea City,Newport County,1,0,3b,3,1,1,1
1924,Swansea City,Southend United,4,0,3b,3,4,4,1
1924,Swindon Town,Brighton & Hove Albion,3,0,3b,3,3,3,1
1924,Swindon Town,Charlton Athletic,2,2,3b,3,4,0,0
1924,Watford,Aberdare Athletic,0,0,3b,3,0,0,0
1924,Watford,Brighton & Hove Albion,0,1,3b,3,1,-1,0
1924,Watford,Luton Town,1,1,3b,3,2,0,0
1924,Watford,Plymouth Argyle,1,0,3b,3,1,1,1
1925,Arsenal,Aston Villa,2,0,1,1,2,2,1
1925,Arsenal,Bolton Wanderers,2,3,1,1,5,-1,0
1925,Arsenal,Leeds United,4,1,1,1,5,3,1
1925,Arsenal,Manchester City,1,0,1,1,1,1,1
1925,Aston Villa,Arsenal,3,0,1,1,3,3,1
1925,Aston Villa,Cardiff City,0,2,1,1,2,-2,0
1925,Aston Villa,Notts County,2,1,1,1,3,1,1
1925,Birmingham City,Arsenal,1,0,1,1,1,1,1
1925,Birmingham City,Bolton Wanderers,0,1,1,1,1,-1,0
1925,Birmingham City,Notts County,0,1,1,1,1,-1,0
1925,Blackburn Rovers,Cardiff City,6,3,1,1,9,3,1
1925,Blackburn Rovers,Leeds United,2,2,1,1,4,0,0
1925,Blackburn Rovers,Manchester City,3,3,1,1,6,0,0
1925,Bolton Wanderers,Arsenal,1,1,1,1,2,0,0
1925,Bolton Wanderers,Leeds United,1,0,1,1,1,1,1
1925,Bolton Wanderers,Manchester City,5,1,1,1,6,4,1
1925,Burnley,Arsenal,2,2,1,1,4,0,0
1925,Burnley,Blackburn Rovers,1,3,1,1,4,-2,0
1925,Burnley,Cardiff City,4,1,1,1,5,3,1
1925,Burnley,Manchester City,1,2,1,1,3,-1,0
1925,Burnley,Tottenham Hotspur,1,2,1,1,3,-1,0
1925,Bury,Arsenal,2,2,1,1,4,0,0
1925,Bury,Blackburn Rovers,3,1,1,1,4,2,1
1925,Bury,Leeds United,0,2,1,1,2,-2,0
1925,Bury,Manchester City,6,5,1,1,11,1,1
1925,Cardiff City,Arsenal,0,0,1,1,0,0,0
1925,Cardiff City,Blackburn Rovers,4,1,1,1,5,3,1
1925,Cardiff City,Leeds United,0,0,1,1,0,0,0
1925,Everton,Bury,1,1,1,1,2,0,0
1925,Everton,Leeds United,4,2,1,1,6,2,1
1925,Everton,Notts County,3,0,1,1,3,3,1
1925,Everton,Tottenham Hotspur,1,1,1,1,2,0,0
1925,Huddersfield Town,Arsenal,2,2,1,1,4,0,0
1925,Huddersfield Town,Blackburn Rovers,3,1,1,1,4,2,1
1925,Huddersfield Town,Bury,2,1,1,1,3,1,1
1925,Huddersfield Town,Tottenham Hotspur,2,1,1,1,3,1,1
1925,Leeds United,Bury,2,3,1,1,5,-1,0
1925,Leeds United,Huddersfield Town,0,4,1,1,4,-4,0
1925,Leeds United,Manchester City,3,4,1,1,7,-1,0
1925,Leicester City,Arsenal,0,1,1,1,1,-1,0
1925,Leicester City,Blackburn Rovers,2,1,1,1,3,1,1
1925,Leicester City,Bury,0,2,1,1,2,-2,0
1925,Leicester City,Manchester City,2,3,1,1,5,-1,0
1925,Liverpool,Huddersfield Town,1,2,1,1,3,-1,0
1925,Liverpool,Notts County,2,0,1,1,2,2,1
1925,Liverpool,Tottenham Hotspur,0,0,1,1,0,0,0
1925,Manchester City,Blackburn Rovers,0,1,1,1,1,-1,0
1925,Manchester City,Bury,0,2,1,1,2,-2,0
1925,Manchester City,Liverpool,1,1,1,1,2,0,0
1925,Manchester City,Tottenham Hotspur,0,0,1,1,0,0,0
1925,Manchester United,Blackburn Rovers,2,0,1,1,2,2,1
1925,Manchester United,Bury,0,1,1,1,1,-1,0
1925,Manchester United,Liverpool,3,3,1,1,6,0,0
1925,Manchester United,Notts County,0,1,1,1,1,-1,0
1925,Manchester United,Tottenham Hotspur,0,0,1,1,0,0,0
1925,Newcastle United,Bury,4,0,1,1,4,4,1
1925,Newcastle United,Huddersfield Town,0,2,1,1,2,-2,0
1925,Newcastle United,Liverpool,3,0,1,1,3,3,1
1925,Newcastle United,Tottenham Hotspur,3,1,1,1,4,2,1
1925,Notts County,Blackburn Rovers,1,1,1,1,2,0,0
1925,Notts County,Newcastle United,1,3,1,1,4,-2,0
1925,Sheffield United,Blackburn Rovers,1,1,1,1,2,0,0
1925,Sheffield United,Bury,3,1,1,1,4,2,1
1925,Sheffield United,Huddersfield Town,2,3,1,1,5,-1,0
1925,Sheffield United,Liverpool,3,1,1,1,4,2,1
1925,Sheffield United,Newcastle United,4,3,1,1,7,1,1
1925,Sheffield United,Tottenham Hotspur,2,3,1,1,5,-1,0
1925,Sunderland,Blackburn Rovers,6,2,1,1,8,4,1
1925,Sunderland,Huddersfield Town,4,1,1,1,5,3,1
1925,Sunderland,Newcastle United,2,2,1,1,4,0,0
1925,Tottenham Hotspur,Blackburn Rovers,4,2,1,1,6,2,1
1925,Tottenham Hotspur,Huddersfield Town,5,5,1,1,10,0,0
1925,Tottenham Hotspur,Newcastle United,1,0,1,1,1,1,1
1925,West Bromwich Albion,Arsenal,2,1,1,1,3,1,1
1925,West Bromwich Albion,Blackburn Rovers,1,1,1,1,2,0,0
1925,West Bromwich Albion,Bury,4,0,1,1,4,4,1
1925,West Bromwich Albion,Sunderland,2,5,1,1,7,-3,0
1925,West Ham United,Arsenal,0,4,1,1,4,-4,0
1925,West Ham United,Liverpool,1,2,1,1,3,-1,0
1925,West Ham United,Newcastle United,1,0,1,1,1,1,1
1925,West Ham United,Sunderland,3,2,1,1,5,1,1
1925,Barnsley,Blackpool,2,0,2,2,2,2,1
1925,Barnsley,Hull City,2,1,2,2,3,1,1
1925,Barnsley,Stoke City,2,1,2,2,3,1,1
1925,Blackpool,Barnsley,4,0,2,2,4,4,1
1925,Blackpool,Darlington,0,1,2,2,1,-1,0
1925,Blackpool,Nottingham Forest,3,0,2,2,3,3,1
1925,Blackpool,South Shields,1,0,2,2,1,1,1
1925,Bradford City,Darlington,2,0,2,2,2,2,1
1925,Bradford City,South Shields,1,1,2,2,2,0,0
1925,Bradford City,Stoke City,2,1,2,2,3,1,1
1925,Chelsea,Barnsley,3,2,2,2,5,1,1
1925,Chelsea,Darlington,5,2,2,2,7,3,1
1925,Chelsea,South Shields,0,0,2,2,0,0,0
1925,Chelsea,Stoke City,1,1,2,2,2,0,0
1925,Darlington,Barnsley,2,2,2,2,4,0,0
1925,Darlington,Nottingham Forest,0,0,2,2,0,0,0
1925,Darlington,South Shields,4,1,2,2,5,3,1
1925,Derby County,Chelsea,4,2,2,2,6,2,1
1925,Derby County,Nottingham Forest,2,0,2,2,2,2,1
1925,Derby County,South Shields,2,0,2,2,2,2,1
1925,Derby County,Stoke City,7,3,2,2,10,4,1
1925,Fulham,Hull City,1,1,2,2,2,0,0
1925,Hull City,Barnsley,2,2,2,2,4,0,0
1925,Hull City,Chelsea,0,1,2,2,1,-1,0
1925,Hull City,Portsmouth,1,0,2,2,1,1,1
1925,Hull City,Stoke City,1,0,2,2,1,1,1
1925,Leyton Orient,Barnsley,4,0,2,2,4,4,1
1925,Leyton Orient,Portsmouth,1,1,2,2,2,0,0
1925,Leyton Orient,Stoke City,4,0,2,2,4,4,1
1925,Middlesbrough,Barnsley,5,0,2,2,5,5,1
1925,Middlesbrough,Portsmouth,4,1,2,2,5,3,1
1925,Middlesbrough,South Shields,1,2,2,2,3,-1,0
1925,Nottingham Forest,Middlesbrough,1,0,2,2,1,1,1
1925,Nottingham Forest,South Shields,4,1,2,2,5,3,1
1925,Nottingham Forest,Stoke City,1,2,2,2,3,-1,0
1925,Oldham Athletic,Barnsley,2,1,2,2,3,1,1
1925,Oldham Athletic,Chelsea,1,1,2,2,2,0,0
1925,Oldham Athletic,Fulham,4,0,2,2,4,4,1
1925,Oldham Athletic,Middlesbrough,4,1,2,2,5,3,1
1925,Oldham Athletic,Portsmouth,1,3,2,2,4,-2,0
1925,Oldham Athletic,Stoke City,7,2,2,2,9,5,1
1925,Port Vale,Chelsea,0,6,2,2,6,-6,0
1925,Port Vale,Fulham,0,1,2,2,1,-1,0
1925,Port Vale,Portsmouth,1,1,2,2,2,0,0
1925,Portsmouth,Barnsley,1,2,2,2,3,-1,0
1925,Portsmouth,Fulham,0,0,2,2,0,0,0
1925,Portsmouth,South Shields,4,2,2,2,6,2,1
1925,Portsmouth,Stoke City,2,0,2,2,2,2,1
1925,Preston North End,Chelsea,3,1,2,2,4,2,1
1925,Preston North End,Fulham,2,1,2,2,3,1,1
1925,Preston North End,South Shields,0,4,2,2,4,-4,0
1925,Sheffield Wednesday,Middlesbrough,2,0,2,2,2,2,1
1925,Sheffield Wednesday,Port Vale,0,2,2,2,2,-2,0
1925,Sheffield Wednesday,South Shields,1,0,2,2,1,1,1
1925,South Shields,Barnsley,3,0,2,2,3,3,1
1925,South Shields,Fulham,5,2,2,2,7,3,1
1925,South Shields,Middlesbrough,2,2,2,2,4,0,0
1925,Southampton,Barnsley,0,0,2,2,0,0,0
1925,Southampton,Fulham,2,0,2,2,2,2,1
1925,Southampton,Middlesbrough,3,1,2,2,4,2,1
1925,Southampton,Port Vale,2,3,2,2,5,-1,0
1925,Southampton,Stoke City,1,2,2,2,3,-1,0
1925,Stockport County,Barnsley,1,1,2,2,2,0,0
1925,Stockport County,Fulham,1,2,2,2,3,-1,0
1925,Stockport County,Middlesbrough,1,2,2,2,3,-1,0
1925,Stockport County,Port Vale,2,2,2,2,4,0,0
1925,Stockport County,Stoke City,2,1,2,2,3,1,1
1925,Stoke City,Chelsea,1,3,2,2,4,-2,0
1925,Stoke City,Middlesbrough,4,0,2,2,4,4,1
1925,Stoke City,Port Vale,0,3,2,2,3,-3,0
1925,Stoke City,Sheffield Wednesday,0,1,2,2,1,-1,0
1925,Stoke City,Stockport County,3,0,2,2,3,3,1
1925,Swansea City,Barnsley,3,0,2,2,3,3,1
1925,Swansea City,Port Vale,1,0,2,2,1,1,1
1925,Swansea City,Stockport County,4,0,2,2,4,4,1
1925,Wolverhampton Wanderers,Middlesbrough,3,1,2,2,4,2,1
1925,Accrington Stanley,Halifax Town,0,1,3a,3,1,-1,0
1925,Accrington Stanley,Rotherham United,2,3,3a,3,5,-1,0
1925,Ashington,Accrington Stanley,3,1,3a,3,4,2,1
1925,Ashington,Doncaster Rovers,6,1,3a,3,7,5,1
1925,Ashington,Halifax Town,0,1,3a,3,1,-1,0
1925,Barrow,Accrington Stanley,1,2,3a,3,3,-1,0
1925,Barrow,Doncaster Rovers,0,2,3a,3,2,-2,0
1925,Barrow,Nelson,1,0,3a,3,1,1,1
1925,Bradford Park Avenue,Chesterfield,1,0,3a,3,1,1,1
1925,Bradford Park Avenue,Rotherham United,6,1,3a,3,7,5,1
1925,Bradford Park Avenue,Walsall,8,0,3a,3,8,8,1
1925,Chesterfield,Bradford Park Avenue,1,1,3a,3,2,0,0
1925,Chesterfield,Doncaster Rovers,2,2,3a,3,4,0,0
1925,Chesterfield,Nelson,3,1,3a,3,4,2,1
1925,Chesterfield,Walsall,4,0,3a,3,4,4,1
1925,Coventry City,Accrington Stanley,2,1,3a,3,3,1,1
1925,Coventry City,Bradford Park Avenue,2,2,3a,3,4,0,0
1925,Coventry City,Doncaster Rovers,4,0,3a,3,4,4,1
1925,Coventry City,Nelson,1,0,3a,3,1,1,1
1925,Coventry City,Walsall,2,0,3a,3,2,2,1
1925,Crewe Alexandra,Bradford Park Avenue,1,2,3a,3,3,-1,0
1925,Crewe Alexandra,Rotherham United,3,1,3a,3,4,2,1
1925,Doncaster Rovers,Accrington Stanley,6,2,3a,3,8,4,1
1925,Doncaster Rovers,Bradford Park Avenue,0,3,3a,3,3,-3,0
1925,Doncaster Rovers,Crewe Alexandra,5,2,3a,3,7,3,1
1925,Doncaster Rovers,Nelson,1,1,3a,3,2,0,0
1925,Durham City,Accrington Stanley,5,1,3a,3,6,4,1
1925,Durham City,Bradford Park Avenue,2,1,3a,3,3,1,1
1925,Durham City,Crewe Alexandra,1,1,3a,3,2,0,0
1925,Durham City,Nelson,0,2,3a,3,2,-2,0
1925,Grimsby Town,Accrington Stanley,5,2,3a,3,7,3,1
1925,Grimsby Town,Crewe Alexandra,2,0,3a,3,2,2,1
1925,Grimsby Town,Halifax Town,1,0,3a,3,1,1,1
1925,Grimsby Town,Nelson,3,0,3a,3,3,3,1
1925,Halifax Town,Accrington Stanley,1,1,3a,3,2,0,0
1925,Halifax Town,Crewe Alexandra,1,0,3a,3,1,1,1
1925,Halifax Town,Nelson,1,1,3a,3,2,0,0
1925,Halifax Town,Walsall,5,0,3a,3,5,5,1
1925,Hartlepool United,Accrington Stanley,5,1,3a,3,6,4,1
1925,Hartlepool United,Bradford Park Avenue,0,3,3a,3,3,-3,0
1925,Hartlepool United,Crewe Alexandra,0,0,3a,3,0,0,0
1925,Hartlepool United,Grimsby Town,1,1,3a,3,2,0,0
1925,Lincoln City,Accrington Stanley,3,1,3a,3,4,2,1
1925,Lincoln City,Bradford Park Avenue,1,1,3a,3,2,0,0
1925,Lincoln City,Nelson,1,0,3a,3,1,1,1
1925,Lincoln City,Rotherham United,0,3,3a,3,3,-3,0
1925,Lincoln City,Walsall,5,1,3a,3,6,4,1
1925,Nelson,Accrington Stanley,1,0,3a,3,1,1,1
1925,Nelson,Grimsby Town,1,1,3a,3,2,0,0
1925,Nelson,Lincoln City,5,2,3a,3,7,3,1
1925,Nelson,Rotherham United,3,0,3a,3,3,3,1
1925,Nelson,Walsall,2,0,3a,3,2,2,1
1925,New Brighton,Accrington Stanley,4,1,3a,3,5,3,1
1925,New Brighton,Grimsby Town,1,4,3a,3,5,-3,0
1925,New Brighton,Lincoln City,5,0,3a,3,5,5,1
1925,New Brighton,Rotherham United,5,1,3a,3,6,4,1
1925,Rochdale,Bradford Park Avenue,2,0,3a,3,2,2,1
1925,Rochdale,Grimsby Town,5,2,3a,3,7,3,1
1925,Rochdale,Lincoln City,0,1,3a,3,1,-1,0
1925,Rotherham United,Accrington Stanley,3,1,3a,3,4,2,1
1925,Rotherham United,Bradford Park Avenue,2,3,3a,3,5,-1,0
1925,Rotherham United,Crewe Alexandra,2,2,3a,3,4,0,0
1925,Rotherham United,Grimsby Town,2,1,3a,3,3,1,1
1925,Rotherham United,Lincoln City,1,3,3a,3,4,-2,0
1925,Southport,Accrington Stanley,1,3,3a,3,4,-2,0
1925,Southport,Crewe Alexandra,0,0,3a,3,0,0,0
1925,Southport,Grimsby Town,0,1,3a,3,1,-1,0
1925,Southport,Lincoln City,3,2,3a,3,5,1,1
1925,Southport,Rochdale,1,7,3a,3,8,-6,0
1925,Tranmere Rovers,Accrington Stanley,2,2,3a,3,4,0,0
1925,Tranmere Rovers,Crewe Alexandra,2,0,3a,3,2,2,1
1925,Tranmere Rovers,Rochdale,3,5,3a,3,8,-2,0
1925,Walsall,Bradford Park Avenue,3,1,3a,3,4,2,1
1925,Walsall,Crewe Alexandra,0,3,3a,3,3,-3,0
1925,Walsall,Grimsby Town,2,2,3a,3,4,0,0
1925,Wigan Borough,Bradford Park Avenue,1,3,3a,3,4,-2,0
1925,Wigan Borough,Rochdale,2,2,3a,3,4,0,0
1925,Wigan Borough,Tranmere Rovers,2,2,3a,3,4,0,0
1925,Wrexham,Grimsby Town,4,1,3a,3,5,3,1
1925,Wrexham,Rochdale,1,0,3a,3,1,1,1
1925,Wrexham,Tranmere Rovers,0,2,3a,3,2,-2,0
1925,Aberdare Athletic,AFC Bournemouth,3,3,3b,3,6,0,0
1925,Aberdare Athletic,Luton Town,2,5,3b,3,7,-3,0
1925,Aberdare Athletic,Plymouth Argyle,6,1,3b,3,7,5,1
1925,Aberdare Athletic,Southend United,2,0,3b,3,2,2,1
1925,AFC Bournemouth,Aberdare Athletic,3,0,3b,3,3,3,1
1925,AFC Bournemouth,Luton Town,2,2,3b,3,4,0,0
1925,Brentford,Aberdare Athletic,1,0,3b,3,1,1,1
1925,Brentford,Luton Town,1,0,3b,3,1,1,1
1925,Brentford,Newport County,3,3,3b,3,6,0,0
1925,Brentford,Southend United,1,3,3b,3,4,-2,0
1925,Brighton & Hove Albion,Bristol City,0,0,3b,3,0,0,0
1925,Brighton & Hove Albion,Newport County,2,1,3b,3,3,1,1
1925,Brighton & Hove Albion,Plymouth Argyle,1,2,3b,3,3,-1,0
1925,Bristol City,Brighton & Hove Albion,1,0,3b,3,1,1,1
1925,Bristol City,Crystal Palace,1,0,3b,3,1,1,1
1925,Bristol City,Newport County,1,2,3b,3,3,-1,0
1925,Bristol City,Plymouth Argyle,2,1,3b,3,3,1,1
1925,Bristol City,Southend United,1,4,3b,3,5,-3,0
1925,Bristol Rovers,Aberdare Athletic,0,3,3b,3,3,-3,0
1925,Bristol Rovers,Crystal Palace,3,1,3b,3,4,2,1
1925,Bristol Rovers,Newport County,2,2,3b,3,4,0,0
1925,Bristol Rovers,Southend United,2,0,3b,3,2,2,1
1925,Charlton Athletic,Brighton & Hove Albion,1,1,3b,3,2,0,0
1925,Charlton Athletic,Crystal Palace,1,1,3b,3,2,0,0
1925,Charlton Athletic,Luton Town,2,1,3b,3,3,1,1
1925,Charlton Athletic,Newport County,0,0,3b,3,0,0,0
1925,Charlton Athletic,Southend United,5,0,3b,3,5,5,1
1925,Crystal Palace,Aberdare Athletic,0,1,3b,3,1,-1,0
1925,Crystal Palace,Brighton & Hove Albion,2,1,3b,3,3,1,1
1925,Crystal Palace,Charlton Athletic,4,1,3b,3,5,3,1
1925,Crystal Palace,Luton Town,3,0,3b,3,3,3,1
1925,Crystal Palace,Southend United,3,0,3b,3,3,3,1
1925,Exeter City,Newport County,2,1,3b,3,3,1,1
1925,Exeter City,Plymouth Argyle,4,0,3b,3,4,4,1
1925,Exeter City,Southend United,0,1,3b,3,1,-1,0
1925,Gillingham,Aberdare Athletic,0,1,3b,3,1,-1,0
1925,Luton Town,Aberdare Athletic,2,1,3b,3,3,1,1
1925,Luton Town,Brighton & Hove Albion,3,3,3b,3,6,0,0
1925,Luton Town,Gillingham,5,3,3b,3,8,2,1
1925,Luton Town,Plymouth Argyle,1,1,3b,3,2,0,0
1925,Merthyr Town,Aberdare Athletic,1,1,3b,3,2,0,0
1925,Merthyr Town,Brighton & Hove Albion,0,1,3b,3,1,-1,0
1925,Merthyr Town,Gillingham,0,0,3b,3,0,0,0
1925,Merthyr Town,Newport County,4,1,3b,3,5,3,1
1925,Millwall,Aberdare Athletic,4,2,3b,3,6,2,1
1925,Millwall,Gillingham,0,0,3b,3,0,0,0
1925,Millwall,Plymouth Argyle,0,0,3b,3,0,0,0
1925,Newport County,Brighton & Hove Albion,4,3,3b,3,7,1,1
1925,Newport County,Charlton Athletic,0,0,3b,3,0,0,0
1925,Northampton Town,Brighton & Hove Albion,1,2,3b,3,3,-1,0
1925,Northampton Town,Charlton Athletic,2,1,3b,3,3,1,1
1925,Northampton Town,Gillingham,1,2,3b,3,3,-1,0
1925,Northampton Town,Southend United,3,3,3b,3,6,0,0
1925,Norwich City,Aberdare Athletic,2,3,3b,3,5,-1,0
1925,Norwich City,Brighton & Hove Albion,1,2,3b,3,3,-1,0
1925,Norwich City,Gillingham,1,0,3b,3,1,1,1
1925,Plymouth Argyle,Charlton Athletic,1,0,3b,3,1,1,1
1925,Plymouth Argyle,Gillingham,2,1,3b,3,3,1,1
1925,Plymouth Argyle,Millwall,2,0,3b,3,2,2,1
1925,Plymouth Argyle,Norwich City,6,3,3b,3,9,3,1
1925,Plymouth Argyle,Southend United,6,2,3b,3,8,4,1
1925,Queens Park Rangers,Aberdare Athletic,1,3,3b,3,4,-2,0
1925,Queens Park Rangers,Brighton & Hove Albion,0,2,3b,3,2,-2,0
1925,Queens Park Rangers,Charlton Athletic,2,2,3b,3,4,0,0
1925,Queens Park Rangers,Southend United,2,2,3b,3,4,0,0
1925,Reading,Aberdare Athletic,2,1,3b,3,3,1,1
1925,Reading,Brighton & Hove Albion,0,0,3b,3,0,0,0
1925,Reading,Charlton Athletic,1,1,3b,3,2,0,0
1925,Reading,Gillingham,1,0,3b,3,1,1,1
1925,Reading,Millwall,2,0,3b,3,2,2,1
1925,Reading,Norwich City,2,0,3b,3,2,2,1
1925,Southend United,Aberdare Athletic,0,1,3b,3,1,-1,0
1925,Southend United,Brighton & Hove Albion,4,0,3b,3,4,4,1
1925,Swindon Town,Brighton & Hove Albion,1,0,3b,3,1,1,1
1925,Swindon Town,Charlton Athletic,3,0,3b,3,3,3,1
1925,Swindon Town,Gillingham,1,0,3b,3,1,1,1
1925,Swindon Town,Norwich City,3,1,3b,3,4,2,1
1925,Watford,Brighton & Hove Albion,3,3,3b,3,6,0,0
1925,Watford,Gillingham,3,1,3b,3,4,2,1
1925,Watford,Millwall,0,1,3b,3,1,-1,0
1925,Watford,Norwich City,3,1,3b,3,4,2,1
1926,Arsenal,Aston Villa,2,1,1,1,3,1,1
1926,Arsenal,Cardiff City,3,2,1,1,5,1,1
1926,Arsenal,Huddersfield Town,0,2,1,1,2,-2,0
1926,Arsenal,Liverpool,2,0,1,1,2,2,1
1926,Arsenal,Sheffield United,1,1,1,1,2,0,0
1926,Aston Villa,Bolton Wanderers,3,4,1,1,7,-1,0
1926,Aston Villa,Huddersfield Town,3,0,1,1,3,3,1
1926,Aston Villa,Sheffield United,4,0,1,1,4,4,1
1926,Birmingham City,Arsenal,0,0,1,1,0,0,0
1926,Birmingham City,Bolton Wanderers,6,1,1,1,7,5,1
1926,Birmingham City,Cardiff City,1,2,1,1,3,-1,0
1926,Birmingham City,Liverpool,3,0,1,1,3,3,1
1926,Blackburn Rovers,Arsenal,1,2,1,1,3,-1,0
1926,Blackburn Rovers,Bolton Wanderers,0,3,1,1,3,-3,0
1926,Blackburn Rovers,Huddersfield Town,4,2,1,1,6,2,1
1926,Blackburn Rovers,Liverpool,2,1,1,1,3,1,1
1926,Blackburn Rovers,Sheffield United,3,4,1,1,7,-1,0
1926,Blackburn Rovers,Tottenham Hotspur,1,0,1,1,1,1,1
1926,Bolton Wanderers,Blackburn Rovers,5,1,1,1,6,4,1
1926,Bolton Wanderers,Cardiff City,2,0,1,1,2,2,1
1926,Bolton Wanderers,Huddersfield Town,4,0,1,1,4,4,1
1926,Bolton Wanderers,Tottenham Hotspur,2,2,1,1,4,0,0
1926,Burnley,Arsenal,2,0,1,1,2,2,1
1926,Bury,Arsenal,3,2,1,1,5,1,1
1926,Bury,Cardiff City,2,3,1,1,5,-1,0
1926,Bury,Tottenham Hotspur,0,0,1,1,0,0,0
1926,Cardiff City,Bury,2,1,1,1,3,1,1
1926,Cardiff City,Huddersfield Town,2,0,1,1,2,2,1
1926,Cardiff City,Sheffield United,3,0,1,1,3,3,1
1926,Derby County,Arsenal,0,2,1,1,2,-2,0
1926,Derby County,Liverpool,2,1,1,1,3,1,1
1926,Derby County,Sheffield United,1,0,1,1,1,1,1
1926,Everton,Blackburn Rovers,1,0,1,1,1,1,1
1926,Everton,Tottenham Hotspur,1,2,1,1,3,-1,0
1926,Huddersfield Town,Arsenal,3,3,1,1,6,0,0
1926,Huddersfield Town,Everton,0,0,1,1,0,0,0
1926,Huddersfield Town,Liverpool,1,0,1,1,1,1,1
1926,Leeds United,Arsenal,4,1,1,1,5,3,1
1926,Leeds United,Blackburn Rovers,4,1,1,1,5,3,1
1926,Leeds United,Liverpool,0,0,1,1,0,0,0
1926,Leicester City,Arsenal,2,1,1,1,3,1,1
1926,Leicester City,Bury,1,1,1,1,2,0,0
1926,Leicester City,Sheffield United,2,2,1,1,4,0,0
1926,Liverpool,Arsenal,3,0,1,1,3,3,1
1926,Liverpool,Blackburn Rovers,2,2,1,1,4,0,0
1926,Liverpool,Everton,1,0,1,1,1,1,1
1926,Manchester United,Sheffield United,5,0,1,1,5,5,1
1926,Newcastle United,Arsenal,6,1,1,1,7,5,1
1926,Newcastle United,Sheffield United,2,0,1,1,2,2,1
1926,Sheffield United,Arsenal,4,0,1,1,4,4,1
1926,Sheffield United,Blackburn Rovers,5,3,1,1,8,2,1
1926,Sheffield United,Leicester City,0,3,1,1,3,-3,0
1926,Sheffield Wednesday,Bury,1,3,1,1,4,-2,0
1926,Sheffield Wednesday,Everton,4,0,1,1,4,4,1
1926,Sheffield Wednesday,Newcastle United,3,2,1,1,5,1,1
1926,Sheffield Wednesday,Tottenham Hotspur,3,1,1,1,4,2,1
1926,Sunderland,Bury,3,0,1,1,3,3,1
1926,Sunderland,Newcastle United,2,0,1,1,2,2,1
1926,Tottenham Hotspur,Blackburn Rovers,1,1,1,1,2,0,0
1926,Tottenham Hotspur,Everton,2,1,1,1,3,1,1
1926,Tottenham Hotspur,Leicester City,2,2,1,1,4,0,0
1926,Tottenham Hotspur,Newcastle United,1,3,1,1,4,-2,0
1926,Tottenham Hotspur,Sunderland,0,2,1,1,2,-2,0
1926,West Bromwich Albion,Arsenal,1,3,1,1,4,-2,0
1926,West Bromwich Albion,Blackburn Rovers,2,0,1,1,2,2,1
1926,West Bromwich Albion,Newcastle United,4,2,1,1,6,2,1
1926,West Bromwich Albion,Sunderland,3,0,1,1,3,3,1
1926,West Ham United,Arsenal,7,0,1,1,7,7,1
1926,West Ham United,Blackburn Rovers,1,5,1,1,6,-4,0
1926,West Ham United,Leicester City,3,3,1,1,6,0,0
1926,West Ham United,Newcastle United,1,1,1,1,2,0,0
1926,West Ham United,Sunderland,1,2,1,1,3,-1,0
1926,Barnsley,Darlington,3,2,2,2,5,1,1
1926,Barnsley,Middlesbrough,1,1,2,2,2,0,0
1926,Barnsley,Preston North End,3,0,2,2,3,3,1
1926,Blackpool,Barnsley,6,1,2,2,7,5,1
1926,Blackpool,Darlington,1,1,2,2,2,0,0
1926,Blackpool,Middlesbrough,2,2,2,2,4,0,0
1926,Blackpool,Oldham Athletic,2,0,2,2,2,2,1
1926,Blackpool,Preston North End,2,3,2,2,5,-1,0
1926,Bradford City,Darlington,0,1,2,2,1,-1,0
1926,Bradford City,Middlesbrough,0,1,2,2,1,-1,0
1926,Bradford City,Oldham Athletic,0,1,2,2,1,-1,0
1926,Chelsea,Oldham Athletic,1,0,2,2,1,1,1
1926,Chelsea,Preston North End,2,1,2,2,3,1,1
1926,Chelsea,Southampton,2,3,2,2,5,-1,0
1926,Darlington,Chelsea,2,2,2,2,4,0,0
1926,Darlington,Middlesbrough,1,4,2,2,5,-3,0
1926,Darlington,Oldham Athletic,0,1,2,2,1,-1,0
1926,Darlington,Preston North End,0,1,2,2,1,-1,0
1926,Darlington,Southampton,1,2,2,2,3,-1,0
1926,Fulham,Barnsley,1,0,2,2,1,1,1
1926,Fulham,Chelsea,1,2,2,2,3,-1,0
1926,Fulham,Hull City,3,1,2,2,4,2,1
1926,Fulham,Middlesbrough,0,3,2,2,3,-3,0
1926,Fulham,Oldham Athletic,1,1,2,2,2,0,0
1926,Grimsby Town,Barnsley,1,3,2,2,4,-2,0
1926,Grimsby Town,Chelsea,0,0,2,2,0,0,0
1926,Grimsby Town,Middlesbrough,4,7,2,2,11,-3,0
1926,Grimsby Town,Southampton,0,1,2,2,1,-1,0
1926,Hull City,Chelsea,0,1,2,2,1,-1,0
1926,Hull City,Preston North End,3,1,2,2,4,2,1
1926,Hull City,Southampton,0,0,2,2,0,0,0
1926,Leyton Orient,Chelsea,3,0,2,2,3,3,1
1926,Leyton Orient,Middlesbrough,2,3,2,2,5,-1,0
1926,Leyton Orient,Oldham Athletic,3,1,2,2,4,2,1
1926,Leyton Orient,Preston North End,1,1,2,2,2,0,0
1926,Manchester City,Barnsley,1,1,2,2,2,0,0
1926,Manchester City,Oldham Athletic,3,0,2,2,3,3,1
1926,Manchester City,Southampton,3,4,2,2,7,-1,0
1926,Middlesbrough,Barnsley,5,1,2,2,6,4,1
1926,Middlesbrough,Chelsea,0,0,2,2,0,0,0
1926,Middlesbrough,Manchester City,2,1,2,2,3,1,1
1926,Middlesbrough,Oldham Athletic,3,1,2,2,4,2,1
1926,Notts County,Barnsley,1,1,2,2,2,0,0
1926,Notts County,Chelsea,5,0,2,2,5,5,1
1926,Notts County,Manchester City,1,0,2,2,1,1,1
1926,Notts County,Oldham Athletic,1,2,2,2,3,-1,0
1926,Notts County,Southampton,0,1,2,2,1,-1,0
1926,Oldham Athletic,Chelsea,1,2,2,2,3,-1,0
1926,Oldham Athletic,Notts County,5,2,2,2,7,3,1
1926,Port Vale,Manchester City,0,2,2,2,2,-2,0
1926,Port Vale,Notts County,6,2,2,2,8,4,1
1926,Portsmouth,Chelsea,2,3,2,2,5,-1,0
1926,Portsmouth,Manchester City,2,1,2,2,3,1,1
1926,Portsmouth,Southampton,3,1,2,2,4,2,1
1926,Preston North End,Barnsley,2,1,2,2,3,1,1
1926,Preston North End,Grimsby Town,3,2,2,2,5,1,1
1926,Preston North End,Manchester City,2,4,2,2,6,-2,0
1926,Reading,Chelsea,2,1,2,2,3,1,1
1926,Reading,Grimsby Town,1,1,2,2,2,0,0
1926,Reading,Manchester City,1,0,2,2,1,1,1
1926,Reading,Notts County,7,1,2,2,8,6,1
1926,South Shields,Manchester City,2,2,2,2,4,0,0
1926,South Shields,Notts County,5,0,2,2,5,5,1
1926,South Shields,Portsmouth,1,0,2,2,1,1,1
1926,Southampton,Chelsea,1,1,2,2,2,0,0
1926,Southampton,Grimsby Town,0,0,2,2,0,0,0
1926,Swansea City,Barnsley,5,2,2,2,7,3,1
1926,Swansea City,Portsmouth,1,1,2,2,2,0,0
1926,Swansea City,South Shields,2,0,2,2,2,2,1
1926,Wolverhampton Wanderers,Chelsea,0,3,2,2,3,-3,0
1926,Wolverhampton Wanderers,Grimsby Town,3,4,2,2,7,-1,0
1926,Wolverhampton Wanderers,Manchester City,4,1,2,2,5,3,1
1926,Wolverhampton Wanderers,Notts County,0,1,2,2,1,-1,0
1926,Wolverhampton Wanderers,Portsmouth,0,1,2,2,1,-1,0
1926,Accrington Stanley,Ashington,3,0,3a,3,3,3,1
1926,Accrington Stanley,Durham City,3,0,3a,3,3,3,1
1926,Accrington Stanley,Stockport County,2,4,3a,3,6,-2,0
1926,Accrington Stanley,Walsall,3,5,3a,3,8,-2,0
1926,Ashington,Durham City,3,1,3a,3,4,2,1
1926,Ashington,Rochdale,2,2,3a,3,4,0,0
1926,Ashington,Walsall,0,2,3a,3,2,-2,0
1926,Barrow,Chesterfield,1,0,3a,3,1,1,1
1926,Barrow,Lincoln City,0,3,3a,3,3,-3,0
1926,Bradford Park Avenue,Accrington Stanley,6,1,3a,3,7,5,1
1926,Bradford Park Avenue,Lincoln City,3,1,3a,3,4,2,1
1926,Bradford Park Avenue,Rochdale,5,1,3a,3,6,4,1
1926,Bradford Park Avenue,Stockport County,3,1,3a,3,4,2,1
1926,Bradford Park Avenue,Walsall,5,1,3a,3,6,4,1
1926,Chesterfield,Accrington Stanley,1,1,3a,3,2,0,0
1926,Chesterfield,Durham City,7,1,3a,3,8,6,1
1926,Chesterfield,Lincoln City,4,2,3a,3,6,2,1
1926,Chesterfield,Rochdale,2,3,3a,3,5,-1,0
1926,Chesterfield,Stockport County,3,0,3a,3,3,3,1
1926,Chesterfield,Walsall,2,0,3a,3,2,2,1
1926,Crewe Alexandra,Bradford Park Avenue,1,1,3a,3,2,0,0
1926,Crewe Alexandra,Durham City,2,1,3a,3,3,1,1
1926,Crewe Alexandra,Lincoln City,3,3,3a,3,6,0,0
1926,Crewe Alexandra,Walsall,1,1,3a,3,2,0,0
1926,Doncaster Rovers,Bradford Park Avenue,4,1,3a,3,5,3,1
1926,Doncaster Rovers,Durham City,5,1,3a,3,6,4,1
1926,Doncaster Rovers,Lincoln City,1,3,3a,3,4,-2,0
1926,Doncaster Rovers,Stockport County,1,2,3a,3,3,-1,0
1926,Durham City,Accrington Stanley,2,0,3a,3,2,2,1
1926,Durham City,Lincoln City,4,2,3a,3,6,2,1
1926,Durham City,Stockport County,1,5,3a,3,6,-4,0
1926,Durham City,Walsall,3,0,3a,3,3,3,1
1926,Halifax Town,Accrington Stanley,4,3,3a,3,7,1,1
1926,Halifax Town,Bradford Park Avenue,2,0,3a,3,2,2,1
1926,Halifax Town,Doncaster Rovers,2,1,3a,3,3,1,1
1926,Halifax Town,Rochdale,1,0,3a,3,1,1,1
1926,Halifax Town,Stockport County,4,1,3a,3,5,3,1
1926,Halifax Town,Walsall,1,1,3a,3,2,0,0
1926,Hartlepool United,Doncaster Rovers,3,0,3a,3,3,3,1
1926,Hartlepool United,Lincoln City,1,1,3a,3,2,0,0
1926,Hartlepool United,Rochdale,3,2,3a,3,5,1,1
1926,Lincoln City,Bradford Park Avenue,5,1,3a,3,6,4,1
1926,Lincoln City,Hartlepool United,1,2,3a,3,3,-1,0
1926,Lincoln City,Rochdale,2,3,3a,3,5,-1,0
1926,Nelson,Bradford Park Avenue,1,0,3a,3,1,1,1
1926,Nelson,Doncaster Rovers,5,1,3a,3,6,4,1
1926,Nelson,Walsall,3,2,3a,3,5,1,1
1926,New Brighton,Accrington Stanley,0,1,3a,3,1,-1,0
1926,New Brighton,Bradford Park Avenue,3,1,3a,3,4,2,1
1926,New Brighton,Hartlepool United,2,1,3a,3,3,1,1
1926,New Brighton,Stockport County,1,2,3a,3,3,-1,0
1926,New Brighton,Walsall,3,1,3a,3,4,2,1
1926,Rochdale,New Brighton,1,1,3a,3,2,0,0
1926,Rotherham United,Accrington Stanley,1,1,3a,3,2,0,0
1926,Rotherham United,Bradford Park Avenue,1,1,3a,3,2,0,0
1926,Rotherham United,New Brighton,0,0,3a,3,0,0,0
1926,Rotherham United,Stockport County,1,2,3a,3,3,-1,0
1926,Rotherham United,Walsall,4,1,3a,3,5,3,1
1926,Southport,Bradford Park Avenue,2,1,3a,3,3,1,1
1926,Southport,New Brighton,7,2,3a,3,9,5,1
1926,Stockport County,Doncaster Rovers,1,0,3a,3,1,1,1
1926,Stockport County,New Brighton,1,0,3a,3,1,1,1
1926,Stockport County,Southport,2,4,3a,3,6,-2,0
1926,Stoke City,Hartlepool United,3,1,3a,3,4,2,1
1926,Stoke City,New Brighton,1,1,3a,3,2,0,0
1926,Stoke City,Southport,4,0,3a,3,4,4,1
1926,Tranmere Rovers,Bradford Park Avenue,1,2,3a,3,3,-1,0
1926,Tranmere Rovers,Doncaster Rovers,1,1,3a,3,2,0,0
1926,Tranmere Rovers,Southport,3,0,3a,3,3,3,1
1926,Tranmere Rovers,Walsall,6,0,3a,3,6,6,1
1926,Walsall,Doncaster Rovers,1,0,3a,3,1,1,1
1926,Walsall,Hartlepool United,2,2,3a,3,4,0,0
1926,Walsall,New Brighton,0,1,3a,3,1,-1,0
1926,Wigan Borough,Accrington Stanley,3,0,3a,3,3,3,1
1926,Wigan Borough,Doncaster Rovers,1,1,3a,3,2,0,0
1926,Wigan Borough,Hartlepool United,3,0,3a,3,3,3,1
1926,Wigan Borough,New Brighton,3,2,3a,3,5,1,1
1926,Wrexham,Accrington Stanley,5,0,3a,3,5,5,1
1926,Wrexham,Hartlepool United,4,0,3a,3,4,4,1
1926,Wrexham,New Brighton,2,2,3a,3,4,0,0
1926,Wrexham,Southport,3,0,3a,3,3,3,1
1926,Wrexham,Tranmere Rovers,0,1,3a,3,1,-1,0
1926,Aberdare Athletic,AFC Bournemouth,2,1,3b,3,3,1,1
1926,Aberdare Athletic,Bristol City,3,7,3b,3,10,-4,0
1926,Aberdare Athletic,Coventry City,0,7,3b,3,7,-7,0
1926,Aberdare Athletic,Norwich City,1,2,3b,3,3,-1,0
1926,AFC Bournemouth,Bristol City,2,0,3b,3,2,2,1
1926,AFC Bournemouth,Coventry City,1,2,3b,3,3,-1,0
1926,AFC Bournemouth,Gillingham,4,2,3b,3,6,2,1
1926,AFC Bournemouth,Millwall,0,1,3b,3,1,-1,0
1926,Brentford,Bristol City,3,0,3b,3,3,3,1
1926,Brentford,Coventry City,7,3,3b,3,10,4,1
1926,Brentford,Gillingham,0,0,3b,3,0,0,0
1926,Brentford,Southend United,3,1,3b,3,4,2,1
1926,Brighton & Hove Albion,Bristol City,3,0,3b,3,3,3,1
1926,Brighton & Hove Albion,Coventry City,1,1,3b,3,2,0,0
1926,Brighton & Hove Albion,Gillingham,3,2,3b,3,5,1,1
1926,Brighton & Hove Albion,Millwall,3,1,3b,3,4,2,1
1926,Brighton & Hove Albion,Norwich City,3,2,3b,3,5,1,1
1926,Brighton & Hove Albion,Southend United,2,1,3b,3,3,1,1
1926,Bristol City,Coventry City,3,0,3b,3,3,3,1
1926,Bristol City,Gillingham,9,4,3b,3,13,5,1
1926,Bristol City,Norwich City,1,1,3b,3,2,0,0
1926,Bristol Rovers,Aberdare Athletic,4,0,3b,3,4,4,1
1926,Bristol Rovers,Coventry City,1,2,3b,3,3,-1,0
1926,Bristol Rovers,Gillingham,2,1,3b,3,3,1,1
1926,Bristol Rovers,Norwich City,1,0,3b,3,1,1,1
1926,Charlton Athletic,Aberdare Athletic,5,1,3b,3,6,4,1
1926,Charlton Athletic,Gillingham,3,0,3b,3,3,3,1
1926,Coventry City,Aberdare Athletic,1,0,3b,3,1,1,1
1926,Coventry City,Brighton & Hove Albion,1,2,3b,3,3,-1,0
1926,Coventry City,Millwall,1,4,3b,3,5,-3,0
1926,Coventry City,Norwich City,1,0,3b,3,1,1,1
1926,Coventry City,Southend United,1,1,3b,3,2,0,0
1926,Crystal Palace,Norwich City,7,1,3b,3,8,6,1
1926,Exeter City,Brighton & Hove Albion,0,0,3b,3,0,0,0
1926,Exeter City,Gillingham,5,1,3b,3,6,4,1
1926,Exeter City,Southend United,2,0,3b,3,2,2,1
1926,Gillingham,Aberdare Athletic,2,1,3b,3,3,1,1
1926,Gillingham,Norwich City,1,0,3b,3,1,1,1
1926,Gillingham,Southend United,2,3,3b,3,5,-1,0
1926,Luton Town,Charlton Athletic,1,0,3b,3,1,1,1
1926,Luton Town,Millwall,6,0,3b,3,6,6,1
1926,Luton Town,Southend United,0,0,3b,3,0,0,0
1926,Merthyr Town,Aberdare Athletic,2,2,3b,3,4,0,0
1926,Merthyr Town,Charlton Athletic,3,0,3b,3,3,3,1
1926,Merthyr Town,Southend United,0,1,3b,3,1,-1,0
1926,Millwall,Aberdare Athletic,1,0,3b,3,1,1,1
1926,Millwall,Exeter City,4,2,3b,3,6,2,1
1926,Millwall,Merthyr Town,3,1,3b,3,4,2,1
1926,Millwall,Norwich City,6,1,3b,3,7,5,1
1926,Newport County,Brighton & Hove Albion,0,1,3b,3,1,-1,0
1926,Newport County,Exeter City,2,0,3b,3,2,2,1
1926,Newport County,Norwich City,0,0,3b,3,0,0,0
1926,Newport County,Southend United,3,0,3b,3,3,3,1
1926,Northampton Town,Brighton & Hove Albion,0,0,3b,3,0,0,0
1926,Northampton Town,Charlton Athletic,0,1,3b,3,1,-1,0
1926,Northampton Town,Exeter City,2,2,3b,3,4,0,0
1926,Northampton Town,Norwich City,3,0,3b,3,3,3,1
1926,Northampton Town,Southend United,2,1,3b,3,3,1,1
1926,Norwich City,Aberdare Athletic,2,2,3b,3,4,0,0
1926,Norwich City,Charlton Athletic,2,3,3b,3,5,-1,0
1926,Norwich City,Southend United,1,1,3b,3,2,0,0
1926,Plymouth Argyle,Exeter City,2,0,3b,3,2,2,1
1926,Plymouth Argyle,Southend United,2,1,3b,3,3,1,1
1926,Queens Park Rangers,Exeter City,1,1,3b,3,2,0,0
1926,Queens Park Rangers,Merthyr Town,5,1,3b,3,6,4,1
1926,Queens Park Rangers,Northampton Town,4,2,3b,3,6,2,1
1926,Queens Park Rangers,Southend United,3,2,3b,3,5,1,1
1926,Southend United,Charlton Athletic,5,0,3b,3,5,5,1
1926,Southend United,Exeter City,1,2,3b,3,3,-1,0
1926,Southend United,Merthyr Town,3,1,3b,3,4,2,1
1926,Southend United,Northampton Town,2,0,3b,3,2,2,1
1926,Swindon Town,Charlton Athletic,2,0,3b,3,2,2,1
1926,Swindon Town,Merthyr Town,3,2,3b,3,5,1,1
1926,Swindon Town,Northampton Town,3,1,3b,3,4,2,1
1926,Swindon Town,Queens Park Rangers,6,2,3b,3,8,4,1
1926,Watford,Exeter City,1,0,3b,3,1,1,1
1926,Watford,Merthyr Town,4,1,3b,3,5,3,1
1927,Arsenal,Aston Villa,0,3,1,1,3,-3,0
1927,Arsenal,Manchester United,0,1,1,1,1,-1,0
1927,Arsenal,Portsmouth,0,2,1,1,2,-2,0
1927,Aston Villa,Bolton Wanderers,2,2,1,1,4,0,0
1927,Aston Villa,Cardiff City,3,1,1,1,4,2,1
1927,Aston Villa,Huddersfield Town,3,0,1,1,3,3,1
1927,Aston Villa,Manchester United,3,1,1,1,4,2,1
1927,Birmingham City,Manchester United,0,0,1,1,0,0,0
1927,Birmingham City,Portsmouth,2,0,1,1,2,2,1
1927,Birmingham City,Sunderland,1,1,1,1,2,0,0
1927,Blackburn Rovers,Huddersfield Town,1,1,1,1,2,0,0
1927,Blackburn Rovers,Portsmouth,6,0,1,1,6,6,1
1927,Bolton Wanderers,Arsenal,1,1,1,1,2,0,0
1927,Bolton Wanderers,Blackburn Rovers,3,1,1,1,4,2,1
1927,Bolton Wanderers,Cardiff City,2,1,1,1,3,1,1
1927,Bolton Wanderers,Huddersfield Town,0,1,1,1,1,-1,0
1927,Bolton Wanderers,Manchester United,3,2,1,1,5,1,1
1927,Bolton Wanderers,Portsmouth,3,1,1,1,4,2,1
1927,Bolton Wanderers,Sunderland,1,2,1,1,3,-1,0
1927,Burnley,Arsenal,1,2,1,1,3,-1,0
1927,Burnley,Blackburn Rovers,3,1,1,1,4,2,1
1927,Burnley,Cardiff City,2,1,1,1,3,1,1
1927,Burnley,Huddersfield Town,0,1,1,1,1,-1,0
1927,Burnley,Sunderland,3,0,1,1,3,3,1
1927,Bury,Cardiff City,3,0,1,1,3,3,1
1927,Bury,Portsmouth,4,0,1,1,4,4,1
1927,Cardiff City,Blackburn Rovers,1,1,1,1,2,0,0
1927,Cardiff City,Huddersfield Town,4,0,1,1,4,4,1
1927,Cardiff City,Portsmouth,3,1,1,1,4,2,1
1927,Cardiff City,Sunderland,3,1,1,1,4,2,1
1927,Derby County,Manchester United,5,0,1,1,5,5,1
1927,Everton,Arsenal,3,3,1,1,6,0,0
1927,Everton,Bury,1,1,1,1,2,0,0
1927,Everton,Huddersfield Town,2,2,1,1,4,0,0
1927,Everton,Sunderland,0,1,1,1,1,-1,0
1927,Huddersfield Town,Bury,3,0,1,1,3,3,1
1927,Huddersfield Town,Portsmouth,4,1,1,1,5,3,1
1927,Leicester City,Arsenal,3,2,1,1,5,1,1
1927,Leicester City,Blackburn Rovers,6,0,1,1,6,6,1
1927,Liverpool,Arsenal,0,2,1,1,2,-2,0
1927,Liverpool,Blackburn Rovers,4,2,1,1,6,2,1
1927,Liverpool,Bury,5,1,1,1,6,4,1
1927,Liverpool,Manchester United,2,0,1,1,2,2,1
1927,Manchester United,Everton,1,0,1,1,1,1,1
1927,Middlesbrough,Arsenal,2,2,1,1,4,0,0
1927,Middlesbrough,Liverpool,1,1,1,1,2,0,0
1927,Middlesbrough,Portsmouth,5,1,1,1,6,4,1
1927,Middlesbrough,Sunderland,0,3,1,1,3,-3,0
1927,Newcastle United,Everton,2,2,1,1,4,0,0
1927,Newcastle United,Liverpool,1,1,1,1,2,0,0
1927,Portsmouth,Arsenal,2,3,1,1,5,-1,0
1927,Portsmouth,Liverpool,1,0,1,1,1,1,1
1927,Sheffield United,Everton,1,3,1,1,4,-2,0
1927,Sheffield United,Liverpool,1,1,1,1,2,0,0
1927,Sheffield United,Newcastle United,1,1,1,1,2,0,0
1927,Sheffield Wednesday,Liverpool,4,0,1,1,4,4,1
1927,Sheffield Wednesday,Newcastle United,0,0,1,1,0,0,0
1927,Sunderland,Arsenal,5,1,1,1,6,4,1
1927,Sunderland,Blackburn Rovers,1,0,1,1,1,1,1
1927,Sunderland,Liverpool,2,1,1,1,3,1,1
1927,Sunderland,Sheffield Wednesday,2,3,1,1,5,-1,0
1927,Tottenham Hotspur,Blackburn Rovers,1,1,1,1,2,0,0
1927,Tottenham Hotspur,Everton,1,3,1,1,4,-2,0
1927,Tottenham Hotspur,Liverpool,3,1,1,1,4,2,1
1927,West Ham United,Arsenal,2,2,1,1,4,0,0
1927,West Ham United,Bury,1,2,1,1,3,-1,0
1927,West Ham United,Everton,0,0,1,1,0,0,0
1927,West Ham United,Liverpool,3,1,1,1,4,2,1
1927,West Ham United,Newcastle United,5,2,1,1,7,3,1
1927,West Ham United,Sheffield Wednesday,1,2,1,1,3,-1,0
1927,Barnsley,Port Vale,4,2,2,2,6,2,1
1927,Barnsley,South Shields,0,0,2,2,0,0,0
1927,Barnsley,Swansea City,3,3,2,2,6,0,0
1927,Blackpool,Leeds United,0,2,2,2,2,-2,0
1927,Blackpool,Swansea City,2,2,2,2,4,0,0
1927,Bristol City,Barnsley,2,0,2,2,2,2,1
1927,Bristol City,Fulham,3,0,2,2,3,3,1
1927,Bristol City,Leeds United,1,2,2,2,3,-1,0
1927,Bristol City,Nottingham Forest,0,0,2,2,0,0,0
1927,Bristol City,Swansea City,2,1,2,2,3,1,1
1927,Chelsea,Leeds United,2,3,2,2,5,-1,0
1927,Chelsea,Port Vale,1,0,2,2,1,1,1
1927,Chelsea,South Shields,6,0,2,2,6,6,1
1927,Fulham,Chelsea,1,1,2,2,2,0,0
1927,Fulham,Nottingham Forest,2,0,2,2,2,2,1
1927,Grimsby Town,Barnsley,3,1,2,2,4,2,1
1927,Grimsby Town,Chelsea,1,1,2,2,2,0,0
1927,Grimsby Town,Nottingham Forest,2,1,2,2,3,1,1
1927,Grimsby Town,Port Vale,3,0,2,2,3,3,1
1927,Grimsby Town,South Shields,4,1,2,2,5,3,1
1927,Hull City,Barnsley,2,1,2,2,3,1,1
1927,Hull City,Port Vale,1,0,2,2,1,1,1
1927,Leeds United,Barnsley,2,2,2,2,4,0,0
1927,Leeds United,Port Vale,3,0,2,2,3,3,1
1927,Leeds United,Swansea City,5,0,2,2,5,5,1
1927,Leyton Orient,Barnsley,2,0,2,2,2,2,1
1927,Leyton Orient,Chelsea,2,1,2,2,3,1,1
1927,Leyton Orient,Port Vale,0,1,2,2,1,-1,0
1927,Leyton Orient,South Shields,2,2,2,2,4,0,0
1927,Leyton Orient,Swansea City,1,1,2,2,2,0,0
1927,Manchester City,Barnsley,7,3,2,2,10,4,1
1927,Manchester City,Chelsea,0,1,2,2,1,-1,0
1927,Manchester City,Nottingham Forest,3,3,2,2,6,0,0
1927,Manchester City,South Shields,3,0,2,2,3,3,1
1927,Manchester City,Swansea City,7,4,2,2,11,3,1
1927,Nottingham Forest,Barnsley,1,1,2,2,2,0,0
1927,Nottingham Forest,Swansea City,0,2,2,2,2,-2,0
1927,Notts County,Barnsley,9,0,2,2,9,9,1
1927,Notts County,Chelsea,0,1,2,2,1,-1,0
1927,Notts County,Hull City,1,1,2,2,2,0,0
1927,Oldham Athletic,Barnsley,0,1,2,2,1,-1,0
1927,Oldham Athletic,Chelsea,2,1,2,2,3,1,1
1927,Oldham Athletic,Manchester City,3,2,2,2,5,1,1
1927,Oldham Athletic,Port Vale,4,1,2,2,5,3,1
1927,Oldham Athletic,South Shields,2,2,2,2,4,0,0
1927,Oldham Athletic,Swansea City,0,1,2,2,1,-1,0
1927,Port Vale,Barnsley,2,1,2,2,3,1,1
1927,Port Vale,Manchester City,1,2,2,2,3,-1,0
1927,Preston North End,Barnsley,1,2,2,2,3,-1,0
1927,Preston North End,Hull City,4,2,2,2,6,2,1
1927,Preston North End,Oldham Athletic,1,1,2,2,2,0,0
1927,Preston North End,South Shields,7,2,2,2,9,5,1
1927,Preston North End,Swansea City,4,2,2,2,6,2,1
1927,Reading,Barnsley,1,1,2,2,2,0,0
1927,Reading,Hull City,3,0,2,2,3,3,1
1927,Reading,Oldham Athletic,1,0,2,2,1,1,1
1927,South Shields,Barnsley,0,0,2,2,0,0,0
1927,South Shields,Chelsea,2,1,2,2,3,1,1
1927,South Shields,Reading,0,0,2,2,0,0,0
1927,Southampton,Barnsley,6,1,2,2,7,5,1
1927,Southampton,Hull City,2,0,2,2,2,2,1
1927,Southampton,Oldham Athletic,5,2,2,2,7,3,1
1927,Southampton,Reading,0,0,2,2,0,0,0
1927,Stoke City,Chelsea,1,0,2,2,1,1,1
1927,Swansea City,Hull City,2,0,2,2,2,2,1
1927,Swansea City,Stoke City,1,1,2,2,2,0,0
1927,West Bromwich Albion,Chelsea,3,0,2,2,3,3,1
1927,West Bromwich Albion,Manchester City,1,1,2,2,2,0,0
1927,West Bromwich Albion,Reading,5,3,2,2,8,2,1
1927,West Bromwich Albion,Stoke City,2,4,2,2,6,-2,0
1927,Wolverhampton Wanderers,Barnsley,2,1,2,2,3,1,1
1927,Wolverhampton Wanderers,Chelsea,1,2,2,2,3,-1,0
1927,Wolverhampton Wanderers,Hull City,1,1,2,2,2,0,0
1927,Wolverhampton Wanderers,Manchester City,2,2,2,2,4,0,0
1927,Wolverhampton Wanderers,Oldham Athletic,3,1,2,2,4,2,1
1927,Wolverhampton Wanderers,Reading,2,1,2,2,3,1,1
1927,Wolverhampton Wanderers,Stoke City,1,2,2,2,3,-1,0
1927,Accrington Stanley,Ashington,3,1,3a,3,4,2,1
1927,Accrington Stanley,Halifax Town,3,2,3a,3,5,1,1
1927,Accrington Stanley,Nelson,7,1,3a,3,8,6,1
1927,Accrington Stanley,Tranmere Rovers,2,3,3a,3,5,-1,0
1927,Ashington,Accrington Stanley,1,1,3a,3,2,0,0
1927,Ashington,Bradford Park Avenue,0,3,3a,3,3,-3,0
1927,Ashington,Nelson,5,1,3a,3,6,4,1
1927,Barrow,Accrington Stanley,1,0,3a,3,1,1,1
1927,Barrow,Nelson,3,1,3a,3,4,2,1
1927,Barrow,Rotherham United,1,1,3a,3,2,0,0
1927,Bradford City,Accrington Stanley,2,0,3a,3,2,2,1
1927,Bradford City,Halifax Town,0,0,3a,3,0,0,0
1927,Bradford City,Nelson,9,1,3a,3,10,8,1
1927,Bradford City,Rotherham United,3,1,3a,3,4,2,1
1927,Bradford City,Tranmere Rovers,3,1,3a,3,4,2,1
1927,Bradford Park Avenue,Accrington Stanley,3,3,3a,3,6,0,0
1927,Bradford Park Avenue,Darlington,6,3,3a,3,9,3,1
1927,Bradford Park Avenue,Halifax Town,3,2,3a,3,5,1,1
1927,Bradford Park Avenue,Rotherham United,3,1,3a,3,4,2,1
1927,Bradford Park Avenue,Tranmere Rovers,6,2,3a,3,8,4,1
1927,Chesterfield,Accrington Stanley,3,1,3a,3,4,2,1
1927,Chesterfield,Bradford City,2,0,3a,3,2,2,1
1927,Chesterfield,Darlington,1,3,3a,3,4,-2,0
1927,Chesterfield,Halifax Town,3,0,3a,3,3,3,1
1927,Chesterfield,Rotherham United,2,5,3a,3,7,-3,0
1927,Crewe Alexandra,Bradford City,2,1,3a,3,3,1,1
1927,Crewe Alexandra,Halifax Town,1,1,3a,3,2,0,0
1927,Crewe Alexandra,Rotherham United,3,2,3a,3,5,1,1
1927,Crewe Alexandra,Tranmere Rovers,2,3,3a,3,5,-1,0
1927,Darlington,Nelson,4,1,3a,3,5,3,1
1927,Darlington,Rotherham United,4,1,3a,3,5,3,1
1927,Darlington,Tranmere Rovers,3,7,3a,3,10,-4,0
1927,Doncaster Rovers,Halifax Town,1,1,3a,3,2,0,0
1927,Doncaster Rovers,Tranmere Rovers,5,2,3a,3,7,3,1
1927,Durham City,Rotherham United,1,4,3a,3,5,-3,0
1927,Durham City,Tranmere Rovers,1,3,3a,3,4,-2,0
1927,Halifax Town,Bradford City,2,1,3a,3,3,1,1
1927,Halifax Town,Crewe Alexandra,0,0,3a,3,0,0,0
1927,Halifax Town,Nelson,5,1,3a,3,6,4,1
1927,Halifax Town,Tranmere Rovers,2,2,3a,3,4,0,0
1927,Hartlepool United,Nelson,4,5,3a,3,9,-1,0
1927,Hartlepool United,Rotherham United,1,3,3a,3,4,-2,0
1927,Lincoln City,Bradford City,2,2,3a,3,4,0,0
1927,Lincoln City,Durham City,2,1,3a,3,3,1,1
1927,Lincoln City,Nelson,0,0,3a,3,0,0,0
1927,Lincoln City,Rotherham United,4,1,3a,3,5,3,1
1927,Lincoln City,Tranmere Rovers,1,1,3a,3,2,0,0
1927,Nelson,Bradford City,0,3,3a,3,3,-3,0
1927,Nelson,Tranmere Rovers,3,5,3a,3,8,-2,0
1927,New Brighton,Accrington Stanley,3,1,3a,3,4,2,1
1927,New Brighton,Rotherham United,1,1,3a,3,2,0,0
1927,Rochdale,Accrington Stanley,3,2,3a,3,5,1,1
1927,Rochdale,Crewe Alexandra,4,0,3a,3,4,4,1
1927,Rochdale,Durham City,1,0,3a,3,1,1,1
1927,Rochdale,Lincoln City,0,3,3a,3,3,-3,0
1927,Rochdale,Rotherham United,2,1,3a,3,3,1,1
1927,Rotherham United,Accrington Stanley,2,1,3a,3,3,1,1
1927,Rotherham United,Bradford City,0,0,3a,3,0,0,0
1927,Rotherham United,Crewe Alexandra,2,0,3a,3,2,2,1
1927,Rotherham United,Durham City,1,1,3a,3,2,0,0
1927,Rotherham United,Lincoln City,2,4,3a,3,6,-2,0
1927,Rotherham United,Rochdale,3,1,3a,3,4,2,1
1927,Southport,Accrington Stanley,5,0,3a,3,5,5,1
1927,Southport,Bradford City,5,1,3a,3,6,4,1
1927,Southport,Crewe Alexandra,3,2,3a,3,5,1,1
1927,Southport,Durham City,3,1,3a,3,4,2,1
1927,Southport,Rochdale,3,1,3a,3,4,2,1
1927,Southport,Tranmere Rovers,0,1,3a,3,1,-1,0
1927,Stockport County,Accrington Stanley,3,3,3a,3,6,0,0
1927,Stockport County,Bradford City,3,0,3a,3,3,3,1
1927,Stockport County,Rochdale,5,1,3a,3,6,4,1
1927,Stockport County,Tranmere Rovers,1,0,3a,3,1,1,1
1927,Tranmere Rovers,Bradford City,2,1,3a,3,3,1,1
1927,Tranmere Rovers,Lincoln City,2,2,3a,3,4,0,0
1927,Tranmere Rovers,Rochdale,3,0,3a,3,3,3,1
1927,Wigan Borough,Accrington Stanley,2,0,3a,3,2,2,1
1927,Wigan Borough,Bradford City,2,2,3a,3,4,0,0
1927,Wigan Borough,Lincoln City,1,3,3a,3,4,-2,0
1927,Wrexham,Accrington Stanley,0,1,3a,3,1,-1,0
1927,Wrexham,Bradford City,1,0,3a,3,1,1,1
1927,Wrexham,Crewe Alexandra,2,0,3a,3,2,2,1
1927,Wrexham,Durham City,4,0,3a,3,4,4,1
1927,Wrexham,Stockport County,1,0,3a,3,1,1,1
1927,AFC Bournemouth,Charlton Athletic,3,1,3b,3,4,2,1
1927,AFC Bournemouth,Merthyr Town,2,1,3b,3,3,1,1
1927,AFC Bournemouth,Queens Park Rangers,1,2,3b,3,3,-1,0
1927,AFC Bournemouth,Torquay United,1,1,3b,3,2,0,0
1927,Brentford,AFC Bournemouth,2,1,3b,3,3,1,1
1927,Brentford,Northampton Town,3,0,3b,3,3,3,1
1927,Brighton & Hove Albion,Charlton Athletic,2,2,3b,3,4,0,0
1927,Brighton & Hove Albion,Merthyr Town,5,0,3b,3,5,5,1
1927,Brighton & Hove Albion,Northampton Town,2,1,3b,3,3,1,1
1927,Brighton & Hove Albion,Queens Park Rangers,1,3,3b,3,4,-2,0
1927,Bristol Rovers,Charlton Athletic,2,1,3b,3,3,1,1
1927,Bristol Rovers,Merthyr Town,2,1,3b,3,3,1,1
1927,Bristol Rovers,Northampton Town,2,2,3b,3,4,0,0
1927,Charlton Athletic,Bristol Rovers,2,1,3b,3,3,1,1
1927,Charlton Athletic,Exeter City,0,0,3b,3,0,0,0
1927,Charlton Athletic,Northampton Town,2,2,3b,3,4,0,0
1927,Charlton Athletic,Queens Park Rangers,1,0,3b,3,1,1,1
1927,Charlton Athletic,Torquay United,1,0,3b,3,1,1,1
1927,Coventry City,AFC Bournemouth,3,2,3b,3,5,1,1
1927,Coventry City,Bristol Rovers,2,3,3b,3,5,-1,0
1927,Coventry City,Merthyr Town,1,2,3b,3,3,-1,0
1927,Coventry City,Queens Park Rangers,0,0,3b,3,0,0,0
1927,Crystal Palace,Merthyr Town,2,0,3b,3,2,2,1
1927,Crystal Palace,Torquay United,3,2,3b,3,5,1,1
1927,Exeter City,AFC Bournemouth,4,1,3b,3,5,3,1
1927,Exeter City,Bristol Rovers,4,1,3b,3,5,3,1
1927,Exeter City,Merthyr Town,2,0,3b,3,2,2,1
1927,Exeter City,Northampton Town,1,1,3b,3,2,0,0
1927,Exeter City,Queens Park Rangers,4,0,3b,3,4,4,1
1927,Exeter City,Torquay United,5,0,3b,3,5,5,1
1927,Gillingham,Northampton Town,1,3,3b,3,4,-2,0
1927,Luton Town,Crystal Palace,6,1,3b,3,7,5,1
1927,Luton Town,Northampton Town,2,0,3b,3,2,2,1
1927,Luton Town,Torquay United,5,0,3b,3,5,5,1
1927,Merthyr Town,AFC Bournemouth,1,1,3b,3,2,0,0
1927,Merthyr Town,Bristol Rovers,2,3,3b,3,5,-1,0
1927,Merthyr Town,Crystal Palace,2,2,3b,3,4,0,0
1927,Merthyr Town,Luton Town,0,0,3b,3,0,0,0
1927,Merthyr Town,Northampton Town,1,3,3b,3,4,-2,0
1927,Merthyr Town,Queens Park Rangers,0,4,3b,3,4,-4,0
1927,Merthyr Town,Torquay United,1,3,3b,3,4,-2,0
1927,Millwall,AFC Bournemouth,2,0,3b,3,2,2,1
1927,Millwall,Northampton Town,3,0,3b,3,3,3,1
1927,Millwall,Torquay United,9,1,3b,3,10,8,1
1927,Newport County,AFC Bournemouth,4,3,3b,3,7,1,1
1927,Newport County,Bristol Rovers,3,1,3b,3,4,2,1
1927,Newport County,Crystal Palace,0,3,3b,3,3,-3,0
1927,Newport County,Luton Town,7,2,3b,3,9,5,1
1927,Newport County,Northampton Town,4,1,3b,3,5,3,1
1927,Newport County,Queens Park Rangers,1,6,3b,3,7,-5,0
1927,Newport County,Torquay United,2,2,3b,3,4,0,0
1927,Northampton Town,AFC Bournemouth,1,1,3b,3,2,0,0
1927,Northampton Town,Bristol Rovers,2,0,3b,3,2,2,1
1927,Northampton Town,Crystal Palace,1,1,3b,3,2,0,0
1927,Northampton Town,Queens Park Rangers,1,0,3b,3,1,1,1
1927,Norwich City,AFC Bournemouth,3,3,3b,3,6,0,0
1927,Norwich City,Crystal Palace,4,1,3b,3,5,3,1
1927,Norwich City,Luton Town,3,0,3b,3,3,3,1
1927,Norwich City,Newport County,1,1,3b,3,2,0,0
1927,Plymouth Argyle,AFC Bournemouth,3,1,3b,3,4,2,1
1927,Plymouth Argyle,Crystal Palace,5,1,3b,3,6,4,1
1927,Plymouth Argyle,Torquay United,4,1,3b,3,5,3,1
1927,Queens Park Rangers,AFC Bournemouth,2,0,3b,3,2,2,1
1927,Queens Park Rangers,Bristol Rovers,4,2,3b,3,6,2,1
1927,Queens Park Rangers,Newport County,4,2,3b,3,6,2,1
1927,Southend United,Luton Town,1,0,3b,3,1,1,1
1927,Southend United,Plymouth Argyle,3,0,3b,3,3,3,1
1927,Swindon Town,AFC Bournemouth,3,2,3b,3,5,1,1
1927,Swindon Town,Newport County,4,1,3b,3,5,3,1
1927,Swindon Town,Torquay United,2,2,3b,3,4,0,0
1927,Torquay United,Bristol Rovers,0,0,3b,3,0,0,0
1927,Torquay United,Crystal Palace,0,2,3b,3,2,-2,0
1927,Torquay United,Luton Town,0,4,3b,3,4,-4,0
1927,Torquay United,Plymouth Argyle,1,2,3b,3,3,-1,0
1927,Torquay United,Swindon Town,2,1,3b,3,3,1,1
1927,Walsall,AFC Bournemouth,2,3,3b,3,5,-1,0
1927,Walsall,Bristol Rovers,1,2,3b,3,3,-1,0
1927,Walsall,Luton Town,4,1,3b,3,5,3,1
1927,Walsall,Swindon Town,1,2,3b,3,3,-1,0
1927,Watford,Bristol Rovers,2,1,3b,3,3,1,1
1927,Watford,Luton Town,1,0,3b,3,1,1,1
1927,Watford,Newport County,2,3,3b,3,5,-1,0
1927,Watford,Swindon Town,2,5,3b,3,7,-3,0
1928,Arsenal,Bolton Wanderers,2,0,1,1,2,2,1
1928,Arsenal,Cardiff City,2,1,1,1,3,1,1
1928,Arsenal,Huddersfield Town,2,0,1,1,2,2,1
1928,Arsenal,Newcastle United,1,2,1,1,3,-1,0
1928,Arsenal,Sheffield Wednesday,2,2,1,1,4,0,0
1928,Aston Villa,Bolton Wanderers,3,5,1,1,8,-2,0
1928,Aston Villa,Liverpool,3,1,1,1,4,2,1
1928,Aston Villa,Newcastle United,1,1,1,1,2,0,0
1928,Aston Villa,Sheffield Wednesday,4,1,1,1,5,3,1
1928,Birmingham City,Arsenal,1,1,1,1,2,0,0
1928,Birmingham City,Liverpool,0,0,1,1,0,0,0
1928,Birmingham City,Newcastle United,0,0,1,1,0,0,0
1928,Birmingham City,Sheffield Wednesday,4,1,1,1,5,3,1
1928,Blackburn Rovers,Cardiff City,2,0,1,1,2,2,1
1928,Blackburn Rovers,Liverpool,2,1,1,1,3,1,1
1928,Bolton Wanderers,Arsenal,1,2,1,1,3,-1,0
1928,Bolton Wanderers,Huddersfield Town,1,1,1,1,2,0,0
1928,Bolton Wanderers,Sheffield Wednesday,2,2,1,1,4,0,0
1928,Burnley,Arsenal,3,3,1,1,6,0,0
1928,Burnley,Blackburn Rovers,2,2,1,1,4,0,0
1928,Burnley,Newcastle United,4,3,1,1,7,1,1
1928,Bury,Arsenal,1,0,1,1,1,1,1
1928,Bury,Huddersfield Town,2,1,1,1,3,1,1
1928,Bury,Sheffield Wednesday,0,4,1,1,4,-4,0
1928,Cardiff City,Blackburn Rovers,1,1,1,1,2,0,0
1928,Cardiff City,Bury,4,0,1,1,4,4,1
1928,Cardiff City,Huddersfield Town,0,0,1,1,0,0,0
1928,Cardiff City,Liverpool,1,2,1,1,3,-1,0
1928,Cardiff City,Newcastle United,2,0,1,1,2,2,1
1928,Derby County,Blackburn Rovers,5,1,1,1,6,4,1
1928,Derby County,Huddersfield Town,1,2,1,1,3,-1,0
1928,Derby County,Liverpool,2,5,1,1,7,-3,0
1928,Everton,Blackburn Rovers,5,2,1,1,7,3,1
1928,Everton,Liverpool,1,0,1,1,1,1,1
1928,Everton,Newcastle United,5,2,1,1,7,3,1
1928,Huddersfield Town,Blackburn Rovers,0,2,1,1,2,-2,0
1928,Huddersfield Town,Everton,3,1,1,1,4,2,1
1928,Huddersfield Town,Newcastle United,2,1,1,1,3,1,1
1928,Leeds United,Blackburn Rovers,0,1,1,1,1,-1,0
1928,Leeds United,Everton,3,1,1,1,4,2,1
1928,Leeds United,Sheffield Wednesday,0,2,1,1,2,-2,0
1928,Liverpool,Bury,3,0,1,1,3,3,1
1928,Liverpool,Everton,1,2,1,1,3,-1,0
1928,Liverpool,Leicester City,6,3,1,1,9,3,1
1928,Manchester City,Arsenal,4,1,1,1,5,3,1
1928,Manchester City,Blackburn Rovers,1,2,1,1,3,-1,0
1928,Manchester City,Bury,6,4,1,1,10,2,1
1928,Manchester City,Newcastle United,2,4,1,1,6,-2,0
1928,Manchester City,Sheffield Wednesday,2,2,1,1,4,0,0
1928,Manchester United,Arsenal,4,1,1,1,5,3,1
1928,Manchester United,Bury,1,0,1,1,1,1,1
1928,Manchester United,Everton,1,1,1,1,2,0,0
1928,Manchester United,Newcastle United,5,0,1,1,5,5,1
1928,Manchester United,Sheffield Wednesday,2,1,1,1,3,1,1
1928,Newcastle United,Arsenal,0,3,1,1,3,-3,0
1928,Newcastle United,Blackburn Rovers,0,2,1,1,2,-2,0
1928,Newcastle United,Bury,2,1,1,1,3,1,1
1928,Newcastle United,Everton,2,0,1,1,2,2,1
1928,Portsmouth,Arsenal,2,0,1,1,2,2,1
1928,Portsmouth,Bury,4,1,1,1,5,3,1
1928,Portsmouth,Everton,3,0,1,1,3,3,1
1928,Portsmouth,Leicester City,1,0,1,1,1,1,1
1928,Portsmouth,Sheffield Wednesday,3,2,1,1,5,1,1
1928,Sheffield United,Arsenal,2,2,1,1,4,0,0
1928,Sheffield United,Blackburn Rovers,2,1,1,1,3,1,1
1928,Sheffield United,Bury,6,1,1,1,7,5,1
1928,Sheffield United,Everton,2,1,1,1,3,1,1
1928,Sheffield United,Manchester United,6,1,1,1,7,5,1
1928,Sheffield United,Sheffield Wednesday,1,1,1,1,2,0,0
1928,Sheffield Wednesday,Blackburn Rovers,1,0,1,1,1,1,1
1928,Sunderland,Leicester City,1,2,1,1,3,-1,0
1928,Sunderland,Manchester United,5,1,1,1,6,4,1
1928,Sunderland,Sheffield United,4,4,1,1,8,0,0
1928,West Ham United,Arsenal,3,4,1,1,7,-1,0
1928,West Ham United,Blackburn Rovers,3,3,1,1,6,0,0
1928,West Ham United,Everton,2,4,1,1,6,-2,0
1928,Barnsley,Leyton Orient,2,0,2,2,2,2,1
1928,Barnsley,Nottingham Forest,1,2,2,2,3,-1,0
1928,Barnsley,Southampton,4,1,2,2,5,3,1
1928,Blackpool,Chelsea,0,1,2,2,1,-1,0
1928,Blackpool,Nottingham Forest,2,2,2,2,4,0,0
1928,Blackpool,Tottenham Hotspur,2,2,2,2,4,0,0
1928,Bradford Park Avenue,Barnsley,2,1,2,2,3,1,1
1928,Bradford Park Avenue,Chelsea,1,2,2,2,3,-1,0
1928,Bradford Park Avenue,Nottingham Forest,1,1,2,2,2,0,0
1928,Bradford Park Avenue,Tottenham Hotspur,4,1,2,2,5,3,1
1928,Bristol City,Barnsley,3,1,2,2,4,2,1
1928,Bristol City,Chelsea,0,0,2,2,0,0,0
1928,Bristol City,Leyton Orient,1,0,2,2,1,1,1
1928,Bristol City,Tottenham Hotspur,2,1,2,2,3,1,1
1928,Chelsea,Bristol City,3,0,2,2,3,3,1
1928,Chelsea,Leyton Orient,2,2,2,2,4,0,0
1928,Chelsea,Port Vale,3,3,2,2,6,0,0
1928,Chelsea,Southampton,1,1,2,2,2,0,0
1928,Chelsea,Tottenham Hotspur,1,1,2,2,2,0,0
1928,Grimsby Town,Barnsley,2,1,2,2,3,1,1
1928,Grimsby Town,Bristol City,3,2,2,2,5,1,1
1928,Grimsby Town,Nottingham Forest,2,2,2,2,4,0,0
1928,Grimsby Town,Port Vale,3,1,2,2,4,2,1
1928,Hull City,Leyton Orient,0,0,2,2,0,0,0
1928,Hull City,Nottingham Forest,0,1,2,2,1,-1,0
1928,Hull City,Port Vale,2,0,2,2,2,2,1
1928,Hull City,Southampton,2,2,2,2,4,0,0
1928,Hull City,Tottenham Hotspur,1,1,2,2,2,0,0
1928,Leyton Orient,Barnsley,3,1,2,2,4,2,1
1928,Leyton Orient,Bristol City,0,1,2,2,1,-1,0
1928,Leyton Orient,Hull City,0,2,2,2,2,-2,0
1928,Leyton Orient,Nottingham Forest,1,4,2,2,5,-3,0
1928,Leyton Orient,Southampton,1,1,2,2,2,0,0
1928,Middlesbrough,Barnsley,1,0,2,2,1,1,1
1928,Middlesbrough,Hull City,1,1,2,2,2,0,0
1928,Millwall,Bristol City,3,1,2,2,4,2,1
1928,Millwall,Nottingham Forest,1,1,2,2,2,0,0
1928,Nottingham Forest,Bristol City,1,1,2,2,2,0,0
1928,Nottingham Forest,Millwall,0,4,2,2,4,-4,0
1928,Nottingham Forest,Tottenham Hotspur,2,2,2,2,4,0,0
1928,Notts County,Millwall,4,5,2,2,9,-1,0
1928,Notts County,Port Vale,3,0,2,2,3,3,1
1928,Notts County,Tottenham Hotspur,2,0,2,2,2,2,1
1928,Oldham Athletic,Bristol City,1,0,2,2,1,1,1
1928,Oldham Athletic,Millwall,4,1,2,2,5,3,1
1928,Oldham Athletic,Tottenham Hotspur,3,1,2,2,4,2,1
1928,Port Vale,Barnsley,3,0,2,2,3,3,1
1928,Port Vale,Hull City,4,1,2,2,5,3,1
1928,Port Vale,Millwall,5,2,2,2,7,3,1
1928,Port Vale,Oldham Athletic,2,1,2,2,3,1,1
1928,Preston North End,Barnsley,2,1,2,2,3,1,1
1928,Preston North End,Southampton,0,1,2,2,1,-1,0
1928,Preston North End,Tottenham Hotspur,2,2,2,2,4,0,0
1928,Reading,Bristol City,2,1,2,2,3,1,1
1928,Reading,Oldham Athletic,6,1,2,2,7,5,1
1928,Southampton,Barnsley,1,2,2,2,3,-1,0
1928,Southampton,Hull City,3,2,2,2,5,1,1
1928,Southampton,Oldham Athletic,2,1,2,2,3,1,1
1928,Southampton,Reading,2,2,2,2,4,0,0
1928,Stoke City,Barnsley,0,0,2,2,0,0,0
1928,Stoke City,Hull City,1,1,2,2,2,0,0
1928,Stoke City,Millwall,0,0,2,2,0,0,0
1928,Stoke City,Reading,5,0,2,2,5,5,1
1928,Stoke City,Tottenham Hotspur,2,0,2,2,2,2,1
1928,Swansea City,Bristol City,0,2,2,2,2,-2,0
1928,Swansea City,Hull City,0,1,2,2,1,-1,0
1928,Swansea City,Reading,0,1,2,2,1,-1,0
1928,Swansea City,Tottenham Hotspur,4,0,2,2,4,4,1
1928,Tottenham Hotspur,Barnsley,2,0,2,2,2,2,1
1928,Tottenham Hotspur,Bristol City,1,1,2,2,2,0,0
1928,Tottenham Hotspur,Hull City,4,1,2,2,5,3,1
1928,Tottenham Hotspur,Millwall,2,1,2,2,3,1,1
1928,Tottenham Hotspur,Reading,2,2,2,2,4,0,0
1928,West Bromwich Albion,Barnsley,6,2,2,2,8,4,1
1928,West Bromwich Albion,Hull City,2,0,2,2,2,2,1
1928,West Bromwich Albion,Millwall,3,2,2,2,5,1,1
1928,West Bromwich Albion,Oldham Athletic,1,0,2,2,1,1,1
1928,West Bromwich Albion,Reading,5,0,2,2,5,5,1
1928,West Bromwich Albion,Swansea City,5,1,2,2,6,4,1
1928,Wolverhampton Wanderers,Barnsley,3,1,2,2,4,2,1
1928,Wolverhampton Wanderers,Bristol City,2,1,2,2,3,1,1
1928,Wolverhampton Wanderers,Hull City,2,4,2,2,6,-2,0
1928,Wolverhampton Wanderers,Millwall,0,1,2,2,1,-1,0
1928,Accrington Stanley,Ashington,0,1,3a,3,1,-1,0
1928,Accrington Stanley,Darlington,4,0,3a,3,4,4,1
1928,Accrington Stanley,Hartlepool United,2,2,3a,3,4,0,0
1928,Accrington Stanley,New Brighton,3,1,3a,3,4,2,1
1928,Accrington Stanley,South Shields,2,0,3a,3,2,2,1
1928,Ashington,Carlisle United,0,4,3a,3,4,-4,0
1928,Ashington,New Brighton,1,1,3a,3,2,0,0
1928,Ashington,Tranmere Rovers,3,2,3a,3,5,1,1
1928,Barrow,Hartlepool United,2,1,3a,3,3,1,1
1928,Barrow,South Shields,1,1,3a,3,2,0,0
1928,Barrow,Tranmere Rovers,1,2,3a,3,3,-1,0
1928,Bradford City,Accrington Stanley,4,1,3a,3,5,3,1
1928,Bradford City,Carlisle United,4,2,3a,3,6,2,1
1928,Bradford City,Darlington,3,0,3a,3,3,3,1
1928,Bradford City,Hartlepool United,4,1,3a,3,5,3,1
1928,Carlisle United,South Shields,5,0,3a,3,5,5,1
1928,Carlisle United,Tranmere Rovers,4,1,3a,3,5,3,1
1928,Chesterfield,Bradford City,0,5,3a,3,5,-5,0
1928,Chesterfield,Hartlepool United,4,1,3a,3,5,3,1
1928,Crewe Alexandra,Accrington Stanley,4,0,3a,3,4,4,1
1928,Crewe Alexandra,Bradford City,0,0,3a,3,0,0,0
1928,Crewe Alexandra,Darlington,2,0,3a,3,2,2,1
1928,Darlington,Bradford City,3,3,3a,3,6,0,0
1928,Darlington,Crewe Alexandra,4,2,3a,3,6,2,1
1928,Darlington,New Brighton,3,1,3a,3,4,2,1
1928,Doncaster Rovers,Accrington Stanley,4,1,3a,3,5,3,1
1928,Doncaster Rovers,Hartlepool United,4,1,3a,3,5,3,1
1928,Halifax Town,Bradford City,1,1,3a,3,2,0,0
1928,Halifax Town,Crewe Alexandra,2,2,3a,3,4,0,0
1928,Halifax Town,New Brighton,1,1,3a,3,2,0,0
1928,Hartlepool United,Accrington Stanley,1,3,3a,3,4,-2,0
1928,Hartlepool United,Bradford City,1,3,3a,3,4,-2,0
1928,Hartlepool United,Crewe Alexandra,2,1,3a,3,3,1,1
1928,Hartlepool United,New Brighton,5,2,3a,3,7,3,1
1928,Hartlepool United,South Shields,0,5,3a,3,5,-5,0
1928,Hartlepool United,Tranmere Rovers,4,1,3a,3,5,3,1
1928,Lincoln City,Accrington Stanley,3,1,3a,3,4,2,1
1928,Lincoln City,Tranmere Rovers,3,1,3a,3,4,2,1
1928,Nelson,Crewe Alexandra,4,1,3a,3,5,3,1
1928,Nelson,Halifax Town,3,1,3a,3,4,2,1
1928,Nelson,South Shields,1,0,3a,3,1,1,1
1928,Nelson,Tranmere Rovers,4,2,3a,3,6,2,1
1928,New Brighton,Accrington Stanley,2,1,3a,3,3,1,1
1928,New Brighton,Bradford City,0,3,3a,3,3,-3,0
1928,New Brighton,Crewe Alexandra,2,3,3a,3,5,-1,0
1928,New Brighton,Halifax Town,1,0,3a,3,1,1,1
1928,New Brighton,Tranmere Rovers,1,2,3a,3,3,-1,0
1928,Rochdale,Accrington Stanley,2,1,3a,3,3,1,1
1928,Rochdale,Bradford City,1,3,3a,3,4,-2,0
1928,Rotherham United,Accrington Stanley,2,1,3a,3,3,1,1
1928,Rotherham United,Crewe Alexandra,1,2,3a,3,3,-1,0
1928,Rotherham United,Halifax Town,0,0,3a,3,0,0,0
1928,Rotherham United,South Shields,1,1,3a,3,2,0,0
1928,Rotherham United,Tranmere Rovers,0,1,3a,3,1,-1,0
1928,South Shields,Accrington Stanley,3,0,3a,3,3,3,1
1928,South Shields,Bradford City,1,1,3a,3,2,0,0
1928,South Shields,Crewe Alexandra,3,0,3a,3,3,3,1
1928,South Shields,Halifax Town,2,1,3a,3,3,1,1
1928,South Shields,Nelson,3,2,3a,3,5,1,1
1928,South Shields,Tranmere Rovers,4,1,3a,3,5,3,1
1928,Southport,Crewe Alexandra,6,2,3a,3,8,4,1
1928,Southport,Halifax Town,1,0,3a,3,1,1,1
1928,Southport,Nelson,5,1,3a,3,6,4,1
1928,Southport,Rotherham United,2,0,3a,3,2,2,1
1928,Stockport County,Accrington Stanley,6,1,3a,3,7,5,1
1928,Stockport County,Bradford City,2,1,3a,3,3,1,1
1928,Stockport County,Halifax Town,3,0,3a,3,3,3,1
1928,Stockport County,Nelson,3,0,3a,3,3,3,1
1928,Tranmere Rovers,Accrington Stanley,1,1,3a,3,2,0,0
1928,Tranmere Rovers,Bradford City,1,0,3a,3,1,1,1
1928,Tranmere Rovers,Crewe Alexandra,1,2,3a,3,3,-1,0
1928,Tranmere Rovers,Halifax Town,2,1,3a,3,3,1,1
1928,Tranmere Rovers,Nelson,6,1,3a,3,7,5,1
1928,Tranmere Rovers,Rotherham United,3,0,3a,3,3,3,1
1928,Tranmere Rovers,Stockport County,2,1,3a,3,3,1,1
1928,Wigan Borough,Crewe Alexandra,4,2,3a,3,6,2,1
1928,Wigan Borough,Halifax Town,1,1,3a,3,2,0,0
1928,Wigan Borough,Nelson,1,0,3a,3,1,1,1
1928,Wrexham,Stockport County,2,1,3a,3,3,1,1
1928,AFC Bournemouth,Exeter City,3,1,3b,3,4,2,1
1928,AFC Bournemouth,Queens Park Rangers,2,3,3b,3,5,-1,0
1928,AFC Bournemouth,Torquay United,4,3,3b,3,7,1,1
1928,Brentford,Northampton Town,2,2,3b,3,4,0,0
1928,Brentford,Torquay United,0,0,3b,3,0,0,0
1928,Brighton & Hove Albion,Luton Town,1,0,3b,3,1,1,1
1928,Brighton & Hove Albion,Northampton Town,0,3,3b,3,3,-3,0
1928,Brighton & Hove Albion,Torquay United,1,2,3b,3,3,-1,0
1928,Bristol Rovers,AFC Bournemouth,1,2,3b,3,3,-1,0
1928,Bristol Rovers,Charlton Athletic,3,0,3b,3,3,3,1
1928,Bristol Rovers,Queens Park Rangers,1,1,3b,3,2,0,0
1928,Bristol Rovers,Torquay United,2,1,3b,3,3,1,1
1928,Charlton Athletic,Bristol Rovers,1,2,3b,3,3,-1,0
1928,Charlton Athletic,Exeter City,3,1,3b,3,4,2,1
1928,Charlton Athletic,Torquay United,2,0,3b,3,2,2,1
1928,Coventry City,Bristol Rovers,2,0,3b,3,2,2,1
1928,Coventry City,Exeter City,1,1,3b,3,2,0,0
1928,Coventry City,Queens Park Rangers,0,0,3b,3,0,0,0
1928,Crystal Palace,AFC Bournemouth,1,3,3b,3,4,-2,0
1928,Crystal Palace,Northampton Town,1,0,3b,3,1,1,1
1928,Crystal Palace,Queens Park Rangers,1,4,3b,3,5,-3,0
1928,Exeter City,Crystal Palace,1,2,3b,3,3,-1,0
1928,Exeter City,Northampton Town,2,0,3b,3,2,2,1
1928,Exeter City,Torquay United,1,3,3b,3,4,-2,0
1928,Fulham,Bristol Rovers,6,1,3b,3,7,5,1
1928,Gillingham,AFC Bournemouth,2,2,3b,3,4,0,0
1928,Gillingham,Luton Town,1,0,3b,3,1,1,1
1928,Gillingham,Northampton Town,2,1,3b,3,3,1,1
1928,Gillingham,Queens Park Rangers,0,0,3b,3,0,0,0
1928,Luton Town,AFC Bournemouth,2,1,3b,3,3,1,1
1928,Luton Town,Bristol Rovers,4,2,3b,3,6,2,1
1928,Luton Town,Crystal Palace,5,3,3b,3,8,2,1
1928,Luton Town,Gillingham,8,0,3b,3,8,8,1
1928,Luton Town,Northampton Town,4,0,3b,3,4,4,1
1928,Luton Town,Torquay United,1,2,3b,3,3,-1,0
1928,Merthyr Town,AFC Bournemouth,1,0,3b,3,1,1,1
1928,Merthyr Town,Bristol Rovers,4,0,3b,3,4,4,1
1928,Merthyr Town,Crystal Palace,2,2,3b,3,4,0,0
1928,Merthyr Town,Northampton Town,2,2,3b,3,4,0,0
1928,Merthyr Town,Torquay United,3,0,3b,3,3,3,1
1928,Newport County,Crystal Palace,1,3,3b,3,4,-2,0
1928,Newport County,Queens Park Rangers,0,0,3b,3,0,0,0
1928,Newport County,Torquay United,4,1,3b,3,5,3,1
1928,Northampton Town,AFC Bournemouth,2,0,3b,3,2,2,1
1928,Northampton Town,Crystal Palace,8,1,3b,3,9,7,1
1928,Northampton Town,Queens Park Rangers,4,2,3b,3,6,2,1
1928,Northampton Town,Torquay United,6,1,3b,3,7,5,1
1928,Norwich City,Crystal Palace,0,1,3b,3,1,-1,0
1928,Norwich City,Queens Park Rangers,3,1,3b,3,4,2,1
1928,Plymouth Argyle,Bristol Rovers,2,0,3b,3,2,2,1
1928,Plymouth Argyle,Newport County,5,2,3b,3,7,3,1
1928,Plymouth Argyle,Queens Park Rangers,1,2,3b,3,3,-1,0
1928,Queens Park Rangers,Bristol Rovers,0,3,3b,3,3,-3,0
1928,Queens Park Rangers,Newport County,0,0,3b,3,0,0,0
1928,Queens Park Rangers,Plymouth Argyle,2,0,3b,3,2,2,1
1928,Queens Park Rangers,Torquay United,5,1,3b,3,6,4,1
1928,Southend United,AFC Bournemouth,4,4,3b,3,8,0,0
1928,Swindon Town,Bristol Rovers,2,1,3b,3,3,1,1
1928,Torquay United,Bristol Rovers,0,1,3b,3,1,-1,0
1928,Walsall,AFC Bournemouth,2,1,3b,3,3,1,1
1928,Walsall,Bristol Rovers,1,3,3b,3,4,-2,0
1928,Walsall,Crystal Palace,3,1,3b,3,4,2,1
1928,Walsall,Plymouth Argyle,1,1,3b,3,2,0,0
1928,Walsall,Swindon Town,1,1,3b,3,2,0,0
1928,Watford,Bristol Rovers,1,0,3b,3,1,1,1
1928,Watford,Gillingham,1,0,3b,3,1,1,1
1928,Watford,Plymouth Argyle,6,3,3b,3,9,3,1
1928,Watford,Swindon Town,3,2,3b,3,5,1,1
1929,Arsenal,Leeds United,4,0,1,1,4,4,1
1929,Arsenal,Manchester City,3,2,1,1,5,1,1
1929,Arsenal,Sheffield Wednesday,2,3,1,1,5,-1,0
1929,Aston Villa,Arsenal,5,2,1,1,7,3,1
1929,Aston Villa,Bolton Wanderers,2,0,1,1,2,2,1
1929,Aston Villa,Everton,5,2,1,1,7,3,1
1929,Aston Villa,Leeds United,3,4,1,1,7,-1,0
1929,Birmingham City,Arsenal,2,3,1,1,5,-1,0
1929,Birmingham City,Newcastle United,5,1,1,1,6,4,1
1929,Birmingham City,Sheffield Wednesday,1,0,1,1,1,1,1
1929,Blackburn Rovers,Arsenal,1,1,1,1,2,0,0
1929,Blackburn Rovers,Everton,3,1,1,1,4,2,1
1929,Blackburn Rovers,Manchester City,1,3,1,1,4,-2,0
1929,Blackburn Rovers,Sheffield Wednesday,0,1,1,1,1,-1,0
1929,Bolton Wanderers,Blackburn Rovers,2,1,1,1,3,1,1
1929,Bolton Wanderers,Leeds United,4,2,1,1,6,2,1
1929,Burnley,Everton,1,1,1,1,2,0,0
1929,Burnley,Manchester City,4,2,1,1,6,2,1
1929,Burnley,Newcastle United,0,3,1,1,3,-3,0
1929,Burnley,Sheffield Wednesday,2,4,1,1,6,-2,0
1929,Derby County,Blackburn Rovers,4,3,1,1,7,1,1
1929,Derby County,Everton,2,1,1,1,3,1,1
1929,Derby County,Leeds United,3,0,1,1,3,3,1
1929,Derby County,Manchester City,4,2,1,1,6,2,1
1929,Derby County,Sheffield Wednesday,4,1,1,1,5,3,1
1929,Everton,Derby County,4,0,1,1,4,4,1
1929,Everton,Leeds United,1,1,1,1,2,0,0
1929,Everton,Manchester City,2,3,1,1,5,-1,0
1929,Everton,Sheffield Wednesday,1,4,1,1,5,-3,0
1929,Grimsby Town,Blackburn Rovers,5,3,1,1,8,2,1
1929,Grimsby Town,Derby County,2,1,1,1,3,1,1
1929,Grimsby Town,Leeds United,1,2,1,1,3,-1,0
1929,Huddersfield Town,Arsenal,2,2,1,1,4,0,0
1929,Huddersfield Town,Blackburn Rovers,0,0,1,1,0,0,0
1929,Huddersfield Town,Derby County,0,1,1,1,1,-1,0
1929,Huddersfield Town,Manchester City,1,1,1,1,2,0,0
1929,Huddersfield Town,Newcastle United,2,0,1,1,2,2,1
1929,Huddersfield Town,Sheffield Wednesday,4,1,1,1,5,3,1
1929,Leeds United,Derby County,2,1,1,1,3,1,1
1929,Leeds United,Manchester City,3,2,1,1,5,1,1
1929,Leeds United,Sheffield Wednesday,3,0,1,1,3,3,1
1929,Leicester City,Derby County,0,0,1,1,0,0,0
1929,Liverpool,Blackburn Rovers,1,1,1,1,2,0,0
1929,Liverpool,Derby County,2,2,1,1,4,0,0
1929,Liverpool,Manchester City,1,6,1,1,7,-5,0
1929,Liverpool,Sheffield Wednesday,1,3,1,1,4,-2,0
1929,Manchester City,Huddersfield Town,1,1,1,1,2,0,0
1929,Manchester City,Liverpool,4,3,1,1,7,1,1
1929,Manchester City,Newcastle United,3,0,1,1,3,3,1
1929,Manchester City,Sheffield Wednesday,3,3,1,1,6,0,0
1929,Manchester United,Newcastle United,5,0,1,1,5,5,1
1929,Middlesbrough,Liverpool,5,0,1,1,5,5,1
1929,Middlesbrough,Newcastle United,2,2,1,1,4,0,0
1929,Middlesbrough,Sheffield Wednesday,4,1,1,1,5,3,1
1929,Newcastle United,Arsenal,1,1,1,1,2,0,0
1929,Newcastle United,Blackburn Rovers,5,1,1,1,6,4,1
1929,Newcastle United,Derby County,2,3,1,1,5,-1,0
1929,Newcastle United,Middlesbrough,3,2,1,1,5,1,1
1929,Portsmouth,Derby County,3,1,1,1,4,2,1
1929,Portsmouth,Huddersfield Town,0,1,1,1,1,-1,0
1929,Sheffield United,Huddersfield Town,0,1,1,1,1,-1,0
1929,Sheffield Wednesday,Arsenal,0,2,1,1,2,-2,0
1929,Sheffield Wednesday,Middlesbrough,1,0,1,1,1,1,1
1929,Sheffield Wednesday,Sheffield United,1,1,1,1,2,0,0
1929,Sunderland,Sheffield United,3,2,1,1,5,1,1
1929,West Ham United,Arsenal,3,2,1,1,5,1,1
1929,West Ham United,Huddersfield Town,2,3,1,1,5,-1,0
1929,West Ham United,Liverpool,4,1,1,1,5,3,1
1929,West Ham United,Middlesbrough,5,3,1,1,8,2,1
1929,West Ham United,Sheffield United,1,0,1,1,1,1,1
1929,Barnsley,Bristol City,3,1,2,2,4,2,1
1929,Barnsley,Millwall,1,2,2,2,3,-1,0
1929,Barnsley,Oldham Athletic,2,1,2,2,3,1,1
1929,Barnsley,Southampton,3,1,2,2,4,2,1
1929,Blackpool,Barnsley,2,1,2,2,3,1,1
1929,Blackpool,Bristol City,7,1,2,2,8,6,1
1929,Blackpool,Charlton Athletic,6,0,2,2,6,6,1
1929,Blackpool,Oldham Athletic,3,0,2,2,3,3,1
1929,Bradford City,Bristol City,3,0,2,2,3,3,1
1929,Bradford City,Charlton Athletic,4,1,2,2,5,3,1
1929,Bradford City,Millwall,1,1,2,2,2,0,0
1929,Bradford City,Tottenham Hotspur,0,2,2,2,2,-2,0
1929,Bradford Park Avenue,Barnsley,4,4,2,2,8,0,0
1929,Bradford Park Avenue,Bristol City,3,1,2,2,4,2,1
1929,Bradford Park Avenue,Charlton Athletic,4,0,2,2,4,4,1
1929,Bradford Park Avenue,Millwall,6,0,2,2,6,6,1
1929,Bradford Park Avenue,Southampton,1,1,2,2,2,0,0
1929,Bradford Park Avenue,Tottenham Hotspur,2,1,2,2,3,1,1
1929,Bristol City,Barnsley,2,1,2,2,3,1,1
1929,Bristol City,Charlton Athletic,1,1,2,2,2,0,0
1929,Bristol City,Southampton,3,1,2,2,4,2,1
1929,Bury,Barnsley,2,1,2,2,3,1,1
1929,Bury,Bradford Park Avenue,5,1,2,2,6,4,1
1929,Bury,Millwall,5,1,2,2,6,4,1
1929,Bury,Oldham Athletic,0,2,2,2,2,-2,0
1929,Cardiff City,Barnsley,1,0,2,2,1,1,1
1929,Cardiff City,Charlton Athletic,1,0,2,2,1,1,1
1929,Charlton Athletic,Barnsley,2,0,2,2,2,2,1
1929,Charlton Athletic,Bradford Park Avenue,2,0,2,2,2,2,1
1929,Charlton Athletic,Cardiff City,4,1,2,2,5,3,1
1929,Charlton Athletic,Oldham Athletic,1,1,2,2,2,0,0
1929,Charlton Athletic,Tottenham Hotspur,1,0,2,2,1,1,1
1929,Chelsea,Barnsley,2,0,2,2,2,2,1
1929,Chelsea,Bradford Park Avenue,1,2,2,2,3,-1,0
1929,Chelsea,Oldham Athletic,1,1,2,2,2,0,0
1929,Chelsea,Southampton,2,0,2,2,2,2,1
1929,Hull City,Barnsley,2,0,2,2,2,2,1
1929,Hull City,Bradford Park Avenue,0,2,2,2,2,-2,0
1929,Hull City,Millwall,3,2,2,2,5,1,1
1929,Hull City,Southampton,2,0,2,2,2,2,1
1929,Hull City,Tottenham Hotspur,2,0,2,2,2,2,1
1929,Millwall,Barnsley,2,1,2,2,3,1,1
1929,Millwall,Cardiff City,2,0,2,2,2,2,1
1929,Millwall,Hull City,0,0,2,2,0,0,0
1929,Nottingham Forest,Barnsley,4,0,2,2,4,4,1
1929,Nottingham Forest,Tottenham Hotspur,0,0,2,2,0,0,0
1929,Notts County,Barnsley,3,0,2,2,3,3,1
1929,Notts County,Bradford Park Avenue,1,1,2,2,2,0,0
1929,Notts County,Cardiff City,2,1,2,2,3,1,1
1929,Notts County,Hull City,4,1,2,2,5,3,1
1929,Notts County,Tottenham Hotspur,0,1,2,2,1,-1,0
1929,Oldham Athletic,Barnsley,3,2,2,2,5,1,1
1929,Oldham Athletic,Notts County,2,2,2,2,4,0,0
1929,Oldham Athletic,Southampton,3,2,2,2,5,1,1
1929,Preston North End,Bradford Park Avenue,4,1,2,2,5,3,1
1929,Preston North End,Notts County,3,1,2,2,4,2,1
1929,Reading,Cardiff City,2,0,2,2,2,2,1
1929,Reading,Hull City,1,1,2,2,2,0,0
1929,Reading,Tottenham Hotspur,3,0,2,2,3,3,1
1929,Southampton,Barnsley,4,0,2,2,4,4,1
1929,Southampton,Cardiff City,1,1,2,2,2,0,0
1929,Southampton,Notts County,2,2,2,2,4,0,0
1929,Southampton,Reading,4,3,2,2,7,1,1
1929,Southampton,Tottenham Hotspur,1,0,2,2,1,1,1
1929,Stoke City,Barnsley,3,0,2,2,3,3,1
1929,Stoke City,Cardiff City,1,1,2,2,2,0,0
1929,Stoke City,Hull City,3,1,2,2,4,2,1
1929,Stoke City,Notts County,1,1,2,2,2,0,0
1929,Stoke City,Tottenham Hotspur,1,0,2,2,1,1,1
1929,Swansea City,Bradford Park Avenue,2,4,2,2,6,-2,0
1929,Swansea City,Hull City,2,0,2,2,2,2,1
1929,Swansea City,Reading,0,1,2,2,1,-1,0
1929,Tottenham Hotspur,Cardiff City,1,2,2,2,3,-1,0
1929,Tottenham Hotspur,Hull City,2,2,2,2,4,0,0
1929,Tottenham Hotspur,Notts County,2,0,2,2,2,2,1
1929,Tottenham Hotspur,Reading,0,0,2,2,0,0,0
1929,Tottenham Hotspur,Swansea City,3,0,2,2,3,3,1
1929,West Bromwich Albion,Bradford Park Avenue,5,0,2,2,5,5,1
1929,West Bromwich Albion,Hull City,7,1,2,2,8,6,1
1929,West Bromwich Albion,Reading,1,0,2,2,1,1,1
1929,West Bromwich Albion,Swansea City,6,2,2,2,8,4,1
1929,Wolverhampton Wanderers,Bradford Park Avenue,4,4,2,2,8,0,0
1929,Wolverhampton Wanderers,Cardiff City,4,0,2,2,4,4,1
1929,Accrington Stanley,Nelson,3,0,3a,3,3,3,1
1929,Accrington Stanley,Rochdale,6,2,3a,3,8,4,1
1929,Accrington Stanley,Wigan Borough,3,1,3a,3,4,2,1
1929,Barrow,Accrington Stanley,3,1,3a,3,4,2,1
1929,Barrow,Crewe Alexandra,1,0,3a,3,1,1,1
1929,Barrow,Southport,0,2,3a,3,2,-2,0
1929,Barrow,Wigan Borough,4,1,3a,3,5,3,1
1929,Carlisle United,Nelson,2,2,3a,3,4,0,0
1929,Carlisle United,Southport,4,0,3a,3,4,4,1
1929,Carlisle United,Wigan Borough,5,0,3a,3,5,5,1
1929,Chesterfield,Nelson,3,0,3a,3,3,3,1
1929,Crewe Alexandra,Chesterfield,2,1,3a,3,3,1,1
1929,Crewe Alexandra,Halifax Town,4,1,3a,3,5,3,1
1929,Crewe Alexandra,Nelson,4,0,3a,3,4,4,1
1929,Crewe Alexandra,Rochdale,6,1,3a,3,7,5,1
1929,Darlington,Accrington Stanley,2,4,3a,3,6,-2,0
1929,Darlington,Chesterfield,1,4,3a,3,5,-3,0
1929,Darlington,Halifax Town,3,2,3a,3,5,1,1
1929,Darlington,Nelson,6,1,3a,3,7,5,1
1929,Darlington,Southport,2,1,3a,3,3,1,1
1929,Doncaster Rovers,Accrington Stanley,3,1,3a,3,4,2,1
1929,Doncaster Rovers,Chesterfield,2,1,3a,3,3,1,1
1929,Doncaster Rovers,Halifax Town,1,0,3a,3,1,1,1
1929,Doncaster Rovers,Nelson,3,0,3a,3,3,3,1
1929,Doncaster Rovers,Southport,3,1,3a,3,4,2,1
1929,Doncaster Rovers,Wigan Borough,4,2,3a,3,6,2,1
1929,Halifax Town,Accrington Stanley,1,1,3a,3,2,0,0
1929,Halifax Town,Doncaster Rovers,1,0,3a,3,1,1,1
1929,Halifax Town,Rochdale,2,3,3a,3,5,-1,0
1929,Halifax Town,Southport,1,1,3a,3,2,0,0
1929,Halifax Town,Wigan Borough,2,1,3a,3,3,1,1
1929,Hartlepool United,Accrington Stanley,2,2,3a,3,4,0,0
1929,Hartlepool United,Doncaster Rovers,3,0,3a,3,3,3,1
1929,Hartlepool United,Nelson,1,2,3a,3,3,-1,0
1929,Hartlepool United,Rochdale,2,8,3a,3,10,-6,0
1929,Hartlepool United,Wigan Borough,4,0,3a,3,4,4,1
1929,Lincoln City,Accrington Stanley,3,3,3a,3,6,0,0
1929,Lincoln City,Doncaster Rovers,3,1,3a,3,4,2,1
1929,Lincoln City,Nelson,4,1,3a,3,5,3,1
1929,Lincoln City,Rochdale,0,0,3a,3,0,0,0
1929,Lincoln City,Southport,1,1,3a,3,2,0,0
1929,Lincoln City,Wigan Borough,2,0,3a,3,2,2,1
1929,Nelson,Accrington Stanley,2,1,3a,3,3,1,1
1929,Nelson,Chesterfield,0,2,3a,3,2,-2,0
1929,Nelson,Doncaster Rovers,4,1,3a,3,5,3,1
1929,New Brighton,Accrington Stanley,5,0,3a,3,5,5,1
1929,New Brighton,Rochdale,2,0,3a,3,2,2,1
1929,Port Vale,Accrington Stanley,5,2,3a,3,7,3,1
1929,Port Vale,Rochdale,3,3,3a,3,6,0,0
1929,Port Vale,Wigan Borough,4,0,3a,3,4,4,1
1929,Rochdale,Accrington Stanley,4,0,3a,3,4,4,1
1929,Rochdale,Chesterfield,2,1,3a,3,3,1,1
1929,Rotherham United,Accrington Stanley,2,4,3a,3,6,-2,0
1929,Rotherham United,Chesterfield,1,1,3a,3,2,0,0
1929,Rotherham United,Doncaster Rovers,1,0,3a,3,1,1,1
1929,Rotherham United,Port Vale,2,2,3a,3,4,0,0
1929,Rotherham United,Southport,6,3,3a,3,9,3,1
1929,Rotherham United,Wigan Borough,4,1,3a,3,5,3,1
1929,South Shields,Accrington Stanley,2,2,3a,3,4,0,0
1929,South Shields,Chesterfield,3,1,3a,3,4,2,1
1929,South Shields,Lincoln City,3,1,3a,3,4,2,1
1929,South Shields,Southport,4,0,3a,3,4,4,1
1929,South Shields,Wigan Borough,2,2,3a,3,4,0,0
1929,Southport,Chesterfield,5,1,3a,3,6,4,1
1929,Southport,Doncaster Rovers,1,1,3a,3,2,0,0
1929,Southport,South Shields,2,1,3a,3,3,1,1
1929,Stockport County,Chesterfield,1,0,3a,3,1,1,1
1929,Stockport County,Port Vale,4,2,3a,3,6,2,1
1929,Stockport County,Wigan Borough,1,1,3a,3,2,0,0
1929,Tranmere Rovers,Accrington Stanley,2,2,3a,3,4,0,0
1929,Tranmere Rovers,Doncaster Rovers,2,1,3a,3,3,1,1
1929,Tranmere Rovers,Lincoln City,0,1,3a,3,1,-1,0
1929,Tranmere Rovers,Port Vale,1,5,3a,3,6,-4,0
1929,Tranmere Rovers,South Shields,3,0,3a,3,3,3,1
1929,Tranmere Rovers,Wigan Borough,3,0,3a,3,3,3,1
1929,Wigan Borough,Port Vale,0,3,3a,3,3,-3,0
1929,Wrexham,Doncaster Rovers,0,2,3a,3,2,-2,0
1929,Wrexham,Lincoln City,3,1,3a,3,4,2,1
1929,Wrexham,Port Vale,0,2,3a,3,2,-2,0
1929,Wrexham,Tranmere Rovers,2,0,3a,3,2,2,1
1929,York City,Accrington Stanley,2,0,3a,3,2,2,1
1929,York City,Chesterfield,1,1,3a,3,2,0,0
1929,York City,Lincoln City,1,0,3a,3,1,1,1
1929,York City,Tranmere Rovers,0,0,3a,3,0,0,0
1929,AFC Bournemouth,Brentford,1,2,3b,3,3,-1,0
1929,AFC Bournemouth,Fulham,5,0,3b,3,5,5,1
1929,AFC Bournemouth,Northampton Town,3,1,3b,3,4,2,1
1929,AFC Bournemouth,Torquay United,4,1,3b,3,5,3,1
1929,Brentford,AFC Bournemouth,1,0,3b,3,1,1,1
1929,Brentford,Northampton Town,2,0,3b,3,2,2,1
1929,Brighton & Hove Albion,Luton Town,4,1,3b,3,5,3,1
1929,Brighton & Hove Albion,Torquay United,5,0,3b,3,5,5,1
1929,Bristol Rovers,Coventry City,1,3,3b,3,4,-2,0
1929,Bristol Rovers,Northampton Town,2,3,3b,3,5,-1,0
1929,Bristol Rovers,Queens Park Rangers,4,1,3b,3,5,3,1
1929,Bristol Rovers,Torquay United,2,0,3b,3,2,2,1
1929,Coventry City,AFC Bournemouth,0,2,3b,3,2,-2,0
1929,Coventry City,Queens Park Rangers,2,3,3b,3,5,-1,0
1929,Crystal Palace,AFC Bournemouth,1,1,3b,3,2,0,0
1929,Crystal Palace,Northampton Town,1,3,3b,3,4,-2,0
1929,Crystal Palace,Torquay United,4,2,3b,3,6,2,1
1929,Exeter City,Fulham,2,1,3b,3,3,1,1
1929,Exeter City,Luton Town,2,2,3b,3,4,0,0
1929,Fulham,AFC Bournemouth,3,3,3b,3,6,0,0
1929,Fulham,Queens Park Rangers,0,2,3b,3,2,-2,0
1929,Gillingham,Exeter City,2,0,3b,3,2,2,1
1929,Gillingham,Luton Town,2,0,3b,3,2,2,1
1929,Gillingham,Northampton Town,5,2,3b,3,7,3,1
1929,Gillingham,Queens Park Rangers,3,1,3b,3,4,2,1
1929,Leyton Orient,AFC Bournemouth,0,0,3b,3,0,0,0
1929,Leyton Orient,Bristol Rovers,3,0,3b,3,3,3,1
1929,Leyton Orient,Luton Town,6,1,3b,3,7,5,1
1929,Leyton Orient,Northampton Town,0,0,3b,3,0,0,0
1929,Leyton Orient,Torquay United,1,1,3b,3,2,0,0
1929,Luton Town,Bristol Rovers,3,0,3b,3,3,3,1
1929,Luton Town,Northampton Town,1,0,3b,3,1,1,1
1929,Luton Town,Queens Park Rangers,2,1,3b,3,3,1,1
1929,Merthyr Town,AFC Bournemouth,0,1,3b,3,1,-1,0
1929,Merthyr Town,Exeter City,0,2,3b,3,2,-2,0
1929,Merthyr Town,Northampton Town,1,0,3b,3,1,1,1
1929,Merthyr Town,Torquay United,3,0,3b,3,3,3,1
1929,Newport County,Bristol Rovers,2,2,3b,3,4,0,0
1929,Newport County,Northampton Town,2,1,3b,3,3,1,1
1929,Newport County,Queens Park Rangers,4,5,3b,3,9,-1,0
1929,Northampton Town,AFC Bournemouth,2,0,3b,3,2,2,1
1929,Northampton Town,Bristol Rovers,6,1,3b,3,7,5,1
1929,Northampton Town,Exeter City,2,2,3b,3,4,0,0
1929,Northampton Town,Newport County,2,0,3b,3,2,2,1
1929,Norwich City,Exeter City,3,1,3b,3,4,2,1
1929,Norwich City,Queens Park Rangers,3,0,3b,3,3,3,1
1929,Plymouth Argyle,AFC Bournemouth,2,1,3b,3,3,1,1
1929,Plymouth Argyle,Exeter City,4,1,3b,3,5,3,1
1929,Plymouth Argyle,Leyton Orient,3,0,3b,3,3,3,1
1929,Plymouth Argyle,Queens Park Rangers,4,0,3b,3,4,4,1
1929,Queens Park Rangers,Bristol Rovers,2,1,3b,3,3,1,1
1929,Queens Park Rangers,Leyton Orient,1,1,3b,3,2,0,0
1929,Queens Park Rangers,Newport County,4,1,3b,3,5,3,1
1929,Queens Park Rangers,Torquay United,1,1,3b,3,2,0,0
1929,Southend United,Bristol Rovers,6,0,3b,3,6,6,1
1929,Southend United,Leyton Orient,4,1,3b,3,5,3,1
1929,Swindon Town,AFC Bournemouth,1,1,3b,3,2,0,0
1929,Swindon Town,Bristol Rovers,2,2,3b,3,4,0,0
1929,Swindon Town,Leyton Orient,0,0,3b,3,0,0,0
1929,Swindon Town,Newport County,5,1,3b,3,6,4,1
1929,Torquay United,AFC Bournemouth,7,0,3b,3,7,7,1
1929,Torquay United,Bristol Rovers,2,1,3b,3,3,1,1
1929,Torquay United,Leyton Orient,0,5,3b,3,5,-5,0
1929,Torquay United,Newport County,3,2,3b,3,5,1,1
1929,Torquay United,Swindon Town,1,1,3b,3,2,0,0
1929,Walsall,Bristol Rovers,0,0,3b,3,0,0,0
1929,Walsall,Newport County,2,1,3b,3,3,1,1
1929,Watford,AFC Bournemouth,0,0,3b,3,0,0,0
1929,Watford,Bristol Rovers,4,3,3b,3,7,1,1
1930,Arsenal,Aston Villa,5,2,1,1,7,3,1
1930,Arsenal,Leeds United,3,1,1,1,4,2,1
1930,Aston Villa,Derby County,4,6,1,1,10,-2,0
1930,Aston Villa,Leeds United,4,3,1,1,7,1,1
1930,Aston Villa,Newcastle United,4,3,1,1,7,1,1
1930,Aston Villa,Sheffield Wednesday,2,0,1,1,2,2,1
1930,Birmingham City,Arsenal,2,4,1,1,6,-2,0
1930,Birmingham City,Leeds United,0,1,1,1,1,-1,0
1930,Birmingham City,Manchester City,3,2,1,1,5,1,1
1930,Birmingham City,Sheffield Wednesday,2,0,1,1,2,2,1
1930,Blackburn Rovers,Blackpool,5,0,1,1,5,5,1
1930,Blackburn Rovers,Newcastle United,1,0,1,1,1,1,1
1930,Blackburn Rovers,Sheffield Wednesday,5,2,1,1,7,3,1
1930,Blackpool,Derby County,1,0,1,1,1,1,1
1930,Blackpool,Leeds United,3,7,1,1,10,-4,0
1930,Blackpool,Manchester City,2,2,1,1,4,0,0
1930,Blackpool,Newcastle United,0,0,1,1,0,0,0
1930,Bolton Wanderers,Newcastle United,0,3,1,1,3,-3,0
1930,Chelsea,Blackburn Rovers,3,2,1,1,5,1,1
1930,Chelsea,Derby County,1,1,1,1,2,0,0
1930,Chelsea,Manchester City,2,0,1,1,2,2,1
1930,Chelsea,Sheffield Wednesday,0,0,1,1,0,0,0
1930,Derby County,Arsenal,4,2,1,1,6,2,1
1930,Derby County,Blackburn Rovers,1,1,1,1,2,0,0
1930,Derby County,Leeds United,4,1,1,1,5,3,1
1930,Derby County,Sheffield Wednesday,2,3,1,1,5,-1,0
1930,Grimsby Town,Leeds United,2,0,1,1,2,2,1
1930,Grimsby Town,Newcastle United,2,2,1,1,4,0,0
1930,Huddersfield Town,Chelsea,1,1,1,1,2,0,0
1930,Huddersfield Town,Leeds United,3,0,1,1,3,3,1
1930,Huddersfield Town,Newcastle United,0,3,1,1,3,-3,0
1930,Huddersfield Town,Sheffield Wednesday,1,1,1,1,2,0,0
1930,Leeds United,Arsenal,1,2,1,1,3,-1,0
1930,Leeds United,Sheffield Wednesday,2,3,1,1,5,-1,0
1930,Leicester City,Arsenal,2,7,1,1,9,-5,0
1930,Leicester City,Blackburn Rovers,3,1,1,1,4,2,1
1930,Leicester City,Huddersfield Town,1,2,1,1,3,-1,0
1930,Leicester City,Manchester City,3,2,1,1,5,1,1
1930,Liverpool,Arsenal,1,1,1,1,2,0,0
1930,Liverpool,Chelsea,3,1,1,1,4,2,1
1930,Liverpool,Newcastle United,4,2,1,1,6,2,1
1930,Liverpool,Sheffield Wednesday,1,2,1,1,3,-1,0
1930,Manchester City,Arsenal,1,4,1,1,5,-3,0
1930,Manchester City,Blackburn Rovers,3,0,1,1,3,3,1
1930,Manchester City,Chelsea,2,0,1,1,2,2,1
1930,Manchester City,Newcastle United,2,0,1,1,2,2,1
1930,Manchester United,Blackburn Rovers,0,1,1,1,1,-1,0
1930,Manchester United,Huddersfield Town,0,6,1,1,6,-6,0
1930,Manchester United,Liverpool,4,1,1,1,5,3,1
1930,Manchester United,Sheffield Wednesday,4,1,1,1,5,3,1
1930,Middlesbrough,Blackburn Rovers,4,1,1,1,5,3,1
1930,Middlesbrough,Chelsea,2,2,1,1,4,0,0
1930,Middlesbrough,Huddersfield Town,2,3,1,1,5,-1,0
1930,Middlesbrough,Liverpool,3,3,1,1,6,0,0
1930,Newcastle United,Blackburn Rovers,2,3,1,1,5,-1,0
1930,Newcastle United,Chelsea,1,0,1,1,1,1,1
1930,Newcastle United,Liverpool,0,4,1,1,4,-4,0
1930,Newcastle United,Middlesbrough,0,5,1,1,5,-5,0
1930,Newcastle United,Sheffield Wednesday,1,2,1,1,3,-1,0
1930,Portsmouth,Chelsea,1,1,1,1,2,0,0
1930,Sheffield United,Arsenal,1,1,1,1,2,0,0
1930,Sheffield United,Blackburn Rovers,1,1,1,1,2,0,0
1930,Sheffield United,Sheffield Wednesday,1,1,1,1,2,0,0
1930,Sheffield Wednesday,Arsenal,1,2,1,1,3,-1,0
1930,Sheffield Wednesday,Blackburn Rovers,1,3,1,1,4,-2,0
1930,Sheffield Wednesday,Chelsea,1,1,1,1,2,0,0
1930,Sunderland,Arsenal,1,4,1,1,5,-3,0
1930,Sunderland,Huddersfield Town,4,2,1,1,6,2,1
1930,Sunderland,Liverpool,6,5,1,1,11,1,1
1930,West Ham United,Arsenal,2,4,1,1,6,-2,0
1930,West Ham United,Huddersfield Town,2,1,1,1,3,1,1
1930,West Ham United,Liverpool,7,0,1,1,7,7,1
1930,West Ham United,Middlesbrough,0,3,1,1,3,-3,0
1930,West Ham United,Sheffield United,4,1,1,1,5,3,1
1930,Barnsley,Bradford City,2,1,2,2,3,1,1
1930,Barnsley,Burnley,0,1,2,2,1,-1,0
1930,Barnsley,Charlton Athletic,5,0,2,2,5,5,1
1930,Barnsley,Port Vale,5,2,2,2,7,3,1
1930,Bradford City,Nottingham Forest,1,0,2,2,1,1,1
1930,Bradford City,Southampton,4,3,2,2,7,1,1
1930,Bradford City,Tottenham Hotspur,2,0,2,2,2,2,1
1930,Bradford Park Avenue,Burnley,4,1,2,2,5,3,1
1930,Bradford Park Avenue,Charlton Athletic,3,2,2,2,5,1,1
1930,Bradford Park Avenue,Nottingham Forest,4,1,2,2,5,3,1
1930,Bradford Park Avenue,Southampton,1,1,2,2,2,0,0
1930,Bradford Park Avenue,Tottenham Hotspur,4,1,2,2,5,3,1
1930,Bristol City,Barnsley,2,1,2,2,3,1,1
1930,Bristol City,Charlton Athletic,3,0,2,2,3,3,1
1930,Bristol City,Nottingham Forest,1,4,2,2,5,-3,0
1930,Bristol City,Southampton,2,1,2,2,3,1,1
1930,Bristol City,Tottenham Hotspur,2,1,2,2,3,1,1
1930,Burnley,Barnsley,2,2,2,2,4,0,0
1930,Burnley,Charlton Athletic,1,1,2,2,2,0,0
1930,Burnley,Nottingham Forest,5,2,2,2,7,3,1
1930,Bury,Barnsley,3,1,2,2,4,2,1
1930,Bury,Nottingham Forest,1,0,2,2,1,1,1
1930,Bury,Port Vale,0,3,2,2,3,-3,0
1930,Bury,Southampton,1,0,2,2,1,1,1
1930,Bury,Tottenham Hotspur,2,0,2,2,2,2,1
1930,Cardiff City,Barnsley,2,0,2,2,2,2,1
1930,Cardiff City,Bristol City,0,1,2,2,1,-1,0
1930,Cardiff City,Nottingham Forest,1,1,2,2,2,0,0
1930,Cardiff City,Port Vale,2,1,2,2,3,1,1
1930,Cardiff City,Southampton,0,1,2,2,1,-1,0
1930,Cardiff City,Tottenham Hotspur,0,0,2,2,0,0,0
1930,Charlton Athletic,Barnsley,1,1,2,2,2,0,0
1930,Charlton Athletic,Cardiff City,4,1,2,2,5,3,1
1930,Charlton Athletic,Nottingham Forest,1,1,2,2,2,0,0
1930,Charlton Athletic,Port Vale,3,1,2,2,4,2,1
1930,Charlton Athletic,Tottenham Hotspur,1,0,2,2,1,1,1
1930,Everton,Bristol City,1,3,2,2,4,-2,0
1930,Everton,Cardiff City,1,1,2,2,2,0,0
1930,Everton,Nottingham Forest,2,0,2,2,2,2,1
1930,Everton,Port Vale,2,3,2,2,5,-1,0
1930,Everton,Southampton,2,1,2,2,3,1,1
1930,Everton,Tottenham Hotspur,4,2,2,2,6,2,1
1930,Millwall,Barnsley,4,1,2,2,5,3,1
1930,Millwall,Cardiff City,0,0,2,2,0,0,0
1930,Millwall,Nottingham Forest,5,1,2,2,6,4,1
1930,Millwall,Port Vale,0,1,2,2,1,-1,0
1930,Millwall,Tottenham Hotspur,2,3,2,2,5,-1,0
1930,Nottingham Forest,Southampton,3,1,2,2,4,2,1
1930,Oldham Athletic,Bristol City,1,3,2,2,4,-2,0
1930,Plymouth Argyle,Barnsley,4,0,2,2,4,4,1
1930,Plymouth Argyle,Bristol City,5,3,2,2,8,2,1
1930,Plymouth Argyle,Millwall,5,0,2,2,5,5,1
1930,Plymouth Argyle,Port Vale,2,1,2,2,3,1,1
1930,Plymouth Argyle,Southampton,2,3,2,2,5,-1,0
1930,Port Vale,Barnsley,5,2,2,2,7,3,1
1930,Port Vale,Bristol City,1,0,2,2,1,1,1
1930,Port Vale,Millwall,3,2,2,2,5,1,1
1930,Port Vale,Southampton,1,0,2,2,1,1,1
1930,Preston North End,Barnsley,1,1,2,2,2,0,0
1930,Preston North End,Cardiff City,7,0,2,2,7,7,1
1930,Preston North End,Tottenham Hotspur,2,1,2,2,3,1,1
1930,Reading,Cardiff City,3,0,2,2,3,3,1
1930,Reading,Millwall,2,1,2,2,3,1,1
1930,Southampton,Barnsley,4,0,2,2,4,4,1
1930,Southampton,Bristol City,5,1,2,2,6,4,1
1930,Southampton,Plymouth Argyle,3,3,2,2,6,0,0
1930,Stoke City,Cardiff City,1,0,2,2,1,1,1
1930,Stoke City,Millwall,2,3,2,2,5,-1,0
1930,Stoke City,Tottenham Hotspur,2,1,2,2,3,1,1
1930,Swansea City,Barnsley,1,0,2,2,1,1,1
1930,Swansea City,Cardiff City,3,2,2,2,5,1,1
1930,Swansea City,Plymouth Argyle,2,0,2,2,2,2,1
1930,Tottenham Hotspur,Cardiff City,2,2,2,2,4,0,0
1930,Tottenham Hotspur,Millwall,4,1,2,2,5,3,1
1930,Tottenham Hotspur,Plymouth Argyle,1,1,2,2,2,0,0
1930,West Bromwich Albion,Millwall,0,0,2,2,0,0,0
1930,West Bromwich Albion,Reading,1,0,2,2,1,1,1
1930,West Bromwich Albion,Swansea City,0,0,2,2,0,0,0
1930,Wolverhampton Wanderers,Barnsley,2,0,2,2,2,2,1
1930,Wolverhampton Wanderers,Cardiff City,4,1,2,2,5,3,1
1930,Wolverhampton Wanderers,Millwall,2,0,2,2,2,2,1
1930,Accrington Stanley,Barrow,3,1,3a,3,4,2,1
1930,Accrington Stanley,Gateshead,2,1,3a,3,3,1,1
1930,Accrington Stanley,Southport,2,0,3a,3,2,2,1
1930,Accrington Stanley,Wigan Borough,3,0,3a,3,3,3,1
1930,Barrow,Accrington Stanley,0,0,3a,3,0,0,0
1930,Barrow,Crewe Alexandra,2,0,3a,3,2,2,1
1930,Barrow,Southport,1,1,3a,3,2,0,0
1930,Carlisle United,Crewe Alexandra,4,1,3a,3,5,3,1
1930,Carlisle United,Gateshead,2,2,3a,3,4,0,0
1930,Carlisle United,Hull City,1,5,3a,3,6,-4,0
1930,Carlisle United,New Brighton,2,0,3a,3,2,2,1
1930,Carlisle United,Wigan Borough,6,1,3a,3,7,5,1
1930,Chesterfield,Accrington Stanley,7,3,3a,3,10,4,1
1930,Chesterfield,Southport,2,1,3a,3,3,1,1
1930,Chesterfield,Wigan Borough,3,1,3a,3,4,2,1
1930,Crewe Alexandra,Chesterfield,2,1,3a,3,3,1,1
1930,Crewe Alexandra,Gateshead,6,2,3a,3,8,4,1
1930,Crewe Alexandra,Hull City,3,4,3a,3,7,-1,0
1930,Darlington,Accrington Stanley,1,1,3a,3,2,0,0
1930,Darlington,Gateshead,2,2,3a,3,4,0,0
1930,Darlington,Hull City,2,4,3a,3,6,-2,0
1930,Darlington,New Brighton,3,1,3a,3,4,2,1
1930,Darlington,Southport,2,3,3a,3,5,-1,0
1930,Darlington,Wigan Borough,2,3,3a,3,5,-1,0
1930,Doncaster Rovers,Accrington Stanley,6,1,3a,3,7,5,1
1930,Doncaster Rovers,Chesterfield,1,0,3a,3,1,1,1
1930,Doncaster Rovers,Hull City,0,2,3a,3,2,-2,0
1930,Doncaster Rovers,Southport,0,0,3a,3,0,0,0
1930,Gateshead,Chesterfield,3,3,3a,3,6,0,0
1930,Gateshead,Doncaster Rovers,2,1,3a,3,3,1,1
1930,Gateshead,Hull City,1,0,3a,3,1,1,1
1930,Halifax Town,Accrington Stanley,1,1,3a,3,2,0,0
1930,Halifax Town,Doncaster Rovers,0,2,3a,3,2,-2,0
1930,Halifax Town,Hull City,1,1,3a,3,2,0,0
1930,Halifax Town,Southport,0,0,3a,3,0,0,0
1930,Hartlepool United,Accrington Stanley,3,3,3a,3,6,0,0
1930,Hartlepool United,Chesterfield,1,3,3a,3,4,-2,0
1930,Hartlepool United,Hull City,1,3,3a,3,4,-2,0
1930,Hartlepool United,New Brighton,4,1,3a,3,5,3,1
1930,Hull City,Accrington Stanley,1,1,3a,3,2,0,0
1930,Hull City,Southport,5,1,3a,3,6,4,1
1930,Hull City,Wigan Borough,0,0,3a,3,0,0,0
1930,Lincoln City,Chesterfield,1,1,3a,3,2,0,0
1930,Lincoln City,New Brighton,4,0,3a,3,4,4,1
1930,Lincoln City,Southport,3,3,3a,3,6,0,0
1930,Nelson,Doncaster Rovers,2,0,3a,3,2,2,1
1930,Nelson,Southport,1,4,3a,3,5,-3,0
1930,New Brighton,Accrington Stanley,0,0,3a,3,0,0,0
1930,New Brighton,Southport,1,2,3a,3,3,-1,0
1930,New Brighton,Wigan Borough,0,2,3a,3,2,-2,0
1930,Rochdale,Accrington Stanley,1,6,3a,3,7,-5,0
1930,Rochdale,Nelson,5,4,3a,3,9,1,1
1930,Rochdale,Southport,0,4,3a,3,4,-4,0
1930,Rotherham United,Doncaster Rovers,3,0,3a,3,3,3,1
1930,Rotherham United,Hartlepool United,1,1,3a,3,2,0,0
1930,Rotherham United,Wigan Borough,5,2,3a,3,7,3,1
1930,Southport,Accrington Stanley,3,3,3a,3,6,0,0
1930,Southport,Hartlepool United,2,0,3a,3,2,2,1
1930,Southport,Nelson,8,1,3a,3,9,7,1
1930,Southport,Rotherham United,4,1,3a,3,5,3,1
1930,Stockport County,Doncaster Rovers,2,2,3a,3,4,0,0
1930,Stockport County,Nelson,1,0,3a,3,1,1,1
1930,Stockport County,Rotherham United,5,2,3a,3,7,3,1
1930,Tranmere Rovers,Hartlepool United,5,4,3a,3,9,1,1
1930,Tranmere Rovers,Nelson,7,1,3a,3,8,6,1
1930,Wigan Borough,Chesterfield,1,5,3a,3,6,-4,0
1930,Wigan Borough,Doncaster Rovers,3,0,3a,3,3,3,1
1930,Wigan Borough,Hartlepool United,3,2,3a,3,5,1,1
1930,Wigan Borough,Tranmere Rovers,4,3,3a,3,7,1,1
1930,Wrexham,Chesterfield,2,1,3a,3,3,1,1
1930,Wrexham,Hartlepool United,2,0,3a,3,2,2,1
1930,Wrexham,Tranmere Rovers,2,2,3a,3,4,0,0
1930,York City,Accrington Stanley,3,1,3a,3,4,2,1
1930,York City,Chesterfield,2,2,3a,3,4,0,0
1930,York City,Hartlepool United,4,2,3a,3,6,2,1
1930,York City,Nelson,3,0,3a,3,3,3,1
1930,AFC Bournemouth,Luton Town,0,0,3b,3,0,0,0
1930,AFC Bournemouth,Southend United,0,0,3b,3,0,0,0
1930,Brentford,AFC Bournemouth,1,2,3b,3,3,-1,0
1930,Brentford,Southend United,3,1,3b,3,4,2,1
1930,Brighton & Hove Albion,Coventry City,2,0,3b,3,2,2,1
1930,Brighton & Hove Albion,Luton Town,2,0,3b,3,2,2,1
1930,Brighton & Hove Albion,Norwich City,1,0,3b,3,1,1,1
1930,Bristol Rovers,AFC Bournemouth,2,5,3b,3,7,-3,0
1930,Bristol Rovers,Coventry City,1,0,3b,3,1,1,1
1930,Bristol Rovers,Luton Town,5,1,3b,3,6,4,1
1930,Bristol Rovers,Norwich City,3,0,3b,3,3,3,1
1930,Bristol Rovers,Southend United,2,3,3b,3,5,-1,0
1930,Bristol Rovers,Torquay United,3,1,3b,3,4,2,1
1930,Coventry City,Luton Town,1,2,3b,3,3,-1,0
1930,Coventry City,Norwich City,3,0,3b,3,3,3,1
1930,Coventry City,Southend United,0,0,3b,3,0,0,0
1930,Coventry City,Torquay United,6,1,3b,3,7,5,1
1930,Crystal Palace,AFC Bournemouth,1,0,3b,3,1,1,1
1930,Crystal Palace,Luton Town,5,1,3b,3,6,4,1
1930,Crystal Palace,Norwich City,2,1,3b,3,3,1,1
1930,Exeter City,Norwich City,1,0,3b,3,1,1,1
1930,Exeter City,Southend United,1,1,3b,3,2,0,0
1930,Exeter City,Torquay United,2,2,3b,3,4,0,0
1930,Fulham,Norwich City,1,0,3b,3,1,1,1
1930,Fulham,Southend United,1,0,3b,3,1,1,1
1930,Gillingham,Bristol Rovers,1,1,3b,3,2,0,0
1930,Gillingham,Exeter City,3,5,3b,3,8,-2,0
1930,Gillingham,Luton Town,4,0,3b,3,4,4,1
1930,Gillingham,Norwich City,2,1,3b,3,3,1,1
1930,Gillingham,Southend United,1,0,3b,3,1,1,1
1930,Leyton Orient,AFC Bournemouth,0,0,3b,3,0,0,0
1930,Leyton Orient,Exeter City,2,3,3b,3,5,-1,0
1930,Leyton Orient,Luton Town,3,2,3b,3,5,1,1
1930,Leyton Orient,Southend United,3,1,3b,3,4,2,1
1930,Leyton Orient,Torquay United,4,0,3b,3,4,4,1
1930,Luton Town,Exeter City,3,1,3b,3,4,2,1
1930,Luton Town,Torquay United,3,1,3b,3,4,2,1
1930,Newport County,Bristol Rovers,1,1,3b,3,2,0,0
1930,Newport County,Exeter City,4,0,3b,3,4,4,1
1930,Newport County,Southend United,3,1,3b,3,4,2,1
1930,Northampton Town,AFC Bournemouth,2,2,3b,3,4,0,0
1930,Northampton Town,Bristol Rovers,1,1,3b,3,2,0,0
1930,Northampton Town,Exeter City,1,0,3b,3,1,1,1
1930,Northampton Town,Leyton Orient,0,0,3b,3,0,0,0
1930,Northampton Town,Norwich City,3,1,3b,3,4,2,1
1930,Northampton Town,Southend United,4,0,3b,3,4,4,1
1930,Norwich City,AFC Bournemouth,2,1,3b,3,3,1,1
1930,Norwich City,Bristol Rovers,1,3,3b,3,4,-2,0
1930,Norwich City,Leyton Orient,2,0,3b,3,2,2,1
1930,Norwich City,Southend United,0,1,3b,3,1,-1,0
1930,Notts County,Bristol Rovers,3,0,3b,3,3,3,1
1930,Notts County,Exeter City,1,2,3b,3,3,-1,0
1930,Notts County,Leyton Orient,5,0,3b,3,5,5,1
1930,Notts County,Northampton Town,2,2,3b,3,4,0,0
1930,Queens Park Rangers,AFC Bournemouth,3,0,3b,3,3,3,1
1930,Queens Park Rangers,Bristol Rovers,2,0,3b,3,2,2,1
1930,Southend United,Bristol Rovers,4,0,3b,3,4,4,1
1930,Southend United,Exeter City,5,1,3b,3,6,4,1
1930,Southend United,Northampton Town,2,1,3b,3,3,1,1
1930,Swindon Town,AFC Bournemouth,4,1,3b,3,5,3,1
1930,Swindon Town,Bristol Rovers,3,1,3b,3,4,2,1
1930,Swindon Town,Northampton Town,5,1,3b,3,6,4,1
1930,Swindon Town,Torquay United,4,0,3b,3,4,4,1
1930,Thames,Bristol Rovers,1,2,3b,3,3,-1,0
1930,Thames,Exeter City,1,0,3b,3,1,1,1
1930,Thames,Queens Park Rangers,1,0,3b,3,1,1,1
1930,Thames,Torquay United,1,1,3b,3,2,0,0
1930,Torquay United,AFC Bournemouth,4,4,3b,3,8,0,0
1930,Torquay United,Bristol Rovers,3,3,3b,3,6,0,0
1930,Torquay United,Leyton Orient,5,2,3b,3,7,3,1
1930,Walsall,AFC Bournemouth,3,3,3b,3,6,0,0
1930,Walsall,Bristol Rovers,4,2,3b,3,6,2,1
1930,Walsall,Queens Park Rangers,0,2,3b,3,2,-2,0
1930,Walsall,Thames,6,0,3b,3,6,6,1
1930,Watford,Exeter City,0,1,3b,3,1,-1,0
1930,Watford,Leyton Orient,1,2,3b,3,3,-1,0
1930,Watford,Northampton Town,1,2,3b,3,3,-1,0
1930,Watford,Queens Park Rangers,0,4,3b,3,4,-4,0
1930,Watford,Thames,1,0,3b,3,1,1,1
1931,Arsenal,Huddersfield Town,1,1,1,1,2,0,0
1931,Aston Villa,Manchester City,2,1,1,1,3,1,1
1931,Aston Villa,Portsmouth,0,1,1,1,1,-1,0
1931,Birmingham City,Manchester City,1,5,1,1,6,-4,0
1931,Birmingham City,Sunderland,0,0,1,1,0,0,0
1931,Blackburn Rovers,Arsenal,1,1,1,1,2,0,0
1931,Blackburn Rovers,Derby County,3,2,1,1,5,1,1
1931,Blackburn Rovers,Portsmouth,5,3,1,1,8,2,1
1931,Blackburn Rovers,Sunderland,5,2,1,1,7,3,1
1931,Blackpool,Derby County,2,1,1,1,3,1,1
1931,Blackpool,Portsmouth,1,1,1,1,2,0,0
1931,Blackpool,Sunderland,3,2,1,1,5,1,1
1931,Bolton Wanderers,Blackburn Rovers,3,1,1,1,4,2,1
1931,Bolton Wanderers,Manchester City,1,1,1,1,2,0,0
1931,Bolton Wanderers,Portsmouth,4,0,1,1,4,4,1
1931,Chelsea,Portsmouth,0,0,1,1,0,0,0
1931,Chelsea,Sunderland,2,2,1,1,4,0,0
1931,Derby County,Manchester City,2,1,1,1,3,1,1
1931,Derby County,Portsmouth,2,1,1,1,3,1,1
1931,Everton,Arsenal,1,3,1,1,4,-2,0
1931,Everton,Blackburn Rovers,5,0,1,1,5,5,1
1931,Everton,Huddersfield Town,4,1,1,1,5,3,1
1931,Everton,Portsmouth,0,1,1,1,1,-1,0
1931,Grimsby Town,Arsenal,3,1,1,1,4,2,1
1931,Grimsby Town,Blackburn Rovers,4,3,1,1,7,1,1
1931,Grimsby Town,Chelsea,1,2,1,1,3,-1,0
1931,Grimsby Town,Huddersfield Town,1,4,1,1,5,-3,0
1931,Grimsby Town,Manchester City,2,1,1,1,3,1,1
1931,Huddersfield Town,Blackburn Rovers,1,1,1,1,2,0,0
1931,Huddersfield Town,Chelsea,2,1,1,1,3,1,1
1931,Huddersfield Town,Grimsby Town,1,1,1,1,2,0,0
1931,Leicester City,Chelsea,1,0,1,1,1,1,1
1931,Leicester City,Manchester City,4,0,1,1,4,4,1
1931,Leicester City,Portsmouth,2,1,1,1,3,1,1
1931,Leicester City,Sunderland,5,0,1,1,5,5,1
1931,Liverpool,Arsenal,2,1,1,1,3,1,1
1931,Liverpool,Blackburn Rovers,4,2,1,1,6,2,1
1931,Liverpool,Chelsea,2,1,1,1,3,1,1
1931,Liverpool,Grimsby Town,4,0,1,1,4,4,1
1931,Liverpool,Manchester City,4,3,1,1,7,1,1
1931,Liverpool,Portsmouth,1,3,1,1,4,-2,0
1931,Manchester City,Arsenal,1,3,1,1,4,-2,0
1931,Manchester City,Chelsea,1,1,1,1,2,0,0
1931,Manchester City,Grimsby Town,4,1,1,1,5,3,1
1931,Manchester City,Liverpool,0,1,1,1,1,-1,0
1931,Middlesbrough,Blackburn Rovers,0,2,1,1,2,-2,0
1931,Middlesbrough,Chelsea,0,2,1,1,2,-2,0
1931,Middlesbrough,Grimsby Town,4,0,1,1,4,4,1
1931,Middlesbrough,Portsmouth,0,1,1,1,1,-1,0
1931,Newcastle United,Blackburn Rovers,5,3,1,1,8,2,1
1931,Newcastle United,Sunderland,1,2,1,1,3,-1,0
1931,Portsmouth,Grimsby Town,2,0,1,1,2,2,1
1931,Portsmouth,Liverpool,2,0,1,1,2,2,1
1931,Portsmouth,Newcastle United,6,0,1,1,6,6,1
1931,Portsmouth,Sunderland,0,0,1,1,0,0,0
1931,Sheffield United,Chelsea,4,2,1,1,6,2,1
1931,Sheffield United,Newcastle United,0,3,1,1,3,-3,0
1931,Sheffield Wednesday,Grimsby Town,4,1,1,1,5,3,1
1931,Sheffield Wednesday,Liverpool,1,1,1,1,2,0,0
1931,West Bromwich Albion,Arsenal,1,0,1,1,1,1,1
1931,West Bromwich Albion,Blackburn Rovers,4,1,1,1,5,3,1
1931,West Bromwich Albion,Grimsby Town,5,6,1,1,11,-1,0
1931,West Bromwich Albion,Liverpool,1,2,1,1,3,-1,0
1931,West Ham United,Arsenal,1,1,1,1,2,0,0
1931,West Ham United,Blackburn Rovers,1,3,1,1,4,-2,0
1931,West Ham United,Liverpool,1,0,1,1,1,1,1
1931,West Ham United,Newcastle United,2,1,1,1,3,1,1
1931,Barnsley,Bradford City,1,2,2,2,3,-1,0
1931,Barnsley,Burnley,0,1,2,2,1,-1,0
1931,Barnsley,Millwall,2,1,2,2,3,1,1
1931,Barnsley,Preston North End,4,2,2,2,6,2,1
1931,Bradford City,Barnsley,9,1,2,2,10,8,1
1931,Bradford City,Burnley,1,2,2,2,3,-1,0
1931,Bradford City,Chesterfield,3,0,2,2,3,3,1
1931,Bradford City,Preston North End,0,1,2,2,1,-1,0
1931,Bradford Park Avenue,Barnsley,1,0,2,2,1,1,1
1931,Bradford Park Avenue,Chesterfield,1,0,2,2,1,1,1
1931,Bradford Park Avenue,Oldham Athletic,5,0,2,2,5,5,1
1931,Bradford Park Avenue,Swansea City,2,1,2,2,3,1,1
1931,Bristol City,Oldham Athletic,1,1,2,2,2,0,0
1931,Burnley,Barnsley,5,3,2,2,8,2,1
1931,Burnley,Oldham Athletic,1,4,2,2,5,-3,0
1931,Burnley,Swansea City,4,1,2,2,5,3,1
1931,Bury,Bristol City,2,1,2,2,3,1,1
1931,Bury,Chesterfield,0,1,2,2,1,-1,0
1931,Bury,Millwall,2,0,2,2,2,2,1
1931,Bury,Oldham Athletic,2,1,2,2,3,1,1
1931,Bury,Preston North End,4,1,2,2,5,3,1
1931,Bury,Swansea City,2,1,2,2,3,1,1
1931,Charlton Athletic,Bristol City,2,0,2,2,2,2,1
1931,Charlton Athletic,Chesterfield,0,0,2,2,0,0,0
1931,Charlton Athletic,Oldham Athletic,2,2,2,2,4,0,0
1931,Charlton Athletic,Swansea City,3,3,2,2,6,0,0
1931,Leeds United,Millwall,0,1,2,2,1,-1,0
1931,Manchester United,Millwall,2,0,2,2,2,2,1
1931,Manchester United,Preston North End,3,2,2,2,5,1,1
1931,Millwall,Barnsley,2,0,2,2,2,2,1
1931,Millwall,Manchester United,1,1,2,2,2,0,0
1931,Millwall,Oldham Athletic,0,0,2,2,0,0,0
1931,Nottingham Forest,Bristol City,3,1,2,2,4,2,1
1931,Nottingham Forest,Charlton Athletic,3,2,2,2,5,1,1
1931,Nottingham Forest,Preston North End,2,2,2,2,4,0,0
1931,Notts County,Barnsley,2,3,2,2,5,-1,0
1931,Oldham Athletic,Bristol City,2,1,2,2,3,1,1
1931,Oldham Athletic,Charlton Athletic,1,0,2,2,1,1,1
1931,Oldham Athletic,Manchester United,1,5,2,2,6,-4,0
1931,Oldham Athletic,Preston North End,2,2,2,2,4,0,0
1931,Plymouth Argyle,Barnsley,3,0,2,2,3,3,1
1931,Plymouth Argyle,Charlton Athletic,1,1,2,2,2,0,0
1931,Plymouth Argyle,Notts County,3,4,2,2,7,-1,0
1931,Plymouth Argyle,Preston North End,2,1,2,2,3,1,1
1931,Plymouth Argyle,Swansea City,4,2,2,2,6,2,1
1931,Preston North End,Barnsley,1,2,2,2,3,-1,0
1931,Preston North End,Bristol City,1,1,2,2,2,0,0
1931,Preston North End,Charlton Athletic,3,2,2,2,5,1,1
1931,Preston North End,Notts County,0,0,2,2,0,0,0
1931,Preston North End,Port Vale,1,4,2,2,5,-3,0
1931,Preston North End,Swansea City,1,0,2,2,1,1,1
1931,Southampton,Barnsley,2,0,2,2,2,2,1
1931,Southampton,Charlton Athletic,1,1,2,2,2,0,0
1931,Southampton,Port Vale,5,1,2,2,6,4,1
1931,Southampton,Swansea City,3,0,2,2,3,3,1
1931,Stoke City,Bristol City,1,1,2,2,2,0,0
1931,Stoke City,Manchester United,3,0,2,2,3,3,1
1931,Stoke City,Notts County,2,2,2,2,4,0,0
1931,Swansea City,Bristol City,2,0,2,2,2,2,1
1931,Swansea City,Charlton Athletic,2,0,2,2,2,2,1
1931,Swansea City,Manchester United,3,1,2,2,4,2,1
1931,Swansea City,Notts County,5,1,2,2,6,4,1
1931,Swansea City,Port Vale,2,3,2,2,5,-1,0
1931,Tottenham Hotspur,Charlton Athletic,0,1,2,2,1,-1,0
1931,Tottenham Hotspur,Manchester United,4,1,2,2,5,3,1
1931,Tottenham Hotspur,Port Vale,9,3,2,2,12,6,1
1931,Tottenham Hotspur,Stoke City,3,3,2,2,6,0,0
1931,Wolverhampton Wanderers,Bristol City,4,2,2,2,6,2,1
1931,Wolverhampton Wanderers,Charlton Athletic,3,1,2,2,4,2,1
1931,Wolverhampton Wanderers,Manchester United,7,0,2,2,7,7,1
1931,Wolverhampton Wanderers,Notts County,0,0,2,2,0,0,0
1931,Wolverhampton Wanderers,Stoke City,0,1,2,2,1,-1,0
1931,Accrington Stanley,Rochdale,3,0,3a,3,3,3,1
1931,Accrington Stanley,Stockport County,2,0,3a,3,2,2,1
1931,Barrow,Carlisle United,4,1,3a,3,5,3,1
1931,Barrow,Darlington,3,4,3a,3,7,-1,0
1931,Barrow,Halifax Town,3,1,3a,3,4,2,1
1931,Carlisle United,Doncaster Rovers,5,1,3a,3,6,4,1
1931,Chester,Accrington Stanley,1,0,3a,3,1,1,1
1931,Chester,Rochdale,7,2,3a,3,9,5,1
1931,Chester,Wigan Borough,4,0,3a,3,4,4,1
1931,Crewe Alexandra,Accrington Stanley,3,1,3a,3,4,2,1
1931,Crewe Alexandra,Chester,1,0,3a,3,1,1,1
1931,Crewe Alexandra,Hull City,4,3,3a,3,7,1,1
1931,Darlington,Accrington Stanley,4,1,3a,3,5,3,1
1931,Darlington,Gateshead,1,2,3a,3,3,-1,0
1931,Darlington,Hull City,2,1,3a,3,3,1,1
1931,Darlington,Stockport County,2,0,3a,3,2,2,1
1931,Darlington,Wigan Borough,5,0,3a,3,5,5,1
1931,Doncaster Rovers,Accrington Stanley,3,1,3a,3,4,2,1
1931,Doncaster Rovers,Chester,3,0,3a,3,3,3,1
1931,Doncaster Rovers,Gateshead,1,2,3a,3,3,-1,0
1931,Doncaster Rovers,Stockport County,1,1,3a,3,2,0,0
1931,Doncaster Rovers,Wrexham,2,4,3a,3,6,-2,0
1931,Gateshead,Lincoln City,2,3,3a,3,5,-1,0
1931,Gateshead,Rotherham United,4,1,3a,3,5,3,1
1931,Gateshead,Tranmere Rovers,3,3,3a,3,6,0,0
1931,Gateshead,York City,6,0,3a,3,6,6,1
1931,Halifax Town,Carlisle United,1,1,3a,3,2,0,0
1931,Halifax Town,New Brighton,0,0,3a,3,0,0,0
1931,Halifax Town,Southport,3,0,3a,3,3,3,1
1931,Halifax Town,Walsall,1,2,3a,3,3,-1,0
1931,Hartlepool United,Accrington Stanley,1,0,3a,3,1,1,1
1931,Hartlepool United,Chester,2,2,3a,3,4,0,0
1931,Hartlepool United,Hull City,2,3,3a,3,5,-1,0
1931,Hull City,Crewe Alexandra,2,4,3a,3,6,-2,0
1931,Hull City,York City,2,3,3a,3,5,-1,0
1931,Lincoln City,Carlisle United,3,1,3a,3,4,2,1
1931,Lincoln City,Southport,7,0,3a,3,7,7,1
1931,Lincoln City,Walsall,3,0,3a,3,3,3,1
1931,New Brighton,Carlisle United,4,1,3a,3,5,3,1
1931,New Brighton,Halifax Town,2,0,3a,3,2,2,1
1931,Rochdale,Chester,0,3,3a,3,3,-3,0
1931,Rochdale,Stockport County,1,0,3a,3,1,1,1
1931,Rochdale,Wrexham,2,4,3a,3,6,-2,0
1931,Rotherham United,Barrow,0,2,3a,3,2,-2,0
1931,Rotherham United,Hull City,2,0,3a,3,2,2,1
1931,Rotherham United,Rochdale,5,0,3a,3,5,5,1
1931,Rotherham United,Tranmere Rovers,1,0,3a,3,1,1,1
1931,Rotherham United,York City,0,1,3a,3,1,-1,0
1931,Southport,Walsall,5,1,3a,3,6,4,1
1931,Stockport County,Chester,0,0,3a,3,0,0,0
1931,Stockport County,Doncaster Rovers,1,0,3a,3,1,1,1
1931,Stockport County,Hartlepool United,3,2,3a,3,5,1,1
1931,Stockport County,New Brighton,3,1,3a,3,4,2,1
1931,Tranmere Rovers,Crewe Alexandra,4,1,3a,3,5,3,1
1931,Tranmere Rovers,Gateshead,4,3,3a,3,7,1,1
1931,Tranmere Rovers,Stockport County,2,2,3a,3,4,0,0
1931,Walsall,Lincoln City,0,3,3a,3,3,-3,0
1931,Walsall,Rotherham United,3,0,3a,3,3,3,1
1931,Walsall,Tranmere Rovers,2,1,3a,3,3,1,1
1931,Wrexham,Carlisle United,1,0,3a,3,1,1,1
1931,Wrexham,Darlington,3,0,3a,3,3,3,1
1931,Wrexham,Halifax Town,2,3,3a,3,5,-1,0
1931,York City,Carlisle United,2,4,3a,3,6,-2,0
1931,York City,Darlington,3,0,3a,3,3,3,1
1931,York City,Halifax Town,7,2,3a,3,9,5,1
1931,York City,Lincoln City,1,1,3a,3,2,0,0
1931,York City,Tranmere Rovers,3,2,3a,3,5,1,1
1931,AFC Bournemouth,Brentford,1,3,3b,3,4,-2,0
1931,AFC Bournemouth,Exeter City,5,2,3b,3,7,3,1
1931,AFC Bournemouth,Leyton Orient,0,1,3b,3,1,-1,0
1931,AFC Bournemouth,Reading,2,2,3b,3,4,0,0
1931,AFC Bournemouth,Thames,4,2,3b,3,6,2,1
1931,Brentford,Exeter City,2,2,3b,3,4,0,0
1931,Brentford,Leyton Orient,3,0,3b,3,3,3,1
1931,Brentford,Thames,1,0,3b,3,1,1,1
1931,Brighton & Hove Albion,AFC Bournemouth,4,1,3b,3,5,3,1
1931,Brighton & Hove Albion,Leyton Orient,1,1,3b,3,2,0,0
1931,Brighton & Hove Albion,Northampton Town,0,0,3b,3,0,0,0
1931,Bristol Rovers,AFC Bournemouth,4,1,3b,3,5,3,1
1931,Bristol Rovers,Cardiff City,2,2,3b,3,4,0,0
1931,Bristol Rovers,Reading,2,0,3b,3,2,2,1
1931,Bristol Rovers,Thames,4,1,3b,3,5,3,1
1931,Cardiff City,AFC Bournemouth,0,0,3b,3,0,0,0
1931,Cardiff City,Bristol Rovers,3,1,3b,3,4,2,1
1931,Cardiff City,Reading,5,1,3b,3,6,4,1
1931,Cardiff City,Thames,9,2,3b,3,11,7,1
1931,Coventry City,AFC Bournemouth,6,1,3b,3,7,5,1
1931,Coventry City,Leyton Orient,4,2,3b,3,6,2,1
1931,Coventry City,Northampton Town,4,1,3b,3,5,3,1
1931,Coventry City,Thames,2,0,3b,3,2,2,1
1931,Crystal Palace,Bristol Rovers,5,0,3b,3,5,5,1
1931,Crystal Palace,Exeter City,3,0,3b,3,3,3,1
1931,Crystal Palace,Northampton Town,4,0,3b,3,4,4,1
1931,Crystal Palace,Reading,1,1,3b,3,2,0,0
1931,Crystal Palace,Thames,2,1,3b,3,3,1,1
1931,Exeter City,AFC Bournemouth,1,0,3b,3,1,1,1
1931,Exeter City,Bristol Rovers,1,0,3b,3,1,1,1
1931,Exeter City,Crystal Palace,0,1,3b,3,1,-1,0
1931,Exeter City,Leyton Orient,4,3,3b,3,7,1,1
1931,Exeter City,Northampton Town,0,0,3b,3,0,0,0
1931,Fulham,Reading,3,3,3b,3,6,0,0
1931,Fulham,Thames,8,0,3b,3,8,8,1
1931,Gillingham,Bristol Rovers,1,0,3b,3,1,1,1
1931,Gillingham,Crystal Palace,0,0,3b,3,0,0,0
1931,Gillingham,Leyton Orient,0,2,3b,3,2,-2,0
1931,Gillingham,Reading,1,1,3b,3,2,0,0
1931,Leyton Orient,Bristol Rovers,1,0,3b,3,1,1,1
1931,Leyton Orient,Gillingham,3,1,3b,3,4,2,1
1931,Leyton Orient,Northampton Town,3,2,3b,3,5,1,1
1931,Leyton Orient,Reading,2,2,3b,3,4,0,0
1931,Leyton Orient,Thames,1,1,3b,3,2,0,0
1931,Luton Town,Crystal Palace,3,0,3b,3,3,3,1
1931,Luton Town,Gillingham,2,0,3b,3,2,2,1
1931,Mansfield Town,Crystal Palace,1,1,3b,3,2,0,0
1931,Northampton Town,AFC Bournemouth,1,1,3b,3,2,0,0
1931,Northampton Town,Bristol Rovers,6,0,3b,3,6,6,1
1931,Northampton Town,Crystal Palace,5,0,3b,3,5,5,1
1931,Northampton Town,Mansfield Town,3,0,3b,3,3,3,1
1931,Northampton Town,Reading,2,4,3b,3,6,-2,0
1931,Norwich City,AFC Bournemouth,1,2,3b,3,3,-1,0
1931,Norwich City,Crystal Palace,3,2,3b,3,5,1,1
1931,Queens Park Rangers,Reading,2,0,3b,3,2,2,1
1931,Reading,AFC Bournemouth,3,1,3b,3,4,2,1
1931,Reading,Bristol Rovers,3,0,3b,3,3,3,1
1931,Reading,Crystal Palace,3,0,3b,3,3,3,1
1931,Reading,Gillingham,2,0,3b,3,2,2,1
1931,Southend United,AFC Bournemouth,1,3,3b,3,4,-2,0
1931,Southend United,Bristol Rovers,4,1,3b,3,5,3,1
1931,Southend United,Queens Park Rangers,0,0,3b,3,0,0,0
1931,Southend United,Thames,1,1,3b,3,2,0,0
1931,Swindon Town,Bristol Rovers,2,1,3b,3,3,1,1
1931,Swindon Town,Gillingham,4,0,3b,3,4,4,1
1931,Swindon Town,Queens Park Rangers,1,2,3b,3,3,-1,0
1931,Thames,Bristol Rovers,0,2,3b,3,2,-2,0
1931,Thames,Gillingham,3,0,3b,3,3,3,1
1931,Thames,Mansfield Town,6,3,3b,3,9,3,1
1931,Torquay United,Bristol Rovers,8,1,3b,3,9,7,1
1931,Torquay United,Gillingham,1,0,3b,3,1,1,1
1931,Torquay United,Mansfield Town,2,2,3b,3,4,0,0
1931,Torquay United,Queens Park Rangers,2,3,3b,3,5,-1,0
1931,Watford,Bristol Rovers,5,2,3b,3,7,3,1
1931,Watford,Gillingham,2,0,3b,3,2,2,1
1931,Watford,Mansfield Town,4,1,3b,3,5,3,1
1931,Watford,Queens Park Rangers,2,2,3b,3,4,0,0
1931,Watford,Swindon Town,4,1,3b,3,5,3,1
1932,Arsenal,Leeds United,1,2,1,1,3,-1,0
1932,Aston Villa,Arsenal,5,3,1,1,8,2,1
1932,Aston Villa,Blackpool,6,2,1,1,8,4,1
1932,Aston Villa,Manchester City,1,1,1,1,2,0,0
1932,Aston Villa,Portsmouth,4,1,1,1,5,3,1
1932,Birmingham City,Arsenal,0,1,1,1,1,-1,0
1932,Birmingham City,Derby County,3,1,1,1,4,2,1
1932,Birmingham City,Portsmouth,4,0,1,1,4,4,1
1932,Blackburn Rovers,Portsmouth,3,2,1,1,5,1,1
1932,Blackpool,Arsenal,1,2,1,1,3,-1,0
1932,Blackpool,Portsmouth,0,2,1,1,2,-2,0
1932,Bolton Wanderers,Blackburn Rovers,4,2,1,1,6,2,1
1932,Bolton Wanderers,Derby County,1,1,1,1,2,0,0
1932,Bolton Wanderers,Portsmouth,4,1,1,1,5,3,1
1932,Bolton Wanderers,Sunderland,0,0,1,1,0,0,0
1932,Chelsea,Arsenal,1,3,1,1,4,-2,0
1932,Derby County,Blackburn Rovers,2,1,1,1,3,1,1
1932,Derby County,Leeds United,5,1,1,1,6,4,1
1932,Derby County,Sunderland,3,0,1,1,3,3,1
1932,Everton,Blackburn Rovers,6,1,1,1,7,5,1
1932,Everton,Leeds United,0,1,1,1,1,-1,0
1932,Everton,Portsmouth,1,1,1,1,2,0,0
1932,Huddersfield Town,Arsenal,0,1,1,1,1,-1,0
1932,Huddersfield Town,Chelsea,2,0,1,1,2,2,1
1932,Huddersfield Town,Leeds United,2,2,1,1,4,0,0
1932,Leeds United,Blackburn Rovers,3,1,1,1,4,2,1
1932,Leeds United,Sunderland,2,3,1,1,5,-1,0
1932,Leicester City,Blackburn Rovers,1,1,1,1,2,0,0
1932,Leicester City,Portsmouth,2,1,1,1,3,1,1
1932,Liverpool,Blackburn Rovers,2,2,1,1,4,0,0
1932,Liverpool,Chelsea,3,0,1,1,3,3,1
1932,Liverpool,Huddersfield Town,2,2,1,1,4,0,0
1932,Liverpool,Sunderland,3,3,1,1,6,0,0
1932,Manchester City,Blackburn Rovers,2,3,1,1,5,-1,0
1932,Manchester City,Chelsea,1,4,1,1,5,-3,0
1932,Middlesbrough,Chelsea,2,1,1,1,3,1,1
1932,Middlesbrough,Huddersfield Town,1,1,1,1,2,0,0
1932,Middlesbrough,Liverpool,0,1,1,1,1,-1,0
1932,Middlesbrough,Portsmouth,5,4,1,1,9,1,1
1932,Newcastle United,Arsenal,2,1,1,1,3,1,1
1932,Newcastle United,Blackburn Rovers,2,1,1,1,3,1,1
1932,Newcastle United,Huddersfield Town,0,4,1,1,4,-4,0
1932,Newcastle United,Portsmouth,1,1,1,1,2,0,0
1932,Newcastle United,Sunderland,0,1,1,1,1,-1,0
1932,Portsmouth,Arsenal,1,3,1,1,4,-2,0
1932,Portsmouth,Blackburn Rovers,2,0,1,1,2,2,1
1932,Portsmouth,Newcastle United,2,0,1,1,2,2,1
1932,Portsmouth,Sunderland,1,3,1,1,4,-2,0
1932,Sheffield United,Arsenal,3,1,1,1,4,2,1
1932,Sheffield United,Chelsea,4,1,1,1,5,3,1
1932,Sheffield United,Liverpool,6,2,1,1,8,4,1
1932,Sheffield United,Newcastle United,3,1,1,1,4,2,1
1932,Sheffield United,Sunderland,3,0,1,1,3,3,1
1932,Sheffield Wednesday,Arsenal,3,2,1,1,5,1,1
1932,Sheffield Wednesday,Blackburn Rovers,1,1,1,1,2,0,0
1932,Sunderland,Blackburn Rovers,4,2,1,1,6,2,1
1932,Sunderland,Liverpool,0,0,1,1,0,0,0
1932,West Bromwich Albion,Arsenal,1,1,1,1,2,0,0
1932,West Bromwich Albion,Chelsea,3,2,1,1,5,1,1
1932,West Bromwich Albion,Huddersfield Town,2,1,1,1,3,1,1
1932,West Bromwich Albion,Liverpool,2,1,1,1,3,1,1
1932,West Bromwich Albion,Newcastle United,3,2,1,1,5,1,1
1932,Wolverhampton Wanderers,Liverpool,3,1,1,1,4,2,1
1932,Wolverhampton Wanderers,Newcastle United,1,1,1,1,2,0,0
1932,Bradford City,Bradford Park Avenue,1,0,2,2,1,1,1
1932,Bradford City,Grimsby Town,2,2,2,2,4,0,0
1932,Bradford City,Millwall,1,5,2,2,6,-4,0
1932,Bradford City,Preston North End,0,0,2,2,0,0,0
1932,Bradford City,Swansea City,1,1,2,2,2,0,0
1932,Bradford Park Avenue,Bradford City,2,0,2,2,2,2,1
1932,Bradford Park Avenue,Oldham Athletic,1,3,2,2,4,-2,0
1932,Bradford Park Avenue,Preston North End,2,0,2,2,2,2,1
1932,Burnley,Millwall,3,0,2,2,3,3,1
1932,Burnley,Oldham Athletic,1,1,2,2,2,0,0
1932,Burnley,Preston North End,4,0,2,2,4,4,1
1932,Burnley,Swansea City,1,2,2,2,3,-1,0
1932,Bury,Charlton Athletic,3,1,2,2,4,2,1
1932,Bury,Oldham Athletic,3,3,2,2,6,0,0
1932,Charlton Athletic,Grimsby Town,2,3,2,2,5,-1,0
1932,Charlton Athletic,Millwall,1,4,2,2,5,-3,0
1932,Charlton Athletic,Oldham Athletic,1,0,2,2,1,1,1
1932,Charlton Athletic,Preston North End,0,1,2,2,1,-1,0
1932,Charlton Athletic,Swansea City,3,1,2,2,4,2,1
1932,Chesterfield,Bradford City,1,2,2,2,3,-1,0
1932,Chesterfield,Bury,1,3,2,2,4,-2,0
1932,Chesterfield,Oldham Athletic,3,1,2,2,4,2,1
1932,Chesterfield,Swansea City,1,0,2,2,1,1,1
1932,Fulham,Bury,3,3,2,2,6,0,0
1932,Fulham,Millwall,1,1,2,2,2,0,0
1932,Fulham,Oldham Athletic,1,0,2,2,1,1,1
1932,Fulham,Swansea City,3,1,2,2,4,2,1
1932,Grimsby Town,Bradford City,1,1,2,2,2,0,0
1932,Grimsby Town,Preston North End,5,5,2,2,10,0,0
1932,Grimsby Town,Swansea City,2,1,2,2,3,1,1
1932,Lincoln City,Bradford City,0,0,2,2,0,0,0
1932,Lincoln City,Fulham,3,0,2,2,3,3,1
1932,Lincoln City,Millwall,3,0,2,2,3,3,1
1932,Lincoln City,Oldham Athletic,1,3,2,2,4,-2,0
1932,Lincoln City,Preston North End,2,1,2,2,3,1,1
1932,Manchester United,Bradford City,0,1,2,2,1,-1,0
1932,Manchester United,Fulham,4,3,2,2,7,1,1
1932,Manchester United,Oldham Athletic,2,0,2,2,2,2,1
1932,Manchester United,Preston North End,0,0,2,2,0,0,0
1932,Millwall,Fulham,2,1,2,2,3,1,1
1932,Millwall,Manchester United,2,0,2,2,2,2,1
1932,Millwall,Oldham Athletic,6,1,2,2,7,5,1
1932,Millwall,Preston North End,1,1,2,2,2,0,0
1932,Nottingham Forest,Bradford City,3,1,2,2,4,2,1
1932,Nottingham Forest,Bury,0,2,2,2,2,-2,0
1932,Nottingham Forest,Manchester United,3,2,2,2,5,1,1
1932,Nottingham Forest,Swansea City,2,2,2,2,4,0,0
1932,Notts County,Bury,2,2,2,2,4,0,0
1932,Notts County,Fulham,1,2,2,2,3,-1,0
1932,Notts County,Manchester United,1,0,2,2,1,1,1
1932,Notts County,Swansea City,1,2,2,2,3,-1,0
1932,Oldham Athletic,Bradford City,6,1,2,2,7,5,1
1932,Oldham Athletic,Bury,2,1,2,2,3,1,1
1932,Oldham Athletic,Manchester United,1,1,2,2,2,0,0
1932,Oldham Athletic,Notts County,5,0,2,2,5,5,1
1932,Plymouth Argyle,Bury,1,0,2,2,1,1,1
1932,Plymouth Argyle,Fulham,2,3,2,2,5,-1,0
1932,Plymouth Argyle,Manchester United,2,3,2,2,5,-1,0
1932,Plymouth Argyle,Notts County,0,2,2,2,2,-2,0
1932,Plymouth Argyle,Swansea City,1,0,2,2,1,1,1
1932,Port Vale,Bradford City,2,0,2,2,2,2,1
1932,Port Vale,Manchester United,3,3,2,2,6,0,0
1932,Port Vale,Notts County,4,0,2,2,4,4,1
1932,Port Vale,Preston North End,0,1,2,2,1,-1,0
1932,Preston North End,Bury,1,3,2,2,4,-2,0
1932,Preston North End,Manchester United,3,3,2,2,6,0,0
1932,Preston North End,Notts County,3,0,2,2,3,3,1
1932,Preston North End,Swansea City,1,0,2,2,1,1,1
1932,Southampton,Bradford City,3,1,2,2,4,2,1
1932,Southampton,Bury,1,0,2,2,1,1,1
1932,Southampton,Fulham,2,2,2,2,4,0,0
1932,Southampton,Swansea City,2,0,2,2,2,2,1
1932,Stoke City,Bradford City,4,1,2,2,5,3,1
1932,Stoke City,Manchester United,0,0,2,2,0,0,0
1932,Swansea City,Bradford City,2,0,2,2,2,2,1
1932,Swansea City,Bury,2,1,2,2,3,1,1
1932,Swansea City,Fulham,3,0,2,2,3,3,1
1932,Swansea City,Manchester United,2,1,2,2,3,1,1
1932,Swansea City,Port Vale,2,0,2,2,2,2,1
1932,Swansea City,Stoke City,0,2,2,2,2,-2,0
1932,Tottenham Hotspur,Bury,2,1,2,2,3,1,1
1932,Tottenham Hotspur,Manchester United,6,1,2,2,7,5,1
1932,Tottenham Hotspur,Port Vale,4,0,2,2,4,4,1
1932,Tottenham Hotspur,Stoke City,3,2,2,2,5,1,1
1932,West Ham United,Bradford City,2,4,2,2,6,-2,0
1932,West Ham United,Bury,0,1,2,2,1,-1,0
1932,West Ham United,Fulham,1,1,2,2,2,0,0
1932,West Ham United,Port Vale,5,0,2,2,5,5,1
1932,West Ham United,Stoke City,1,2,2,2,3,-1,0
1932,Accrington Stanley,Chester,1,4,3a,3,5,-3,0
1932,Accrington Stanley,Doncaster Rovers,1,1,3a,3,2,0,0
1932,Accrington Stanley,New Brighton,5,4,3a,3,9,1,1
1932,Accrington Stanley,Southport,1,1,3a,3,2,0,0
1932,Barnsley,Accrington Stanley,4,0,3a,3,4,4,1
1932,Barnsley,Chester,0,3,3a,3,3,-3,0
1932,Barnsley,Walsall,2,1,3a,3,3,1,1
1932,Barrow,Accrington Stanley,5,0,3a,3,5,5,1
1932,Barrow,Chester,2,3,3a,3,5,-1,0
1932,Barrow,Doncaster Rovers,3,0,3a,3,3,3,1
1932,Barrow,Hartlepool United,3,1,3a,3,4,2,1
1932,Barrow,Walsall,1,2,3a,3,3,-1,0
1932,Carlisle United,Doncaster Rovers,0,2,3a,3,2,-2,0
1932,Carlisle United,Walsall,1,1,3a,3,2,0,0
1932,Chester,Accrington Stanley,4,2,3a,3,6,2,1
1932,Chester,Carlisle United,4,0,3a,3,4,4,1
1932,Chester,Doncaster Rovers,2,0,3a,3,2,2,1
1932,Chester,Walsall,1,0,3a,3,1,1,1
1932,Crewe Alexandra,Carlisle United,1,0,3a,3,1,1,1
1932,Crewe Alexandra,New Brighton,4,0,3a,3,4,4,1
1932,Crewe Alexandra,Walsall,2,1,3a,3,3,1,1
1932,Darlington,Accrington Stanley,2,2,3a,3,4,0,0
1932,Darlington,Doncaster Rovers,2,2,3a,3,4,0,0
1932,Darlington,New Brighton,2,1,3a,3,3,1,1
1932,Darlington,Walsall,1,1,3a,3,2,0,0
1932,Doncaster Rovers,Accrington Stanley,2,2,3a,3,4,0,0
1932,Doncaster Rovers,Darlington,3,1,3a,3,4,2,1
1932,Doncaster Rovers,New Brighton,2,0,3a,3,2,2,1
1932,Doncaster Rovers,Southport,2,1,3a,3,3,1,1
1932,Doncaster Rovers,Walsall,3,2,3a,3,5,1,1
1932,Gateshead,Darlington,3,0,3a,3,3,3,1
1932,Gateshead,Hartlepool United,3,1,3a,3,4,2,1
1932,Gateshead,New Brighton,2,0,3a,3,2,2,1
1932,Gateshead,Southport,4,1,3a,3,5,3,1
1932,Halifax Town,Accrington Stanley,0,0,3a,3,0,0,0
1932,Halifax Town,Darlington,4,2,3a,3,6,2,1
1932,Halifax Town,Hartlepool United,4,0,3a,3,4,4,1
1932,Halifax Town,Southport,1,0,3a,3,1,1,1
1932,Hartlepool United,Darlington,2,1,3a,3,3,1,1
1932,Hartlepool United,Walsall,2,0,3a,3,2,2,1
1932,Hull City,Accrington Stanley,4,2,3a,3,6,2,1
1932,Hull City,Carlisle United,6,1,3a,3,7,5,1
1932,Hull City,Darlington,3,1,3a,3,4,2,1
1932,Hull City,Walsall,0,0,3a,3,0,0,0
1932,Mansfield Town,Accrington Stanley,1,3,3a,3,4,-2,0
1932,Mansfield Town,Darlington,3,3,3a,3,6,0,0
1932,New Brighton,Carlisle United,2,0,3a,3,2,2,1
1932,New Brighton,Halifax Town,0,3,3a,3,3,-3,0
1932,Rochdale,Darlington,1,1,3a,3,2,0,0
1932,Rochdale,Mansfield Town,2,1,3a,3,3,1,1
1932,Rotherham United,Darlington,3,1,3a,3,4,2,1
1932,Rotherham United,Southport,3,1,3a,3,4,2,1
1932,Southport,Carlisle United,4,0,3a,3,4,4,1
1932,Southport,Rotherham United,2,0,3a,3,2,2,1
1932,Southport,Walsall,2,1,3a,3,3,1,1
1932,Stockport County,Carlisle United,0,1,3a,3,1,-1,0
1932,Stockport County,Halifax Town,6,0,3a,3,6,6,1
1932,Stockport County,Mansfield Town,2,2,3a,3,4,0,0
1932,Stockport County,Walsall,5,0,3a,3,5,5,1
1932,Tranmere Rovers,Darlington,3,1,3a,3,4,2,1
1932,Tranmere Rovers,Mansfield Town,3,0,3a,3,3,3,1
1932,Tranmere Rovers,Rotherham United,1,0,3a,3,1,1,1
1932,Walsall,Accrington Stanley,1,0,3a,3,1,1,1
1932,Walsall,Carlisle United,5,0,3a,3,5,5,1
1932,Walsall,Halifax Town,4,0,3a,3,4,4,1
1932,Wrexham,Accrington Stanley,1,0,3a,3,1,1,1
1932,Wrexham,Carlisle United,2,1,3a,3,3,1,1
1932,Wrexham,Darlington,3,1,3a,3,4,2,1
1932,Wrexham,Rotherham United,5,1,3a,3,6,4,1
1932,Wrexham,Tranmere Rovers,1,1,3a,3,2,0,0
1932,York City,Darlington,6,1,3a,3,7,5,1
1932,York City,Halifax Town,5,3,3a,3,8,2,1
1932,York City,Mansfield Town,4,3,3a,3,7,1,1
1932,York City,Tranmere Rovers,0,1,3a,3,1,-1,0
1932,AFC Bournemouth,Aldershot,1,0,3b,3,1,1,1
1932,AFC Bournemouth,Bristol City,6,1,3b,3,7,5,1
1932,AFC Bournemouth,Gillingham,1,0,3b,3,1,1,1
1932,AFC Bournemouth,Newport County,1,2,3b,3,3,-1,0
1932,AFC Bournemouth,Queens Park Rangers,3,0,3b,3,3,3,1
1932,AFC Bournemouth,Swindon Town,5,1,3b,3,6,4,1
1932,Aldershot,AFC Bournemouth,1,1,3b,3,2,0,0
1932,Aldershot,Bristol City,1,0,3b,3,1,1,1
1932,Aldershot,Newport County,2,1,3b,3,3,1,1
1932,Brentford,AFC Bournemouth,1,1,3b,3,2,0,0
1932,Brentford,Coventry City,2,1,3b,3,3,1,1
1932,Brentford,Newport County,6,0,3b,3,6,6,1
1932,Brentford,Queens Park Rangers,2,0,3b,3,2,2,1
1932,Brighton & Hove Albion,AFC Bournemouth,3,0,3b,3,3,3,1
1932,Brighton & Hove Albion,Coventry City,1,0,3b,3,1,1,1
1932,Brighton & Hove Albion,Gillingham,1,0,3b,3,1,1,1
1932,Brighton & Hove Albion,Queens Park Rangers,4,1,3b,3,5,3,1
1932,Bristol City,Gillingham,1,1,3b,3,2,0,0
1932,Bristol City,Queens Park Rangers,2,3,3b,3,5,-1,0
1932,Bristol Rovers,Brighton & Hove Albion,5,3,3b,3,8,2,1
1932,Bristol Rovers,Gillingham,1,0,3b,3,1,1,1
1932,Bristol Rovers,Swindon Town,1,0,3b,3,1,1,1
1932,Cardiff City,AFC Bournemouth,3,0,3b,3,3,3,1
1932,Cardiff City,Gillingham,1,0,3b,3,1,1,1
1932,Cardiff City,Newport County,1,3,3b,3,4,-2,0
1932,Cardiff City,Swindon Town,3,0,3b,3,3,3,1
1932,Coventry City,Cardiff City,5,0,3b,3,5,5,1
1932,Coventry City,Newport County,3,1,3b,3,4,2,1
1932,Crystal Palace,Brighton & Hove Albion,5,0,3b,3,5,5,1
1932,Crystal Palace,Cardiff City,4,1,3b,3,5,3,1
1932,Crystal Palace,Swindon Town,4,3,3b,3,7,1,1
1932,Exeter City,AFC Bournemouth,2,3,3b,3,5,-1,0
1932,Exeter City,Gillingham,2,1,3b,3,3,1,1
1932,Gillingham,Brighton & Hove Albion,2,0,3b,3,2,2,1
1932,Gillingham,Cardiff City,1,1,3b,3,2,0,0
1932,Gillingham,Newport County,2,0,3b,3,2,2,1
1932,Gillingham,Swindon Town,3,1,3b,3,4,2,1
1932,Leyton Orient,Cardiff City,3,0,3b,3,3,3,1
1932,Leyton Orient,Exeter City,2,2,3b,3,4,0,0
1932,Leyton Orient,Queens Park Rangers,2,2,3b,3,4,0,0
1932,Luton Town,Cardiff City,8,1,3b,3,9,7,1
1932,Luton Town,Newport County,2,2,3b,3,4,0,0
1932,Luton Town,Queens Park Rangers,3,1,3b,3,4,2,1
1932,Luton Town,Swindon Town,6,2,3b,3,8,4,1
1932,Newport County,Brighton & Hove Albion,5,2,3b,3,7,3,1
1932,Newport County,Cardiff City,4,2,3b,3,6,2,1
1932,Newport County,Exeter City,1,1,3b,3,2,0,0
1932,Newport County,Swindon Town,1,2,3b,3,3,-1,0
1932,Northampton Town,Brighton & Hove Albion,0,0,3b,3,0,0,0
1932,Northampton Town,Cardiff City,2,0,3b,3,2,2,1
1932,Northampton Town,Exeter City,5,3,3b,3,8,2,1
1932,Norwich City,Brighton & Hove Albion,1,0,3b,3,1,1,1
1932,Norwich City,Cardiff City,3,1,3b,3,4,2,1
1932,Norwich City,Exeter City,0,0,3b,3,0,0,0
1932,Queens Park Rangers,AFC Bournemouth,3,1,3b,3,4,2,1
1932,Queens Park Rangers,Brighton & Hove Albion,0,1,3b,3,1,-1,0
1932,Queens Park Rangers,Cardiff City,5,1,3b,3,6,4,1
1932,Queens Park Rangers,Exeter City,1,3,3b,3,4,-2,0
1932,Reading,AFC Bournemouth,6,2,3b,3,8,4,1
1932,Reading,Exeter City,2,2,3b,3,4,0,0
1932,Reading,Luton Town,4,1,3b,3,5,3,1
1932,Reading,Norwich City,3,2,3b,3,5,1,1
1932,Southend United,AFC Bournemouth,2,1,3b,3,3,1,1
1932,Southend United,Brighton & Hove Albion,2,1,3b,3,3,1,1
1932,Southend United,Exeter City,1,2,3b,3,3,-1,0
1932,Southend United,Norwich City,2,1,3b,3,3,1,1
1932,Southend United,Swindon Town,0,0,3b,3,0,0,0
1932,Swindon Town,AFC Bournemouth,2,0,3b,3,2,2,1
1932,Swindon Town,Brighton & Hove Albion,5,1,3b,3,6,4,1
1932,Swindon Town,Exeter City,2,2,3b,3,4,0,0
1932,Swindon Town,Norwich City,2,4,3b,3,6,-2,0
1932,Torquay United,AFC Bournemouth,2,1,3b,3,3,1,1
1932,Torquay United,Cardiff City,4,1,3b,3,5,3,1
1932,Torquay United,Exeter City,1,3,3b,3,4,-2,0
1932,Torquay United,Southend United,8,1,3b,3,9,7,1
1932,Watford,AFC Bournemouth,2,1,3b,3,3,1,1
1932,Watford,Norwich City,1,2,3b,3,3,-1,0
1933,Arsenal,Sheffield Wednesday,1,1,1,1,2,0,0
1933,Arsenal,Tottenham Hotspur,1,3,1,1,4,-2,0
1933,Aston Villa,Huddersfield Town,4,3,1,1,7,1,1
1933,Aston Villa,Liverpool,4,2,1,1,6,2,1
1933,Birmingham City,Huddersfield Town,1,3,1,1,4,-2,0
1933,Birmingham City,Newcastle United,1,2,1,1,3,-1,0
1933,Birmingham City,Sheffield Wednesday,3,0,1,1,3,3,1
1933,Birmingham City,Tottenham Hotspur,2,0,1,1,2,2,1
1933,Blackburn Rovers,Arsenal,2,2,1,1,4,0,0
1933,Blackburn Rovers,Huddersfield Town,2,2,1,1,4,0,0
1933,Blackburn Rovers,Newcastle United,3,2,1,1,5,1,1
1933,Blackburn Rovers,Sheffield Wednesday,3,1,1,1,4,2,1
1933,Blackburn Rovers,Tottenham Hotspur,1,0,1,1,1,1,1
1933,Chelsea,Arsenal,2,2,1,1,4,0,0
1933,Chelsea,Blackburn Rovers,3,0,1,1,3,3,1
1933,Chelsea,Liverpool,2,0,1,1,2,2,1
1933,Chelsea,Newcastle United,2,1,1,1,3,1,1
1933,Chelsea,Sheffield Wednesday,0,1,1,1,1,-1,0
1933,Derby County,Liverpool,3,1,1,1,4,2,1
1933,Derby County,Newcastle United,1,1,1,1,2,0,0
1933,Derby County,Sheffield Wednesday,1,1,1,1,2,0,0
1933,Everton,Liverpool,0,0,1,1,0,0,0
1933,Everton,Tottenham Hotspur,1,1,1,1,2,0,0
1933,Huddersfield Town,Newcastle United,4,1,1,1,5,3,1
1933,Huddersfield Town,Tottenham Hotspur,2,0,1,1,2,2,1
1933,Leeds United,Everton,2,2,1,1,4,0,0
1933,Leeds United,Newcastle United,3,0,1,1,3,3,1
1933,Leeds United,Sheffield Wednesday,2,1,1,1,3,1,1
1933,Leeds United,Tottenham Hotspur,0,0,1,1,0,0,0
1933,Leicester City,Arsenal,4,1,1,1,5,3,1
1933,Leicester City,Everton,3,1,1,1,4,2,1
1933,Leicester City,Liverpool,1,0,1,1,1,1,1
1933,Leicester City,Tottenham Hotspur,1,3,1,1,4,-2,0
1933,Liverpool,Arsenal,2,3,1,1,5,-1,0
1933,Liverpool,Blackburn Rovers,4,0,1,1,4,4,1
1933,Liverpool,Sheffield Wednesday,1,3,1,1,4,-2,0
1933,Liverpool,Tottenham Hotspur,3,1,1,1,4,2,1
1933,Manchester City,Arsenal,2,1,1,1,3,1,1
1933,Manchester City,Leicester City,1,1,1,1,2,0,0
1933,Manchester City,Newcastle United,1,1,1,1,2,0,0
1933,Middlesbrough,Everton,2,0,1,1,2,2,1
1933,Middlesbrough,Leicester City,4,1,1,1,5,3,1
1933,Middlesbrough,Newcastle United,1,0,1,1,1,1,1
1933,Newcastle United,Arsenal,0,1,1,1,1,-1,0
1933,Newcastle United,Everton,1,2,1,1,3,-1,0
1933,Newcastle United,Leicester City,1,1,1,1,2,0,0
1933,Newcastle United,Middlesbrough,1,1,1,1,2,0,0
1933,Newcastle United,Sheffield Wednesday,0,0,1,1,0,0,0
1933,Portsmouth,Blackburn Rovers,2,0,1,1,2,2,1
1933,Portsmouth,Leicester City,3,5,1,1,8,-2,0
1933,Portsmouth,Tottenham Hotspur,0,1,1,1,1,-1,0
1933,Sheffield United,Arsenal,1,3,1,1,4,-2,0
1933,Sheffield United,Blackburn Rovers,1,0,1,1,1,1,1
1933,Sheffield United,Everton,1,1,1,1,2,0,0
1933,Sheffield United,Leicester City,2,1,1,1,3,1,1
1933,Sheffield United,Middlesbrough,3,1,1,1,4,2,1
1933,Sheffield United,Sheffield Wednesday,5,1,1,1,6,4,1
1933,Sheffield Wednesday,Arsenal,1,2,1,1,3,-1,0
1933,Sheffield Wednesday,Everton,0,0,1,1,0,0,0
1933,Sheffield Wednesday,Tottenham Hotspur,2,1,1,1,3,1,1
1933,Stoke City,Arsenal,1,1,1,1,2,0,0
1933,Stoke City,Tottenham Hotspur,2,0,1,1,2,2,1
1933,Sunderland,Arsenal,3,0,1,1,3,3,1
1933,Sunderland,Blackburn Rovers,3,0,1,1,3,3,1
1933,Sunderland,Everton,3,2,1,1,5,1,1
1933,Sunderland,Leicester City,2,1,1,1,3,1,1
1933,Sunderland,Middlesbrough,2,0,1,1,2,2,1
1933,Sunderland,Sheffield United,5,0,1,1,5,5,1
1933,Tottenham Hotspur,Arsenal,1,1,1,1,2,0,0
1933,Tottenham Hotspur,Blackburn Rovers,4,1,1,1,5,3,1
1933,Tottenham Hotspur,Everton,3,0,1,1,3,3,1
1933,Tottenham Hotspur,Leicester City,0,1,1,1,1,-1,0
1933,Tottenham Hotspur,Sunderland,3,1,1,1,4,2,1
1933,West Bromwich Albion,Arsenal,1,0,1,1,1,1,1
1933,West Bromwich Albion,Blackburn Rovers,0,1,1,1,1,-1,0
1933,West Bromwich Albion,Everton,3,3,1,1,6,0,0
1933,West Bromwich Albion,Leicester City,2,0,1,1,2,2,1
1933,West Bromwich Albion,Middlesbrough,3,0,1,1,3,3,1
1933,West Bromwich Albion,Sunderland,6,5,1,1,11,1,1
1933,Wolverhampton Wanderers,Arsenal,0,1,1,1,1,-1,0
1933,Wolverhampton Wanderers,Everton,2,0,1,1,2,2,1
1933,Wolverhampton Wanderers,Sheffield United,3,2,1,1,5,1,1
1933,Blackpool,Fulham,4,3,2,2,7,1,1
1933,Blackpool,Nottingham Forest,2,3,2,2,5,-1,0
1933,Bolton Wanderers,Blackpool,1,2,2,2,3,-1,0
1933,Bolton Wanderers,Lincoln City,1,2,2,2,3,-1,0
1933,Bolton Wanderers,Nottingham Forest,1,1,2,2,2,0,0
1933,Bolton Wanderers,Plymouth Argyle,2,0,2,2,2,2,1
1933,Bradford City,Fulham,1,0,2,2,1,1,1
1933,Bradford City,Plymouth Argyle,3,4,2,2,7,-1,0
1933,Bradford City,Southampton,2,2,2,2,4,0,0
1933,Bradford Park Avenue,Brentford,5,2,2,2,7,3,1
1933,Bradford Park Avenue,Nottingham Forest,6,2,2,2,8,4,1
1933,Bradford Park Avenue,Southampton,3,1,2,2,4,2,1
1933,Brentford,Fulham,1,2,2,2,3,-1,0
1933,Brentford,Nottingham Forest,2,1,2,2,3,1,1
1933,Brentford,Plymouth Argyle,3,0,2,2,3,3,1
1933,Burnley,Fulham,2,1,2,2,3,1,1
1933,Burnley,Nottingham Forest,1,0,2,2,1,1,1
1933,Burnley,Southampton,2,1,2,2,3,1,1
1933,Bury,Blackpool,2,5,2,2,7,-3,0
1933,Bury,Fulham,3,3,2,2,6,0,0
1933,Bury,Lincoln City,0,2,2,2,2,-2,0
1933,Bury,Southampton,1,0,2,2,1,1,1
1933,Fulham,Bury,2,1,2,2,3,1,1
1933,Fulham,Lincoln City,1,0,2,2,1,1,1
1933,Fulham,Southampton,1,0,2,2,1,1,1
1933,Grimsby Town,Blackpool,7,0,2,2,7,7,1
1933,Grimsby Town,Lincoln City,3,0,2,2,3,3,1
1933,Grimsby Town,Nottingham Forest,2,1,2,2,3,1,1
1933,Grimsby Town,Plymouth Argyle,5,1,2,2,6,4,1
1933,Hull City,Blackpool,3,0,2,2,3,3,1
1933,Hull City,Lincoln City,2,0,2,2,2,2,1
1933,Hull City,Nottingham Forest,2,2,2,2,4,0,0
1933,Hull City,Plymouth Argyle,5,4,2,2,9,1,1
1933,Lincoln City,Bradford Park Avenue,2,1,2,2,3,1,1
1933,Lincoln City,Hull City,2,1,2,2,3,1,1
1933,Manchester United,Bradford Park Avenue,0,4,2,2,4,-4,0
1933,Manchester United,Hull City,4,1,2,2,5,3,1
1933,Manchester United,Nottingham Forest,0,1,2,2,1,-1,0
1933,Millwall,Blackpool,0,0,2,2,0,0,0
1933,Millwall,Plymouth Argyle,0,0,2,2,0,0,0
1933,Millwall,Southampton,1,0,2,2,1,1,1
1933,Nottingham Forest,Blackpool,0,0,2,2,0,0,0
1933,Nottingham Forest,Bradford Park Avenue,3,0,2,2,3,3,1
1933,Nottingham Forest,Bury,7,2,2,2,9,5,1
1933,Nottingham Forest,Hull City,0,1,2,2,1,-1,0
1933,Nottingham Forest,Millwall,2,0,2,2,2,2,1
1933,Notts County,Bury,2,1,2,2,3,1,1
1933,Notts County,Millwall,0,1,2,2,1,-1,0
1933,Notts County,Plymouth Argyle,2,1,2,2,3,1,1
1933,Notts County,Southampton,2,2,2,2,4,0,0
1933,Oldham Athletic,Bradford Park Avenue,1,3,2,2,4,-2,0
1933,Oldham Athletic,Hull City,7,0,2,2,7,7,1
1933,Oldham Athletic,Southampton,1,1,2,2,2,0,0
1933,Plymouth Argyle,Blackpool,0,3,2,2,3,-3,0
1933,Plymouth Argyle,Oldham Athletic,1,0,2,2,1,1,1
1933,Plymouth Argyle,Southampton,0,0,2,2,0,0,0
1933,Port Vale,Oldham Athletic,2,0,2,2,2,2,1
1933,Port Vale,Southampton,2,1,2,2,3,1,1
1933,Preston North End,Blackpool,3,0,2,2,3,3,1
1933,Preston North End,Bradford Park Avenue,3,1,2,2,4,2,1
1933,Preston North End,Hull City,5,0,2,2,5,5,1
1933,Preston North End,Southampton,3,1,2,2,4,2,1
1933,Southampton,Bradford Park Avenue,5,0,2,2,5,5,1
1933,Southampton,Preston North End,0,1,2,2,1,-1,0
1933,Swansea City,Bradford Park Avenue,5,1,2,2,6,4,1
1933,Swansea City,Bury,1,1,2,2,2,0,0
1933,Swansea City,Millwall,2,0,2,2,2,2,1
1933,Swansea City,Oldham Athletic,2,2,2,2,4,0,0
1933,Swansea City,Preston North End,1,2,2,2,3,-1,0
1933,West Ham United,Blackpool,1,2,2,2,3,-1,0
1933,West Ham United,Millwall,1,1,2,2,2,0,0
1933,West Ham United,Oldham Athletic,1,4,2,2,5,-3,0
1933,Accrington Stanley,Halifax Town,1,1,3a,3,2,0,0
1933,Accrington Stanley,New Brighton,8,0,3a,3,8,8,1
1933,Barnsley,Accrington Stanley,6,0,3a,3,6,6,1
1933,Barnsley,Darlington,4,0,3a,3,4,4,1
1933,Barnsley,New Brighton,2,0,3a,3,2,2,1
1933,Barnsley,Southport,3,2,3a,3,5,1,1
1933,Barnsley,Walsall,1,1,3a,3,2,0,0
1933,Barrow,Chester,9,0,3a,3,9,9,1
1933,Barrow,Halifax Town,5,2,3a,3,7,3,1
1933,Barrow,Walsall,5,5,3a,3,10,0,0
1933,Carlisle United,Accrington Stanley,3,0,3a,3,3,3,1
1933,Carlisle United,Chester,1,0,3a,3,1,1,1
1933,Carlisle United,Darlington,3,3,3a,3,6,0,0
1933,Carlisle United,Halifax Town,1,0,3a,3,1,1,1
1933,Carlisle United,New Brighton,1,2,3a,3,3,-1,0
1933,Carlisle United,Southport,0,0,3a,3,0,0,0
1933,Carlisle United,Walsall,3,2,3a,3,5,1,1
1933,Chester,Darlington,8,0,3a,3,8,8,1
1933,Chester,New Brighton,0,0,3a,3,0,0,0
1933,Chesterfield,Darlington,0,1,3a,3,1,-1,0
1933,Chesterfield,Halifax Town,4,2,3a,3,6,2,1
1933,Chesterfield,Walsall,1,2,3a,3,3,-1,0
1933,Crewe Alexandra,Carlisle United,4,0,3a,3,4,4,1
1933,Crewe Alexandra,Darlington,2,3,3a,3,5,-1,0
1933,Crewe Alexandra,Halifax Town,1,1,3a,3,2,0,0
1933,Crewe Alexandra,Walsall,1,4,3a,3,5,-3,0
1933,Darlington,Accrington Stanley,3,1,3a,3,4,2,1
1933,Darlington,Crewe Alexandra,1,1,3a,3,2,0,0
1933,Darlington,Halifax Town,4,2,3a,3,6,2,1
1933,Darlington,Walsall,2,1,3a,3,3,1,1
1933,Doncaster Rovers,Crewe Alexandra,4,0,3a,3,4,4,1
1933,Doncaster Rovers,Halifax Town,3,0,3a,3,3,3,1
1933,Doncaster Rovers,New Brighton,1,0,3a,3,1,1,1
1933,Doncaster Rovers,Southport,3,0,3a,3,3,3,1
1933,Gateshead,Accrington Stanley,2,0,3a,3,2,2,1
1933,Gateshead,Crewe Alexandra,2,1,3a,3,3,1,1
1933,Gateshead,New Brighton,6,0,3a,3,6,6,1
1933,Gateshead,Walsall,2,1,3a,3,3,1,1
1933,Halifax Town,New Brighton,1,1,3a,3,2,0,0
1933,Hartlepool United,Gateshead,3,3,3a,3,6,0,0
1933,Hartlepool United,Southport,1,2,3a,3,3,-1,0
1933,Mansfield Town,Accrington Stanley,5,0,3a,3,5,5,1
1933,Mansfield Town,Gateshead,1,1,3a,3,2,0,0
1933,Mansfield Town,New Brighton,5,2,3a,3,7,3,1
1933,Mansfield Town,Southport,2,2,3a,3,4,0,0
1933,Mansfield Town,Walsall,1,2,3a,3,3,-1,0
1933,New Brighton,Mansfield Town,5,1,3a,3,6,4,1
1933,New Brighton,Southport,5,2,3a,3,7,3,1
1933,New Brighton,Walsall,2,0,3a,3,2,2,1
1933,Rochdale,Crewe Alexandra,2,0,3a,3,2,2,1
1933,Rochdale,Gateshead,2,0,3a,3,2,2,1
1933,Rochdale,Mansfield Town,2,2,3a,3,4,0,0
1933,Rochdale,Southport,3,3,3a,3,6,0,0
1933,Rotherham United,Crewe Alexandra,3,4,3a,3,7,-1,0
1933,Rotherham United,Gateshead,3,2,3a,3,5,1,1
1933,Rotherham United,Southport,0,1,3a,3,1,-1,0
1933,Rotherham United,Walsall,1,1,3a,3,2,0,0
1933,Southport,Gateshead,1,1,3a,3,2,0,0
1933,Southport,Mansfield Town,3,3,3a,3,6,0,0
1933,Southport,Walsall,3,1,3a,3,4,2,1
1933,Stockport County,Carlisle United,4,0,3a,3,4,4,1
1933,Stockport County,Crewe Alexandra,1,1,3a,3,2,0,0
1933,Stockport County,Mansfield Town,3,1,3a,3,4,2,1
1933,Stockport County,Rotherham United,3,1,3a,3,4,2,1
1933,Tranmere Rovers,Accrington Stanley,2,0,3a,3,2,2,1
1933,Tranmere Rovers,Gateshead,2,1,3a,3,3,1,1
1933,Tranmere Rovers,Mansfield Town,3,2,3a,3,5,1,1
1933,Tranmere Rovers,Walsall,1,0,3a,3,1,1,1
1933,Walsall,Rotherham United,3,1,3a,3,4,2,1
1933,Wrexham,Mansfield Town,5,0,3a,3,5,5,1
1933,York City,Accrington Stanley,3,2,3a,3,5,1,1
1933,York City,Carlisle United,4,1,3a,3,5,3,1
1933,York City,Crewe Alexandra,4,1,3a,3,5,3,1
1933,AFC Bournemouth,Aldershot,1,2,3b,3,3,-1,0
1933,AFC Bournemouth,Bristol Rovers,2,0,3b,3,2,2,1
1933,AFC Bournemouth,Coventry City,3,3,3b,3,6,0,0
1933,AFC Bournemouth,Queens Park Rangers,3,2,3b,3,5,1,1
1933,AFC Bournemouth,Swindon Town,1,1,3b,3,2,0,0
1933,Aldershot,AFC Bournemouth,0,0,3b,3,0,0,0
1933,Aldershot,Coventry City,1,1,3b,3,2,0,0
1933,Aldershot,Newport County,3,2,3b,3,5,1,1
1933,Aldershot,Swindon Town,1,2,3b,3,3,-1,0
1933,Brighton & Hove Albion,Bristol Rovers,0,2,3b,3,2,-2,0
1933,Brighton & Hove Albion,Gillingham,5,2,3b,3,7,3,1
1933,Brighton & Hove Albion,Newport County,1,1,3b,3,2,0,0
1933,Brighton & Hove Albion,Queens Park Rangers,0,1,3b,3,1,-1,0
1933,Brighton & Hove Albion,Swindon Town,3,0,3b,3,3,3,1
1933,Bristol City,AFC Bournemouth,3,1,3b,3,4,2,1
1933,Bristol Rovers,Bristol City,5,1,3b,3,6,4,1
1933,Bristol Rovers,Queens Park Rangers,4,1,3b,3,5,3,1
1933,Cardiff City,AFC Bournemouth,4,2,3b,3,6,2,1
1933,Cardiff City,Gillingham,1,3,3b,3,4,-2,0
1933,Cardiff City,Newport County,1,1,3b,3,2,0,0
1933,Cardiff City,Queens Park Rangers,3,1,3b,3,4,2,1
1933,Charlton Athletic,Bristol City,2,1,3b,3,3,1,1
1933,Charlton Athletic,Gillingham,2,2,3b,3,4,0,0
1933,Charlton Athletic,Newport County,6,1,3b,3,7,5,1
1933,Charlton Athletic,Swindon Town,1,0,3b,3,1,1,1
1933,Coventry City,AFC Bournemouth,4,1,3b,3,5,3,1
1933,Coventry City,Charlton Athletic,3,2,3b,3,5,1,1
1933,Coventry City,Queens Park Rangers,0,1,3b,3,1,-1,0
1933,Crystal Palace,Bristol City,0,1,3b,3,1,-1,0
1933,Crystal Palace,Gillingham,3,2,3b,3,5,1,1
1933,Exeter City,Bristol City,2,0,3b,3,2,2,1
1933,Exeter City,Charlton Athletic,2,0,3b,3,2,2,1
1933,Gillingham,AFC Bournemouth,5,1,3b,3,6,4,1
1933,Gillingham,Exeter City,1,1,3b,3,2,0,0
1933,Gillingham,Newport County,1,0,3b,3,1,1,1
1933,Leyton Orient,AFC Bournemouth,4,1,3b,3,5,3,1
1933,Leyton Orient,Charlton Athletic,1,3,3b,3,4,-2,0
1933,Leyton Orient,Exeter City,4,0,3b,3,4,4,1
1933,Leyton Orient,Queens Park Rangers,2,2,3b,3,4,0,0
1933,Leyton Orient,Swindon Town,1,0,3b,3,1,1,1
1933,Luton Town,Bristol City,3,0,3b,3,3,3,1
1933,Luton Town,Exeter City,3,2,3b,3,5,1,1
1933,Luton Town,Swindon Town,2,3,3b,3,5,-1,0
1933,Newport County,AFC Bournemouth,1,1,3b,3,2,0,0
1933,Newport County,Bristol City,2,2,3b,3,4,0,0
1933,Newport County,Exeter City,1,0,3b,3,1,1,1
1933,Newport County,Luton Town,1,2,3b,3,3,-1,0
1933,Newport County,Queens Park Rangers,1,2,3b,3,3,-1,0
1933,Northampton Town,AFC Bournemouth,4,1,3b,3,5,3,1
1933,Northampton Town,Charlton Athletic,1,2,3b,3,3,-1,0
1933,Norwich City,AFC Bournemouth,6,1,3b,3,7,5,1
1933,Norwich City,Queens Park Rangers,1,0,3b,3,1,1,1
1933,Queens Park Rangers,AFC Bournemouth,1,0,3b,3,1,1,1
1933,Queens Park Rangers,Exeter City,2,0,3b,3,2,2,1
1933,Queens Park Rangers,Norwich City,5,2,3b,3,7,3,1
1933,Reading,AFC Bournemouth,4,0,3b,3,4,4,1
1933,Reading,Bristol City,1,1,3b,3,2,0,0
1933,Reading,Charlton Athletic,1,0,3b,3,1,1,1
1933,Reading,Luton Town,4,1,3b,3,5,3,1
1933,Reading,Norwich City,1,0,3b,3,1,1,1
1933,Southend United,AFC Bournemouth,1,2,3b,3,3,-1,0
1933,Southend United,Bristol City,3,0,3b,3,3,3,1
1933,Southend United,Charlton Athletic,1,0,3b,3,1,1,1
1933,Southend United,Exeter City,3,1,3b,3,4,2,1
1933,Southend United,Norwich City,0,0,3b,3,0,0,0
1933,Southend United,Swindon Town,4,1,3b,3,5,3,1
1933,Swindon Town,AFC Bournemouth,3,2,3b,3,5,1,1
1933,Swindon Town,Bristol City,4,2,3b,3,6,2,1
1933,Swindon Town,Luton Town,3,1,3b,3,4,2,1
1933,Swindon Town,Southend United,1,4,3b,3,5,-3,0
1933,Torquay United,Charlton Athletic,1,4,3b,3,5,-3,0
1933,Torquay United,Exeter City,0,2,3b,3,2,-2,0
1933,Torquay United,Southend United,3,0,3b,3,3,3,1
1933,Watford,Bristol City,1,1,3b,3,2,0,0
1933,Watford,Charlton Athletic,0,1,3b,3,1,-1,0
1934,Arsenal,Aston Villa,1,2,1,1,3,-1,0
1934,Arsenal,Chelsea,2,2,1,1,4,0,0
1934,Arsenal,Sheffield Wednesday,4,1,1,1,5,3,1
1934,Arsenal,Tottenham Hotspur,5,1,1,1,6,4,1
1934,Aston Villa,Arsenal,1,3,1,1,4,-2,0
1934,Aston Villa,Chelsea,0,3,1,1,3,-3,0
1934,Aston Villa,Grimsby Town,3,2,1,1,5,1,1
1934,Aston Villa,Leicester City,5,0,1,1,5,5,1
1934,Aston Villa,Sheffield Wednesday,4,0,1,1,4,4,1
1934,Birmingham City,Arsenal,3,0,1,1,3,3,1
1934,Birmingham City,Chelsea,0,1,1,1,1,-1,0
1934,Birmingham City,Grimsby Town,3,2,1,1,5,1,1
1934,Birmingham City,Sheffield Wednesday,0,4,1,1,4,-4,0
1934,Blackburn Rovers,Chelsea,1,2,1,1,3,-1,0
1934,Blackburn Rovers,Grimsby Town,2,2,1,1,4,0,0
1934,Blackburn Rovers,Middlesbrough,3,2,1,1,5,1,1
1934,Chelsea,Arsenal,2,5,1,1,7,-3,0
1934,Chelsea,Grimsby Town,2,0,1,1,2,2,1
1934,Chelsea,Middlesbrough,2,1,1,1,3,1,1
1934,Derby County,Blackburn Rovers,1,1,1,1,2,0,0
1934,Derby County,Grimsby Town,1,4,1,1,5,-3,0
1934,Derby County,Leicester City,1,1,1,1,2,0,0
1934,Derby County,Sheffield Wednesday,4,0,1,1,4,4,1
1934,Everton,Arsenal,0,2,1,1,2,-2,0
1934,Everton,Leicester City,2,1,1,1,3,1,1
1934,Everton,Tottenham Hotspur,5,2,1,1,7,3,1
1934,Grimsby Town,Blackburn Rovers,1,2,1,1,3,-1,0
1934,Grimsby Town,Middlesbrough,2,2,1,1,4,0,0
1934,Grimsby Town,Sheffield Wednesday,3,1,1,1,4,2,1
1934,Huddersfield Town,Blackburn Rovers,6,0,1,1,6,6,1
1934,Huddersfield Town,Everton,1,1,1,1,2,0,0
1934,Huddersfield Town,Middlesbrough,3,1,1,1,4,2,1
1934,Leeds United,Blackburn Rovers,5,1,1,1,6,4,1
1934,Leicester City,Arsenal,3,5,1,1,8,-2,0
1934,Leicester City,Leeds United,1,0,1,1,1,1,1
1934,Leicester City,Sheffield Wednesday,0,1,1,1,1,-1,0
1934,Leicester City,Tottenham Hotspur,6,0,1,1,6,6,1
1934,Liverpool,Arsenal,0,2,1,1,2,-2,0
1934,Liverpool,Blackburn Rovers,2,0,1,1,2,2,1
1934,Liverpool,Middlesbrough,2,2,1,1,4,0,0
1934,Liverpool,Sheffield Wednesday,1,2,1,1,3,-1,0
1934,Liverpool,Tottenham Hotspur,4,1,1,1,5,3,1
1934,Manchester City,Blackburn Rovers,3,3,1,1,6,0,0
1934,Manchester City,Sheffield Wednesday,4,1,1,1,5,3,1
1934,Manchester City,Tottenham Hotspur,3,1,1,1,4,2,1
1934,Middlesbrough,Everton,3,2,1,1,5,1,1
1934,Middlesbrough,Leeds United,3,3,1,1,6,0,0
1934,Middlesbrough,Manchester City,1,2,1,1,3,-1,0
1934,Middlesbrough,Tottenham Hotspur,3,1,1,1,4,2,1
1934,Portsmouth,Blackburn Rovers,3,1,1,1,4,2,1
1934,Portsmouth,Manchester City,4,2,1,1,6,2,1
1934,Portsmouth,Sheffield Wednesday,2,1,1,1,3,1,1
1934,Preston North End,Arsenal,2,1,1,1,3,1,1
1934,Preston North End,Blackburn Rovers,3,1,1,1,4,2,1
1934,Preston North End,Sheffield Wednesday,2,1,1,1,3,1,1
1934,Stoke City,Everton,3,2,1,1,5,1,1
1934,Stoke City,Manchester City,2,0,1,1,2,2,1
1934,Sunderland,Arsenal,2,1,1,1,3,1,1
1934,Sunderland,Leeds United,3,0,1,1,3,3,1
1934,Sunderland,Manchester City,3,2,1,1,5,1,1
1934,Sunderland,Preston North End,3,1,1,1,4,2,1
1934,Sunderland,Tottenham Hotspur,1,2,1,1,3,-1,0
1934,Tottenham Hotspur,Arsenal,0,6,1,1,6,-6,0
1934,Tottenham Hotspur,Everton,1,1,1,1,2,0,0
1934,West Bromwich Albion,Arsenal,0,3,1,1,3,-3,0
1934,West Bromwich Albion,Everton,0,1,1,1,1,-1,0
1934,West Bromwich Albion,Leeds United,6,3,1,1,9,3,1
1934,West Bromwich Albion,Sunderland,1,1,1,1,2,0,0
1934,Wolverhampton Wanderers,Arsenal,1,1,1,1,2,0,0
1934,Wolverhampton Wanderers,Blackburn Rovers,2,1,1,1,3,1,1
1934,Wolverhampton Wanderers,Everton,4,2,1,1,6,2,1
1934,Wolverhampton Wanderers,Leeds United,1,2,1,1,3,-1,0
1934,Wolverhampton Wanderers,Manchester City,5,0,1,1,5,5,1
1934,Wolverhampton Wanderers,Preston North End,2,2,1,1,4,0,0
1934,Wolverhampton Wanderers,Sunderland,1,2,1,1,3,-1,0
1934,Barnsley,Blackpool,2,2,2,2,4,0,0
1934,Barnsley,Bury,3,0,2,2,3,3,1
1934,Barnsley,Nottingham Forest,1,2,2,2,3,-1,0
1934,Blackpool,Bury,1,1,2,2,2,0,0
1934,Bolton Wanderers,Barnsley,8,0,2,2,8,8,1
1934,Bolton Wanderers,Bradford Park Avenue,1,2,2,2,3,-1,0
1934,Bolton Wanderers,Bury,2,0,2,2,2,2,1
1934,Bolton Wanderers,Manchester United,3,1,2,2,4,2,1
1934,Bolton Wanderers,Southampton,4,0,2,2,4,4,1
1934,Bradford City,Bradford Park Avenue,3,1,2,2,4,2,1
1934,Bradford City,Manchester United,2,0,2,2,2,2,1
1934,Bradford City,Plymouth Argyle,0,1,2,2,1,-1,0
1934,Bradford Park Avenue,Barnsley,3,2,2,2,5,1,1
1934,Bradford Park Avenue,Bradford City,2,1,2,2,3,1,1
1934,Bradford Park Avenue,Bury,2,1,2,2,3,1,1
1934,Bradford Park Avenue,Manchester United,1,2,2,2,3,-1,0
1934,Bradford Park Avenue,Nottingham Forest,1,1,2,2,2,0,0
1934,Bradford Park Avenue,Plymouth Argyle,2,2,2,2,4,0,0
1934,Brentford,Bradford City,2,0,2,2,2,2,1
1934,Brentford,Bury,2,1,2,2,3,1,1
1934,Brentford,Manchester United,3,1,2,2,4,2,1
1934,Brentford,Plymouth Argyle,0,0,2,2,0,0,0
1934,Brentford,Southampton,3,2,2,2,5,1,1
1934,Burnley,Bradford City,2,0,2,2,2,2,1
1934,Burnley,Manchester United,1,2,2,2,3,-1,0
1934,Burnley,Plymouth Argyle,1,2,2,2,3,-1,0
1934,Burnley,Southampton,3,0,2,2,3,3,1
1934,Bury,Barnsley,4,1,2,2,5,3,1
1934,Bury,Bradford City,2,1,2,2,3,1,1
1934,Bury,Manchester United,0,1,2,2,1,-1,0
1934,Bury,Nottingham Forest,1,0,2,2,1,1,1
1934,Fulham,Plymouth Argyle,3,0,2,2,3,3,1
1934,Fulham,Southampton,3,3,2,2,6,0,0
1934,Hull City,Burnley,1,3,2,2,4,-2,0
1934,Manchester United,Nottingham Forest,3,2,2,2,5,1,1
1934,Manchester United,Southampton,3,0,2,2,3,3,1
1934,Newcastle United,Burnley,2,0,2,2,2,2,1
1934,Newcastle United,Hull City,6,2,2,2,8,4,1
1934,Newcastle United,Plymouth Argyle,3,0,2,2,3,3,1
1934,Newcastle United,Southampton,1,0,2,2,1,1,1
1934,Norwich City,Barnsley,0,1,2,2,1,-1,0
1934,Norwich City,Burnley,2,3,2,2,5,-1,0
1934,Norwich City,Southampton,4,0,2,2,4,4,1
1934,Nottingham Forest,Barnsley,4,1,2,2,5,3,1
1934,Nottingham Forest,Bradford City,2,0,2,2,2,2,1
1934,Nottingham Forest,Hull City,2,1,2,2,3,1,1
1934,Notts County,Bradford City,2,3,2,2,5,-1,0
1934,Notts County,Hull City,1,1,2,2,2,0,0
1934,Notts County,Norwich City,1,0,2,2,1,1,1
1934,Oldham Athletic,Barnsley,1,4,2,2,5,-3,0
1934,Oldham Athletic,Norwich City,4,2,2,2,6,2,1
1934,Oldham Athletic,Southampton,0,2,2,2,2,-2,0
1934,Plymouth Argyle,Bradford City,3,1,2,2,4,2,1
1934,Plymouth Argyle,Burnley,2,2,2,2,4,0,0
1934,Plymouth Argyle,Hull City,6,4,2,2,10,2,1
1934,Plymouth Argyle,Norwich City,0,1,2,2,1,-1,0
1934,Plymouth Argyle,Oldham Athletic,2,0,2,2,2,2,1
1934,Port Vale,Bradford City,1,0,2,2,1,1,1
1934,Port Vale,Hull City,1,2,2,2,3,-1,0
1934,Port Vale,Norwich City,1,1,2,2,2,0,0
1934,Port Vale,Oldham Athletic,2,0,2,2,2,2,1
1934,Port Vale,Southampton,4,1,2,2,5,3,1
1934,Sheffield United,Norwich City,1,1,2,2,2,0,0
1934,Southampton,Burnley,0,0,2,2,0,0,0
1934,Southampton,Oldham Athletic,2,2,2,2,4,0,0
1934,Swansea City,Burnley,2,0,2,2,2,2,1
1934,Swansea City,Norwich City,1,1,2,2,2,0,0
1934,Swansea City,Oldham Athletic,5,1,2,2,6,4,1
1934,West Ham United,Norwich City,1,0,2,2,1,1,1
1934,West Ham United,Oldham Athletic,2,0,2,2,2,2,1
1934,Accrington Stanley,Barrow,5,2,3a,3,7,3,1
1934,Accrington Stanley,Chesterfield,1,0,3a,3,1,1,1
1934,Accrington Stanley,Doncaster Rovers,1,5,3a,3,6,-4,0
1934,Accrington Stanley,Hartlepool United,0,4,3a,3,4,-4,0
1934,Accrington Stanley,Southport,1,1,3a,3,2,0,0
1934,Barrow,Chesterfield,1,1,3a,3,2,0,0
1934,Barrow,Doncaster Rovers,2,1,3a,3,3,1,1
1934,Barrow,Hartlepool United,2,0,3a,3,2,2,1
1934,Barrow,Southport,2,1,3a,3,3,1,1
1934,Barrow,Walsall,3,1,3a,3,4,2,1
1934,Carlisle United,Doncaster Rovers,1,1,3a,3,2,0,0
1934,Carlisle United,Hartlepool United,2,2,3a,3,4,0,0
1934,Carlisle United,New Brighton,4,1,3a,3,5,3,1
1934,Carlisle United,Southport,0,1,3a,3,1,-1,0
1934,Carlisle United,Walsall,1,6,3a,3,7,-5,0
1934,Chester,Doncaster Rovers,1,3,3a,3,4,-2,0
1934,Chester,New Brighton,5,4,3a,3,9,1,1
1934,Chesterfield,Accrington Stanley,0,0,3a,3,0,0,0
1934,Chesterfield,Southport,3,3,3a,3,6,0,0
1934,Chesterfield,Walsall,2,0,3a,3,2,2,1
1934,Crewe Alexandra,Chester,1,1,3a,3,2,0,0
1934,Crewe Alexandra,New Brighton,2,3,3a,3,5,-1,0
1934,Crewe Alexandra,Southport,2,1,3a,3,3,1,1
1934,Crewe Alexandra,Walsall,1,0,3a,3,1,1,1
1934,Darlington,Accrington Stanley,5,0,3a,3,5,5,1
1934,Darlington,Chester,1,0,3a,3,1,1,1
1934,Darlington,Hartlepool United,3,0,3a,3,3,3,1
1934,Darlington,Southport,0,0,3a,3,0,0,0
1934,Darlington,Walsall,3,2,3a,3,5,1,1
1934,Doncaster Rovers,Hartlepool United,3,1,3a,3,4,2,1
1934,Doncaster Rovers,New Brighton,7,1,3a,3,8,6,1
1934,Gateshead,Darlington,3,0,3a,3,3,3,1
1934,Gateshead,Southport,1,2,3a,3,3,-1,0
1934,Gateshead,Walsall,1,0,3a,3,1,1,1
1934,Halifax Town,Chester,1,0,3a,3,1,1,1
1934,Halifax Town,Darlington,2,1,3a,3,3,1,1
1934,Halifax Town,Southport,4,3,3a,3,7,1,1
1934,Halifax Town,Walsall,1,1,3a,3,2,0,0
1934,Hartlepool United,Accrington Stanley,4,2,3a,3,6,2,1
1934,Hartlepool United,Chester,0,2,3a,3,2,-2,0
1934,Hartlepool United,Darlington,0,1,3a,3,1,-1,0
1934,Hartlepool United,Halifax Town,0,3,3a,3,3,-3,0
1934,Hartlepool United,New Brighton,2,2,3a,3,4,0,0
1934,Hartlepool United,Southport,4,1,3a,3,5,3,1
1934,Lincoln City,Darlington,2,4,3a,3,6,-2,0
1934,Lincoln City,Halifax Town,2,3,3a,3,5,-1,0
1934,Mansfield Town,Accrington Stanley,2,1,3a,3,3,1,1
1934,Mansfield Town,New Brighton,2,1,3a,3,3,1,1
1934,Mansfield Town,Southport,2,3,3a,3,5,-1,0
1934,Mansfield Town,Walsall,4,2,3a,3,6,2,1
1934,New Brighton,Accrington Stanley,2,1,3a,3,3,1,1
1934,New Brighton,Darlington,0,1,3a,3,1,-1,0
1934,New Brighton,Southport,0,0,3a,3,0,0,0
1934,Rochdale,Darlington,1,3,3a,3,4,-2,0
1934,Rochdale,Halifax Town,2,4,3a,3,6,-2,0
1934,Rochdale,Southport,2,2,3a,3,4,0,0
1934,Rotherham United,Accrington Stanley,2,0,3a,3,2,2,1
1934,Rotherham United,Darlington,2,1,3a,3,3,1,1
1934,Rotherham United,Halifax Town,2,2,3a,3,4,0,0
1934,Southport,Darlington,1,4,3a,3,5,-3,0
1934,Southport,Mansfield Town,1,2,3a,3,3,-1,0
1934,Southport,Rotherham United,0,3,3a,3,3,-3,0
1934,Stockport County,Mansfield Town,0,2,3a,3,2,-2,0
1934,Tranmere Rovers,Accrington Stanley,2,1,3a,3,3,1,1
1934,Tranmere Rovers,Darlington,4,1,3a,3,5,3,1
1934,Tranmere Rovers,Mansfield Town,3,0,3a,3,3,3,1
1934,Tranmere Rovers,Rotherham United,3,3,3a,3,6,0,0
1934,Walsall,Mansfield Town,2,2,3a,3,4,0,0
1934,Walsall,Rotherham United,5,2,3a,3,7,3,1
1934,Walsall,Tranmere Rovers,3,0,3a,3,3,3,1
1934,Wrexham,Accrington Stanley,2,2,3a,3,4,0,0
1934,Wrexham,Darlington,4,0,3a,3,4,4,1
1934,Wrexham,Mansfield Town,1,3,3a,3,4,-2,0
1934,Wrexham,Tranmere Rovers,2,2,3a,3,4,0,0
1934,York City,Accrington Stanley,5,2,3a,3,7,3,1
1934,York City,Chester,1,1,3a,3,2,0,0
1934,York City,Darlington,2,1,3a,3,3,1,1
1934,York City,Mansfield Town,2,1,3a,3,3,1,1
1934,York City,Rotherham United,5,0,3a,3,5,5,1
1934,AFC Bournemouth,Aldershot,4,1,3b,3,5,3,1
1934,AFC Bournemouth,Coventry City,0,2,3b,3,2,-2,0
1934,AFC Bournemouth,Millwall,3,1,3b,3,4,2,1
1934,AFC Bournemouth,Swindon Town,1,1,3b,3,2,0,0
1934,Aldershot,AFC Bournemouth,1,1,3b,3,2,0,0
1934,Aldershot,Bristol Rovers,1,2,3b,3,3,-1,0
1934,Aldershot,Coventry City,3,1,3b,3,4,2,1
1934,Aldershot,Gillingham,4,1,3b,3,5,3,1
1934,Aldershot,Queens Park Rangers,1,0,3b,3,1,1,1
1934,Brighton & Hove Albion,Bristol Rovers,3,1,3b,3,4,2,1
1934,Brighton & Hove Albion,Coventry City,2,0,3b,3,2,2,1
1934,Brighton & Hove Albion,Queens Park Rangers,5,1,3b,3,6,4,1
1934,Bristol City,Bristol Rovers,1,1,3b,3,2,0,0
1934,Bristol City,Coventry City,0,2,3b,3,2,-2,0
1934,Bristol City,Swindon Town,2,0,3b,3,2,2,1
1934,Bristol Rovers,AFC Bournemouth,4,1,3b,3,5,3,1
1934,Bristol Rovers,Bristol City,2,2,3b,3,4,0,0
1934,Bristol Rovers,Coventry City,2,1,3b,3,3,1,1
1934,Bristol Rovers,Gillingham,4,3,3b,3,7,1,1
1934,Bristol Rovers,Swindon Town,2,2,3b,3,4,0,0
1934,Cardiff City,AFC Bournemouth,2,1,3b,3,3,1,1
1934,Cardiff City,Bristol City,3,3,3b,3,6,0,0
1934,Cardiff City,Millwall,3,1,3b,3,4,2,1
1934,Cardiff City,Queens Park Rangers,2,1,3b,3,3,1,1
1934,Charlton Athletic,AFC Bournemouth,0,1,3b,3,1,-1,0
1934,Charlton Athletic,Coventry City,3,3,3b,3,6,0,0
1934,Charlton Athletic,Gillingham,2,0,3b,3,2,2,1
1934,Charlton Athletic,Millwall,3,1,3b,3,4,2,1
1934,Charlton Athletic,Swindon Town,6,0,3b,3,6,6,1
1934,Coventry City,AFC Bournemouth,4,1,3b,3,5,3,1
1934,Coventry City,Millwall,5,1,3b,3,6,4,1
1934,Crystal Palace,Charlton Athletic,1,2,3b,3,3,-1,0
1934,Crystal Palace,Gillingham,2,0,3b,3,2,2,1
1934,Crystal Palace,Millwall,1,1,3b,3,2,0,0
1934,Crystal Palace,Swindon Town,7,0,3b,3,7,7,1
1934,Exeter City,AFC Bournemouth,4,1,3b,3,5,3,1
1934,Exeter City,Gillingham,2,0,3b,3,2,2,1
1934,Exeter City,Queens Park Rangers,3,0,3b,3,3,3,1
1934,Exeter City,Swindon Town,3,3,3b,3,6,0,0
1934,Gillingham,Bristol City,1,0,3b,3,1,1,1
1934,Gillingham,Charlton Athletic,3,6,3b,3,9,-3,0
1934,Gillingham,Queens Park Rangers,0,0,3b,3,0,0,0
1934,Leyton Orient,Bristol City,4,0,3b,3,4,4,1
1934,Leyton Orient,Millwall,2,1,3b,3,3,1,1
1934,Luton Town,Bristol City,1,1,3b,3,2,0,0
1934,Luton Town,Charlton Athletic,1,2,3b,3,3,-1,0
1934,Luton Town,Queens Park Rangers,1,1,3b,3,2,0,0
1934,Millwall,AFC Bournemouth,2,0,3b,3,2,2,1
1934,Millwall,Bristol City,0,1,3b,3,1,-1,0
1934,Millwall,Exeter City,1,0,3b,3,1,1,1
1934,Millwall,Luton Town,1,4,3b,3,5,-3,0
1934,Millwall,Queens Park Rangers,2,0,3b,3,2,2,1
1934,Millwall,Swindon Town,1,0,3b,3,1,1,1
1934,Newport County,AFC Bournemouth,6,1,3b,3,7,5,1
1934,Newport County,Exeter City,1,3,3b,3,4,-2,0
1934,Newport County,Luton Town,2,4,3b,3,6,-2,0
1934,Northampton Town,AFC Bournemouth,0,1,3b,3,1,-1,0
1934,Northampton Town,Bristol City,2,2,3b,3,4,0,0
1934,Northampton Town,Charlton Athletic,1,1,3b,3,2,0,0
1934,Northampton Town,Luton Town,2,1,3b,3,3,1,1
1934,Northampton Town,Queens Park Rangers,1,0,3b,3,1,1,1
1934,Northampton Town,Swindon Town,4,2,3b,3,6,2,1
1934,Queens Park Rangers,AFC Bournemouth,2,1,3b,3,3,1,1
1934,Queens Park Rangers,Exeter City,1,1,3b,3,2,0,0
1934,Queens Park Rangers,Northampton Town,3,1,3b,3,4,2,1
1934,Queens Park Rangers,Swindon Town,1,1,3b,3,2,0,0
1934,Reading,Bristol City,2,0,3b,3,2,2,1
1934,Reading,Charlton Athletic,2,2,3b,3,4,0,0
1934,Reading,Luton Town,1,0,3b,3,1,1,1
1934,Reading,Northampton Town,3,1,3b,3,4,2,1
1934,Reading,Swindon Town,2,1,3b,3,3,1,1
1934,Southend United,AFC Bournemouth,0,0,3b,3,0,0,0
1934,Southend United,Bristol City,6,0,3b,3,6,6,1
1934,Southend United,Charlton Athletic,0,3,3b,3,3,-3,0
1934,Southend United,Exeter City,1,2,3b,3,3,-1,0
1934,Southend United,Northampton Town,2,1,3b,3,3,1,1
1934,Southend United,Swindon Town,2,0,3b,3,2,2,1
1934,Swindon Town,Luton Town,0,1,3b,3,1,-1,0
1934,Swindon Town,Northampton Town,5,3,3b,3,8,2,1
1934,Torquay United,Bristol City,3,1,3b,3,4,2,1
1934,Torquay United,Southend United,2,0,3b,3,2,2,1
1934,Watford,AFC Bournemouth,3,1,3b,3,4,2,1
1934,Watford,Bristol City,4,0,3b,3,4,4,1
1935,Arsenal,Aston Villa,1,0,1,1,1,1,1
1935,Arsenal,Derby County,1,1,1,1,2,0,0
1935,Arsenal,Manchester City,2,3,1,1,5,-1,0
1935,Aston Villa,Arsenal,1,7,1,1,8,-6,0
1935,Aston Villa,Huddersfield Town,4,1,1,1,5,3,1
1935,Birmingham City,Arsenal,1,1,1,1,2,0,0
1935,Birmingham City,Bolton Wanderers,0,0,1,1,0,0,0
1935,Birmingham City,Huddersfield Town,4,1,1,1,5,3,1
1935,Birmingham City,Manchester City,0,1,1,1,1,-1,0
1935,Birmingham City,Preston North End,0,0,1,1,0,0,0
1935,Blackburn Rovers,Derby County,0,0,1,1,0,0,0
1935,Blackburn Rovers,Manchester City,4,1,1,1,5,3,1
1935,Blackburn Rovers,Preston North End,1,1,1,1,2,0,0
1935,Bolton Wanderers,Blackburn Rovers,3,1,1,1,4,2,1
1935,Bolton Wanderers,Derby County,0,2,1,1,2,-2,0
1935,Bolton Wanderers,Preston North End,1,1,1,1,2,0,0
1935,Bolton Wanderers,Sunderland,2,1,1,1,3,1,1
1935,Brentford,Arsenal,2,1,1,1,3,1,1
1935,Brentford,Derby County,6,0,1,1,6,6,1
1935,Brentford,Huddersfield Town,1,2,1,1,3,-1,0
1935,Brentford,Preston North End,5,2,1,1,7,3,1
1935,Brentford,Sunderland,1,5,1,1,6,-4,0
1935,Chelsea,Arsenal,1,1,1,1,2,0,0
1935,Chelsea,Derby County,1,1,1,1,2,0,0
1935,Chelsea,Manchester City,2,1,1,1,3,1,1
1935,Chelsea,Sunderland,3,1,1,1,4,2,1
1935,Derby County,Arsenal,0,4,1,1,4,-4,0
1935,Derby County,Chelsea,1,1,1,1,2,0,0
1935,Derby County,Sunderland,4,0,1,1,4,4,1
1935,Everton,Arsenal,0,2,1,1,2,-2,0
1935,Everton,Blackburn Rovers,4,0,1,1,4,4,1
1935,Everton,Chelsea,5,1,1,1,6,4,1
1935,Everton,Huddersfield Town,1,3,1,1,4,-2,0
1935,Everton,Manchester City,2,2,1,1,4,0,0
1935,Everton,Preston North End,5,0,1,1,5,5,1
1935,Everton,Sunderland,0,3,1,1,3,-3,0
1935,Grimsby Town,Blackburn Rovers,1,1,1,1,2,0,0
1935,Grimsby Town,Chelsea,1,3,1,1,4,-2,0
1935,Grimsby Town,Huddersfield Town,1,1,1,1,2,0,0
1935,Grimsby Town,Manchester City,3,1,1,1,4,2,1
1935,Grimsby Town,Preston North End,0,0,1,1,0,0,0
1935,Grimsby Town,Sunderland,4,0,1,1,4,4,1
1935,Huddersfield Town,Grimsby Town,1,0,1,1,1,1,1
1935,Huddersfield Town,Manchester City,1,1,1,1,2,0,0
1935,Huddersfield Town,Preston North End,1,0,1,1,1,1,1
1935,Leeds United,Arsenal,1,1,1,1,2,0,0
1935,Leeds United,Blackburn Rovers,1,4,1,1,5,-3,0
1935,Leeds United,Grimsby Town,1,2,1,1,3,-1,0
1935,Leeds United,Preston North End,0,1,1,1,1,-1,0
1935,Leeds United,Sunderland,3,0,1,1,3,3,1
1935,Liverpool,Arsenal,0,1,1,1,1,-1,0
1935,Liverpool,Grimsby Town,7,2,1,1,9,5,1
1935,Liverpool,Preston North End,2,1,1,1,3,1,1
1935,Manchester City,Chelsea,0,0,1,1,0,0,0
1935,Manchester City,Preston North End,1,3,1,1,4,-2,0
1935,Manchester City,Sunderland,0,1,1,1,1,-1,0
1935,Middlesbrough,Blackburn Rovers,6,1,1,1,7,5,1
1935,Middlesbrough,Liverpool,2,2,1,1,4,0,0
1935,Middlesbrough,Preston North End,2,0,1,1,2,2,1
1935,Portsmouth,Blackburn Rovers,3,1,1,1,4,2,1
1935,Portsmouth,Grimsby Town,3,2,1,1,5,1,1
1935,Portsmouth,Preston North End,1,1,1,1,2,0,0
1935,Preston North End,Chelsea,2,0,1,1,2,2,1
1935,Preston North End,Grimsby Town,1,0,1,1,1,1,1
1935,Preston North End,Liverpool,3,1,1,1,4,2,1
1935,Preston North End,Sunderland,3,2,1,1,5,1,1
1935,Sheffield Wednesday,Arsenal,3,2,1,1,5,1,1
1935,Sheffield Wednesday,Blackburn Rovers,0,0,1,1,0,0,0
1935,Sheffield Wednesday,Grimsby Town,3,0,1,1,3,3,1
1935,Sheffield Wednesday,Liverpool,0,0,1,1,0,0,0
1935,Sheffield Wednesday,Sunderland,0,0,1,1,0,0,0
1935,Stoke City,Arsenal,0,3,1,1,3,-3,0
1935,Stoke City,Blackburn Rovers,2,0,1,1,2,2,1
1935,Stoke City,Chelsea,3,0,1,1,3,3,1
1935,Stoke City,Sunderland,0,2,1,1,2,-2,0
1935,Sunderland,Arsenal,5,4,1,1,9,1,1
1935,Sunderland,Stoke City,1,0,1,1,1,1,1
1935,West Bromwich Albion,Grimsby Town,4,1,1,1,5,3,1
1935,West Bromwich Albion,Liverpool,6,1,1,1,7,5,1
1935,West Bromwich Albion,Portsmouth,2,0,1,1,2,2,1
1935,West Bromwich Albion,Stoke City,2,0,1,1,2,2,1
1935,Wolverhampton Wanderers,Arsenal,2,2,1,1,4,0,0
1935,Wolverhampton Wanderers,Chelsea,3,3,1,1,6,0,0
1935,Wolverhampton Wanderers,Grimsby Town,1,0,1,1,1,1,1
1935,Wolverhampton Wanderers,Liverpool,3,1,1,1,4,2,1
1935,Wolverhampton Wanderers,Stoke City,1,1,1,1,2,0,0
1935,Barnsley,Blackpool,1,2,2,2,3,-1,0
1935,Barnsley,Burnley,3,1,2,2,4,2,1
1935,Barnsley,Swansea City,0,0,2,2,0,0,0
1935,Blackpool,Burnley,2,0,2,2,2,2,1
1935,Blackpool,Norwich City,2,1,2,2,3,1,1
1935,Bradford City,Burnley,0,0,2,2,0,0,0
1935,Bradford City,Doncaster Rovers,3,1,2,2,4,2,1
1935,Bradford City,Leicester City,2,0,2,2,2,2,1
1935,Bradford City,Swansea City,2,2,2,2,4,0,0
1935,Bradford Park Avenue,Barnsley,3,0,2,2,3,3,1
1935,Bradford Park Avenue,Doncaster Rovers,3,1,2,2,4,2,1
1935,Bradford Park Avenue,Leicester City,3,1,2,2,4,2,1
1935,Bradford Park Avenue,Port Vale,3,0,2,2,3,3,1
1935,Burnley,Bradford Park Avenue,1,1,2,2,2,0,0
1935,Burnley,Leicester City,2,2,2,2,4,0,0
1935,Burnley,Swansea City,5,2,2,2,7,3,1
1935,Bury,Barnsley,3,0,2,2,3,3,1
1935,Bury,Norwich City,0,1,2,2,1,-1,0
1935,Bury,Swansea City,2,1,2,2,3,1,1
1935,Charlton Athletic,Doncaster Rovers,3,0,2,2,3,3,1
1935,Charlton Athletic,Norwich City,4,1,2,2,5,3,1
1935,Charlton Athletic,Port Vale,1,1,2,2,2,0,0
1935,Charlton Athletic,Swansea City,4,1,2,2,5,3,1
1935,Doncaster Rovers,Barnsley,1,1,2,2,2,0,0
1935,Doncaster Rovers,Bradford Park Avenue,3,2,2,2,5,1,1
1935,Doncaster Rovers,Leicester City,1,0,2,2,1,1,1
1935,Doncaster Rovers,Norwich City,3,0,2,2,3,3,1
1935,Doncaster Rovers,Port Vale,2,0,2,2,2,2,1
1935,Fulham,Norwich City,1,1,2,2,2,0,0
1935,Fulham,Swansea City,0,1,2,2,1,-1,0
1935,Hull City,Bradford Park Avenue,1,1,2,2,2,0,0
1935,Hull City,Charlton Athletic,2,4,2,2,6,-2,0
1935,Hull City,Leicester City,3,3,2,2,6,0,0
1935,Hull City,Norwich City,0,0,2,2,0,0,0
1935,Hull City,Port Vale,1,2,2,2,3,-1,0
1935,Leicester City,Barnsley,2,0,2,2,2,2,1
1935,Leicester City,Bradford Park Avenue,5,0,2,2,5,5,1
1935,Leicester City,Hull City,2,2,2,2,4,0,0
1935,Leicester City,Swansea City,4,1,2,2,5,3,1
1935,Manchester United,Bradford Park Avenue,4,0,2,2,4,4,1
1935,Manchester United,Charlton Athletic,3,0,2,2,3,3,1
1935,Manchester United,Hull City,2,0,2,2,2,2,1
1935,Manchester United,Norwich City,2,1,2,2,3,1,1
1935,Newcastle United,Bradford Park Avenue,3,3,2,2,6,0,0
1935,Newcastle United,Norwich City,1,1,2,2,2,0,0
1935,Newcastle United,Port Vale,2,2,2,2,4,0,0
1935,Newcastle United,Swansea City,2,0,2,2,2,2,1
1935,Norwich City,Bradford Park Avenue,4,1,2,2,5,3,1
1935,Norwich City,Newcastle United,1,0,2,2,1,1,1
1935,Norwich City,Port Vale,4,2,2,2,6,2,1
1935,Norwich City,Swansea City,0,1,2,2,1,-1,0
1935,Nottingham Forest,Barnsley,6,0,2,2,6,6,1
1935,Nottingham Forest,Bradford Park Avenue,2,0,2,2,2,2,1
1935,Nottingham Forest,Port Vale,9,2,2,2,11,7,1
1935,Nottingham Forest,Swansea City,2,2,2,2,4,0,0
1935,Port Vale,Barnsley,0,4,2,2,4,-4,0
1935,Port Vale,Bradford Park Avenue,3,2,2,2,5,1,1
1935,Port Vale,Hull City,4,0,2,2,4,4,1
1935,Port Vale,Newcastle United,3,0,2,2,3,3,1
1935,Port Vale,Swansea City,0,1,2,2,1,-1,0
1935,Sheffield United,Hull City,7,0,2,2,7,7,1
1935,Southampton,Bradford Park Avenue,3,0,2,2,3,3,1
1935,Southampton,Hull City,1,0,2,2,1,1,1
1935,Swansea City,Charlton Athletic,1,2,2,2,3,-1,0
1935,Swansea City,Plymouth Argyle,2,0,2,2,2,2,1
1935,Tottenham Hotspur,Charlton Athletic,1,1,2,2,2,0,0
1935,Tottenham Hotspur,Southampton,8,0,2,2,8,8,1
1935,West Ham United,Charlton Athletic,1,3,2,2,4,-2,0
1935,West Ham United,Hull City,4,1,2,2,5,3,1
1935,West Ham United,Plymouth Argyle,4,2,2,2,6,2,1
1935,West Ham United,Southampton,0,0,2,2,0,0,0
1935,Accrington Stanley,Chesterfield,0,1,3a,3,1,-1,0
1935,Accrington Stanley,Oldham Athletic,1,0,3a,3,1,1,1
1935,Accrington Stanley,Southport,1,0,3a,3,1,1,1
1935,Accrington Stanley,Walsall,3,1,3a,3,4,2,1
1935,Barrow,Accrington Stanley,0,1,3a,3,1,-1,0
1935,Barrow,Walsall,1,0,3a,3,1,1,1
1935,Carlisle United,Chesterfield,2,1,3a,3,3,1,1
1935,Carlisle United,Lincoln City,4,1,3a,3,5,3,1
1935,Carlisle United,Oldham Athletic,2,1,3a,3,3,1,1
1935,Chester,Lincoln City,4,2,3a,3,6,2,1
1935,Chester,Oldham Athletic,1,1,3a,3,2,0,0
1935,Chester,Walsall,2,0,3a,3,2,2,1
1935,Chesterfield,Chester,1,0,3a,3,1,1,1
1935,Chesterfield,Gateshead,2,0,3a,3,2,2,1
1935,Chesterfield,Southport,5,0,3a,3,5,5,1
1935,Crewe Alexandra,Southport,4,1,3a,3,5,3,1
1935,Crewe Alexandra,Walsall,4,3,3a,3,7,1,1
1935,Darlington,Gateshead,5,2,3a,3,7,3,1
1935,Darlington,Oldham Athletic,5,0,3a,3,5,5,1
1935,Darlington,Southport,3,2,3a,3,5,1,1
1935,Darlington,Walsall,1,1,3a,3,2,0,0
1935,Gateshead,Accrington Stanley,0,0,3a,3,0,0,0
1935,Gateshead,Lincoln City,4,0,3a,3,4,4,1
1935,Gateshead,Oldham Athletic,0,0,3a,3,0,0,0
1935,Halifax Town,Chester,2,3,3a,3,5,-1,0
1935,Halifax Town,Darlington,0,1,3a,3,1,-1,0
1935,Halifax Town,Oldham Athletic,4,2,3a,3,6,2,1
1935,Halifax Town,Southport,1,2,3a,3,3,-1,0
1935,Halifax Town,Walsall,1,1,3a,3,2,0,0
1935,Hartlepool United,Accrington Stanley,2,1,3a,3,3,1,1
1935,Hartlepool United,Chester,0,2,3a,3,2,-2,0
1935,Hartlepool United,Oldham Athletic,0,1,3a,3,1,-1,0
1935,Hartlepool United,Southport,2,1,3a,3,3,1,1
1935,Hartlepool United,Walsall,5,0,3a,3,5,5,1
1935,Lincoln City,Darlington,2,1,3a,3,3,1,1
1935,Lincoln City,Hartlepool United,1,0,3a,3,1,1,1
1935,Lincoln City,Southport,4,0,3a,3,4,4,1
1935,Mansfield Town,Accrington Stanley,3,1,3a,3,4,2,1
1935,Mansfield Town,Darlington,4,2,3a,3,6,2,1
1935,New Brighton,Southport,2,1,3a,3,3,1,1
1935,Oldham Athletic,Darlington,2,0,3a,3,2,2,1
1935,Oldham Athletic,Walsall,2,1,3a,3,3,1,1
1935,Rochdale,Accrington Stanley,2,2,3a,3,4,0,0
1935,Rochdale,Darlington,1,1,3a,3,2,0,0
1935,Rochdale,Hartlepool United,0,1,3a,3,1,-1,0
1935,Rochdale,Southport,2,1,3a,3,3,1,1
1935,Rochdale,Walsall,6,4,3a,3,10,2,1
1935,Rotherham United,Accrington Stanley,1,3,3a,3,4,-2,0
1935,Rotherham United,Chester,1,2,3a,3,3,-1,0
1935,Rotherham United,Hartlepool United,3,0,3a,3,3,3,1
1935,Rotherham United,Southport,5,0,3a,3,5,5,1
1935,Rotherham United,Walsall,2,0,3a,3,2,2,1
1935,Southport,Accrington Stanley,2,1,3a,3,3,1,1
1935,Southport,Chester,2,1,3a,3,3,1,1
1935,Southport,Darlington,4,1,3a,3,5,3,1
1935,Southport,Rotherham United,2,1,3a,3,3,1,1
1935,Stockport County,Accrington Stanley,1,2,3a,3,3,-1,0
1935,Stockport County,Darlington,2,0,3a,3,2,2,1
1935,Stockport County,Hartlepool United,2,1,3a,3,3,1,1
1935,Stockport County,Rotherham United,1,2,3a,3,3,-1,0
1935,Tranmere Rovers,Accrington Stanley,6,0,3a,3,6,6,1
1935,Tranmere Rovers,Hartlepool United,3,1,3a,3,4,2,1
1935,Tranmere Rovers,Walsall,3,1,3a,3,4,2,1
1935,Walsall,Darlington,4,1,3a,3,5,3,1
1935,Walsall,Tranmere Rovers,0,0,3a,3,0,0,0
1935,Wrexham,Accrington Stanley,3,0,3a,3,3,3,1
1935,Wrexham,Hartlepool United,1,0,3a,3,1,1,1
1935,Wrexham,New Brighton,3,0,3a,3,3,3,1
1935,Wrexham,Tranmere Rovers,4,0,3a,3,4,4,1
1935,York City,Accrington Stanley,1,1,3a,3,2,0,0
1935,York City,Chester,1,2,3a,3,3,-1,0
1935,York City,Darlington,4,1,3a,3,5,3,1
1935,York City,Rotherham United,2,1,3a,3,3,1,1
1935,York City,Tranmere Rovers,2,0,3a,3,2,2,1
1935,AFC Bournemouth,Aldershot,0,0,3b,3,0,0,0
1935,AFC Bournemouth,Bristol Rovers,2,1,3b,3,3,1,1
1935,AFC Bournemouth,Crystal Palace,2,5,3b,3,7,-3,0
1935,AFC Bournemouth,Newport County,2,0,3b,3,2,2,1
1935,AFC Bournemouth,Queens Park Rangers,0,1,3b,3,1,-1,0
1935,Aldershot,Bristol Rovers,6,1,3b,3,7,5,1
1935,Aldershot,Newport County,1,1,3b,3,2,0,0
1935,Brighton & Hove Albion,AFC Bournemouth,0,1,3b,3,1,-1,0
1935,Brighton & Hove Albion,Bristol Rovers,4,1,3b,3,5,3,1
1935,Brighton & Hove Albion,Crystal Palace,2,1,3b,3,3,1,1
1935,Bristol City,AFC Bournemouth,1,0,3b,3,1,1,1
1935,Bristol City,Leyton Orient,2,0,3b,3,2,2,1
1935,Bristol City,Queens Park Rangers,0,0,3b,3,0,0,0
1935,Bristol Rovers,Crystal Palace,2,4,3b,3,6,-2,0
1935,Bristol Rovers,Leyton Orient,1,1,3b,3,2,0,0
1935,Bristol Rovers,Swindon Town,2,1,3b,3,3,1,1
1935,Cardiff City,Bristol City,1,0,3b,3,1,1,1
1935,Cardiff City,Crystal Palace,1,1,3b,3,2,0,0
1935,Cardiff City,Leyton Orient,4,1,3b,3,5,3,1
1935,Cardiff City,Newport County,2,0,3b,3,2,2,1
1935,Cardiff City,Swindon Town,2,1,3b,3,3,1,1
1935,Coventry City,Newport County,7,1,3b,3,8,6,1
1935,Coventry City,Queens Park Rangers,6,1,3b,3,7,5,1
1935,Coventry City,Swindon Town,3,1,3b,3,4,2,1
1935,Crystal Palace,AFC Bournemouth,2,0,3b,3,2,2,1
1935,Crystal Palace,Bristol City,6,1,3b,3,7,5,1
1935,Crystal Palace,Coventry City,3,1,3b,3,4,2,1
1935,Crystal Palace,Leyton Orient,2,2,3b,3,4,0,0
1935,Crystal Palace,Newport County,6,0,3b,3,6,6,1
1935,Crystal Palace,Queens Park Rangers,0,2,3b,3,2,-2,0
1935,Crystal Palace,Swindon Town,5,1,3b,3,6,4,1
1935,Exeter City,Coventry City,1,3,3b,3,4,-2,0
1935,Exeter City,Leyton Orient,2,3,3b,3,5,-1,0
1935,Exeter City,Newport County,3,3,3b,3,6,0,0
1935,Exeter City,Queens Park Rangers,0,0,3b,3,0,0,0
1935,Exeter City,Swindon Town,0,3,3b,3,3,-3,0
1935,Gillingham,AFC Bournemouth,1,2,3b,3,3,-1,0
1935,Gillingham,Leyton Orient,3,0,3b,3,3,3,1
1935,Leyton Orient,Gillingham,3,1,3b,3,4,2,1
1935,Leyton Orient,Queens Park Rangers,1,0,3b,3,1,1,1
1935,Leyton Orient,Swindon Town,1,2,3b,3,3,-1,0
1935,Luton Town,AFC Bournemouth,0,0,3b,3,0,0,0
1935,Luton Town,Bristol City,1,0,3b,3,1,1,1
1935,Luton Town,Gillingham,1,2,3b,3,3,-1,0
1935,Luton Town,Newport County,7,0,3b,3,7,7,1
1935,Luton Town,Queens Park Rangers,2,0,3b,3,2,2,1
1935,Luton Town,Swindon Town,2,1,3b,3,3,1,1
1935,Millwall,Coventry City,2,2,3b,3,4,0,0
1935,Millwall,Gillingham,4,1,3b,3,5,3,1
1935,Millwall,Queens Park Rangers,2,0,3b,3,2,2,1
1935,Millwall,Swindon Town,1,0,3b,3,1,1,1
1935,Newport County,AFC Bournemouth,0,0,3b,3,0,0,0
1935,Newport County,Coventry City,2,1,3b,3,3,1,1
1935,Newport County,Millwall,4,1,3b,3,5,3,1
1935,Newport County,Queens Park Rangers,3,4,3b,3,7,-1,0
1935,Northampton Town,Millwall,2,4,3b,3,6,-2,0
1935,Northampton Town,Swindon Town,0,0,3b,3,0,0,0
1935,Notts County,Bristol City,1,1,3b,3,2,0,0
1935,Notts County,Queens Park Rangers,3,0,3b,3,3,3,1
1935,Notts County,Swindon Town,0,0,3b,3,0,0,0
1935,Queens Park Rangers,AFC Bournemouth,2,0,3b,3,2,2,1
1935,Queens Park Rangers,Coventry City,0,0,3b,3,0,0,0
1935,Queens Park Rangers,Gillingham,5,2,3b,3,7,3,1
1935,Queens Park Rangers,Millwall,2,3,3b,3,5,-1,0
1935,Queens Park Rangers,Notts County,2,2,3b,3,4,0,0
1935,Reading,Gillingham,1,0,3b,3,1,1,1
1935,Reading,Notts County,3,1,3b,3,4,2,1
1935,Reading,Swindon Town,2,0,3b,3,2,2,1
1935,Southend United,Coventry City,0,0,3b,3,0,0,0
1935,Southend United,Gillingham,4,2,3b,3,6,2,1
1935,Southend United,Millwall,6,0,3b,3,6,6,1
1935,Southend United,Notts County,0,0,3b,3,0,0,0
1935,Southend United,Swindon Town,1,0,3b,3,1,1,1
1935,Swindon Town,AFC Bournemouth,2,3,3b,3,5,-1,0
1935,Swindon Town,Millwall,3,1,3b,3,4,2,1
1935,Watford,AFC Bournemouth,4,1,3b,3,5,3,1
1935,Watford,Bristol City,0,2,3b,3,2,-2,0
1935,Watford,Gillingham,1,2,3b,3,3,-1,0
1935,Watford,Southend United,5,0,3b,3,5,5,1
1936,Arsenal,Charlton Athletic,1,1,1,1,2,0,0
1936,Arsenal,Everton,3,2,1,1,5,1,1
1936,Arsenal,Leeds United,4,1,1,1,5,3,1
1936,Arsenal,Manchester United,1,1,1,1,2,0,0
1936,Birmingham City,Charlton Athletic,1,2,1,1,3,-1,0
1936,Birmingham City,Preston North End,1,0,1,1,1,1,1
1936,Birmingham City,Sunderland,2,0,1,1,2,2,1
1936,Bolton Wanderers,Arsenal,0,5,1,1,5,-5,0
1936,Bolton Wanderers,Charlton Athletic,2,1,1,1,3,1,1
1936,Bolton Wanderers,Leeds United,2,1,1,1,3,1,1
1936,Brentford,Everton,2,2,1,1,4,0,0
1936,Brentford,Leeds United,4,1,1,1,5,3,1
1936,Brentford,Preston North End,1,1,1,1,2,0,0
1936,Charlton Athletic,Leeds United,1,0,1,1,1,1,1
1936,Charlton Athletic,Preston North End,3,1,1,1,4,2,1
1936,Chelsea,Arsenal,2,0,1,1,2,2,1
1936,Chelsea,Leeds United,2,1,1,1,3,1,1
1936,Chelsea,Sunderland,1,3,1,1,4,-2,0
1936,Derby County,Everton,3,1,1,1,4,2,1
1936,Derby County,Preston North End,1,2,1,1,3,-1,0
1936,Derby County,Sunderland,3,0,1,1,3,3,1
1936,Everton,Arsenal,1,1,1,1,2,0,0
1936,Everton,Leeds United,7,1,1,1,8,6,1
1936,Everton,Preston North End,2,2,1,1,4,0,0
1936,Everton,Sunderland,3,0,1,1,3,3,1
1936,Grimsby Town,Arsenal,1,3,1,1,4,-2,0
1936,Grimsby Town,Brentford,2,0,1,1,2,2,1
1936,Grimsby Town,Derby County,3,4,1,1,7,-1,0
1936,Grimsby Town,Sunderland,6,0,1,1,6,6,1
1936,Huddersfield Town,Brentford,1,1,1,1,2,0,0
1936,Huddersfield Town,Preston North End,4,2,1,1,6,2,1
1936,Leeds United,Huddersfield Town,2,1,1,1,3,1,1
1936,Leeds United,Manchester United,2,1,1,1,3,1,1
1936,Leeds United,Preston North End,1,0,1,1,1,1,1
1936,Leeds United,Sunderland,3,0,1,1,3,3,1
1936,Liverpool,Arsenal,2,1,1,1,3,1,1
1936,Liverpool,Brentford,2,2,1,1,4,0,0
1936,Liverpool,Derby County,3,3,1,1,6,0,0
1936,Liverpool,Manchester United,2,0,1,1,2,2,1
1936,Liverpool,Preston North End,1,1,1,1,2,0,0
1936,Manchester City,Arsenal,2,0,1,1,2,2,1
1936,Manchester City,Brentford,2,1,1,1,3,1,1
1936,Manchester City,Preston North End,4,1,1,1,5,3,1
1936,Manchester United,Brentford,1,3,1,1,4,-2,0
1936,Manchester United,Manchester City,3,2,1,1,5,1,1
1936,Manchester United,Preston North End,1,1,1,1,2,0,0
1936,Manchester United,Sunderland,2,1,1,1,3,1,1
1936,Middlesbrough,Manchester City,2,0,1,1,2,2,1
1936,Middlesbrough,Preston North End,2,1,1,1,3,1,1
1936,Portsmouth,Huddersfield Town,1,0,1,1,1,1,1
1936,Portsmouth,Preston North End,0,1,1,1,1,-1,0
1936,Preston North End,Arsenal,1,3,1,1,4,-2,0
1936,Preston North End,Brentford,1,1,1,1,2,0,0
1936,Preston North End,Manchester City,2,5,1,1,7,-3,0
1936,Preston North End,Sunderland,2,0,1,1,2,2,1
1936,Sheffield Wednesday,Derby County,2,3,1,1,5,-1,0
1936,Sheffield Wednesday,Huddersfield Town,2,2,1,1,4,0,0
1936,Sheffield Wednesday,Manchester City,5,1,1,1,6,4,1
1936,Sheffield Wednesday,Sunderland,2,0,1,1,2,2,1
1936,Stoke City,Huddersfield Town,1,1,1,1,2,0,0
1936,Stoke City,Manchester City,2,2,1,1,4,0,0
1936,Sunderland,Brentford,4,1,1,1,5,3,1
1936,Sunderland,Portsmouth,3,2,1,1,5,1,1
1936,Sunderland,Stoke City,3,0,1,1,3,3,1
1936,West Bromwich Albion,Arsenal,2,4,1,1,6,-2,0
1936,West Bromwich Albion,Derby County,1,3,1,1,4,-2,0
1936,West Bromwich Albion,Huddersfield Town,2,1,1,1,3,1,1
1936,West Bromwich Albion,Manchester City,2,2,1,1,4,0,0
1936,West Bromwich Albion,Stoke City,2,2,1,1,4,0,0
1936,Wolverhampton Wanderers,Arsenal,2,0,1,1,2,2,1
1936,Wolverhampton Wanderers,Brentford,4,0,1,1,4,4,1
1936,Wolverhampton Wanderers,Portsmouth,1,1,1,1,2,0,0
1936,Wolverhampton Wanderers,Stoke City,2,1,1,1,3,1,1
1936,Aston Villa,Barnsley,4,2,2,2,6,2,1
1936,Aston Villa,Bury,0,4,2,2,4,-4,0
1936,Aston Villa,Doncaster Rovers,1,1,2,2,2,0,0
1936,Barnsley,Aston Villa,0,4,2,2,4,-4,0
1936,Barnsley,Bury,2,2,2,2,4,0,0
1936,Barnsley,Plymouth Argyle,1,3,2,2,4,-2,0
1936,Barnsley,Swansea City,0,1,2,2,1,-1,0
1936,Blackburn Rovers,Aston Villa,3,4,2,2,7,-1,0
1936,Blackburn Rovers,Newcastle United,6,1,2,2,7,5,1
1936,Blackburn Rovers,Swansea City,2,1,2,2,3,1,1
1936,Blackpool,Aston Villa,2,3,2,2,5,-1,0
1936,Blackpool,Bradford City,4,2,2,2,6,2,1
1936,Blackpool,Bury,1,2,2,2,3,-1,0
1936,Blackpool,Doncaster Rovers,1,1,2,2,2,0,0
1936,Blackpool,Swansea City,3,2,2,2,5,1,1
1936,Bradford City,Aston Villa,2,2,2,2,4,0,0
1936,Bradford City,Newcastle United,2,0,2,2,2,2,1
1936,Bradford City,Swansea City,4,0,2,2,4,4,1
1936,Bradford Park Avenue,Bury,0,1,2,2,1,-1,0
1936,Bradford Park Avenue,Doncaster Rovers,1,0,2,2,1,1,1
1936,Bradford Park Avenue,Newcastle United,0,3,2,2,3,-3,0
1936,Bradford Park Avenue,Plymouth Argyle,0,0,2,2,0,0,0
1936,Burnley,Doncaster Rovers,3,0,2,2,3,3,1
1936,Burnley,Newcastle United,0,3,2,2,3,-3,0
1936,Burnley,Plymouth Argyle,2,0,2,2,2,2,1
1936,Bury,Blackpool,2,3,2,2,5,-1,0
1936,Bury,Burnley,3,1,2,2,4,2,1
1936,Bury,Doncaster Rovers,4,2,2,2,6,2,1
1936,Bury,Plymouth Argyle,2,0,2,2,2,2,1
1936,Bury,Swansea City,2,0,2,2,2,2,1
1936,Chesterfield,Burnley,4,1,2,2,5,3,1
1936,Chesterfield,Doncaster Rovers,5,1,2,2,6,4,1
1936,Coventry City,Blackpool,1,2,2,2,3,-1,0
1936,Coventry City,Burnley,0,1,2,2,1,-1,0
1936,Coventry City,Doncaster Rovers,1,1,2,2,2,0,0
1936,Coventry City,Newcastle United,2,2,2,2,4,0,0
1936,Coventry City,Swansea City,2,1,2,2,3,1,1
1936,Doncaster Rovers,Blackpool,0,4,2,2,4,-4,0
1936,Doncaster Rovers,Burnley,2,0,2,2,2,2,1
1936,Doncaster Rovers,Plymouth Argyle,2,1,2,2,3,1,1
1936,Doncaster Rovers,Swansea City,0,0,2,2,0,0,0
1936,Fulham,Aston Villa,3,2,2,2,5,1,1
1936,Fulham,Coventry City,0,2,2,2,2,-2,0
1936,Fulham,Plymouth Argyle,2,2,2,2,4,0,0
1936,Leicester City,Aston Villa,1,0,2,2,1,1,1
1936,Leicester City,Burnley,7,3,2,2,10,4,1
1936,Leicester City,Coventry City,1,0,2,2,1,1,1
1936,Leicester City,Plymouth Argyle,3,2,2,2,5,1,1
1936,Newcastle United,Aston Villa,0,2,2,2,2,-2,0
1936,Newcastle United,Coventry City,4,2,2,2,6,2,1
1936,Newcastle United,Leicester City,1,0,2,2,1,1,1
1936,Newcastle United,Plymouth Argyle,1,1,2,2,2,0,0
1936,Newcastle United,Swansea City,5,1,2,2,6,4,1
1936,Norwich City,Aston Villa,5,1,2,2,6,4,1
1936,Norwich City,Blackpool,1,2,2,2,3,-1,0
1936,Norwich City,Leicester City,1,2,2,2,3,-1,0
1936,Nottingham Forest,Burnley,1,2,2,2,3,-1,0
1936,Nottingham Forest,Coventry City,1,1,2,2,2,0,0
1936,Plymouth Argyle,Aston Villa,2,2,2,2,4,0,0
1936,Plymouth Argyle,Coventry City,1,0,2,2,1,1,1
1936,Sheffield United,Aston Villa,5,1,2,2,6,4,1
1936,Sheffield United,Burnley,1,1,2,2,2,0,0
1936,Sheffield United,Leicester City,3,1,2,2,4,2,1
1936,Sheffield United,Swansea City,1,0,2,2,1,1,1
1936,Southampton,Aston Villa,2,2,2,2,4,0,0
1936,Southampton,Blackpool,5,2,2,2,7,3,1
1936,Southampton,Coventry City,1,1,2,2,2,0,0
1936,Southampton,Leicester City,1,1,2,2,2,0,0
1936,Southampton,Swansea City,2,1,2,2,3,1,1
1936,Swansea City,Coventry City,2,0,2,2,2,2,1
1936,Swansea City,Leicester City,1,3,2,2,4,-2,0
1936,Swansea City,Southampton,5,1,2,2,6,4,1
1936,Tottenham Hotspur,Aston Villa,2,2,2,2,4,0,0
1936,West Ham United,Aston Villa,2,1,2,2,3,1,1
1936,West Ham United,Coventry City,4,0,2,2,4,4,1
1936,West Ham United,Leicester City,4,1,2,2,5,3,1
1936,West Ham United,Nottingham Forest,2,2,2,2,4,0,0
1936,West Ham United,Southampton,4,0,2,2,4,4,1
1936,Accrington Stanley,Crewe Alexandra,4,1,3a,3,5,3,1
1936,Accrington Stanley,Oldham Athletic,1,1,3a,3,2,0,0
1936,Accrington Stanley,Rotherham United,3,0,3a,3,3,3,1
1936,Accrington Stanley,Tranmere Rovers,4,0,3a,3,4,4,1
1936,Barrow,Crewe Alexandra,2,2,3a,3,4,0,0
1936,Barrow,Rotherham United,5,1,3a,3,6,4,1
1936,Barrow,Tranmere Rovers,2,0,3a,3,2,2,1
1936,Carlisle United,Accrington Stanley,2,0,3a,3,2,2,1
1936,Chester,Tranmere Rovers,5,2,3a,3,7,3,1
1936,Crewe Alexandra,Oldham Athletic,1,2,3a,3,3,-1,0
1936,Crewe Alexandra,Rotherham United,0,2,3a,3,2,-2,0
1936,Darlington,Rotherham United,6,3,3a,3,9,3,1
1936,Gateshead,Chester,1,1,3a,3,2,0,0
1936,Gateshead,Halifax Town,0,2,3a,3,2,-2,0
1936,Gateshead,Oldham Athletic,0,3,3a,3,3,-3,0
1936,Gateshead,Rotherham United,2,1,3a,3,3,1,1
1936,Halifax Town,Chester,1,0,3a,3,1,1,1
1936,Halifax Town,Oldham Athletic,0,1,3a,3,1,-1,0
1936,Halifax Town,Rotherham United,4,1,3a,3,5,3,1
1936,Halifax Town,Tranmere Rovers,2,1,3a,3,3,1,1
1936,Hartlepool United,Accrington Stanley,1,0,3a,3,1,1,1
1936,Hartlepool United,Gateshead,6,1,3a,3,7,5,1
1936,Hartlepool United,Tranmere Rovers,2,1,3a,3,3,1,1
1936,Hull City,Accrington Stanley,0,3,3a,3,3,-3,0
1936,Hull City,Gateshead,3,2,3a,3,5,1,1
1936,Hull City,Lincoln City,1,1,3a,3,2,0,0
1936,Hull City,Rotherham United,2,1,3a,3,3,1,1
1936,Hull City,Tranmere Rovers,5,2,3a,3,7,3,1
1936,Lincoln City,Chester,3,0,3a,3,3,3,1
1936,Lincoln City,Gateshead,4,0,3a,3,4,4,1
1936,Lincoln City,Oldham Athletic,2,0,3a,3,2,2,1
1936,Lincoln City,Rotherham United,3,0,3a,3,3,3,1
1936,Lincoln City,Tranmere Rovers,1,0,3a,3,1,1,1
1936,Mansfield Town,Accrington Stanley,2,1,3a,3,3,1,1
1936,Mansfield Town,Chester,5,0,3a,3,5,5,1
1936,Mansfield Town,Rotherham United,4,1,3a,3,5,3,1
1936,Mansfield Town,Tranmere Rovers,2,3,3a,3,5,-1,0
1936,New Brighton,Accrington Stanley,1,1,3a,3,2,0,0
1936,New Brighton,Chester,1,0,3a,3,1,1,1
1936,Oldham Athletic,Accrington Stanley,3,1,3a,3,4,2,1
1936,Oldham Athletic,Chester,1,0,3a,3,1,1,1
1936,Oldham Athletic,Hull City,3,1,3a,3,4,2,1
1936,Oldham Athletic,New Brighton,3,1,3a,3,4,2,1
1936,Port Vale,Chester,4,0,3a,3,4,4,1
1936,Port Vale,Gateshead,4,2,3a,3,6,2,1
1936,Port Vale,New Brighton,3,1,3a,3,4,2,1
1936,Rochdale,Chester,0,1,3a,3,1,-1,0
1936,Rochdale,Gateshead,0,2,3a,3,2,-2,0
1936,Rochdale,Hull City,4,0,3a,3,4,4,1
1936,Rotherham United,New Brighton,3,0,3a,3,3,3,1
1936,Rotherham United,Rochdale,1,1,3a,3,2,0,0
1936,Rotherham United,Tranmere Rovers,3,1,3a,3,4,2,1
1936,Southport,Accrington Stanley,3,1,3a,3,4,2,1
1936,Stockport County,New Brighton,3,1,3a,3,4,2,1
1936,Stockport County,Rochdale,3,0,3a,3,3,3,1
1936,Tranmere Rovers,Stockport County,2,2,3a,3,4,0,0
1936,Wrexham,New Brighton,4,1,3a,3,5,3,1
1936,Wrexham,Rochdale,0,1,3a,3,1,-1,0
1936,York City,Accrington Stanley,4,2,3a,3,6,2,1
1936,York City,Chester,0,2,3a,3,2,-2,0
1936,York City,Gateshead,2,0,3a,3,2,2,1
1936,York City,Hull City,1,1,3a,3,2,0,0
1936,York City,New Brighton,2,1,3a,3,3,1,1
1936,York City,Rochdale,4,1,3a,3,5,3,1
1936,AFC Bournemouth,Aldershot,2,1,3b,3,3,1,1
1936,AFC Bournemouth,Luton Town,2,1,3b,3,3,1,1
1936,AFC Bournemouth,Northampton Town,3,2,3b,3,5,1,1
1936,AFC Bournemouth,Torquay United,3,3,3b,3,6,0,0
1936,Aldershot,AFC Bournemouth,1,3,3b,3,4,-2,0
1936,Aldershot,Bristol Rovers,4,0,3b,3,4,4,1
1936,Aldershot,Exeter City,1,1,3b,3,2,0,0
1936,Aldershot,Torquay United,0,1,3b,3,1,-1,0
1936,Brighton & Hove Albion,Bristol Rovers,5,2,3b,3,7,3,1
1936,Brighton & Hove Albion,Exeter City,1,0,3b,3,1,1,1
1936,Brighton & Hove Albion,Northampton Town,1,2,3b,3,3,-1,0
1936,Brighton & Hove Albion,Torquay United,5,1,3b,3,6,4,1
1936,Bristol City,AFC Bournemouth,4,1,3b,3,5,3,1
1936,Bristol City,Luton Town,2,3,3b,3,5,-1,0
1936,Bristol City,Northampton Town,0,1,3b,3,1,-1,0
1936,Bristol City,Torquay United,4,1,3b,3,5,3,1
1936,Bristol Rovers,Bristol City,3,1,3b,3,4,2,1
1936,Bristol Rovers,Luton Town,4,0,3b,3,4,4,1
1936,Cardiff City,AFC Bournemouth,2,1,3b,3,3,1,1
1936,Cardiff City,Exeter City,3,1,3b,3,4,2,1
1936,Cardiff City,Northampton Town,2,1,3b,3,3,1,1
1936,Crystal Palace,AFC Bournemouth,2,2,3b,3,4,0,0
1936,Crystal Palace,Bristol City,1,0,3b,3,1,1,1
1936,Crystal Palace,Exeter City,8,0,3b,3,8,8,1
1936,Crystal Palace,Northampton Town,2,2,3b,3,4,0,0
1936,Crystal Palace,Reading,3,1,3b,3,4,2,1
1936,Exeter City,Bristol City,3,0,3b,3,3,3,1
1936,Exeter City,Crystal Palace,3,2,3b,3,5,1,1
1936,Exeter City,Northampton Town,2,5,3b,3,7,-3,0
1936,Gillingham,Bristol City,5,3,3b,3,8,2,1
1936,Gillingham,Crystal Palace,2,0,3b,3,2,2,1
1936,Gillingham,Torquay United,1,0,3b,3,1,1,1
1936,Leyton Orient,Luton Town,0,2,3b,3,2,-2,0
1936,Leyton Orient,Torquay United,2,0,3b,3,2,2,1
1936,Luton Town,Crystal Palace,5,2,3b,3,7,3,1
1936,Luton Town,Leyton Orient,2,0,3b,3,2,2,1
1936,Millwall,AFC Bournemouth,0,2,3b,3,2,-2,0
1936,Millwall,Northampton Town,1,0,3b,3,1,1,1
1936,Millwall,Reading,0,2,3b,3,2,-2,0
1936,Millwall,Torquay United,1,1,3b,3,2,0,0
1936,Newport County,Crystal Palace,1,1,3b,3,2,0,0
1936,Newport County,Leyton Orient,1,1,3b,3,2,0,0
1936,Newport County,Northampton Town,1,3,3b,3,4,-2,0
1936,Newport County,Reading,3,0,3b,3,3,3,1
1936,Northampton Town,AFC Bournemouth,0,0,3b,3,0,0,0
1936,Northampton Town,Crystal Palace,2,0,3b,3,2,2,1
1936,Northampton Town,Leyton Orient,1,1,3b,3,2,0,0
1936,Northampton Town,Newport County,3,2,3b,3,5,1,1
1936,Northampton Town,Torquay United,3,0,3b,3,3,3,1
1936,Notts County,AFC Bournemouth,4,3,3b,3,7,1,1
1936,Notts County,Crystal Palace,0,1,3b,3,1,-1,0
1936,Notts County,Leyton Orient,0,0,3b,3,0,0,0
1936,Notts County,Newport County,3,1,3b,3,4,2,1
1936,Notts County,Reading,1,0,3b,3,1,1,1
1936,Queens Park Rangers,AFC Bournemouth,1,2,3b,3,3,-1,0
1936,Queens Park Rangers,Leyton Orient,2,1,3b,3,3,1,1
1936,Queens Park Rangers,Newport County,6,2,3b,3,8,4,1
1936,Reading,AFC Bournemouth,3,2,3b,3,5,1,1
1936,Reading,Crystal Palace,1,1,3b,3,2,0,0
1936,Reading,Leyton Orient,1,1,3b,3,2,0,0
1936,Reading,Newport County,4,4,3b,3,8,0,0
1936,Southend United,AFC Bournemouth,0,0,3b,3,0,0,0
1936,Southend United,Bristol City,3,0,3b,3,3,3,1
1936,Southend United,Crystal Palace,2,1,3b,3,3,1,1
1936,Southend United,Leyton Orient,0,0,3b,3,0,0,0
1936,Southend United,Newport County,9,2,3b,3,11,7,1
1936,Swindon Town,Bristol City,0,1,3b,3,1,-1,0
1936,Swindon Town,Crystal Palace,4,0,3b,3,4,4,1
1936,Swindon Town,Newport County,1,2,3b,3,3,-1,0
1936,Swindon Town,Torquay United,4,2,3b,3,6,2,1
1936,Torquay United,Crystal Palace,3,0,3b,3,3,3,1
1936,Torquay United,Leyton Orient,4,1,3b,3,5,3,1
1936,Torquay United,Newport County,1,2,3b,3,3,-1,0
1936,Torquay United,Swindon Town,2,0,3b,3,2,2,1
1936,Walsall,AFC Bournemouth,1,1,3b,3,2,0,0
1936,Walsall,Bristol City,1,5,3b,3,6,-4,0
1936,Walsall,Crystal Palace,1,0,3b,3,1,1,1
1936,Walsall,Leyton Orient,3,2,3b,3,5,1,1
1936,Watford,AFC Bournemouth,4,0,3b,3,4,4,1
1936,Watford,Bristol City,1,0,3b,3,1,1,1
1936,Watford,Newport County,3,0,3b,3,3,3,1
1936,Watford,Swindon Town,2,2,3b,3,4,0,0
1937,Arsenal,Birmingham City,0,0,1,1,0,0,0
1937,Arsenal,Brentford,0,2,1,1,2,-2,0
1937,Arsenal,Derby County,3,0,1,1,3,3,1
1937,Arsenal,Huddersfield Town,3,1,1,1,4,2,1
1937,Arsenal,Liverpool,1,0,1,1,1,1,1
1937,Arsenal,Portsmouth,1,1,1,1,2,0,0
1937,Arsenal,Sunderland,4,1,1,1,5,3,1
1937,Birmingham City,Arsenal,1,2,1,1,3,-1,0
1937,Birmingham City,Brentford,0,0,1,1,0,0,0
1937,Birmingham City,Sunderland,2,2,1,1,4,0,0
1937,Blackpool,Brentford,1,1,1,1,2,0,0
1937,Blackpool,Derby County,1,1,1,1,2,0,0
1937,Blackpool,Huddersfield Town,4,0,1,1,4,4,1
1937,Blackpool,Sunderland,0,0,1,1,0,0,0
1937,Bolton Wanderers,Brentford,2,0,1,1,2,2,1
1937,Bolton Wanderers,Liverpool,0,0,1,1,0,0,0
1937,Bolton Wanderers,Portsmouth,1,1,1,1,2,0,0
1937,Brentford,Bolton Wanderers,1,1,1,1,2,0,0
1937,Brentford,Huddersfield Town,2,0,1,1,2,2,1
1937,Charlton Athletic,Arsenal,0,3,1,1,3,-3,0
1937,Charlton Athletic,Huddersfield Town,4,0,1,1,4,4,1
1937,Charlton Athletic,Portsmouth,5,1,1,1,6,4,1
1937,Charlton Athletic,Sunderland,2,1,1,1,3,1,1
1937,Chelsea,Arsenal,2,2,1,1,4,0,0
1937,Chelsea,Derby County,3,0,1,1,3,3,1
1937,Chelsea,Huddersfield Town,3,1,1,1,4,2,1
1937,Chelsea,Liverpool,6,1,1,1,7,5,1
1937,Derby County,Arsenal,2,0,1,1,2,2,1
1937,Derby County,Chelsea,4,0,1,1,4,4,1
1937,Derby County,Huddersfield Town,0,4,1,1,4,-4,0
1937,Derby County,Sunderland,2,2,1,1,4,0,0
1937,Everton,Chelsea,4,1,1,1,5,3,1
1937,Everton,Huddersfield Town,1,2,1,1,3,-1,0
1937,Grimsby Town,Arsenal,2,1,1,1,3,1,1
1937,Grimsby Town,Bolton Wanderers,0,1,1,1,1,-1,0
1937,Grimsby Town,Huddersfield Town,4,2,1,1,6,2,1
1937,Grimsby Town,Sunderland,0,2,1,1,2,-2,0
1937,Huddersfield Town,Arsenal,2,1,1,1,3,1,1
1937,Huddersfield Town,Liverpool,1,2,1,1,3,-1,0
1937,Huddersfield Town,Portsmouth,2,0,1,1,2,2,1
1937,Huddersfield Town,Sunderland,1,1,1,1,2,0,0
1937,Leeds United,Chelsea,2,0,1,1,2,2,1
1937,Leeds United,Portsmouth,3,1,1,1,4,2,1
1937,Leicester City,Bolton Wanderers,1,1,1,1,2,0,0
1937,Leicester City,Portsmouth,3,3,1,1,6,0,0
1937,Liverpool,Arsenal,2,0,1,1,2,2,1
1937,Liverpool,Chelsea,2,2,1,1,4,0,0
1937,Liverpool,Grimsby Town,2,1,1,1,3,1,1
1937,Liverpool,Sunderland,4,0,1,1,4,4,1
1937,Manchester City,Arsenal,1,2,1,1,3,-1,0
1937,Manchester City,Bolton Wanderers,1,2,1,1,3,-1,0
1937,Manchester City,Leicester City,3,0,1,1,3,3,1
1937,Manchester City,Portsmouth,2,1,1,1,3,1,1
1937,Middlesbrough,Grimsby Town,1,0,1,1,1,1,1
1937,Portsmouth,Arsenal,0,0,1,1,0,0,0
1937,Portsmouth,Bolton Wanderers,1,1,1,1,2,0,0
1937,Portsmouth,Middlesbrough,0,2,1,1,2,-2,0
1937,Preston North End,Chelsea,0,0,1,1,0,0,0
1937,Preston North End,Grimsby Town,4,1,1,1,5,3,1
1937,Preston North End,Middlesbrough,0,2,1,1,2,-2,0
1937,Preston North End,Sunderland,0,0,1,1,0,0,0
1937,Stoke City,Arsenal,1,1,1,1,2,0,0
1937,Stoke City,Bolton Wanderers,3,2,1,1,5,1,1
1937,Stoke City,Grimsby Town,1,1,1,1,2,0,0
1937,Stoke City,Middlesbrough,3,0,1,1,3,3,1
1937,Sunderland,Bolton Wanderers,3,1,1,1,4,2,1
1937,Sunderland,Chelsea,1,1,1,1,2,0,0
1937,Sunderland,Grimsby Town,2,2,1,1,4,0,0
1937,Sunderland,Leicester City,1,0,1,1,1,1,1
1937,Sunderland,Stoke City,1,1,1,1,2,0,0
1937,West Bromwich Albion,Bolton Wanderers,2,4,1,1,6,-2,0
1937,West Bromwich Albion,Middlesbrough,3,1,1,1,4,2,1
1937,West Bromwich Albion,Stoke City,0,1,1,1,1,-1,0
1937,Wolverhampton Wanderers,Arsenal,3,1,1,1,4,2,1
1937,Wolverhampton Wanderers,Grimsby Town,1,1,1,1,2,0,0
1937,Wolverhampton Wanderers,Middlesbrough,0,1,1,1,1,-1,0
1937,Wolverhampton Wanderers,Stoke City,2,2,1,1,4,0,0
1937,Aston Villa,Burnley,0,0,2,2,0,0,0
1937,Aston Villa,Coventry City,1,1,2,2,2,0,0
1937,Aston Villa,Manchester United,3,0,2,2,3,3,1
1937,Aston Villa,Nottingham Forest,1,2,2,2,3,-1,0
1937,Aston Villa,Swansea City,4,0,2,2,4,4,1
1937,Barnsley,Manchester United,2,2,2,2,4,0,0
1937,Barnsley,Nottingham Forest,2,2,2,2,4,0,0
1937,Barnsley,Sheffield Wednesday,4,1,2,2,5,3,1
1937,Barnsley,Swansea City,2,0,2,2,2,2,1
1937,Blackburn Rovers,Aston Villa,1,0,2,2,1,1,1
1937,Blackburn Rovers,Burnley,3,3,2,2,6,0,0
1937,Blackburn Rovers,Coventry City,1,3,2,2,4,-2,0
1937,Blackburn Rovers,Nottingham Forest,5,1,2,2,6,4,1
1937,Blackburn Rovers,Sheffield Wednesday,1,0,2,2,1,1,1
1937,Blackburn Rovers,Swansea City,3,1,2,2,4,2,1
1937,Bradford Park Avenue,Burnley,3,1,2,2,4,2,1
1937,Bradford Park Avenue,Manchester United,4,0,2,2,4,4,1
1937,Bradford Park Avenue,Nottingham Forest,2,2,2,2,4,0,0
1937,Burnley,Manchester United,1,0,2,2,1,1,1
1937,Burnley,Swansea City,2,0,2,2,2,2,1
1937,Bury,Bradford Park Avenue,5,1,2,2,6,4,1
1937,Bury,Sheffield Wednesday,2,0,2,2,2,2,1
1937,Bury,Swansea City,0,0,2,2,0,0,0
1937,Chesterfield,Aston Villa,0,1,2,2,1,-1,0
1937,Chesterfield,Bradford Park Avenue,0,3,2,2,3,-3,0
1937,Chesterfield,Coventry City,4,0,2,2,4,4,1
1937,Coventry City,Bradford Park Avenue,0,0,2,2,0,0,0
1937,Coventry City,Chesterfield,2,2,2,2,4,0,0
1937,Coventry City,Nottingham Forest,1,1,2,2,2,0,0
1937,Coventry City,Sheffield Wednesday,0,1,2,2,1,-1,0
1937,Fulham,Aston Villa,1,1,2,2,2,0,0
1937,Fulham,Nottingham Forest,2,0,2,2,2,2,1
1937,Fulham,Swansea City,8,1,2,2,9,7,1
1937,Luton Town,Bradford Park Avenue,4,2,2,2,6,2,1
1937,Luton Town,Nottingham Forest,2,2,2,2,4,0,0
1937,Manchester United,Aston Villa,3,1,2,2,4,2,1
1937,Manchester United,Chesterfield,4,1,2,2,5,3,1
1937,Manchester United,Nottingham Forest,4,3,2,2,7,1,1
1937,Manchester United,Sheffield Wednesday,1,0,2,2,1,1,1
1937,Newcastle United,Aston Villa,2,0,2,2,2,2,1
1937,Newcastle United,Bradford Park Avenue,3,0,2,2,3,3,1
1937,Newcastle United,Luton Town,1,3,2,2,4,-2,0
1937,Newcastle United,Nottingham Forest,3,1,2,2,4,2,1
1937,Newcastle United,Sheffield Wednesday,1,0,2,2,1,1,1
1937,Norwich City,Chesterfield,2,1,2,2,3,1,1
1937,Norwich City,Nottingham Forest,2,0,2,2,2,2,1
1937,Norwich City,Sheffield Wednesday,3,1,2,2,4,2,1
1937,Norwich City,Swansea City,1,1,2,2,2,0,0
1937,Nottingham Forest,Bradford Park Avenue,1,0,2,2,1,1,1
1937,Nottingham Forest,Chesterfield,4,2,2,2,6,2,1
1937,Nottingham Forest,Swansea City,2,1,2,2,3,1,1
1937,Plymouth Argyle,Bradford Park Avenue,1,0,2,2,1,1,1
1937,Plymouth Argyle,Chesterfield,1,1,2,2,2,0,0
1937,Plymouth Argyle,Norwich City,1,1,2,2,2,0,0
1937,Plymouth Argyle,Swansea City,2,2,2,2,4,0,0
1937,Sheffield United,Aston Villa,0,0,2,2,0,0,0
1937,Sheffield United,Bradford Park Avenue,3,1,2,2,4,2,1
1937,Sheffield United,Chesterfield,0,2,2,2,2,-2,0
1937,Sheffield United,Luton Town,2,0,2,2,2,2,1
1937,Sheffield United,Norwich City,4,1,2,2,5,3,1
1937,Sheffield United,Sheffield Wednesday,2,1,2,2,3,1,1
1937,Sheffield United,Swansea City,1,1,2,2,2,0,0
1937,Sheffield Wednesday,Aston Villa,1,2,2,2,3,-1,0
1937,Sheffield Wednesday,Chesterfield,1,0,2,2,1,1,1
1937,Sheffield Wednesday,Luton Town,4,0,2,2,4,4,1
1937,Sheffield Wednesday,Norwich City,1,0,2,2,1,1,1
1937,Sheffield Wednesday,Swansea City,1,1,2,2,2,0,0
1937,Southampton,Aston Villa,0,0,2,2,0,0,0
1937,Southampton,Sheffield United,2,1,2,2,3,1,1
1937,Southampton,Swansea City,1,1,2,2,2,0,0
1937,Stockport County,Bradford Park Avenue,1,2,2,2,3,-1,0
1937,Stockport County,Chesterfield,1,1,2,2,2,0,0
1937,Stockport County,Norwich City,1,1,2,2,2,0,0
1937,Stockport County,Sheffield United,1,1,2,2,2,0,0
1937,Stockport County,Swansea City,1,0,2,2,1,1,1
1937,Swansea City,Aston Villa,2,1,2,2,3,1,1
1937,Swansea City,Chesterfield,1,0,2,2,1,1,1
1937,Swansea City,Luton Town,1,1,2,2,2,0,0
1937,Swansea City,Sheffield United,3,5,2,2,8,-2,0
1937,Tottenham Hotspur,Aston Villa,2,1,2,2,3,1,1
1937,Tottenham Hotspur,Bradford Park Avenue,2,1,2,2,3,1,1
1937,Tottenham Hotspur,Chesterfield,2,0,2,2,2,2,1
1937,Tottenham Hotspur,Norwich City,4,0,2,2,4,4,1
1937,Tottenham Hotspur,Sheffield United,1,2,2,2,3,-1,0
1937,West Ham United,Aston Villa,1,1,2,2,2,0,0
1937,West Ham United,Norwich City,3,3,2,2,6,0,0
1937,West Ham United,Sheffield United,0,2,2,2,2,-2,0
1937,Accrington Stanley,Hartlepool United,2,1,3a,3,3,1,1
1937,Accrington Stanley,New Brighton,3,1,3a,3,4,2,1
1937,Accrington Stanley,Tranmere Rovers,0,1,3a,3,1,-1,0
1937,Barrow,Accrington Stanley,0,0,3a,3,0,0,0
1937,Barrow,Doncaster Rovers,1,1,3a,3,2,0,0
1937,Barrow,New Brighton,3,0,3a,3,3,3,1
1937,Bradford City,Chester,2,2,3a,3,4,0,0
1937,Bradford City,New Brighton,3,0,3a,3,3,3,1
1937,Carlisle United,Accrington Stanley,3,1,3a,3,4,2,1
1937,Carlisle United,Chester,1,3,3a,3,4,-2,0
1937,Carlisle United,Doncaster Rovers,2,2,3a,3,4,0,0
1937,Carlisle United,Rochdale,0,1,3a,3,1,-1,0
1937,Carlisle United,Tranmere Rovers,0,0,3a,3,0,0,0
1937,Chester,New Brighton,1,2,3a,3,3,-1,0
1937,Crewe Alexandra,Carlisle United,4,1,3a,3,5,3,1
1937,Crewe Alexandra,Doncaster Rovers,0,0,3a,3,0,0,0
1937,Crewe Alexandra,Hartlepool United,2,0,3a,3,2,2,1
1937,Crewe Alexandra,Tranmere Rovers,1,0,3a,3,1,1,1
1937,Darlington,Carlisle United,3,1,3a,3,4,2,1
1937,Darlington,Doncaster Rovers,1,1,3a,3,2,0,0
1937,Darlington,New Brighton,1,0,3a,3,1,1,1
1937,Doncaster Rovers,Carlisle United,1,3,3a,3,4,-2,0
1937,Doncaster Rovers,Hartlepool United,3,3,3a,3,6,0,0
1937,Doncaster Rovers,Rochdale,5,0,3a,3,5,5,1
1937,Doncaster Rovers,Tranmere Rovers,1,1,3a,3,2,0,0
1937,Gateshead,Accrington Stanley,1,0,3a,3,1,1,1
1937,Gateshead,Carlisle United,2,1,3a,3,3,1,1
1937,Gateshead,Darlington,5,2,3a,3,7,3,1
1937,Gateshead,Rochdale,3,1,3a,3,4,2,1
1937,Halifax Town,Carlisle United,0,0,3a,3,0,0,0
1937,Halifax Town,Darlington,1,0,3a,3,1,1,1
1937,Halifax Town,Hartlepool United,0,0,3a,3,0,0,0
1937,Halifax Town,New Brighton,2,0,3a,3,2,2,1
1937,Halifax Town,Rochdale,2,3,3a,3,5,-1,0
1937,Hartlepool United,Carlisle United,4,1,3a,3,5,3,1
1937,Hartlepool United,Halifax Town,2,0,3a,3,2,2,1
1937,Hartlepool United,New Brighton,1,0,3a,3,1,1,1
1937,Hartlepool United,Rochdale,3,3,3a,3,6,0,0
1937,Hartlepool United,Tranmere Rovers,2,2,3a,3,4,0,0
1937,Hull City,Accrington Stanley,0,0,3a,3,0,0,0
1937,Hull City,Carlisle United,2,1,3a,3,3,1,1
1937,Hull City,Halifax Town,0,1,3a,3,1,-1,0
1937,Hull City,New Brighton,1,1,3a,3,2,0,0
1937,Hull City,Rochdale,4,1,3a,3,5,3,1
1937,Lincoln City,Darlington,0,0,3a,3,0,0,0
1937,Lincoln City,Tranmere Rovers,0,1,3a,3,1,-1,0
1937,New Brighton,Accrington Stanley,2,1,3a,3,3,1,1
1937,New Brighton,Carlisle United,5,1,3a,3,6,4,1
1937,New Brighton,Darlington,3,0,3a,3,3,3,1
1937,New Brighton,Lincoln City,0,1,3a,3,1,-1,0
1937,New Brighton,Rochdale,2,0,3a,3,2,2,1
1937,Oldham Athletic,Accrington Stanley,1,0,3a,3,1,1,1
1937,Oldham Athletic,Darlington,3,0,3a,3,3,3,1
1937,Oldham Athletic,Tranmere Rovers,2,1,3a,3,3,1,1
1937,Port Vale,Accrington Stanley,4,1,3a,3,5,3,1
1937,Port Vale,Darlington,1,0,3a,3,1,1,1
1937,Port Vale,Halifax Town,0,2,3a,3,2,-2,0
1937,Port Vale,Lincoln City,1,0,3a,3,1,1,1
1937,Rochdale,Accrington Stanley,0,1,3a,3,1,-1,0
1937,Rochdale,Carlisle United,3,1,3a,3,4,2,1
1937,Rochdale,Lincoln City,0,1,3a,3,1,-1,0
1937,Rotherham United,Accrington Stanley,1,1,3a,3,2,0,0
1937,Rotherham United,Carlisle United,0,1,3a,3,1,-1,0
1937,Rotherham United,Darlington,4,2,3a,3,6,2,1
1937,Rotherham United,Lincoln City,4,0,3a,3,4,4,1
1937,Rotherham United,Port Vale,3,2,3a,3,5,1,1
1937,Southport,Accrington Stanley,2,1,3a,3,3,1,1
1937,Southport,Carlisle United,1,1,3a,3,2,0,0
1937,Southport,Port Vale,1,0,3a,3,1,1,1
1937,Tranmere Rovers,Carlisle United,5,0,3a,3,5,5,1
1937,Tranmere Rovers,Darlington,1,1,3a,3,2,0,0
1937,Tranmere Rovers,Lincoln City,2,0,3a,3,2,2,1
1937,Wrexham,Carlisle United,0,0,3a,3,0,0,0
1937,Wrexham,Halifax Town,2,0,3a,3,2,2,1
1937,York City,Accrington Stanley,1,1,3a,3,2,0,0
1937,York City,Carlisle United,3,1,3a,3,4,2,1
1937,York City,Darlington,1,2,3a,3,3,-1,0
1937,York City,Halifax Town,1,1,3a,3,2,0,0
1937,York City,Port Vale,2,2,3a,3,4,0,0
1937,AFC Bournemouth,Aldershot,3,0,3b,3,3,3,1
1937,AFC Bournemouth,Mansfield Town,5,4,3b,3,9,1,1
1937,AFC Bournemouth,Northampton Town,0,0,3b,3,0,0,0
1937,AFC Bournemouth,Torquay United,0,0,3b,3,0,0,0
1937,Aldershot,AFC Bournemouth,2,0,3b,3,2,2,1
1937,Aldershot,Bristol Rovers,0,2,3b,3,2,-2,0
1937,Aldershot,Northampton Town,0,2,3b,3,2,-2,0
1937,Aldershot,Reading,0,0,3b,3,0,0,0
1937,Aldershot,Torquay United,1,0,3b,3,1,1,1
1937,Brighton & Hove Albion,Mansfield Town,2,0,3b,3,2,2,1
1937,Brighton & Hove Albion,Northampton Town,1,2,3b,3,3,-1,0
1937,Brighton & Hove Albion,Torquay United,1,1,3b,3,2,0,0
1937,Bristol City,AFC Bournemouth,2,1,3b,3,3,1,1
1937,Bristol City,Mansfield Town,2,1,3b,3,3,1,1
1937,Bristol City,Reading,1,0,3b,3,1,1,1
1937,Bristol City,Torquay United,2,0,3b,3,2,2,1
1937,Bristol Rovers,AFC Bournemouth,2,1,3b,3,3,1,1
1937,Bristol Rovers,Exeter City,1,1,3b,3,2,0,0
1937,Bristol Rovers,Mansfield Town,0,0,3b,3,0,0,0
1937,Bristol Rovers,Reading,2,2,3b,3,4,0,0
1937,Cardiff City,Exeter City,1,1,3b,3,2,0,0
1937,Cardiff City,Mansfield Town,4,1,3b,3,5,3,1
1937,Cardiff City,Northampton Town,4,1,3b,3,5,3,1
1937,Crystal Palace,Exeter City,2,2,3b,3,4,0,0
1937,Crystal Palace,Northampton Town,0,1,3b,3,1,-1,0
1937,Crystal Palace,Torquay United,4,1,3b,3,5,3,1
1937,Exeter City,Bristol City,3,2,3b,3,5,1,1
1937,Exeter City,Mansfield Town,4,0,3b,3,4,4,1
1937,Exeter City,Northampton Town,4,1,3b,3,5,3,1
1937,Gillingham,Bristol City,1,0,3b,3,1,1,1
1937,Gillingham,Northampton Town,2,1,3b,3,3,1,1
1937,Gillingham,Reading,1,2,3b,3,3,-1,0
1937,Gillingham,Torquay United,1,1,3b,3,2,0,0
1937,Leyton Orient,Crystal Palace,0,2,3b,3,2,-2,0
1937,Leyton Orient,Northampton Town,1,0,3b,3,1,1,1
1937,Mansfield Town,Bristol City,3,5,3b,3,8,-2,0
1937,Mansfield Town,Crystal Palace,2,0,3b,3,2,2,1
1937,Mansfield Town,Northampton Town,4,1,3b,3,5,3,1
1937,Millwall,Bristol City,0,3,3b,3,3,-3,0
1937,Millwall,Crystal Palace,2,2,3b,3,4,0,0
1937,Millwall,Leyton Orient,3,0,3b,3,3,3,1
1937,Millwall,Torquay United,7,0,3b,3,7,7,1
1937,Newport County,Bristol City,0,0,3b,3,0,0,0
1937,Newport County,Crystal Palace,0,0,3b,3,0,0,0
1937,Newport County,Leyton Orient,3,1,3b,3,4,2,1
1937,Newport County,Northampton Town,0,0,3b,3,0,0,0
1937,Newport County,Torquay United,0,2,3b,3,2,-2,0
1937,Northampton Town,AFC Bournemouth,1,3,3b,3,4,-2,0
1937,Notts County,AFC Bournemouth,1,2,3b,3,3,-1,0
1937,Notts County,Bristol City,2,0,3b,3,2,2,1
1937,Notts County,Crystal Palace,0,1,3b,3,1,-1,0
1937,Notts County,Leyton Orient,1,0,3b,3,1,1,1
1937,Notts County,Newport County,1,1,3b,3,2,0,0
1937,Notts County,Reading,2,1,3b,3,3,1,1
1937,Notts County,Torquay United,0,0,3b,3,0,0,0
1937,Queens Park Rangers,Crystal Palace,1,0,3b,3,1,1,1
1937,Queens Park Rangers,Torquay United,6,3,3b,3,9,3,1
1937,Reading,Bristol City,0,1,3b,3,1,-1,0
1937,Reading,Crystal Palace,3,2,3b,3,5,1,1
1937,Reading,Leyton Orient,2,0,3b,3,2,2,1
1937,Reading,Newport County,2,1,3b,3,3,1,1
1937,Reading,Queens Park Rangers,1,0,3b,3,1,1,1
1937,Southend United,Newport County,0,2,3b,3,2,-2,0
1937,Swindon Town,Crystal Palace,4,0,3b,3,4,4,1
1937,Swindon Town,Leyton Orient,1,0,3b,3,1,1,1
1937,Swindon Town,Newport County,3,2,3b,3,5,1,1
1937,Torquay United,Bristol City,1,3,3b,3,4,-2,0
1937,Torquay United,Leyton Orient,3,1,3b,3,4,2,1
1937,Torquay United,Newport County,0,0,3b,3,0,0,0
1937,Torquay United,Queens Park Rangers,0,2,3b,3,2,-2,0
1937,Walsall,AFC Bournemouth,2,0,3b,3,2,2,1
1937,Walsall,Leyton Orient,2,0,3b,3,2,2,1
1937,Walsall,Queens Park Rangers,0,3,3b,3,3,-3,0
1937,Walsall,Swindon Town,2,3,3b,3,5,-1,0
1937,Watford,Crystal Palace,1,2,3b,3,3,-1,0
1937,Watford,Newport County,3,0,3b,3,3,3,1
1937,Watford,Queens Park Rangers,3,1,3b,3,4,2,1
1937,Watford,Swindon Town,4,0,3b,3,4,4,1
1938,Arsenal,Chelsea,1,0,1,1,1,1,1
1938,Arsenal,Grimsby Town,2,0,1,1,2,2,1
1938,Arsenal,Middlesbrough,1,2,1,1,3,-1,0
1938,Aston Villa,Arsenal,1,3,1,1,4,-2,0
1938,Aston Villa,Chelsea,6,2,1,1,8,4,1
1938,Aston Villa,Leicester City,1,2,1,1,3,-1,0
1938,Birmingham City,Leicester City,2,1,1,1,3,1,1
1938,Birmingham City,Stoke City,1,2,1,1,3,-1,0
1938,Blackpool,Arsenal,1,0,1,1,1,1,1
1938,Blackpool,Chelsea,5,1,1,1,6,4,1
1938,Blackpool,Grimsby Town,3,1,1,1,4,2,1
1938,Blackpool,Leicester City,1,1,1,1,2,0,0
1938,Bolton Wanderers,Blackpool,0,1,1,1,1,-1,0
1938,Bolton Wanderers,Chelsea,0,2,1,1,2,-2,0
1938,Bolton Wanderers,Leicester City,4,0,1,1,4,4,1
1938,Brentford,Blackpool,1,1,1,1,2,0,0
1938,Brentford,Chelsea,1,0,1,1,1,1,1
1938,Brentford,Grimsby Town,1,2,1,1,3,-1,0
1938,Brentford,Leicester City,2,0,1,1,2,2,1
1938,Brentford,Middlesbrough,2,1,1,1,3,1,1
1938,Brentford,Stoke City,1,0,1,1,1,1,1
1938,Charlton Athletic,Chelsea,2,0,1,1,2,2,1
1938,Charlton Athletic,Leicester City,1,0,1,1,1,1,1
1938,Charlton Athletic,Middlesbrough,3,0,1,1,3,3,1
1938,Chelsea,Leicester City,3,0,1,1,3,3,1
1938,Chelsea,Stoke City,1,1,1,1,2,0,0
1938,Derby County,Leicester City,1,1,1,1,2,0,0
1938,Derby County,Middlesbrough,1,4,1,1,5,-3,0
1938,Everton,Blackpool,4,0,1,1,4,4,1
1938,Everton,Charlton Athletic,1,4,1,1,5,-3,0
1938,Everton,Grimsby Town,3,0,1,1,3,3,1
1938,Everton,Stoke City,1,1,1,1,2,0,0
1938,Grimsby Town,Charlton Athletic,1,1,1,1,2,0,0
1938,Huddersfield Town,Arsenal,1,1,1,1,2,0,0
1938,Huddersfield Town,Stoke City,1,4,1,1,5,-3,0
1938,Leeds United,Arsenal,4,2,1,1,6,2,1
1938,Leeds United,Blackpool,1,0,1,1,1,1,1
1938,Leeds United,Charlton Athletic,2,1,1,1,3,1,1
1938,Leeds United,Stoke City,0,0,1,1,0,0,0
1938,Leicester City,Arsenal,0,2,1,1,2,-2,0
1938,Leicester City,Leeds United,2,0,1,1,2,2,1
1938,Liverpool,Arsenal,2,2,1,1,4,0,0
1938,Liverpool,Middlesbrough,3,1,1,1,4,2,1
1938,Liverpool,Stoke City,1,0,1,1,1,1,1
1938,Manchester United,Arsenal,1,0,1,1,1,1,1
1938,Manchester United,Blackpool,0,0,1,1,0,0,0
1938,Manchester United,Charlton Athletic,0,2,1,1,2,-2,0
1938,Manchester United,Leeds United,0,0,1,1,0,0,0
1938,Manchester United,Stoke City,0,1,1,1,1,-1,0
1938,Middlesbrough,Arsenal,1,1,1,1,2,0,0
1938,Middlesbrough,Leeds United,1,2,1,1,3,-1,0
1938,Middlesbrough,Manchester United,3,1,1,1,4,2,1
1938,Middlesbrough,Stoke City,5,1,1,1,6,4,1
1938,Portsmouth,Blackpool,1,0,1,1,1,1,1
1938,Portsmouth,Charlton Athletic,0,2,1,1,2,-2,0
1938,Portsmouth,Leeds United,2,0,1,1,2,2,1
1938,Portsmouth,Stoke City,2,0,1,1,2,2,1
1938,Preston North End,Arsenal,2,1,1,1,3,1,1
1938,Preston North End,Blackpool,1,1,1,1,2,0,0
1938,Preston North End,Charlton Athletic,2,0,1,1,2,2,1
1938,Stoke City,Blackpool,1,1,1,1,2,0,0
1938,Stoke City,Charlton Athletic,1,0,1,1,1,1,1
1938,Stoke City,Preston North End,3,1,1,1,4,2,1
1938,Sunderland,Arsenal,0,0,1,1,0,0,0
1938,Sunderland,Blackpool,1,2,1,1,3,-1,0
1938,Sunderland,Charlton Athletic,1,1,1,1,2,0,0
1938,Wolverhampton Wanderers,Arsenal,0,1,1,1,1,-1,0
1938,Wolverhampton Wanderers,Blackpool,1,1,1,1,2,0,0
1938,Wolverhampton Wanderers,Leeds United,4,1,1,1,5,3,1
1938,Blackburn Rovers,Luton Town,2,0,2,2,2,2,1
1938,Blackburn Rovers,Newcastle United,3,0,2,2,3,3,1
1938,Bradford Park Avenue,Chesterfield,0,0,2,2,0,0,0
1938,Bradford Park Avenue,Tranmere Rovers,3,0,2,2,3,3,1
1938,Burnley,Luton Town,3,2,2,2,5,1,1
1938,Burnley,Newcastle United,2,0,2,2,2,2,1
1938,Burnley,Plymouth Argyle,1,0,2,2,1,1,1
1938,Burnley,Southampton,2,1,2,2,3,1,1
1938,Bury,Chesterfield,3,1,2,2,4,2,1
1938,Bury,Luton Town,2,5,2,2,7,-3,0
1938,Bury,Plymouth Argyle,3,0,2,2,3,3,1
1938,Bury,Tranmere Rovers,5,0,2,2,5,5,1
1938,Chesterfield,Newcastle United,2,0,2,2,2,2,1
1938,Chesterfield,Plymouth Argyle,3,1,2,2,4,2,1
1938,Chesterfield,Southampton,6,1,2,2,7,5,1
1938,Coventry City,Bury,0,0,2,2,0,0,0
1938,Coventry City,Luton Town,1,0,2,2,1,1,1
1938,Coventry City,Plymouth Argyle,1,2,2,2,3,-1,0
1938,Coventry City,Southampton,3,0,2,2,3,3,1
1938,Fulham,Bury,1,2,2,2,3,-1,0
1938,Fulham,Newcastle United,1,1,2,2,2,0,0
1938,Fulham,Plymouth Argyle,1,2,2,2,3,-1,0
1938,Fulham,Southampton,1,1,2,2,2,0,0
1938,Luton Town,Blackburn Rovers,1,1,2,2,2,0,0
1938,Luton Town,Bury,2,1,2,2,3,1,1
1938,Luton Town,Fulham,2,1,2,2,3,1,1
1938,Luton Town,Southampton,6,2,2,2,8,4,1
1938,Luton Town,Tranmere Rovers,3,0,2,2,3,3,1
1938,Manchester City,Plymouth Argyle,1,3,2,2,4,-2,0
1938,Manchester City,Southampton,2,1,2,2,3,1,1
1938,Millwall,Blackburn Rovers,4,1,2,2,5,3,1
1938,Millwall,Bury,0,0,2,2,0,0,0
1938,Millwall,Fulham,1,1,2,2,2,0,0
1938,Millwall,Newcastle United,1,1,2,2,2,0,0
1938,Millwall,Plymouth Argyle,3,0,2,2,3,3,1
1938,Newcastle United,Bury,6,0,2,2,6,6,1
1938,Newcastle United,Millwall,2,2,2,2,4,0,0
1938,Newcastle United,Plymouth Argyle,2,1,2,2,3,1,1
1938,Norwich City,Fulham,3,3,2,2,6,0,0
1938,Norwich City,Southampton,2,1,2,2,3,1,1
1938,Norwich City,Tranmere Rovers,2,0,2,2,2,2,1
1938,Nottingham Forest,Fulham,1,1,2,2,2,0,0
1938,Nottingham Forest,Millwall,3,0,2,2,3,3,1
1938,Nottingham Forest,Tranmere Rovers,2,2,2,2,4,0,0
1938,Plymouth Argyle,Blackburn Rovers,1,0,2,2,1,1,1
1938,Plymouth Argyle,Bury,0,1,2,2,1,-1,0
1938,Sheffield United,Bury,1,1,2,2,2,0,0
1938,Sheffield United,Millwall,2,1,2,2,3,1,1
1938,Sheffield United,Nottingham Forest,0,1,2,2,1,-1,0
1938,Sheffield United,Southampton,5,1,2,2,6,4,1
1938,Sheffield United,Tranmere Rovers,2,0,2,2,2,2,1
1938,Sheffield Wednesday,Blackburn Rovers,3,0,2,2,3,3,1
1938,Sheffield Wednesday,Millwall,3,1,2,2,4,2,1
1938,Sheffield Wednesday,Nottingham Forest,1,1,2,2,2,0,0
1938,Sheffield Wednesday,Tranmere Rovers,2,0,2,2,2,2,1
1938,Southampton,Fulham,2,1,2,2,3,1,1
1938,Southampton,Sheffield Wednesday,4,3,2,2,7,1,1
1938,Southampton,Tranmere Rovers,3,1,2,2,4,2,1
1938,Tottenham Hotspur,Blackburn Rovers,4,3,2,2,7,1,1
1938,Tottenham Hotspur,Bury,4,3,2,2,7,1,1
1938,Tottenham Hotspur,Millwall,4,0,2,2,4,4,1
1938,Tottenham Hotspur,Tranmere Rovers,3,1,2,2,4,2,1
1938,Tranmere Rovers,Blackburn Rovers,1,1,2,2,2,0,0
1938,Tranmere Rovers,Tottenham Hotspur,0,2,2,2,2,-2,0
1938,West Bromwich Albion,Bury,6,0,2,2,6,6,1
1938,West Bromwich Albion,Fulham,3,0,2,2,3,3,1
1938,West Bromwich Albion,Millwall,0,0,2,2,0,0,0
1938,West Bromwich Albion,Sheffield Wednesday,5,1,2,2,6,4,1
1938,West Ham United,Bury,0,0,2,2,0,0,0
1938,West Ham United,Millwall,0,0,2,2,0,0,0
1938,West Ham United,Nottingham Forest,5,0,2,2,5,5,1
1938,West Ham United,Sheffield Wednesday,2,3,2,2,5,-1,0
1938,Accrington Stanley,Carlisle United,1,1,3a,3,2,0,0
1938,Accrington Stanley,Lincoln City,3,4,3a,3,7,-1,0
1938,Accrington Stanley,Rochdale,0,5,3a,3,5,-5,0
1938,Barnsley,Accrington Stanley,4,1,3a,3,5,3,1
1938,Barnsley,Darlington,7,1,3a,3,8,6,1
1938,Barnsley,Lincoln City,4,0,3a,3,4,4,1
1938,Barnsley,Rochdale,2,0,3a,3,2,2,1
1938,Barrow,Halifax Town,0,0,3a,3,0,0,0
1938,Barrow,Rochdale,3,1,3a,3,4,2,1
1938,Barrow,Stockport County,0,2,3a,3,2,-2,0
1938,Bradford City,Accrington Stanley,2,1,3a,3,3,1,1
1938,Bradford City,Rochdale,3,0,3a,3,3,3,1
1938,Carlisle United,Bradford City,0,2,3a,3,2,-2,0
1938,Carlisle United,Darlington,1,1,3a,3,2,0,0
1938,Carlisle United,Lincoln City,4,3,3a,3,7,1,1
1938,Carlisle United,Stockport County,3,2,3a,3,5,1,1
1938,Chester,Bradford City,3,2,3a,3,5,1,1
1938,Chester,Halifax Town,5,1,3a,3,6,4,1
1938,Chester,Lincoln City,0,0,3a,3,0,0,0
1938,Crewe Alexandra,Accrington Stanley,2,1,3a,3,3,1,1
1938,Darlington,Accrington Stanley,3,0,3a,3,3,3,1
1938,Darlington,Rochdale,1,2,3a,3,3,-1,0
1938,Doncaster Rovers,Bradford City,1,2,3a,3,3,-1,0
1938,Doncaster Rovers,Halifax Town,0,0,3a,3,0,0,0
1938,Doncaster Rovers,Rochdale,5,0,3a,3,5,5,1
1938,Gateshead,Accrington Stanley,4,1,3a,3,5,3,1
1938,Gateshead,Bradford City,0,0,3a,3,0,0,0
1938,Gateshead,Crewe Alexandra,0,5,3a,3,5,-5,0
1938,Gateshead,Halifax Town,2,0,3a,3,2,2,1
1938,Halifax Town,Accrington Stanley,2,0,3a,3,2,2,1
1938,Halifax Town,Bradford City,2,2,3a,3,4,0,0
1938,Halifax Town,Lincoln City,2,0,3a,3,2,2,1
1938,Halifax Town,Rochdale,2,1,3a,3,3,1,1
1938,Hartlepool United,Gateshead,3,1,3a,3,4,2,1
1938,Hartlepool United,Rochdale,4,2,3a,3,6,2,1
1938,Hartlepool United,Stockport County,4,2,3a,3,6,2,1
1938,Hull City,Stockport County,4,4,3a,3,8,0,0
1938,Lincoln City,Accrington Stanley,3,0,3a,3,3,3,1
1938,Lincoln City,Bradford City,4,0,3a,3,4,4,1
1938,Lincoln City,Gateshead,1,0,3a,3,1,1,1
1938,Lincoln City,Hull City,0,3,3a,3,3,-3,0
1938,Lincoln City,Rochdale,2,2,3a,3,4,0,0
1938,New Brighton,Bradford City,2,1,3a,3,3,1,1
1938,New Brighton,Hull City,6,1,3a,3,7,5,1
1938,New Brighton,Stockport County,0,0,3a,3,0,0,0
1938,Oldham Athletic,Crewe Alexandra,3,0,3a,3,3,3,1
1938,Oldham Athletic,Gateshead,1,3,3a,3,4,-2,0
1938,Oldham Athletic,Hull City,4,1,3a,3,5,3,1
1938,Rochdale,Gateshead,5,2,3a,3,7,3,1
1938,Rotherham United,Accrington Stanley,2,1,3a,3,3,1,1
1938,Rotherham United,Bradford City,2,0,3a,3,2,2,1
1938,Rotherham United,Crewe Alexandra,4,1,3a,3,5,3,1
1938,Rotherham United,Oldham Athletic,3,1,3a,3,4,2,1
1938,Southport,Accrington Stanley,1,0,3a,3,1,1,1
1938,Southport,Gateshead,2,0,3a,3,2,2,1
1938,Southport,Oldham Athletic,0,0,3a,3,0,0,0
1938,Stockport County,Bradford City,2,0,3a,3,2,2,1
1938,Stockport County,Crewe Alexandra,5,1,3a,3,6,4,1
1938,Stockport County,Southport,3,1,3a,3,4,2,1
1938,Wrexham,Accrington Stanley,2,0,3a,3,2,2,1
1938,Wrexham,Hull City,4,2,3a,3,6,2,1
1938,Wrexham,Southport,4,3,3a,3,7,1,1
1938,York City,Accrington Stanley,2,2,3a,3,4,0,0
1938,York City,Bradford City,0,1,3a,3,1,-1,0
1938,York City,Crewe Alexandra,4,1,3a,3,5,3,1
1938,York City,Gateshead,1,1,3a,3,2,0,0
1938,York City,Hull City,1,0,3a,3,1,1,1
1938,AFC Bournemouth,Mansfield Town,1,1,3b,3,2,0,0
1938,AFC Bournemouth,Notts County,3,2,3b,3,5,1,1
1938,AFC Bournemouth,Reading,0,0,3b,3,0,0,0
1938,AFC Bournemouth,Torquay United,2,5,3b,3,7,-3,0
1938,Aldershot,AFC Bournemouth,2,1,3b,3,3,1,1
1938,Aldershot,Mansfield Town,3,0,3b,3,3,3,1
1938,Aldershot,Torquay United,1,1,3b,3,2,0,0
1938,Brighton & Hove Albion,AFC Bournemouth,1,1,3b,3,2,0,0
1938,Brighton & Hove Albion,Bristol Rovers,6,3,3b,3,9,3,1
1938,Brighton & Hove Albion,Torquay United,2,0,3b,3,2,2,1
1938,Bristol City,AFC Bournemouth,2,0,3b,3,2,2,1
1938,Bristol City,Bristol Rovers,2,1,3b,3,3,1,1
1938,Bristol City,Exeter City,4,1,3b,3,5,3,1
1938,Bristol City,Reading,5,1,3b,3,6,4,1
1938,Bristol Rovers,Mansfield Town,3,0,3b,3,3,3,1
1938,Bristol Rovers,Reading,2,4,3b,3,6,-2,0
1938,Cardiff City,AFC Bournemouth,5,0,3b,3,5,5,1
1938,Cardiff City,Reading,0,1,3b,3,1,-1,0
1938,Crystal Palace,AFC Bournemouth,3,0,3b,3,3,3,1
1938,Crystal Palace,Exeter City,3,2,3b,3,5,1,1
1938,Crystal Palace,Notts County,5,1,3b,3,6,4,1
1938,Exeter City,AFC Bournemouth,0,0,3b,3,0,0,0
1938,Exeter City,Bristol City,1,1,3b,3,2,0,0
1938,Exeter City,Crystal Palace,4,4,3b,3,8,0,0
1938,Exeter City,Mansfield Town,2,0,3b,3,2,2,1
1938,Exeter City,Notts County,1,0,3b,3,1,1,1
1938,Exeter City,Reading,3,2,3b,3,5,1,1
1938,Exeter City,Torquay United,1,2,3b,3,3,-1,0
1938,Ipswich Town,Bristol City,4,0,3b,3,4,4,1
1938,Ipswich Town,Mansfield Town,5,1,3b,3,6,4,1
1938,Ipswich Town,Notts County,0,2,3b,3,2,-2,0
1938,Ipswich Town,Reading,2,1,3b,3,3,1,1
1938,Leyton Orient,Bristol City,1,1,3b,3,2,0,0
1938,Leyton Orient,Crystal Palace,4,0,3b,3,4,4,1
1938,Leyton Orient,Notts County,1,1,3b,3,2,0,0
1938,Leyton Orient,Reading,1,2,3b,3,3,-1,0
1938,Leyton Orient,Torquay United,3,0,3b,3,3,3,1
1938,Mansfield Town,Bristol City,3,2,3b,3,5,1,1
1938,Mansfield Town,Leyton Orient,1,0,3b,3,1,1,1
1938,Mansfield Town,Notts County,2,0,3b,3,2,2,1
1938,Mansfield Town,Torquay United,4,0,3b,3,4,4,1
1938,Newport County,AFC Bournemouth,2,2,3b,3,4,0,0
1938,Newport County,Bristol City,0,2,3b,3,2,-2,0
1938,Newport County,Crystal Palace,2,0,3b,3,2,2,1
1938,Newport County,Reading,2,0,3b,3,2,2,1
1938,Newport County,Torquay United,1,0,3b,3,1,1,1
1938,Northampton Town,AFC Bournemouth,2,0,3b,3,2,2,1
1938,Northampton Town,Bristol City,2,2,3b,3,4,0,0
1938,Northampton Town,Leyton Orient,3,0,3b,3,3,3,1
1938,Northampton Town,Reading,1,1,3b,3,2,0,0
1938,Notts County,Crystal Palace,0,1,3b,3,1,-1,0
1938,Notts County,Northampton Town,1,0,3b,3,1,1,1
1938,Notts County,Reading,2,0,3b,3,2,2,1
1938,Port Vale,Leyton Orient,1,1,3b,3,2,0,0
1938,Port Vale,Reading,0,2,3b,3,2,-2,0
1938,Queens Park Rangers,AFC Bournemouth,2,0,3b,3,2,2,1
1938,Queens Park Rangers,Bristol City,3,1,3b,3,4,2,1
1938,Queens Park Rangers,Northampton Town,3,0,3b,3,3,3,1
1938,Queens Park Rangers,Reading,2,2,3b,3,4,0,0
1938,Reading,AFC Bournemouth,1,0,3b,3,1,1,1
1938,Reading,Crystal Palace,3,1,3b,3,4,2,1
1938,Reading,Leyton Orient,2,2,3b,3,4,0,0
1938,Reading,Northampton Town,5,1,3b,3,6,4,1
1938,Reading,Queens Park Rangers,2,4,3b,3,6,-2,0
1938,Reading,Torquay United,3,5,3b,3,8,-2,0
1938,Southend United,Bristol City,2,0,3b,3,2,2,1
1938,Southend United,Northampton Town,2,0,3b,3,2,2,1
1938,Southend United,Torquay United,1,1,3b,3,2,0,0
1938,Swindon Town,AFC Bournemouth,4,2,3b,3,6,2,1
1938,Swindon Town,Bristol City,1,0,3b,3,1,1,1
1938,Swindon Town,Northampton Town,1,0,3b,3,1,1,1
1938,Torquay United,Bristol City,3,1,3b,3,4,2,1
1938,Torquay United,Crystal Palace,1,2,3b,3,3,-1,0
1938,Torquay United,Northampton Town,1,2,3b,3,3,-1,0
1938,Walsall,AFC Bournemouth,1,2,3b,3,3,-1,0
1938,Walsall,Swindon Town,5,0,3b,3,5,5,1
1938,Watford,AFC Bournemouth,1,0,3b,3,1,1,1
1938,Watford,Crystal Palace,4,1,3b,3,5,3,1
1938,Watford,Northampton Town,2,0,3b,3,2,2,1
1946,Arsenal,Bolton Wanderers,2,2,1,1,4,0,0
1946,Arsenal,Chelsea,1,2,1,1,3,-1,0
1946,Arsenal,Portsmouth,2,1,1,1,3,1,1
1946,Arsenal,Stoke City,1,0,1,1,1,1,1
1946,Aston Villa,Arsenal,0,2,1,1,2,-2,0
1946,Aston Villa,Bolton Wanderers,1,1,1,1,2,0,0
1946,Aston Villa,Grimsby Town,3,3,1,1,6,0,0
1946,Aston Villa,Stoke City,0,1,1,1,1,-1,0
1946,Blackburn Rovers,Chelsea,1,2,1,1,3,-1,0
1946,Blackburn Rovers,Grimsby Town,1,1,1,1,2,0,0
1946,Blackburn Rovers,Stoke City,0,2,1,1,2,-2,0
1946,Blackpool,Arsenal,2,1,1,1,3,1,1
1946,Blackpool,Bolton Wanderers,0,1,1,1,1,-1,0
1946,Blackpool,Chelsea,1,0,1,1,1,1,1
1946,Blackpool,Grimsby Town,2,3,1,1,5,-1,0
1946,Blackpool,Liverpool,3,2,1,1,5,1,1
1946,Blackpool,Stoke City,0,2,1,1,2,-2,0
1946,Bolton Wanderers,Grimsby Town,1,2,1,1,3,-1,0
1946,Brentford,Arsenal,0,1,1,1,1,-1,0
1946,Brentford,Blackpool,2,1,1,1,3,1,1
1946,Brentford,Chelsea,0,2,1,1,2,-2,0
1946,Brentford,Liverpool,1,1,1,1,2,0,0
1946,Brentford,Portsmouth,1,3,1,1,4,-2,0
1946,Brentford,Stoke City,1,4,1,1,5,-3,0
1946,Charlton Athletic,Arsenal,2,2,1,1,4,0,0
1946,Charlton Athletic,Liverpool,1,3,1,1,4,-2,0
1946,Charlton Athletic,Portsmouth,0,0,1,1,0,0,0
1946,Chelsea,Blackpool,1,4,1,1,5,-3,0
1946,Chelsea,Portsmouth,0,3,1,1,3,-3,0
1946,Chelsea,Stoke City,2,5,1,1,7,-3,0
1946,Derby County,Arsenal,0,1,1,1,1,-1,0
1946,Derby County,Grimsby Town,4,1,1,1,5,3,1
1946,Derby County,Liverpool,1,4,1,1,5,-3,0
1946,Derby County,Stoke City,3,0,1,1,3,3,1
1946,Everton,Arsenal,3,2,1,1,5,1,1
1946,Everton,Blackpool,1,1,1,1,2,0,0
1946,Everton,Charlton Athletic,1,1,1,1,2,0,0
1946,Everton,Grimsby Town,3,3,1,1,6,0,0
1946,Everton,Portsmouth,1,0,1,1,1,1,1
1946,Grimsby Town,Arsenal,0,0,1,1,0,0,0
1946,Grimsby Town,Blackpool,2,3,1,1,5,-1,0
1946,Grimsby Town,Charlton Athletic,3,1,1,1,4,2,1
1946,Grimsby Town,Everton,2,2,1,1,4,0,0
1946,Grimsby Town,Portsmouth,3,2,1,1,5,1,1
1946,Grimsby Town,Stoke City,2,5,1,1,7,-3,0
1946,Huddersfield Town,Blackpool,1,3,1,1,4,-2,0
1946,Huddersfield Town,Liverpool,1,4,1,1,5,-3,0
1946,Leeds United,Arsenal,1,1,1,1,2,0,0
1946,Leeds United,Charlton Athletic,0,2,1,1,2,-2,0
1946,Leeds United,Liverpool,1,2,1,1,3,-1,0
1946,Leeds United,Portsmouth,0,1,1,1,1,-1,0
1946,Liverpool,Charlton Athletic,1,1,1,1,2,0,0
1946,Liverpool,Everton,0,0,1,1,0,0,0
1946,Liverpool,Portsmouth,3,0,1,1,3,3,1
1946,Manchester United,Arsenal,5,2,1,1,7,3,1
1946,Manchester United,Blackpool,3,0,1,1,3,3,1
1946,Manchester United,Charlton Athletic,4,1,1,1,5,3,1
1946,Manchester United,Leeds United,3,1,1,1,4,2,1
1946,Manchester United,Portsmouth,3,0,1,1,3,3,1
1946,Middlesbrough,Arsenal,2,0,1,1,2,2,1
1946,Middlesbrough,Blackpool,1,2,1,1,3,-1,0
1946,Middlesbrough,Charlton Athletic,1,2,1,1,3,-1,0
1946,Middlesbrough,Leeds United,3,0,1,1,3,3,1
1946,Middlesbrough,Stoke City,5,4,1,1,9,1,1
1946,Portsmouth,Charlton Athletic,3,0,1,1,3,3,1
1946,Portsmouth,Middlesbrough,3,1,1,1,4,2,1
1946,Portsmouth,Stoke City,1,3,1,1,4,-2,0
1946,Preston North End,Blackpool,2,0,1,1,2,2,1
1946,Preston North End,Everton,2,1,1,1,3,1,1
1946,Preston North End,Middlesbrough,0,1,1,1,1,-1,0
1946,Sheffield United,Arsenal,2,1,1,1,3,1,1
1946,Sheffield United,Everton,2,0,1,1,2,2,1
1946,Sheffield United,Leeds United,6,2,1,1,8,4,1
1946,Stoke City,Arsenal,3,1,1,1,4,2,1
1946,Stoke City,Everton,2,1,1,1,3,1,1
1946,Stoke City,Middlesbrough,3,1,1,1,4,2,1
1946,Stoke City,Sheffield United,3,0,1,1,3,3,1
1946,Sunderland,Leeds United,1,0,1,1,1,1,1
1946,Wolverhampton Wanderers,Blackpool,3,1,1,1,4,2,1
1946,Wolverhampton Wanderers,Leeds United,1,0,1,1,1,1,1
1946,Barnsley,Birmingham City,3,1,2,2,4,2,1
1946,Barnsley,Manchester City,0,2,2,2,2,-2,0
1946,Barnsley,Sheffield Wednesday,4,1,2,2,5,3,1
1946,Birmingham City,Manchester City,3,1,2,2,4,2,1
1946,Birmingham City,Newport County,1,1,2,2,2,0,0
1946,Birmingham City,Sheffield Wednesday,3,1,2,2,4,2,1
1946,Bradford Park Avenue,Barnsley,1,3,2,2,4,-2,0
1946,Bradford Park Avenue,Fulham,1,2,2,2,3,-1,0
1946,Bradford Park Avenue,Tottenham Hotspur,2,1,2,2,3,1,1
1946,Burnley,Fulham,2,0,2,2,2,2,1
1946,Burnley,Newport County,3,2,2,2,5,1,1
1946,Burnley,Tottenham Hotspur,0,0,2,2,0,0,0
1946,Bury,Burnley,2,2,2,2,4,0,0
1946,Bury,Fulham,7,2,2,2,9,5,1
1946,Bury,Manchester City,2,2,2,2,4,0,0
1946,Bury,Newport County,0,1,2,2,1,-1,0
1946,Bury,Sheffield Wednesday,4,2,2,2,6,2,1
1946,Chesterfield,Newport County,2,0,2,2,2,2,1
1946,Coventry City,Barnsley,1,1,2,2,2,0,0
1946,Coventry City,Newport County,6,0,2,2,6,6,1
1946,Fulham,Barnsley,6,1,2,2,7,5,1
1946,Fulham,Burnley,1,0,2,2,1,1,1
1946,Fulham,Manchester City,2,2,2,2,4,0,0
1946,Fulham,Newport County,4,1,2,2,5,3,1
1946,Leicester City,Barnsley,6,0,2,2,6,6,1
1946,Leicester City,Manchester City,0,3,2,2,3,-3,0
1946,Leicester City,Newport County,3,0,2,2,3,3,1
1946,Luton Town,Coventry City,1,1,2,2,2,0,0
1946,Luton Town,Manchester City,0,0,2,2,0,0,0
1946,Luton Town,Newport County,6,3,2,2,9,3,1
1946,Manchester City,Barnsley,5,1,2,2,6,4,1
1946,Manchester City,Tottenham Hotspur,1,0,2,2,1,1,1
1946,Millwall,Burnley,1,1,2,2,2,0,0
1946,Millwall,Luton Town,2,0,2,2,2,2,1
1946,Millwall,Tottenham Hotspur,0,3,2,2,3,-3,0
1946,Newcastle United,Barnsley,4,2,2,2,6,2,1
1946,Newcastle United,Burnley,1,2,2,2,3,-1,0
1946,Newcastle United,Luton Town,7,2,2,2,9,5,1
1946,Newcastle United,Sheffield Wednesday,4,0,2,2,4,4,1
1946,Newcastle United,Tottenham Hotspur,1,0,2,2,1,1,1
1946,Newport County,Luton Town,1,3,2,2,4,-2,0
1946,Nottingham Forest,Burnley,1,0,2,2,1,1,1
1946,Nottingham Forest,Newcastle United,0,2,2,2,2,-2,0
1946,Nottingham Forest,Sheffield Wednesday,2,2,2,2,4,0,0
1946,Plymouth Argyle,Barnsley,3,2,2,2,5,1,1
1946,Plymouth Argyle,Burnley,2,2,2,2,4,0,0
1946,Plymouth Argyle,Luton Town,2,1,2,2,3,1,1
1946,Plymouth Argyle,Newcastle United,0,1,2,2,1,-1,0
1946,Plymouth Argyle,Sheffield Wednesday,4,1,2,2,5,3,1
1946,Sheffield Wednesday,Barnsley,2,4,2,2,6,-2,0
1946,Sheffield Wednesday,Burnley,1,2,2,2,3,-1,0
1946,Sheffield Wednesday,Newcastle United,1,1,2,2,2,0,0
1946,Southampton,Burnley,0,1,2,2,1,-1,0
1946,Southampton,Coventry City,5,2,2,2,7,3,1
1946,Southampton,Luton Town,1,3,2,2,4,-2,0
1946,Southampton,Tottenham Hotspur,1,0,2,2,1,1,1
1946,Swansea City,Coventry City,2,3,2,2,5,-1,0
1946,Swansea City,Plymouth Argyle,3,1,2,2,4,2,1
1946,Tottenham Hotspur,Barnsley,1,1,2,2,2,0,0
1946,Tottenham Hotspur,Coventry City,0,0,2,2,0,0,0
1946,Tottenham Hotspur,Luton Town,2,1,2,2,3,1,1
1946,Tottenham Hotspur,Newcastle United,1,1,2,2,2,0,0
1946,Tottenham Hotspur,Swansea City,3,1,2,2,4,2,1
1946,West Bromwich Albion,Barnsley,2,5,2,2,7,-3,0
1946,West Bromwich Albion,Luton Town,1,2,2,2,3,-1,0
1946,West Bromwich Albion,Plymouth Argyle,2,5,2,2,7,-3,0
1946,West Ham United,Burnley,0,5,2,2,5,-5,0
1946,West Ham United,Coventry City,1,2,2,2,3,-1,0
1946,West Ham United,Newcastle United,0,2,2,2,2,-2,0
1946,West Ham United,Swansea City,3,0,2,2,3,3,1
1946,Accrington Stanley,Barrow,1,3,3a,3,4,-2,0
1946,Accrington Stanley,Hartlepool United,2,1,3a,3,3,1,1
1946,Accrington Stanley,New Brighton,3,1,3a,3,4,2,1
1946,Accrington Stanley,Tranmere Rovers,2,1,3a,3,3,1,1
1946,Barrow,Chester,1,0,3a,3,1,1,1
1946,Barrow,New Brighton,0,1,3a,3,1,-1,0
1946,Barrow,Tranmere Rovers,0,1,3a,3,1,-1,0
1946,Carlisle United,Accrington Stanley,4,2,3a,3,6,2,1
1946,Carlisle United,Doncaster Rovers,2,3,3a,3,5,-1,0
1946,Carlisle United,Hartlepool United,5,1,3a,3,6,4,1
1946,Carlisle United,New Brighton,3,2,3a,3,5,1,1
1946,Chester,Carlisle United,4,0,3a,3,4,4,1
1946,Chester,Hartlepool United,2,1,3a,3,3,1,1
1946,Chester,Tranmere Rovers,4,1,3a,3,5,3,1
1946,Crewe Alexandra,Accrington Stanley,5,0,3a,3,5,5,1
1946,Crewe Alexandra,Carlisle United,2,0,3a,3,2,2,1
1946,Crewe Alexandra,Hartlepool United,1,1,3a,3,2,0,0
1946,Crewe Alexandra,Tranmere Rovers,4,3,3a,3,7,1,1
1946,Darlington,Accrington Stanley,5,0,3a,3,5,5,1
1946,Darlington,Carlisle United,2,1,3a,3,3,1,1
1946,Darlington,Hartlepool United,2,1,3a,3,3,1,1
1946,Darlington,Rotherham United,4,3,3a,3,7,1,1
1946,Doncaster Rovers,Accrington Stanley,5,0,3a,3,5,5,1
1946,Doncaster Rovers,Darlington,5,0,3a,3,5,5,1
1946,Doncaster Rovers,New Brighton,0,0,3a,3,0,0,0
1946,Gateshead,Carlisle United,1,3,3a,3,4,-2,0
1946,Gateshead,Hartlepool United,0,1,3a,3,1,-1,0
1946,Halifax Town,Darlington,0,2,3a,3,2,-2,0
1946,Halifax Town,New Brighton,0,1,3a,3,1,-1,0
1946,Halifax Town,Rotherham United,2,3,3a,3,5,-1,0
1946,Halifax Town,Tranmere Rovers,1,3,3a,3,4,-2,0
1946,Hartlepool United,Accrington Stanley,0,2,3a,3,2,-2,0
1946,Hartlepool United,Carlisle United,4,1,3a,3,5,3,1
1946,Hartlepool United,Rotherham United,2,1,3a,3,3,1,1
1946,Hartlepool United,Tranmere Rovers,1,0,3a,3,1,1,1
1946,Hull City,Accrington Stanley,3,0,3a,3,3,3,1
1946,Hull City,Carlisle United,2,0,3a,3,2,2,1
1946,Hull City,Darlington,2,1,3a,3,3,1,1
1946,Hull City,Halifax Town,3,0,3a,3,3,3,1
1946,Hull City,New Brighton,1,1,3a,3,2,0,0
1946,Hull City,Rotherham United,0,2,3a,3,2,-2,0
1946,Lincoln City,Accrington Stanley,1,1,3a,3,2,0,0
1946,Lincoln City,Carlisle United,3,1,3a,3,4,2,1
1946,Lincoln City,Darlington,2,0,3a,3,2,2,1
1946,Lincoln City,New Brighton,5,1,3a,3,6,4,1
1946,Lincoln City,Tranmere Rovers,2,1,3a,3,3,1,1
1946,New Brighton,Accrington Stanley,4,0,3a,3,4,4,1
1946,New Brighton,Carlisle United,2,2,3a,3,4,0,0
1946,New Brighton,Darlington,4,1,3a,3,5,3,1
1946,New Brighton,Tranmere Rovers,2,1,3a,3,3,1,1
1946,Oldham Athletic,Accrington Stanley,1,2,3a,3,3,-1,0
1946,Oldham Athletic,Lincoln City,3,1,3a,3,4,2,1
1946,Oldham Athletic,Rotherham United,0,1,3a,3,1,-1,0
1946,Oldham Athletic,Tranmere Rovers,1,2,3a,3,3,-1,0
1946,Rochdale,Accrington Stanley,5,1,3a,3,6,4,1
1946,Rochdale,Carlisle United,6,0,3a,3,6,6,1
1946,Rochdale,Lincoln City,2,0,3a,3,2,2,1
1946,Rochdale,Tranmere Rovers,3,0,3a,3,3,3,1
1946,Rotherham United,Halifax Town,6,1,3a,3,7,5,1
1946,Rotherham United,Lincoln City,3,0,3a,3,3,3,1
1946,Rotherham United,Rochdale,3,3,3a,3,6,0,0
1946,Rotherham United,Tranmere Rovers,6,0,3a,3,6,6,1
1946,Southport,Accrington Stanley,0,1,3a,3,1,-1,0
1946,Southport,Carlisle United,0,2,3a,3,2,-2,0
1946,Southport,Halifax Town,6,1,3a,3,7,5,1
1946,Southport,Lincoln City,1,3,3a,3,4,-2,0
1946,Stockport County,Accrington Stanley,2,0,3a,3,2,2,1
1946,Stockport County,Carlisle United,2,0,3a,3,2,2,1
1946,Stockport County,Halifax Town,4,1,3a,3,5,3,1
1946,Stockport County,Rochdale,5,2,3a,3,7,3,1
1946,Stockport County,Tranmere Rovers,4,0,3a,3,4,4,1
1946,Tranmere Rovers,Halifax Town,1,1,3a,3,2,0,0
1946,Tranmere Rovers,Stockport County,2,1,3a,3,3,1,1
1946,Wrexham,Carlisle United,2,1,3a,3,3,1,1
1946,Wrexham,Halifax Town,2,0,3a,3,2,2,1
1946,York City,Carlisle United,2,2,3a,3,4,0,0
1946,York City,Rochdale,2,3,3a,3,5,-1,0
1946,York City,Stockport County,3,2,3a,3,5,1,1
1946,AFC Bournemouth,Aldershot,2,2,3b,3,4,0,0
1946,AFC Bournemouth,Bristol Rovers,1,3,3b,3,4,-2,0
1946,AFC Bournemouth,Exeter City,4,1,3b,3,5,3,1
1946,AFC Bournemouth,Notts County,1,2,3b,3,3,-1,0
1946,AFC Bournemouth,Reading,1,0,3b,3,1,1,1
1946,AFC Bournemouth,Torquay United,5,0,3b,3,5,5,1
1946,Aldershot,AFC Bournemouth,2,1,3b,3,3,1,1
1946,Aldershot,Mansfield Town,1,1,3b,3,2,0,0
1946,Aldershot,Notts County,1,1,3b,3,2,0,0
1946,Brighton & Hove Albion,AFC Bournemouth,1,1,3b,3,2,0,0
1946,Brighton & Hove Albion,Bristol Rovers,1,2,3b,3,3,-1,0
1946,Brighton & Hove Albion,Exeter City,1,6,3b,3,7,-5,0
1946,Brighton & Hove Albion,Mansfield Town,5,0,3b,3,5,5,1
1946,Brighton & Hove Albion,Notts County,3,2,3b,3,5,1,1
1946,Bristol City,Notts County,1,1,3b,3,2,0,0
1946,Bristol City,Torquay United,5,0,3b,3,5,5,1
1946,Bristol Rovers,AFC Bournemouth,0,2,3b,3,2,-2,0
1946,Bristol Rovers,Exeter City,1,0,3b,3,1,1,1
1946,Bristol Rovers,Torquay United,3,0,3b,3,3,3,1
1946,Cardiff City,AFC Bournemouth,2,0,3b,3,2,2,1
1946,Cardiff City,Exeter City,5,0,3b,3,5,5,1
1946,Cardiff City,Mansfield Town,5,0,3b,3,5,5,1
1946,Cardiff City,Notts County,2,1,3b,3,3,1,1
1946,Cardiff City,Reading,3,0,3b,3,3,3,1
1946,Exeter City,Torquay United,1,1,3b,3,2,0,0
1946,Ipswich Town,Bristol City,3,2,3b,3,5,1,1
1946,Ipswich Town,Crystal Palace,1,1,3b,3,2,0,0
1946,Ipswich Town,Notts County,1,2,3b,3,3,-1,0
1946,Ipswich Town,Reading,2,0,3b,3,2,2,1
1946,Ipswich Town,Torquay United,1,1,3b,3,2,0,0
1946,Leyton Orient,Crystal Palace,0,1,3b,3,1,-1,0
1946,Leyton Orient,Mansfield Town,3,1,3b,3,4,2,1
1946,Leyton Orient,Notts County,1,3,3b,3,4,-2,0
1946,Mansfield Town,Leyton Orient,1,3,3b,3,4,-2,0
1946,Mansfield Town,Notts County,1,0,3b,3,1,1,1
1946,Mansfield Town,Reading,2,2,3b,3,4,0,0
1946,Northampton Town,AFC Bournemouth,2,1,3b,3,3,1,1
1946,Norwich City,Bristol City,2,2,3b,3,4,0,0
1946,Norwich City,Leyton Orient,5,0,3b,3,5,5,1
1946,Norwich City,Notts County,2,2,3b,3,4,0,0
1946,Notts County,AFC Bournemouth,1,0,3b,3,1,1,1
1946,Notts County,Bristol City,0,3,3b,3,3,-3,0
1946,Notts County,Leyton Orient,1,2,3b,3,3,-1,0
1946,Notts County,Reading,1,0,3b,3,1,1,1
1946,Port Vale,Bristol City,2,1,3b,3,3,1,1
1946,Port Vale,Crystal Palace,4,2,3b,3,6,2,1
1946,Queens Park Rangers,Bristol City,1,0,3b,3,1,1,1
1946,Queens Park Rangers,Crystal Palace,1,2,3b,3,3,-1,0
1946,Queens Park Rangers,Reading,2,0,3b,3,2,2,1
1946,Queens Park Rangers,Torquay United,0,0,3b,3,0,0,0
1946,Reading,AFC Bournemouth,3,2,3b,3,5,1,1
1946,Reading,Crystal Palace,10,2,3b,3,12,8,1
1946,Reading,Leyton Orient,2,0,3b,3,2,2,1
1946,Reading,Norwich City,4,3,3b,3,7,1,1
1946,Reading,Torquay United,2,2,3b,3,4,0,0
1946,Southend United,Leyton Orient,0,0,3b,3,0,0,0
1946,Southend United,Torquay United,0,2,3b,3,2,-2,0
1946,Swindon Town,Bristol City,1,1,3b,3,2,0,0
1946,Swindon Town,Crystal Palace,1,0,3b,3,1,1,1
1946,Swindon Town,Norwich City,1,1,3b,3,2,0,0
1946,Torquay United,Crystal Palace,2,1,3b,3,3,1,1
1946,Torquay United,Norwich City,2,1,3b,3,3,1,1
1946,Torquay United,Queens Park Rangers,0,0,3b,3,0,0,0
1946,Walsall,AFC Bournemouth,3,0,3b,3,3,3,1
1946,Walsall,Crystal Palace,3,3,3b,3,6,0,0
1946,Walsall,Queens Park Rangers,0,2,3b,3,2,-2,0
1946,Watford,Bristol City,2,3,3b,3,5,-1,0
1946,Watford,Leyton Orient,3,1,3b,3,4,2,1
1946,Watford,Norwich City,4,1,3b,3,5,3,1
1946,Watford,Queens Park Rangers,0,2,3b,3,2,-2,0
1946,Watford,Swindon Town,1,1,3b,3,2,0,0
1947,Arsenal,Bolton Wanderers,2,0,1,1,2,2,1
1947,Arsenal,Chelsea,0,2,1,1,2,-2,0
1947,Aston Villa,Bolton Wanderers,3,1,1,1,4,2,1
1947,Aston Villa,Grimsby Town,2,2,1,1,4,0,0
1947,Aston Villa,Manchester City,1,1,1,1,2,0,0
1947,Blackburn Rovers,Bolton Wanderers,4,0,1,1,4,4,1
1947,Blackburn Rovers,Manchester City,1,0,1,1,1,1,1
1947,Blackburn Rovers,Portsmouth,1,0,1,1,1,1,1
1947,Blackpool,Arsenal,3,0,1,1,3,3,1
1947,Blackpool,Bolton Wanderers,1,1,1,1,2,0,0
1947,Blackpool,Manchester City,1,1,1,1,2,0,0
1947,Blackpool,Stoke City,1,2,1,1,3,-1,0
1947,Bolton Wanderers,Arsenal,0,1,1,1,1,-1,0
1947,Bolton Wanderers,Blackpool,1,0,1,1,1,1,1
1947,Bolton Wanderers,Chelsea,2,1,1,1,3,1,1
1947,Bolton Wanderers,Stoke City,0,1,1,1,1,-1,0
1947,Burnley,Arsenal,0,1,1,1,1,-1,0
1947,Burnley,Manchester City,1,1,1,1,2,0,0
1947,Burnley,Portsmouth,3,2,1,1,5,1,1
1947,Charlton Athletic,Chelsea,3,1,1,1,4,2,1
1947,Charlton Athletic,Grimsby Town,2,3,1,1,5,-1,0
1947,Charlton Athletic,Manchester City,0,1,1,1,1,-1,0
1947,Charlton Athletic,Portsmouth,2,2,1,1,4,0,0
1947,Charlton Athletic,Stoke City,0,1,1,1,1,-1,0
1947,Chelsea,Arsenal,0,0,1,1,0,0,0
1947,Chelsea,Blackpool,2,2,1,1,4,0,0
1947,Chelsea,Charlton Athletic,3,0,1,1,3,3,1
1947,Chelsea,Grimsby Town,2,3,1,1,5,-1,0
1947,Chelsea,Manchester City,2,2,1,1,4,0,0
1947,Chelsea,Portsmouth,1,0,1,1,1,1,1
1947,Chelsea,Stoke City,4,1,1,1,5,3,1
1947,Derby County,Blackpool,1,0,1,1,1,1,1
1947,Derby County,Portsmouth,2,1,1,1,3,1,1
1947,Everton,Blackpool,1,2,1,1,3,-1,0
1947,Everton,Portsmouth,0,2,1,1,2,-2,0
1947,Everton,Stoke City,0,1,1,1,1,-1,0
1947,Grimsby Town,Blackpool,0,1,1,1,1,-1,0
1947,Grimsby Town,Everton,3,0,1,1,3,3,1
1947,Grimsby Town,Manchester City,1,0,1,1,1,1,1
1947,Huddersfield Town,Arsenal,1,1,1,1,2,0,0
1947,Huddersfield Town,Blackpool,2,0,1,1,2,2,1
1947,Huddersfield Town,Charlton Athletic,0,1,1,1,1,-1,0
1947,Huddersfield Town,Everton,1,3,1,1,4,-2,0
1947,Huddersfield Town,Manchester City,1,1,1,1,2,0,0
1947,Liverpool,Arsenal,1,3,1,1,4,-2,0
1947,Liverpool,Blackpool,2,0,1,1,2,2,1
1947,Liverpool,Charlton Athletic,2,3,1,1,5,-1,0
1947,Liverpool,Manchester City,1,1,1,1,2,0,0
1947,Liverpool,Stoke City,0,0,1,1,0,0,0
1947,Manchester City,Arsenal,0,0,1,1,0,0,0
1947,Manchester City,Blackpool,1,0,1,1,1,1,1
1947,Manchester City,Everton,0,1,1,1,1,-1,0
1947,Manchester City,Portsmouth,1,0,1,1,1,1,1
1947,Manchester United,Arsenal,1,1,1,1,2,0,0
1947,Manchester United,Charlton Athletic,6,2,1,1,8,4,1
1947,Manchester United,Everton,2,2,1,1,4,0,0
1947,Manchester United,Portsmouth,3,2,1,1,5,1,1
1947,Middlesbrough,Charlton Athletic,1,2,1,1,3,-1,0
1947,Middlesbrough,Everton,0,1,1,1,1,-1,0
1947,Middlesbrough,Stoke City,2,1,1,1,3,1,1
1947,Portsmouth,Blackpool,1,1,1,1,2,0,0
1947,Portsmouth,Charlton Athletic,3,1,1,1,4,2,1
1947,Portsmouth,Everton,3,0,1,1,3,3,1
1947,Portsmouth,Liverpool,1,0,1,1,1,1,1
1947,Preston North End,Arsenal,0,0,1,1,0,0,0
1947,Preston North End,Blackpool,0,7,1,1,7,-7,0
1947,Preston North End,Liverpool,3,3,1,1,6,0,0
1947,Sheffield United,Arsenal,1,2,1,1,3,-1,0
1947,Sheffield United,Charlton Athletic,1,1,1,1,2,0,0
1947,Sheffield United,Liverpool,3,1,1,1,4,2,1
1947,Sheffield United,Middlesbrough,1,1,1,1,2,0,0
1947,Stoke City,Arsenal,0,0,1,1,0,0,0
1947,Stoke City,Blackpool,1,1,1,1,2,0,0
1947,Stoke City,Charlton Athletic,0,1,1,1,1,-1,0
1947,Stoke City,Liverpool,0,2,1,1,2,-2,0
1947,Stoke City,Sheffield United,1,1,1,1,2,0,0
1947,Sunderland,Arsenal,1,1,1,1,2,0,0
1947,Sunderland,Blackpool,1,0,1,1,1,1,1
1947,Sunderland,Charlton Athletic,0,1,1,1,1,-1,0
1947,Sunderland,Everton,2,0,1,1,2,2,1
1947,Sunderland,Middlesbrough,3,0,1,1,3,3,1
1947,Wolverhampton Wanderers,Everton,2,4,1,1,6,-2,0
1947,Wolverhampton Wanderers,Middlesbrough,1,3,1,1,4,-2,0
1947,Wolverhampton Wanderers,Sheffield United,1,1,1,1,2,0,0
1947,Barnsley,Coventry City,0,1,2,2,1,-1,0
1947,Barnsley,Leeds United,3,0,2,2,3,3,1
1947,Barnsley,Plymouth Argyle,2,1,2,2,3,1,1
1947,Birmingham City,Leeds United,5,1,2,2,6,4,1
1947,Bradford Park Avenue,Leeds United,3,1,2,2,4,2,1
1947,Bradford Park Avenue,Tottenham Hotspur,0,2,2,2,2,-2,0
1947,Brentford,Barnsley,3,3,2,2,6,0,0
1947,Brentford,Bury,4,1,2,2,5,3,1
1947,Bury,Brentford,2,2,2,2,4,0,0
1947,Bury,Coventry City,0,0,2,2,0,0,0
1947,Bury,Millwall,0,0,2,2,0,0,0
1947,Bury,Plymouth Argyle,0,0,2,2,0,0,0
1947,Bury,Tottenham Hotspur,2,0,2,2,2,2,1
1947,Cardiff City,Barnsley,1,0,2,2,1,1,1
1947,Cardiff City,Coventry City,1,1,2,2,2,0,0
1947,Cardiff City,Leeds United,0,0,2,2,0,0,0
1947,Cardiff City,Millwall,6,0,2,2,6,6,1
1947,Cardiff City,Tottenham Hotspur,0,3,2,2,3,-3,0
1947,Chesterfield,Barnsley,1,1,2,2,2,0,0
1947,Chesterfield,Leeds United,3,0,2,2,3,3,1
1947,Coventry City,Barnsley,3,2,2,2,5,1,1
1947,Coventry City,Plymouth Argyle,0,0,2,2,0,0,0
1947,Doncaster Rovers,Barnsley,1,2,2,2,3,-1,0
1947,Doncaster Rovers,Millwall,2,2,2,2,4,0,0
1947,Doncaster Rovers,Plymouth Argyle,2,0,2,2,2,2,1
1947,Doncaster Rovers,Tottenham Hotspur,1,1,2,2,2,0,0
1947,Fulham,Barnsley,0,1,2,2,1,-1,0
1947,Fulham,Tottenham Hotspur,0,2,2,2,2,-2,0
1947,Leeds United,Barnsley,4,1,2,2,5,3,1
1947,Leeds United,Fulham,0,1,2,2,1,-1,0
1947,Leicester City,Barnsley,4,1,2,2,5,3,1
1947,Leicester City,Plymouth Argyle,2,1,2,2,3,1,1
1947,Luton Town,Fulham,0,3,2,2,3,-3,0
1947,Luton Town,Plymouth Argyle,0,0,2,2,0,0,0
1947,Millwall,Barnsley,3,3,2,2,6,0,0
1947,Millwall,Luton Town,3,1,2,2,4,2,1
1947,Millwall,Plymouth Argyle,2,0,2,2,2,2,1
1947,Newcastle United,Barnsley,1,0,2,2,1,1,1
1947,Newcastle United,Brentford,1,0,2,2,1,1,1
1947,Newcastle United,Luton Town,4,1,2,2,5,3,1
1947,Newcastle United,Plymouth Argyle,6,1,2,2,7,5,1
1947,Newcastle United,Tottenham Hotspur,1,0,2,2,1,1,1
1947,Nottingham Forest,Chesterfield,1,3,2,2,4,-2,0
1947,Nottingham Forest,Fulham,0,2,2,2,2,-2,0
1947,Nottingham Forest,Tottenham Hotspur,1,0,2,2,1,1,1
1947,Plymouth Argyle,Luton Town,1,3,2,2,4,-2,0
1947,Plymouth Argyle,Tottenham Hotspur,1,1,2,2,2,0,0
1947,Sheffield Wednesday,Barnsley,5,2,2,2,7,3,1
1947,Sheffield Wednesday,Fulham,2,0,2,2,2,2,1
1947,Sheffield Wednesday,Tottenham Hotspur,1,0,2,2,1,1,1
1947,Southampton,Barnsley,4,1,2,2,5,3,1
1947,Southampton,Brentford,2,1,2,2,3,1,1
1947,Southampton,Fulham,1,0,2,2,1,1,1
1947,Southampton,Luton Town,3,1,2,2,4,2,1
1947,Southampton,Nottingham Forest,2,1,2,2,3,1,1
1947,Tottenham Hotspur,Barnsley,0,3,2,2,3,-3,0
1947,Tottenham Hotspur,Brentford,4,0,2,2,4,4,1
1947,Tottenham Hotspur,Chesterfield,3,0,2,2,3,3,1
1947,Tottenham Hotspur,Fulham,0,2,2,2,2,-2,0
1947,Tottenham Hotspur,Luton Town,0,1,2,2,1,-1,0
1947,West Bromwich Albion,Brentford,3,2,2,2,5,1,1
1947,West Bromwich Albion,Luton Town,1,0,2,2,1,1,1
1947,West Bromwich Albion,Nottingham Forest,3,2,2,2,5,1,1
1947,West Bromwich Albion,Southampton,1,0,2,2,1,1,1
1947,West Ham United,Barnsley,2,1,2,2,3,1,1
1947,West Ham United,Fulham,3,0,2,2,3,3,1
1947,West Ham United,Luton Town,0,0,2,2,0,0,0
1947,Accrington Stanley,Gateshead,1,0,3a,3,1,1,1
1947,Accrington Stanley,Hull City,2,4,3a,3,6,-2,0
1947,Accrington Stanley,Tranmere Rovers,1,0,3a,3,1,1,1
1947,Barrow,Gateshead,1,2,3a,3,3,-1,0
1947,Barrow,Hull City,0,2,3a,3,2,-2,0
1947,Bradford City,Accrington Stanley,1,2,3a,3,3,-1,0
1947,Carlisle United,Hull City,0,0,3a,3,0,0,0
1947,Carlisle United,New Brighton,2,1,3a,3,3,1,1
1947,Chester,Accrington Stanley,1,0,3a,3,1,1,1
1947,Chester,Carlisle United,4,1,3a,3,5,3,1
1947,Chester,Hull City,4,1,3a,3,5,3,1
1947,Chester,New Brighton,4,2,3a,3,6,2,1
1947,Chester,Rotherham United,2,3,3a,3,5,-1,0
1947,Chester,Tranmere Rovers,4,0,3a,3,4,4,1
1947,Crewe Alexandra,Carlisle United,0,2,3a,3,2,-2,0
1947,Darlington,Accrington Stanley,3,1,3a,3,4,2,1
1947,Darlington,Carlisle United,4,3,3a,3,7,1,1
1947,Darlington,Gateshead,1,1,3a,3,2,0,0
1947,Darlington,Hull City,2,0,3a,3,2,2,1
1947,Darlington,New Brighton,3,1,3a,3,4,2,1
1947,Darlington,Rotherham United,1,1,3a,3,2,0,0
1947,Gateshead,Accrington Stanley,4,2,3a,3,6,2,1
1947,Gateshead,Carlisle United,1,3,3a,3,4,-2,0
1947,Gateshead,Darlington,1,2,3a,3,3,-1,0
1947,Gateshead,Rotherham United,1,1,3a,3,2,0,0
1947,Halifax Town,Accrington Stanley,3,3,3a,3,6,0,0
1947,Halifax Town,Rotherham United,2,1,3a,3,3,1,1
1947,Hartlepool United,Accrington Stanley,4,0,3a,3,4,4,1
1947,Hartlepool United,Darlington,3,0,3a,3,3,3,1
1947,Hartlepool United,Hull City,3,1,3a,3,4,2,1
1947,Hartlepool United,Rotherham United,2,2,3a,3,4,0,0
1947,Hull City,Accrington Stanley,4,2,3a,3,6,2,1
1947,Hull City,Carlisle United,3,1,3a,3,4,2,1
1947,Hull City,Rotherham United,5,3,3a,3,8,2,1
1947,Hull City,Tranmere Rovers,3,0,3a,3,3,3,1
1947,Lincoln City,Hartlepool United,5,0,3a,3,5,5,1
1947,Lincoln City,Tranmere Rovers,2,0,3a,3,2,2,1
1947,Mansfield Town,Darlington,4,0,3a,3,4,4,1
1947,Mansfield Town,Hartlepool United,3,2,3a,3,5,1,1
1947,Mansfield Town,Rotherham United,2,1,3a,3,3,1,1
1947,Mansfield Town,Tranmere Rovers,1,3,3a,3,4,-2,0
1947,New Brighton,Darlington,2,1,3a,3,3,1,1
1947,New Brighton,Hartlepool United,1,2,3a,3,3,-1,0
1947,New Brighton,Mansfield Town,2,2,3a,3,4,0,0
1947,New Brighton,Rotherham United,1,2,3a,3,3,-1,0
1947,Oldham Athletic,Accrington Stanley,1,0,3a,3,1,1,1
1947,Oldham Athletic,Carlisle United,2,1,3a,3,3,1,1
1947,Oldham Athletic,Rotherham United,1,5,3a,3,6,-4,0
1947,Rochdale,Darlington,2,1,3a,3,3,1,1
1947,Rochdale,Mansfield Town,1,2,3a,3,3,-1,0
1947,Rochdale,Rotherham United,1,0,3a,3,1,1,1
1947,Rochdale,Tranmere Rovers,1,1,3a,3,2,0,0
1947,Rotherham United,Accrington Stanley,1,0,3a,3,1,1,1
1947,Rotherham United,Hartlepool United,3,2,3a,3,5,1,1
1947,Rotherham United,Rochdale,4,1,3a,3,5,3,1
1947,Southport,Hartlepool United,2,0,3a,3,2,2,1
1947,Southport,Mansfield Town,1,1,3a,3,2,0,0
1947,Stockport County,Darlington,1,3,3a,3,4,-2,0
1947,Stockport County,Hartlepool United,2,0,3a,3,2,2,1
1947,Stockport County,Mansfield Town,5,0,3a,3,5,5,1
1947,Stockport County,Tranmere Rovers,2,0,3a,3,2,2,1
1947,Tranmere Rovers,Darlington,0,1,3a,3,1,-1,0
1947,Tranmere Rovers,Hartlepool United,1,0,3a,3,1,1,1
1947,Tranmere Rovers,Stockport County,2,3,3a,3,5,-1,0
1947,Wrexham,Carlisle United,2,1,3a,3,3,1,1
1947,Wrexham,Mansfield Town,2,1,3a,3,3,1,1
1947,Wrexham,Rochdale,5,1,3a,3,6,4,1
1947,York City,Carlisle United,2,2,3a,3,4,0,0
1947,York City,Darlington,0,2,3a,3,2,-2,0
1947,York City,Hartlepool United,4,0,3a,3,4,4,1
1947,York City,Mansfield Town,1,2,3a,3,3,-1,0
1947,York City,Rochdale,0,0,3a,3,0,0,0
1947,York City,Stockport County,3,2,3a,3,5,1,1
1947,AFC Bournemouth,Aldershot,1,1,3b,3,2,0,0
1947,AFC Bournemouth,Ipswich Town,4,0,3b,3,4,4,1
1947,AFC Bournemouth,Port Vale,3,0,3b,3,3,3,1
1947,AFC Bournemouth,Torquay United,6,2,3b,3,8,4,1
1947,Aldershot,AFC Bournemouth,0,3,3b,3,3,-3,0
1947,Aldershot,Bristol Rovers,2,0,3b,3,2,2,1
1947,Aldershot,Ipswich Town,0,1,3b,3,1,-1,0
1947,Aldershot,Northampton Town,1,1,3b,3,2,0,0
1947,Aldershot,Port Vale,1,1,3b,3,2,0,0
1947,Aldershot,Southend United,1,1,3b,3,2,0,0
1947,Aldershot,Torquay United,1,0,3b,3,1,1,1
1947,Brighton & Hove Albion,Bristol Rovers,3,1,3b,3,4,2,1
1947,Brighton & Hove Albion,Torquay United,2,1,3b,3,3,1,1
1947,Bristol City,AFC Bournemouth,0,4,3b,3,4,-4,0
1947,Bristol City,Bristol Rovers,5,2,3b,3,7,3,1
1947,Bristol City,Northampton Town,1,1,3b,3,2,0,0
1947,Bristol City,Port Vale,2,1,3b,3,3,1,1
1947,Bristol City,Torquay United,1,2,3b,3,3,-1,0
1947,Bristol Rovers,AFC Bournemouth,1,2,3b,3,3,-1,0
1947,Bristol Rovers,Northampton Town,1,2,3b,3,3,-1,0
1947,Bristol Rovers,Port Vale,2,1,3b,3,3,1,1
1947,Bristol Rovers,Southend United,1,2,3b,3,3,-1,0
1947,Crystal Palace,Northampton Town,1,0,3b,3,1,1,1
1947,Crystal Palace,Port Vale,2,0,3b,3,2,2,1
1947,Crystal Palace,Southend United,0,0,3b,3,0,0,0
1947,Exeter City,AFC Bournemouth,1,1,3b,3,2,0,0
1947,Exeter City,Northampton Town,1,1,3b,3,2,0,0
1947,Exeter City,Port Vale,0,0,3b,3,0,0,0
1947,Exeter City,Southend United,0,0,3b,3,0,0,0
1947,Exeter City,Torquay United,0,2,3b,3,2,-2,0
1947,Ipswich Town,Exeter City,2,0,3b,3,2,2,1
1947,Leyton Orient,Bristol City,0,2,3b,3,2,-2,0
1947,Leyton Orient,Northampton Town,5,0,3b,3,5,5,1
1947,Leyton Orient,Torquay United,4,1,3b,3,5,3,1
1947,Newport County,AFC Bournemouth,2,2,3b,3,4,0,0
1947,Newport County,Northampton Town,1,2,3b,3,3,-1,0
1947,Newport County,Port Vale,0,0,3b,3,0,0,0
1947,Newport County,Torquay United,0,1,3b,3,1,-1,0
1947,Northampton Town,Bristol City,0,4,3b,3,4,-4,0
1947,Norwich City,AFC Bournemouth,0,1,3b,3,1,-1,0
1947,Norwich City,Exeter City,3,0,3b,3,3,3,1
1947,Norwich City,Southend United,1,0,3b,3,1,1,1
1947,Norwich City,Torquay United,1,1,3b,3,2,0,0
1947,Notts County,Bristol City,3,1,3b,3,4,2,1
1947,Notts County,Exeter City,1,1,3b,3,2,0,0
1947,Notts County,Newport County,4,1,3b,3,5,3,1
1947,Notts County,Southend United,2,1,3b,3,3,1,1
1947,Port Vale,AFC Bournemouth,2,1,3b,3,3,1,1
1947,Port Vale,Bristol City,1,0,3b,3,1,1,1
1947,Port Vale,Notts County,1,2,3b,3,3,-1,0
1947,Port Vale,Southend United,2,1,3b,3,3,1,1
1947,Queens Park Rangers,Newport County,1,0,3b,3,1,1,1
1947,Queens Park Rangers,Southend United,3,2,3b,3,5,1,1
1947,Queens Park Rangers,Torquay United,3,3,3b,3,6,0,0
1947,Reading,Bristol City,2,7,3b,3,9,-5,0
1947,Reading,Exeter City,2,1,3b,3,3,1,1
1947,Reading,Notts County,3,1,3b,3,4,2,1
1947,Reading,Torquay United,2,0,3b,3,2,2,1
1947,Southend United,AFC Bournemouth,0,2,3b,3,2,-2,0
1947,Southend United,Exeter City,2,0,3b,3,2,2,1
1947,Southend United,Newport County,1,0,3b,3,1,1,1
1947,Southend United,Torquay United,1,0,3b,3,1,1,1
1947,Swansea City,Exeter City,2,0,3b,3,2,2,1
1947,Swansea City,Newport County,3,0,3b,3,3,3,1
1947,Swansea City,Reading,1,1,3b,3,2,0,0
1947,Swansea City,Torquay United,1,1,3b,3,2,0,0
1947,Swindon Town,Bristol City,2,2,3b,3,4,0,0
1947,Swindon Town,Exeter City,3,2,3b,3,5,1,1
1947,Swindon Town,Reading,1,1,3b,3,2,0,0
1947,Torquay United,Newport County,4,1,3b,3,5,3,1
1947,Torquay United,Reading,1,2,3b,3,3,-1,0
1947,Walsall,AFC Bournemouth,0,0,3b,3,0,0,0
1947,Walsall,Bristol City,2,0,3b,3,2,2,1
1947,Walsall,Newport County,1,1,3b,3,2,0,0
1947,Walsall,Notts County,2,1,3b,3,3,1,1
1947,Walsall,Reading,0,0,3b,3,0,0,0
1947,Walsall,Swindon Town,1,0,3b,3,1,1,1
1947,Watford,AFC Bournemouth,0,3,3b,3,3,-3,0
1947,Watford,Newport County,1,2,3b,3,3,-1,0
1947,Watford,Notts County,1,3,3b,3,4,-2,0
1947,Watford,Reading,0,1,3b,3,1,-1,0
1948,Arsenal,Bolton Wanderers,5,0,1,1,5,5,1
1948,Arsenal,Chelsea,1,2,1,1,3,-1,0
1948,Arsenal,Manchester United,0,1,1,1,1,-1,0
1948,Aston Villa,Bolton Wanderers,2,4,1,1,6,-2,0
1948,Aston Villa,Manchester United,2,1,1,1,3,1,1
1948,Aston Villa,Portsmouth,1,1,1,1,2,0,0
1948,Aston Villa,Stoke City,2,1,1,1,3,1,1
1948,Birmingham City,Chelsea,1,0,1,1,1,1,1
1948,Birmingham City,Stoke City,2,1,1,1,3,1,1
1948,Blackpool,Arsenal,1,1,1,1,2,0,0
1948,Blackpool,Manchester United,0,3,1,1,3,-3,0
1948,Bolton Wanderers,Chelsea,1,1,1,1,2,0,0
1948,Bolton Wanderers,Portsmouth,1,2,1,1,3,-1,0
1948,Bolton Wanderers,Stoke City,2,1,1,1,3,1,1
1948,Burnley,Arsenal,1,1,1,1,2,0,0
1948,Burnley,Blackpool,2,0,1,1,2,2,1
1948,Burnley,Chelsea,3,0,1,1,3,3,1
1948,Burnley,Huddersfield Town,1,2,1,1,3,-1,0
1948,Burnley,Stoke City,1,3,1,1,4,-2,0
1948,Charlton Athletic,Arsenal,4,3,1,1,7,1,1
1948,Charlton Athletic,Chelsea,1,1,1,1,2,0,0
1948,Charlton Athletic,Huddersfield Town,3,1,1,1,4,2,1
1948,Charlton Athletic,Manchester United,2,3,1,1,5,-1,0
1948,Charlton Athletic,Portsmouth,0,1,1,1,1,-1,0
1948,Chelsea,Stoke City,2,2,1,1,4,0,0
1948,Derby County,Arsenal,2,1,1,1,3,1,1
1948,Derby County,Manchester United,1,3,1,1,4,-2,0
1948,Everton,Arsenal,0,0,1,1,0,0,0
1948,Everton,Charlton Athletic,1,1,1,1,2,0,0
1948,Everton,Manchester United,2,0,1,1,2,2,1
1948,Everton,Portsmouth,0,5,1,1,5,-5,0
1948,Everton,Stoke City,2,1,1,1,3,1,1
1948,Huddersfield Town,Arsenal,1,1,1,1,2,0,0
1948,Huddersfield Town,Charlton Athletic,1,2,1,1,3,-1,0
1948,Huddersfield Town,Manchester United,2,1,1,1,3,1,1
1948,Huddersfield Town,Stoke City,1,3,1,1,4,-2,0
1948,Liverpool,Blackpool,1,1,1,1,2,0,0
1948,Liverpool,Manchester United,0,2,1,1,2,-2,0
1948,Manchester City,Blackpool,1,1,1,1,2,0,0
1948,Manchester City,Everton,0,0,1,1,0,0,0
1948,Manchester City,Portsmouth,1,1,1,1,2,0,0
1948,Manchester City,Stoke City,0,0,1,1,0,0,0
1948,Manchester United,Blackpool,3,4,1,1,7,-1,0
1948,Manchester United,Charlton Athletic,1,1,1,1,2,0,0
1948,Manchester United,Portsmouth,3,2,1,1,5,1,1
1948,Middlesbrough,Arsenal,0,1,1,1,1,-1,0
1948,Middlesbrough,Blackpool,1,0,1,1,1,1,1
1948,Middlesbrough,Charlton Athletic,2,4,1,1,6,-2,0
1948,Middlesbrough,Everton,1,0,1,1,1,1,1
1948,Middlesbrough,Portsmouth,1,1,1,1,2,0,0
1948,Newcastle United,Portsmouth,0,5,1,1,5,-5,0
1948,Portsmouth,Arsenal,4,1,1,1,5,3,1
1948,Portsmouth,Charlton Athletic,3,1,1,1,4,2,1
1948,Portsmouth,Everton,4,0,1,1,4,4,1
1948,Preston North End,Blackpool,1,3,1,1,4,-2,0
1948,Preston North End,Charlton Athletic,2,3,1,1,5,-1,0
1948,Sheffield United,Blackpool,3,2,1,1,5,1,1
1948,Stoke City,Everton,1,0,1,1,1,1,1
1948,Sunderland,Charlton Athletic,1,0,1,1,1,1,1
1948,Sunderland,Manchester City,3,0,1,1,3,3,1
1948,Sunderland,Sheffield United,2,0,1,1,2,2,1
1948,Wolverhampton Wanderers,Charlton Athletic,2,0,1,1,2,2,1
1948,Wolverhampton Wanderers,Manchester City,1,1,1,1,2,0,0
1948,Wolverhampton Wanderers,Sheffield United,6,0,1,1,6,6,1
1948,Barnsley,Coventry City,1,1,2,2,2,0,0
1948,Barnsley,Leeds United,1,1,2,2,2,0,0
1948,Barnsley,Luton Town,1,2,2,2,3,-1,0
1948,Barnsley,Queens Park Rangers,4,0,2,2,4,4,1
1948,Blackburn Rovers,Barnsley,5,3,2,2,8,2,1
1948,Blackburn Rovers,Coventry City,2,0,2,2,2,2,1
1948,Blackburn Rovers,Leeds United,0,0,2,2,0,0,0
1948,Blackburn Rovers,Tottenham Hotspur,1,1,2,2,2,0,0
1948,Bradford Park Avenue,Barnsley,0,2,2,2,2,-2,0
1948,Bradford Park Avenue,Coventry City,2,1,2,2,3,1,1
1948,Bradford Park Avenue,Leeds United,1,1,2,2,2,0,0
1948,Bradford Park Avenue,Tottenham Hotspur,1,1,2,2,2,0,0
1948,Brentford,Barnsley,0,0,2,2,0,0,0
1948,Brentford,Bury,8,2,2,2,10,6,1
1948,Brentford,Luton Town,2,0,2,2,2,2,1
1948,Brentford,Queens Park Rangers,0,3,2,2,3,-3,0
1948,Brentford,Tottenham Hotspur,1,1,2,2,2,0,0
1948,Bury,Barnsley,4,2,2,2,6,2,1
1948,Bury,Coventry City,0,2,2,2,2,-2,0
1948,Bury,Luton Town,3,1,2,2,4,2,1
1948,Bury,Queens Park Rangers,0,0,2,2,0,0,0
1948,Bury,Tottenham Hotspur,1,1,2,2,2,0,0
1948,Cardiff City,Barnsley,0,3,2,2,3,-3,0
1948,Cardiff City,Brentford,2,0,2,2,2,2,1
1948,Cardiff City,Coventry City,3,0,2,2,3,3,1
1948,Cardiff City,Queens Park Rangers,3,0,2,2,3,3,1
1948,Cardiff City,Tottenham Hotspur,0,1,2,2,1,-1,0
1948,Chesterfield,Luton Town,1,0,2,2,1,1,1
1948,Chesterfield,Tottenham Hotspur,1,0,2,2,1,1,1
1948,Coventry City,Barnsley,4,0,2,2,4,4,1
1948,Coventry City,Brentford,2,1,2,2,3,1,1
1948,Coventry City,Chesterfield,0,2,2,2,2,-2,0
1948,Coventry City,Leeds United,4,1,2,2,5,3,1
1948,Coventry City,Queens Park Rangers,1,1,2,2,2,0,0
1948,Coventry City,Tottenham Hotspur,2,0,2,2,2,2,1
1948,Fulham,Queens Park Rangers,5,0,2,2,5,5,1
1948,Fulham,Tottenham Hotspur,1,1,2,2,2,0,0
1948,Grimsby Town,Brentford,3,0,2,2,3,3,1
1948,Grimsby Town,Queens Park Rangers,4,1,2,2,5,3,1
1948,Leeds United,Barnsley,4,1,2,2,5,3,1
1948,Leeds United,Luton Town,2,0,2,2,2,2,1
1948,Leeds United,Queens Park Rangers,1,2,2,2,3,-1,0
1948,Leicester City,Grimsby Town,1,1,2,2,2,0,0
1948,Leicester City,Luton Town,1,1,2,2,2,0,0
1948,Leicester City,Queens Park Rangers,2,3,2,2,5,-1,0
1948,Lincoln City,Barnsley,0,1,2,2,1,-1,0
1948,Lincoln City,Chesterfield,2,2,2,2,4,0,0
1948,Lincoln City,Queens Park Rangers,0,0,2,2,0,0,0
1948,Lincoln City,Tottenham Hotspur,0,0,2,2,0,0,0
1948,Luton Town,Brentford,2,1,2,2,3,1,1
1948,Luton Town,Chesterfield,1,0,2,2,1,1,1
1948,Luton Town,Lincoln City,6,0,2,2,6,6,1
1948,Luton Town,Tottenham Hotspur,1,1,2,2,2,0,0
1948,Nottingham Forest,Brentford,1,2,2,2,3,-1,0
1948,Nottingham Forest,Lincoln City,1,1,2,2,2,0,0
1948,Plymouth Argyle,Grimsby Town,0,2,2,2,2,-2,0
1948,Queens Park Rangers,Brentford,2,0,2,2,2,2,1
1948,Queens Park Rangers,Chesterfield,1,1,2,2,2,0,0
1948,Queens Park Rangers,Plymouth Argyle,2,1,2,2,3,1,1
1948,Queens Park Rangers,Tottenham Hotspur,0,0,2,2,0,0,0
1948,Sheffield Wednesday,Brentford,0,0,2,2,0,0,0
1948,Sheffield Wednesday,Lincoln City,2,2,2,2,4,0,0
1948,Sheffield Wednesday,Tottenham Hotspur,3,1,2,2,4,2,1
1948,Southampton,Plymouth Argyle,2,0,2,2,2,2,1
1948,Tottenham Hotspur,Barnsley,4,1,2,2,5,3,1
1948,Tottenham Hotspur,Brentford,2,0,2,2,2,2,1
1948,Tottenham Hotspur,Lincoln City,1,2,2,2,3,-1,0
1948,Tottenham Hotspur,Plymouth Argyle,3,0,2,2,3,3,1
1948,West Bromwich Albion,Barnsley,2,0,2,2,2,2,1
1948,West Bromwich Albion,Grimsby Town,5,2,2,2,7,3,1
1948,West Bromwich Albion,Southampton,2,0,2,2,2,2,1
1948,West Ham United,Barnsley,2,0,2,2,2,2,1
1948,West Ham United,Chesterfield,1,2,2,2,3,-1,0
1948,West Ham United,Grimsby Town,1,0,2,2,1,1,1
1948,West Ham United,Plymouth Argyle,3,0,2,2,3,3,1
1948,Accrington Stanley,Barrow,1,1,3a,3,2,0,0
1948,Accrington Stanley,Chester,3,1,3a,3,4,2,1
1948,Accrington Stanley,Hartlepool United,1,2,3a,3,3,-1,0
1948,Accrington Stanley,New Brighton,5,1,3a,3,6,4,1
1948,Accrington Stanley,Rotherham United,2,3,3a,3,5,-1,0
1948,Barrow,Accrington Stanley,0,0,3a,3,0,0,0
1948,Barrow,Doncaster Rovers,3,1,3a,3,4,2,1
1948,Barrow,New Brighton,2,1,3a,3,3,1,1
1948,Barrow,Tranmere Rovers,0,0,3a,3,0,0,0
1948,Bradford City,Chester,3,2,3a,3,5,1,1
1948,Bradford City,Doncaster Rovers,0,1,3a,3,1,-1,0
1948,Bradford City,New Brighton,1,1,3a,3,2,0,0
1948,Bradford City,Rotherham United,1,2,3a,3,3,-1,0
1948,Bradford City,Tranmere Rovers,1,3,3a,3,4,-2,0
1948,Carlisle United,Accrington Stanley,4,1,3a,3,5,3,1
1948,Carlisle United,Hartlepool United,0,0,3a,3,0,0,0
1948,Carlisle United,Rotherham United,1,8,3a,3,9,-7,0
1948,Chester,Hartlepool United,0,0,3a,3,0,0,0
1948,Crewe Alexandra,Accrington Stanley,2,0,3a,3,2,2,1
1948,Crewe Alexandra,Doncaster Rovers,0,0,3a,3,0,0,0
1948,Crewe Alexandra,New Brighton,2,1,3a,3,3,1,1
1948,Crewe Alexandra,Rotherham United,0,3,3a,3,3,-3,0
1948,Crewe Alexandra,Tranmere Rovers,2,0,3a,3,2,2,1
1948,Darlington,Accrington Stanley,3,0,3a,3,3,3,1
1948,Darlington,Carlisle United,2,2,3a,3,4,0,0
1948,Darlington,Doncaster Rovers,1,5,3a,3,6,-4,0
1948,Darlington,Hartlepool United,2,0,3a,3,2,2,1
1948,Darlington,Tranmere Rovers,3,2,3a,3,5,1,1
1948,Doncaster Rovers,Accrington Stanley,0,0,3a,3,0,0,0
1948,Doncaster Rovers,Carlisle United,2,0,3a,3,2,2,1
1948,Doncaster Rovers,Hartlepool United,0,0,3a,3,0,0,0
1948,Doncaster Rovers,New Brighton,2,1,3a,3,3,1,1
1948,Doncaster Rovers,Tranmere Rovers,2,0,3a,3,2,2,1
1948,Gateshead,Darlington,1,3,3a,3,4,-2,0
1948,Gateshead,Hartlepool United,2,1,3a,3,3,1,1
1948,Gateshead,New Brighton,3,0,3a,3,3,3,1
1948,Gateshead,Rotherham United,3,2,3a,3,5,1,1
1948,Halifax Town,Accrington Stanley,1,0,3a,3,1,1,1
1948,Halifax Town,Carlisle United,3,4,3a,3,7,-1,0
1948,Halifax Town,Hartlepool United,2,0,3a,3,2,2,1
1948,Halifax Town,New Brighton,0,2,3a,3,2,-2,0
1948,Halifax Town,Rotherham United,2,0,3a,3,2,2,1
1948,Halifax Town,Tranmere Rovers,0,1,3a,3,1,-1,0
1948,Hartlepool United,Accrington Stanley,1,0,3a,3,1,1,1
1948,Hartlepool United,Tranmere Rovers,3,0,3a,3,3,3,1
1948,Hull City,Tranmere Rovers,2,0,3a,3,2,2,1
1948,Mansfield Town,Tranmere Rovers,0,0,3a,3,0,0,0
1948,New Brighton,Accrington Stanley,1,3,3a,3,4,-2,0
1948,New Brighton,Carlisle United,2,0,3a,3,2,2,1
1948,Oldham Athletic,Accrington Stanley,4,3,3a,3,7,1,1
1948,Oldham Athletic,Carlisle United,1,0,3a,3,1,1,1
1948,Oldham Athletic,Darlington,7,1,3a,3,8,6,1
1948,Oldham Athletic,Mansfield Town,4,0,3a,3,4,4,1
1948,Oldham Athletic,Rotherham United,1,3,3a,3,4,-2,0
1948,Rochdale,Accrington Stanley,4,1,3a,3,5,3,1
1948,Rochdale,Carlisle United,1,0,3a,3,1,1,1
1948,Rochdale,Halifax Town,1,0,3a,3,1,1,1
1948,Rochdale,Rotherham United,2,0,3a,3,2,2,1
1948,Rotherham United,Accrington Stanley,1,0,3a,3,1,1,1
1948,Rotherham United,Mansfield Town,1,0,3a,3,1,1,1
1948,Southport,Carlisle United,2,2,3a,3,4,0,0
1948,Southport,Mansfield Town,1,1,3a,3,2,0,0
1948,Southport,Rochdale,3,1,3a,3,4,2,1
1948,Stockport County,Accrington Stanley,2,1,3a,3,3,1,1
1948,Stockport County,Carlisle United,2,0,3a,3,2,2,1
1948,Tranmere Rovers,Accrington Stanley,2,2,3a,3,4,0,0
1948,Tranmere Rovers,Darlington,2,1,3a,3,3,1,1
1948,Tranmere Rovers,Rochdale,0,0,3a,3,0,0,0
1948,Tranmere Rovers,Stockport County,0,0,3a,3,0,0,0
1948,Wrexham,Accrington Stanley,1,0,3a,3,1,1,1
1948,Wrexham,Carlisle United,4,0,3a,3,4,4,1
1948,Wrexham,Darlington,4,3,3a,3,7,1,1
1948,York City,Accrington Stanley,1,1,3a,3,2,0,0
1948,York City,Halifax Town,2,2,3a,3,4,0,0
1948,York City,Mansfield Town,2,1,3a,3,3,1,1
1948,York City,Stockport County,4,0,3a,3,4,4,1
1948,AFC Bournemouth,Ipswich Town,4,2,3b,3,6,2,1
1948,AFC Bournemouth,Notts County,2,1,3b,3,3,1,1
1948,Aldershot,AFC Bournemouth,0,0,3b,3,0,0,0
1948,Aldershot,Bristol Rovers,1,5,3b,3,6,-4,0
1948,Aldershot,Notts County,0,1,3b,3,1,-1,0
1948,Aldershot,Southend United,1,0,3b,3,1,1,1
1948,Aldershot,Torquay United,1,3,3b,3,4,-2,0
1948,Brighton & Hove Albion,Bristol Rovers,2,1,3b,3,3,1,1
1948,Brighton & Hove Albion,Ipswich Town,6,1,3b,3,7,5,1
1948,Brighton & Hove Albion,Notts County,3,2,3b,3,5,1,1
1948,Brighton & Hove Albion,Torquay United,3,1,3b,3,4,2,1
1948,Bristol City,Bristol Rovers,1,1,3b,3,2,0,0
1948,Bristol City,Newport County,1,1,3b,3,2,0,0
1948,Bristol City,Southend United,2,1,3b,3,3,1,1
1948,Bristol City,Torquay United,0,2,3b,3,2,-2,0
1948,Bristol Rovers,Ipswich Town,1,6,3b,3,7,-5,0
1948,Bristol Rovers,Newport County,3,1,3b,3,4,2,1
1948,Bristol Rovers,Torquay United,1,0,3b,3,1,1,1
1948,Crystal Palace,AFC Bournemouth,2,1,3b,3,3,1,1
1948,Crystal Palace,Bristol City,4,0,3b,3,4,4,1
1948,Crystal Palace,Newport County,0,1,3b,3,1,-1,0
1948,Crystal Palace,Torquay United,0,1,3b,3,1,-1,0
1948,Exeter City,Newport County,1,2,3b,3,3,-1,0
1948,Exeter City,Notts County,3,1,3b,3,4,2,1
1948,Exeter City,Southend United,0,0,3b,3,0,0,0
1948,Exeter City,Torquay United,2,0,3b,3,2,2,1
1948,Ipswich Town,AFC Bournemouth,1,0,3b,3,1,1,1
1948,Ipswich Town,Exeter City,2,2,3b,3,4,0,0
1948,Ipswich Town,Torquay United,5,1,3b,3,6,4,1
1948,Leyton Orient,Exeter City,5,2,3b,3,7,3,1
1948,Leyton Orient,Notts County,3,1,3b,3,4,2,1
1948,Leyton Orient,Torquay United,3,1,3b,3,4,2,1
1948,Millwall,AFC Bournemouth,4,0,3b,3,4,4,1
1948,Millwall,Bristol City,4,1,3b,3,5,3,1
1948,Millwall,Notts County,3,2,3b,3,5,1,1
1948,Millwall,Southend United,1,0,3b,3,1,1,1
1948,Newport County,AFC Bournemouth,1,2,3b,3,3,-1,0
1948,Newport County,Bristol City,0,2,3b,3,2,-2,0
1948,Newport County,Exeter City,0,2,3b,3,2,-2,0
1948,Newport County,Millwall,1,2,3b,3,3,-1,0
1948,Newport County,Torquay United,1,2,3b,3,3,-1,0
1948,Northampton Town,Bristol City,3,1,3b,3,4,2,1
1948,Northampton Town,Millwall,4,0,3b,3,4,4,1
1948,Northampton Town,Notts County,1,2,3b,3,3,-1,0
1948,Northampton Town,Southend United,2,2,3b,3,4,0,0
1948,Norwich City,Bristol City,4,0,3b,3,4,4,1
1948,Norwich City,Exeter City,3,0,3b,3,3,3,1
1948,Norwich City,Notts County,3,0,3b,3,3,3,1
1948,Norwich City,Southend United,3,0,3b,3,3,3,1
1948,Norwich City,Torquay United,0,0,3b,3,0,0,0
1948,Notts County,Exeter City,9,0,3b,3,9,9,1
1948,Port Vale,Exeter City,1,1,3b,3,2,0,0
1948,Port Vale,Southend United,0,2,3b,3,2,-2,0
1948,Reading,Bristol City,2,1,3b,3,3,1,1
1948,Reading,Millwall,2,0,3b,3,2,2,1
1948,Reading,Southend United,2,1,3b,3,3,1,1
1948,Reading,Torquay United,4,0,3b,3,4,4,1
1948,Southend United,AFC Bournemouth,0,0,3b,3,0,0,0
1948,Southend United,Millwall,2,1,3b,3,3,1,1
1948,Southend United,Reading,0,0,3b,3,0,0,0
1948,Southend United,Torquay United,1,1,3b,3,2,0,0
1948,Swansea City,AFC Bournemouth,2,0,3b,3,2,2,1
1948,Swansea City,Exeter City,6,0,3b,3,6,6,1
1948,Swansea City,Norwich City,2,1,3b,3,3,1,1
1948,Swansea City,Torquay United,6,1,3b,3,7,5,1
1948,Swindon Town,Bristol City,2,1,3b,3,3,1,1
1948,Swindon Town,Millwall,2,0,3b,3,2,2,1
1948,Swindon Town,Norwich City,3,3,3b,3,6,0,0
1948,Torquay United,Bristol City,0,2,3b,3,2,-2,0
1948,Torquay United,Exeter City,2,1,3b,3,3,1,1
1948,Torquay United,Norwich City,2,1,3b,3,3,1,1
1948,Walsall,Bristol City,0,1,3b,3,1,-1,0
1948,Walsall,Millwall,5,6,3b,3,11,-1,0
1948,Walsall,Norwich City,4,1,3b,3,5,3,1
1948,Watford,Millwall,1,1,3b,3,2,0,0
1948,Watford,Reading,4,1,3b,3,5,3,1
1948,Watford,Swindon Town,0,3,3b,3,3,-3,0
1949,Arsenal,Aston Villa,1,3,1,1,4,-2,0
1949,Arsenal,Bolton Wanderers,1,1,1,1,2,0,0
1949,Arsenal,Chelsea,2,3,1,1,5,-1,0
1949,Arsenal,Fulham,2,1,1,1,3,1,1
1949,Aston Villa,Chelsea,4,0,1,1,4,4,1
1949,Aston Villa,Newcastle United,0,1,1,1,1,-1,0
1949,Aston Villa,Sunderland,2,0,1,1,2,2,1
1949,Birmingham City,Arsenal,2,1,1,1,3,1,1
1949,Birmingham City,Bolton Wanderers,0,0,1,1,0,0,0
1949,Birmingham City,Chelsea,0,3,1,1,3,-3,0
1949,Birmingham City,Fulham,1,1,1,1,2,0,0
1949,Birmingham City,Manchester City,1,0,1,1,1,1,1
1949,Blackpool,Bolton Wanderers,2,0,1,1,2,2,1
1949,Blackpool,Fulham,0,0,1,1,0,0,0
1949,Blackpool,Sunderland,0,1,1,1,1,-1,0
1949,Bolton Wanderers,Arsenal,2,2,1,1,4,0,0
1949,Bolton Wanderers,Chelsea,1,0,1,1,1,1,1
1949,Bolton Wanderers,Manchester City,3,0,1,1,3,3,1
1949,Bolton Wanderers,Sunderland,2,1,1,1,3,1,1
1949,Burnley,Chelsea,1,2,1,1,3,-1,0
1949,Burnley,Newcastle United,1,2,1,1,3,-1,0
1949,Burnley,Sunderland,2,2,1,1,4,0,0
1949,Charlton Athletic,Arsenal,1,1,1,1,2,0,0
1949,Charlton Athletic,Manchester City,3,1,1,1,4,2,1
1949,Chelsea,Arsenal,1,2,1,1,3,-1,0
1949,Chelsea,Blackpool,1,1,1,1,2,0,0
1949,Chelsea,Fulham,0,0,1,1,0,0,0
1949,Derby County,Blackpool,0,0,1,1,0,0,0
1949,Derby County,Charlton Athletic,1,2,1,1,3,-1,0
1949,Derby County,Fulham,2,1,1,1,3,1,1
1949,Everton,Arsenal,0,1,1,1,1,-1,0
1949,Everton,Charlton Athletic,0,1,1,1,1,-1,0
1949,Everton,Newcastle United,2,1,1,1,3,1,1
1949,Fulham,Arsenal,2,2,1,1,4,0,0
1949,Fulham,Blackpool,1,0,1,1,1,1,1
1949,Fulham,Charlton Athletic,1,2,1,1,3,-1,0
1949,Fulham,Everton,0,0,1,1,0,0,0
1949,Fulham,Newcastle United,2,1,1,1,3,1,1
1949,Huddersfield Town,Arsenal,2,2,1,1,4,0,0
1949,Huddersfield Town,Blackpool,0,1,1,1,1,-1,0
1949,Huddersfield Town,Charlton Athletic,2,1,1,1,3,1,1
1949,Huddersfield Town,Everton,1,2,1,1,3,-1,0
1949,Huddersfield Town,Manchester City,1,0,1,1,1,1,1
1949,Huddersfield Town,Newcastle United,1,2,1,1,3,-1,0
1949,Liverpool,Arsenal,2,0,1,1,2,2,1
1949,Liverpool,Everton,3,1,1,1,4,2,1
1949,Manchester City,Arsenal,0,2,1,1,2,-2,0
1949,Manchester City,Charlton Athletic,2,0,1,1,2,2,1
1949,Manchester City,Liverpool,1,2,1,1,3,-1,0
1949,Manchester City,Newcastle United,1,1,1,1,2,0,0
1949,Manchester City,Sunderland,2,1,1,1,3,1,1
1949,Manchester United,Arsenal,2,0,1,1,2,2,1
1949,Manchester United,Blackpool,1,2,1,1,3,-1,0
1949,Manchester United,Liverpool,0,0,1,1,0,0,0
1949,Manchester United,Newcastle United,1,1,1,1,2,0,0
1949,Manchester United,Sunderland,1,3,1,1,4,-2,0
1949,Middlesbrough,Arsenal,1,1,1,1,2,0,0
1949,Middlesbrough,Blackpool,2,0,1,1,2,2,1
1949,Middlesbrough,Charlton Athletic,1,0,1,1,1,1,1
1949,Middlesbrough,Everton,0,1,1,1,1,-1,0
1949,Middlesbrough,Liverpool,4,1,1,1,5,3,1
1949,Middlesbrough,Newcastle United,1,0,1,1,1,1,1
1949,Middlesbrough,Sunderland,2,0,1,1,2,2,1
1949,Newcastle United,Liverpool,5,1,1,1,6,4,1
1949,Newcastle United,Middlesbrough,0,1,1,1,1,-1,0
1949,Newcastle United,Sunderland,2,2,1,1,4,0,0
1949,Portsmouth,Charlton Athletic,1,0,1,1,1,1,1
1949,Portsmouth,Liverpool,2,1,1,1,3,1,1
1949,Portsmouth,Sunderland,2,2,1,1,4,0,0
1949,Stoke City,Arsenal,2,5,1,1,7,-3,0
1949,Stoke City,Charlton Athletic,0,3,1,1,3,-3,0
1949,Stoke City,Everton,1,0,1,1,1,1,1
1949,Stoke City,Sunderland,2,1,1,1,3,1,1
1949,Sunderland,Arsenal,4,2,1,1,6,2,1
1949,Sunderland,Everton,4,2,1,1,6,2,1
1949,Sunderland,Liverpool,3,2,1,1,5,1,1
1949,West Bromwich Albion,Arsenal,1,2,1,1,3,-1,0
1949,West Bromwich Albion,Charlton Athletic,1,0,1,1,1,1,1
1949,West Bromwich Albion,Liverpool,0,1,1,1,1,-1,0
1949,West Bromwich Albion,Middlesbrough,0,3,1,1,3,-3,0
1949,Wolverhampton Wanderers,Stoke City,2,1,1,1,3,1,1
1949,Barnsley,Blackburn Rovers,1,1,2,2,2,0,0
1949,Barnsley,Plymouth Argyle,4,1,2,2,5,3,1
1949,Blackburn Rovers,Leeds United,0,1,2,2,1,-1,0
1949,Blackburn Rovers,Plymouth Argyle,1,0,2,2,1,1,1
1949,Blackburn Rovers,Sheffield United,0,2,2,2,2,-2,0
1949,Bradford Park Avenue,Barnsley,1,3,2,2,4,-2,0
1949,Bradford Park Avenue,Bury,1,2,2,2,3,-1,0
1949,Bradford Park Avenue,Coventry City,2,2,2,2,4,0,0
1949,Bradford Park Avenue,Leeds United,1,2,2,2,3,-1,0
1949,Bradford Park Avenue,Sheffield United,1,1,2,2,2,0,0
1949,Brentford,Bury,2,0,2,2,2,2,1
1949,Brentford,Coventry City,2,0,2,2,2,2,1
1949,Brentford,Leeds United,0,0,2,2,0,0,0
1949,Brentford,Sheffield United,1,0,2,2,1,1,1
1949,Brentford,Swansea City,0,0,2,2,0,0,0
1949,Bury,Barnsley,2,0,2,2,2,2,1
1949,Bury,Coventry City,0,0,2,2,0,0,0
1949,Bury,Plymouth Argyle,5,1,2,2,6,4,1
1949,Bury,Sheffield United,1,5,2,2,6,-4,0
1949,Cardiff City,Brentford,0,0,2,2,0,0,0
1949,Cardiff City,Coventry City,1,0,2,2,1,1,1
1949,Cardiff City,Sheffield United,1,2,2,2,3,-1,0
1949,Cardiff City,Swansea City,1,0,2,2,1,1,1
1949,Chesterfield,Barnsley,1,0,2,2,1,1,1
1949,Chesterfield,Coventry City,0,1,2,2,1,-1,0
1949,Chesterfield,Plymouth Argyle,2,0,2,2,2,2,1
1949,Chesterfield,Sheffield United,0,1,2,2,1,-1,0
1949,Coventry City,Barnsley,1,1,2,2,2,0,0
1949,Coventry City,Brentford,1,1,2,2,2,0,0
1949,Coventry City,Chesterfield,3,0,2,2,3,3,1
1949,Coventry City,Leeds United,0,4,2,2,4,-4,0
1949,Grimsby Town,Plymouth Argyle,2,2,2,2,4,0,0
1949,Grimsby Town,Sheffield United,4,0,2,2,4,4,1
1949,Hull City,Barnsley,2,0,2,2,2,2,1
1949,Hull City,Brentford,2,0,2,2,2,2,1
1949,Hull City,Leeds United,1,0,2,2,1,1,1
1949,Hull City,Sheffield United,0,4,2,2,4,-4,0
1949,Leeds United,Brentford,1,0,2,2,1,1,1
1949,Leeds United,Chesterfield,0,0,2,2,0,0,0
1949,Leeds United,Hull City,3,0,2,2,3,3,1
1949,Leeds United,Swansea City,1,2,2,2,3,-1,0
1949,Leicester City,Barnsley,2,2,2,2,4,0,0
1949,Leicester City,Brentford,1,1,2,2,2,0,0
1949,Leicester City,Hull City,1,2,2,2,3,-1,0
1949,Leicester City,Plymouth Argyle,0,0,2,2,0,0,0
1949,Leicester City,Sheffield United,1,1,2,2,2,0,0
1949,Luton Town,Barnsley,3,1,2,2,4,2,1
1949,Luton Town,Chesterfield,1,1,2,2,2,0,0
1949,Luton Town,Hull City,0,3,2,2,3,-3,0
1949,Luton Town,Plymouth Argyle,1,1,2,2,2,0,0
1949,Plymouth Argyle,Barnsley,2,2,2,2,4,0,0
1949,Plymouth Argyle,Hull City,1,3,2,2,4,-2,0
1949,Plymouth Argyle,Sheffield United,0,1,2,2,1,-1,0
1949,Plymouth Argyle,Swansea City,0,1,2,2,1,-1,0
1949,Preston North End,Barnsley,1,1,2,2,2,0,0
1949,Preston North End,Brentford,2,0,2,2,2,2,1
1949,Preston North End,Swansea City,2,1,2,2,3,1,1
1949,Queens Park Rangers,Barnsley,0,5,2,2,5,-5,0
1949,Queens Park Rangers,Brentford,3,3,2,2,6,0,0
1949,Queens Park Rangers,Luton Town,3,0,2,2,3,3,1
1949,Sheffield United,Brentford,1,1,2,2,2,0,0
1949,Sheffield United,Hull City,5,0,2,2,5,5,1
1949,Sheffield Wednesday,Barnsley,2,0,2,2,2,2,1
1949,Sheffield Wednesday,Hull City,6,2,2,2,8,4,1
1949,Sheffield Wednesday,Luton Town,1,1,2,2,2,0,0
1949,Southampton,Barnsley,0,0,2,2,0,0,0
1949,Southampton,Chesterfield,1,0,2,2,1,1,1
1949,Southampton,Hull City,5,0,2,2,5,5,1
1949,Southampton,Luton Town,2,1,2,2,3,1,1
1949,Southampton,Queens Park Rangers,1,2,2,2,3,-1,0
1949,Swansea City,Chesterfield,0,2,2,2,2,-2,0
1949,Swansea City,Southampton,4,0,2,2,4,4,1
1949,Tottenham Hotspur,Barnsley,2,0,2,2,2,2,1
1949,Tottenham Hotspur,Brentford,1,1,2,2,2,0,0
1949,Tottenham Hotspur,Chesterfield,1,0,2,2,1,1,1
1949,Tottenham Hotspur,Hull City,0,0,2,2,0,0,0
1949,West Ham United,Barnsley,2,1,2,2,3,1,1
1949,West Ham United,Brentford,2,2,2,2,4,0,0
1949,West Ham United,Chesterfield,1,1,2,2,2,0,0
1949,West Ham United,Hull City,2,1,2,2,3,1,1
1949,West Ham United,Southampton,1,2,2,2,3,-1,0
1949,Accrington Stanley,Hartlepool United,1,2,3a,3,3,-1,0
1949,Accrington Stanley,Rotherham United,1,4,3a,3,5,-3,0
1949,Accrington Stanley,Tranmere Rovers,2,0,3a,3,2,2,1
1949,Barrow,Accrington Stanley,2,1,3a,3,3,1,1
1949,Barrow,Chester,3,1,3a,3,4,2,1
1949,Barrow,Doncaster Rovers,1,1,3a,3,2,0,0
1949,Barrow,Hartlepool United,0,0,3a,3,0,0,0
1949,Barrow,Tranmere Rovers,1,2,3a,3,3,-1,0
1949,Bradford City,Accrington Stanley,5,2,3a,3,7,3,1
1949,Bradford City,Chester,1,0,3a,3,1,1,1
1949,Bradford City,Doncaster Rovers,1,2,3a,3,3,-1,0
1949,Bradford City,Tranmere Rovers,2,4,3a,3,6,-2,0
1949,Carlisle United,Hartlepool United,2,1,3a,3,3,1,1
1949,Carlisle United,Tranmere Rovers,0,0,3a,3,0,0,0
1949,Chester,Hartlepool United,3,0,3a,3,3,3,1
1949,Chester,New Brighton,2,0,3a,3,2,2,1
1949,Chester,Rotherham United,4,2,3a,3,6,2,1
1949,Crewe Alexandra,Carlisle United,2,1,3a,3,3,1,1
1949,Crewe Alexandra,Doncaster Rovers,0,2,3a,3,2,-2,0
1949,Crewe Alexandra,Hartlepool United,1,0,3a,3,1,1,1
1949,Crewe Alexandra,New Brighton,1,2,3a,3,3,-1,0
1949,Darlington,Carlisle United,1,1,3a,3,2,0,0
1949,Darlington,Tranmere Rovers,0,2,3a,3,2,-2,0
1949,Doncaster Rovers,Accrington Stanley,4,1,3a,3,5,3,1
1949,Doncaster Rovers,Carlisle United,0,0,3a,3,0,0,0
1949,Doncaster Rovers,Hartlepool United,0,0,3a,3,0,0,0
1949,Doncaster Rovers,Rotherham United,1,0,3a,3,1,1,1
1949,Gateshead,Hartlepool United,2,0,3a,3,2,2,1
1949,Gateshead,New Brighton,2,1,3a,3,3,1,1
1949,Gateshead,Rotherham United,2,2,3a,3,4,0,0
1949,Halifax Town,Carlisle United,1,1,3a,3,2,0,0
1949,Halifax Town,New Brighton,3,0,3a,3,3,3,1
1949,Halifax Town,Rotherham United,4,3,3a,3,7,1,1
1949,Hartlepool United,Accrington Stanley,0,0,3a,3,0,0,0
1949,Hartlepool United,Darlington,2,0,3a,3,2,2,1
1949,Hartlepool United,New Brighton,2,0,3a,3,2,2,1
1949,Lincoln City,Accrington Stanley,1,0,3a,3,1,1,1
1949,Lincoln City,Carlisle United,2,1,3a,3,3,1,1
1949,Lincoln City,Darlington,2,0,3a,3,2,2,1
1949,Lincoln City,Halifax Town,1,0,3a,3,1,1,1
1949,Lincoln City,Tranmere Rovers,0,0,3a,3,0,0,0
1949,Mansfield Town,Accrington Stanley,2,0,3a,3,2,2,1
1949,Mansfield Town,Carlisle United,4,1,3a,3,5,3,1
1949,Mansfield Town,Darlington,2,1,3a,3,3,1,1
1949,Mansfield Town,Halifax Town,1,0,3a,3,1,1,1
1949,Mansfield Town,New Brighton,2,2,3a,3,4,0,0
1949,Mansfield Town,Rotherham United,0,2,3a,3,2,-2,0
1949,Mansfield Town,Tranmere Rovers,1,1,3a,3,2,0,0
1949,New Brighton,Mansfield Town,1,2,3a,3,3,-1,0
1949,New Brighton,Rotherham United,0,3,3a,3,3,-3,0
1949,New Brighton,Tranmere Rovers,0,0,3a,3,0,0,0
1949,Oldham Athletic,Darlington,2,0,3a,3,2,2,1
1949,Oldham Athletic,Halifax Town,2,1,3a,3,3,1,1
1949,Oldham Athletic,Mansfield Town,1,0,3a,3,1,1,1
1949,Oldham Athletic,Tranmere Rovers,2,1,3a,3,3,1,1
1949,Rochdale,Accrington Stanley,2,0,3a,3,2,2,1
1949,Rochdale,Darlington,2,0,3a,3,2,2,1
1949,Rochdale,Mansfield Town,7,1,3a,3,8,6,1
1949,Rochdale,Tranmere Rovers,3,0,3a,3,3,3,1
1949,Rotherham United,Carlisle United,1,1,3a,3,2,0,0
1949,Rotherham United,Darlington,1,1,3a,3,2,0,0
1949,Rotherham United,Mansfield Town,2,2,3a,3,4,0,0
1949,Rotherham United,Tranmere Rovers,1,1,3a,3,2,0,0
1949,Southport,Accrington Stanley,1,0,3a,3,1,1,1
1949,Southport,Carlisle United,1,2,3a,3,3,-1,0
1949,Southport,Darlington,1,1,3a,3,2,0,0
1949,Southport,Halifax Town,1,1,3a,3,2,0,0
1949,Southport,Mansfield Town,1,1,3a,3,2,0,0
1949,Southport,Rochdale,3,2,3a,3,5,1,1
1949,Stockport County,Carlisle United,2,0,3a,3,2,2,1
1949,Stockport County,Darlington,2,1,3a,3,3,1,1
1949,Stockport County,Mansfield Town,1,0,3a,3,1,1,1
1949,Stockport County,Rochdale,1,1,3a,3,2,0,0
1949,Stockport County,Tranmere Rovers,2,1,3a,3,3,1,1
1949,Tranmere Rovers,Carlisle United,0,0,3a,3,0,0,0
1949,Tranmere Rovers,Darlington,3,1,3a,3,4,2,1
1949,Tranmere Rovers,Rochdale,1,0,3a,3,1,1,1
1949,Tranmere Rovers,Stockport County,2,0,3a,3,2,2,1
1949,Wrexham,Accrington Stanley,1,1,3a,3,2,0,0
1949,Wrexham,Carlisle United,1,1,3a,3,2,0,0
1949,Wrexham,Rochdale,3,0,3a,3,3,3,1
1949,York City,Mansfield Town,3,3,3a,3,6,0,0
1949,York City,Rochdale,2,2,3a,3,4,0,0
1949,AFC Bournemouth,Bristol Rovers,0,2,3b,3,2,-2,0
1949,AFC Bournemouth,Ipswich Town,4,0,3b,3,4,4,1
1949,AFC Bournemouth,Newport County,1,1,3b,3,2,0,0
1949,AFC Bournemouth,Nottingham Forest,1,2,3b,3,3,-1,0
1949,Brighton & Hove Albion,AFC Bournemouth,1,1,3b,3,2,0,0
1949,Brighton & Hove Albion,Bristol Rovers,1,2,3b,3,3,-1,0
1949,Brighton & Hove Albion,Newport County,5,0,3b,3,5,5,1
1949,Brighton & Hove Albion,Nottingham Forest,2,2,3b,3,4,0,0
1949,Brighton & Hove Albion,Torquay United,2,1,3b,3,3,1,1
1949,Bristol City,AFC Bournemouth,3,2,3b,3,5,1,1
1949,Bristol City,Ipswich Town,4,2,3b,3,6,2,1
1949,Bristol City,Newport County,6,0,3b,3,6,6,1
1949,Bristol City,Reading,2,2,3b,3,4,0,0
1949,Bristol City,Torquay United,0,0,3b,3,0,0,0
1949,Bristol Rovers,AFC Bournemouth,0,0,3b,3,0,0,0
1949,Bristol Rovers,Nottingham Forest,0,3,3b,3,3,-3,0
1949,Bristol Rovers,Reading,2,1,3b,3,3,1,1
1949,Crystal Palace,AFC Bournemouth,1,0,3b,3,1,1,1
1949,Crystal Palace,Ipswich Town,2,0,3b,3,2,2,1
1949,Crystal Palace,Newport County,1,0,3b,3,1,1,1
1949,Crystal Palace,Reading,1,1,3b,3,2,0,0
1949,Exeter City,Bristol City,0,0,3b,3,0,0,0
1949,Exeter City,Nottingham Forest,0,0,3b,3,0,0,0
1949,Ipswich Town,Newport County,1,0,3b,3,1,1,1
1949,Ipswich Town,Nottingham Forest,1,2,3b,3,3,-1,0
1949,Ipswich Town,Reading,2,0,3b,3,2,2,1
1949,Ipswich Town,Torquay United,3,1,3b,3,4,2,1
1949,Leyton Orient,Bristol City,1,0,3b,3,1,1,1
1949,Leyton Orient,Nottingham Forest,1,1,3b,3,2,0,0
1949,Millwall,Bristol City,3,1,3b,3,4,2,1
1949,Millwall,Newport County,1,2,3b,3,3,-1,0
1949,Millwall,Nottingham Forest,2,1,3b,3,3,1,1
1949,Millwall,Torquay United,1,3,3b,3,4,-2,0
1949,Newport County,AFC Bournemouth,5,0,3b,3,5,5,1
1949,Newport County,Reading,1,1,3b,3,2,0,0
1949,Northampton Town,AFC Bournemouth,2,3,3b,3,5,-1,0
1949,Northampton Town,Bristol City,4,2,3b,3,6,2,1
1949,Northampton Town,Exeter City,3,3,3b,3,6,0,0
1949,Northampton Town,Millwall,1,0,3b,3,1,1,1
1949,Northampton Town,Nottingham Forest,0,0,3b,3,0,0,0
1949,Northampton Town,Reading,2,0,3b,3,2,2,1
1949,Northampton Town,Torquay United,3,0,3b,3,3,3,1
1949,Norwich City,Bristol City,3,0,3b,3,3,3,1
1949,Norwich City,Exeter City,1,2,3b,3,3,-1,0
1949,Norwich City,Nottingham Forest,1,1,3b,3,2,0,0
1949,Norwich City,Reading,1,1,3b,3,2,0,0
1949,Norwich City,Torquay United,3,3,3b,3,6,0,0
1949,Nottingham Forest,AFC Bournemouth,3,0,3b,3,3,3,1
1949,Nottingham Forest,Bristol City,3,0,3b,3,3,3,1
1949,Nottingham Forest,Exeter City,5,0,3b,3,5,5,1
1949,Nottingham Forest,Norwich City,0,1,3b,3,1,-1,0
1949,Nottingham Forest,Torquay United,1,2,3b,3,3,-1,0
1949,Notts County,AFC Bournemouth,2,0,3b,3,2,2,1
1949,Notts County,Bristol City,4,1,3b,3,5,3,1
1949,Notts County,Norwich City,5,0,3b,3,5,5,1
1949,Notts County,Reading,4,0,3b,3,4,4,1
1949,Port Vale,Bristol City,0,2,3b,3,2,-2,0
1949,Port Vale,Exeter City,1,0,3b,3,1,1,1
1949,Port Vale,Norwich City,2,2,3b,3,4,0,0
1949,Port Vale,Torquay United,2,0,3b,3,2,2,1
1949,Reading,AFC Bournemouth,2,1,3b,3,3,1,1
1949,Reading,Bristol City,1,0,3b,3,1,1,1
1949,Reading,Exeter City,3,2,3b,3,5,1,1
1949,Reading,Norwich City,4,1,3b,3,5,3,1
1949,Reading,Port Vale,2,1,3b,3,3,1,1
1949,Reading,Torquay United,2,0,3b,3,2,2,1
1949,Southend United,AFC Bournemouth,1,0,3b,3,1,1,1
1949,Southend United,Bristol City,2,0,3b,3,2,2,1
1949,Southend United,Millwall,3,0,3b,3,3,3,1
1949,Southend United,Torquay United,2,0,3b,3,2,2,1
1949,Swindon Town,Millwall,1,1,3b,3,2,0,0
1949,Swindon Town,Torquay United,1,2,3b,3,3,-1,0
1949,Torquay United,AFC Bournemouth,3,1,3b,3,4,2,1
1949,Torquay United,Bristol City,3,3,3b,3,6,0,0
1949,Torquay United,Millwall,1,0,3b,3,1,1,1
1949,Torquay United,Port Vale,0,0,3b,3,0,0,0
1949,Walsall,Exeter City,3,0,3b,3,3,3,1
1949,Walsall,Port Vale,1,0,3b,3,1,1,1
1949,Walsall,Swindon Town,0,0,3b,3,0,0,0
1949,Watford,AFC Bournemouth,4,1,3b,3,5,3,1
1949,Watford,Exeter City,1,2,3b,3,3,-1,0
1949,Watford,Millwall,0,0,3b,3,0,0,0
1949,Watford,Swindon Town,1,2,3b,3,3,-1,0
1950,Arsenal,Burnley,0,1,1,1,1,-1,0
1950,Arsenal,Derby County,3,1,1,1,4,2,1
1950,Arsenal,Tottenham Hotspur,2,2,1,1,4,0,0
1950,Aston Villa,Burnley,3,2,1,1,5,1,1
1950,Aston Villa,Derby County,1,1,1,1,2,0,0
1950,Aston Villa,Huddersfield Town,0,1,1,1,1,-1,0
1950,Aston Villa,Middlesbrough,0,1,1,1,1,-1,0
1950,Aston Villa,Tottenham Hotspur,2,3,1,1,5,-1,0
1950,Blackpool,Arsenal,0,1,1,1,1,-1,0
1950,Blackpool,Middlesbrough,2,1,1,1,3,1,1
1950,Bolton Wanderers,Arsenal,3,0,1,1,3,3,1
1950,Bolton Wanderers,Burnley,1,1,1,1,2,0,0
1950,Bolton Wanderers,Middlesbrough,0,2,1,1,2,-2,0
1950,Bolton Wanderers,Tottenham Hotspur,1,4,1,1,5,-3,0
1950,Burnley,Arsenal,0,1,1,1,1,-1,0
1950,Burnley,Derby County,1,0,1,1,1,1,1
1950,Burnley,Middlesbrough,3,1,1,1,4,2,1
1950,Burnley,Sheffield Wednesday,1,0,1,1,1,1,1
1950,Charlton Athletic,Huddersfield Town,3,2,1,1,5,1,1
1950,Charlton Athletic,Middlesbrough,3,0,1,1,3,3,1
1950,Chelsea,Arsenal,0,1,1,1,1,-1,0
1950,Chelsea,Derby County,1,2,1,1,3,-1,0
1950,Chelsea,Middlesbrough,1,1,1,1,2,0,0
1950,Derby County,Bolton Wanderers,2,2,1,1,4,0,0
1950,Derby County,Chelsea,1,0,1,1,1,1,1
1950,Derby County,Middlesbrough,6,0,1,1,6,6,1
1950,Everton,Arsenal,1,1,1,1,2,0,0
1950,Everton,Chelsea,3,0,1,1,3,3,1
1950,Everton,Sheffield Wednesday,0,0,1,1,0,0,0
1950,Everton,Tottenham Hotspur,1,2,1,1,3,-1,0
1950,Fulham,Arsenal,3,2,1,1,5,1,1
1950,Fulham,Bolton Wanderers,0,1,1,1,1,-1,0
1950,Fulham,Chelsea,1,2,1,1,3,-1,0
1950,Fulham,Middlesbrough,2,0,1,1,2,2,1
1950,Fulham,Sheffield Wednesday,4,2,1,1,6,2,1
1950,Huddersfield Town,Bolton Wanderers,0,4,1,1,4,-4,0
1950,Huddersfield Town,Chelsea,2,1,1,1,3,1,1
1950,Huddersfield Town,Fulham,1,2,1,1,3,-1,0
1950,Huddersfield Town,Middlesbrough,2,3,1,1,5,-1,0
1950,Huddersfield Town,Sheffield Wednesday,3,4,1,1,7,-1,0
1950,Liverpool,Arsenal,1,3,1,1,4,-2,0
1950,Liverpool,Fulham,2,0,1,1,2,2,1
1950,Liverpool,Middlesbrough,0,0,1,1,0,0,0
1950,Liverpool,Sheffield Wednesday,2,1,1,1,3,1,1
1950,Manchester United,Arsenal,3,1,1,1,4,2,1
1950,Manchester United,Bolton Wanderers,2,3,1,1,5,-1,0
1950,Manchester United,Chelsea,4,1,1,1,5,3,1
1950,Manchester United,Fulham,1,0,1,1,1,1,1
1950,Manchester United,Middlesbrough,1,0,1,1,1,1,1
1950,Middlesbrough,Arsenal,2,1,1,1,3,1,1
1950,Middlesbrough,Bolton Wanderers,1,1,1,1,2,0,0
1950,Middlesbrough,Chelsea,3,0,1,1,3,3,1
1950,Middlesbrough,Fulham,1,1,1,1,2,0,0
1950,Middlesbrough,Manchester United,1,2,1,1,3,-1,0
1950,Middlesbrough,Sheffield Wednesday,2,1,1,1,3,1,1
1950,Middlesbrough,Tottenham Hotspur,1,1,1,1,2,0,0
1950,Newcastle United,Bolton Wanderers,0,1,1,1,1,-1,0
1950,Newcastle United,Sheffield Wednesday,2,0,1,1,2,2,1
1950,Portsmouth,Bolton Wanderers,2,1,1,1,3,1,1
1950,Portsmouth,Chelsea,1,3,1,1,4,-2,0
1950,Portsmouth,Manchester United,0,0,1,1,0,0,0
1950,Portsmouth,Sheffield Wednesday,4,1,1,1,5,3,1
1950,Sheffield Wednesday,Arsenal,0,2,1,1,2,-2,0
1950,Sheffield Wednesday,Bolton Wanderers,3,4,1,1,7,-1,0
1950,Sheffield Wednesday,Fulham,2,2,1,1,4,0,0
1950,Sheffield Wednesday,Manchester United,0,4,1,1,4,-4,0
1950,Sheffield Wednesday,Portsmouth,2,1,1,1,3,1,1
1950,Stoke City,Chelsea,2,1,1,1,3,1,1
1950,Stoke City,Fulham,1,1,1,1,2,0,0
1950,Stoke City,Portsmouth,1,2,1,1,3,-1,0
1950,Stoke City,Tottenham Hotspur,0,0,1,1,0,0,0
1950,Sunderland,Bolton Wanderers,1,2,1,1,3,-1,0
1950,Sunderland,Chelsea,1,1,1,1,2,0,0
1950,Sunderland,Fulham,0,1,1,1,1,-1,0
1950,Sunderland,Manchester United,2,1,1,1,3,1,1
1950,Sunderland,Tottenham Hotspur,0,0,1,1,0,0,0
1950,Tottenham Hotspur,Bolton Wanderers,4,2,1,1,6,2,1
1950,West Bromwich Albion,Bolton Wanderers,0,1,1,1,1,-1,0
1950,West Bromwich Albion,Manchester United,0,1,1,1,1,-1,0
1950,Wolverhampton Wanderers,Bolton Wanderers,7,1,1,1,8,6,1
1950,Wolverhampton Wanderers,Chelsea,2,1,1,1,3,1,1
1950,Wolverhampton Wanderers,Fulham,1,1,1,1,2,0,0
1950,Wolverhampton Wanderers,Manchester United,0,0,1,1,0,0,0
1950,Wolverhampton Wanderers,Portsmouth,2,3,1,1,5,-1,0
1950,Barnsley,Coventry City,3,0,2,2,3,3,1
1950,Barnsley,Luton Town,6,1,2,2,7,5,1
1950,Barnsley,Preston North End,4,1,2,2,5,3,1
1950,Barnsley,Southampton,1,2,2,2,3,-1,0
1950,Birmingham City,Barnsley,2,0,2,2,2,2,1
1950,Birmingham City,Bury,3,3,2,2,6,0,0
1950,Birmingham City,Coventry City,1,1,2,2,2,0,0
1950,Birmingham City,Hull City,2,1,2,2,3,1,1
1950,Birmingham City,Preston North End,1,0,2,2,1,1,1
1950,Birmingham City,Southampton,2,1,2,2,3,1,1
1950,Blackburn Rovers,Bury,2,4,2,2,6,-2,0
1950,Blackburn Rovers,Hull City,2,2,2,2,4,0,0
1950,Blackburn Rovers,Preston North End,2,1,2,2,3,1,1
1950,Brentford,Hull City,2,1,2,2,3,1,1
1950,Brentford,Preston North End,2,4,2,2,6,-2,0
1950,Bury,Barnsley,0,3,2,2,3,-3,0
1950,Bury,Brentford,2,1,2,2,3,1,1
1950,Bury,Hull City,0,2,2,2,2,-2,0
1950,Bury,Preston North End,3,1,2,2,4,2,1
1950,Cardiff City,Barnsley,1,1,2,2,2,0,0
1950,Cardiff City,Coventry City,2,1,2,2,3,1,1
1950,Cardiff City,Hull City,2,1,2,2,3,1,1
1950,Cardiff City,Luton Town,2,1,2,2,3,1,1
1950,Cardiff City,Preston North End,0,2,2,2,2,-2,0
1950,Cardiff City,Southampton,2,2,2,2,4,0,0
1950,Chesterfield,Barnsley,1,2,2,2,3,-1,0
1950,Chesterfield,Brentford,2,2,2,2,4,0,0
1950,Chesterfield,Coventry City,1,1,2,2,2,0,0
1950,Chesterfield,Southampton,2,3,2,2,5,-1,0
1950,Coventry City,Barnsley,3,3,2,2,6,0,0
1950,Coventry City,Brentford,3,3,2,2,6,0,0
1950,Coventry City,Hull City,4,1,2,2,5,3,1
1950,Coventry City,Luton Town,4,1,2,2,5,3,1
1950,Coventry City,Preston North End,1,0,2,2,1,1,1
1950,Coventry City,Southampton,2,2,2,2,4,0,0
1950,Doncaster Rovers,Brentford,0,3,2,2,3,-3,0
1950,Doncaster Rovers,Chesterfield,1,2,2,2,3,-1,0
1950,Doncaster Rovers,Hull City,2,4,2,2,6,-2,0
1950,Doncaster Rovers,Preston North End,2,0,2,2,2,2,1
1950,Doncaster Rovers,Southampton,0,0,2,2,0,0,0
1950,Grimsby Town,Barnsley,3,1,2,2,4,2,1
1950,Grimsby Town,Hull City,1,1,2,2,2,0,0
1950,Hull City,Barnsley,3,3,2,2,6,0,0
1950,Hull City,Brentford,3,0,2,2,3,3,1
1950,Leeds United,Brentford,1,0,2,2,1,1,1
1950,Leeds United,Southampton,5,3,2,2,8,2,1
1950,Leicester City,Barnsley,1,2,2,2,3,-1,0
1950,Leicester City,Brentford,1,2,2,2,3,-1,0
1950,Leicester City,Grimsby Town,0,0,2,2,0,0,0
1950,Leicester City,Preston North End,2,3,2,2,5,-1,0
1950,Luton Town,Barnsley,1,1,2,2,2,0,0
1950,Luton Town,Chesterfield,3,0,2,2,3,3,1
1950,Luton Town,Preston North End,1,2,2,2,3,-1,0
1950,Luton Town,Southampton,0,1,2,2,1,-1,0
1950,Manchester City,Brentford,4,0,2,2,4,4,1
1950,Manchester City,Grimsby Town,2,2,2,2,4,0,0
1950,Manchester City,Leicester City,1,1,2,2,2,0,0
1950,Notts County,Barnsley,2,1,2,2,3,1,1
1950,Notts County,Chesterfield,1,0,2,2,1,1,1
1950,Notts County,Grimsby Town,3,2,2,2,5,1,1
1950,Notts County,Leicester City,2,3,2,2,5,-1,0
1950,Preston North End,Chesterfield,4,1,2,2,5,3,1
1950,Preston North End,Grimsby Town,2,0,2,2,2,2,1
1950,Preston North End,Leicester City,3,2,2,2,5,1,1
1950,Queens Park Rangers,Brentford,1,1,2,2,2,0,0
1950,Queens Park Rangers,Grimsby Town,7,1,2,2,8,6,1
1950,Queens Park Rangers,Notts County,1,0,2,2,1,1,1
1950,Queens Park Rangers,Southampton,2,0,2,2,2,2,1
1950,Sheffield United,Barnsley,0,2,2,2,2,-2,0
1950,Sheffield United,Leicester City,2,1,2,2,3,1,1
1950,Sheffield United,Southampton,1,2,2,2,3,-1,0
1950,Southampton,Barnsley,1,0,2,2,1,1,1
1950,Southampton,Sheffield United,1,0,2,2,1,1,1
1950,Swansea City,Barnsley,1,0,2,2,1,1,1
1950,Swansea City,Brentford,2,1,2,2,3,1,1
1950,Swansea City,Chesterfield,2,0,2,2,2,2,1
1950,Swansea City,Grimsby Town,1,3,2,2,4,-2,0
1950,Swansea City,Leicester City,2,1,2,2,3,1,1
1950,Swansea City,Sheffield United,1,2,2,2,3,-1,0
1950,West Ham United,Brentford,1,2,2,2,3,-1,0
1950,Accrington Stanley,Barrow,1,0,3a,3,1,1,1
1950,Accrington Stanley,Darlington,1,0,3a,3,1,1,1
1950,Accrington Stanley,Hartlepool United,2,0,3a,3,2,2,1
1950,Accrington Stanley,New Brighton,1,1,3a,3,2,0,0
1950,Accrington Stanley,Rotherham United,0,2,3a,3,2,-2,0
1950,Accrington Stanley,Southport,3,1,3a,3,4,2,1
1950,Barrow,Bradford City,1,3,3a,3,4,-2,0
1950,Barrow,Chester,2,0,3a,3,2,2,1
1950,Barrow,Gateshead,1,1,3a,3,2,0,0
1950,Barrow,Lincoln City,3,1,3a,3,4,2,1
1950,Barrow,Stockport County,1,0,3a,3,1,1,1
1950,Barrow,York City,2,0,3a,3,2,2,1
1950,Bradford City,Crewe Alexandra,1,1,3a,3,2,0,0
1950,Bradford City,Halifax Town,2,0,3a,3,2,2,1
1950,Bradford Park Avenue,Darlington,2,1,3a,3,3,1,1
1950,Bradford Park Avenue,Hartlepool United,1,1,3a,3,2,0,0
1950,Bradford Park Avenue,Southport,2,0,3a,3,2,2,1
1950,Bradford Park Avenue,Wrexham,0,1,3a,3,1,-1,0
1950,Carlisle United,Oldham Athletic,1,0,3a,3,1,1,1
1950,Carlisle United,Scunthorpe United,3,1,3a,3,4,2,1
1950,Carlisle United,Stockport County,2,2,3a,3,4,0,0
1950,Carlisle United,York City,3,2,3a,3,5,1,1
1950,Chester,Bradford City,2,2,3a,3,4,0,0
1950,Chester,Rochdale,1,3,3a,3,4,-2,0
1950,Chester,Tranmere Rovers,1,3,3a,3,4,-2,0
1950,Crewe Alexandra,Darlington,5,0,3a,3,5,5,1
1950,Crewe Alexandra,Hartlepool United,3,1,3a,3,4,2,1
1950,Crewe Alexandra,Rotherham United,1,2,3a,3,3,-1,0
1950,Crewe Alexandra,Wrexham,1,1,3a,3,2,0,0
1950,Darlington,Carlisle United,1,0,3a,3,1,1,1
1950,Darlington,Gateshead,4,2,3a,3,6,2,1
1950,Darlington,Oldham Athletic,0,0,3a,3,0,0,0
1950,Darlington,Stockport County,2,1,3a,3,3,1,1
1950,Gateshead,Mansfield Town,1,3,3a,3,4,-2,0
1950,Gateshead,Shrewsbury Town,3,0,3a,3,3,3,1
1950,Halifax Town,Bradford Park Avenue,2,2,3a,3,4,0,0
1950,Halifax Town,Hartlepool United,1,0,3a,3,1,1,1
1950,Halifax Town,Rotherham United,1,2,3a,3,3,-1,0
1950,Halifax Town,Southport,4,0,3a,3,4,4,1
1950,Hartlepool United,Lincoln City,2,2,3a,3,4,0,0
1950,Hartlepool United,Oldham Athletic,0,1,3a,3,1,-1,0
1950,Hartlepool United,Stockport County,2,0,3a,3,2,2,1
1950,Lincoln City,Chester,2,1,3a,3,3,1,1
1950,Lincoln City,Gateshead,2,1,3a,3,3,1,1
1950,Lincoln City,Shrewsbury Town,5,0,3a,3,5,5,1
1950,Mansfield Town,Accrington Stanley,5,0,3a,3,5,5,1
1950,Mansfield Town,New Brighton,4,0,3a,3,4,4,1
1950,Mansfield Town,Rotherham United,1,1,3a,3,2,0,0
1950,Mansfield Town,Wrexham,1,1,3a,3,2,0,0
1950,New Brighton,Carlisle United,0,1,3a,3,1,-1,0
1950,New Brighton,Oldham Athletic,2,0,3a,3,2,2,1
1950,New Brighton,York City,0,0,3a,3,0,0,0
1950,Oldham Athletic,Gateshead,2,3,3a,3,5,-1,0
1950,Oldham Athletic,Rochdale,2,0,3a,3,2,2,1
1950,Rochdale,Accrington Stanley,3,1,3a,3,4,2,1
1950,Rochdale,Bradford Park Avenue,1,2,3a,3,3,-1,0
1950,Rochdale,Crewe Alexandra,1,1,3a,3,2,0,0
1950,Rochdale,Mansfield Town,0,0,3a,3,0,0,0
1950,Rochdale,Southport,1,1,3a,3,2,0,0
1950,Rochdale,Wrexham,2,0,3a,3,2,2,1
1950,Rotherham United,Carlisle United,3,0,3a,3,3,3,1
1950,Rotherham United,Darlington,0,1,3a,3,1,-1,0
1950,Rotherham United,Scunthorpe United,4,1,3a,3,5,3,1
1950,Scunthorpe United,Bradford City,0,0,3a,3,0,0,0
1950,Scunthorpe United,Chester,2,0,3a,3,2,2,1
1950,Scunthorpe United,Tranmere Rovers,1,1,3a,3,2,0,0
1950,Shrewsbury Town,Accrington Stanley,0,1,3a,3,1,-1,0
1950,Shrewsbury Town,Crewe Alexandra,0,1,3a,3,1,-1,0
1950,Shrewsbury Town,Halifax Town,2,0,3a,3,2,2,1
1950,Shrewsbury Town,Rochdale,0,2,3a,3,2,-2,0
1950,Shrewsbury Town,Wrexham,2,1,3a,3,3,1,1
1950,Southport,Barrow,4,1,3a,3,5,3,1
1950,Stockport County,Gateshead,5,2,3a,3,7,3,1
1950,Stockport County,Scunthorpe United,1,2,3a,3,3,-1,0
1950,Stockport County,Tranmere Rovers,0,0,3a,3,0,0,0
1950,Tranmere Rovers,Accrington Stanley,1,1,3a,3,2,0,0
1950,Tranmere Rovers,Bradford Park Avenue,2,2,3a,3,4,0,0
1950,Tranmere Rovers,Crewe Alexandra,3,0,3a,3,3,3,1
1950,Tranmere Rovers,Halifax Town,3,2,3a,3,5,1,1
1950,Wrexham,Barrow,1,0,3a,3,1,1,1
1950,Wrexham,Darlington,3,1,3a,3,4,2,1
1950,Wrexham,Hartlepool United,1,0,3a,3,1,1,1
1950,Wrexham,New Brighton,0,1,3a,3,1,-1,0
1950,Wrexham,Southport,3,3,3a,3,6,0,0
1950,Wrexham,York City,4,3,3a,3,7,1,1
1950,York City,Bradford City,1,2,3a,3,3,-1,0
1950,York City,Chester,2,2,3a,3,4,0,0
1950,York City,Lincoln City,2,2,3a,3,4,0,0
1950,York City,Oldham Athletic,2,2,3a,3,4,0,0
1950,York City,Scunthorpe United,0,0,3a,3,0,0,0
1950,York City,Stockport County,0,0,3a,3,0,0,0
1950,AFC Bournemouth,Exeter City,1,1,3b,3,2,0,0
1950,AFC Bournemouth,Southend United,3,1,3b,3,4,2,1
1950,AFC Bournemouth,Walsall,3,1,3b,3,4,2,1
1950,Aldershot,Brighton & Hove Albion,0,0,3b,3,0,0,0
1950,Aldershot,Colchester United,2,0,3b,3,2,2,1
1950,Aldershot,Gillingham,2,4,3b,3,6,-2,0
1950,Aldershot,Norwich City,1,1,3b,3,2,0,0
1950,Aldershot,Swindon Town,0,1,3b,3,1,-1,0
1950,Brighton & Hove Albion,Bristol City,1,1,3b,3,2,0,0
1950,Brighton & Hove Albion,Crystal Palace,1,0,3b,3,1,1,1
1950,Brighton & Hove Albion,Reading,1,1,3b,3,2,0,0
1950,Bristol City,Bristol Rovers,1,0,3b,3,1,1,1
1950,Bristol City,Southend United,0,3,3b,3,3,-3,0
1950,Bristol Rovers,Aldershot,3,0,3b,3,3,3,1
1950,Bristol Rovers,Gillingham,3,0,3b,3,3,3,1
1950,Bristol Rovers,Port Vale,2,0,3b,3,2,2,1
1950,Bristol Rovers,Swindon Town,1,0,3b,3,1,1,1
1950,Colchester United,Brighton & Hove Albion,4,1,3b,3,5,3,1
1950,Colchester United,Ipswich Town,2,3,3b,3,5,-1,0
1950,Colchester United,Newport County,1,1,3b,3,2,0,0
1950,Colchester United,Torquay United,3,1,3b,3,4,2,1
1950,Crystal Palace,Exeter City,0,1,3b,3,1,-1,0
1950,Exeter City,Bristol Rovers,0,2,3b,3,2,-2,0
1950,Exeter City,Millwall,0,1,3b,3,1,-1,0
1950,Exeter City,Norwich City,1,2,3b,3,3,-1,0
1950,Exeter City,Port Vale,0,3,3b,3,3,-3,0
1950,Exeter City,Swindon Town,1,0,3b,3,1,1,1
1950,Gillingham,Brighton & Hove Albion,1,1,3b,3,2,0,0
1950,Gillingham,Colchester United,0,0,3b,3,0,0,0
1950,Gillingham,Newport County,0,1,3b,3,1,-1,0
1950,Gillingham,Nottingham Forest,1,4,3b,3,5,-3,0
1950,Gillingham,Reading,0,3,3b,3,3,-3,0
1950,Ipswich Town,Bristol City,2,0,3b,3,2,2,1
1950,Ipswich Town,Crystal Palace,1,1,3b,3,2,0,0
1950,Ipswich Town,Leyton Orient,2,2,3b,3,4,0,0
1950,Ipswich Town,Walsall,3,1,3b,3,4,2,1
1950,Leyton Orient,Bristol Rovers,1,0,3b,3,1,1,1
1950,Leyton Orient,Exeter City,1,3,3b,3,4,-2,0
1950,Leyton Orient,Millwall,0,2,3b,3,2,-2,0
1950,Leyton Orient,Watford,1,2,3b,3,3,-1,0
1950,Millwall,Brighton & Hove Albion,1,1,3b,3,2,0,0
1950,Millwall,Gillingham,4,3,3b,3,7,1,1
1950,Millwall,Nottingham Forest,1,1,3b,3,2,0,0
1950,Millwall,Reading,1,3,3b,3,4,-2,0
1950,Millwall,Torquay United,4,1,3b,3,5,3,1
1950,Newport County,Ipswich Town,1,2,3b,3,3,-1,0
1950,Newport County,Northampton Town,2,2,3b,3,4,0,0
1950,Newport County,Walsall,3,0,3b,3,3,3,1
1950,Northampton Town,Exeter City,4,1,3b,3,5,3,1
1950,Northampton Town,Swindon Town,1,2,3b,3,3,-1,0
1950,Norwich City,Colchester United,1,1,3b,3,2,0,0
1950,Norwich City,Gillingham,2,0,3b,3,2,2,1
1950,Norwich City,Millwall,2,1,3b,3,3,1,1
1950,Norwich City,Reading,2,1,3b,3,3,1,1
1950,Nottingham Forest,AFC Bournemouth,1,0,3b,3,1,1,1
1950,Nottingham Forest,Bristol City,0,0,3b,3,0,0,0
1950,Nottingham Forest,Crystal Palace,1,0,3b,3,1,1,1
1950,Nottingham Forest,Newport County,2,1,3b,3,3,1,1
1950,Nottingham Forest,Southend United,3,0,3b,3,3,3,1
1950,Nottingham Forest,Walsall,4,0,3b,3,4,4,1
1950,Plymouth Argyle,Aldershot,5,1,3b,3,6,4,1
1950,Plymouth Argyle,Exeter City,0,1,3b,3,1,-1,0
1950,Plymouth Argyle,Northampton Town,4,1,3b,3,5,3,1
1950,Plymouth Argyle,Port Vale,1,0,3b,3,1,1,1
1950,Port Vale,Millwall,0,1,3b,3,1,-1,0
1950,Port Vale,Reading,0,0,3b,3,0,0,0
1950,Port Vale,Torquay United,1,0,3b,3,1,1,1
1950,Reading,Ipswich Town,2,0,3b,3,2,2,1
1950,Reading,Nottingham Forest,0,2,3b,3,2,-2,0
1950,Reading,Southend United,0,2,3b,3,2,-2,0
1950,Reading,Walsall,2,1,3b,3,3,1,1
1950,Southend United,Aldershot,4,2,3b,3,6,2,1
1950,Southend United,Bristol Rovers,1,1,3b,3,2,0,0
1950,Southend United,Leyton Orient,0,1,3b,3,1,-1,0
1950,Southend United,Watford,5,1,3b,3,6,4,1
1950,Swindon Town,Gillingham,2,0,3b,3,2,2,1
1950,Swindon Town,Millwall,0,1,3b,3,1,-1,0
1950,Swindon Town,Port Vale,2,1,3b,3,3,1,1
1950,Swindon Town,Torquay United,2,1,3b,3,3,1,1
1950,Torquay United,AFC Bournemouth,0,2,3b,3,2,-2,0
1950,Torquay United,Bristol City,4,1,3b,3,5,3,1
1950,Torquay United,Newport County,3,4,3b,3,7,-1,0
1950,Torquay United,Nottingham Forest,3,2,3b,3,5,1,1
1950,Torquay United,Walsall,3,2,3b,3,5,1,1
1950,Walsall,Aldershot,3,1,3b,3,4,2,1
1950,Walsall,Exeter City,0,2,3b,3,2,-2,0
1950,Walsall,Northampton Town,1,0,3b,3,1,1,1
1950,Watford,Brighton & Hove Albion,1,1,3b,3,2,0,0
1950,Watford,Gillingham,5,0,3b,3,5,5,1
1950,Watford,Millwall,0,0,3b,3,0,0,0
1950,Watford,Norwich City,0,2,3b,3,2,-2,0
1950,Watford,Port Vale,2,0,3b,3,2,2,1
1950,Watford,Swindon Town,1,2,3b,3,3,-1,0
1951,Arsenal,Burnley,1,0,1,1,1,1,1
1951,Arsenal,Liverpool,0,0,1,1,0,0,0
1951,Arsenal,Preston North End,3,3,1,1,6,0,0
1951,Arsenal,Tottenham Hotspur,1,1,1,1,2,0,0
1951,Aston Villa,Arsenal,1,0,1,1,1,1,1
1951,Aston Villa,Liverpool,2,0,1,1,2,2,1
1951,Aston Villa,Middlesbrough,2,0,1,1,2,2,1
1951,Blackpool,Burnley,1,0,1,1,1,1,1
1951,Bolton Wanderers,Derby County,1,2,1,1,3,-1,0
1951,Bolton Wanderers,Liverpool,1,1,1,1,2,0,0
1951,Bolton Wanderers,Preston North End,1,1,1,1,2,0,0
1951,Bolton Wanderers,Tottenham Hotspur,1,1,1,1,2,0,0
1951,Burnley,Arsenal,0,1,1,1,1,-1,0
1951,Burnley,Derby County,0,1,1,1,1,-1,0
1951,Burnley,Liverpool,0,0,1,1,0,0,0
1951,Burnley,Middlesbrough,7,1,1,1,8,6,1
1951,Burnley,Tottenham Hotspur,1,1,1,1,2,0,0
1951,Charlton Athletic,Bolton Wanderers,1,0,1,1,1,1,1
1951,Charlton Athletic,Middlesbrough,4,3,1,1,7,1,1
1951,Charlton Athletic,Tottenham Hotspur,0,3,1,1,3,-3,0
1951,Chelsea,Arsenal,1,3,1,1,4,-2,0
1951,Chelsea,Preston North End,0,0,1,1,0,0,0
1951,Chelsea,Tottenham Hotspur,0,2,1,1,2,-2,0
1951,Derby County,Arsenal,1,2,1,1,3,-1,0
1951,Derby County,Chelsea,1,1,1,1,2,0,0
1951,Derby County,Liverpool,1,1,1,1,2,0,0
1951,Derby County,Preston North End,4,3,1,1,7,1,1
1951,Derby County,Tottenham Hotspur,4,2,1,1,6,2,1
1951,Fulham,Arsenal,0,0,1,1,0,0,0
1951,Fulham,Bolton Wanderers,1,2,1,1,3,-1,0
1951,Fulham,Middlesbrough,6,0,1,1,6,6,1
1951,Fulham,Tottenham Hotspur,1,2,1,1,3,-1,0
1951,Huddersfield Town,Arsenal,2,3,1,1,5,-1,0
1951,Huddersfield Town,Bolton Wanderers,0,2,1,1,2,-2,0
1951,Huddersfield Town,Liverpool,1,2,1,1,3,-1,0
1951,Huddersfield Town,Middlesbrough,1,0,1,1,1,1,1
1951,Liverpool,Arsenal,0,0,1,1,0,0,0
1951,Liverpool,Preston North End,2,2,1,1,4,0,0
1951,Manchester City,Arsenal,0,2,1,1,2,-2,0
1951,Manchester City,Bolton Wanderers,0,3,1,1,3,-3,0
1951,Manchester City,Chelsea,3,1,1,1,4,2,1
1951,Manchester City,Middlesbrough,2,1,1,1,3,1,1
1951,Manchester City,Tottenham Hotspur,1,1,1,1,2,0,0
1951,Manchester United,Bolton Wanderers,1,0,1,1,1,1,1
1951,Manchester United,Huddersfield Town,1,1,1,1,2,0,0
1951,Middlesbrough,Arsenal,0,3,1,1,3,-3,0
1951,Middlesbrough,Bolton Wanderers,2,0,1,1,2,2,1
1951,Middlesbrough,Huddersfield Town,2,1,1,1,3,1,1
1951,Middlesbrough,Manchester United,1,4,1,1,5,-3,0
1951,Middlesbrough,Tottenham Hotspur,2,1,1,1,3,1,1
1951,Newcastle United,Manchester United,2,2,1,1,4,0,0
1951,Newcastle United,Preston North End,3,0,1,1,3,3,1
1951,Portsmouth,Arsenal,1,1,1,1,2,0,0
1951,Portsmouth,Bolton Wanderers,3,0,1,1,3,3,1
1951,Portsmouth,Preston North End,1,2,1,1,3,-1,0
1951,Portsmouth,Tottenham Hotspur,2,0,1,1,2,2,1
1951,Preston North End,Bolton Wanderers,2,2,1,1,4,0,0
1951,Preston North End,Portsmouth,2,2,1,1,4,0,0
1951,Stoke City,Arsenal,2,1,1,1,3,1,1
1951,Stoke City,Bolton Wanderers,1,2,1,1,3,-1,0
1951,Stoke City,Chelsea,1,2,1,1,3,-1,0
1951,Sunderland,Bolton Wanderers,0,2,1,1,2,-2,0
1951,Sunderland,Chelsea,4,1,1,1,5,3,1
1951,Sunderland,Huddersfield Town,7,1,1,1,8,6,1
1951,Sunderland,Manchester United,1,2,1,1,3,-1,0
1951,Sunderland,Portsmouth,3,1,1,1,4,2,1
1951,Sunderland,Tottenham Hotspur,0,1,1,1,1,-1,0
1951,Tottenham Hotspur,Bolton Wanderers,2,1,1,1,3,1,1
1951,Tottenham Hotspur,Huddersfield Town,1,0,1,1,1,1,1
1951,Tottenham Hotspur,Manchester United,2,0,1,1,2,2,1
1951,Tottenham Hotspur,Sunderland,2,0,1,1,2,2,1
1951,West Bromwich Albion,Bolton Wanderers,3,2,1,1,5,1,1
1951,West Bromwich Albion,Huddersfield Town,0,0,1,1,0,0,0
1951,Wolverhampton Wanderers,Arsenal,2,1,1,1,3,1,1
1951,Wolverhampton Wanderers,Huddersfield Town,0,0,1,1,0,0,0
1951,Wolverhampton Wanderers,Sunderland,0,3,1,1,3,-3,0
1951,Barnsley,Bury,3,3,2,2,6,0,0
1951,Barnsley,Leeds United,3,1,2,2,4,2,1
1951,Barnsley,Nottingham Forest,1,1,2,2,2,0,0
1951,Barnsley,Southampton,3,1,2,2,4,2,1
1951,Birmingham City,Barnsley,2,1,2,2,3,1,1
1951,Birmingham City,Bury,2,1,2,2,3,1,1
1951,Birmingham City,Doncaster Rovers,2,2,2,2,4,0,0
1951,Birmingham City,Nottingham Forest,0,2,2,2,2,-2,0
1951,Birmingham City,Rotherham United,4,0,2,2,4,4,1
1951,Blackburn Rovers,Leeds United,2,3,2,2,5,-1,0
1951,Blackburn Rovers,Rotherham United,1,1,2,2,2,0,0
1951,Brentford,Bury,4,0,2,2,4,4,1
1951,Brentford,Doncaster Rovers,1,0,2,2,1,1,1
1951,Brentford,Leeds United,2,1,2,2,3,1,1
1951,Brentford,Nottingham Forest,1,1,2,2,2,0,0
1951,Brentford,Rotherham United,2,0,2,2,2,2,1
1951,Brentford,Southampton,1,2,2,2,3,-1,0
1951,Bury,Barnsley,3,0,2,2,3,3,1
1951,Bury,Leeds United,1,2,2,2,3,-1,0
1951,Cardiff City,Doncaster Rovers,2,1,2,2,3,1,1
1951,Coventry City,Doncaster Rovers,1,2,2,2,3,-1,0
1951,Coventry City,Rotherham United,2,1,2,2,3,1,1
1951,Doncaster Rovers,Nottingham Forest,0,1,2,2,1,-1,0
1951,Doncaster Rovers,Rotherham United,0,3,2,2,3,-3,0
1951,Everton,Brentford,1,0,2,2,1,1,1
1951,Everton,Coventry City,4,1,2,2,5,3,1
1951,Everton,Nottingham Forest,1,0,2,2,1,1,1
1951,Hull City,Barnsley,0,0,2,2,0,0,0
1951,Hull City,Coventry City,5,0,2,2,5,5,1
1951,Hull City,Rotherham United,3,3,2,2,6,0,0
1951,Hull City,Southampton,0,0,2,2,0,0,0
1951,Leeds United,Barnsley,1,0,2,2,1,1,1
1951,Leeds United,Brentford,1,1,2,2,2,0,0
1951,Leeds United,Coventry City,3,1,2,2,4,2,1
1951,Leeds United,Southampton,1,1,2,2,2,0,0
1951,Leicester City,Barnsley,1,2,2,2,3,-1,0
1951,Leicester City,Coventry City,3,1,2,2,4,2,1
1951,Leicester City,Nottingham Forest,3,1,2,2,4,2,1
1951,Leicester City,Rotherham United,2,0,2,2,2,2,1
1951,Leicester City,Southampton,3,0,2,2,3,3,1
1951,Luton Town,Brentford,0,2,2,2,2,-2,0
1951,Luton Town,Coventry City,2,1,2,2,3,1,1
1951,Luton Town,Hull City,1,1,2,2,2,0,0
1951,Luton Town,Rotherham United,1,1,2,2,2,0,0
1951,Luton Town,Southampton,2,1,2,2,3,1,1
1951,Nottingham Forest,Barnsley,3,3,2,2,6,0,0
1951,Nottingham Forest,Coventry City,3,1,2,2,4,2,1
1951,Nottingham Forest,Luton Town,2,0,2,2,2,2,1
1951,Nottingham Forest,Southampton,3,0,2,2,3,3,1
1951,Notts County,Barnsley,4,0,2,2,4,4,1
1951,Notts County,Luton Town,5,4,2,2,9,1,1
1951,Notts County,Rotherham United,0,3,2,2,3,-3,0
1951,Queens Park Rangers,Barnsley,1,1,2,2,2,0,0
1951,Queens Park Rangers,Coventry City,1,4,2,2,5,-3,0
1951,Queens Park Rangers,Rotherham United,2,3,2,2,5,-1,0
1951,Rotherham United,Brentford,1,1,2,2,2,0,0
1951,Rotherham United,Hull City,1,1,2,2,2,0,0
1951,Rotherham United,Luton Town,0,1,2,2,1,-1,0
1951,Rotherham United,Queens Park Rangers,1,0,2,2,1,1,1
1951,Sheffield United,Barnsley,1,2,2,2,3,-1,0
1951,Sheffield United,Hull City,4,1,2,2,5,3,1
1951,Sheffield United,Queens Park Rangers,1,2,2,2,3,-1,0
1951,Sheffield Wednesday,Brentford,2,0,2,2,2,2,1
1951,Sheffield Wednesday,Coventry City,3,1,2,2,4,2,1
1951,Sheffield Wednesday,Hull City,6,0,2,2,6,6,1
1951,Sheffield Wednesday,Luton Town,4,0,2,2,4,4,1
1951,Southampton,Barnsley,1,1,2,2,2,0,0
1951,Southampton,Brentford,2,1,2,2,3,1,1
1951,Southampton,Luton Town,2,3,2,2,5,-1,0
1951,Southampton,Sheffield Wednesday,1,4,2,2,5,-3,0
1951,Swansea City,Brentford,1,1,2,2,2,0,0
1951,Swansea City,Coventry City,7,1,2,2,8,6,1
1951,Swansea City,Luton Town,0,3,2,2,3,-3,0
1951,West Ham United,Barnsley,2,1,2,2,3,1,1
1951,West Ham United,Brentford,1,0,2,2,1,1,1
1951,West Ham United,Coventry City,3,1,2,2,4,2,1
1951,West Ham United,Hull City,2,0,2,2,2,2,1
1951,West Ham United,Luton Town,3,0,2,2,3,3,1
1951,West Ham United,Queens Park Rangers,4,2,2,2,6,2,1
1951,West Ham United,Sheffield Wednesday,0,6,2,2,6,-6,0
1951,Accrington Stanley,Carlisle United,0,2,3a,3,2,-2,0
1951,Accrington Stanley,Crewe Alexandra,2,3,3a,3,5,-1,0
1951,Accrington Stanley,Grimsby Town,0,3,3a,3,3,-3,0
1951,Accrington Stanley,Rochdale,0,0,3a,3,0,0,0
1951,Barrow,Darlington,2,2,3a,3,4,0,0
1951,Barrow,Halifax Town,0,0,3a,3,0,0,0
1951,Barrow,Mansfield Town,1,1,3a,3,2,0,0
1951,Barrow,York City,0,0,3a,3,0,0,0
1951,Bradford City,Bradford Park Avenue,2,2,3a,3,4,0,0
1951,Bradford City,Chesterfield,1,0,3a,3,1,1,1
1951,Bradford City,Hartlepool United,0,2,3a,3,2,-2,0
1951,Bradford City,Southport,2,1,3a,3,3,1,1
1951,Bradford City,Workington,1,0,3a,3,1,1,1
1951,Bradford Park Avenue,Rochdale,1,1,3a,3,2,0,0
1951,Bradford Park Avenue,Stockport County,4,2,3a,3,6,2,1
1951,Carlisle United,Chester,0,0,3a,3,0,0,0
1951,Chester,Bradford City,1,0,3a,3,1,1,1
1951,Chester,Hartlepool United,3,3,3a,3,6,0,0
1951,Chester,Oldham Athletic,1,2,3a,3,3,-1,0
1951,Chester,Southport,2,1,3a,3,3,1,1
1951,Chesterfield,Accrington Stanley,2,0,3a,3,2,2,1
1951,Chesterfield,Bradford Park Avenue,0,0,3a,3,0,0,0
1951,Chesterfield,Crewe Alexandra,0,0,3a,3,0,0,0
1951,Chesterfield,Grimsby Town,3,1,3a,3,4,2,1
1951,Chesterfield,Rochdale,5,1,3a,3,6,4,1
1951,Crewe Alexandra,Darlington,3,0,3a,3,3,3,1
1951,Crewe Alexandra,Halifax Town,4,1,3a,3,5,3,1
1951,Crewe Alexandra,Mansfield Town,1,0,3a,3,1,1,1
1951,Crewe Alexandra,Tranmere Rovers,2,1,3a,3,3,1,1
1951,Crewe Alexandra,York City,0,0,3a,3,0,0,0
1951,Darlington,Gateshead,3,2,3a,3,5,1,1
1951,Darlington,Oldham Athletic,2,2,3a,3,4,0,0
1951,Gateshead,Accrington Stanley,1,0,3a,3,1,1,1
1951,Gateshead,Bradford Park Avenue,0,1,3a,3,1,-1,0
1951,Gateshead,Grimsby Town,1,1,3a,3,2,0,0
1951,Gateshead,Lincoln City,3,1,3a,3,4,2,1
1951,Gateshead,Rochdale,1,0,3a,3,1,1,1
1951,Grimsby Town,Barrow,1,0,3a,3,1,1,1
1951,Grimsby Town,Crewe Alexandra,0,1,3a,3,1,-1,0
1951,Grimsby Town,Halifax Town,8,1,3a,3,9,7,1
1951,Grimsby Town,Mansfield Town,1,1,3a,3,2,0,0
1951,Halifax Town,Chester,4,1,3a,3,5,3,1
1951,Halifax Town,Darlington,4,1,3a,3,5,3,1
1951,Halifax Town,Oldham Athletic,1,0,3a,3,1,1,1
1951,Halifax Town,Southport,0,1,3a,3,1,-1,0
1951,Halifax Town,Workington,3,1,3a,3,4,2,1
1951,Hartlepool United,Accrington Stanley,4,2,3a,3,6,2,1
1951,Hartlepool United,Chesterfield,4,1,3a,3,5,3,1
1951,Hartlepool United,Gateshead,1,0,3a,3,1,1,1
1951,Hartlepool United,Rochdale,1,1,3a,3,2,0,0
1951,Hartlepool United,Stockport County,0,1,3a,3,1,-1,0
1951,Hartlepool United,Wrexham,1,0,3a,3,1,1,1
1951,Lincoln City,Carlisle United,2,2,3a,3,4,0,0
1951,Lincoln City,Grimsby Town,0,2,3a,3,2,-2,0
1951,Lincoln City,Mansfield Town,1,2,3a,3,3,-1,0
1951,Lincoln City,Scunthorpe United,4,1,3a,3,5,3,1
1951,Lincoln City,Tranmere Rovers,3,0,3a,3,3,3,1
1951,Lincoln City,York City,3,1,3a,3,4,2,1
1951,Mansfield Town,Bradford City,2,1,3a,3,3,1,1
1951,Mansfield Town,Chester,3,1,3a,3,4,2,1
1951,Mansfield Town,Halifax Town,4,2,3a,3,6,2,1
1951,Mansfield Town,Southport,4,0,3a,3,4,4,1
1951,Mansfield Town,Workington,3,2,3a,3,5,1,1
1951,Oldham Athletic,Hartlepool United,5,2,3a,3,7,3,1
1951,Rochdale,Barrow,4,1,3a,3,5,3,1
1951,Rochdale,Grimsby Town,0,0,3a,3,0,0,0
1951,Rochdale,Lincoln City,0,1,3a,3,1,-1,0
1951,Scunthorpe United,Bradford City,1,0,3a,3,1,1,1
1951,Scunthorpe United,Darlington,5,2,3a,3,7,3,1
1951,Scunthorpe United,Halifax Town,2,1,3a,3,3,1,1
1951,Scunthorpe United,Mansfield Town,4,1,3a,3,5,3,1
1951,Scunthorpe United,Southport,1,1,3a,3,2,0,0
1951,Southport,Accrington Stanley,0,0,3a,3,0,0,0
1951,Southport,Bradford Park Avenue,0,0,3a,3,0,0,0
1951,Southport,Gateshead,0,2,3a,3,2,-2,0
1951,Southport,Hartlepool United,2,0,3a,3,2,2,1
1951,Southport,Oldham Athletic,0,0,3a,3,0,0,0
1951,Southport,Stockport County,0,1,3a,3,1,-1,0
1951,Stockport County,Barrow,2,2,3a,3,4,0,0
1951,Stockport County,Carlisle United,1,1,3a,3,2,0,0
1951,Stockport County,Crewe Alexandra,4,2,3a,3,6,2,1
1951,Stockport County,Lincoln City,1,1,3a,3,2,0,0
1951,Stockport County,Rochdale,1,0,3a,3,1,1,1
1951,Stockport County,Tranmere Rovers,2,0,3a,3,2,2,1
1951,Stockport County,York City,3,1,3a,3,4,2,1
1951,Tranmere Rovers,Bradford City,3,1,3a,3,4,2,1
1951,Tranmere Rovers,Darlington,3,0,3a,3,3,3,1
1951,Tranmere Rovers,Mansfield Town,1,1,3a,3,2,0,0
1951,Workington,Accrington Stanley,0,2,3a,3,2,-2,0
1951,Workington,Chesterfield,3,1,3a,3,4,2,1
1951,Wrexham,Barrow,2,4,3a,3,6,-2,0
1951,Wrexham,Crewe Alexandra,4,0,3a,3,4,4,1
1951,Wrexham,Grimsby Town,2,0,3a,3,2,2,1
1951,Wrexham,Rochdale,2,0,3a,3,2,2,1
1951,Wrexham,Stockport County,0,0,3a,3,0,0,0
1951,York City,Bradford City,3,1,3a,3,4,2,1
1951,York City,Chester,4,2,3a,3,6,2,1
1951,York City,Halifax Town,6,2,3a,3,8,4,1
1951,York City,Scunthorpe United,0,1,3a,3,1,-1,0
1951,AFC Bournemouth,Aldershot,0,2,3b,3,2,-2,0
1951,AFC Bournemouth,Bristol Rovers,1,0,3b,3,1,1,1
1951,AFC Bournemouth,Northampton Town,3,0,3b,3,3,3,1
1951,AFC Bournemouth,Port Vale,0,1,3b,3,1,-1,0
1951,Aldershot,Gillingham,2,1,3b,3,3,1,1
1951,Aldershot,Norwich City,2,0,3b,3,2,2,1
1951,Aldershot,Reading,0,2,3b,3,2,-2,0
1951,Aldershot,Swindon Town,4,0,3b,3,4,4,1
1951,Brighton & Hove Albion,Bristol City,1,1,3b,3,2,0,0
1951,Brighton & Hove Albion,Newport County,1,2,3b,3,3,-1,0
1951,Brighton & Hove Albion,Shrewsbury Town,1,0,3b,3,1,1,1
1951,Bristol City,AFC Bournemouth,1,0,3b,3,1,1,1
1951,Bristol City,Exeter City,1,1,3b,3,2,0,0
1951,Bristol City,Northampton Town,2,0,3b,3,2,2,1
1951,Bristol City,Southend United,6,0,3b,3,6,6,1
1951,Bristol Rovers,Aldershot,5,1,3b,3,6,4,1
1951,Bristol Rovers,Reading,1,2,3b,3,3,-1,0
1951,Bristol Rovers,Swindon Town,1,0,3b,3,1,1,1
1951,Bristol Rovers,Watford,0,1,3b,3,1,-1,0
1951,Colchester United,Brighton & Hove Albion,0,0,3b,3,0,0,0
1951,Colchester United,Ipswich Town,1,0,3b,3,1,1,1
1951,Colchester United,Newport County,2,1,3b,3,3,1,1
1951,Colchester United,Plymouth Argyle,1,0,3b,3,1,1,1
1951,Colchester United,Shrewsbury Town,2,2,3b,3,4,0,0
1951,Crystal Palace,AFC Bournemouth,2,2,3b,3,4,0,0
1951,Crystal Palace,Bristol City,2,1,3b,3,3,1,1
1951,Crystal Palace,Leyton Orient,2,1,3b,3,3,1,1
1951,Exeter City,Aldershot,0,4,3b,3,4,-4,0
1951,Exeter City,Reading,1,4,3b,3,5,-3,0
1951,Gillingham,Brighton & Hove Albion,2,3,3b,3,5,-1,0
1951,Gillingham,Ipswich Town,1,1,3b,3,2,0,0
1951,Gillingham,Shrewsbury Town,0,0,3b,3,0,0,0
1951,Ipswich Town,AFC Bournemouth,3,1,3b,3,4,2,1
1951,Ipswich Town,Bristol City,1,1,3b,3,2,0,0
1951,Ipswich Town,Crystal Palace,1,1,3b,3,2,0,0
1951,Ipswich Town,Northampton Town,3,2,3b,3,5,1,1
1951,Ipswich Town,Southend United,4,1,3b,3,5,3,1
1951,Leyton Orient,Bristol Rovers,3,3,3b,3,6,0,0
1951,Leyton Orient,Exeter City,3,0,3b,3,3,3,1
1951,Leyton Orient,Millwall,0,0,3b,3,0,0,0
1951,Leyton Orient,Norwich City,3,3,3b,3,6,0,0
1951,Leyton Orient,Reading,0,4,3b,3,4,-4,0
1951,Leyton Orient,Swindon Town,1,0,3b,3,1,1,1
1951,Millwall,Brighton & Hove Albion,0,3,3b,3,3,-3,0
1951,Millwall,Gillingham,3,1,3b,3,4,2,1
1951,Millwall,Newport County,2,0,3b,3,2,2,1
1951,Millwall,Shrewsbury Town,0,0,3b,3,0,0,0
1951,Newport County,AFC Bournemouth,2,0,3b,3,2,2,1
1951,Newport County,Bristol City,1,0,3b,3,1,1,1
1951,Newport County,Port Vale,1,1,3b,3,2,0,0
1951,Northampton Town,Exeter City,3,1,3b,3,4,2,1
1951,Northampton Town,Leyton Orient,4,0,3b,3,4,4,1
1951,Northampton Town,Norwich City,1,2,3b,3,3,-1,0
1951,Northampton Town,Reading,0,3,3b,3,3,-3,0
1951,Northampton Town,Swindon Town,1,0,3b,3,1,1,1
1951,Northampton Town,Watford,1,4,3b,3,5,-3,0
1951,Norwich City,Shrewsbury Town,3,2,3b,3,5,1,1
1951,Norwich City,Torquay United,7,0,3b,3,7,7,1
1951,Plymouth Argyle,Crystal Palace,5,0,3b,3,5,5,1
1951,Plymouth Argyle,Newport County,5,0,3b,3,5,5,1
1951,Plymouth Argyle,Walsall,3,0,3b,3,3,3,1
1951,Port Vale,Bristol Rovers,1,1,3b,3,2,0,0
1951,Port Vale,Northampton Town,0,0,3b,3,0,0,0
1951,Port Vale,Reading,0,2,3b,3,2,-2,0
1951,Reading,Colchester United,4,2,3b,3,6,2,1
1951,Reading,Millwall,2,0,3b,3,2,2,1
1951,Reading,Shrewsbury Town,6,2,3b,3,8,4,1
1951,Shrewsbury Town,AFC Bournemouth,2,0,3b,3,2,2,1
1951,Shrewsbury Town,Bristol City,2,0,3b,3,2,2,1
1951,Shrewsbury Town,Crystal Palace,2,1,3b,3,3,1,1
1951,Shrewsbury Town,Newport County,1,4,3b,3,5,-3,0
1951,Shrewsbury Town,Southend United,0,1,3b,3,1,-1,0
1951,Southend United,Aldershot,7,1,3b,3,8,6,1
1951,Southend United,Exeter City,0,0,3b,3,0,0,0
1951,Southend United,Port Vale,0,0,3b,3,0,0,0
1951,Southend United,Swindon Town,2,2,3b,3,4,0,0
1951,Southend United,Watford,5,1,3b,3,6,4,1
1951,Swindon Town,Colchester United,2,1,3b,3,3,1,1
1951,Swindon Town,Gillingham,2,1,3b,3,3,1,1
1951,Swindon Town,Reading,2,0,3b,3,2,2,1
1951,Torquay United,Bristol City,1,2,3b,3,3,-1,0
1951,Torquay United,Crystal Palace,1,5,3b,3,6,-4,0
1951,Torquay United,Ipswich Town,2,0,3b,3,2,2,1
1951,Torquay United,Plymouth Argyle,3,2,3b,3,5,1,1
1951,Torquay United,Shrewsbury Town,3,2,3b,3,5,1,1
1951,Torquay United,Walsall,1,1,3b,3,2,0,0
1951,Walsall,Exeter City,1,2,3b,3,3,-1,0
1951,Walsall,Northampton Town,3,0,3b,3,3,3,1
1951,Walsall,Port Vale,3,0,3b,3,3,3,1
1951,Watford,Brighton & Hove Albion,3,1,3b,3,4,2,1
1951,Watford,Colchester United,0,1,3b,3,1,-1,0
1951,Watford,Millwall,1,2,3b,3,3,-1,0
1952,Arsenal,Aston Villa,3,1,1,1,4,2,1
1952,Arsenal,Burnley,3,2,1,1,5,1,1
1952,Arsenal,Chelsea,2,0,1,1,2,2,1
1952,Arsenal,Newcastle United,3,0,1,1,3,3,1
1952,Aston Villa,Burnley,2,0,1,1,2,2,1
1952,Aston Villa,Chelsea,1,1,1,1,2,0,0
1952,Aston Villa,Manchester City,0,0,1,1,0,0,0
1952,Aston Villa,Newcastle United,0,1,1,1,1,-1,0
1952,Aston Villa,Tottenham Hotspur,0,3,1,1,3,-3,0
1952,Blackpool,Chelsea,3,1,1,1,4,2,1
1952,Blackpool,Newcastle United,0,2,1,1,2,-2,0
1952,Blackpool,Sheffield Wednesday,0,1,1,1,1,-1,0
1952,Blackpool,Tottenham Hotspur,2,0,1,1,2,2,1
1952,Bolton Wanderers,Chelsea,1,1,1,1,2,0,0
1952,Bolton Wanderers,Manchester City,1,0,1,1,1,1,1
1952,Bolton Wanderers,Newcastle United,4,2,1,1,6,2,1
1952,Bolton Wanderers,Sheffield Wednesday,1,1,1,1,2,0,0
1952,Bolton Wanderers,Tottenham Hotspur,2,3,1,1,5,-1,0
1952,Burnley,Arsenal,1,1,1,1,2,0,0
1952,Burnley,Chelsea,1,1,1,1,2,0,0
1952,Burnley,Manchester City,2,1,1,1,3,1,1
1952,Burnley,Newcastle United,2,1,1,1,3,1,1
1952,Cardiff City,Chelsea,3,3,1,1,6,0,0
1952,Cardiff City,Sheffield Wednesday,4,0,1,1,4,4,1
1952,Charlton Athletic,Chelsea,2,2,1,1,4,0,0
1952,Charlton Athletic,Tottenham Hotspur,3,2,1,1,5,1,1
1952,Chelsea,Bolton Wanderers,1,0,1,1,1,1,1
1952,Chelsea,Newcastle United,1,2,1,1,3,-1,0
1952,Chelsea,Sheffield Wednesday,1,0,1,1,1,1,1
1952,Chelsea,Tottenham Hotspur,2,1,1,1,3,1,1
1952,Derby County,Arsenal,2,0,1,1,2,2,1
1952,Derby County,Bolton Wanderers,4,3,1,1,7,1,1
1952,Derby County,Charlton Athletic,1,1,1,1,2,0,0
1952,Derby County,Manchester City,5,0,1,1,5,5,1
1952,Derby County,Newcastle United,0,2,1,1,2,-2,0
1952,Liverpool,Manchester City,0,1,1,1,1,-1,0
1952,Liverpool,Newcastle United,5,3,1,1,8,2,1
1952,Liverpool,Tottenham Hotspur,2,1,1,1,3,1,1
1952,Manchester City,Arsenal,2,4,1,1,6,-2,0
1952,Manchester City,Bolton Wanderers,1,2,1,1,3,-1,0
1952,Manchester City,Charlton Athletic,5,1,1,1,6,4,1
1952,Manchester City,Liverpool,0,2,1,1,2,-2,0
1952,Manchester City,Newcastle United,2,1,1,1,3,1,1
1952,Manchester United,Arsenal,0,0,1,1,0,0,0
1952,Manchester United,Charlton Athletic,3,2,1,1,5,1,1
1952,Manchester United,Liverpool,3,1,1,1,4,2,1
1952,Manchester United,Sheffield Wednesday,1,1,1,1,2,0,0
1952,Manchester United,Tottenham Hotspur,3,2,1,1,5,1,1
1952,Middlesbrough,Arsenal,2,0,1,1,2,2,1
1952,Middlesbrough,Bolton Wanderers,1,2,1,1,3,-1,0
1952,Middlesbrough,Newcastle United,2,1,1,1,3,1,1
1952,Middlesbrough,Sheffield Wednesday,2,2,1,1,4,0,0
1952,Newcastle United,Bolton Wanderers,2,3,1,1,5,-1,0
1952,Newcastle United,Liverpool,1,2,1,1,3,-1,0
1952,Newcastle United,Middlesbrough,1,0,1,1,1,1,1
1952,Newcastle United,Sheffield Wednesday,1,5,1,1,6,-4,0
1952,Newcastle United,Tottenham Hotspur,1,1,1,1,2,0,0
1952,Portsmouth,Liverpool,3,1,1,1,4,2,1
1952,Portsmouth,Sheffield Wednesday,5,2,1,1,7,3,1
1952,Portsmouth,Tottenham Hotspur,2,1,1,1,3,1,1
1952,Preston North End,Arsenal,2,0,1,1,2,2,1
1952,Preston North End,Sheffield Wednesday,1,0,1,1,1,1,1
1952,Preston North End,Tottenham Hotspur,1,0,1,1,1,1,1
1952,Sheffield Wednesday,Charlton Athletic,0,3,1,1,3,-3,0
1952,Sheffield Wednesday,Tottenham Hotspur,2,0,1,1,2,2,1
1952,Stoke City,Arsenal,1,1,1,1,2,0,0
1952,Stoke City,Liverpool,3,1,1,1,4,2,1
1952,Stoke City,Middlesbrough,1,0,1,1,1,1,1
1952,Stoke City,Preston North End,0,0,1,1,0,0,0
1952,Sunderland,Arsenal,3,1,1,1,4,2,1
1952,Sunderland,Liverpool,3,1,1,1,4,2,1
1952,Sunderland,Middlesbrough,1,1,1,1,2,0,0
1952,Sunderland,Preston North End,2,2,1,1,4,0,0
1952,Tottenham Hotspur,Charlton Athletic,2,0,1,1,2,2,1
1952,Tottenham Hotspur,Preston North End,4,4,1,1,8,0,0
1952,Tottenham Hotspur,Sunderland,2,2,1,1,4,0,0
1952,West Bromwich Albion,Arsenal,2,0,1,1,2,2,1
1952,West Bromwich Albion,Bolton Wanderers,0,1,1,1,1,-1,0
1952,West Bromwich Albion,Middlesbrough,3,0,1,1,3,3,1
1952,West Bromwich Albion,Preston North End,2,1,1,1,3,1,1
1952,Wolverhampton Wanderers,Arsenal,1,1,1,1,2,0,0
1952,Wolverhampton Wanderers,Bolton Wanderers,3,1,1,1,4,2,1
1952,Barnsley,Birmingham City,1,3,2,2,4,-2,0
1952,Barnsley,Bury,3,2,2,2,5,1,1
1952,Barnsley,Leeds United,2,2,2,2,4,0,0
1952,Barnsley,Southampton,0,1,2,2,1,-1,0
1952,Birmingham City,Barnsley,3,1,2,2,4,2,1
1952,Birmingham City,Bury,0,2,2,2,2,-2,0
1952,Birmingham City,Leeds United,2,2,2,2,4,0,0
1952,Birmingham City,Plymouth Argyle,4,0,2,2,4,4,1
1952,Blackburn Rovers,Barnsley,2,0,2,2,2,2,1
1952,Blackburn Rovers,Bury,4,0,2,2,4,4,1
1952,Blackburn Rovers,Leeds United,1,1,2,2,2,0,0
1952,Blackburn Rovers,Luton Town,1,1,2,2,2,0,0
1952,Blackburn Rovers,Southampton,3,0,2,2,3,3,1
1952,Brentford,Barnsley,4,0,2,2,4,4,1
1952,Brentford,Leeds United,3,3,2,2,6,0,0
1952,Brentford,Southampton,3,0,2,2,3,3,1
1952,Bury,Barnsley,5,2,2,2,7,3,1
1952,Bury,Leeds United,2,2,2,2,4,0,0
1952,Bury,Plymouth Argyle,3,2,2,2,5,1,1
1952,Bury,Southampton,0,0,2,2,0,0,0
1952,Doncaster Rovers,Leeds United,0,0,2,2,0,0,0
1952,Doncaster Rovers,Plymouth Argyle,1,1,2,2,2,0,0
1952,Doncaster Rovers,Southampton,1,0,2,2,1,1,1
1952,Everton,Barnsley,2,1,2,2,3,1,1
1952,Everton,Brentford,5,0,2,2,5,5,1
1952,Everton,Fulham,3,3,2,2,6,0,0
1952,Everton,Plymouth Argyle,2,0,2,2,2,2,1
1952,Fulham,Barnsley,3,1,2,2,4,2,1
1952,Fulham,Everton,3,0,2,2,3,3,1
1952,Fulham,Southampton,1,1,2,2,2,0,0
1952,Huddersfield Town,Luton Town,3,0,2,2,3,3,1
1952,Hull City,Brentford,2,2,2,2,4,0,0
1952,Hull City,Everton,1,0,2,2,1,1,1
1952,Hull City,Leeds United,1,0,2,2,1,1,1
1952,Leeds United,Hull City,3,1,2,2,4,2,1
1952,Leicester City,Barnsley,2,2,2,2,4,0,0
1952,Leicester City,Brentford,2,3,2,2,5,-1,0
1952,Leicester City,Everton,4,2,2,2,6,2,1
1952,Leicester City,Hull City,5,0,2,2,5,5,1
1952,Leicester City,Luton Town,1,1,2,2,2,0,0
1952,Leicester City,Plymouth Argyle,2,0,2,2,2,2,1
1952,Leicester City,Southampton,4,1,2,2,5,3,1
1952,Lincoln City,Barnsley,1,1,2,2,2,0,0
1952,Lincoln City,Plymouth Argyle,0,0,2,2,0,0,0
1952,Lincoln City,Southampton,2,2,2,2,4,0,0
1952,Luton Town,Everton,4,2,2,2,6,2,1
1952,Luton Town,Hull City,3,2,2,2,5,1,1
1952,Luton Town,Plymouth Argyle,1,0,2,2,1,1,1
1952,Luton Town,Southampton,1,2,2,2,3,-1,0
1952,Nottingham Forest,Barnsley,3,0,2,2,3,3,1
1952,Nottingham Forest,Everton,3,3,2,2,6,0,0
1952,Notts County,Barnsley,1,0,2,2,1,1,1
1952,Notts County,Brentford,4,0,2,2,4,4,1
1952,Notts County,Everton,2,2,2,2,4,0,0
1952,Notts County,Plymouth Argyle,0,4,2,2,4,-4,0
1952,Plymouth Argyle,Southampton,3,1,2,2,4,2,1
1952,Rotherham United,Barnsley,3,1,2,2,4,2,1
1952,Rotherham United,Brentford,4,1,2,2,5,3,1
1952,Rotherham United,Lincoln City,3,2,2,2,5,1,1
1952,Rotherham United,Southampton,2,2,2,2,4,0,0
1952,Sheffield United,Barnsley,3,0,2,2,3,3,1
1952,Sheffield United,Hull City,0,2,2,2,2,-2,0
1952,Sheffield United,Notts County,2,1,2,2,3,1,1
1952,Sheffield United,Southampton,5,3,2,2,8,2,1
1952,Southampton,Barnsley,1,2,2,2,3,-1,0
1952,Southampton,Brentford,0,2,2,2,2,-2,0
1952,Southampton,Everton,1,1,2,2,2,0,0
1952,Southampton,Notts County,1,1,2,2,2,0,0
1952,Swansea City,Barnsley,3,0,2,2,3,3,1
1952,Swansea City,Brentford,3,2,2,2,5,1,1
1952,Swansea City,Everton,2,2,2,2,4,0,0
1952,Swansea City,Hull City,3,0,2,2,3,3,1
1952,Swansea City,Lincoln City,1,1,2,2,2,0,0
1952,West Ham United,Hull City,0,0,2,2,0,0,0
1952,West Ham United,Lincoln City,5,1,2,2,6,4,1
1952,West Ham United,Sheffield United,1,1,2,2,2,0,0
1952,Accrington Stanley,Barrow,1,0,3a,3,1,1,1
1952,Accrington Stanley,Crewe Alexandra,1,1,3a,3,2,0,0
1952,Accrington Stanley,Grimsby Town,1,2,3a,3,3,-1,0
1952,Barrow,Scunthorpe United,2,1,3a,3,3,1,1
1952,Barrow,Tranmere Rovers,2,0,3a,3,2,2,1
1952,Barrow,York City,1,0,3a,3,1,1,1
1952,Bradford City,Chesterfield,2,1,3a,3,3,1,1
1952,Bradford City,Gateshead,3,1,3a,3,4,2,1
1952,Bradford City,Southport,2,2,3a,3,4,0,0
1952,Bradford Park Avenue,Accrington Stanley,4,0,3a,3,4,4,1
1952,Bradford Park Avenue,Carlisle United,2,2,3a,3,4,0,0
1952,Bradford Park Avenue,Crewe Alexandra,1,0,3a,3,1,1,1
1952,Bradford Park Avenue,Grimsby Town,0,3,3a,3,3,-3,0
1952,Bradford Park Avenue,Stockport County,1,1,3a,3,2,0,0
1952,Carlisle United,Barrow,0,0,3a,3,0,0,0
1952,Carlisle United,Chester,1,1,3a,3,2,0,0
1952,Carlisle United,Darlington,4,2,3a,3,6,2,1
1952,Carlisle United,Oldham Athletic,0,0,3a,3,0,0,0
1952,Carlisle United,Scunthorpe United,8,0,3a,3,8,8,1
1952,Chester,Bradford City,2,0,3a,3,2,2,1
1952,Chester,Chesterfield,2,0,3a,3,2,2,1
1952,Chester,Gateshead,2,0,3a,3,2,2,1
1952,Chester,Hartlepool United,0,1,3a,3,1,-1,0
1952,Chester,Port Vale,2,2,3a,3,4,0,0
1952,Chesterfield,Bradford Park Avenue,1,1,3a,3,2,0,0
1952,Chesterfield,Crewe Alexandra,1,0,3a,3,1,1,1
1952,Chesterfield,Mansfield Town,4,1,3a,3,5,3,1
1952,Chesterfield,Rochdale,1,0,3a,3,1,1,1
1952,Chesterfield,Stockport County,2,1,3a,3,3,1,1
1952,Chesterfield,Wrexham,2,1,3a,3,3,1,1
1952,Crewe Alexandra,Barrow,1,1,3a,3,2,0,0
1952,Crewe Alexandra,Carlisle United,2,2,3a,3,4,0,0
1952,Crewe Alexandra,Oldham Athletic,0,1,3a,3,1,-1,0
1952,Crewe Alexandra,Tranmere Rovers,1,0,3a,3,1,1,1
1952,Darlington,Bradford City,4,1,3a,3,5,3,1
1952,Darlington,Gateshead,1,0,3a,3,1,1,1
1952,Darlington,Port Vale,0,2,3a,3,2,-2,0
1952,Darlington,Workington,1,0,3a,3,1,1,1
1952,Gateshead,Bradford Park Avenue,3,2,3a,3,5,1,1
1952,Gateshead,Wrexham,1,0,3a,3,1,1,1
1952,Grimsby Town,Crewe Alexandra,1,0,3a,3,1,1,1
1952,Grimsby Town,Oldham Athletic,1,1,3a,3,2,0,0
1952,Grimsby Town,Scunthorpe United,1,0,3a,3,1,1,1
1952,Grimsby Town,Tranmere Rovers,3,1,3a,3,4,2,1
1952,Grimsby Town,York City,2,1,3a,3,3,1,1
1952,Halifax Town,Hartlepool United,3,2,3a,3,5,1,1
1952,Halifax Town,Southport,4,1,3a,3,5,3,1
1952,Halifax Town,Workington,5,2,3a,3,7,3,1
1952,Hartlepool United,Accrington Stanley,4,1,3a,3,5,3,1
1952,Hartlepool United,Gateshead,0,0,3a,3,0,0,0
1952,Hartlepool United,Mansfield Town,2,0,3a,3,2,2,1
1952,Hartlepool United,Rochdale,2,1,3a,3,3,1,1
1952,Hartlepool United,Stockport County,0,2,3a,3,2,-2,0
1952,Mansfield Town,Barrow,2,2,3a,3,4,0,0
1952,Mansfield Town,Carlisle United,2,1,3a,3,3,1,1
1952,Mansfield Town,Oldham Athletic,0,2,3a,3,2,-2,0
1952,Mansfield Town,Tranmere Rovers,1,0,3a,3,1,1,1
1952,Oldham Athletic,Chester,2,1,3a,3,3,1,1
1952,Oldham Athletic,Darlington,5,0,3a,3,5,5,1
1952,Oldham Athletic,Port Vale,0,1,3a,3,1,-1,0
1952,Oldham Athletic,Workington,4,1,3a,3,5,3,1
1952,Port Vale,Chesterfield,3,0,3a,3,3,3,1
1952,Port Vale,Hartlepool United,3,0,3a,3,3,3,1
1952,Port Vale,Wrexham,0,0,3a,3,0,0,0
1952,Rochdale,Carlisle United,1,2,3a,3,3,-1,0
1952,Rochdale,Crewe Alexandra,0,1,3a,3,1,-1,0
1952,Rochdale,Grimsby Town,0,2,3a,3,2,-2,0
1952,Rochdale,Mansfield Town,1,0,3a,3,1,1,1
1952,Scunthorpe United,Chester,1,1,3a,3,2,0,0
1952,Scunthorpe United,Halifax Town,1,1,3a,3,2,0,0
1952,Scunthorpe United,Workington,2,1,3a,3,3,1,1
1952,Southport,Bradford Park Avenue,2,2,3a,3,4,0,0
1952,Southport,Hartlepool United,0,0,3a,3,0,0,0
1952,Southport,Stockport County,3,0,3a,3,3,3,1
1952,Stockport County,Barrow,6,1,3a,3,7,5,1
1952,Stockport County,York City,1,1,3a,3,2,0,0
1952,Tranmere Rovers,Darlington,5,2,3a,3,7,3,1
1952,Tranmere Rovers,Workington,3,0,3a,3,3,3,1
1952,Workington,Chesterfield,2,3,3a,3,5,-1,0
1952,Workington,Gateshead,0,2,3a,3,2,-2,0
1952,Wrexham,Grimsby Town,3,1,3a,3,4,2,1
1952,Wrexham,Rochdale,3,0,3a,3,3,3,1
1952,Wrexham,Stockport County,5,2,3a,3,7,3,1
1952,Wrexham,York City,1,1,3a,3,2,0,0
1952,York City,Bradford City,0,0,3a,3,0,0,0
1952,York City,Halifax Town,2,2,3a,3,4,0,0
1952,York City,Oldham Athletic,1,2,3a,3,3,-1,0
1952,York City,Scunthorpe United,0,2,3a,3,2,-2,0
1952,AFC Bournemouth,Bristol Rovers,1,2,3b,3,3,-1,0
1952,AFC Bournemouth,Newport County,1,2,3b,3,3,-1,0
1952,AFC Bournemouth,Queens Park Rangers,1,0,3b,3,1,1,1
1952,Aldershot,Colchester United,0,0,3b,3,0,0,0
1952,Aldershot,Exeter City,1,1,3b,3,2,0,0
1952,Aldershot,Reading,2,2,3b,3,4,0,0
1952,Aldershot,Swindon Town,2,2,3b,3,4,0,0
1952,Brighton & Hove Albion,Gillingham,5,0,3b,3,5,5,1
1952,Brighton & Hove Albion,Shrewsbury Town,3,1,3b,3,4,2,1
1952,Bristol City,Crystal Palace,5,0,3b,3,5,5,1
1952,Bristol City,Ipswich Town,4,2,3b,3,6,2,1
1952,Bristol City,Southend United,5,0,3b,3,5,5,1
1952,Bristol City,Walsall,6,1,3b,3,7,5,1
1952,Bristol Rovers,Aldershot,4,1,3b,3,5,3,1
1952,Bristol Rovers,Exeter City,0,0,3b,3,0,0,0
1952,Bristol Rovers,Leyton Orient,2,1,3b,3,3,1,1
1952,Bristol Rovers,Reading,4,0,3b,3,4,4,1
1952,Colchester United,Brighton & Hove Albion,0,0,3b,3,0,0,0
1952,Colchester United,Coventry City,0,1,3b,3,1,-1,0
1952,Colchester United,Gillingham,1,1,3b,3,2,0,0
1952,Colchester United,Torquay United,4,1,3b,3,5,3,1
1952,Coventry City,AFC Bournemouth,2,3,3b,3,5,-1,0
1952,Coventry City,Crystal Palace,4,2,3b,3,6,2,1
1952,Coventry City,Ipswich Town,2,0,3b,3,2,2,1
1952,Coventry City,Queens Park Rangers,2,0,3b,3,2,2,1
1952,Coventry City,Southend United,2,1,3b,3,3,1,1
1952,Coventry City,Walsall,3,1,3b,3,4,2,1
1952,Crystal Palace,Aldershot,3,0,3b,3,3,3,1
1952,Crystal Palace,Bristol Rovers,1,0,3b,3,1,1,1
1952,Crystal Palace,Exeter City,2,0,3b,3,2,2,1
1952,Crystal Palace,Swindon Town,3,0,3b,3,3,3,1
1952,Crystal Palace,Watford,1,0,3b,3,1,1,1
1952,Exeter City,Brighton & Hove Albion,1,5,3b,3,6,-4,0
1952,Exeter City,Colchester United,2,0,3b,3,2,2,1
1952,Exeter City,Gillingham,0,0,3b,3,0,0,0
1952,Exeter City,Norwich City,1,0,3b,3,1,1,1
1952,Exeter City,Shrewsbury Town,2,2,3b,3,4,0,0
1952,Gillingham,AFC Bournemouth,1,2,3b,3,3,-1,0
1952,Gillingham,Coventry City,0,0,3b,3,0,0,0
1952,Gillingham,Ipswich Town,1,1,3b,3,2,0,0
1952,Gillingham,Southend United,1,1,3b,3,2,0,0
1952,Ipswich Town,Crystal Palace,2,0,3b,3,2,2,1
1952,Ipswich Town,Leyton Orient,0,1,3b,3,1,-1,0
1952,Ipswich Town,Northampton Town,1,1,3b,3,2,0,0
1952,Ipswich Town,Reading,1,2,3b,3,3,-1,0
1952,Leyton Orient,Brighton & Hove Albion,3,0,3b,3,3,3,1
1952,Leyton Orient,Exeter City,2,0,3b,3,2,2,1
1952,Leyton Orient,Norwich City,3,1,3b,3,4,2,1
1952,Millwall,Bristol City,1,1,3b,3,2,0,0
1952,Millwall,Coventry City,2,0,3b,3,2,2,1
1952,Millwall,Gillingham,3,1,3b,3,4,2,1
1952,Millwall,Walsall,3,0,3b,3,3,3,1
1952,Newport County,Crystal Palace,3,2,3b,3,5,1,1
1952,Newport County,Northampton Town,4,1,3b,3,5,3,1
1952,Newport County,Reading,1,0,3b,3,1,1,1
1952,Newport County,Watford,1,1,3b,3,2,0,0
1952,Northampton Town,Exeter City,3,1,3b,3,4,2,1
1952,Northampton Town,Norwich City,3,3,3b,3,6,0,0
1952,Northampton Town,Shrewsbury Town,3,1,3b,3,4,2,1
1952,Norwich City,Coventry City,1,1,3b,3,2,0,0
1952,Norwich City,Gillingham,3,2,3b,3,5,1,1
1952,Norwich City,Walsall,3,0,3b,3,3,3,1
1952,Queens Park Rangers,Aldershot,2,2,3b,3,4,0,0
1952,Queens Park Rangers,Crystal Palace,1,1,3b,3,2,0,0
1952,Reading,Colchester United,2,0,3b,3,2,2,1
1952,Reading,Exeter City,3,1,3b,3,4,2,1
1952,Reading,Torquay United,4,1,3b,3,5,3,1
1952,Shrewsbury Town,Bristol City,0,1,3b,3,1,-1,0
1952,Shrewsbury Town,Gillingham,3,1,3b,3,4,2,1
1952,Shrewsbury Town,Norwich City,1,8,3b,3,9,-7,0
1952,Shrewsbury Town,Southend United,7,1,3b,3,8,6,1
1952,Southend United,Aldershot,1,1,3b,3,2,0,0
1952,Southend United,Bristol Rovers,2,1,3b,3,3,1,1
1952,Southend United,Crystal Palace,2,2,3b,3,4,0,0
1952,Southend United,Ipswich Town,2,0,3b,3,2,2,1
1952,Southend United,Newport County,1,0,3b,3,1,1,1
1952,Southend United,Queens Park Rangers,2,0,3b,3,2,2,1
1952,Southend United,Swindon Town,3,0,3b,3,3,3,1
1952,Southend United,Watford,1,0,3b,3,1,1,1
1952,Swindon Town,Colchester United,0,1,3b,3,1,-1,0
1952,Swindon Town,Reading,2,0,3b,3,2,2,1
1952,Swindon Town,Torquay United,2,0,3b,3,2,2,1
1952,Torquay United,Millwall,1,0,3b,3,1,1,1
1952,Torquay United,Norwich City,4,1,3b,3,5,3,1
1952,Torquay United,Shrewsbury Town,4,0,3b,3,4,4,1
1952,Torquay United,Walsall,0,3,3b,3,3,-3,0
1952,Walsall,Aldershot,0,0,3b,3,0,0,0
1952,Walsall,Bristol Rovers,3,5,3b,3,8,-2,0
1952,Walsall,Southend United,1,1,3b,3,2,0,0
1952,Walsall,Watford,0,0,3b,3,0,0,0
1952,Watford,Brighton & Hove Albion,2,3,3b,3,5,-1,0
1952,Watford,Colchester United,2,0,3b,3,2,2,1
1952,Watford,Exeter City,3,1,3b,3,4,2,1
1952,Watford,Leyton Orient,1,0,3b,3,1,1,1
1952,Watford,Northampton Town,2,1,3b,3,3,1,1
1953,Arsenal,Aston Villa,1,1,1,1,2,0,0
1953,Arsenal,Chelsea,1,2,1,1,3,-1,0
1953,Arsenal,Manchester City,2,2,1,1,4,0,0
1953,Aston Villa,Chelsea,2,2,1,1,4,0,0
1953,Aston Villa,Manchester City,3,0,1,1,3,3,1
1953,Aston Villa,Newcastle United,1,2,1,1,3,-1,0
1953,Aston Villa,Sheffield United,4,0,1,1,4,4,1
1953,Blackpool,Arsenal,2,2,1,1,4,0,0
1953,Blackpool,Burnley,2,0,1,1,2,2,1
1953,Blackpool,Sheffield United,2,2,1,1,4,0,0
1953,Blackpool,Tottenham Hotspur,1,0,1,1,1,1,1
1953,Bolton Wanderers,Arsenal,3,1,1,1,4,2,1
1953,Bolton Wanderers,Manchester City,3,2,1,1,5,1,1
1953,Bolton Wanderers,Sheffield United,2,1,1,1,3,1,1
1953,Burnley,Arsenal,2,1,1,1,3,1,1
1953,Burnley,Chelsea,1,2,1,1,3,-1,0
1953,Burnley,Manchester City,3,1,1,1,4,2,1
1953,Burnley,Sheffield United,2,1,1,1,3,1,1
1953,Burnley,Tottenham Hotspur,4,2,1,1,6,2,1
1953,Cardiff City,Arsenal,0,3,1,1,3,-3,0
1953,Cardiff City,Bolton Wanderers,1,1,1,1,2,0,0
1953,Cardiff City,Chelsea,0,0,1,1,0,0,0
1953,Cardiff City,Manchester City,0,3,1,1,3,-3,0
1953,Cardiff City,Newcastle United,2,1,1,1,3,1,1
1953,Cardiff City,Sheffield United,2,0,1,1,2,2,1
1953,Charlton Athletic,Arsenal,1,5,1,1,6,-4,0
1953,Charlton Athletic,Bolton Wanderers,1,0,1,1,1,1,1
1953,Charlton Athletic,Chelsea,1,1,1,1,2,0,0
1953,Charlton Athletic,Newcastle United,0,0,1,1,0,0,0
1953,Charlton Athletic,Sheffield United,3,0,1,1,3,3,1
1953,Chelsea,Bolton Wanderers,2,0,1,1,2,2,1
1953,Chelsea,Manchester City,0,1,1,1,1,-1,0
1953,Chelsea,Sheffield United,1,2,1,1,3,-1,0
1953,Chelsea,Tottenham Hotspur,1,0,1,1,1,1,1
1953,Huddersfield Town,Arsenal,2,2,1,1,4,0,0
1953,Huddersfield Town,Bolton Wanderers,2,1,1,1,3,1,1
1953,Huddersfield Town,Sheffield United,2,2,1,1,4,0,0
1953,Huddersfield Town,Tottenham Hotspur,2,5,1,1,7,-3,0
1953,Liverpool,Bolton Wanderers,1,2,1,1,3,-1,0
1953,Liverpool,Manchester City,2,2,1,1,4,0,0
1953,Liverpool,Sheffield United,3,0,1,1,3,3,1
1953,Liverpool,Tottenham Hotspur,2,2,1,1,4,0,0
1953,Manchester City,Bolton Wanderers,3,0,1,1,3,3,1
1953,Manchester City,Liverpool,0,2,1,1,2,-2,0
1953,Manchester City,Newcastle United,0,0,1,1,0,0,0
1953,Manchester United,Bolton Wanderers,1,5,1,1,6,-4,0
1953,Manchester United,Liverpool,5,1,1,1,6,4,1
1953,Manchester United,Newcastle United,1,1,1,1,2,0,0
1953,Middlesbrough,Arsenal,2,0,1,1,2,2,1
1953,Middlesbrough,Charlton Athletic,0,2,1,1,2,-2,0
1953,Newcastle United,Arsenal,5,2,1,1,7,3,1
1953,Newcastle United,Bolton Wanderers,2,3,1,1,5,-1,0
1953,Newcastle United,Charlton Athletic,0,2,1,1,2,-2,0
1953,Newcastle United,Liverpool,4,0,1,1,4,4,1
1953,Newcastle United,Sheffield United,4,1,1,1,5,3,1
1953,Newcastle United,Tottenham Hotspur,1,3,1,1,4,-2,0
1953,Portsmouth,Arsenal,1,1,1,1,2,0,0
1953,Portsmouth,Bolton Wanderers,3,2,1,1,5,1,1
1953,Portsmouth,Liverpool,5,1,1,1,6,4,1
1953,Portsmouth,Middlesbrough,0,2,1,1,2,-2,0
1953,Portsmouth,Tottenham Hotspur,1,1,1,1,2,0,0
1953,Preston North End,Bolton Wanderers,3,1,1,1,4,2,1
1953,Preston North End,Charlton Athletic,2,0,1,1,2,2,1
1953,Preston North End,Liverpool,2,1,1,1,3,1,1
1953,Sheffield United,Bolton Wanderers,3,0,1,1,3,3,1
1953,Sheffield United,Charlton Athletic,1,1,1,1,2,0,0
1953,Sheffield United,Preston North End,1,1,1,1,2,0,0
1953,Sheffield United,Tottenham Hotspur,5,2,1,1,7,3,1
1953,Sheffield Wednesday,Bolton Wanderers,2,1,1,1,3,1,1
1953,Sheffield Wednesday,Charlton Athletic,1,2,1,1,3,-1,0
1953,Sheffield Wednesday,Middlesbrough,4,2,1,1,6,2,1
1953,Sunderland,Arsenal,7,1,1,1,8,6,1
1953,Sunderland,Tottenham Hotspur,4,3,1,1,7,1,1
1953,Tottenham Hotspur,Arsenal,1,4,1,1,5,-3,0
1953,Tottenham Hotspur,Bolton Wanderers,3,2,1,1,5,1,1
1953,Tottenham Hotspur,Charlton Athletic,3,1,1,1,4,2,1
1953,Tottenham Hotspur,Liverpool,2,1,1,1,3,1,1
1953,Tottenham Hotspur,Preston North End,2,6,1,1,8,-4,0
1953,West Bromwich Albion,Liverpool,5,2,1,1,7,3,1
1953,West Bromwich Albion,Preston North End,3,2,1,1,5,1,1
1953,West Bromwich Albion,Sunderland,2,0,1,1,2,2,1
1953,Wolverhampton Wanderers,Arsenal,0,2,1,1,2,-2,0
1953,Wolverhampton Wanderers,Liverpool,2,1,1,1,3,1,1
1953,Wolverhampton Wanderers,Sunderland,3,1,1,1,4,2,1
1953,Birmingham City,Blackburn Rovers,0,0,2,2,0,0,0
1953,Birmingham City,Bury,0,0,2,2,0,0,0
1953,Birmingham City,Oldham Athletic,2,1,2,2,3,1,1
1953,Birmingham City,Stoke City,1,0,2,2,1,1,1
1953,Blackburn Rovers,Bury,4,2,2,2,6,2,1
1953,Blackburn Rovers,Everton,0,0,2,2,0,0,0
1953,Blackburn Rovers,Leeds United,2,2,2,2,4,0,0
1953,Brentford,Everton,1,0,2,2,1,1,1
1953,Brentford,Leeds United,2,1,2,2,3,1,1
1953,Brentford,Oldham Athletic,3,1,2,2,4,2,1
1953,Brentford,Stoke City,0,0,2,2,0,0,0
1953,Bristol Rovers,Bury,2,0,2,2,2,2,1
1953,Bristol Rovers,Everton,0,0,2,2,0,0,0
1953,Bury,Birmingham City,1,1,2,2,2,0,0
1953,Bury,Bristol Rovers,3,1,2,2,4,2,1
1953,Bury,Leeds United,4,4,2,2,8,0,0
1953,Bury,Luton Town,0,1,2,2,1,-1,0
1953,Derby County,Birmingham City,2,4,2,2,6,-2,0
1953,Derby County,Leeds United,0,2,2,2,2,-2,0
1953,Derby County,Luton Town,1,2,2,2,3,-1,0
1953,Derby County,Stoke City,1,1,2,2,2,0,0
1953,Doncaster Rovers,Birmingham City,3,1,2,2,4,2,1
1953,Doncaster Rovers,Leeds United,0,0,2,2,0,0,0
1953,Doncaster Rovers,Luton Town,1,3,2,2,4,-2,0
1953,Doncaster Rovers,Stoke City,1,0,2,2,1,1,1
1953,Everton,Doncaster Rovers,4,1,2,2,5,3,1
1953,Everton,Leeds United,2,1,2,2,3,1,1
1953,Everton,Luton Town,2,1,2,2,3,1,1
1953,Everton,Oldham Athletic,3,1,2,2,4,2,1
1953,Fulham,Birmingham City,5,2,2,2,7,3,1
1953,Hull City,Birmingham City,3,0,2,2,3,3,1
1953,Hull City,Doncaster Rovers,3,1,2,2,4,2,1
1953,Hull City,Leeds United,1,1,2,2,2,0,0
1953,Hull City,Luton Town,1,2,2,2,3,-1,0
1953,Hull City,Oldham Athletic,8,0,2,2,8,8,1
1953,Leeds United,Doncaster Rovers,3,1,2,2,4,2,1
1953,Leeds United,Oldham Athletic,2,1,2,2,3,1,1
1953,Leeds United,Stoke City,1,1,2,2,2,0,0
1953,Leicester City,Birmingham City,3,4,2,2,7,-1,0
1953,Leicester City,Bristol Rovers,1,0,2,2,1,1,1
1953,Leicester City,Oldham Athletic,1,0,2,2,1,1,1
1953,Leicester City,Stoke City,4,0,2,2,4,4,1
1953,Lincoln City,Bristol Rovers,1,2,2,2,3,-1,0
1953,Lincoln City,Doncaster Rovers,0,2,2,2,2,-2,0
1953,Lincoln City,Luton Town,1,1,2,2,2,0,0
1953,Luton Town,Bristol Rovers,1,1,2,2,2,0,0
1953,Luton Town,Doncaster Rovers,2,0,2,2,2,2,1
1953,Luton Town,Lincoln City,1,0,2,2,1,1,1
1953,Luton Town,Oldham Athletic,4,4,2,2,8,0,0
1953,Nottingham Forest,Doncaster Rovers,2,2,2,2,4,0,0
1953,Nottingham Forest,Stoke City,5,4,2,2,9,1,1
1953,Notts County,Lincoln City,1,1,2,2,2,0,0
1953,Notts County,Oldham Athletic,2,0,2,2,2,2,1
1953,Oldham Athletic,Doncaster Rovers,2,2,2,2,4,0,0
1953,Oldham Athletic,Hull City,0,0,2,2,0,0,0
1953,Oldham Athletic,Stoke City,1,0,2,2,1,1,1
1953,Plymouth Argyle,Birmingham City,2,2,2,2,4,0,0
1953,Plymouth Argyle,Bristol Rovers,3,3,2,2,6,0,0
1953,Plymouth Argyle,Hull City,2,2,2,2,4,0,0
1953,Plymouth Argyle,Notts County,3,3,2,2,6,0,0
1953,Plymouth Argyle,Stoke City,1,1,2,2,2,0,0
1953,Rotherham United,Bristol Rovers,1,1,2,2,2,0,0
1953,Rotherham United,Doncaster Rovers,4,0,2,2,4,4,1
1953,Rotherham United,Notts County,0,1,2,2,1,-1,0
1953,Stoke City,Bristol Rovers,3,2,2,2,5,1,1
1953,Stoke City,Notts County,0,1,2,2,1,-1,0
1953,Swansea City,Hull City,1,0,2,2,1,1,1
1953,Swansea City,Lincoln City,4,2,2,2,6,2,1
1953,Swansea City,Rotherham United,0,2,2,2,2,-2,0
1953,West Ham United,Birmingham City,1,2,2,2,3,-1,0
1953,West Ham United,Bristol Rovers,1,1,2,2,2,0,0
1953,West Ham United,Doncaster Rovers,2,1,2,2,3,1,1
1953,West Ham United,Hull City,1,0,2,2,1,1,1
1953,West Ham United,Lincoln City,5,0,2,2,5,5,1
1953,West Ham United,Notts County,1,2,2,2,3,-1,0
1953,West Ham United,Rotherham United,3,0,2,2,3,3,1
1953,Accrington Stanley,Barnsley,3,0,3a,3,3,3,1
1953,Accrington Stanley,Bradford Park Avenue,0,0,3a,3,0,0,0
1953,Accrington Stanley,Chesterfield,2,2,3a,3,4,0,0
1953,Accrington Stanley,Rochdale,1,0,3a,3,1,1,1
1953,Barnsley,Barrow,3,2,3a,3,5,1,1
1953,Barnsley,Carlisle United,1,1,3a,3,2,0,0
1953,Barnsley,Crewe Alexandra,1,1,3a,3,2,0,0
1953,Barnsley,Scunthorpe United,0,1,3a,3,1,-1,0
1953,Barnsley,Tranmere Rovers,3,0,3a,3,3,3,1
1953,Barrow,Workington,0,1,3a,3,1,-1,0
1953,Bradford City,Accrington Stanley,1,0,3a,3,1,1,1
1953,Bradford City,Bradford Park Avenue,3,0,3a,3,3,3,1
1953,Bradford City,Chesterfield,2,0,3a,3,2,2,1
1953,Bradford City,Gateshead,2,2,3a,3,4,0,0
1953,Bradford City,Rochdale,4,0,3a,3,4,4,1
1953,Bradford City,Wrexham,1,2,3a,3,3,-1,0
1953,Bradford Park Avenue,Carlisle United,2,4,3a,3,6,-2,0
1953,Bradford Park Avenue,Grimsby Town,4,1,3a,3,5,3,1
1953,Bradford Park Avenue,Mansfield Town,1,0,3a,3,1,1,1
1953,Bradford Park Avenue,Tranmere Rovers,1,2,3a,3,3,-1,0
1953,Bradford Park Avenue,York City,2,0,3a,3,2,2,1
1953,Carlisle United,Darlington,1,1,3a,3,2,0,0
1953,Carlisle United,Port Vale,0,0,3a,3,0,0,0
1953,Chester,Bradford City,3,0,3a,3,3,3,1
1953,Chester,Hartlepool United,1,1,3a,3,2,0,0
1953,Chester,Stockport County,1,2,3a,3,3,-1,0
1953,Chester,Wrexham,2,1,3a,3,3,1,1
1953,Chesterfield,Barnsley,1,1,3a,3,2,0,0
1953,Chesterfield,Crewe Alexandra,0,2,3a,3,2,-2,0
1953,Chesterfield,Tranmere Rovers,2,1,3a,3,3,1,1
1953,Crewe Alexandra,Barrow,2,0,3a,3,2,2,1
1953,Crewe Alexandra,Carlisle United,0,0,3a,3,0,0,0
1953,Crewe Alexandra,Darlington,1,0,3a,3,1,1,1
1953,Crewe Alexandra,Halifax Town,3,1,3a,3,4,2,1
1953,Crewe Alexandra,Port Vale,0,0,3a,3,0,0,0
1953,Darlington,Bradford City,1,0,3a,3,1,1,1
1953,Darlington,Chester,1,0,3a,3,1,1,1
1953,Darlington,Gateshead,0,2,3a,3,2,-2,0
1953,Darlington,Rochdale,0,0,3a,3,0,0,0
1953,Gateshead,Barnsley,0,0,3a,3,0,0,0
1953,Gateshead,Bradford Park Avenue,0,1,3a,3,1,-1,0
1953,Gateshead,Chesterfield,3,3,3a,3,6,0,0
1953,Gateshead,Grimsby Town,7,1,3a,3,8,6,1
1953,Gateshead,Scunthorpe United,0,0,3a,3,0,0,0
1953,Grimsby Town,Carlisle United,3,2,3a,3,5,1,1
1953,Grimsby Town,Crewe Alexandra,3,1,3a,3,4,2,1
1953,Grimsby Town,Halifax Town,2,1,3a,3,3,1,1
1953,Grimsby Town,Workington,1,0,3a,3,1,1,1
1953,Halifax Town,Accrington Stanley,2,0,3a,3,2,2,1
1953,Halifax Town,Darlington,0,0,3a,3,0,0,0
1953,Halifax Town,Rochdale,1,1,3a,3,2,0,0
1953,Halifax Town,Stockport County,0,1,3a,3,1,-1,0
1953,Halifax Town,Wrexham,0,2,3a,3,2,-2,0
1953,Hartlepool United,Barnsley,0,1,3a,3,1,-1,0
1953,Hartlepool United,Bradford Park Avenue,0,2,3a,3,2,-2,0
1953,Hartlepool United,Chesterfield,0,1,3a,3,1,-1,0
1953,Hartlepool United,Scunthorpe United,3,2,3a,3,5,1,1
1953,Hartlepool United,York City,2,2,3a,3,4,0,0
1953,Mansfield Town,Barrow,2,3,3a,3,5,-1,0
1953,Mansfield Town,Carlisle United,2,1,3a,3,3,1,1
1953,Mansfield Town,Crewe Alexandra,6,0,3a,3,6,6,1
1953,Mansfield Town,Grimsby Town,5,1,3a,3,6,4,1
1953,Mansfield Town,Workington,0,2,3a,3,2,-2,0
1953,Port Vale,Accrington Stanley,1,0,3a,3,1,1,1
1953,Port Vale,Bradford City,3,0,3a,3,3,3,1
1953,Port Vale,Darlington,1,1,3a,3,2,0,0
1953,Port Vale,Rochdale,6,0,3a,3,6,6,1
1953,Port Vale,Wrexham,2,0,3a,3,2,2,1
1953,Rochdale,Scunthorpe United,1,1,3a,3,2,0,0
1953,Scunthorpe United,Barrow,3,2,3a,3,5,1,1
1953,Scunthorpe United,Carlisle United,2,1,3a,3,3,1,1
1953,Scunthorpe United,Grimsby Town,2,1,3a,3,3,1,1
1953,Scunthorpe United,Mansfield Town,2,2,3a,3,4,0,0
1953,Scunthorpe United,Workington,4,1,3a,3,5,3,1
1953,Southport,Accrington Stanley,5,3,3a,3,8,2,1
1953,Southport,Port Vale,0,0,3a,3,0,0,0
1953,Southport,Stockport County,1,2,3a,3,3,-1,0
1953,Stockport County,Barnsley,3,0,3a,3,3,3,1
1953,Stockport County,Chesterfield,6,1,3a,3,7,5,1
1953,Stockport County,Rochdale,1,2,3a,3,3,-1,0
1953,Stockport County,Tranmere Rovers,6,0,3a,3,6,6,1
1953,Tranmere Rovers,Barrow,1,0,3a,3,1,1,1
1953,Workington,Accrington Stanley,3,1,3a,3,4,2,1
1953,Workington,Chester,2,0,3a,3,2,2,1
1953,Workington,Darlington,1,1,3a,3,2,0,0
1953,Workington,Halifax Town,3,1,3a,3,4,2,1
1953,Workington,Port Vale,2,0,3a,3,2,2,1
1953,Wrexham,Barnsley,1,1,3a,3,2,0,0
1953,Wrexham,Gateshead,5,1,3a,3,6,4,1
1953,Wrexham,Hartlepool United,2,0,3a,3,2,2,1
1953,Wrexham,Rochdale,2,0,3a,3,2,2,1
1953,Wrexham,Stockport County,1,0,3a,3,1,1,1
1953,York City,Carlisle United,1,3,3a,3,4,-2,0
1953,York City,Grimsby Town,1,2,3a,3,3,-1,0
1953,York City,Tranmere Rovers,0,0,3a,3,0,0,0
1953,AFC Bournemouth,Colchester United,4,2,3b,3,6,2,1
1953,AFC Bournemouth,Reading,1,1,3b,3,2,0,0
1953,AFC Bournemouth,Southend United,0,1,3b,3,1,-1,0
1953,Aldershot,Brighton & Hove Albion,2,3,3b,3,5,-1,0
1953,Aldershot,Coventry City,4,2,3b,3,6,2,1
1953,Aldershot,Norwich City,0,0,3b,3,0,0,0
1953,Aldershot,Watford,3,1,3b,3,4,2,1
1953,Brighton & Hove Albion,Bristol City,2,1,3b,3,3,1,1
1953,Brighton & Hove Albion,Ipswich Town,1,2,3b,3,3,-1,0
1953,Brighton & Hove Albion,Queens Park Rangers,3,1,3b,3,4,2,1
1953,Brighton & Hove Albion,Southampton,2,1,3b,3,3,1,1
1953,Brighton & Hove Albion,Torquay United,1,2,3b,3,3,-1,0
1953,Bristol City,AFC Bournemouth,1,1,3b,3,2,0,0
1953,Bristol City,Colchester United,3,0,3b,3,3,3,1
1953,Bristol City,Northampton Town,2,1,3b,3,3,1,1
1953,Bristol City,Southend United,4,1,3b,3,5,3,1
1953,Bristol City,Walsall,4,1,3b,3,5,3,1
1953,Colchester United,Gillingham,0,1,3b,3,1,-1,0
1953,Colchester United,Millwall,3,0,3b,3,3,3,1
1953,Colchester United,Shrewsbury Town,3,1,3b,3,4,2,1
1953,Coventry City,Newport County,1,2,3b,3,3,-1,0
1953,Coventry City,Queens Park Rangers,3,1,3b,3,4,2,1
1953,Coventry City,Southampton,2,1,3b,3,3,1,1
1953,Crystal Palace,AFC Bournemouth,3,1,3b,3,4,2,1
1953,Crystal Palace,Exeter City,0,0,3b,3,0,0,0
1953,Crystal Palace,Reading,1,0,3b,3,1,1,1
1953,Crystal Palace,Southend United,4,2,3b,3,6,2,1
1953,Exeter City,Colchester United,1,2,3b,3,3,-1,0
1953,Exeter City,Millwall,4,1,3b,3,5,3,1
1953,Exeter City,Norwich City,0,2,3b,3,2,-2,0
1953,Exeter City,Shrewsbury Town,0,1,3b,3,1,-1,0
1953,Gillingham,Coventry City,2,0,3b,3,2,2,1
1953,Gillingham,Ipswich Town,1,1,3b,3,2,0,0
1953,Gillingham,Queens Park Rangers,1,0,3b,3,1,1,1
1953,Gillingham,Southampton,2,0,3b,3,2,2,1
1953,Gillingham,Torquay United,0,4,3b,3,4,-4,0
1953,Ipswich Town,Bristol City,2,1,3b,3,3,1,1
1953,Ipswich Town,Crystal Palace,2,0,3b,3,2,2,1
1953,Ipswich Town,Leyton Orient,3,1,3b,3,4,2,1
1953,Ipswich Town,Northampton Town,2,1,3b,3,3,1,1
1953,Ipswich Town,Reading,0,1,3b,3,1,-1,0
1953,Ipswich Town,Southend United,1,1,3b,3,2,0,0
1953,Ipswich Town,Walsall,3,0,3b,3,3,3,1
1953,Leyton Orient,Exeter City,3,1,3b,3,4,2,1
1953,Leyton Orient,Norwich City,3,1,3b,3,4,2,1
1953,Leyton Orient,Swindon Town,1,1,3b,3,2,0,0
1953,Millwall,Brighton & Hove Albion,0,2,3b,3,2,-2,0
1953,Millwall,Torquay United,2,2,3b,3,4,0,0
1953,Newport County,Bristol City,3,2,3b,3,5,1,1
1953,Newport County,Ipswich Town,1,2,3b,3,3,-1,0
1953,Newport County,Reading,4,1,3b,3,5,3,1
1953,Northampton Town,Aldershot,6,2,3b,3,8,4,1
1953,Northampton Town,Leyton Orient,2,2,3b,3,4,0,0
1953,Northampton Town,Norwich City,2,0,3b,3,2,2,1
1953,Northampton Town,Watford,4,1,3b,3,5,3,1
1953,Norwich City,Millwall,4,3,3b,3,7,1,1
1953,Norwich City,Southampton,1,0,3b,3,1,1,1
1953,Norwich City,Torquay United,0,1,3b,3,1,-1,0
1953,Queens Park Rangers,Newport County,5,1,3b,3,6,4,1
1953,Reading,Aldershot,6,1,3b,3,7,5,1
1953,Reading,Colchester United,2,0,3b,3,2,2,1
1953,Reading,Exeter City,4,1,3b,3,5,3,1
1953,Reading,Leyton Orient,1,1,3b,3,2,0,0
1953,Reading,Northampton Town,2,0,3b,3,2,2,1
1953,Reading,Shrewsbury Town,1,1,3b,3,2,0,0
1953,Reading,Watford,4,1,3b,3,5,3,1
1953,Shrewsbury Town,Coventry City,1,1,3b,3,2,0,0
1953,Shrewsbury Town,Norwich City,4,0,3b,3,4,4,1
1953,Shrewsbury Town,Southampton,3,2,3b,3,5,1,1
1953,Shrewsbury Town,Torquay United,2,1,3b,3,3,1,1
1953,Southampton,AFC Bournemouth,2,1,3b,3,3,1,1
1953,Southampton,Crystal Palace,3,1,3b,3,4,2,1
1953,Southampton,Ipswich Town,1,1,3b,3,2,0,0
1953,Southampton,Newport County,4,0,3b,3,4,4,1
1953,Southend United,Aldershot,2,1,3b,3,3,1,1
1953,Southend United,Northampton Town,2,0,3b,3,2,2,1
1953,Southend United,Watford,3,0,3b,3,3,3,1
1953,Swindon Town,Brighton & Hove Albion,0,1,3b,3,1,-1,0
1953,Swindon Town,Coventry City,1,1,3b,3,2,0,0
1953,Swindon Town,Gillingham,2,1,3b,3,3,1,1
1953,Swindon Town,Norwich City,0,0,3b,3,0,0,0
1953,Swindon Town,Shrewsbury Town,2,1,3b,3,3,1,1
1953,Swindon Town,Torquay United,6,1,3b,3,7,5,1
1953,Torquay United,Newport County,3,2,3b,3,5,1,1
1953,Torquay United,Queens Park Rangers,2,2,3b,3,4,0,0
1953,Torquay United,Southampton,1,1,3b,3,2,0,0
1953,Walsall,Exeter City,1,1,3b,3,2,0,0
1953,Walsall,Leyton Orient,4,2,3b,3,6,2,1
1953,Walsall,Reading,1,3,3b,3,4,-2,0
1953,Walsall,Southend United,2,0,3b,3,2,2,1
1953,Watford,Coventry City,1,0,3b,3,1,1,1
1953,Watford,Millwall,2,1,3b,3,3,1,1
1953,Watford,Norwich City,1,3,3b,3,4,-2,0
1953,Watford,Shrewsbury Town,3,1,3b,3,4,2,1
1954,Arsenal,Sheffield United,4,0,1,1,4,4,1
1954,Aston Villa,Arsenal,2,1,1,1,3,1,1
1954,Aston Villa,Burnley,3,1,1,1,4,2,1
1954,Aston Villa,Leicester City,2,5,1,1,7,-3,0
1954,Aston Villa,Tottenham Hotspur,2,4,1,1,6,-2,0
1954,Blackpool,Arsenal,2,2,1,1,4,0,0
1954,Blackpool,Chelsea,1,0,1,1,1,1,1
1954,Blackpool,Newcastle United,2,0,1,1,2,2,1
1954,Blackpool,Sheffield United,1,2,1,1,3,-1,0
1954,Bolton Wanderers,Burnley,0,1,1,1,1,-1,0
1954,Bolton Wanderers,Leicester City,4,1,1,1,5,3,1
1954,Burnley,Arsenal,3,0,1,1,3,3,1
1954,Burnley,Chelsea,1,1,1,1,2,0,0
1954,Burnley,Sheffield United,2,1,1,1,3,1,1
1954,Cardiff City,Bolton Wanderers,2,2,1,1,4,0,0
1954,Cardiff City,Leicester City,2,1,1,1,3,1,1
1954,Cardiff City,Newcastle United,4,2,1,1,6,2,1
1954,Cardiff City,Sheffield United,1,1,1,1,2,0,0
1954,Charlton Athletic,Bolton Wanderers,2,0,1,1,2,2,1
1954,Charlton Athletic,Chelsea,0,2,1,1,2,-2,0
1954,Charlton Athletic,Leicester City,2,3,1,1,5,-1,0
1954,Chelsea,Bolton Wanderers,3,2,1,1,5,1,1
1954,Chelsea,Sheffield United,1,1,1,1,2,0,0
1954,Chelsea,Tottenham Hotspur,2,1,1,1,3,1,1
1954,Everton,Charlton Athletic,2,2,1,1,4,0,0
1954,Everton,Leicester City,2,2,1,1,4,0,0
1954,Everton,Newcastle United,1,2,1,1,3,-1,0
1954,Everton,Sheffield United,2,3,1,1,5,-1,0
1954,Everton,Tottenham Hotspur,1,0,1,1,1,1,1
1954,Huddersfield Town,Leicester City,3,1,1,1,4,2,1
1954,Huddersfield Town,Newcastle United,2,0,1,1,2,2,1
1954,Leicester City,Arsenal,3,3,1,1,6,0,0
1954,Leicester City,Bolton Wanderers,4,0,1,1,4,4,1
1954,Leicester City,Tottenham Hotspur,2,0,1,1,2,2,1
1954,Manchester City,Bolton Wanderers,4,2,1,1,6,2,1
1954,Manchester City,Charlton Athletic,1,5,1,1,6,-4,0
1954,Manchester City,Huddersfield Town,2,4,1,1,6,-2,0
1954,Manchester City,Sheffield United,5,2,1,1,7,3,1
1954,Manchester City,Tottenham Hotspur,0,0,1,1,0,0,0
1954,Manchester United,Arsenal,2,1,1,1,3,1,1
1954,Manchester United,Bolton Wanderers,1,1,1,1,2,0,0
1954,Manchester United,Charlton Athletic,3,1,1,1,4,2,1
1954,Manchester United,Newcastle United,2,2,1,1,4,0,0
1954,Manchester United,Sheffield United,5,0,1,1,5,5,1
1954,Manchester United,Tottenham Hotspur,2,1,1,1,3,1,1
1954,Newcastle United,Arsenal,5,1,1,1,6,4,1
1954,Newcastle United,Bolton Wanderers,0,0,1,1,0,0,0
1954,Newcastle United,Manchester United,2,0,1,1,2,2,1
1954,Newcastle United,Sheffield United,1,2,1,1,3,-1,0
1954,Portsmouth,Bolton Wanderers,1,0,1,1,1,1,1
1954,Portsmouth,Charlton Athletic,2,0,1,1,2,2,1
1954,Portsmouth,Sheffield United,6,2,1,1,8,4,1
1954,Portsmouth,Tottenham Hotspur,0,3,1,1,3,-3,0
1954,Preston North End,Charlton Athletic,1,2,1,1,3,-1,0
1954,Preston North End,Huddersfield Town,2,3,1,1,5,-1,0
1954,Preston North End,Sheffield United,1,2,1,1,3,-1,0
1954,Preston North End,Tottenham Hotspur,1,0,1,1,1,1,1
1954,Sheffield United,Arsenal,1,1,1,1,2,0,0
1954,Sheffield United,Charlton Athletic,5,0,1,1,5,5,1
1954,Sheffield United,Huddersfield Town,2,2,1,1,4,0,0
1954,Sheffield United,Manchester United,3,0,1,1,3,3,1
1954,Sheffield Wednesday,Arsenal,1,2,1,1,3,-1,0
1954,Sheffield Wednesday,Charlton Athletic,2,2,1,1,4,0,0
1954,Sheffield Wednesday,Huddersfield Town,4,1,1,1,5,3,1
1954,Sheffield Wednesday,Manchester United,2,4,1,1,6,-2,0
1954,Sheffield Wednesday,Preston North End,2,0,1,1,2,2,1
1954,Sunderland,Arsenal,0,1,1,1,1,-1,0
1954,Sunderland,Bolton Wanderers,1,1,1,1,2,0,0
1954,Sunderland,Tottenham Hotspur,1,1,1,1,2,0,0
1954,Tottenham Hotspur,Bolton Wanderers,2,0,1,1,2,2,1
1954,Tottenham Hotspur,Charlton Athletic,1,4,1,1,5,-3,0
1954,Tottenham Hotspur,Preston North End,3,1,1,1,4,2,1
1954,Tottenham Hotspur,Sunderland,0,1,1,1,1,-1,0
1954,West Bromwich Albion,Bolton Wanderers,0,0,1,1,0,0,0
1954,West Bromwich Albion,Preston North End,2,0,1,1,2,2,1
1954,Wolverhampton Wanderers,Arsenal,3,1,1,1,4,2,1
1954,Wolverhampton Wanderers,Bolton Wanderers,1,2,1,1,3,-1,0
1954,Wolverhampton Wanderers,Manchester United,4,2,1,1,6,2,1
1954,Wolverhampton Wanderers,Sunderland,2,0,1,1,2,2,1
1954,Birmingham City,Blackburn Rovers,3,1,2,2,4,2,1
1954,Birmingham City,Hull City,0,0,2,2,0,0,0
1954,Birmingham City,Plymouth Argyle,3,1,2,2,4,2,1
1954,Birmingham City,Stoke City,2,0,2,2,2,2,1
1954,Blackburn Rovers,Birmingham City,3,3,2,2,6,0,0
1954,Blackburn Rovers,Derby County,5,2,2,2,7,3,1
1954,Blackburn Rovers,Hull City,4,0,2,2,4,4,1
1954,Blackburn Rovers,Lincoln City,1,0,2,2,1,1,1
1954,Bristol Rovers,Lincoln City,2,2,2,2,4,0,0
1954,Bristol Rovers,Plymouth Argyle,3,1,2,2,4,2,1
1954,Bury,Derby County,2,2,2,2,4,0,0
1954,Bury,Middlesbrough,0,1,2,2,1,-1,0
1954,Derby County,Bury,2,3,2,2,5,-1,0
1954,Derby County,Hull City,3,0,2,2,3,3,1
1954,Derby County,Middlesbrough,1,2,2,2,3,-1,0
1954,Derby County,Plymouth Argyle,2,2,2,2,4,0,0
1954,Derby County,Stoke City,1,2,2,2,3,-1,0
1954,Doncaster Rovers,Birmingham City,1,5,2,2,6,-4,0
1954,Doncaster Rovers,Plymouth Argyle,3,2,2,2,5,1,1
1954,Doncaster Rovers,Stoke City,1,1,2,2,2,0,0
1954,Fulham,Bury,0,0,2,2,0,0,0
1954,Fulham,Lincoln City,3,2,2,2,5,1,1
1954,Fulham,Middlesbrough,1,2,2,2,3,-1,0
1954,Fulham,Plymouth Argyle,2,3,2,2,5,-1,0
1954,Fulham,Stoke City,2,2,2,2,4,0,0
1954,Hull City,Stoke City,1,1,2,2,2,0,0
1954,Ipswich Town,Fulham,2,4,2,2,6,-2,0
1954,Leeds United,Birmingham City,1,0,2,2,1,1,1
1954,Leeds United,Bury,1,0,2,2,1,1,1
1954,Leeds United,Middlesbrough,1,1,2,2,2,0,0
1954,Lincoln City,Fulham,2,2,2,2,4,0,0
1954,Lincoln City,Plymouth Argyle,3,2,2,2,5,1,1
1954,Lincoln City,Stoke City,1,4,2,2,5,-3,0
1954,Liverpool,Bury,1,1,2,2,2,0,0
1954,Liverpool,Fulham,4,1,2,2,5,3,1
1954,Luton Town,Fulham,3,0,2,2,3,3,1
1954,Luton Town,Plymouth Argyle,3,1,2,2,4,2,1
1954,Middlesbrough,Birmingham City,2,5,2,2,7,-3,0
1954,Middlesbrough,Fulham,4,2,2,2,6,2,1
1954,Middlesbrough,Leeds United,1,0,2,2,1,1,1
1954,Middlesbrough,Luton Town,0,2,2,2,2,-2,0
1954,Nottingham Forest,Birmingham City,0,2,2,2,2,-2,0
1954,Nottingham Forest,Bury,2,3,2,2,5,-1,0
1954,Nottingham Forest,Luton Town,1,5,2,2,6,-4,0
1954,Nottingham Forest,Stoke City,0,3,2,2,3,-3,0
1954,Notts County,Birmingham City,3,2,2,2,5,1,1
1954,Notts County,Bury,2,1,2,2,3,1,1
1954,Notts County,Plymouth Argyle,2,0,2,2,2,2,1
1954,Notts County,Stoke City,1,0,2,2,1,1,1
1954,Plymouth Argyle,Bury,2,4,2,2,6,-2,0
1954,Plymouth Argyle,Fulham,3,2,2,2,5,1,1
1954,Plymouth Argyle,Leeds United,3,1,2,2,4,2,1
1954,Plymouth Argyle,Luton Town,2,1,2,2,3,1,1
1954,Plymouth Argyle,Notts County,1,3,2,2,4,-2,0
1954,Plymouth Argyle,Stoke City,2,0,2,2,2,2,1
1954,Port Vale,Birmingham City,2,0,2,2,2,2,1
1954,Port Vale,Fulham,4,0,2,2,4,4,1
1954,Port Vale,Leeds United,0,1,2,2,1,-1,0
1954,Port Vale,Luton Town,1,1,2,2,2,0,0
1954,Port Vale,Notts County,1,1,2,2,2,0,0
1954,Port Vale,Stoke City,0,1,2,2,1,-1,0
1954,Rotherham United,Birmingham City,0,2,2,2,2,-2,0
1954,Rotherham United,Bury,4,2,2,2,6,2,1
1954,Rotherham United,Luton Town,2,0,2,2,2,2,1
1954,Rotherham United,Notts County,2,0,2,2,2,2,1
1954,Rotherham United,Stoke City,2,1,2,2,3,1,1
1954,Stoke City,Birmingham City,2,1,2,2,3,1,1
1954,Stoke City,Bury,3,2,2,2,5,1,1
1954,Stoke City,Luton Town,0,0,2,2,0,0,0
1954,Stoke City,Notts County,3,0,2,2,3,3,1
1954,Stoke City,Rotherham United,1,2,2,2,3,-1,0
1954,Swansea City,Fulham,2,2,2,2,4,0,0
1954,Swansea City,Leeds United,2,0,2,2,2,2,1
1954,Swansea City,Luton Town,2,1,2,2,3,1,1
1954,Swansea City,Notts County,3,0,2,2,3,3,1
1954,Swansea City,Rotherham United,2,1,2,2,3,1,1
1954,West Ham United,Birmingham City,2,2,2,2,4,0,0
1954,West Ham United,Bury,3,3,2,2,6,0,0
1954,West Ham United,Luton Town,2,1,2,2,3,1,1
1954,West Ham United,Rotherham United,1,2,2,2,3,-1,0
1954,Accrington Stanley,Barnsley,2,3,3a,3,5,-1,0
1954,Accrington Stanley,Bradford Park Avenue,4,3,3a,3,7,1,1
1954,Accrington Stanley,Rochdale,5,4,3a,3,9,1,1
1954,Accrington Stanley,Wrexham,2,0,3a,3,2,2,1
1954,Barnsley,Crewe Alexandra,3,1,3a,3,4,2,1
1954,Barnsley,Mansfield Town,1,0,3a,3,1,1,1
1954,Barnsley,Tranmere Rovers,4,1,3a,3,5,3,1
1954,Barnsley,York City,1,0,3a,3,1,1,1
1954,Barrow,Workington,2,2,3a,3,4,0,0
1954,Bradford City,Gateshead,1,1,3a,3,2,0,0
1954,Bradford City,Stockport County,2,3,3a,3,5,-1,0
1954,Bradford City,Wrexham,2,2,3a,3,4,0,0
1954,Bradford Park Avenue,Barnsley,1,0,3a,3,1,1,1
1954,Bradford Park Avenue,Grimsby Town,2,1,3a,3,3,1,1
1954,Bradford Park Avenue,Mansfield Town,0,0,3a,3,0,0,0
1954,Bradford Park Avenue,Scunthorpe United,0,0,3a,3,0,0,0
1954,Bradford Park Avenue,York City,1,3,3a,3,4,-2,0
1954,Carlisle United,Chester,1,2,3a,3,3,-1,0
1954,Carlisle United,Oldham Athletic,5,2,3a,3,7,3,1
1954,Carlisle United,Southport,2,1,3a,3,3,1,1
1954,Chester,Bradford City,1,0,3a,3,1,1,1
1954,Chester,Gateshead,1,2,3a,3,3,-1,0
1954,Chester,Hartlepool United,1,0,3a,3,1,1,1
1954,Chester,Rochdale,1,2,3a,3,3,-1,0
1954,Chester,Stockport County,1,0,3a,3,1,1,1
1954,Chesterfield,Barnsley,3,1,3a,3,4,2,1
1954,Chesterfield,Crewe Alexandra,0,0,3a,3,0,0,0
1954,Chesterfield,Mansfield Town,4,1,3a,3,5,3,1
1954,Chesterfield,Tranmere Rovers,2,1,3a,3,3,1,1
1954,Chesterfield,York City,0,3,3a,3,3,-3,0
1954,Crewe Alexandra,Carlisle United,4,1,3a,3,5,3,1
1954,Crewe Alexandra,Halifax Town,0,0,3a,3,0,0,0
1954,Crewe Alexandra,Southport,2,3,3a,3,5,-1,0
1954,Crewe Alexandra,Workington,1,1,3a,3,2,0,0
1954,Darlington,Bradford City,4,0,3a,3,4,4,1
1954,Darlington,Hartlepool United,0,1,3a,3,1,-1,0
1954,Darlington,Stockport County,0,0,3a,3,0,0,0
1954,Gateshead,Barnsley,0,4,3a,3,4,-4,0
1954,Gateshead,Bradford Park Avenue,3,2,3a,3,5,1,1
1954,Gateshead,Chesterfield,1,3,3a,3,4,-2,0
1954,Gateshead,Mansfield Town,4,0,3a,3,4,4,1
1954,Gateshead,York City,1,1,3a,3,2,0,0
1954,Grimsby Town,Oldham Athletic,1,1,3a,3,2,0,0
1954,Halifax Town,Chester,3,1,3a,3,4,2,1
1954,Halifax Town,Hartlepool United,1,0,3a,3,1,1,1
1954,Halifax Town,Rochdale,1,2,3a,3,3,-1,0
1954,Halifax Town,Stockport County,1,2,3a,3,3,-1,0
1954,Hartlepool United,Barnsley,0,3,3a,3,3,-3,0
1954,Hartlepool United,Bradford Park Avenue,0,1,3a,3,1,-1,0
1954,Hartlepool United,Gateshead,0,0,3a,3,0,0,0
1954,Hartlepool United,Mansfield Town,1,2,3a,3,3,-1,0
1954,Hartlepool United,Tranmere Rovers,4,0,3a,3,4,4,1
1954,Mansfield Town,Carlisle United,1,1,3a,3,2,0,0
1954,Mansfield Town,Crewe Alexandra,4,2,3a,3,6,2,1
1954,Mansfield Town,Grimsby Town,3,0,3a,3,3,3,1
1954,Mansfield Town,Southport,3,0,3a,3,3,3,1
1954,Mansfield Town,Workington,2,0,3a,3,2,2,1
1954,Oldham Athletic,Bradford City,1,1,3a,3,2,0,0
1954,Oldham Athletic,Darlington,3,1,3a,3,4,2,1
1954,Oldham Athletic,Wrexham,2,1,3a,3,3,1,1
1954,Rochdale,Barnsley,3,0,3a,3,3,3,1
1954,Rochdale,Chesterfield,0,0,3a,3,0,0,0
1954,Rochdale,Gateshead,4,0,3a,3,4,4,1
1954,Rochdale,Tranmere Rovers,2,0,3a,3,2,2,1
1954,Rochdale,York City,1,1,3a,3,2,0,0
1954,Scunthorpe United,Barrow,3,0,3a,3,3,3,1
1954,Southport,Chester,1,1,3a,3,2,0,0
1954,Southport,Darlington,0,0,3a,3,0,0,0
1954,Southport,Halifax Town,4,0,3a,3,4,4,1
1954,Southport,Wrexham,1,2,3a,3,3,-1,0
1954,Stockport County,Barnsley,1,0,3a,3,1,1,1
1954,Stockport County,Gateshead,2,1,3a,3,3,1,1
1954,Stockport County,Hartlepool United,0,2,3a,3,2,-2,0
1954,Stockport County,Rochdale,1,4,3a,3,5,-3,0
1954,Tranmere Rovers,Crewe Alexandra,1,2,3a,3,3,-1,0
1954,Workington,Darlington,6,1,3a,3,7,5,1
1954,Workington,Halifax Town,1,0,3a,3,1,1,1
1954,Workington,Oldham Athletic,3,0,3a,3,3,3,1
1954,Workington,Southport,0,1,3a,3,1,-1,0
1954,Wrexham,Barnsley,3,0,3a,3,3,3,1
1954,Wrexham,Bradford Park Avenue,1,0,3a,3,1,1,1
1954,Wrexham,Rochdale,0,0,3a,3,0,0,0
1954,Wrexham,Stockport County,1,4,3a,3,5,-3,0
1954,York City,Barrow,1,4,3a,3,5,-3,0
1954,York City,Carlisle United,2,1,3a,3,3,1,1
1954,York City,Crewe Alexandra,3,1,3a,3,4,2,1
1954,York City,Grimsby Town,0,0,3a,3,0,0,0
1954,AFC Bournemouth,Aldershot,4,0,3b,3,4,4,1
1954,AFC Bournemouth,Bristol City,0,1,3b,3,1,-1,0
1954,AFC Bournemouth,Southend United,2,1,3b,3,3,1,1
1954,Aldershot,Exeter City,4,2,3b,3,6,2,1
1954,Aldershot,Swindon Town,0,0,3b,3,0,0,0
1954,Brentford,Brighton & Hove Albion,2,3,3b,3,5,-1,0
1954,Brentford,Gillingham,3,0,3b,3,3,3,1
1954,Brentford,Queens Park Rangers,1,1,3b,3,2,0,0
1954,Brentford,Torquay United,4,2,3b,3,6,2,1
1954,Brighton & Hove Albion,Bristol City,0,1,3b,3,1,-1,0
1954,Brighton & Hove Albion,Reading,3,2,3b,3,5,1,1
1954,Brighton & Hove Albion,Southend United,2,1,3b,3,3,1,1
1954,Brighton & Hove Albion,Walsall,3,0,3b,3,3,3,1
1954,Bristol City,Colchester United,4,0,3b,3,4,4,1
1954,Colchester United,Brentford,3,2,3b,3,5,1,1
1954,Coventry City,AFC Bournemouth,1,0,3b,3,1,1,1
1954,Coventry City,Crystal Palace,4,1,3b,3,5,3,1
1954,Coventry City,Leyton Orient,2,2,3b,3,4,0,0
1954,Coventry City,Northampton Town,0,0,3b,3,0,0,0
1954,Coventry City,Walsall,5,3,3b,3,8,2,1
1954,Crystal Palace,Norwich City,2,0,3b,3,2,2,1
1954,Crystal Palace,Swindon Town,0,0,3b,3,0,0,0
1954,Crystal Palace,Watford,1,1,3b,3,2,0,0
1954,Exeter City,Brentford,3,2,3b,3,5,1,1
1954,Exeter City,Colchester United,2,2,3b,3,4,0,0
1954,Exeter City,Gillingham,1,1,3b,3,2,0,0
1954,Exeter City,Queens Park Rangers,2,1,3b,3,3,1,1
1954,Exeter City,Southampton,0,1,3b,3,1,-1,0
1954,Gillingham,Coventry City,2,1,3b,3,3,1,1
1954,Gillingham,Northampton Town,2,2,3b,3,4,0,0
1954,Gillingham,Reading,5,1,3b,3,6,4,1
1954,Leyton Orient,Aldershot,1,5,3b,3,6,-4,0
1954,Leyton Orient,Norwich City,1,2,3b,3,3,-1,0
1954,Leyton Orient,Swindon Town,1,0,3b,3,1,1,1
1954,Millwall,Brentford,2,2,3b,3,4,0,0
1954,Millwall,Exeter City,2,2,3b,3,4,0,0
1954,Millwall,Queens Park Rangers,0,1,3b,3,1,-1,0
1954,Millwall,Southampton,2,0,3b,3,2,2,1
1954,Newport County,Gillingham,1,3,3b,3,4,-2,0
1954,Newport County,Northampton Town,0,1,3b,3,1,-1,0
1954,Newport County,Reading,3,1,3b,3,4,2,1
1954,Northampton Town,Aldershot,2,1,3b,3,3,1,1
1954,Northampton Town,Bristol City,2,0,3b,3,2,2,1
1954,Northampton Town,Swindon Town,1,0,3b,3,1,1,1
1954,Northampton Town,Watford,0,1,3b,3,1,-1,0
1954,Norwich City,Queens Park Rangers,1,1,3b,3,2,0,0
1954,Norwich City,Southampton,2,0,3b,3,2,2,1
1954,Norwich City,Torquay United,5,1,3b,3,6,4,1
1954,Queens Park Rangers,AFC Bournemouth,1,1,3b,3,2,0,0
1954,Queens Park Rangers,Brighton & Hove Albion,3,2,3b,3,5,1,1
1954,Queens Park Rangers,Coventry City,3,2,3b,3,5,1,1
1954,Queens Park Rangers,Newport County,2,0,3b,3,2,2,1
1954,Queens Park Rangers,Reading,2,3,3b,3,5,-1,0
1954,Queens Park Rangers,Southend United,1,1,3b,3,2,0,0
1954,Reading,Aldershot,2,2,3b,3,4,0,0
1954,Reading,Crystal Palace,5,0,3b,3,5,5,1
1954,Reading,Northampton Town,0,1,3b,3,1,-1,0
1954,Reading,Shrewsbury Town,1,2,3b,3,3,-1,0
1954,Reading,Swindon Town,2,1,3b,3,3,1,1
1954,Shrewsbury Town,Exeter City,1,1,3b,3,2,0,0
1954,Shrewsbury Town,Millwall,3,2,3b,3,5,1,1
1954,Shrewsbury Town,Norwich City,2,1,3b,3,3,1,1
1954,Southampton,AFC Bournemouth,0,0,3b,3,0,0,0
1954,Southampton,Brighton & Hove Albion,3,2,3b,3,5,1,1
1954,Southampton,Queens Park Rangers,2,2,3b,3,4,0,0
1954,Southampton,Walsall,2,1,3b,3,3,1,1
1954,Southend United,Bristol City,3,2,3b,3,5,1,1
1954,Southend United,Northampton Town,4,1,3b,3,5,3,1
1954,Southend United,Swindon Town,4,1,3b,3,5,3,1
1954,Southend United,Watford,1,3,3b,3,4,-2,0
1954,Swindon Town,Exeter City,2,0,3b,3,2,2,1
1954,Swindon Town,Torquay United,0,0,3b,3,0,0,0
1954,Torquay United,Coventry City,1,2,3b,3,3,-1,0
1954,Torquay United,Newport County,2,3,3b,3,5,-1,0
1954,Torquay United,Queens Park Rangers,3,2,3b,3,5,1,1
1954,Torquay United,Southampton,2,2,3b,3,4,0,0
1954,Walsall,Bristol City,1,3,3b,3,4,-2,0
1954,Walsall,Watford,0,1,3b,3,1,-1,0
1954,Watford,Exeter City,1,1,3b,3,2,0,0
1954,Watford,Shrewsbury Town,2,1,3b,3,3,1,1
1955,Arsenal,Aston Villa,1,0,1,1,1,1,1
1955,Arsenal,Charlton Athletic,2,4,1,1,6,-2,0
1955,Arsenal,Huddersfield Town,2,0,1,1,2,2,1
1955,Aston Villa,Arsenal,1,1,1,1,2,0,0
1955,Aston Villa,Charlton Athletic,1,1,1,1,2,0,0
1955,Aston Villa,Manchester United,4,4,1,1,8,0,0
1955,Birmingham City,Arsenal,4,0,1,1,4,4,1
1955,Birmingham City,Charlton Athletic,4,0,1,1,4,4,1
1955,Birmingham City,Manchester United,2,2,1,1,4,0,0
1955,Birmingham City,Preston North End,0,3,1,1,3,-3,0
1955,Blackpool,Arsenal,3,1,1,1,4,2,1
1955,Blackpool,Manchester United,0,0,1,1,0,0,0
1955,Blackpool,Tottenham Hotspur,0,2,1,1,2,-2,0
1955,Bolton Wanderers,Huddersfield Town,2,2,1,1,4,0,0
1955,Bolton Wanderers,Preston North End,0,0,1,1,0,0,0
1955,Burnley,Huddersfield Town,2,0,1,1,2,2,1
1955,Burnley,Manchester United,0,0,1,1,0,0,0
1955,Cardiff City,Preston North End,3,1,1,1,4,2,1
1955,Cardiff City,Tottenham Hotspur,0,0,1,1,0,0,0
1955,Charlton Athletic,Manchester United,3,0,1,1,3,3,1
1955,Charlton Athletic,Preston North End,2,1,1,1,3,1,1
1955,Charlton Athletic,Tottenham Hotspur,1,2,1,1,3,-1,0
1955,Chelsea,Blackpool,2,1,1,1,3,1,1
1955,Chelsea,Huddersfield Town,0,0,1,1,0,0,0
1955,Chelsea,Manchester United,2,4,1,1,6,-2,0
1955,Everton,Blackpool,1,0,1,1,1,1,1
1955,Everton,Cardiff City,2,0,1,1,2,2,1
1955,Everton,Huddersfield Town,5,2,1,1,7,3,1
1955,Huddersfield Town,Cardiff City,1,2,1,1,3,-1,0
1955,Huddersfield Town,Everton,1,0,1,1,1,1,1
1955,Huddersfield Town,Preston North End,2,2,1,1,4,0,0
1955,Huddersfield Town,Tottenham Hotspur,1,0,1,1,1,1,1
1955,Luton Town,Preston North End,2,1,1,1,3,1,1
1955,Manchester City,Manchester United,1,0,1,1,1,1,1
1955,Manchester City,Tottenham Hotspur,1,2,1,1,3,-1,0
1955,Manchester United,Arsenal,1,1,1,1,2,0,0
1955,Manchester United,Cardiff City,1,1,1,1,2,0,0
1955,Manchester United,Everton,2,1,1,1,3,1,1
1955,Manchester United,Manchester City,2,1,1,1,3,1,1
1955,Manchester United,Preston North End,3,2,1,1,5,1,1
1955,Newcastle United,Blackpool,1,2,1,1,3,-1,0
1955,Newcastle United,Cardiff City,4,0,1,1,4,4,1
1955,Newcastle United,Everton,1,2,1,1,3,-1,0
1955,Newcastle United,Preston North End,5,0,1,1,5,5,1
1955,Portsmouth,Arsenal,5,2,1,1,7,3,1
1955,Portsmouth,Blackpool,3,3,1,1,6,0,0
1955,Portsmouth,Cardiff City,1,1,1,1,2,0,0
1955,Portsmouth,Everton,1,0,1,1,1,1,1
1955,Preston North End,Arsenal,0,1,1,1,1,-1,0
1955,Preston North End,Blackpool,3,3,1,1,6,0,0
1955,Preston North End,Portsmouth,2,1,1,1,3,1,1
1955,Preston North End,Tottenham Hotspur,3,3,1,1,6,0,0
1955,Sheffield United,Arsenal,0,2,1,1,2,-2,0
1955,Sheffield United,Blackpool,2,1,1,1,3,1,1
1955,Sheffield United,Everton,1,1,1,1,2,0,0
1955,Sheffield United,Manchester City,1,1,1,1,2,0,0
1955,Sunderland,Arsenal,3,1,1,1,4,2,1
1955,Sunderland,Blackpool,0,0,1,1,0,0,0
1955,Sunderland,Tottenham Hotspur,3,2,1,1,5,1,1
1955,Tottenham Hotspur,Arsenal,3,1,1,1,4,2,1
1955,Tottenham Hotspur,Blackpool,1,1,1,1,2,0,0
1955,Tottenham Hotspur,Cardiff City,1,1,1,1,2,0,0
1955,Tottenham Hotspur,Manchester City,2,1,1,1,3,1,1
1955,Tottenham Hotspur,Portsmouth,1,1,1,1,2,0,0
1955,Tottenham Hotspur,Sunderland,2,3,1,1,5,-1,0
1955,West Bromwich Albion,Arsenal,2,1,1,1,3,1,1
1955,West Bromwich Albion,Blackpool,1,2,1,1,3,-1,0
1955,West Bromwich Albion,Everton,2,0,1,1,2,2,1
1955,West Bromwich Albion,Manchester City,0,4,1,1,4,-4,0
1955,West Bromwich Albion,Sunderland,3,0,1,1,3,3,1
1955,Wolverhampton Wanderers,Arsenal,3,3,1,1,6,0,0
1955,Wolverhampton Wanderers,Blackpool,2,3,1,1,5,-1,0
1955,Wolverhampton Wanderers,Cardiff City,0,2,1,1,2,-2,0
1955,Wolverhampton Wanderers,Everton,1,0,1,1,1,1,1
1955,Wolverhampton Wanderers,Manchester City,7,2,1,1,9,5,1
1955,Wolverhampton Wanderers,Sunderland,3,1,1,1,4,2,1
1955,Barnsley,Blackburn Rovers,2,1,2,2,3,1,1
1955,Barnsley,Bury,3,3,2,2,6,0,0
1955,Barnsley,Port Vale,1,2,2,2,3,-1,0
1955,Barnsley,Stoke City,1,0,2,2,1,1,1
1955,Blackburn Rovers,Barnsley,5,1,2,2,6,4,1
1955,Blackburn Rovers,Bury,3,1,2,2,4,2,1
1955,Blackburn Rovers,Lincoln City,0,2,2,2,2,-2,0
1955,Blackburn Rovers,Nottingham Forest,2,2,2,2,4,0,0
1955,Blackburn Rovers,Stoke City,3,0,2,2,3,3,1
1955,Bristol City,Bury,3,1,2,2,4,2,1
1955,Bristol City,Hull City,5,2,2,2,7,3,1
1955,Bristol City,Lincoln City,5,1,2,2,6,4,1
1955,Bristol Rovers,Barnsley,1,1,2,2,2,0,0
1955,Bristol Rovers,Bury,4,2,2,2,6,2,1
1955,Bristol Rovers,Nottingham Forest,4,1,2,2,5,3,1
1955,Bristol Rovers,Port Vale,1,2,2,2,3,-1,0
1955,Bury,Barnsley,3,0,2,2,3,3,1
1955,Bury,Hull City,3,2,2,2,5,1,1
1955,Bury,Nottingham Forest,1,2,2,2,3,-1,0
1955,Bury,Stoke City,1,0,2,2,1,1,1
1955,Doncaster Rovers,Bristol Rovers,2,1,2,2,3,1,1
1955,Doncaster Rovers,Port Vale,3,0,2,2,3,3,1
1955,Doncaster Rovers,Stoke City,2,4,2,2,6,-2,0
1955,Fulham,Bristol Rovers,3,5,2,2,8,-2,0
1955,Fulham,Hull City,5,0,2,2,5,5,1
1955,Fulham,Nottingham Forest,4,3,2,2,7,1,1
1955,Fulham,Stoke City,2,0,2,2,2,2,1
1955,Hull City,Nottingham Forest,0,3,2,2,3,-3,0
1955,Leeds United,Barnsley,3,1,2,2,4,2,1
1955,Leeds United,Fulham,6,1,2,2,7,5,1
1955,Leeds United,Lincoln City,1,0,2,2,1,1,1
1955,Leeds United,Nottingham Forest,3,0,2,2,3,3,1
1955,Leeds United,Port Vale,1,1,2,2,2,0,0
1955,Leicester City,Barnsley,0,0,2,2,0,0,0
1955,Leicester City,Bristol Rovers,4,2,2,2,6,2,1
1955,Leicester City,Fulham,2,1,2,2,3,1,1
1955,Leicester City,Stoke City,3,1,2,2,4,2,1
1955,Lincoln City,Leicester City,7,1,2,2,8,6,1
1955,Liverpool,Barnsley,1,1,2,2,2,0,0
1955,Liverpool,Bristol Rovers,0,2,2,2,2,-2,0
1955,Liverpool,Leicester City,3,1,2,2,4,2,1
1955,Liverpool,Port Vale,4,1,2,2,5,3,1
1955,Middlesbrough,Barnsley,1,1,2,2,2,0,0
1955,Middlesbrough,Bristol Rovers,0,1,2,2,1,-1,0
1955,Middlesbrough,Fulham,1,1,2,2,2,0,0
1955,Middlesbrough,Leicester City,4,3,2,2,7,1,1
1955,Middlesbrough,Stoke City,1,3,2,2,4,-2,0
1955,Nottingham Forest,Fulham,1,0,2,2,1,1,1
1955,Nottingham Forest,Leicester City,2,0,2,2,2,2,1
1955,Nottingham Forest,Port Vale,2,2,2,2,4,0,0
1955,Nottingham Forest,Stoke City,2,3,2,2,5,-1,0
1955,Notts County,Bristol Rovers,5,2,2,2,7,3,1
1955,Notts County,Middlesbrough,5,0,2,2,5,5,1
1955,Notts County,Port Vale,0,0,2,2,0,0,0
1955,Plymouth Argyle,Middlesbrough,4,0,2,2,4,4,1
1955,Plymouth Argyle,Stoke City,0,1,2,2,1,-1,0
1955,Port Vale,Barnsley,1,2,2,2,3,-1,0
1955,Port Vale,Bristol Rovers,1,1,2,2,2,0,0
1955,Port Vale,Fulham,2,1,2,2,3,1,1
1955,Port Vale,Leicester City,2,3,2,2,5,-1,0
1955,Port Vale,Stoke City,1,0,2,2,1,1,1
1955,Rotherham United,Bristol Rovers,1,0,2,2,1,1,1
1955,Rotherham United,Fulham,2,3,2,2,5,-1,0
1955,Rotherham United,Leicester City,3,1,2,2,4,2,1
1955,Rotherham United,Middlesbrough,2,1,2,2,3,1,1
1955,Rotherham United,Plymouth Argyle,0,0,2,2,0,0,0
1955,Rotherham United,Stoke City,0,1,2,2,1,-1,0
1955,Sheffield Wednesday,Fulham,2,3,2,2,5,-1,0
1955,Sheffield Wednesday,Plymouth Argyle,5,2,2,2,7,3,1
1955,Stoke City,Barnsley,2,1,2,2,3,1,1
1955,Stoke City,Bristol Rovers,1,2,2,2,3,-1,0
1955,Stoke City,Fulham,1,2,2,2,3,-1,0
1955,Stoke City,Sheffield Wednesday,2,0,2,2,2,2,1
1955,Swansea City,Leicester City,6,1,2,2,7,5,1
1955,Swansea City,Middlesbrough,2,1,2,2,3,1,1
1955,Swansea City,Sheffield Wednesday,2,1,2,2,3,1,1
1955,West Ham United,Bristol Rovers,2,1,2,2,3,1,1
1955,West Ham United,Fulham,2,1,2,2,3,1,1
1955,West Ham United,Plymouth Argyle,4,0,2,2,4,4,1
1955,West Ham United,Sheffield Wednesday,3,3,2,2,6,0,0
1955,Accrington Stanley,Crewe Alexandra,5,1,3a,3,6,4,1
1955,Accrington Stanley,Hartlepool United,1,0,3a,3,1,1,1
1955,Accrington Stanley,Wrexham,3,1,3a,3,4,2,1
1955,Barrow,Chester,1,2,3a,3,3,-1,0
1955,Barrow,Mansfield Town,4,1,3a,3,5,3,1
1955,Bradford City,Bradford Park Avenue,5,0,3a,3,5,5,1
1955,Bradford City,Chesterfield,3,5,3a,3,8,-2,0
1955,Bradford City,Derby County,2,1,3a,3,3,1,1
1955,Bradford City,Halifax Town,2,0,3a,3,2,2,1
1955,Bradford City,Workington,2,0,3a,3,2,2,1
1955,Bradford Park Avenue,Carlisle United,2,1,3a,3,3,1,1
1955,Bradford Park Avenue,Crewe Alexandra,2,0,3a,3,2,2,1
1955,Bradford Park Avenue,Gateshead,3,1,3a,3,4,2,1
1955,Bradford Park Avenue,Wrexham,4,2,3a,3,6,2,1
1955,Carlisle United,Barrow,2,0,3a,3,2,2,1
1955,Carlisle United,Chester,4,1,3a,3,5,3,1
1955,Carlisle United,Grimsby Town,1,2,3a,3,3,-1,0
1955,Carlisle United,Mansfield Town,5,2,3a,3,7,3,1
1955,Carlisle United,York City,3,1,3a,3,4,2,1
1955,Chester,Derby County,2,5,3a,3,7,-3,0
1955,Chester,Halifax Town,1,0,3a,3,1,1,1
1955,Chester,Southport,1,3,3a,3,4,-2,0
1955,Chester,Workington,1,0,3a,3,1,1,1
1955,Chesterfield,Crewe Alexandra,8,0,3a,3,8,8,1
1955,Chesterfield,Gateshead,3,0,3a,3,3,3,1
1955,Chesterfield,Hartlepool United,2,3,3a,3,5,-1,0
1955,Chesterfield,Rochdale,7,2,3a,3,9,5,1
1955,Crewe Alexandra,Barrow,0,1,3a,3,1,-1,0
1955,Crewe Alexandra,Darlington,1,1,3a,3,2,0,0
1955,Crewe Alexandra,Mansfield Town,2,1,3a,3,3,1,1
1955,Crewe Alexandra,York City,1,2,3a,3,3,-1,0
1955,Darlington,Halifax Town,1,2,3a,3,3,-1,0
1955,Darlington,Oldham Athletic,2,1,3a,3,3,1,1
1955,Darlington,Southport,0,1,3a,3,1,-1,0
1955,Darlington,Workington,2,2,3a,3,4,0,0
1955,Derby County,Accrington Stanley,6,2,3a,3,8,4,1
1955,Derby County,Bradford Park Avenue,4,0,3a,3,4,4,1
1955,Derby County,Gateshead,4,1,3a,3,5,3,1
1955,Derby County,Rochdale,2,0,3a,3,2,2,1
1955,Derby County,Wrexham,2,0,3a,3,2,2,1
1955,Gateshead,Barrow,3,2,3a,3,5,1,1
1955,Gateshead,Carlisle United,2,3,3a,3,5,-1,0
1955,Gateshead,Grimsby Town,2,0,3a,3,2,2,1
1955,Gateshead,Mansfield Town,3,0,3a,3,3,3,1
1955,Grimsby Town,Bradford City,2,0,3a,3,2,2,1
1955,Halifax Town,Bradford Park Avenue,6,0,3a,3,6,6,1
1955,Halifax Town,Chesterfield,3,0,3a,3,3,3,1
1955,Halifax Town,Hartlepool United,0,2,3a,3,2,-2,0
1955,Hartlepool United,Barrow,1,0,3a,3,1,1,1
1955,Hartlepool United,Carlisle United,3,0,3a,3,3,3,1
1955,Hartlepool United,Gateshead,3,1,3a,3,4,2,1
1955,Hartlepool United,Scunthorpe United,0,2,3a,3,2,-2,0
1955,Hartlepool United,York City,0,1,3a,3,1,-1,0
1955,Mansfield Town,Darlington,3,3,3a,3,6,0,0
1955,Mansfield Town,Oldham Athletic,2,0,3a,3,2,2,1
1955,Mansfield Town,Southport,0,1,3a,3,1,-1,0
1955,Mansfield Town,Workington,0,0,3a,3,0,0,0
1955,Oldham Athletic,Accrington Stanley,1,3,3a,3,4,-2,0
1955,Oldham Athletic,Halifax Town,1,3,3a,3,4,-2,0
1955,Oldham Athletic,Rochdale,2,2,3a,3,4,0,0
1955,Oldham Athletic,Stockport County,3,2,3a,3,5,1,1
1955,Rochdale,Barrow,5,1,3a,3,6,4,1
1955,Rochdale,Carlisle United,5,2,3a,3,7,3,1
1955,Rochdale,Gateshead,1,1,3a,3,2,0,0
1955,Rochdale,Hartlepool United,1,4,3a,3,5,-3,0
1955,Scunthorpe United,Grimsby Town,0,1,3a,3,1,-1,0
1955,Scunthorpe United,Mansfield Town,3,0,3a,3,3,3,1
1955,Scunthorpe United,Southport,0,1,3a,3,1,-1,0
1955,Scunthorpe United,Workington,3,1,3a,3,4,2,1
1955,Southport,Accrington Stanley,1,1,3a,3,2,0,0
1955,Southport,Bradford Park Avenue,3,0,3a,3,3,3,1
1955,Southport,Halifax Town,2,0,3a,3,2,2,1
1955,Southport,Wrexham,1,1,3a,3,2,0,0
1955,Stockport County,Carlisle United,8,1,3a,3,9,7,1
1955,Stockport County,Gateshead,1,2,3a,3,3,-1,0
1955,Stockport County,Hartlepool United,4,0,3a,3,4,4,1
1955,Stockport County,Rochdale,0,0,3a,3,0,0,0
1955,Stockport County,York City,4,1,3a,3,5,3,1
1955,Tranmere Rovers,Darlington,0,1,3a,3,1,-1,0
1955,Tranmere Rovers,Scunthorpe United,2,1,3a,3,3,1,1
1955,Workington,Accrington Stanley,0,0,3a,3,0,0,0
1955,Workington,Bradford Park Avenue,4,0,3a,3,4,4,1
1955,Workington,Oldham Athletic,4,3,3a,3,7,1,1
1955,Workington,Southport,2,3,3a,3,5,-1,0
1955,Wrexham,Barrow,0,0,3a,3,0,0,0
1955,Wrexham,Crewe Alexandra,4,2,3a,3,6,2,1
1955,Wrexham,Hartlepool United,1,3,3a,3,4,-2,0
1955,Wrexham,Rochdale,0,0,3a,3,0,0,0
1955,York City,Tranmere Rovers,2,4,3a,3,6,-2,0
1955,AFC Bournemouth,Aldershot,2,2,3b,3,4,0,0
1955,AFC Bournemouth,Colchester United,3,1,3b,3,4,2,1
1955,AFC Bournemouth,Exeter City,0,0,3b,3,0,0,0
1955,AFC Bournemouth,Leyton Orient,3,1,3b,3,4,2,1
1955,AFC Bournemouth,Reading,2,1,3b,3,3,1,1
1955,AFC Bournemouth,Southend United,4,1,3b,3,5,3,1
1955,Aldershot,Norwich City,0,0,3b,3,0,0,0
1955,Aldershot,Shrewsbury Town,2,0,3b,3,2,2,1
1955,Brentford,Brighton & Hove Albion,4,2,3b,3,6,2,1
1955,Brentford,Crystal Palace,3,0,3b,3,3,3,1
1955,Brighton & Hove Albion,AFC Bournemouth,4,1,3b,3,5,3,1
1955,Brighton & Hove Albion,Leyton Orient,1,1,3b,3,2,0,0
1955,Brighton & Hove Albion,Northampton Town,4,0,3b,3,4,4,1
1955,Brighton & Hove Albion,Reading,3,1,3b,3,4,2,1
1955,Brighton & Hove Albion,Southend United,4,0,3b,3,4,4,1
1955,Colchester United,Gillingham,1,1,3b,3,2,0,0
1955,Colchester United,Millwall,1,2,3b,3,3,-1,0
1955,Colchester United,Norwich City,3,2,3b,3,5,1,1
1955,Colchester United,Shrewsbury Town,2,0,3b,3,2,2,1
1955,Colchester United,Swindon Town,5,0,3b,3,5,5,1
1955,Colchester United,Watford,4,1,3b,3,5,3,1
1955,Coventry City,Ipswich Town,3,1,3b,3,4,2,1
1955,Coventry City,Newport County,3,0,3b,3,3,3,1
1955,Coventry City,Queens Park Rangers,4,1,3b,3,5,3,1
1955,Coventry City,Torquay United,1,2,3b,3,3,-1,0
1955,Crystal Palace,AFC Bournemouth,1,3,3b,3,4,-2,0
1955,Crystal Palace,Northampton Town,2,3,3b,3,5,-1,0
1955,Crystal Palace,Reading,2,3,3b,3,5,-1,0
1955,Crystal Palace,Walsall,2,0,3b,3,2,2,1
1955,Exeter City,Aldershot,2,1,3b,3,3,1,1
1955,Exeter City,Colchester United,0,0,3b,3,0,0,0
1955,Exeter City,Millwall,3,1,3b,3,4,2,1
1955,Exeter City,Swindon Town,1,2,3b,3,3,-1,0
1955,Gillingham,Coventry City,1,1,3b,3,2,0,0
1955,Gillingham,Newport County,3,2,3b,3,5,1,1
1955,Ipswich Town,Brighton & Hove Albion,2,1,3b,3,3,1,1
1955,Ipswich Town,Crystal Palace,3,3,3b,3,6,0,0
1955,Ipswich Town,Leyton Orient,2,0,3b,3,2,2,1
1955,Ipswich Town,Northampton Town,1,0,3b,3,1,1,1
1955,Ipswich Town,Reading,3,3,3b,3,6,0,0
1955,Ipswich Town,Southend United,3,0,3b,3,3,3,1
1955,Ipswich Town,Walsall,5,2,3b,3,7,3,1
1955,Leyton Orient,Colchester United,6,0,3b,3,6,6,1
1955,Leyton Orient,Exeter City,1,1,3b,3,2,0,0
1955,Leyton Orient,Millwall,2,1,3b,3,3,1,1
1955,Leyton Orient,Shrewsbury Town,5,2,3b,3,7,3,1
1955,Leyton Orient,Swindon Town,4,0,3b,3,4,4,1
1955,Leyton Orient,Watford,3,1,3b,3,4,2,1
1955,Millwall,Torquay United,3,2,3b,3,5,1,1
1955,Newport County,Brighton & Hove Albion,1,0,3b,3,1,1,1
1955,Newport County,Crystal Palace,0,1,3b,3,1,-1,0
1955,Newport County,Southend United,2,0,3b,3,2,2,1
1955,Northampton Town,Aldershot,3,2,3b,3,5,1,1
1955,Northampton Town,Exeter City,3,0,3b,3,3,3,1
1955,Northampton Town,Leyton Orient,0,1,3b,3,1,-1,0
1955,Northampton Town,Watford,1,3,3b,3,4,-2,0
1955,Norwich City,Coventry City,1,0,3b,3,1,1,1
1955,Norwich City,Gillingham,5,1,3b,3,6,4,1
1955,Norwich City,Southampton,1,4,3b,3,5,-3,0
1955,Queens Park Rangers,AFC Bournemouth,0,1,3b,3,1,-1,0
1955,Queens Park Rangers,Brighton & Hove Albion,2,1,3b,3,3,1,1
1955,Queens Park Rangers,Reading,3,3,3b,3,6,0,0
1955,Queens Park Rangers,Walsall,3,2,3b,3,5,1,1
1955,Reading,Aldershot,0,5,3b,3,5,-5,0
1955,Reading,Watford,6,1,3b,3,7,5,1
1955,Shrewsbury Town,Brentford,1,1,3b,3,2,0,0
1955,Shrewsbury Town,Coventry City,3,0,3b,3,3,3,1
1955,Shrewsbury Town,Gillingham,3,1,3b,3,4,2,1
1955,Shrewsbury Town,Millwall,3,1,3b,3,4,2,1
1955,Shrewsbury Town,Norwich City,6,0,3b,3,6,6,1
1955,Shrewsbury Town,Southampton,2,0,3b,3,2,2,1
1955,Shrewsbury Town,Torquay United,1,2,3b,3,3,-1,0
1955,Southampton,AFC Bournemouth,3,2,3b,3,5,1,1
1955,Southampton,Brighton & Hove Albion,1,2,3b,3,3,-1,0
1955,Southampton,Crystal Palace,3,1,3b,3,4,2,1
1955,Southampton,Newport County,3,3,3b,3,6,0,0
1955,Southampton,Walsall,4,1,3b,3,5,3,1
1955,Southend United,Colchester United,4,0,3b,3,4,4,1
1955,Southend United,Exeter City,6,0,3b,3,6,6,1
1955,Southend United,Reading,1,0,3b,3,1,1,1
1955,Southend United,Watford,1,0,3b,3,1,1,1
1955,Swindon Town,Brentford,0,1,3b,3,1,-1,0
1955,Swindon Town,Gillingham,0,1,3b,3,1,-1,0
1955,Swindon Town,Millwall,1,0,3b,3,1,1,1
1955,Swindon Town,Norwich City,1,1,3b,3,2,0,0
1955,Swindon Town,Shrewsbury Town,2,1,3b,3,3,1,1
1955,Swindon Town,Torquay United,2,1,3b,3,3,1,1
1955,Torquay United,AFC Bournemouth,0,0,3b,3,0,0,0
1955,Torquay United,Brighton & Hove Albion,0,0,3b,3,0,0,0
1955,Torquay United,Crystal Palace,1,1,3b,3,2,0,0
1955,Torquay United,Newport County,1,1,3b,3,2,0,0
1955,Torquay United,Queens Park Rangers,2,0,3b,3,2,2,1
1955,Torquay United,Walsall,3,2,3b,3,5,1,1
1955,Walsall,Aldershot,4,2,3b,3,6,2,1
1955,Walsall,Exeter City,3,1,3b,3,4,2,1
1955,Walsall,Leyton Orient,0,2,3b,3,2,-2,0
1955,Walsall,Northampton Town,2,0,3b,3,2,2,1
1955,Walsall,Reading,1,0,3b,3,1,1,1
1955,Walsall,Southend United,3,1,3b,3,4,2,1
1955,Walsall,Watford,2,1,3b,3,3,1,1
1955,Watford,Brentford,0,2,3b,3,2,-2,0
1955,Watford,Coventry City,2,1,3b,3,3,1,1
1955,Watford,Gillingham,0,1,3b,3,1,-1,0
1955,Watford,Millwall,4,2,3b,3,6,2,1
1955,Watford,Norwich City,1,1,3b,3,2,0,0
1955,Watford,Swindon Town,2,1,3b,3,3,1,1
1956,Arsenal,Bolton Wanderers,3,0,1,1,3,3,1
1956,Arsenal,Charlton Athletic,3,1,1,1,4,2,1
1956,Arsenal,Leeds United,1,0,1,1,1,1,1
1956,Arsenal,Preston North End,1,2,1,1,3,-1,0
1956,Arsenal,Tottenham Hotspur,3,1,1,1,4,2,1
1956,Aston Villa,Charlton Athletic,3,1,1,1,4,2,1
1956,Aston Villa,Manchester United,1,3,1,1,4,-2,0
1956,Birmingham City,Leeds United,6,2,1,1,8,4,1
1956,Birmingham City,Manchester United,3,1,1,1,4,2,1
1956,Birmingham City,Preston North End,3,0,1,1,3,3,1
1956,Blackpool,Arsenal,2,4,1,1,6,-2,0
1956,Blackpool,Charlton Athletic,3,2,1,1,5,1,1
1956,Bolton Wanderers,Charlton Athletic,2,0,1,1,2,2,1
1956,Bolton Wanderers,Leeds United,5,3,1,1,8,2,1
1956,Bolton Wanderers,Preston North End,2,3,1,1,5,-1,0
1956,Bolton Wanderers,Tottenham Hotspur,1,0,1,1,1,1,1
1956,Burnley,Charlton Athletic,2,1,1,1,3,1,1
1956,Burnley,Manchester United,1,3,1,1,4,-2,0
1956,Burnley,Preston North End,2,2,1,1,4,0,0
1956,Burnley,Tottenham Hotspur,1,0,1,1,1,1,1
1956,Cardiff City,Blackpool,3,4,1,1,7,-1,0
1956,Charlton Athletic,Arsenal,1,3,1,1,4,-2,0
1956,Charlton Athletic,Blackpool,0,4,1,1,4,-4,0
1956,Charlton Athletic,Leeds United,1,2,1,1,3,-1,0
1956,Charlton Athletic,Manchester United,1,5,1,1,6,-4,0
1956,Charlton Athletic,Preston North End,3,4,1,1,7,-1,0
1956,Chelsea,Arsenal,1,1,1,1,2,0,0
1956,Chelsea,Cardiff City,1,2,1,1,3,-1,0
1956,Everton,Arsenal,4,0,1,1,4,4,1
1956,Everton,Blackpool,2,3,1,1,5,-1,0
1956,Everton,Leeds United,2,1,1,1,3,1,1
1956,Everton,Tottenham Hotspur,1,1,1,1,2,0,0
1956,Leeds United,Arsenal,3,3,1,1,6,0,0
1956,Leeds United,Cardiff City,3,0,1,1,3,3,1
1956,Leeds United,Manchester United,1,2,1,1,3,-1,0
1956,Luton Town,Arsenal,1,2,1,1,3,-1,0
1956,Luton Town,Cardiff City,3,0,1,1,3,3,1
1956,Manchester City,Blackpool,0,3,1,1,3,-3,0
1956,Manchester City,Cardiff City,4,1,1,1,5,3,1
1956,Manchester City,Preston North End,0,2,1,1,2,-2,0
1956,Manchester City,Tottenham Hotspur,2,2,1,1,4,0,0
1956,Manchester United,Manchester City,2,0,1,1,2,2,1
1956,Manchester United,Preston North End,3,2,1,1,5,1,1
1956,Manchester United,Tottenham Hotspur,0,0,1,1,0,0,0
1956,Newcastle United,Blackpool,2,1,1,1,3,1,1
1956,Newcastle United,Cardiff City,1,0,1,1,1,1,1
1956,Newcastle United,Manchester City,0,3,1,1,3,-3,0
1956,Newcastle United,Preston North End,1,2,1,1,3,-1,0
1956,Newcastle United,Tottenham Hotspur,2,2,1,1,4,0,0
1956,Portsmouth,Arsenal,2,3,1,1,5,-1,0
1956,Portsmouth,Everton,3,2,1,1,5,1,1
1956,Portsmouth,Manchester City,0,1,1,1,1,-1,0
1956,Portsmouth,Tottenham Hotspur,2,3,1,1,5,-1,0
1956,Preston North End,Arsenal,3,0,1,1,3,3,1
1956,Preston North End,Cardiff City,6,0,1,1,6,6,1
1956,Preston North End,Portsmouth,7,1,1,1,8,6,1
1956,Sheffield Wednesday,Arsenal,2,4,1,1,6,-2,0
1956,Sheffield Wednesday,Blackpool,1,2,1,1,3,-1,0
1956,Sheffield Wednesday,Everton,2,2,1,1,4,0,0
1956,Sheffield Wednesday,Portsmouth,3,1,1,1,4,2,1
1956,Sheffield Wednesday,Tottenham Hotspur,4,1,1,1,5,3,1
1956,Sunderland,Arsenal,1,0,1,1,1,1,1
1956,Sunderland,Blackpool,5,2,1,1,7,3,1
1956,Sunderland,Cardiff City,1,1,1,1,2,0,0
1956,Sunderland,Everton,1,1,1,1,2,0,0
1956,Sunderland,Manchester City,1,1,1,1,2,0,0
1956,Sunderland,Portsmouth,3,3,1,1,6,0,0
1956,Sunderland,Tottenham Hotspur,0,2,1,1,2,-2,0
1956,Tottenham Hotspur,Arsenal,1,3,1,1,4,-2,0
1956,Tottenham Hotspur,Blackpool,2,1,1,1,3,1,1
1956,Tottenham Hotspur,Cardiff City,5,0,1,1,5,5,1
1956,Tottenham Hotspur,Everton,6,0,1,1,6,6,1
1956,Tottenham Hotspur,Manchester City,3,2,1,1,5,1,1
1956,Tottenham Hotspur,Sunderland,5,2,1,1,7,3,1
1956,West Bromwich Albion,Blackpool,1,3,1,1,4,-2,0
1956,West Bromwich Albion,Cardiff City,1,2,1,1,3,-1,0
1956,West Bromwich Albion,Sunderland,2,0,1,1,2,2,1
1956,Wolverhampton Wanderers,Cardiff City,3,1,1,1,4,2,1
1956,Wolverhampton Wanderers,Manchester City,5,1,1,1,6,4,1
1956,Wolverhampton Wanderers,Portsmouth,6,0,1,1,6,6,1
1956,Wolverhampton Wanderers,Sunderland,2,2,1,1,4,0,0
1956,Barnsley,Blackburn Rovers,3,3,2,2,6,0,0
1956,Barnsley,Bury,1,1,2,2,2,0,0
1956,Blackburn Rovers,Grimsby Town,2,0,2,2,2,2,1
1956,Blackburn Rovers,Stoke City,1,0,2,2,1,1,1
1956,Bristol City,Barnsley,1,2,2,2,3,-1,0
1956,Bristol City,Bury,2,0,2,2,2,2,1
1956,Bristol City,Grimsby Town,0,2,2,2,2,-2,0
1956,Bristol City,Port Vale,3,3,2,2,6,0,0
1956,Bristol City,Stoke City,1,2,2,2,3,-1,0
1956,Bristol Rovers,Barnsley,1,1,2,2,2,0,0
1956,Bristol Rovers,Stoke City,4,0,2,2,4,4,1
1956,Bury,Bristol Rovers,7,2,2,2,9,5,1
1956,Bury,Grimsby Town,2,3,2,2,5,-1,0
1956,Bury,Port Vale,1,0,2,2,1,1,1
1956,Doncaster Rovers,Bristol Rovers,2,4,2,2,6,-2,0
1956,Doncaster Rovers,Grimsby Town,0,1,2,2,1,-1,0
1956,Doncaster Rovers,Middlesbrough,2,1,2,2,3,1,1
1956,Doncaster Rovers,Port Vale,4,0,2,2,4,4,1
1956,Doncaster Rovers,Stoke City,4,0,2,2,4,4,1
1956,Fulham,Barnsley,2,0,2,2,2,2,1
1956,Fulham,Grimsby Town,3,1,2,2,4,2,1
1956,Fulham,Middlesbrough,1,2,2,2,3,-1,0
1956,Fulham,Port Vale,6,3,2,2,9,3,1
1956,Fulham,Stoke City,1,0,2,2,1,1,1
1956,Grimsby Town,Barnsley,4,1,2,2,5,3,1
1956,Grimsby Town,Fulham,3,1,2,2,4,2,1
1956,Grimsby Town,Middlesbrough,3,2,2,2,5,1,1
1956,Grimsby Town,Port Vale,1,0,2,2,1,1,1
1956,Grimsby Town,Stoke City,4,1,2,2,5,3,1
1956,Huddersfield Town,Bristol Rovers,2,1,2,2,3,1,1
1956,Huddersfield Town,Fulham,1,1,2,2,2,0,0
1956,Huddersfield Town,Leyton Orient,3,0,2,2,3,3,1
1956,Huddersfield Town,Middlesbrough,0,1,2,2,1,-1,0
1956,Huddersfield Town,Stoke City,2,2,2,2,4,0,0
1956,Leicester City,Fulham,1,3,2,2,4,-2,0
1956,Leicester City,Middlesbrough,1,1,2,2,2,0,0
1956,Leyton Orient,Bristol Rovers,1,1,2,2,2,0,0
1956,Leyton Orient,Fulham,0,2,2,2,2,-2,0
1956,Leyton Orient,Middlesbrough,1,1,2,2,2,0,0
1956,Leyton Orient,Port Vale,3,2,2,2,5,1,1
1956,Leyton Orient,Stoke City,2,2,2,2,4,0,0
1956,Lincoln City,Middlesbrough,1,1,2,2,2,0,0
1956,Liverpool,Barnsley,2,1,2,2,3,1,1
1956,Liverpool,Bristol Rovers,4,1,2,2,5,3,1
1956,Liverpool,Leicester City,2,0,2,2,2,2,1
1956,Liverpool,Stoke City,0,2,2,2,2,-2,0
1956,Middlesbrough,Bristol Rovers,3,2,2,2,5,1,1
1956,Middlesbrough,Fulham,3,1,2,2,4,2,1
1956,Middlesbrough,Leicester City,1,3,2,2,4,-2,0
1956,Middlesbrough,Stoke City,1,1,2,2,2,0,0
1956,Nottingham Forest,Barnsley,7,1,2,2,8,6,1
1956,Nottingham Forest,Bristol Rovers,1,1,2,2,2,0,0
1956,Nottingham Forest,Leicester City,1,2,2,2,3,-1,0
1956,Nottingham Forest,Port Vale,4,2,2,2,6,2,1
1956,Nottingham Forest,Stoke City,4,0,2,2,4,4,1
1956,Notts County,Leicester City,0,0,2,2,0,0,0
1956,Notts County,Port Vale,3,1,2,2,4,2,1
1956,Notts County,Stoke City,5,0,2,2,5,5,1
1956,Port Vale,Barnsley,0,0,2,2,0,0,0
1956,Port Vale,Fulham,2,1,2,2,3,1,1
1956,Port Vale,Liverpool,1,2,2,2,3,-1,0
1956,Port Vale,Stoke City,2,2,2,2,4,0,0
1956,Rotherham United,Barnsley,0,0,2,2,0,0,0
1956,Rotherham United,Bristol Rovers,0,0,2,2,0,0,0
1956,Rotherham United,Leicester City,1,1,2,2,2,0,0
1956,Rotherham United,Liverpool,2,2,2,2,4,0,0
1956,Sheffield United,Bristol Rovers,0,0,2,2,0,0,0
1956,Sheffield United,Liverpool,3,0,2,2,3,3,1
1956,Stoke City,Bristol Rovers,2,1,2,2,3,1,1
1956,Stoke City,Fulham,0,2,2,2,2,-2,0
1956,Stoke City,Notts County,6,0,2,2,6,6,1
1956,Swansea City,Barnsley,2,3,2,2,5,-1,0
1956,Swansea City,Notts County,2,1,2,2,3,1,1
1956,Swansea City,Sheffield United,4,1,2,2,5,3,1
1956,West Ham United,Barnsley,2,0,2,2,2,2,1
1956,West Ham United,Bristol Rovers,1,2,2,2,3,-1,0
1956,West Ham United,Leicester City,2,1,2,2,3,1,1
1956,West Ham United,Notts County,2,1,2,2,3,1,1
1956,Accrington Stanley,Barrow,4,1,3a,3,5,3,1
1956,Accrington Stanley,Carlisle United,1,2,3a,3,3,-1,0
1956,Accrington Stanley,Crewe Alexandra,5,0,3a,3,5,5,1
1956,Accrington Stanley,Hull City,0,3,3a,3,3,-3,0
1956,Barrow,Bradford City,4,0,3a,3,4,4,1
1956,Barrow,Chester,3,0,3a,3,3,3,1
1956,Barrow,Darlington,3,1,3a,3,4,2,1
1956,Barrow,Halifax Town,1,0,3a,3,1,1,1
1956,Barrow,Mansfield Town,2,0,3a,3,2,2,1
1956,Barrow,Scunthorpe United,1,2,3a,3,3,-1,0
1956,Bradford City,Chesterfield,3,2,3a,3,5,1,1
1956,Bradford City,Hartlepool United,1,1,3a,3,2,0,0
1956,Bradford City,Southport,3,1,3a,3,4,2,1
1956,Bradford Park Avenue,Crewe Alexandra,4,3,3a,3,7,1,1
1956,Bradford Park Avenue,Gateshead,0,1,3a,3,1,-1,0
1956,Bradford Park Avenue,Hull City,4,1,3a,3,5,3,1
1956,Bradford Park Avenue,Rochdale,0,0,3a,3,0,0,0
1956,Bradford Park Avenue,Stockport County,3,2,3a,3,5,1,1
1956,Carlisle United,Barrow,1,1,3a,3,2,0,0
1956,Carlisle United,Chester,3,0,3a,3,3,3,1
1956,Carlisle United,Halifax Town,0,0,3a,3,0,0,0
1956,Carlisle United,Mansfield Town,6,1,3a,3,7,5,1
1956,Carlisle United,Tranmere Rovers,2,2,3a,3,4,0,0
1956,Carlisle United,York City,2,0,3a,3,2,2,1
1956,Chester,Oldham Athletic,1,0,3a,3,1,1,1
1956,Chester,Workington,1,0,3a,3,1,1,1
1956,Chesterfield,Accrington Stanley,1,0,3a,3,1,1,1
1956,Chesterfield,Hull City,3,1,3a,3,4,2,1
1956,Crewe Alexandra,Barrow,1,1,3a,3,2,0,0
1956,Crewe Alexandra,Carlisle United,2,2,3a,3,4,0,0
1956,Crewe Alexandra,Darlington,1,3,3a,3,4,-2,0
1956,Crewe Alexandra,Mansfield Town,6,4,3a,3,10,2,1
1956,Crewe Alexandra,Scunthorpe United,2,1,3a,3,3,1,1
1956,Darlington,Hartlepool United,3,1,3a,3,4,2,1
1956,Darlington,Southport,1,0,3a,3,1,1,1
1956,Darlington,Workington,4,2,3a,3,6,2,1
1956,Derby County,Accrington Stanley,2,2,3a,3,4,0,0
1956,Derby County,Wrexham,1,0,3a,3,1,1,1
1956,Gateshead,Crewe Alexandra,1,1,3a,3,2,0,0
1956,Gateshead,Scunthorpe United,0,0,3a,3,0,0,0
1956,Gateshead,Tranmere Rovers,3,1,3a,3,4,2,1
1956,Gateshead,York City,0,2,3a,3,2,-2,0
1956,Halifax Town,Bradford City,0,2,3a,3,2,-2,0
1956,Halifax Town,Oldham Athletic,1,1,3a,3,2,0,0
1956,Halifax Town,Southport,3,1,3a,3,4,2,1
1956,Hartlepool United,Accrington Stanley,2,1,3a,3,3,1,1
1956,Hartlepool United,Bradford Park Avenue,2,1,3a,3,3,1,1
1956,Hartlepool United,Derby County,2,1,3a,3,3,1,1
1956,Hartlepool United,Hull City,3,3,3a,3,6,0,0
1956,Hartlepool United,Stockport County,4,1,3a,3,5,3,1
1956,Hartlepool United,Wrexham,2,1,3a,3,3,1,1
1956,Hull City,Crewe Alexandra,2,0,3a,3,2,2,1
1956,Hull City,Gateshead,1,1,3a,3,2,0,0
1956,Hull City,Scunthorpe United,2,2,3a,3,4,0,0
1956,Hull City,Tranmere Rovers,4,1,3a,3,5,3,1
1956,Mansfield Town,Chester,1,1,3a,3,2,0,0
1956,Mansfield Town,Darlington,7,3,3a,3,10,4,1
1956,Mansfield Town,Oldham Athletic,2,4,3a,3,6,-2,0
1956,Oldham Athletic,Accrington Stanley,2,4,3a,3,6,-2,0
1956,Oldham Athletic,Chesterfield,3,3,3a,3,6,0,0
1956,Oldham Athletic,Derby County,1,2,3a,3,3,-1,0
1956,Oldham Athletic,Rochdale,0,1,3a,3,1,-1,0
1956,Oldham Athletic,Stockport County,2,0,3a,3,2,2,1
1956,Rochdale,Barrow,1,0,3a,3,1,1,1
1956,Rochdale,Crewe Alexandra,1,1,3a,3,2,0,0
1956,Rochdale,Tranmere Rovers,1,0,3a,3,1,1,1
1956,Scunthorpe United,Chester,3,0,3a,3,3,3,1
1956,Scunthorpe United,Halifax Town,6,1,3a,3,7,5,1
1956,Southport,Bradford Park Avenue,5,1,3a,3,6,4,1
1956,Southport,Chesterfield,0,0,3a,3,0,0,0
1956,Southport,Derby County,3,2,3a,3,5,1,1
1956,Southport,Hartlepool United,1,6,3a,3,7,-5,0
1956,Southport,Wrexham,1,1,3a,3,2,0,0
1956,Stockport County,Barrow,2,1,3a,3,3,1,1
1956,Stockport County,Carlisle United,2,0,3a,3,2,2,1
1956,Stockport County,Gateshead,1,1,3a,3,2,0,0
1956,Stockport County,Hull City,1,2,3a,3,3,-1,0
1956,Stockport County,Tranmere Rovers,3,1,3a,3,4,2,1
1956,Tranmere Rovers,Bradford City,0,0,3a,3,0,0,0
1956,Tranmere Rovers,Chester,3,1,3a,3,4,2,1
1956,Tranmere Rovers,Darlington,2,2,3a,3,4,0,0
1956,Tranmere Rovers,Halifax Town,0,2,3a,3,2,-2,0
1956,Tranmere Rovers,Scunthorpe United,4,2,3a,3,6,2,1
1956,Tranmere Rovers,Workington,1,1,3a,3,2,0,0
1956,Workington,Accrington Stanley,4,1,3a,3,5,3,1
1956,Workington,Chesterfield,2,1,3a,3,3,1,1
1956,Workington,Derby County,2,1,3a,3,3,1,1
1956,Workington,Hartlepool United,1,1,3a,3,2,0,0
1956,Workington,Southport,2,0,3a,3,2,2,1
1956,Workington,Wrexham,3,0,3a,3,3,3,1
1956,Wrexham,Barrow,5,0,3a,3,5,5,1
1956,Wrexham,Crewe Alexandra,5,0,3a,3,5,5,1
1956,Wrexham,York City,1,1,3a,3,2,0,0
1956,York City,Bradford City,3,1,3a,3,4,2,1
1956,York City,Scunthorpe United,0,2,3a,3,2,-2,0
1956,York City,Tranmere Rovers,1,0,3a,3,1,1,1
1956,AFC Bournemouth,Colchester United,1,1,3b,3,2,0,0
1956,AFC Bournemouth,Exeter City,3,1,3b,3,4,2,1
1956,AFC Bournemouth,Reading,2,1,3b,3,3,1,1
1956,AFC Bournemouth,Southend United,1,1,3b,3,2,0,0
1956,AFC Bournemouth,Walsall,2,2,3b,3,4,0,0
1956,Aldershot,Gillingham,0,0,3b,3,0,0,0
1956,Aldershot,Newport County,3,1,3b,3,4,2,1
1956,Aldershot,Plymouth Argyle,0,2,3b,3,2,-2,0
1956,Aldershot,Swindon Town,2,2,3b,3,4,0,0
1956,Aldershot,Watford,3,1,3b,3,4,2,1
1956,Brentford,Brighton & Hove Albion,2,5,3b,3,7,-3,0
1956,Brentford,Crystal Palace,1,1,3b,3,2,0,0
1956,Brentford,Queens Park Rangers,2,0,3b,3,2,2,1
1956,Brentford,Torquay United,0,0,3b,3,0,0,0
1956,Brighton & Hove Albion,AFC Bournemouth,2,2,3b,3,4,0,0
1956,Brighton & Hove Albion,Colchester United,0,0,3b,3,0,0,0
1956,Brighton & Hove Albion,Exeter City,3,0,3b,3,3,3,1
1956,Brighton & Hove Albion,Millwall,3,2,3b,3,5,1,1
1956,Brighton & Hove Albion,Walsall,1,3,3b,3,4,-2,0
1956,Colchester United,Coventry City,3,2,3b,3,5,1,1
1956,Colchester United,Gillingham,0,0,3b,3,0,0,0
1956,Colchester United,Newport County,1,0,3b,3,1,1,1
1956,Colchester United,Shrewsbury Town,6,0,3b,3,6,6,1
1956,Colchester United,Swindon Town,1,1,3b,3,2,0,0
1956,Coventry City,Crystal Palace,3,3,3b,3,6,0,0
1956,Coventry City,Northampton Town,3,1,3b,3,4,2,1
1956,Crystal Palace,AFC Bournemouth,1,1,3b,3,2,0,0
1956,Crystal Palace,Millwall,2,2,3b,3,4,0,0
1956,Crystal Palace,Reading,1,1,3b,3,2,0,0
1956,Crystal Palace,Southend United,2,0,3b,3,2,2,1
1956,Crystal Palace,Walsall,3,0,3b,3,3,3,1
1956,Exeter City,Aldershot,1,1,3b,3,2,0,0
1956,Exeter City,Gillingham,4,0,3b,3,4,4,1
1956,Exeter City,Plymouth Argyle,2,1,3b,3,3,1,1
1956,Exeter City,Watford,1,2,3b,3,3,-1,0
1956,Ipswich Town,Crystal Palace,4,2,3b,3,6,2,1
1956,Ipswich Town,Millwall,0,2,3b,3,2,-2,0
1956,Ipswich Town,Southend United,3,3,3b,3,6,0,0
1956,Millwall,Colchester United,3,1,3b,3,4,2,1
1956,Millwall,Newport County,1,0,3b,3,1,1,1
1956,Millwall,Watford,1,1,3b,3,2,0,0
1956,Newport County,Brentford,3,0,3b,3,3,3,1
1956,Newport County,Gillingham,4,0,3b,3,4,4,1
1956,Newport County,Northampton Town,3,0,3b,3,3,3,1
1956,Newport County,Queens Park Rangers,1,1,3b,3,2,0,0
1956,Northampton Town,AFC Bournemouth,2,2,3b,3,4,0,0
1956,Northampton Town,Brighton & Hove Albion,1,0,3b,3,1,1,1
1956,Northampton Town,Crystal Palace,1,0,3b,3,1,1,1
1956,Northampton Town,Norwich City,1,1,3b,3,2,0,0
1956,Northampton Town,Reading,3,0,3b,3,3,3,1
1956,Northampton Town,Southend United,2,2,3b,3,4,0,0
1956,Northampton Town,Walsall,2,3,3b,3,5,-1,0
1956,Norwich City,Aldershot,1,1,3b,3,2,0,0
1956,Norwich City,Millwall,2,0,3b,3,2,2,1
1956,Norwich City,Watford,1,2,3b,3,3,-1,0
1956,Plymouth Argyle,Brentford,2,0,3b,3,2,2,1
1956,Plymouth Argyle,Coventry City,0,0,3b,3,0,0,0
1956,Plymouth Argyle,Queens Park Rangers,1,2,3b,3,3,-1,0
1956,Plymouth Argyle,Torquay United,0,0,3b,3,0,0,0
1956,Queens Park Rangers,AFC Bournemouth,2,1,3b,3,3,1,1
1956,Queens Park Rangers,Brighton & Hove Albion,0,0,3b,3,0,0,0
1956,Queens Park Rangers,Ipswich Town,0,2,3b,3,2,-2,0
1956,Reading,Colchester United,0,3,3b,3,3,-3,0
1956,Reading,Exeter City,4,0,3b,3,4,4,1
1956,Reading,Swindon Town,1,0,3b,3,1,1,1
1956,Reading,Watford,1,2,3b,3,3,-1,0
1956,Shrewsbury Town,Gillingham,1,0,3b,3,1,1,1
1956,Shrewsbury Town,Newport County,2,0,3b,3,2,2,1
1956,Shrewsbury Town,Plymouth Argyle,3,1,3b,3,4,2,1
1956,Shrewsbury Town,Torquay United,1,1,3b,3,2,0,0
1956,Southampton,Brighton & Hove Albion,1,0,3b,3,1,1,1
1956,Southampton,Crystal Palace,3,0,3b,3,3,3,1
1956,Southampton,Queens Park Rangers,1,2,3b,3,3,-1,0
1956,Southampton,Southend United,1,2,3b,3,3,-1,0
1956,Southend United,Aldershot,2,4,3b,3,6,-2,0
1956,Southend United,Exeter City,2,0,3b,3,2,2,1
1956,Southend United,Millwall,1,0,3b,3,1,1,1
1956,Southend United,Norwich City,0,0,3b,3,0,0,0
1956,Southend United,Reading,4,0,3b,3,4,4,1
1956,Southend United,Swindon Town,1,0,3b,3,1,1,1
1956,Southend United,Watford,2,0,3b,3,2,2,1
1956,Swindon Town,Newport County,1,0,3b,3,1,1,1
1956,Swindon Town,Plymouth Argyle,0,3,3b,3,3,-3,0
1956,Swindon Town,Shrewsbury Town,1,2,3b,3,3,-1,0
1956,Torquay United,Northampton Town,2,0,3b,3,2,2,1
1956,Torquay United,Walsall,2,0,3b,3,2,2,1
1956,Walsall,Aldershot,5,1,3b,3,6,4,1
1956,Walsall,Colchester United,2,1,3b,3,3,1,1
1956,Walsall,Norwich City,6,3,3b,3,9,3,1
1956,Walsall,Reading,3,2,3b,3,5,1,1
1956,Walsall,Southend United,0,1,3b,3,1,-1,0
1956,Watford,Newport County,5,0,3b,3,5,5,1
1956,Watford,Plymouth Argyle,0,1,3b,3,1,-1,0
1956,Watford,Swindon Town,3,4,3b,3,7,-1,0
1957,Arsenal,Bolton Wanderers,1,2,1,1,3,-1,0
1957,Arsenal,Luton Town,2,0,1,1,2,2,1
1957,Arsenal,Newcastle United,2,3,1,1,5,-1,0
1957,Arsenal,Preston North End,4,2,1,1,6,2,1
1957,Arsenal,Tottenham Hotspur,4,4,1,1,8,0,0
1957,Aston Villa,Luton Town,2,0,1,1,2,2,1
1957,Aston Villa,Newcastle United,4,3,1,1,7,1,1
1957,Aston Villa,Preston North End,2,2,1,1,4,0,0
1957,Aston Villa,Tottenham Hotspur,1,1,1,1,2,0,0
1957,Birmingham City,Arsenal,4,1,1,1,5,3,1
1957,Birmingham City,Preston North End,3,1,1,1,4,2,1
1957,Blackpool,Tottenham Hotspur,0,2,1,1,2,-2,0
1957,Bolton Wanderers,Arsenal,0,1,1,1,1,-1,0
1957,Bolton Wanderers,Everton,1,5,1,1,6,-4,0
1957,Bolton Wanderers,Luton Town,1,2,1,1,3,-1,0
1957,Bolton Wanderers,Newcastle United,1,1,1,1,2,0,0
1957,Bolton Wanderers,Preston North End,0,4,1,1,4,-4,0
1957,Burnley,Blackpool,2,1,1,1,3,1,1
1957,Burnley,Preston North End,2,0,1,1,2,2,1
1957,Burnley,Tottenham Hotspur,2,0,1,1,2,2,1
1957,Chelsea,Arsenal,0,0,1,1,0,0,0
1957,Everton,Arsenal,2,2,1,1,4,0,0
1957,Everton,Chelsea,3,0,1,1,3,3,1
1957,Everton,Preston North End,4,2,1,1,6,2,1
1957,Leeds United,Arsenal,2,0,1,1,2,2,1
1957,Leeds United,Luton Town,0,2,1,1,2,-2,0
1957,Leicester City,Arsenal,0,1,1,1,1,-1,0
1957,Leicester City,Chelsea,3,2,1,1,5,1,1
1957,Leicester City,Luton Town,4,1,1,1,5,3,1
1957,Leicester City,Newcastle United,2,1,1,1,3,1,1
1957,Leicester City,Preston North End,1,3,1,1,4,-2,0
1957,Leicester City,Tottenham Hotspur,1,3,1,1,4,-2,0
1957,Luton Town,Arsenal,4,0,1,1,4,4,1
1957,Luton Town,Blackpool,2,0,1,1,2,2,1
1957,Luton Town,Preston North End,1,3,1,1,4,-2,0
1957,Luton Town,Tottenham Hotspur,0,0,1,1,0,0,0
1957,Manchester City,Blackpool,4,3,1,1,7,1,1
1957,Manchester City,Chelsea,5,2,1,1,7,3,1
1957,Manchester City,Leicester City,4,3,1,1,7,1,1
1957,Manchester United,Arsenal,4,2,1,1,6,2,1
1957,Manchester United,Blackpool,1,2,1,1,3,-1,0
1957,Manchester United,Newcastle United,1,1,1,1,2,0,0
1957,Manchester United,Preston North End,0,0,1,1,0,0,0
1957,Manchester United,Tottenham Hotspur,3,4,1,1,7,-1,0
1957,Newcastle United,Arsenal,3,3,1,1,6,0,0
1957,Nottingham Forest,Arsenal,4,0,1,1,4,4,1
1957,Nottingham Forest,Leicester City,3,1,1,1,4,2,1
1957,Nottingham Forest,Manchester United,1,2,1,1,3,-1,0
1957,Nottingham Forest,Tottenham Hotspur,1,2,1,1,3,-1,0
1957,Portsmouth,Chelsea,3,0,1,1,3,3,1
1957,Portsmouth,Preston North End,0,2,1,1,2,-2,0
1957,Preston North End,Leicester City,4,1,1,1,5,3,1
1957,Preston North End,Manchester United,1,1,1,1,2,0,0
1957,Preston North End,Portsmouth,4,0,1,1,4,4,1
1957,Preston North End,Tottenham Hotspur,3,1,1,1,4,2,1
1957,Sheffield Wednesday,Arsenal,2,0,1,1,2,2,1
1957,Sheffield Wednesday,Leicester City,2,1,1,1,3,1,1
1957,Sheffield Wednesday,Manchester United,1,0,1,1,1,1,1
1957,Sunderland,Arsenal,0,1,1,1,1,-1,0
1957,Sunderland,Blackpool,1,4,1,1,5,-3,0
1957,Sunderland,Chelsea,2,2,1,1,4,0,0
1957,Sunderland,Leicester City,3,2,1,1,5,1,1
1957,Sunderland,Manchester United,1,2,1,1,3,-1,0
1957,Sunderland,Portsmouth,1,1,1,1,2,0,0
1957,Sunderland,Tottenham Hotspur,1,1,1,1,2,0,0
1957,Tottenham Hotspur,Arsenal,3,1,1,1,4,2,1
1957,Tottenham Hotspur,Manchester United,1,0,1,1,1,1,1
1957,Tottenham Hotspur,Portsmouth,3,5,1,1,8,-2,0
1957,West Bromwich Albion,Blackpool,1,1,1,1,2,0,0
1957,West Bromwich Albion,Chelsea,1,1,1,1,2,0,0
1957,West Bromwich Albion,Sunderland,3,0,1,1,3,3,1
1957,Wolverhampton Wanderers,Blackpool,3,1,1,1,4,2,1
1957,Wolverhampton Wanderers,Leicester City,5,1,1,1,6,4,1
1957,Wolverhampton Wanderers,Manchester United,3,1,1,1,4,2,1
1957,Wolverhampton Wanderers,Portsmouth,1,0,1,1,1,1,1
1957,Barnsley,Cardiff City,1,1,2,2,2,0,0
1957,Barnsley,Huddersfield Town,2,3,2,2,5,-1,0
1957,Barnsley,Lincoln City,1,3,2,2,4,-2,0
1957,Barnsley,Notts County,1,1,2,2,2,0,0
1957,Barnsley,Stoke City,1,2,2,2,3,-1,0
1957,Blackburn Rovers,Cardiff City,4,0,2,2,4,4,1
1957,Blackburn Rovers,Lincoln City,0,1,2,2,1,-1,0
1957,Blackburn Rovers,Notts County,3,0,2,2,3,3,1
1957,Bristol City,Notts County,3,1,2,2,4,2,1
1957,Bristol City,Stoke City,2,1,2,2,3,1,1
1957,Bristol Rovers,Cardiff City,0,2,2,2,2,-2,0
1957,Bristol Rovers,Huddersfield Town,1,1,2,2,2,0,0
1957,Bristol Rovers,Lincoln City,3,0,2,2,3,3,1
1957,Cardiff City,Barnsley,7,0,2,2,7,7,1
1957,Cardiff City,Bristol Rovers,0,2,2,2,2,-2,0
1957,Derby County,Barnsley,1,4,2,2,5,-3,0
1957,Derby County,Huddersfield Town,2,4,2,2,6,-2,0
1957,Derby County,Lincoln City,3,2,2,2,5,1,1
1957,Derby County,Notts County,2,1,2,2,3,1,1
1957,Doncaster Rovers,Barnsley,1,1,2,2,2,0,0
1957,Doncaster Rovers,Bristol Rovers,3,2,2,2,5,1,1
1957,Doncaster Rovers,Huddersfield Town,0,3,2,2,3,-3,0
1957,Doncaster Rovers,Lincoln City,1,3,2,2,4,-2,0
1957,Fulham,Bristol Rovers,3,0,2,2,3,3,1
1957,Fulham,Huddersfield Town,2,1,2,2,3,1,1
1957,Fulham,Stoke City,3,4,2,2,7,-1,0
1957,Grimsby Town,Barnsley,2,1,2,2,3,1,1
1957,Grimsby Town,Derby County,3,2,2,2,5,1,1
1957,Grimsby Town,Huddersfield Town,4,1,2,2,5,3,1
1957,Grimsby Town,Stoke City,0,0,2,2,0,0,0
1957,Huddersfield Town,Bristol Rovers,0,0,2,2,0,0,0
1957,Huddersfield Town,Derby County,0,0,2,2,0,0,0
1957,Huddersfield Town,Grimsby Town,1,0,2,2,1,1,1
1957,Huddersfield Town,Notts County,3,0,2,2,3,3,1
1957,Ipswich Town,Derby County,2,2,2,2,4,0,0
1957,Ipswich Town,Grimsby Town,3,2,2,2,5,1,1
1957,Ipswich Town,Lincoln City,1,1,2,2,2,0,0
1957,Ipswich Town,Notts County,2,1,2,2,3,1,1
1957,Ipswich Town,Stoke City,1,3,2,2,4,-2,0
1957,Leyton Orient,Bristol Rovers,1,3,2,2,4,-2,0
1957,Leyton Orient,Grimsby Town,5,1,2,2,6,4,1
1957,Leyton Orient,Notts County,2,2,2,2,4,0,0
1957,Lincoln City,Bristol Rovers,0,1,2,2,1,-1,0
1957,Lincoln City,Grimsby Town,1,4,2,2,5,-3,0
1957,Lincoln City,Leyton Orient,2,0,2,2,2,2,1
1957,Lincoln City,Notts County,2,2,2,2,4,0,0
1957,Lincoln City,Stoke City,1,3,2,2,4,-2,0
1957,Liverpool,Bristol Rovers,2,0,2,2,2,2,1
1957,Liverpool,Grimsby Town,3,2,2,2,5,1,1
1957,Liverpool,Leyton Orient,3,0,2,2,3,3,1
1957,Liverpool,Notts County,4,0,2,2,4,4,1
1957,Liverpool,Stoke City,3,0,2,2,3,3,1
1957,Middlesbrough,Bristol Rovers,4,3,2,2,7,1,1
1957,Middlesbrough,Derby County,3,2,2,2,5,1,1
1957,Middlesbrough,Grimsby Town,5,1,2,2,6,4,1
1957,Middlesbrough,Leyton Orient,2,0,2,2,2,2,1
1957,Middlesbrough,Stoke City,1,3,2,2,4,-2,0
1957,Notts County,Grimsby Town,2,0,2,2,2,2,1
1957,Notts County,Middlesbrough,2,0,2,2,2,2,1
1957,Notts County,Stoke City,1,2,2,2,3,-1,0
1957,Rotherham United,Derby County,0,2,2,2,2,-2,0
1957,Sheffield United,Barnsley,0,0,2,2,0,0,0
1957,Sheffield United,Bristol Rovers,2,0,2,2,2,2,1
1957,Sheffield United,Leyton Orient,0,2,2,2,2,-2,0
1957,Stoke City,Barnsley,3,1,2,2,4,2,1
1957,Stoke City,Derby County,2,1,2,2,3,1,1
1957,Stoke City,Leyton Orient,1,3,2,2,4,-2,0
1957,Stoke City,Middlesbrough,4,1,2,2,5,3,1
1957,Stoke City,Sheffield United,2,3,2,2,5,-1,0
1957,Swansea City,Barnsley,4,2,2,2,6,2,1
1957,Swansea City,Grimsby Town,0,2,2,2,2,-2,0
1957,Swansea City,Leyton Orient,1,2,2,2,3,-1,0
1957,Swansea City,Sheffield United,0,2,2,2,2,-2,0
1957,West Ham United,Bristol Rovers,6,1,2,2,7,5,1
1957,West Ham United,Derby County,2,1,2,2,3,1,1
1957,West Ham United,Grimsby Town,2,0,2,2,2,2,1
1957,West Ham United,Leyton Orient,3,2,2,2,5,1,1
1957,West Ham United,Middlesbrough,2,1,2,2,3,1,1
1957,West Ham United,Sheffield United,0,3,2,2,3,-3,0
1957,Accrington Stanley,Chesterfield,0,4,3a,3,4,-4,0
1957,Accrington Stanley,Gateshead,3,0,3a,3,3,3,1
1957,Accrington Stanley,Rochdale,3,2,3a,3,5,1,1
1957,Accrington Stanley,Stockport County,3,2,3a,3,5,1,1
1957,Barrow,Bradford City,1,2,3a,3,3,-1,0
1957,Barrow,Carlisle United,2,3,3a,3,5,-1,0
1957,Barrow,Crewe Alexandra,0,1,3a,3,1,-1,0
1957,Barrow,Mansfield Town,2,1,3a,3,3,1,1
1957,Barrow,Scunthorpe United,0,1,3a,3,1,-1,0
1957,Barrow,Tranmere Rovers,1,4,3a,3,5,-3,0
1957,Barrow,York City,1,0,3a,3,1,1,1
1957,Bradford City,Bradford Park Avenue,2,1,3a,3,3,1,1
1957,Bradford City,Chester,5,0,3a,3,5,5,1
1957,Bradford City,Southport,2,0,3a,3,2,2,1
1957,Bradford City,Workington,0,0,3a,3,0,0,0
1957,Bradford Park Avenue,Accrington Stanley,1,3,3a,3,4,-2,0
1957,Bradford Park Avenue,Gateshead,2,2,3a,3,4,0,0
1957,Bradford Park Avenue,Rochdale,2,2,3a,3,4,0,0
1957,Bradford Park Avenue,Wrexham,2,0,3a,3,2,2,1
1957,Bury,Carlisle United,3,0,3a,3,3,3,1
1957,Bury,Mansfield Town,0,2,3a,3,2,-2,0
1957,Bury,Tranmere Rovers,8,2,3a,3,10,6,1
1957,Carlisle United,Bradford City,0,3,3a,3,3,-3,0
1957,Carlisle United,Darlington,5,2,3a,3,7,3,1
1957,Carlisle United,Hartlepool United,1,2,3a,3,3,-1,0
1957,Chester,Accrington Stanley,5,1,3a,3,6,4,1
1957,Chester,Chesterfield,0,0,3a,3,0,0,0
1957,Chester,Rochdale,2,0,3a,3,2,2,1
1957,Chester,Stockport County,3,0,3a,3,3,3,1
1957,Chesterfield,York City,2,0,3a,3,2,2,1
1957,Crewe Alexandra,Carlisle United,0,0,3a,3,0,0,0
1957,Crewe Alexandra,Darlington,2,2,3a,3,4,0,0
1957,Crewe Alexandra,Southport,3,2,3a,3,5,1,1
1957,Darlington,Accrington Stanley,0,2,3a,3,2,-2,0
1957,Darlington,Bradford Park Avenue,4,0,3a,3,4,4,1
1957,Darlington,Chester,2,3,3a,3,5,-1,0
1957,Darlington,Gateshead,2,2,3a,3,4,0,0
1957,Darlington,Hull City,2,2,3a,3,4,0,0
1957,Darlington,Rochdale,4,2,3a,3,6,2,1
1957,Darlington,Wrexham,2,1,3a,3,3,1,1
1957,Gateshead,Barrow,0,2,3a,3,2,-2,0
1957,Gateshead,Mansfield Town,2,1,3a,3,3,1,1
1957,Gateshead,Tranmere Rovers,2,3,3a,3,5,-1,0
1957,Gateshead,York City,0,0,3a,3,0,0,0
1957,Halifax Town,Carlisle United,5,0,3a,3,5,5,1
1957,Halifax Town,Crewe Alexandra,2,0,3a,3,2,2,1
1957,Halifax Town,Hartlepool United,3,0,3a,3,3,3,1
1957,Halifax Town,Southport,4,1,3a,3,5,3,1
1957,Hartlepool United,Darlington,5,1,3a,3,6,4,1
1957,Hartlepool United,Hull City,5,1,3a,3,6,4,1
1957,Hartlepool United,Stockport County,1,2,3a,3,3,-1,0
1957,Hull City,Bury,2,1,3a,3,3,1,1
1957,Hull City,Chesterfield,1,0,3a,3,1,1,1
1957,Hull City,Gateshead,1,1,3a,3,2,0,0
1957,Mansfield Town,Southport,3,0,3a,3,3,3,1
1957,Oldham Athletic,Bradford Park Avenue,4,2,3a,3,6,2,1
1957,Oldham Athletic,Chester,5,1,3a,3,6,4,1
1957,Oldham Athletic,Darlington,2,2,3a,3,4,0,0
1957,Oldham Athletic,Hartlepool United,4,0,3a,3,4,4,1
1957,Rochdale,Barrow,1,1,3a,3,2,0,0
1957,Rochdale,Bury,1,1,3a,3,2,0,0
1957,Rochdale,Chesterfield,3,4,3a,3,7,-1,0
1957,Rochdale,Hull City,2,1,3a,3,3,1,1
1957,Rochdale,Scunthorpe United,1,4,3a,3,5,-3,0
1957,Rochdale,Tranmere Rovers,2,0,3a,3,2,2,1
1957,Scunthorpe United,Halifax Town,1,1,3a,3,2,0,0
1957,Scunthorpe United,Mansfield Town,3,3,3a,3,6,0,0
1957,Scunthorpe United,Workington,2,2,3a,3,4,0,0
1957,Southport,Hartlepool United,0,0,3a,3,0,0,0
1957,Southport,Oldham Athletic,2,1,3a,3,3,1,1
1957,Southport,Stockport County,1,0,3a,3,1,1,1
1957,Stockport County,Chesterfield,4,1,3a,3,5,3,1
1957,Stockport County,Rochdale,0,3,3a,3,3,-3,0
1957,Tranmere Rovers,Bradford City,4,1,3a,3,5,3,1
1957,Tranmere Rovers,Carlisle United,0,1,3a,3,1,-1,0
1957,Tranmere Rovers,Crewe Alexandra,5,2,3a,3,7,3,1
1957,Workington,Bradford Park Avenue,1,2,3a,3,3,-1,0
1957,Workington,Darlington,2,2,3a,3,4,0,0
1957,Workington,Hartlepool United,1,0,3a,3,1,1,1
1957,Wrexham,Bury,2,0,3a,3,2,2,1
1957,Wrexham,Gateshead,1,2,3a,3,3,-1,0
1957,Wrexham,Hull City,6,0,3a,3,6,6,1
1957,Wrexham,Stockport County,1,0,3a,3,1,1,1
1957,York City,Scunthorpe United,0,0,3a,3,0,0,0
1957,AFC Bournemouth,Colchester United,1,1,3b,3,2,0,0
1957,AFC Bournemouth,Plymouth Argyle,0,0,3b,3,0,0,0
1957,Aldershot,Brentford,0,2,3b,3,2,-2,0
1957,Aldershot,Coventry City,1,1,3b,3,2,0,0
1957,Aldershot,Gillingham,2,0,3b,3,2,2,1
1957,Aldershot,Northampton Town,0,0,3b,3,0,0,0
1957,Aldershot,Shrewsbury Town,0,1,3b,3,1,-1,0
1957,Aldershot,Swindon Town,2,1,3b,3,3,1,1
1957,Brentford,Queens Park Rangers,1,1,3b,3,2,0,0
1957,Brentford,Torquay United,0,1,3b,3,1,-1,0
1957,Brighton & Hove Albion,AFC Bournemouth,2,1,3b,3,3,1,1
1957,Brighton & Hove Albion,Exeter City,2,2,3b,3,4,0,0
1957,Brighton & Hove Albion,Plymouth Argyle,3,2,3b,3,5,1,1
1957,Brighton & Hove Albion,Reading,1,2,3b,3,3,-1,0
1957,Colchester United,Aldershot,1,1,3b,3,2,0,0
1957,Colchester United,Coventry City,4,1,3b,3,5,3,1
1957,Colchester United,Northampton Town,1,0,3b,3,1,1,1
1957,Colchester United,Shrewsbury Town,3,0,3b,3,3,3,1
1957,Colchester United,Swindon Town,1,3,3b,3,4,-2,0
1957,Colchester United,Watford,4,0,3b,3,4,4,1
1957,Coventry City,Crystal Palace,2,2,3b,3,4,0,0
1957,Coventry City,Southampton,0,0,3b,3,0,0,0
1957,Crystal Palace,AFC Bournemouth,3,0,3b,3,3,3,1
1957,Crystal Palace,Newport County,2,2,3b,3,4,0,0
1957,Crystal Palace,Plymouth Argyle,3,0,3b,3,3,3,1
1957,Crystal Palace,Walsall,4,1,3b,3,5,3,1
1957,Exeter City,Aldershot,3,0,3b,3,3,3,1
1957,Exeter City,Colchester United,4,3,3b,3,7,1,1
1957,Exeter City,Northampton Town,0,1,3b,3,1,-1,0
1957,Exeter City,Swindon Town,0,1,3b,3,1,-1,0
1957,Gillingham,Brentford,3,2,3b,3,5,1,1
1957,Gillingham,Millwall,1,0,3b,3,1,1,1
1957,Gillingham,Queens Park Rangers,1,1,3b,3,2,0,0
1957,Gillingham,Southampton,2,1,3b,3,3,1,1
1957,Millwall,AFC Bournemouth,0,2,3b,3,2,-2,0
1957,Millwall,Brighton & Hove Albion,2,2,3b,3,4,0,0
1957,Millwall,Crystal Palace,3,0,3b,3,3,3,1
1957,Millwall,Newport County,1,2,3b,3,3,-1,0
1957,Millwall,Southend United,1,2,3b,3,3,-1,0
1957,Newport County,Aldershot,3,2,3b,3,5,1,1
1957,Newport County,Colchester United,2,2,3b,3,4,0,0
1957,Newport County,Port Vale,2,1,3b,3,3,1,1
1957,Newport County,Shrewsbury Town,2,0,3b,3,2,2,1
1957,Northampton Town,Coventry City,4,0,3b,3,4,4,1
1957,Northampton Town,Norwich City,0,1,3b,3,1,-1,0
1957,Northampton Town,Queens Park Rangers,1,5,3b,3,6,-4,0
1957,Norwich City,Brighton & Hove Albion,0,0,3b,3,0,0,0
1957,Norwich City,Crystal Palace,3,2,3b,3,5,1,1
1957,Norwich City,Southend United,0,2,3b,3,2,-2,0
1957,Plymouth Argyle,Aldershot,4,2,3b,3,6,2,1
1957,Plymouth Argyle,Exeter City,1,0,3b,3,1,1,1
1957,Plymouth Argyle,Newport County,1,0,3b,3,1,1,1
1957,Plymouth Argyle,Port Vale,1,0,3b,3,1,1,1
1957,Plymouth Argyle,Shrewsbury Town,2,2,3b,3,4,0,0
1957,Plymouth Argyle,Swindon Town,2,2,3b,3,4,0,0
1957,Plymouth Argyle,Watford,2,1,3b,3,3,1,1
1957,Port Vale,Gillingham,2,0,3b,3,2,2,1
1957,Port Vale,Queens Park Rangers,2,1,3b,3,3,1,1
1957,Port Vale,Southampton,4,0,3b,3,4,4,1
1957,Port Vale,Torquay United,2,1,3b,3,3,1,1
1957,Queens Park Rangers,AFC Bournemouth,3,0,3b,3,3,3,1
1957,Queens Park Rangers,Crystal Palace,4,2,3b,3,6,2,1
1957,Queens Park Rangers,Millwall,3,0,3b,3,3,3,1
1957,Reading,Plymouth Argyle,1,3,3b,3,4,-2,0
1957,Reading,Shrewsbury Town,2,2,3b,3,4,0,0
1957,Reading,Watford,1,1,3b,3,2,0,0
1957,Shrewsbury Town,Gillingham,2,1,3b,3,3,1,1
1957,Shrewsbury Town,Port Vale,1,0,3b,3,1,1,1
1957,Shrewsbury Town,Southampton,1,3,3b,3,4,-2,0
1957,Southampton,Millwall,3,2,3b,3,5,1,1
1957,Southampton,Queens Park Rangers,5,0,3b,3,5,5,1
1957,Southampton,Walsall,4,1,3b,3,5,3,1
1957,Southend United,Swindon Town,2,3,3b,3,5,-1,0
1957,Swindon Town,Brentford,4,1,3b,3,5,3,1
1957,Swindon Town,Coventry City,2,1,3b,3,3,1,1
1957,Swindon Town,Gillingham,1,1,3b,3,2,0,0
1957,Swindon Town,Torquay United,3,1,3b,3,4,2,1
1957,Torquay United,Brighton & Hove Albion,2,0,3b,3,2,2,1
1957,Torquay United,Crystal Palace,1,1,3b,3,2,0,0
1957,Torquay United,Norwich City,1,1,3b,3,2,0,0
1957,Torquay United,Queens Park Rangers,3,1,3b,3,4,2,1
1957,Walsall,Aldershot,0,0,3b,3,0,0,0
1957,Walsall,Exeter City,3,0,3b,3,3,3,1
1957,Walsall,Newport County,3,0,3b,3,3,3,1
1957,Walsall,Southend United,1,1,3b,3,2,0,0
1957,Watford,Brentford,4,1,3b,3,5,3,1
1957,Watford,Coventry City,1,0,3b,3,1,1,1
1957,Watford,Gillingham,3,0,3b,3,3,3,1
1957,Watford,Northampton Town,0,2,3b,3,2,-2,0
1957,Watford,Port Vale,0,2,3b,3,2,-2,0
1957,Watford,Shrewsbury Town,3,0,3b,3,3,3,1
1958,Arsenal,Aston Villa,1,2,1,1,3,-1,0
1958,Arsenal,Leicester City,5,1,1,1,6,4,1
1958,Arsenal,Manchester United,3,2,1,1,5,1,1
1958,Arsenal,Portsmouth,5,2,1,1,7,3,1
1958,Arsenal,West Bromwich Albion,4,3,1,1,7,1,1
1958,Birmingham City,Arsenal,4,1,1,1,5,3,1
1958,Birmingham City,Blackpool,4,2,1,1,6,2,1
1958,Birmingham City,Manchester United,0,4,1,1,4,-4,0
1958,Birmingham City,Portsmouth,2,2,1,1,4,0,0
1958,Birmingham City,West Bromwich Albion,0,6,1,1,6,-6,0
1958,Blackburn Rovers,Arsenal,4,2,1,1,6,2,1
1958,Blackburn Rovers,Manchester United,1,3,1,1,4,-2,0
1958,Blackpool,Manchester United,2,1,1,1,3,1,1
1958,Blackpool,West Bromwich Albion,1,1,1,1,2,0,0
1958,Bolton Wanderers,Blackburn Rovers,3,1,1,1,4,2,1
1958,Bolton Wanderers,Chelsea,6,0,1,1,6,6,1
1958,Bolton Wanderers,West Bromwich Albion,2,1,1,1,3,1,1
1958,Burnley,Arsenal,3,1,1,1,4,2,1
1958,Burnley,Blackburn Rovers,0,0,1,1,0,0,0
1958,Burnley,Chelsea,4,0,1,1,4,4,1
1958,Burnley,Leicester City,3,3,1,1,6,0,0
1958,Burnley,West Bromwich Albion,1,3,1,1,4,-2,0
1958,Chelsea,Arsenal,0,3,1,1,3,-3,0
1958,Chelsea,Blackburn Rovers,0,2,1,1,2,-2,0
1958,Chelsea,Burnley,1,3,1,1,4,-2,0
1958,Chelsea,Portsmouth,2,2,1,1,4,0,0
1958,Everton,Arsenal,1,6,1,1,7,-5,0
1958,Everton,Blackburn Rovers,2,2,1,1,4,0,0
1958,Everton,Burnley,1,2,1,1,3,-1,0
1958,Everton,Manchester United,3,2,1,1,5,1,1
1958,Everton,Portsmouth,2,1,1,1,3,1,1
1958,Everton,West Bromwich Albion,3,3,1,1,6,0,0
1958,Leeds United,Blackburn Rovers,2,1,1,1,3,1,1
1958,Leeds United,Burnley,1,1,1,1,2,0,0
1958,Leeds United,Manchester United,1,2,1,1,3,-1,0
1958,Leeds United,Portsmouth,1,1,1,1,2,0,0
1958,Leicester City,Blackburn Rovers,1,1,1,1,2,0,0
1958,Leicester City,Manchester United,2,1,1,1,3,1,1
1958,Luton Town,Arsenal,6,3,1,1,9,3,1
1958,Luton Town,Blackburn Rovers,1,1,1,1,2,0,0
1958,Luton Town,Burnley,6,2,1,1,8,4,1
1958,Luton Town,Leeds United,1,1,1,1,2,0,0
1958,Luton Town,Portsmouth,3,1,1,1,4,2,1
1958,Luton Town,West Bromwich Albion,1,1,1,1,2,0,0
1958,Manchester City,Arsenal,0,0,1,1,0,0,0
1958,Manchester City,Blackburn Rovers,0,1,1,1,1,-1,0
1958,Manchester United,Arsenal,1,1,1,1,2,0,0
1958,Manchester United,Burnley,1,3,1,1,4,-2,0
1958,Manchester United,Leeds United,4,0,1,1,4,4,1
1958,Manchester United,Portsmouth,6,1,1,1,7,5,1
1958,Newcastle United,Blackburn Rovers,1,5,1,1,6,-4,0
1958,Newcastle United,Leeds United,2,2,1,1,4,0,0
1958,Newcastle United,Manchester City,4,1,1,1,5,3,1
1958,Newcastle United,Portsmouth,2,0,1,1,2,2,1
1958,Nottingham Forest,Blackburn Rovers,1,1,1,1,2,0,0
1958,Nottingham Forest,Leeds United,0,3,1,1,3,-3,0
1958,Nottingham Forest,Manchester City,4,0,1,1,4,4,1
1958,Nottingham Forest,West Bromwich Albion,1,1,1,1,2,0,0
1958,Portsmouth,Arsenal,0,1,1,1,1,-1,0
1958,Portsmouth,Blackburn Rovers,2,1,1,1,3,1,1
1958,Portsmouth,Manchester City,3,4,1,1,7,-1,0
1958,Portsmouth,Nottingham Forest,0,1,1,1,1,-1,0
1958,Preston North End,Arsenal,2,1,1,1,3,1,1
1958,Preston North End,Nottingham Forest,3,5,1,1,8,-2,0
1958,Tottenham Hotspur,Blackburn Rovers,3,1,1,1,4,2,1
1958,Tottenham Hotspur,Nottingham Forest,1,0,1,1,1,1,1
1958,Tottenham Hotspur,West Bromwich Albion,5,0,1,1,5,5,1
1958,West Bromwich Albion,Nottingham Forest,2,0,1,1,2,2,1
1958,West Ham United,Arsenal,0,0,1,1,0,0,0
1958,West Ham United,Blackburn Rovers,6,3,1,1,9,3,1
1958,West Ham United,Burnley,1,0,1,1,1,1,1
1958,West Ham United,Leeds United,2,3,1,1,5,-1,0
1958,West Ham United,Nottingham Forest,5,3,1,1,8,2,1
1958,Wolverhampton Wanderers,Burnley,3,3,1,1,6,0,0
1958,Wolverhampton Wanderers,Leeds United,6,2,1,1,8,4,1
1958,Barnsley,Brighton & Hove Albion,0,2,2,2,2,-2,0
1958,Barnsley,Cardiff City,3,2,2,2,5,1,1
1958,Barnsley,Stoke City,2,1,2,2,3,1,1
1958,Brighton & Hove Albion,Barnsley,1,1,2,2,2,0,0
1958,Brighton & Hove Albion,Cardiff City,2,2,2,2,4,0,0
1958,Brighton & Hove Albion,Fulham,3,0,2,2,3,3,1
1958,Brighton & Hove Albion,Ipswich Town,4,1,2,2,5,3,1
1958,Brighton & Hove Albion,Stoke City,2,2,2,2,4,0,0
1958,Bristol City,Cardiff City,2,3,2,2,5,-1,0
1958,Bristol City,Ipswich Town,3,0,2,2,3,3,1
1958,Bristol City,Stoke City,2,1,2,2,3,1,1
1958,Bristol Rovers,Cardiff City,2,0,2,2,2,2,1
1958,Bristol Rovers,Fulham,0,0,2,2,0,0,0
1958,Bristol Rovers,Liverpool,3,0,2,2,3,3,1
1958,Bristol Rovers,Scunthorpe United,4,0,2,2,4,4,1
1958,Cardiff City,Barnsley,0,1,2,2,1,-1,0
1958,Cardiff City,Bristol Rovers,2,4,2,2,6,-2,0
1958,Cardiff City,Fulham,1,2,2,2,3,-1,0
1958,Cardiff City,Liverpool,3,0,2,2,3,3,1
1958,Cardiff City,Scunthorpe United,0,2,2,2,2,-2,0
1958,Charlton Athletic,Barnsley,4,0,2,2,4,4,1
1958,Charlton Athletic,Fulham,2,1,2,2,3,1,1
1958,Charlton Athletic,Ipswich Town,5,1,2,2,6,4,1
1958,Charlton Athletic,Liverpool,2,3,2,2,5,-1,0
1958,Charlton Athletic,Scunthorpe United,2,3,2,2,5,-1,0
1958,Derby County,Bristol Rovers,3,2,2,2,5,1,1
1958,Derby County,Liverpool,3,2,2,2,5,1,1
1958,Fulham,Barnsley,5,2,2,2,7,3,1
1958,Fulham,Derby County,4,2,2,2,6,2,1
1958,Fulham,Ipswich Town,3,2,2,2,5,1,1
1958,Fulham,Stoke City,6,1,2,2,7,5,1
1958,Grimsby Town,Derby County,3,0,2,2,3,3,1
1958,Grimsby Town,Scunthorpe United,1,1,2,2,2,0,0
1958,Grimsby Town,Stoke City,2,2,2,2,4,0,0
1958,Huddersfield Town,Bristol Rovers,1,2,2,2,3,-1,0
1958,Huddersfield Town,Derby County,1,1,2,2,2,0,0
1958,Huddersfield Town,Scunthorpe United,0,1,2,2,1,-1,0
1958,Ipswich Town,Barnsley,3,1,2,2,4,2,1
1958,Ipswich Town,Bristol Rovers,0,2,2,2,2,-2,0
1958,Ipswich Town,Derby County,1,1,2,2,2,0,0
1958,Ipswich Town,Liverpool,2,0,2,2,2,2,1
1958,Ipswich Town,Scunthorpe United,3,1,2,2,4,2,1
1958,Ipswich Town,Stoke City,0,2,2,2,2,-2,0
1958,Leyton Orient,Liverpool,1,3,2,2,4,-2,0
1958,Lincoln City,Barnsley,2,1,2,2,3,1,1
1958,Lincoln City,Bristol Rovers,4,1,2,2,5,3,1
1958,Lincoln City,Derby County,1,4,2,2,5,-3,0
1958,Lincoln City,Liverpool,2,1,2,2,3,1,1
1958,Lincoln City,Stoke City,3,1,2,2,4,2,1
1958,Liverpool,Bristol Rovers,2,1,2,2,3,1,1
1958,Liverpool,Stoke City,3,4,2,2,7,-1,0
1958,Middlesbrough,Barnsley,3,1,2,2,4,2,1
1958,Middlesbrough,Bristol Rovers,2,2,2,2,4,0,0
1958,Middlesbrough,Derby County,5,0,2,2,5,5,1
1958,Middlesbrough,Lincoln City,1,2,2,2,3,-1,0
1958,Rotherham United,Barnsley,3,0,2,2,3,3,1
1958,Rotherham United,Bristol Rovers,3,3,2,2,6,0,0
1958,Rotherham United,Derby County,3,0,2,2,3,3,1
1958,Rotherham United,Huddersfield Town,0,1,2,2,1,-1,0
1958,Rotherham United,Lincoln City,1,0,2,2,1,1,1
1958,Scunthorpe United,Barnsley,1,0,2,2,1,1,1
1958,Scunthorpe United,Bristol Rovers,0,0,2,2,0,0,0
1958,Scunthorpe United,Derby County,2,2,2,2,4,0,0
1958,Sheffield United,Barnsley,5,0,2,2,5,5,1
1958,Sheffield United,Bristol Rovers,5,2,2,2,7,3,1
1958,Sheffield United,Huddersfield Town,0,0,2,2,0,0,0
1958,Sheffield United,Lincoln City,6,1,2,2,7,5,1
1958,Sheffield United,Rotherham United,2,0,2,2,2,2,1
1958,Sheffield Wednesday,Barnsley,5,0,2,2,5,5,1
1958,Sheffield Wednesday,Bristol Rovers,3,1,2,2,4,2,1
1958,Sheffield Wednesday,Lincoln City,7,0,2,2,7,7,1
1958,Stoke City,Bristol Rovers,2,2,2,2,4,0,0
1958,Stoke City,Derby County,2,1,2,2,3,1,1
1958,Stoke City,Rotherham United,3,0,2,2,3,3,1
1958,Sunderland,Bristol Rovers,3,1,2,2,4,2,1
1958,Sunderland,Lincoln City,2,0,2,2,2,2,1
1958,Sunderland,Rotherham United,1,1,2,2,2,0,0
1958,Swansea City,Barnsley,2,1,2,2,3,1,1
1958,Swansea City,Huddersfield Town,0,1,2,2,1,-1,0
1958,Swansea City,Rotherham United,3,0,2,2,3,3,1
1958,Accrington Stanley,AFC Bournemouth,3,2,3,3,5,1,1
1958,Accrington Stanley,Bury,0,2,3,3,2,-2,0
1958,Accrington Stanley,Reading,4,3,3,3,7,1,1
1958,Accrington Stanley,Southend United,3,0,3,3,3,3,1
1958,Accrington Stanley,Tranmere Rovers,3,1,3,3,4,2,1
1958,AFC Bournemouth,Plymouth Argyle,1,1,3,3,2,0,0
1958,AFC Bournemouth,Rochdale,0,0,3,3,0,0,0
1958,AFC Bournemouth,Stockport County,2,0,3,3,2,2,1
1958,AFC Bournemouth,Wrexham,0,0,3,3,0,0,0
1958,Bradford City,Brentford,3,0,3,3,3,3,1
1958,Bradford City,Hull City,2,1,3,3,3,1,1
1958,Bradford City,Norwich City,2,2,3,3,4,0,0
1958,Bradford City,Southampton,2,3,3,3,5,-1,0
1958,Bradford City,Swindon Town,1,2,3,3,3,-1,0
1958,Brentford,Accrington Stanley,2,1,3,3,3,1,1
1958,Brentford,Bury,0,0,3,3,0,0,0
1958,Brentford,Doncaster Rovers,0,1,3,3,1,-1,0
1958,Brentford,Mansfield Town,2,0,3,3,2,2,1
1958,Brentford,Notts County,4,0,3,3,4,4,1
1958,Brentford,Reading,3,1,3,3,4,2,1
1958,Brentford,Southend United,6,1,3,3,7,5,1
1958,Brentford,Tranmere Rovers,5,2,3,3,7,3,1
1958,Bury,AFC Bournemouth,5,1,3,3,6,4,1
1958,Bury,Chesterfield,1,0,3,3,1,1,1
1958,Bury,Halifax Town,3,1,3,3,4,2,1
1958,Bury,Plymouth Argyle,1,1,3,3,2,0,0
1958,Bury,Rochdale,6,1,3,3,7,5,1
1958,Bury,Wrexham,3,0,3,3,3,3,1
1958,Chesterfield,Bradford City,2,0,3,3,2,2,1
1958,Chesterfield,Colchester United,2,2,3,3,4,0,0
1958,Chesterfield,Hull City,2,1,3,3,3,1,1
1958,Chesterfield,Southampton,3,3,3,3,6,0,0
1958,Colchester United,Brentford,0,4,3,3,4,-4,0
1958,Colchester United,Mansfield Town,1,3,3,3,4,-2,0
1958,Colchester United,Reading,3,1,3,3,4,2,1
1958,Colchester United,Southend United,0,1,3,3,1,-1,0
1958,Doncaster Rovers,Halifax Town,1,2,3,3,3,-1,0
1958,Doncaster Rovers,Newport County,1,0,3,3,1,1,1
1958,Doncaster Rovers,Stockport County,4,1,3,3,5,3,1
1958,Halifax Town,Bradford City,3,3,3,3,6,0,0
1958,Halifax Town,Chesterfield,3,2,3,3,5,1,1
1958,Halifax Town,Norwich City,1,1,3,3,2,0,0
1958,Halifax Town,Swindon Town,1,0,3,3,1,1,1
1958,Hull City,Accrington Stanley,4,2,3,3,6,2,1
1958,Hull City,Southend United,3,2,3,3,5,1,1
1958,Mansfield Town,Doncaster Rovers,3,1,3,3,4,2,1
1958,Mansfield Town,Newport County,2,1,3,3,3,1,1
1958,Newport County,Bradford City,3,2,3,3,5,1,1
1958,Newport County,Chesterfield,0,1,3,3,1,-1,0
1958,Newport County,Southampton,4,2,3,3,6,2,1
1958,Norwich City,Accrington Stanley,2,4,3,3,6,-2,0
1958,Norwich City,Brentford,4,1,3,3,5,3,1
1958,Norwich City,Colchester United,1,2,3,3,3,-1,0
1958,Norwich City,Hull City,0,1,3,3,1,-1,0
1958,Norwich City,Notts County,3,3,3,3,6,0,0
1958,Norwich City,Reading,1,0,3,3,1,1,1
1958,Norwich City,Southend United,4,0,3,3,4,4,1
1958,Norwich City,Tranmere Rovers,0,0,3,3,0,0,0
1958,Notts County,AFC Bournemouth,4,3,3,3,7,1,1
1958,Notts County,Plymouth Argyle,1,2,3,3,3,-1,0
1958,Notts County,Wrexham,2,0,3,3,2,2,1
1958,Plymouth Argyle,Bradford City,1,1,3,3,2,0,0
1958,Plymouth Argyle,Chesterfield,2,0,3,3,2,2,1
1958,Plymouth Argyle,Queens Park Rangers,3,2,3,3,5,1,1
1958,Plymouth Argyle,Southampton,1,0,3,3,1,1,1
1958,Queens Park Rangers,Colchester United,4,2,3,3,6,2,1
1958,Queens Park Rangers,Hull City,1,1,3,3,2,0,0
1958,Queens Park Rangers,Norwich City,2,1,3,3,3,1,1
1958,Queens Park Rangers,Tranmere Rovers,1,1,3,3,2,0,0
1958,Reading,Doncaster Rovers,2,0,3,3,2,2,1
1958,Reading,Mansfield Town,3,3,3,3,6,0,0
1958,Reading,Notts County,3,1,3,3,4,2,1
1958,Reading,Stockport County,2,1,3,3,3,1,1
1958,Rochdale,Plymouth Argyle,0,2,3,3,2,-2,0
1958,Southampton,Colchester United,3,0,3,3,3,3,1
1958,Southampton,Hull City,6,1,3,3,7,5,1
1958,Southampton,Southend United,3,2,3,3,5,1,1
1958,Southampton,Tranmere Rovers,2,3,3,3,5,-1,0
1958,Southend United,Stockport County,3,1,3,3,4,2,1
1958,Southend United,Wrexham,4,1,3,3,5,3,1
1958,Stockport County,Plymouth Argyle,2,2,3,3,4,0,0
1958,Stockport County,Rochdale,1,0,3,3,1,1,1
1958,Stockport County,Swindon Town,2,0,3,3,2,2,1
1958,Swindon Town,Brentford,1,1,3,3,2,0,0
1958,Swindon Town,Colchester United,2,0,3,3,2,2,1
1958,Swindon Town,Hull City,2,0,3,3,2,2,1
1958,Swindon Town,Norwich City,4,3,3,3,7,1,1
1958,Swindon Town,Southampton,3,1,3,3,4,2,1
1958,Tranmere Rovers,Southend United,1,1,3,3,2,0,0
1958,Tranmere Rovers,Wrexham,1,2,3,3,3,-1,0
1958,Wrexham,Bradford City,3,3,3,3,6,0,0
1958,Wrexham,Halifax Town,1,1,3,3,2,0,0
1958,Wrexham,Newport County,0,0,3,3,0,0,0
1958,Aldershot,Barrow,0,1,4,4,1,-1,0
1958,Aldershot,Chester,1,0,4,4,1,1,1
1958,Aldershot,Crystal Palace,1,2,4,4,3,-1,0
1958,Aldershot,Gateshead,8,1,4,4,9,7,1
1958,Aldershot,Torquay United,1,4,4,4,5,-3,0
1958,Aldershot,Workington,2,0,4,4,2,2,1
1958,Barrow,Coventry City,0,3,4,4,3,-3,0
1958,Barrow,Gillingham,2,2,4,4,4,0,0
1958,Barrow,Walsall,0,0,4,4,0,0,0
1958,Barrow,York City,2,3,4,4,5,-1,0
1958,Bradford Park Avenue,Exeter City,0,3,4,4,3,-3,0
1958,Bradford Park Avenue,Oldham Athletic,2,1,4,4,3,1,1
1958,Bradford Park Avenue,Southport,3,0,4,4,3,3,1
1958,Bradford Park Avenue,Watford,1,1,4,4,2,0,0
1958,Carlisle United,Chester,4,3,4,4,7,1,1
1958,Carlisle United,Gateshead,4,2,4,4,6,2,1
1958,Carlisle United,Millwall,0,2,4,4,2,-2,0
1958,Carlisle United,Workington,3,2,4,4,5,1,1
1958,Chester,Coventry City,1,1,4,4,2,0,0
1958,Chester,Darlington,1,0,4,4,1,1,1
1958,Chester,Shrewsbury Town,3,5,4,4,8,-2,0
1958,Chester,Walsall,2,0,4,4,2,2,1
1958,Chester,York City,2,2,4,4,4,0,0
1958,Coventry City,Hartlepool United,4,1,4,4,5,3,1
1958,Coventry City,Oldham Athletic,1,0,4,4,1,1,1
1958,Crewe Alexandra,Crystal Palace,4,1,4,4,5,3,1
1958,Crewe Alexandra,Gateshead,0,0,4,4,0,0,0
1958,Crewe Alexandra,Port Vale,2,0,4,4,2,2,1
1958,Crystal Palace,Barrow,2,2,4,4,4,0,0
1958,Crystal Palace,Gillingham,4,1,4,4,5,3,1
1958,Crystal Palace,Shrewsbury Town,4,3,4,4,7,1,1
1958,Crystal Palace,York City,0,0,4,4,0,0,0
1958,Darlington,Hartlepool United,3,1,4,4,4,2,1
1958,Darlington,Watford,1,1,4,4,2,0,0
1958,Exeter City,Carlisle United,2,1,4,4,3,1,1
1958,Exeter City,Crewe Alexandra,3,0,4,4,3,3,1
1958,Exeter City,Gateshead,1,1,4,4,2,0,0
1958,Gateshead,Barrow,4,0,4,4,4,4,1
1958,Gateshead,Crystal Palace,1,3,4,4,4,-2,0
1958,Gillingham,Coventry City,2,0,4,4,2,2,1
1958,Gillingham,Darlington,0,0,4,4,0,0,0
1958,Gillingham,Watford,2,1,4,4,3,1,1
1958,Hartlepool United,Aldershot,0,3,4,4,3,-3,0
1958,Hartlepool United,Torquay United,2,4,4,4,6,-2,0
1958,Millwall,Chester,0,1,4,4,1,-1,0
1958,Millwall,Gateshead,0,2,4,4,2,-2,0
1958,Millwall,Northampton Town,3,0,4,4,3,3,1
1958,Millwall,Shrewsbury Town,0,0,4,4,0,0,0
1958,Millwall,Walsall,1,3,4,4,4,-2,0
1958,Northampton Town,Bradford Park Avenue,4,1,4,4,5,3,1
1958,Northampton Town,Darlington,1,3,4,4,4,-2,0
1958,Northampton Town,Oldham Athletic,2,1,4,4,3,1,1
1958,Northampton Town,Watford,2,1,4,4,3,1,1
1958,Oldham Athletic,Aldershot,0,1,4,4,1,-1,0
1958,Oldham Athletic,Hartlepool United,1,0,4,4,1,1,1
1958,Oldham Athletic,Port Vale,0,2,4,4,2,-2,0
1958,Port Vale,Shrewsbury Town,2,0,4,4,2,2,1
1958,Port Vale,Walsall,2,1,4,4,3,1,1
1958,Port Vale,York City,2,2,4,4,4,0,0
1958,Shrewsbury Town,Coventry City,4,1,4,4,5,3,1
1958,Shrewsbury Town,Northampton Town,4,0,4,4,4,4,1
1958,Shrewsbury Town,Watford,4,2,4,4,6,2,1
1958,Southport,Aldershot,0,1,4,4,1,-1,0
1958,Southport,Hartlepool United,1,1,4,4,2,0,0
1958,Southport,Oldham Athletic,1,1,4,4,2,0,0
1958,Southport,Workington,3,0,4,4,3,3,1
1958,Torquay United,Chester,4,0,4,4,4,4,1
1958,Torquay United,Crystal Palace,0,2,4,4,2,-2,0
1958,Torquay United,Gateshead,0,1,4,4,1,-1,0
1958,Torquay United,Walsall,1,2,4,4,3,-1,0
1958,Walsall,Bradford Park Avenue,3,2,4,4,5,1,1
1958,Walsall,Darlington,0,0,4,4,0,0,0
1958,Walsall,Gillingham,1,2,4,4,3,-1,0
1958,Walsall,Shrewsbury Town,2,3,4,4,5,-1,0
1958,Walsall,Watford,3,2,4,4,5,1,1
1958,Watford,Aldershot,2,1,4,4,3,1,1
1958,Watford,Carlisle United,2,2,4,4,4,0,0
1958,Watford,Crewe Alexandra,0,1,4,4,1,-1,0
1958,Watford,Hartlepool United,4,1,4,4,5,3,1
1958,Watford,Southport,5,1,4,4,6,4,1
1958,Watford,Workington,3,0,4,4,3,3,1
1958,Workington,Millwall,1,1,4,4,2,0,0
1958,York City,Coventry City,0,0,4,4,0,0,0
1958,York City,Darlington,2,1,4,4,3,1,1
1958,York City,Walsall,3,2,4,4,5,1,1
1959,Arsenal,Birmingham City,3,0,1,1,3,3,1
1959,Arsenal,Bolton Wanderers,2,1,1,1,3,1,1
1959,Arsenal,Everton,2,1,1,1,3,1,1
1959,Arsenal,Leicester City,1,1,1,1,2,0,0
1959,Arsenal,Preston North End,0,3,1,1,3,-3,0
1959,Arsenal,West Bromwich Albion,2,4,1,1,6,-2,0
1959,Birmingham City,Everton,2,2,1,1,4,0,0
1959,Birmingham City,Manchester United,1,1,1,1,2,0,0
1959,Birmingham City,West Bromwich Albion,1,7,1,1,8,-6,0
1959,Blackburn Rovers,Bolton Wanderers,1,0,1,1,1,1,1
1959,Blackpool,Arsenal,2,1,1,1,3,1,1
1959,Blackpool,Manchester United,0,6,1,1,6,-6,0
1959,Blackpool,Preston North End,0,2,1,1,2,-2,0
1959,Bolton Wanderers,Everton,2,1,1,1,3,1,1
1959,Bolton Wanderers,Leicester City,3,1,1,1,4,2,1
1959,Bolton Wanderers,Preston North End,2,1,1,1,3,1,1
1959,Burnley,Arsenal,3,2,1,1,5,1,1
1959,Burnley,Blackpool,1,4,1,1,5,-3,0
1959,Burnley,Everton,5,2,1,1,7,3,1
1959,Burnley,Leicester City,1,0,1,1,1,1,1
1959,Burnley,Preston North End,2,1,1,1,3,1,1
1959,Burnley,West Bromwich Albion,2,1,1,1,3,1,1
1959,Chelsea,Everton,1,0,1,1,1,1,1
1959,Chelsea,Leicester City,2,2,1,1,4,0,0
1959,Everton,Leicester City,6,1,1,1,7,5,1
1959,Fulham,Arsenal,3,0,1,1,3,3,1
1959,Fulham,Chelsea,1,3,1,1,4,-2,0
1959,Fulham,Manchester United,0,5,1,1,5,-5,0
1959,Fulham,Preston North End,1,2,1,1,3,-1,0
1959,Fulham,West Bromwich Albion,2,1,1,1,3,1,1
1959,Leeds United,Arsenal,3,2,1,1,5,1,1
1959,Leeds United,Leicester City,1,1,1,1,2,0,0
1959,Leeds United,Manchester United,2,2,1,1,4,0,0
1959,Leeds United,Preston North End,2,1,1,1,3,1,1
1959,Leicester City,Blackpool,1,1,1,1,2,0,0
1959,Leicester City,Chelsea,3,1,1,1,4,2,1
1959,Leicester City,Leeds United,3,2,1,1,5,1,1
1959,Leicester City,Manchester United,3,1,1,1,4,2,1
1959,Leicester City,Preston North End,2,2,1,1,4,0,0
1959,Leicester City,West Bromwich Albion,0,1,1,1,1,-1,0
1959,Luton Town,Arsenal,0,1,1,1,1,-1,0
1959,Luton Town,Blackpool,0,1,1,1,1,-1,0
1959,Luton Town,Chelsea,1,2,1,1,3,-1,0
1959,Luton Town,Preston North End,1,3,1,1,4,-2,0
1959,Manchester City,Leeds United,3,3,1,1,6,0,0
1959,Manchester City,Manchester United,3,0,1,1,3,3,1
1959,Manchester United,Arsenal,4,2,1,1,6,2,1
1959,Manchester United,Chelsea,0,1,1,1,1,-1,0
1959,Manchester United,Leeds United,6,0,1,1,6,6,1
1959,Manchester United,Manchester City,0,0,1,1,0,0,0
1959,Newcastle United,Arsenal,4,1,1,1,5,3,1
1959,Newcastle United,Chelsea,1,1,1,1,2,0,0
1959,Newcastle United,Leeds United,2,1,1,1,3,1,1
1959,Newcastle United,West Bromwich Albion,0,0,1,1,0,0,0
1959,Nottingham Forest,Arsenal,0,3,1,1,3,-3,0
1959,Nottingham Forest,Chelsea,3,1,1,1,4,2,1
1959,Nottingham Forest,Manchester City,1,2,1,1,3,-1,0
1959,Nottingham Forest,Preston North End,1,1,1,1,2,0,0
1959,Preston North End,Arsenal,0,3,1,1,3,-3,0
1959,Preston North End,Chelsea,4,5,1,1,9,-1,0
1959,Preston North End,Leeds United,1,1,1,1,2,0,0
1959,Preston North End,Manchester City,1,5,1,1,6,-4,0
1959,Preston North End,Nottingham Forest,1,0,1,1,1,1,1
1959,Sheffield Wednesday,Leeds United,1,0,1,1,1,1,1
1959,Sheffield Wednesday,Manchester City,1,0,1,1,1,1,1
1959,Tottenham Hotspur,Blackpool,4,1,1,1,5,3,1
1959,Tottenham Hotspur,Chelsea,0,1,1,1,1,-1,0
1959,Tottenham Hotspur,Nottingham Forest,2,1,1,1,3,1,1
1959,Tottenham Hotspur,West Bromwich Albion,2,2,1,1,4,0,0
1959,West Bromwich Albion,Arsenal,1,0,1,1,1,1,1
1959,West Ham United,Blackpool,1,0,1,1,1,1,1
1959,West Ham United,Chelsea,4,2,1,1,6,2,1
1959,West Ham United,Leeds United,1,2,1,1,3,-1,0
1959,West Ham United,Manchester City,4,1,1,1,5,3,1
1959,Wolverhampton Wanderers,Arsenal,3,3,1,1,6,0,0
1959,Wolverhampton Wanderers,Leeds United,4,2,1,1,6,2,1
1959,Wolverhampton Wanderers,Tottenham Hotspur,1,3,1,1,4,-2,0
1959,Aston Villa,Cardiff City,2,0,2,2,2,2,1
1959,Aston Villa,Middlesbrough,1,0,2,2,1,1,1
1959,Brighton & Hove Albion,Huddersfield Town,3,2,2,2,5,1,1
1959,Brighton & Hove Albion,Leyton Orient,1,1,2,2,2,0,0
1959,Brighton & Hove Albion,Middlesbrough,3,2,2,2,5,1,1
1959,Bristol City,Aston Villa,0,5,2,2,5,-5,0
1959,Bristol City,Middlesbrough,2,0,2,2,2,2,1
1959,Bristol City,Stoke City,1,2,2,2,3,-1,0
1959,Bristol Rovers,Aston Villa,1,1,2,2,2,0,0
1959,Bristol Rovers,Cardiff City,1,1,2,2,2,0,0
1959,Bristol Rovers,Huddersfield Town,2,0,2,2,2,2,1
1959,Bristol Rovers,Leyton Orient,2,2,2,2,4,0,0
1959,Cardiff City,Aston Villa,1,0,2,2,1,1,1
1959,Cardiff City,Bristol Rovers,2,2,2,2,4,0,0
1959,Cardiff City,Huddersfield Town,2,1,2,2,3,1,1
1959,Cardiff City,Rotherham United,1,4,2,2,5,-3,0
1959,Charlton Athletic,Aston Villa,2,0,2,2,2,2,1
1959,Charlton Athletic,Huddersfield Town,1,1,2,2,2,0,0
1959,Charlton Athletic,Leyton Orient,0,0,2,2,0,0,0
1959,Charlton Athletic,Stoke City,1,2,2,2,3,-1,0
1959,Derby County,Aston Villa,2,2,2,2,4,0,0
1959,Derby County,Bristol Rovers,1,0,2,2,1,1,1
1959,Derby County,Middlesbrough,1,7,2,2,8,-6,0
1959,Huddersfield Town,Bristol Rovers,0,1,2,2,1,-1,0
1959,Huddersfield Town,Stoke City,2,3,2,2,5,-1,0
1959,Hull City,Bristol Rovers,3,1,2,2,4,2,1
1959,Hull City,Rotherham United,1,0,2,2,1,1,1
1959,Hull City,Stoke City,4,0,2,2,4,4,1
1959,Leyton Orient,Aston Villa,0,0,2,2,0,0,0
1959,Leyton Orient,Middlesbrough,5,0,2,2,5,5,1
1959,Lincoln City,Ipswich Town,0,1,2,2,1,-1,0
1959,Lincoln City,Stoke City,3,0,2,2,3,3,1
1959,Liverpool,Aston Villa,2,1,2,2,3,1,1
1959,Liverpool,Derby County,4,1,2,2,5,3,1
1959,Liverpool,Middlesbrough,1,2,2,2,3,-1,0
1959,Liverpool,Rotherham United,3,0,2,2,3,3,1
1959,Liverpool,Stoke City,5,1,2,2,6,4,1
1959,Middlesbrough,Bristol Rovers,5,1,2,2,6,4,1
1959,Middlesbrough,Derby County,3,0,2,2,3,3,1
1959,Middlesbrough,Ipswich Town,4,1,2,2,5,3,1
1959,Middlesbrough,Rotherham United,3,0,2,2,3,3,1
1959,Plymouth Argyle,Bristol Rovers,5,3,2,2,8,2,1
1959,Plymouth Argyle,Derby County,0,5,2,2,5,-5,0
1959,Plymouth Argyle,Ipswich Town,3,1,2,2,4,2,1
1959,Plymouth Argyle,Liverpool,1,1,2,2,2,0,0
1959,Plymouth Argyle,Rotherham United,1,0,2,2,1,1,1
1959,Plymouth Argyle,Stoke City,2,3,2,2,5,-1,0
1959,Portsmouth,Aston Villa,1,2,2,2,3,-1,0
1959,Portsmouth,Derby County,2,3,2,2,5,-1,0
1959,Portsmouth,Liverpool,2,1,2,2,3,1,1
1959,Portsmouth,Rotherham United,2,0,2,2,2,2,1
1959,Rotherham United,Aston Villa,2,1,2,2,3,1,1
1959,Rotherham United,Ipswich Town,1,4,2,2,5,-3,0
1959,Rotherham United,Portsmouth,2,1,2,2,3,1,1
1959,Rotherham United,Stoke City,3,0,2,2,3,3,1
1959,Scunthorpe United,Aston Villa,1,2,2,2,3,-1,0
1959,Scunthorpe United,Liverpool,1,1,2,2,2,0,0
1959,Scunthorpe United,Stoke City,1,1,2,2,2,0,0
1959,Sheffield United,Derby County,2,1,2,2,3,1,1
1959,Sheffield United,Liverpool,2,1,2,2,3,1,1
1959,Sheffield United,Stoke City,0,1,2,2,1,-1,0
1959,Stoke City,Derby County,2,1,2,2,3,1,1
1959,Stoke City,Ipswich Town,1,2,2,2,3,-1,0
1959,Sunderland,Aston Villa,1,0,2,2,1,1,1
1959,Sunderland,Bristol Rovers,2,2,2,2,4,0,0
1959,Sunderland,Derby County,3,1,2,2,4,2,1
1959,Sunderland,Ipswich Town,0,1,2,2,1,-1,0
1959,Sunderland,Sheffield United,5,1,2,2,6,4,1
1959,Swansea City,Ipswich Town,2,1,2,2,3,1,1
1959,Swansea City,Sheffield United,2,1,2,2,3,1,1
1959,Accrington Stanley,Brentford,3,4,3,3,7,-1,0
1959,Accrington Stanley,Norwich City,3,4,3,3,7,-1,0
1959,AFC Bournemouth,Barnsley,1,1,3,3,2,0,0
1959,AFC Bournemouth,Coventry City,2,2,3,3,4,0,0
1959,AFC Bournemouth,Mansfield Town,6,0,3,3,6,6,1
1959,Barnsley,Grimsby Town,3,3,3,3,6,0,0
1959,Barnsley,Newport County,0,2,3,3,2,-2,0
1959,Barnsley,Queens Park Rangers,2,1,3,3,3,1,1
1959,Barnsley,Southampton,1,0,3,3,1,1,1
1959,Bradford City,Accrington Stanley,4,5,3,3,9,-1,0
1959,Bradford City,Brentford,0,2,3,3,2,-2,0
1959,Bradford City,Reading,0,2,3,3,2,-2,0
1959,Bradford City,Wrexham,2,2,3,3,4,0,0
1959,Brentford,AFC Bournemouth,1,0,3,3,1,1,1
1959,Brentford,Coventry City,3,1,3,3,4,2,1
1959,Brentford,Mansfield Town,1,1,3,3,2,0,0
1959,Brentford,Port Vale,2,0,3,3,2,2,1
1959,Brentford,Shrewsbury Town,2,1,3,3,3,1,1
1959,Brentford,York City,1,2,3,3,3,-1,0
1959,Bury,Barnsley,0,2,3,3,2,-2,0
1959,Bury,Grimsby Town,1,1,3,3,2,0,0
1959,Bury,Newport County,0,1,3,3,1,-1,0
1959,Bury,Queens Park Rangers,2,0,3,3,2,2,1
1959,Bury,Southampton,1,2,3,3,3,-1,0
1959,Chesterfield,Accrington Stanley,0,3,3,3,3,-3,0
1959,Chesterfield,Halifax Town,2,1,3,3,3,1,1
1959,Chesterfield,Reading,2,1,3,3,3,1,1
1959,Chesterfield,Wrexham,5,1,3,3,6,4,1
1959,Colchester United,Mansfield Town,3,0,3,3,3,3,1
1959,Colchester United,Port Vale,3,1,3,3,4,2,1
1959,Colchester United,Swindon Town,0,0,3,3,0,0,0
1959,Coventry City,Barnsley,2,1,3,3,3,1,1
1959,Coventry City,Tranmere Rovers,1,0,3,3,1,1,1
1959,Grimsby Town,Accrington Stanley,4,0,3,3,4,4,1
1959,Grimsby Town,Bradford City,1,3,3,3,4,-2,0
1959,Grimsby Town,Halifax Town,3,2,3,3,5,1,1
1959,Grimsby Town,Norwich City,1,1,3,3,2,0,0
1959,Grimsby Town,Reading,0,1,3,3,1,-1,0
1959,Grimsby Town,Wrexham,3,1,3,3,4,2,1
1959,Halifax Town,AFC Bournemouth,1,0,3,3,1,1,1
1959,Halifax Town,Colchester United,3,2,3,3,5,1,1
1959,Halifax Town,Mansfield Town,4,2,3,3,6,2,1
1959,Halifax Town,Port Vale,1,1,3,3,2,0,0
1959,Halifax Town,Shrewsbury Town,1,2,3,3,3,-1,0
1959,Mansfield Town,Barnsley,1,4,3,3,5,-3,0
1959,Mansfield Town,Coventry City,2,4,3,3,6,-2,0
1959,Mansfield Town,Queens Park Rangers,4,3,3,3,7,1,1
1959,Mansfield Town,Southampton,4,2,3,3,6,2,1
1959,Newport County,Southend United,1,1,3,3,2,0,0
1959,Norwich City,Brentford,2,1,3,3,3,1,1
1959,Norwich City,Colchester United,3,2,3,3,5,1,1
1959,Norwich City,Halifax Town,3,0,3,3,3,3,1
1959,Norwich City,Shrewsbury Town,1,1,3,3,2,0,0
1959,Norwich City,Swindon Town,3,2,3,3,5,1,1
1959,Norwich City,York City,1,0,3,3,1,1,1
1959,Port Vale,Barnsley,1,0,3,3,1,1,1
1959,Port Vale,Coventry City,0,1,3,3,1,-1,0
1959,Port Vale,Queens Park Rangers,0,0,3,3,0,0,0
1959,Port Vale,Southampton,1,1,3,3,2,0,0
1959,Port Vale,Tranmere Rovers,1,1,3,3,2,0,0
1959,Queens Park Rangers,Accrington Stanley,5,1,3,3,6,4,1
1959,Queens Park Rangers,Reading,2,0,3,3,2,2,1
1959,Queens Park Rangers,Wrexham,2,1,3,3,3,1,1
1959,Reading,AFC Bournemouth,2,2,3,3,4,0,0
1959,Reading,Brentford,3,3,3,3,6,0,0
1959,Reading,Norwich City,0,2,3,3,2,-2,0
1959,Reading,Shrewsbury Town,2,3,3,3,5,-1,0
1959,Reading,Swindon Town,3,0,3,3,3,3,1
1959,Reading,York City,1,0,3,3,1,1,1
1959,Shrewsbury Town,Barnsley,2,2,3,3,4,0,0
1959,Shrewsbury Town,Bury,0,2,3,3,2,-2,0
1959,Shrewsbury Town,Port Vale,2,1,3,3,3,1,1
1959,Southampton,Accrington Stanley,5,1,3,3,6,4,1
1959,Southampton,Chesterfield,4,3,3,3,7,1,1
1959,Southampton,Southend United,3,1,3,3,4,2,1
1959,Southend United,Colchester United,1,0,3,3,1,1,1
1959,Southend United,Halifax Town,3,0,3,3,3,3,1
1959,Southend United,Norwich City,1,0,3,3,1,1,1
1959,Southend United,Reading,2,0,3,3,2,2,1
1959,Southend United,York City,1,1,3,3,2,0,0
1959,Swindon Town,Barnsley,1,1,3,3,2,0,0
1959,Swindon Town,Coventry City,2,0,3,3,2,2,1
1959,Swindon Town,Port Vale,2,3,3,3,5,-1,0
1959,Swindon Town,Shrewsbury Town,4,2,3,3,6,2,1
1959,Tranmere Rovers,Chesterfield,3,0,3,3,3,3,1
1959,Tranmere Rovers,Grimsby Town,2,0,3,3,2,2,1
1959,Tranmere Rovers,Newport County,2,2,3,3,4,0,0
1959,Tranmere Rovers,Queens Park Rangers,0,3,3,3,3,-3,0
1959,Tranmere Rovers,Southampton,2,4,3,3,6,-2,0
1959,Tranmere Rovers,Wrexham,4,1,3,3,5,3,1
1959,Wrexham,Brentford,3,2,3,3,5,1,1
1959,Wrexham,Colchester United,1,1,3,3,2,0,0
1959,Wrexham,Norwich City,1,2,3,3,3,-1,0
1959,Wrexham,Reading,2,1,3,3,3,1,1
1959,Wrexham,Southend United,3,1,3,3,4,2,1
1959,Wrexham,York City,3,1,3,3,4,2,1
1959,York City,Coventry City,1,1,3,3,2,0,0
1959,York City,Mansfield Town,2,1,3,3,3,1,1
1959,York City,Port Vale,2,0,3,3,2,2,1
1959,Aldershot,Chester,3,2,4,4,5,1,1
1959,Aldershot,Millwall,1,2,4,4,3,-1,0
1959,Aldershot,Oldham Athletic,2,0,4,4,2,2,1
1959,Aldershot,Watford,2,2,4,4,4,0,0
1959,Barrow,Crewe Alexandra,0,0,4,4,0,0,0
1959,Barrow,Northampton Town,0,1,4,4,1,-1,0
1959,Barrow,Torquay United,1,1,4,4,2,0,0
1959,Barrow,Workington,2,1,4,4,3,1,1
1959,Bradford Park Avenue,Carlisle United,1,1,4,4,2,0,0
1959,Bradford Park Avenue,Notts County,1,1,4,4,2,0,0
1959,Bradford Park Avenue,Southport,3,0,4,4,3,3,1
1959,Bradford Park Avenue,Walsall,1,3,4,4,4,-2,0
1959,Carlisle United,Aldershot,0,0,4,4,0,0,0
1959,Carlisle United,Chester,2,1,4,4,3,1,1
1959,Carlisle United,Gateshead,4,0,4,4,4,4,1
1959,Carlisle United,Watford,1,0,4,4,1,1,1
1959,Chester,Barrow,3,2,4,4,5,1,1
1959,Chester,Doncaster Rovers,2,0,4,4,2,2,1
1959,Chester,Gillingham,4,2,4,4,6,2,1
1959,Chester,Torquay United,1,1,4,4,2,0,0
1959,Crewe Alexandra,Bradford Park Avenue,4,1,4,4,5,3,1
1959,Crewe Alexandra,Crystal Palace,1,1,4,4,2,0,0
1959,Crewe Alexandra,Hartlepool United,1,0,4,4,1,1,1
1959,Crewe Alexandra,Walsall,1,5,4,4,6,-4,0
1959,Crystal Palace,Oldham Athletic,3,2,4,4,5,1,1
1959,Crystal Palace,Watford,8,1,4,4,9,7,1
1959,Darlington,Barrow,3,1,4,4,4,2,1
1959,Darlington,Chester,0,0,4,4,0,0,0
1959,Darlington,Gillingham,2,1,4,4,3,1,1
1959,Darlington,Northampton Town,3,2,4,4,5,1,1
1959,Darlington,Rochdale,0,0,4,4,0,0,0
1959,Darlington,Workington,0,3,4,4,3,-3,0
1959,Doncaster Rovers,Exeter City,0,1,4,4,1,-1,0
1959,Doncaster Rovers,Notts County,0,4,4,4,4,-4,0
1959,Exeter City,Aldershot,3,1,4,4,4,2,1
1959,Exeter City,Crystal Palace,2,2,4,4,4,0,0
1959,Exeter City,Gateshead,2,1,4,4,3,1,1
1959,Exeter City,Millwall,2,2,4,4,4,0,0
1959,Gateshead,Barrow,3,1,4,4,4,2,1
1959,Gateshead,Darlington,1,3,4,4,4,-2,0
1959,Gateshead,Gillingham,2,2,4,4,4,0,0
1959,Gateshead,Northampton Town,1,3,4,4,4,-2,0
1959,Gateshead,Torquay United,0,2,4,4,2,-2,0
1959,Gillingham,Southport,4,1,4,4,5,3,1
1959,Gillingham,Walsall,2,0,4,4,2,2,1
1959,Hartlepool United,Aldershot,3,0,4,4,3,3,1
1959,Hartlepool United,Millwall,0,2,4,4,2,-2,0
1959,Hartlepool United,Oldham Athletic,2,2,4,4,4,0,0
1959,Hartlepool United,Watford,0,0,4,4,0,0,0
1959,Millwall,Chester,7,1,4,4,8,6,1
1959,Millwall,Rochdale,2,0,4,4,2,2,1
1959,Northampton Town,Bradford Park Avenue,3,1,4,4,4,2,1
1959,Northampton Town,Doncaster Rovers,3,1,4,4,4,2,1
1959,Northampton Town,Notts County,4,2,4,4,6,2,1
1959,Northampton Town,Walsall,0,1,4,4,1,-1,0
1959,Notts County,Crystal Palace,7,1,4,4,8,6,1
1959,Notts County,Hartlepool United,4,0,4,4,4,4,1
1959,Notts County,Oldham Athletic,3,1,4,4,4,2,1
1959,Notts County,Watford,2,1,4,4,3,1,1
1959,Oldham Athletic,Darlington,1,3,4,4,4,-2,0
1959,Oldham Athletic,Gateshead,1,1,4,4,2,0,0
1959,Oldham Athletic,Millwall,1,1,4,4,2,0,0
1959,Oldham Athletic,Torquay United,0,2,4,4,2,-2,0
1959,Oldham Athletic,Workington,2,2,4,4,4,0,0
1959,Rochdale,Doncaster Rovers,2,0,4,4,2,2,1
1959,Rochdale,Gillingham,1,0,4,4,1,1,1
1959,Rochdale,Southport,1,0,4,4,1,1,1
1959,Rochdale,Walsall,0,2,4,4,2,-2,0
1959,Southport,Carlisle United,1,1,4,4,2,0,0
1959,Southport,Crystal Palace,3,1,4,4,4,2,1
1959,Southport,Exeter City,3,2,4,4,5,1,1
1959,Southport,Hartlepool United,2,1,4,4,3,1,1
1959,Southport,Stockport County,3,0,4,4,3,3,1
1959,Stockport County,Barrow,1,0,4,4,1,1,1
1959,Stockport County,Darlington,1,0,4,4,1,1,1
1959,Stockport County,Gateshead,0,0,4,4,0,0,0
1959,Stockport County,Millwall,2,2,4,4,4,0,0
1959,Stockport County,Oldham Athletic,3,1,4,4,4,2,1
1959,Stockport County,Torquay United,0,1,4,4,1,-1,0
1959,Torquay United,Crewe Alexandra,5,2,4,4,7,3,1
1959,Torquay United,Doncaster Rovers,2,1,4,4,3,1,1
1959,Walsall,Exeter City,2,2,4,4,4,0,0
1959,Walsall,Hartlepool United,2,2,4,4,4,0,0
1959,Walsall,Notts County,2,2,4,4,4,0,0
1959,Watford,Millwall,0,2,4,4,2,-2,0
1959,Watford,Oldham Athletic,6,0,4,4,6,6,1
1959,Workington,Bradford Park Avenue,0,1,4,4,1,-1,0
1959,Workington,Doncaster Rovers,2,0,4,4,2,2,1
1959,Workington,Rochdale,2,0,4,4,2,2,1
1959,Workington,Torquay United,0,2,4,4,2,-2,0
1960,Arsenal,Blackpool,1,0,1,1,1,1,1
1960,Arsenal,Manchester United,2,1,1,1,3,1,1
1960,Arsenal,Preston North End,1,0,1,1,1,1,1
1960,Arsenal,West Bromwich Albion,1,0,1,1,1,1,1
1960,Aston Villa,Arsenal,2,2,1,1,4,0,0
1960,Aston Villa,Blackpool,2,2,1,1,4,0,0
1960,Aston Villa,Fulham,2,1,1,1,3,1,1
1960,Birmingham City,Blackpool,0,2,1,1,2,-2,0
1960,Birmingham City,Manchester United,3,1,1,1,4,2,1
1960,Birmingham City,West Bromwich Albion,3,1,1,1,4,2,1
1960,Blackburn Rovers,Arsenal,2,4,1,1,6,-2,0
1960,Blackburn Rovers,Blackpool,2,0,1,1,2,2,1
1960,Blackburn Rovers,Cardiff City,2,2,1,1,4,0,0
1960,Blackburn Rovers,Fulham,5,1,1,1,6,4,1
1960,Blackburn Rovers,Manchester United,1,2,1,1,3,-1,0
1960,Blackburn Rovers,Preston North End,1,0,1,1,1,1,1
1960,Blackpool,Arsenal,1,1,1,1,2,0,0
1960,Blackpool,Fulham,2,5,1,1,7,-3,0
1960,Blackpool,Manchester United,2,0,1,1,2,2,1
1960,Bolton Wanderers,Blackburn Rovers,0,0,1,1,0,0,0
1960,Bolton Wanderers,West Bromwich Albion,0,1,1,1,1,-1,0
1960,Burnley,Cardiff City,1,2,1,1,3,-1,0
1960,Burnley,Manchester United,5,3,1,1,8,2,1
1960,Burnley,Preston North End,5,0,1,1,5,5,1
1960,Burnley,West Bromwich Albion,0,1,1,1,1,-1,0
1960,Cardiff City,Arsenal,1,0,1,1,1,1,1
1960,Cardiff City,Blackburn Rovers,1,1,1,1,2,0,0
1960,Cardiff City,Burnley,2,1,1,1,3,1,1
1960,Cardiff City,West Bromwich Albion,3,1,1,1,4,2,1
1960,Chelsea,Blackburn Rovers,5,2,1,1,7,3,1
1960,Chelsea,Fulham,2,1,1,1,3,1,1
1960,Chelsea,Manchester United,1,2,1,1,3,-1,0
1960,Everton,Blackburn Rovers,2,2,1,1,4,0,0
1960,Everton,Fulham,1,0,1,1,1,1,1
1960,Everton,Manchester United,4,0,1,1,4,4,1
1960,Fulham,Blackburn Rovers,1,1,1,1,2,0,0
1960,Fulham,Burnley,0,1,1,1,1,-1,0
1960,Fulham,Everton,2,3,1,1,5,-1,0
1960,Fulham,Manchester United,4,4,1,1,8,0,0
1960,Leicester City,Blackburn Rovers,2,4,1,1,6,-2,0
1960,Leicester City,Burnley,2,2,1,1,4,0,0
1960,Leicester City,West Bromwich Albion,2,2,1,1,4,0,0
1960,Manchester City,Blackburn Rovers,4,0,1,1,4,4,1
1960,Manchester City,Everton,2,1,1,1,3,1,1
1960,Manchester United,Arsenal,1,1,1,1,2,0,0
1960,Manchester United,Everton,4,0,1,1,4,4,1
1960,Manchester United,Manchester City,5,1,1,1,6,4,1
1960,Manchester United,Preston North End,1,0,1,1,1,1,1
1960,Manchester United,West Bromwich Albion,3,0,1,1,3,3,1
1960,Newcastle United,Arsenal,3,3,1,1,6,0,0
1960,Newcastle United,Blackburn Rovers,3,1,1,1,4,2,1
1960,Newcastle United,Preston North End,0,0,1,1,0,0,0
1960,Newcastle United,West Bromwich Albion,3,2,1,1,5,1,1
1960,Nottingham Forest,Everton,1,2,1,1,3,-1,0
1960,Nottingham Forest,Manchester City,2,2,1,1,4,0,0
1960,Nottingham Forest,Preston North End,2,0,1,1,2,2,1
1960,Preston North End,Arsenal,2,0,1,1,2,2,1
1960,Preston North End,Everton,1,0,1,1,1,1,1
1960,Preston North End,Manchester City,1,1,1,1,2,0,0
1960,Preston North End,West Bromwich Albion,2,1,1,1,3,1,1
1960,Sheffield Wednesday,Everton,1,2,1,1,3,-1,0
1960,West Bromwich Albion,Blackburn Rovers,1,2,1,1,3,-1,0
1960,West Bromwich Albion,Burnley,0,2,1,1,2,-2,0
1960,West Bromwich Albion,Manchester City,6,3,1,1,9,3,1
1960,West Bromwich Albion,Nottingham Forest,1,2,1,1,3,-1,0
1960,West Ham United,Blackburn Rovers,3,2,1,1,5,1,1
1960,West Ham United,Everton,4,0,1,1,4,4,1
1960,West Ham United,Manchester City,1,1,1,1,2,0,0
1960,Wolverhampton Wanderers,Blackburn Rovers,0,0,1,1,0,0,0
1960,Wolverhampton Wanderers,Everton,4,1,1,1,5,3,1
1960,Wolverhampton Wanderers,Manchester City,1,0,1,1,1,1,1
1960,Brighton & Hove Albion,Bristol Rovers,6,1,2,2,7,5,1
1960,Brighton & Hove Albion,Huddersfield Town,2,1,2,2,3,1,1
1960,Brighton & Hove Albion,Luton Town,1,0,2,2,1,1,1
1960,Bristol Rovers,Luton Town,4,1,2,2,5,3,1
1960,Bristol Rovers,Scunthorpe United,3,3,2,2,6,0,0
1960,Bristol Rovers,Stoke City,1,0,2,2,1,1,1
1960,Charlton Athletic,Brighton & Hove Albion,3,1,2,2,4,2,1
1960,Charlton Athletic,Huddersfield Town,2,3,2,2,5,-1,0
1960,Charlton Athletic,Leyton Orient,2,0,2,2,2,2,1
1960,Charlton Athletic,Luton Town,4,1,2,2,5,3,1
1960,Charlton Athletic,Scunthorpe United,1,1,2,2,2,0,0
1960,Charlton Athletic,Stoke City,3,1,2,2,4,2,1
1960,Derby County,Luton Town,4,1,2,2,5,3,1
1960,Derby County,Stoke City,1,1,2,2,2,0,0
1960,Huddersfield Town,Luton Town,1,1,2,2,2,0,0
1960,Huddersfield Town,Stoke City,0,0,2,2,0,0,0
1960,Ipswich Town,Derby County,4,1,2,2,5,3,1
1960,Ipswich Town,Luton Town,0,1,2,2,1,-1,0
1960,Leeds United,Luton Town,1,2,2,2,3,-1,0
1960,Leeds United,Plymouth Argyle,2,1,2,2,3,1,1
1960,Leyton Orient,Plymouth Argyle,1,1,2,2,2,0,0
1960,Leyton Orient,Scunthorpe United,2,1,2,2,3,1,1
1960,Lincoln City,Luton Town,1,1,2,2,2,0,0
1960,Lincoln City,Plymouth Argyle,3,1,2,2,4,2,1
1960,Lincoln City,Scunthorpe United,0,2,2,2,2,-2,0
1960,Liverpool,Brighton & Hove Albion,2,0,2,2,2,2,1
1960,Liverpool,Derby County,1,0,2,2,1,1,1
1960,Liverpool,Leeds United,2,0,2,2,2,2,1
1960,Liverpool,Luton Town,2,2,2,2,4,0,0
1960,Liverpool,Plymouth Argyle,1,1,2,2,2,0,0
1960,Luton Town,Leeds United,1,1,2,2,2,0,0
1960,Luton Town,Stoke City,4,1,2,2,5,3,1
1960,Middlesbrough,Derby County,1,2,2,2,3,-1,0
1960,Middlesbrough,Liverpool,1,1,2,2,2,0,0
1960,Middlesbrough,Plymouth Argyle,3,1,2,2,4,2,1
1960,Middlesbrough,Scunthorpe United,1,3,2,2,4,-2,0
1960,Middlesbrough,Stoke City,1,0,2,2,1,1,1
1960,Norwich City,Derby County,0,2,2,2,2,-2,0
1960,Norwich City,Liverpool,2,1,2,2,3,1,1
1960,Norwich City,Plymouth Argyle,1,0,2,2,1,1,1
1960,Plymouth Argyle,Brighton & Hove Albion,1,2,2,2,3,-1,0
1960,Plymouth Argyle,Liverpool,0,4,2,2,4,-4,0
1960,Plymouth Argyle,Stoke City,3,1,2,2,4,2,1
1960,Portsmouth,Brighton & Hove Albion,4,0,2,2,4,4,1
1960,Portsmouth,Derby County,3,2,2,2,5,1,1
1960,Portsmouth,Liverpool,2,2,2,2,4,0,0
1960,Rotherham United,Derby County,1,1,2,2,2,0,0
1960,Rotherham United,Leeds United,1,3,2,2,4,-2,0
1960,Scunthorpe United,Brighton & Hove Albion,2,2,2,2,4,0,0
1960,Scunthorpe United,Derby County,1,2,2,2,3,-1,0
1960,Scunthorpe United,Liverpool,2,3,2,2,5,-1,0
1960,Scunthorpe United,Norwich City,2,1,2,2,3,1,1
1960,Scunthorpe United,Rotherham United,1,1,2,2,2,0,0
1960,Sheffield United,Brighton & Hove Albion,2,1,2,2,3,1,1
1960,Sheffield United,Derby County,3,1,2,2,4,2,1
1960,Sheffield United,Leeds United,3,2,2,2,5,1,1
1960,Sheffield United,Liverpool,1,1,2,2,2,0,0
1960,Sheffield United,Stoke City,4,1,2,2,5,3,1
1960,Southampton,Brighton & Hove Albion,4,2,2,2,6,2,1
1960,Southampton,Leeds United,2,4,2,2,6,-2,0
1960,Southampton,Norwich City,2,2,2,2,4,0,0
1960,Southampton,Stoke City,0,1,2,2,1,-1,0
1960,Stoke City,Derby County,2,1,2,2,3,1,1
1960,Stoke City,Liverpool,3,1,2,2,4,2,1
1960,Stoke City,Norwich City,1,1,2,2,2,0,0
1960,Sunderland,Brighton & Hove Albion,2,1,2,2,3,1,1
1960,Sunderland,Derby County,1,2,2,2,3,-1,0
1960,Swansea City,Brighton & Hove Albion,2,3,2,2,5,-1,0
1960,Swansea City,Leeds United,3,2,2,2,5,1,1
1960,AFC Bournemouth,Colchester United,4,4,3,3,8,0,0
1960,AFC Bournemouth,Halifax Town,1,2,3,3,3,-1,0
1960,AFC Bournemouth,Notts County,1,3,3,3,4,-2,0
1960,AFC Bournemouth,Reading,2,0,3,3,2,2,1
1960,AFC Bournemouth,Swindon Town,2,1,3,3,3,1,1
1960,Barnsley,Bury,3,1,3,3,4,2,1
1960,Barnsley,Coventry City,4,1,3,3,5,3,1
1960,Bradford City,Chesterfield,3,2,3,3,5,1,1
1960,Bradford City,Grimsby Town,1,3,3,3,4,-2,0
1960,Bradford City,Newport County,1,2,3,3,3,-1,0
1960,Bradford City,Southend United,2,1,3,3,3,1,1
1960,Bradford City,Tranmere Rovers,1,1,3,3,2,0,0
1960,Brentford,Notts County,3,0,3,3,3,3,1
1960,Brentford,Swindon Town,2,1,3,3,3,1,1
1960,Brentford,Walsall,3,1,3,3,4,2,1
1960,Bristol City,Bury,1,2,3,3,3,-1,0
1960,Bristol City,Port Vale,3,4,3,3,7,-1,0
1960,Bristol City,Watford,4,1,3,3,5,3,1
1960,Bury,Chesterfield,3,3,3,3,6,0,0
1960,Bury,Queens Park Rangers,1,0,3,3,1,1,1
1960,Bury,Southend United,2,0,3,3,2,2,1
1960,Bury,Tranmere Rovers,3,0,3,3,3,3,1
1960,Chesterfield,Brentford,1,1,3,3,2,0,0
1960,Chesterfield,Colchester United,2,3,3,3,5,-1,0
1960,Chesterfield,Notts County,3,1,3,3,4,2,1
1960,Chesterfield,Reading,2,2,3,3,4,0,0
1960,Chesterfield,Walsall,1,2,3,3,3,-1,0
1960,Colchester United,Hull City,4,0,3,3,4,4,1
1960,Colchester United,Port Vale,2,0,3,3,2,2,1
1960,Coventry City,Bury,1,2,3,3,3,-1,0
1960,Coventry City,Southend United,3,0,3,3,3,3,1
1960,Grimsby Town,Brentford,0,0,3,3,0,0,0
1960,Grimsby Town,Notts County,1,1,3,3,2,0,0
1960,Halifax Town,Hull City,3,0,3,3,3,3,1
1960,Halifax Town,Shrewsbury Town,1,1,3,3,2,0,0
1960,Halifax Town,Torquay United,3,2,3,3,5,1,1
1960,Halifax Town,Watford,0,0,3,3,0,0,0
1960,Hull City,Bradford City,3,0,3,3,3,3,1
1960,Hull City,Bury,0,1,3,3,1,-1,0
1960,Hull City,Newport County,5,1,3,3,6,4,1
1960,Newport County,Chesterfield,5,1,3,3,6,4,1
1960,Newport County,Grimsby Town,1,1,3,3,2,0,0
1960,Newport County,Walsall,4,2,3,3,6,2,1
1960,Notts County,Torquay United,0,1,3,3,1,-1,0
1960,Notts County,Watford,3,1,3,3,4,2,1
1960,Port Vale,Queens Park Rangers,0,1,3,3,1,-1,0
1960,Port Vale,Southend United,4,0,3,3,4,4,1
1960,Queens Park Rangers,Reading,5,2,3,3,7,3,1
1960,Queens Park Rangers,Swindon Town,3,1,3,3,4,2,1
1960,Queens Park Rangers,Walsall,1,0,3,3,1,1,1
1960,Reading,Barnsley,0,1,3,3,1,-1,0
1960,Reading,Bristol City,1,1,3,3,2,0,0
1960,Reading,Notts County,2,0,3,3,2,2,1
1960,Reading,Shrewsbury Town,2,1,3,3,3,1,1
1960,Reading,Watford,1,1,3,3,2,0,0
1960,Shrewsbury Town,Bradford City,2,0,3,3,2,2,1
1960,Shrewsbury Town,Coventry City,2,1,3,3,3,1,1
1960,Shrewsbury Town,Hull City,0,0,3,3,0,0,0
1960,Shrewsbury Town,Port Vale,1,1,3,3,2,0,0
1960,Shrewsbury Town,Tranmere Rovers,1,2,3,3,3,-1,0
1960,Southend United,AFC Bournemouth,0,0,3,3,0,0,0
1960,Southend United,Grimsby Town,1,1,3,3,2,0,0
1960,Swindon Town,Barnsley,1,0,3,3,1,1,1
1960,Swindon Town,Bristol City,3,1,3,3,4,2,1
1960,Swindon Town,Colchester United,0,2,3,3,2,-2,0
1960,Swindon Town,Halifax Town,1,1,3,3,2,0,0
1960,Torquay United,Bradford City,2,1,3,3,3,1,1
1960,Torquay United,Bury,1,1,3,3,2,0,0
1960,Torquay United,Hull City,1,2,3,3,3,-1,0
1960,Torquay United,Port Vale,1,1,3,3,2,0,0
1960,Torquay United,Shrewsbury Town,2,0,3,3,2,2,1
1960,Tranmere Rovers,AFC Bournemouth,4,3,3,3,7,1,1
1960,Tranmere Rovers,Brentford,2,0,3,3,2,2,1
1960,Tranmere Rovers,Chesterfield,1,1,3,3,2,0,0
1960,Tranmere Rovers,Newport County,2,4,3,3,6,-2,0
1960,Tranmere Rovers,Queens Park Rangers,1,2,3,3,3,-1,0
1960,Walsall,Halifax Town,0,0,3,3,0,0,0
1960,Walsall,Reading,2,2,3,3,4,0,0
1960,Walsall,Watford,5,2,3,3,7,3,1
1960,Watford,Coventry City,7,2,3,3,9,5,1
1960,Watford,Shrewsbury Town,3,1,3,3,4,2,1
1960,Watford,Torquay United,3,0,3,3,3,3,1
1960,Accrington Stanley,Exeter City,0,1,4,4,1,-1,0
1960,Accrington Stanley,Oldham Athletic,5,1,4,4,6,4,1
1960,Accrington Stanley,Southport,2,1,4,4,3,1,1
1960,Aldershot,Gillingham,0,1,4,4,1,-1,0
1960,Aldershot,Peterborough United,1,1,4,4,2,0,0
1960,Barrow,Bradford Park Avenue,5,0,4,4,5,5,1
1960,Barrow,Doncaster Rovers,2,1,4,4,3,1,1
1960,Barrow,Hartlepool United,2,1,4,4,3,1,1
1960,Barrow,Northampton Town,1,0,4,4,1,1,1
1960,Barrow,Rochdale,1,0,4,4,1,1,1
1960,Bradford Park Avenue,Accrington Stanley,2,2,4,4,4,0,0
1960,Bradford Park Avenue,Crystal Palace,3,1,4,4,4,2,1
1960,Bradford Park Avenue,Southport,1,0,4,4,1,1,1
1960,Carlisle United,Chester,3,1,4,4,4,2,1
1960,Carlisle United,Darlington,4,4,4,4,8,0,0
1960,Carlisle United,Gillingham,1,3,4,4,4,-2,0
1960,Carlisle United,Millwall,1,2,4,4,3,-1,0
1960,Carlisle United,Stockport County,1,4,4,4,5,-3,0
1960,Chester,Barrow,0,0,4,4,0,0,0
1960,Chester,Crewe Alexandra,0,0,4,4,0,0,0
1960,Chester,Doncaster Rovers,1,2,4,4,3,-1,0
1960,Chester,Rochdale,3,1,4,4,4,2,1
1960,Chester,Workington,2,2,4,4,4,0,0
1960,Crewe Alexandra,Bradford Park Avenue,1,1,4,4,2,0,0
1960,Crewe Alexandra,Crystal Palace,1,2,4,4,3,-1,0
1960,Crewe Alexandra,Southport,0,1,4,4,1,-1,0
1960,Crewe Alexandra,Wrexham,2,1,4,4,3,1,1
1960,Crystal Palace,Aldershot,2,1,4,4,3,1,1
1960,Crystal Palace,Carlisle United,1,1,4,4,2,0,0
1960,Crystal Palace,Darlington,3,2,4,4,5,1,1
1960,Crystal Palace,Peterborough United,0,2,4,4,2,-2,0
1960,Crystal Palace,Stockport County,2,1,4,4,3,1,1
1960,Darlington,Doncaster Rovers,1,0,4,4,1,1,1
1960,Darlington,Hartlepool United,4,0,4,4,4,4,1
1960,Doncaster Rovers,Accrington Stanley,1,0,4,4,1,1,1
1960,Doncaster Rovers,Crewe Alexandra,6,0,4,4,6,6,1
1960,Doncaster Rovers,Southport,0,1,4,4,1,-1,0
1960,Doncaster Rovers,Wrexham,3,1,4,4,4,2,1
1960,Exeter City,Aldershot,1,0,4,4,1,1,1
1960,Exeter City,Carlisle United,0,0,4,4,0,0,0
1960,Exeter City,Gillingham,2,0,4,4,2,2,1
1960,Exeter City,Millwall,2,3,4,4,5,-1,0
1960,Exeter City,Stockport County,2,1,4,4,3,1,1
1960,Gillingham,Barrow,2,2,4,4,4,0,0
1960,Gillingham,Chester,3,0,4,4,3,3,1
1960,Gillingham,Darlington,0,1,4,4,1,-1,0
1960,Hartlepool United,Accrington Stanley,4,1,4,4,5,3,1
1960,Hartlepool United,Bradford Park Avenue,2,4,4,4,6,-2,0
1960,Hartlepool United,Crewe Alexandra,1,2,4,4,3,-1,0
1960,Hartlepool United,Doncaster Rovers,2,1,4,4,3,1,1
1960,Hartlepool United,Mansfield Town,3,2,4,4,5,1,1
1960,Hartlepool United,Southport,1,5,4,4,6,-4,0
1960,Mansfield Town,Aldershot,2,0,4,4,2,2,1
1960,Mansfield Town,Crystal Palace,1,2,4,4,3,-1,0
1960,Mansfield Town,Millwall,5,1,4,4,6,4,1
1960,Mansfield Town,Peterborough United,1,0,4,4,1,1,1
1960,Mansfield Town,Stockport County,2,2,4,4,4,0,0
1960,Mansfield Town,York City,1,3,4,4,4,-2,0
1960,Millwall,Barrow,3,0,4,4,3,3,1
1960,Millwall,Chester,5,1,4,4,6,4,1
1960,Millwall,Northampton Town,3,1,4,4,4,2,1
1960,Millwall,Rochdale,4,1,4,4,5,3,1
1960,Millwall,Workington,0,3,4,4,3,-3,0
1960,Northampton Town,Accrington Stanley,2,1,4,4,3,1,1
1960,Northampton Town,Hartlepool United,3,3,4,4,6,0,0
1960,Northampton Town,Wrexham,3,0,4,4,3,3,1
1960,Oldham Athletic,Aldershot,0,2,4,4,2,-2,0
1960,Oldham Athletic,Carlisle United,5,2,4,4,7,3,1
1960,Oldham Athletic,Crystal Palace,4,3,4,4,7,1,1
1960,Oldham Athletic,Exeter City,5,2,4,4,7,3,1
1960,Oldham Athletic,Peterborough United,1,1,4,4,2,0,0
1960,Oldham Athletic,Stockport County,3,0,4,4,3,3,1
1960,Oldham Athletic,York City,3,1,4,4,4,2,1
1960,Peterborough United,Chester,6,0,4,4,6,6,1
1960,Peterborough United,Darlington,5,1,4,4,6,4,1
1960,Peterborough United,Gillingham,2,0,4,4,2,2,1
1960,Peterborough United,Rochdale,4,3,4,4,7,1,1
1960,Rochdale,Accrington Stanley,3,2,4,4,5,1,1
1960,Rochdale,Crewe Alexandra,3,0,4,4,3,3,1
1960,Rochdale,Doncaster Rovers,2,1,4,4,3,1,1
1960,Rochdale,Hartlepool United,4,0,4,4,4,4,1
1960,Rochdale,Wrexham,2,1,4,4,3,1,1
1960,Southport,Aldershot,1,1,4,4,2,0,0
1960,Southport,Carlisle United,3,0,4,4,3,3,1
1960,Southport,Exeter City,2,0,4,4,2,2,1
1960,Southport,Mansfield Town,2,1,4,4,3,1,1
1960,Southport,Oldham Athletic,2,0,4,4,2,2,1
1960,Stockport County,Gillingham,2,0,4,4,2,2,1
1960,Stockport County,Millwall,3,1,4,4,4,2,1
1960,Stockport County,Peterborough United,0,6,4,4,6,-6,0
1960,Workington,Accrington Stanley,2,1,4,4,3,1,1
1960,Workington,Bradford Park Avenue,1,3,4,4,4,-2,0
1960,Workington,Hartlepool United,2,0,4,4,2,2,1
1960,Wrexham,Carlisle United,2,1,4,4,3,1,1
1960,Wrexham,Exeter City,3,1,4,4,4,2,1
1960,Wrexham,Mansfield Town,2,0,4,4,2,2,1
1960,York City,Barrow,2,0,4,4,2,2,1
1960,York City,Chester,2,0,4,4,2,2,1
1960,York City,Darlington,4,1,4,4,5,3,1
1960,York City,Gillingham,0,0,4,4,0,0,0
1960,York City,Peterborough United,0,1,4,4,1,-1,0
1960,York City,Stockport County,0,0,4,4,0,0,0
1961,Arsenal,Blackpool,3,0,1,1,3,3,1
1961,Arsenal,Cardiff City,1,1,1,1,2,0,0
1961,Arsenal,Manchester City,3,0,1,1,3,3,1
1961,Aston Villa,Arsenal,3,1,1,1,4,2,1
1961,Aston Villa,Fulham,2,0,1,1,2,2,1
1961,Aston Villa,Manchester City,2,1,1,1,3,1,1
1961,Aston Villa,Sheffield United,0,0,1,1,0,0,0
1961,Aston Villa,West Bromwich Albion,1,0,1,1,1,1,1
1961,Birmingham City,Cardiff City,3,0,1,1,3,3,1
1961,Birmingham City,Fulham,2,1,1,1,3,1,1
1961,Birmingham City,Sheffield United,3,0,1,1,3,3,1
1961,Birmingham City,West Bromwich Albion,1,2,1,1,3,-1,0
1961,Blackburn Rovers,Blackpool,1,1,1,1,2,0,0
1961,Blackburn Rovers,West Bromwich Albion,1,1,1,1,2,0,0
1961,Blackpool,Blackburn Rovers,2,1,1,1,3,1,1
1961,Blackpool,Cardiff City,3,0,1,1,3,3,1
1961,Blackpool,Fulham,2,1,1,1,3,1,1
1961,Bolton Wanderers,Arsenal,2,1,1,1,3,1,1
1961,Bolton Wanderers,Manchester City,0,2,1,1,2,-2,0
1961,Bolton Wanderers,Sheffield United,2,0,1,1,2,2,1
1961,Burnley,Arsenal,0,2,1,1,2,-2,0
1961,Burnley,Fulham,2,1,1,1,3,1,1
1961,Burnley,Manchester City,6,3,1,1,9,3,1
1961,Burnley,Sheffield United,4,2,1,1,6,2,1
1961,Burnley,West Bromwich Albion,3,1,1,1,4,2,1
1961,Cardiff City,Blackburn Rovers,1,1,1,1,2,0,0
1961,Cardiff City,Burnley,1,1,1,1,2,0,0
1961,Cardiff City,Manchester City,0,0,1,1,0,0,0
1961,Cardiff City,Sheffield United,1,1,1,1,2,0,0
1961,Cardiff City,West Bromwich Albion,2,2,1,1,4,0,0
1961,Chelsea,Arsenal,2,3,1,1,5,-1,0
1961,Chelsea,Blackburn Rovers,1,1,1,1,2,0,0
1961,Chelsea,Manchester City,1,1,1,1,2,0,0
1961,Everton,Burnley,2,2,1,1,4,0,0
1961,Everton,Fulham,3,0,1,1,3,3,1
1961,Everton,Manchester City,0,2,1,1,2,-2,0
1961,Fulham,Manchester City,3,4,1,1,7,-1,0
1961,Fulham,West Bromwich Albion,1,2,1,1,3,-1,0
1961,Ipswich Town,Arsenal,2,2,1,1,4,0,0
1961,Ipswich Town,Everton,4,2,1,1,6,2,1
1961,Ipswich Town,Manchester City,2,4,1,1,6,-2,0
1961,Ipswich Town,Sheffield United,4,0,1,1,4,4,1
1961,Ipswich Town,West Bromwich Albion,3,0,1,1,3,3,1
1961,Leicester City,Arsenal,0,1,1,1,1,-1,0
1961,Leicester City,Blackburn Rovers,2,0,1,1,2,2,1
1961,Leicester City,Burnley,2,6,1,1,8,-4,0
1961,Leicester City,Manchester City,2,0,1,1,2,2,1
1961,Manchester City,Arsenal,3,2,1,1,5,1,1
1961,Manchester City,Burnley,1,3,1,1,4,-2,0
1961,Manchester City,Everton,1,3,1,1,4,-2,0
1961,Manchester City,Leicester City,3,1,1,1,4,2,1
1961,Manchester City,Sheffield United,1,1,1,1,2,0,0
1961,Manchester City,West Bromwich Albion,3,1,1,1,4,2,1
1961,Manchester United,Arsenal,2,3,1,1,5,-1,0
1961,Manchester United,Blackburn Rovers,6,1,1,1,7,5,1
1961,Manchester United,Sheffield United,0,1,1,1,1,-1,0
1961,Manchester United,West Bromwich Albion,4,1,1,1,5,3,1
1961,Nottingham Forest,Arsenal,0,1,1,1,1,-1,0
1961,Nottingham Forest,Blackburn Rovers,1,2,1,1,3,-1,0
1961,Nottingham Forest,Everton,2,1,1,1,3,1,1
1961,Nottingham Forest,Leicester City,0,0,1,1,0,0,0
1961,Nottingham Forest,Sheffield United,2,0,1,1,2,2,1
1961,Sheffield United,Arsenal,2,1,1,1,3,1,1
1961,Sheffield United,Blackburn Rovers,0,0,1,1,0,0,0
1961,Sheffield United,Burnley,2,0,1,1,2,2,1
1961,Sheffield United,Everton,1,1,1,1,2,0,0
1961,Sheffield United,Leicester City,3,1,1,1,4,2,1
1961,Sheffield United,West Bromwich Albion,1,1,1,1,2,0,0
1961,Sheffield Wednesday,Blackburn Rovers,1,0,1,1,1,1,1
1961,Sheffield Wednesday,Everton,3,1,1,1,4,2,1
1961,Tottenham Hotspur,Arsenal,4,3,1,1,7,1,1
1961,Tottenham Hotspur,Nottingham Forest,4,2,1,1,6,2,1
1961,West Bromwich Albion,Everton,2,0,1,1,2,2,1
1961,West Bromwich Albion,Leicester City,2,0,1,1,2,2,1
1961,West Bromwich Albion,Nottingham Forest,2,2,1,1,4,0,0
1961,West Bromwich Albion,Tottenham Hotspur,2,4,1,1,6,-2,0
1961,West Ham United,Arsenal,3,3,1,1,6,0,0
1961,West Ham United,Everton,3,1,1,1,4,2,1
1961,West Ham United,Nottingham Forest,3,2,1,1,5,1,1
1961,Wolverhampton Wanderers,Arsenal,2,3,1,1,5,-1,0
1961,Wolverhampton Wanderers,Burnley,1,1,1,1,2,0,0
1961,Wolverhampton Wanderers,Everton,0,3,1,1,3,-3,0
1961,Wolverhampton Wanderers,Nottingham Forest,2,1,1,1,3,1,1
1961,Wolverhampton Wanderers,Tottenham Hotspur,3,1,1,1,4,2,1
1961,Brighton & Hove Albion,Scunthorpe United,0,3,2,2,3,-3,0
1961,Brighton & Hove Albion,Sunderland,1,1,2,2,2,0,0
1961,Bristol Rovers,Derby County,1,4,2,2,5,-3,0
1961,Bristol Rovers,Middlesbrough,0,2,2,2,2,-2,0
1961,Bury,Brighton & Hove Albion,2,1,2,2,3,1,1
1961,Bury,Derby County,2,2,2,2,4,0,0
1961,Bury,Leyton Orient,0,1,2,2,1,-1,0
1961,Bury,Middlesbrough,2,1,2,2,3,1,1
1961,Bury,Scunthorpe United,4,1,2,2,5,3,1
1961,Bury,Sunderland,3,2,2,2,5,1,1
1961,Charlton Athletic,Leyton Orient,1,2,2,2,3,-1,0
1961,Charlton Athletic,Middlesbrough,1,0,2,2,1,1,1
1961,Charlton Athletic,Scunthorpe United,3,3,2,2,6,0,0
1961,Derby County,Brighton & Hove Albion,2,0,2,2,2,2,1
1961,Derby County,Middlesbrough,3,2,2,2,5,1,1
1961,Derby County,Sunderland,1,1,2,2,2,0,0
1961,Huddersfield Town,Scunthorpe United,1,2,2,2,3,-1,0
1961,Huddersfield Town,Sunderland,0,0,2,2,0,0,0
1961,Leeds United,Brighton & Hove Albion,1,1,2,2,2,0,0
1961,Leeds United,Charlton Athletic,1,0,2,2,1,1,1
1961,Leeds United,Leyton Orient,0,0,2,2,0,0,0
1961,Leeds United,Plymouth Argyle,2,3,2,2,5,-1,0
1961,Leeds United,Scunthorpe United,1,4,2,2,5,-3,0
1961,Leyton Orient,Leeds United,0,0,2,2,0,0,0
1961,Leyton Orient,Plymouth Argyle,1,2,2,2,3,-1,0
1961,Liverpool,Brighton & Hove Albion,3,1,2,2,4,2,1
1961,Liverpool,Middlesbrough,5,1,2,2,6,4,1
1961,Liverpool,Scunthorpe United,2,1,2,2,3,1,1
1961,Luton Town,Brighton & Hove Albion,2,1,2,2,3,1,1
1961,Luton Town,Middlesbrough,3,2,2,2,5,1,1
1961,Luton Town,Scunthorpe United,1,2,2,2,3,-1,0
1961,Middlesbrough,Brighton & Hove Albion,4,0,2,2,4,4,1
1961,Middlesbrough,Plymouth Argyle,1,1,2,2,2,0,0
1961,Newcastle United,Luton Town,4,1,2,2,5,3,1
1961,Newcastle United,Sunderland,2,2,2,2,4,0,0
1961,Norwich City,Brighton & Hove Albion,3,0,2,2,3,3,1
1961,Norwich City,Leeds United,2,0,2,2,2,2,1
1961,Norwich City,Luton Town,0,4,2,2,4,-4,0
1961,Norwich City,Plymouth Argyle,0,2,2,2,2,-2,0
1961,Norwich City,Scunthorpe United,2,2,2,2,4,0,0
1961,Plymouth Argyle,Brighton & Hove Albion,5,0,2,2,5,5,1
1961,Plymouth Argyle,Leeds United,1,1,2,2,2,0,0
1961,Plymouth Argyle,Scunthorpe United,3,1,2,2,4,2,1
1961,Plymouth Argyle,Sunderland,3,2,2,2,5,1,1
1961,Preston North End,Charlton Athletic,2,0,2,2,2,2,1
1961,Preston North End,Norwich City,2,0,2,2,2,2,1
1961,Rotherham United,Brighton & Hove Albion,2,1,2,2,3,1,1
1961,Rotherham United,Charlton Athletic,3,2,2,2,5,1,1
1961,Rotherham United,Leeds United,2,1,2,2,3,1,1
1961,Rotherham United,Luton Town,1,1,2,2,2,0,0
1961,Rotherham United,Norwich City,3,1,2,2,4,2,1
1961,Rotherham United,Sunderland,0,3,2,2,3,-3,0
1961,Scunthorpe United,Charlton Athletic,6,1,2,2,7,5,1
1961,Scunthorpe United,Leeds United,2,1,2,2,3,1,1
1961,Scunthorpe United,Norwich City,2,0,2,2,2,2,1
1961,Scunthorpe United,Sunderland,3,1,2,2,4,2,1
1961,Southampton,Norwich City,2,2,2,2,4,0,0
1961,Southampton,Rotherham United,2,1,2,2,3,1,1
1961,Southampton,Sunderland,2,0,2,2,2,2,1
1961,Stoke City,Brighton & Hove Albion,0,1,2,2,1,-1,0
1961,Stoke City,Rotherham United,1,2,2,2,3,-1,0
1961,Stoke City,Sunderland,1,0,2,2,1,1,1
1961,Sunderland,Charlton Athletic,4,1,2,2,5,3,1
1961,Sunderland,Norwich City,2,0,2,2,2,2,1
1961,Sunderland,Rotherham United,4,0,2,2,4,4,1
1961,Swansea City,Charlton Athletic,1,0,2,2,1,1,1
1961,Swansea City,Leeds United,2,1,2,2,3,1,1
1961,Swansea City,Luton Town,3,2,2,2,5,1,1
1961,Swansea City,Norwich City,0,3,2,2,3,-3,0
1961,Swansea City,Rotherham United,2,2,2,2,4,0,0
1961,Swansea City,Stoke City,1,0,2,2,1,1,1
1961,Walsall,Charlton Athletic,2,2,2,2,4,0,0
1961,Walsall,Luton Town,2,0,2,2,2,2,1
1961,Walsall,Norwich City,5,0,2,2,5,5,1
1961,Walsall,Rotherham United,5,0,2,2,5,5,1
1961,Walsall,Stoke City,3,1,2,2,4,2,1
1961,AFC Bournemouth,Grimsby Town,2,3,3,3,5,-1,0
1961,AFC Bournemouth,Lincoln City,0,0,3,3,0,0,0
1961,AFC Bournemouth,Shrewsbury Town,0,0,3,3,0,0,0
1961,AFC Bournemouth,Torquay United,3,1,3,3,4,2,1
1961,Barnsley,Bradford Park Avenue,1,2,3,3,3,-1,0
1961,Barnsley,Halifax Town,1,2,3,3,3,-1,0
1961,Barnsley,Peterborough United,0,3,3,3,3,-3,0
1961,Barnsley,Southend United,1,1,3,3,2,0,0
1961,Barnsley,Watford,3,0,3,3,3,3,1
1961,Bradford Park Avenue,Brentford,1,2,3,3,3,-1,0
1961,Bradford Park Avenue,Northampton Town,1,2,3,3,3,-1,0
1961,Bradford Park Avenue,Port Vale,2,1,3,3,3,1,1
1961,Brentford,Notts County,0,1,3,3,1,-1,0
1961,Brentford,Portsmouth,3,2,3,3,5,1,1
1961,Bristol City,Barnsley,0,0,3,3,0,0,0
1961,Bristol City,Coventry City,3,2,3,3,5,1,1
1961,Bristol City,Halifax Town,4,3,3,3,7,1,1
1961,Bristol City,Newport County,1,2,3,3,3,-1,0
1961,Bristol City,Peterborough United,1,2,3,3,3,-1,0
1961,Bristol City,Queens Park Rangers,2,0,3,3,2,2,1
1961,Bristol City,Southend United,3,2,3,3,5,1,1
1961,Coventry City,Bradford Park Avenue,3,0,3,3,3,3,1
1961,Coventry City,Northampton Town,1,0,3,3,1,1,1
1961,Coventry City,Reading,1,0,3,3,1,1,1
1961,Coventry City,Swindon Town,2,1,3,3,3,1,1
1961,Crystal Palace,Grimsby Town,4,1,3,3,5,3,1
1961,Crystal Palace,Lincoln City,1,3,3,3,4,-2,0
1961,Crystal Palace,Notts County,4,1,3,3,5,3,1
1961,Crystal Palace,Portsmouth,1,2,3,3,3,-1,0
1961,Crystal Palace,Shrewsbury Town,2,1,3,3,3,1,1
1961,Crystal Palace,Torquay United,7,2,3,3,9,5,1
1961,Grimsby Town,Barnsley,4,0,3,3,4,4,1
1961,Grimsby Town,Bristol City,1,0,3,3,1,1,1
1961,Grimsby Town,Newport County,1,0,3,3,1,1,1
1961,Grimsby Town,Southend United,3,1,3,3,4,2,1
1961,Grimsby Town,Watford,5,3,3,3,8,2,1
1961,Halifax Town,Bradford Park Avenue,2,3,3,3,5,-1,0
1961,Halifax Town,Coventry City,0,2,3,3,2,-2,0
1961,Halifax Town,Hull City,2,1,3,3,3,1,1
1961,Halifax Town,Port Vale,3,3,3,3,6,0,0
1961,Halifax Town,Swindon Town,2,0,3,3,2,2,1
1961,Hull City,Brentford,3,0,3,3,3,3,1
1961,Hull City,Crystal Palace,2,4,3,3,6,-2,0
1961,Hull City,Lincoln City,1,0,3,3,1,1,1
1961,Hull City,Torquay United,4,0,3,3,4,4,1
1961,Lincoln City,Barnsley,2,2,3,3,4,0,0
1961,Lincoln City,Grimsby Town,1,1,3,3,2,0,0
1961,Lincoln City,Peterborough United,1,2,3,3,3,-1,0
1961,Lincoln City,Southend United,2,0,3,3,2,2,1
1961,Lincoln City,Watford,0,0,3,3,0,0,0
1961,Newport County,Bradford Park Avenue,1,2,3,3,3,-1,0
1961,Newport County,Coventry City,1,2,3,3,3,-1,0
1961,Newport County,Reading,0,0,3,3,0,0,0
1961,Northampton Town,AFC Bournemouth,0,3,3,3,3,-3,0
1961,Northampton Town,Brentford,5,0,3,3,5,5,1
1961,Northampton Town,Shrewsbury Town,3,1,3,3,4,2,1
1961,Notts County,Barnsley,0,2,3,3,2,-2,0
1961,Notts County,Bristol City,1,0,3,3,1,1,1
1961,Notts County,Grimsby Town,2,0,3,3,2,2,1
1961,Notts County,Lincoln City,1,0,3,3,1,1,1
1961,Notts County,Peterborough United,2,2,3,3,4,0,0
1961,Notts County,Queens Park Rangers,0,0,3,3,0,0,0
1961,Peterborough United,Bradford Park Avenue,1,0,3,3,1,1,1
1961,Peterborough United,Coventry City,2,3,3,3,5,-1,0
1961,Peterborough United,Newport County,2,1,3,3,3,1,1
1961,Peterborough United,Reading,1,0,3,3,1,1,1
1961,Peterborough United,Swindon Town,3,2,3,3,5,1,1
1961,Port Vale,Brentford,3,0,3,3,3,3,1
1961,Port Vale,Hull City,4,0,3,3,4,4,1
1961,Port Vale,Portsmouth,2,3,3,3,5,-1,0
1961,Port Vale,Torquay United,4,1,3,3,5,3,1
1961,Portsmouth,Barnsley,3,2,3,3,5,1,1
1961,Portsmouth,Bristol City,5,0,3,3,5,5,1
1961,Portsmouth,Grimsby Town,0,2,3,3,2,-2,0
1961,Portsmouth,Lincoln City,0,0,3,3,0,0,0
1961,Portsmouth,Watford,2,1,3,3,3,1,1
1961,Queens Park Rangers,Bradford Park Avenue,1,2,3,3,3,-1,0
1961,Queens Park Rangers,Peterborough United,3,3,3,3,6,0,0
1961,Queens Park Rangers,Reading,3,6,3,3,9,-3,0
1961,Queens Park Rangers,Swindon Town,6,1,3,3,7,5,1
1961,Reading,AFC Bournemouth,0,1,3,3,1,-1,0
1961,Reading,Crystal Palace,2,1,3,3,3,1,1
1961,Reading,Hull City,1,1,3,3,2,0,0
1961,Reading,Northampton Town,2,0,3,3,2,2,1
1961,Reading,Shrewsbury Town,3,0,3,3,3,3,1
1961,Reading,Torquay United,1,0,3,3,1,1,1
1961,Shrewsbury Town,Bristol City,2,2,3,3,4,0,0
1961,Shrewsbury Town,Grimsby Town,1,2,3,3,3,-1,0
1961,Shrewsbury Town,Portsmouth,0,1,3,3,1,-1,0
1961,Shrewsbury Town,Watford,5,1,3,3,6,4,1
1961,Southend United,Peterborough United,1,1,3,3,2,0,0
1961,Southend United,Swindon Town,0,2,3,3,2,-2,0
1961,Swindon Town,Northampton Town,2,2,3,3,4,0,0
1961,Swindon Town,Reading,4,1,3,3,5,3,1
1961,Swindon Town,Torquay United,0,1,3,3,1,-1,0
1961,Torquay United,Barnsley,6,2,3,3,8,4,1
1961,Torquay United,Bristol City,1,3,3,3,4,-2,0
1961,Torquay United,Watford,3,4,3,3,7,-1,0
1961,Watford,Bradford Park Avenue,0,2,3,3,2,-2,0
1961,Watford,Coventry City,0,1,3,3,1,-1,0
1961,Watford,Queens Park Rangers,3,2,3,3,5,1,1
1961,Watford,Southend United,1,3,3,3,4,-2,0
1961,Accrington Stanley,Carlisle United,1,0,4,4,1,1,1
1961,Accrington Stanley,Mansfield Town,0,0,4,4,0,0,0
1961,Accrington Stanley,Rochdale,0,2,4,4,2,-2,0
1961,Accrington Stanley,Workington,0,4,4,4,4,-4,0
1961,Aldershot,Chester,6,2,4,4,8,4,1
1961,Aldershot,Mansfield Town,4,2,4,4,6,2,1
1961,Aldershot,York City,2,0,4,4,2,2,1
1961,Barrow,Bradford City,1,1,4,4,2,0,0
1961,Barrow,Chesterfield,1,0,4,4,1,1,1
1961,Barrow,Darlington,3,0,4,4,3,3,1
1961,Barrow,Millwall,2,2,4,4,4,0,0
1961,Barrow,Southport,1,1,4,4,2,0,0
1961,Bradford City,Accrington Stanley,0,1,4,4,1,-1,0
1961,Bradford City,Colchester United,4,1,4,4,5,3,1
1961,Bradford City,Hartlepool United,5,1,4,4,6,4,1
1961,Bradford City,Stockport County,1,3,4,4,4,-2,0
1961,Carlisle United,Chester,2,0,4,4,2,2,1
1961,Carlisle United,Crewe Alexandra,3,0,4,4,3,3,1
1961,Carlisle United,Exeter City,2,1,4,4,3,1,1
1961,Carlisle United,Mansfield Town,1,0,4,4,1,1,1
1961,Chester,Workington,1,3,4,4,4,-2,0
1961,Chesterfield,Carlisle United,1,3,4,4,4,-2,0
1961,Chesterfield,Exeter City,2,0,4,4,2,2,1
1961,Chesterfield,Mansfield Town,0,4,4,4,4,-4,0
1961,Chesterfield,Tranmere Rovers,1,2,4,4,3,-1,0
1961,Colchester United,Barrow,1,1,4,4,2,0,0
1961,Colchester United,Chester,5,2,4,4,7,3,1
1961,Colchester United,Gillingham,6,0,4,4,6,6,1
1961,Colchester United,Millwall,2,2,4,4,4,0,0
1961,Colchester United,Southport,2,0,4,4,2,2,1
1961,Colchester United,Workington,6,1,4,4,7,5,1
1961,Crewe Alexandra,Accrington Stanley,4,0,4,4,4,4,1
1961,Crewe Alexandra,Hartlepool United,3,0,4,4,3,3,1
1961,Crewe Alexandra,Oldham Athletic,3,5,4,4,8,-2,0
1961,Crewe Alexandra,Wrexham,0,3,4,4,3,-3,0
1961,Darlington,Aldershot,2,0,4,4,2,2,1
1961,Darlington,Carlisle United,2,1,4,4,3,1,1
1961,Darlington,Mansfield Town,3,1,4,4,4,2,1
1961,Darlington,York City,0,0,4,4,0,0,0
1961,Doncaster Rovers,Gillingham,2,1,4,4,3,1,1
1961,Doncaster Rovers,Southport,1,2,4,4,3,-1,0
1961,Exeter City,Bradford City,1,2,4,4,3,-1,0
1961,Exeter City,Chesterfield,4,1,4,4,5,3,1
1961,Exeter City,Hartlepool United,1,1,4,4,2,0,0
1961,Exeter City,Oldham Athletic,3,3,4,4,6,0,0
1961,Gillingham,Aldershot,0,1,4,4,1,-1,0
1961,Gillingham,Carlisle United,4,1,4,4,5,3,1
1961,Gillingham,Doncaster Rovers,2,2,4,4,4,0,0
1961,Gillingham,Tranmere Rovers,0,1,4,4,1,-1,0
1961,Hartlepool United,Chesterfield,1,2,4,4,3,-1,0
1961,Hartlepool United,Darlington,2,0,4,4,2,2,1
1961,Hartlepool United,Gillingham,1,3,4,4,4,-2,0
1961,Hartlepool United,Stockport County,2,2,4,4,4,0,0
1961,Hartlepool United,Wrexham,1,4,4,4,5,-3,0
1961,Mansfield Town,Exeter City,3,1,4,4,4,2,1
1961,Mansfield Town,Millwall,0,0,4,4,0,0,0
1961,Mansfield Town,Southport,3,1,4,4,4,2,1
1961,Mansfield Town,Workington,4,1,4,4,5,3,1
1961,Millwall,Aldershot,2,1,4,4,3,1,1
1961,Millwall,Hartlepool United,3,2,4,4,5,1,1
1961,Millwall,Rochdale,1,1,4,4,2,0,0
1961,Oldham Athletic,Barrow,3,2,4,4,5,1,1
1961,Oldham Athletic,Crewe Alexandra,2,0,4,4,2,2,1
1961,Oldham Athletic,Mansfield Town,2,3,4,4,5,-1,0
1961,Oldham Athletic,Southport,2,1,4,4,3,1,1
1961,Oldham Athletic,Workington,0,2,4,4,2,-2,0
1961,Rochdale,Bradford City,4,1,4,4,5,3,1
1961,Rochdale,Gillingham,3,1,4,4,4,2,1
1961,Rochdale,Millwall,4,1,4,4,5,3,1
1961,Rochdale,Stockport County,3,3,4,4,6,0,0
1961,Southport,Chester,1,0,4,4,1,1,1
1961,Southport,Crewe Alexandra,2,0,4,4,2,2,1
1961,Southport,Rochdale,3,0,4,4,3,3,1
1961,Stockport County,Accrington Stanley,2,0,4,4,2,2,1
1961,Stockport County,Bradford City,3,1,4,4,4,2,1
1961,Stockport County,Darlington,3,0,4,4,3,3,1
1961,Stockport County,Southport,1,4,4,4,5,-3,0
1961,Stockport County,Wrexham,1,2,4,4,3,-1,0
1961,Tranmere Rovers,Aldershot,1,2,4,4,3,-1,0
1961,Tranmere Rovers,Carlisle United,0,3,4,4,3,-3,0
1961,Tranmere Rovers,Colchester United,5,2,4,4,7,3,1
1961,Tranmere Rovers,Doncaster Rovers,3,2,4,4,5,1,1
1961,Tranmere Rovers,Oldham Athletic,3,1,4,4,4,2,1
1961,Tranmere Rovers,Stockport County,1,3,4,4,4,-2,0
1961,Workington,Darlington,2,1,4,4,3,1,1
1961,Workington,Gillingham,5,1,4,4,6,4,1
1961,Workington,Wrexham,1,0,4,4,1,1,1
1961,Wrexham,Chester,0,0,4,4,0,0,0
1961,Wrexham,Exeter City,1,2,4,4,3,-1,0
1961,Wrexham,Mansfield Town,5,0,4,4,5,5,1
1961,York City,Accrington Stanley,1,0,4,4,1,1,1
1961,York City,Bradford City,4,0,4,4,4,4,1
1961,York City,Gillingham,4,0,4,4,4,4,1
1961,York City,Southport,2,2,4,4,4,0,0
1962,Arsenal,Birmingham City,2,0,1,1,2,2,1
1962,Arsenal,Fulham,3,0,1,1,3,3,1
1962,Arsenal,Manchester United,1,3,1,1,4,-2,0
1962,Arsenal,Sheffield Wednesday,1,2,1,1,3,-1,0
1962,Aston Villa,Bolton Wanderers,5,0,1,1,5,5,1
1962,Aston Villa,Fulham,1,2,1,1,3,-1,0
1962,Aston Villa,Manchester United,1,2,1,1,3,-1,0
1962,Aston Villa,West Ham United,3,1,1,1,4,2,1
1962,Birmingham City,Fulham,4,1,1,1,5,3,1
1962,Birmingham City,West Ham United,3,2,1,1,5,1,1
1962,Blackburn Rovers,Bolton Wanderers,5,0,1,1,5,5,1
1962,Blackburn Rovers,West Ham United,0,4,1,1,4,-4,0
1962,Blackpool,Aston Villa,4,0,1,1,4,4,1
1962,Blackpool,Leyton Orient,3,2,1,1,5,1,1
1962,Blackpool,West Ham United,0,0,1,1,0,0,0
1962,Bolton Wanderers,Aston Villa,4,1,1,1,5,3,1
1962,Bolton Wanderers,Sheffield Wednesday,0,4,1,1,4,-4,0
1962,Bolton Wanderers,West Ham United,3,0,1,1,3,3,1
1962,Burnley,Aston Villa,3,1,1,1,4,2,1
1962,Burnley,Blackpool,2,0,1,1,2,2,1
1962,Everton,Aston Villa,1,1,1,1,2,0,0
1962,Everton,Leyton Orient,3,0,1,1,3,3,1
1962,Everton,Manchester United,3,1,1,1,4,2,1
1962,Everton,Sheffield Wednesday,4,1,1,1,5,3,1
1962,Everton,West Ham United,1,1,1,1,2,0,0
1962,Fulham,Blackpool,2,0,1,1,2,2,1
1962,Ipswich Town,Aston Villa,1,1,1,1,2,0,0
1962,Ipswich Town,Manchester United,3,5,1,1,8,-2,0
1962,Ipswich Town,Sheffield Wednesday,2,0,1,1,2,2,1
1962,Leicester City,Everton,3,1,1,1,4,2,1
1962,Leicester City,Sheffield Wednesday,3,3,1,1,6,0,0
1962,Leyton Orient,Leicester City,0,2,1,1,2,-2,0
1962,Liverpool,Aston Villa,4,0,1,1,4,4,1
1962,Liverpool,Blackpool,1,2,1,1,3,-1,0
1962,Liverpool,Everton,0,0,1,1,0,0,0
1962,Liverpool,Sheffield Wednesday,0,2,1,1,2,-2,0
1962,Liverpool,West Ham United,2,1,1,1,3,1,1
1962,Manchester City,Blackpool,0,3,1,1,3,-3,0
1962,Manchester City,Everton,1,1,1,1,2,0,0
1962,Manchester City,Leicester City,1,1,1,1,2,0,0
1962,Manchester City,Manchester United,1,1,1,1,2,0,0
1962,Manchester United,Manchester City,2,3,1,1,5,-1,0
1962,Manchester United,Sheffield Wednesday,1,3,1,1,4,-2,0
1962,Nottingham Forest,Aston Villa,3,1,1,1,4,2,1
1962,Nottingham Forest,Blackpool,2,0,1,1,2,2,1
1962,Nottingham Forest,Everton,3,4,1,1,7,-1,0
1962,Nottingham Forest,Sheffield Wednesday,0,3,1,1,3,-3,0
1962,Sheffield United,Aston Villa,2,1,1,1,3,1,1
1962,Sheffield United,Leicester City,0,0,1,1,0,0,0
1962,Sheffield United,Sheffield Wednesday,2,2,1,1,4,0,0
1962,Sheffield United,West Ham United,0,2,1,1,2,-2,0
1962,Sheffield Wednesday,Blackpool,0,0,1,1,0,0,0
1962,Sheffield Wednesday,Everton,2,2,1,1,4,0,0
1962,Sheffield Wednesday,West Ham United,1,3,1,1,4,-2,0
1962,Tottenham Hotspur,Aston Villa,4,2,1,1,6,2,1
1962,Tottenham Hotspur,Blackpool,2,0,1,1,2,2,1
1962,Tottenham Hotspur,Everton,0,0,1,1,0,0,0
1962,Tottenham Hotspur,Leicester City,4,0,1,1,4,4,1
1962,Tottenham Hotspur,Manchester City,4,2,1,1,6,2,1
1962,Tottenham Hotspur,Sheffield United,4,2,1,1,6,2,1
1962,Tottenham Hotspur,West Ham United,4,4,1,1,8,0,0
1962,West Bromwich Albion,Aston Villa,1,0,1,1,1,1,1
1962,West Bromwich Albion,Everton,0,4,1,1,4,-4,0
1962,West Bromwich Albion,Leicester City,2,1,1,1,3,1,1
1962,West Bromwich Albion,Sheffield United,1,2,1,1,3,-1,0
1962,West Bromwich Albion,West Ham United,1,0,1,1,1,1,1
1962,West Ham United,Blackpool,2,2,1,1,4,0,0
1962,West Ham United,Everton,1,2,1,1,3,-1,0
1962,West Ham United,Manchester City,6,1,1,1,7,5,1
1962,West Ham United,West Bromwich Albion,2,2,1,1,4,0,0
1962,Wolverhampton Wanderers,Blackpool,2,0,1,1,2,2,1
1962,Wolverhampton Wanderers,Everton,0,2,1,1,2,-2,0
1962,Wolverhampton Wanderers,Manchester City,8,1,1,1,9,7,1
1962,Wolverhampton Wanderers,Sheffield United,0,0,1,1,0,0,0
1962,Bury,Norwich City,0,3,2,2,3,-3,0
1962,Bury,Preston North End,0,0,2,2,0,0,0
1962,Bury,Southampton,1,1,2,2,2,0,0
1962,Bury,Swansea City,2,0,2,2,2,2,1
1962,Cardiff City,Grimsby Town,5,3,2,2,8,2,1
1962,Cardiff City,Southampton,3,1,2,2,4,2,1
1962,Cardiff City,Swansea City,5,2,2,2,7,3,1
1962,Charlton Athletic,Norwich City,0,2,2,2,2,-2,0
1962,Charlton Athletic,Southampton,2,1,2,2,3,1,1
1962,Charlton Athletic,Swansea City,2,2,2,2,4,0,0
1962,Chelsea,Grimsby Town,2,1,2,2,3,1,1
1962,Chelsea,Norwich City,2,0,2,2,2,2,1
1962,Chelsea,Preston North End,2,0,2,2,2,2,1
1962,Chelsea,Swansea City,2,2,2,2,4,0,0
1962,Derby County,Preston North End,1,0,2,2,1,1,1
1962,Grimsby Town,Derby County,0,0,2,2,0,0,0
1962,Grimsby Town,Luton Town,3,1,2,2,4,2,1
1962,Grimsby Town,Norwich City,0,2,2,2,2,-2,0
1962,Grimsby Town,Southampton,4,1,2,2,5,3,1
1962,Grimsby Town,Swansea City,1,0,2,2,1,1,1
1962,Huddersfield Town,Derby County,3,3,2,2,6,0,0
1962,Huddersfield Town,Preston North End,1,0,2,2,1,1,1
1962,Huddersfield Town,Southampton,2,3,2,2,5,-1,0
1962,Huddersfield Town,Swansea City,4,1,2,2,5,3,1
1962,Leeds United,Swansea City,5,0,2,2,5,5,1
1962,Luton Town,Leeds United,2,2,2,2,4,0,0
1962,Luton Town,Preston North End,0,2,2,2,2,-2,0
1962,Middlesbrough,Cardiff City,3,2,2,2,5,1,1
1962,Middlesbrough,Derby County,5,1,2,2,6,4,1
1962,Middlesbrough,Leeds United,2,1,2,2,3,1,1
1962,Middlesbrough,Swansea City,2,2,2,2,4,0,0
1962,Newcastle United,Derby County,0,0,2,2,0,0,0
1962,Newcastle United,Preston North End,2,2,2,2,4,0,0
1962,Newcastle United,Southampton,4,1,2,2,5,3,1
1962,Newcastle United,Swansea City,6,0,2,2,6,6,1
1962,Norwich City,Southampton,1,0,2,2,1,1,1
1962,Norwich City,Swansea City,5,0,2,2,5,5,1
1962,Plymouth Argyle,Derby County,2,1,2,2,3,1,1
1962,Portsmouth,Cardiff City,2,0,2,2,2,2,1
1962,Portsmouth,Derby County,1,0,2,2,1,1,1
1962,Portsmouth,Newcastle United,3,1,2,2,4,2,1
1962,Portsmouth,Swansea City,0,0,2,2,0,0,0
1962,Preston North End,Derby County,1,0,2,2,1,1,1
1962,Preston North End,Newcastle United,2,1,2,2,3,1,1
1962,Preston North End,Portsmouth,4,2,2,2,6,2,1
1962,Rotherham United,Leeds United,2,1,2,2,3,1,1
1962,Rotherham United,Newcastle United,3,1,2,2,4,2,1
1962,Rotherham United,Portsmouth,0,0,2,2,0,0,0
1962,Rotherham United,Swansea City,2,1,2,2,3,1,1
1962,Scunthorpe United,Cardiff City,2,2,2,2,4,0,0
1962,Scunthorpe United,Leeds United,0,2,2,2,2,-2,0
1962,Scunthorpe United,Newcastle United,2,1,2,2,3,1,1
1962,Scunthorpe United,Southampton,2,1,2,2,3,1,1
1962,Southampton,Derby County,5,0,2,2,5,5,1
1962,Southampton,Leeds United,3,1,2,2,4,2,1
1962,Southampton,Scunthorpe United,1,1,2,2,2,0,0
1962,Stoke City,Cardiff City,1,0,2,2,1,1,1
1962,Stoke City,Leeds United,0,1,2,2,1,-1,0
1962,Stoke City,Portsmouth,3,1,2,2,4,2,1
1962,Sunderland,Derby County,3,0,2,2,3,3,1
1962,Sunderland,Leeds United,2,1,2,2,3,1,1
1962,Sunderland,Newcastle United,0,0,2,2,0,0,0
1962,Sunderland,Swansea City,3,1,2,2,4,2,1
1962,Swansea City,Derby County,2,0,2,2,2,2,1
1962,Swansea City,Newcastle United,1,0,2,2,1,1,1
1962,Swansea City,Portsmouth,0,0,2,2,0,0,0
1962,Swansea City,Scunthorpe United,1,0,2,2,1,1,1
1962,Walsall,Derby County,1,3,2,2,4,-2,0
1962,Walsall,Leeds United,1,1,2,2,2,0,0
1962,Walsall,Newcastle United,0,6,2,2,6,-6,0
1962,Walsall,Portsmouth,3,5,2,2,8,-2,0
1962,Walsall,Sunderland,2,3,2,2,5,-1,0
1962,AFC Bournemouth,Bristol Rovers,1,1,3,3,2,0,0
1962,AFC Bournemouth,Southend United,0,0,3,3,0,0,0
1962,Barnsley,Crystal Palace,0,4,3,3,4,-4,0
1962,Barnsley,Millwall,4,1,3,3,5,3,1
1962,Barnsley,Peterborough United,0,2,3,3,2,-2,0
1962,Barnsley,Reading,1,0,3,3,1,1,1
1962,Bradford Park Avenue,Bristol City,2,5,3,3,7,-3,0
1962,Bradford Park Avenue,Halifax Town,1,1,3,3,2,0,0
1962,Bradford Park Avenue,Northampton Town,2,3,3,3,5,-1,0
1962,Bradford Park Avenue,Watford,1,0,3,3,1,1,1
1962,Brighton & Hove Albion,Bristol Rovers,1,1,3,3,2,0,0
1962,Brighton & Hove Albion,Hull City,2,1,3,3,3,1,1
1962,Brighton & Hove Albion,Notts County,1,3,3,3,4,-2,0
1962,Bristol City,Bradford Park Avenue,4,2,3,3,6,2,1
1962,Bristol City,Crystal Palace,1,1,3,3,2,0,0
1962,Bristol City,Reading,4,2,3,3,6,2,1
1962,Bristol Rovers,AFC Bournemouth,1,2,3,3,3,-1,0
1962,Bristol Rovers,Brighton & Hove Albion,4,1,3,3,5,3,1
1962,Bristol Rovers,Colchester United,2,0,3,3,2,2,1
1962,Bristol Rovers,Halifax Town,5,2,3,3,7,3,1
1962,Bristol Rovers,Northampton Town,2,2,3,3,4,0,0
1962,Bristol Rovers,Shrewsbury Town,2,0,3,3,2,2,1
1962,Bristol Rovers,Watford,3,1,3,3,4,2,1
1962,Carlisle United,Barnsley,2,1,3,3,3,1,1
1962,Carlisle United,Coventry City,0,1,3,3,1,-1,0
1962,Carlisle United,Hull City,2,1,3,3,3,1,1
1962,Carlisle United,Queens Park Rangers,2,5,3,3,7,-3,0
1962,Carlisle United,Wrexham,2,1,3,3,3,1,1
1962,Colchester United,Bradford Park Avenue,1,4,3,3,5,-3,0
1962,Colchester United,Crystal Palace,1,2,3,3,3,-1,0
1962,Colchester United,Reading,4,2,3,3,6,2,1
1962,Colchester United,Swindon Town,0,2,3,3,2,-2,0
1962,Coventry City,Brighton & Hove Albion,1,1,3,3,2,0,0
1962,Coventry City,Halifax Town,5,4,3,3,9,1,1
1962,Coventry City,Northampton Town,1,1,3,3,2,0,0
1962,Coventry City,Port Vale,0,1,3,3,1,-1,0
1962,Coventry City,Shrewsbury Town,0,0,3,3,0,0,0
1962,Crystal Palace,Bristol City,3,2,3,3,5,1,1
1962,Crystal Palace,Colchester United,0,1,3,3,1,-1,0
1962,Crystal Palace,Wrexham,5,0,3,3,5,5,1
1962,Halifax Town,Bradford Park Avenue,4,4,3,3,8,0,0
1962,Halifax Town,Bristol Rovers,2,3,3,3,5,-1,0
1962,Halifax Town,Peterborough United,2,0,3,3,2,2,1
1962,Halifax Town,Reading,1,2,3,3,3,-1,0
1962,Halifax Town,Swindon Town,4,3,3,3,7,1,1
1962,Hull City,AFC Bournemouth,1,1,3,3,2,0,0
1962,Hull City,Northampton Town,2,0,3,3,2,2,1
1962,Hull City,Watford,1,0,3,3,1,1,1
1962,Millwall,Barnsley,4,1,3,3,5,3,1
1962,Millwall,Colchester United,2,1,3,3,3,1,1
1962,Millwall,Notts County,0,2,3,3,2,-2,0
1962,Millwall,Wrexham,2,4,3,3,6,-2,0
1962,Northampton Town,Bradford Park Avenue,3,1,3,3,4,2,1
1962,Northampton Town,Bristol Rovers,2,0,3,3,2,2,1
1962,Northampton Town,Coventry City,0,0,3,3,0,0,0
1962,Northampton Town,Hull City,3,0,3,3,3,3,1
1962,Northampton Town,Reading,5,0,3,3,5,5,1
1962,Northampton Town,Swindon Town,1,1,3,3,2,0,0
1962,Notts County,Carlisle United,1,0,3,3,1,1,1
1962,Notts County,Port Vale,1,0,3,3,1,1,1
1962,Notts County,Shrewsbury Town,1,5,3,3,6,-4,0
1962,Notts County,Watford,1,3,3,3,4,-2,0
1962,Peterborough United,Barnsley,4,2,3,3,6,2,1
1962,Peterborough United,Colchester United,6,2,3,3,8,4,1
1962,Peterborough United,Wrexham,1,3,3,3,4,-2,0
1962,Port Vale,Bristol Rovers,2,0,3,3,2,2,1
1962,Port Vale,Hull City,1,0,3,3,1,1,1
1962,Port Vale,Notts County,1,1,3,3,2,0,0
1962,Port Vale,Reading,2,0,3,3,2,2,1
1962,Port Vale,Swindon Town,2,1,3,3,3,1,1
1962,Queens Park Rangers,AFC Bournemouth,1,0,3,3,1,1,1
1962,Queens Park Rangers,Brighton & Hove Albion,2,2,3,3,4,0,0
1962,Queens Park Rangers,Carlisle United,2,2,3,3,4,0,0
1962,Queens Park Rangers,Crystal Palace,4,1,3,3,5,3,1
1962,Queens Park Rangers,Peterborough United,0,0,3,3,0,0,0
1962,Queens Park Rangers,Watford,2,2,3,3,4,0,0
1962,Reading,Barnsley,4,1,3,3,5,3,1
1962,Reading,Halifax Town,4,2,3,3,6,2,1
1962,Reading,Northampton Town,2,1,3,3,3,1,1
1962,Reading,Port Vale,4,3,3,3,7,1,1
1962,Reading,Southend United,1,3,3,3,4,-2,0
1962,Shrewsbury Town,Hull City,1,4,3,3,5,-3,0
1962,Shrewsbury Town,Swindon Town,1,2,3,3,3,-1,0
1962,Southend United,AFC Bournemouth,0,1,3,3,1,-1,0
1962,Southend United,Carlisle United,2,0,3,3,2,2,1
1962,Southend United,Watford,1,1,3,3,2,0,0
1962,Swindon Town,Barnsley,2,1,3,3,3,1,1
1962,Swindon Town,Bristol City,3,2,3,3,5,1,1
1962,Swindon Town,Northampton Town,2,3,3,3,5,-1,0
1962,Swindon Town,Port Vale,2,3,3,3,5,-1,0
1962,Swindon Town,Shrewsbury Town,1,0,3,3,1,1,1
1962,Swindon Town,Wrexham,3,0,3,3,3,3,1
1962,Watford,Bradford Park Avenue,3,2,3,3,5,1,1
1962,Watford,Bristol Rovers,0,1,3,3,1,-1,0
1962,Watford,Coventry City,6,1,3,3,7,5,1
1962,Watford,Notts County,4,0,3,3,4,4,1
1962,Wrexham,AFC Bournemouth,1,0,3,3,1,1,1
1962,Wrexham,Crystal Palace,3,4,3,3,7,-1,0
1962,Wrexham,Peterborough United,4,4,3,3,8,0,0
1962,Wrexham,Reading,1,1,3,3,2,0,0
1962,Wrexham,Swindon Town,0,0,3,3,0,0,0
1962,Aldershot,Bradford City,3,1,4,4,4,2,1
1962,Aldershot,Hartlepool United,3,2,4,4,5,1,1
1962,Aldershot,Rochdale,2,0,4,4,2,2,1
1962,Barrow,Brentford,1,1,4,4,2,0,0
1962,Barrow,Crewe Alexandra,2,3,4,4,5,-1,0
1962,Barrow,Lincoln City,2,1,4,4,3,1,1
1962,Barrow,Southport,6,2,4,4,8,4,1
1962,Barrow,Tranmere Rovers,1,1,4,4,2,0,0
1962,Bradford City,Darlington,3,0,4,4,3,3,1
1962,Bradford City,Workington,2,2,4,4,4,0,0
1962,Brentford,Barrow,2,1,4,4,3,1,1
1962,Brentford,Rochdale,1,0,4,4,1,1,1
1962,Chester,Bradford City,2,0,4,4,2,2,1
1962,Chester,Oldham Athletic,1,0,4,4,1,1,1
1962,Chester,Tranmere Rovers,0,0,4,4,0,0,0
1962,Chesterfield,Aldershot,3,1,4,4,4,2,1
1962,Chesterfield,Brentford,1,1,4,4,2,0,0
1962,Chesterfield,Gillingham,0,2,4,4,2,-2,0
1962,Chesterfield,Oxford United,1,0,4,4,1,1,1
1962,Chesterfield,Workington,1,1,4,4,2,0,0
1962,Crewe Alexandra,Chester,3,0,4,4,3,3,1
1962,Crewe Alexandra,Doncaster Rovers,3,0,4,4,3,3,1
1962,Crewe Alexandra,Hartlepool United,4,1,4,4,5,3,1
1962,Crewe Alexandra,Torquay United,1,1,4,4,2,0,0
1962,Darlington,Exeter City,0,1,4,4,1,-1,0
1962,Darlington,Lincoln City,0,0,4,4,0,0,0
1962,Darlington,Tranmere Rovers,2,3,4,4,5,-1,0
1962,Doncaster Rovers,Stockport County,1,2,4,4,3,-1,0
1962,Doncaster Rovers,Workington,2,0,4,4,2,2,1
1962,Exeter City,Chester,2,1,4,4,3,1,1
1962,Exeter City,Newport County,1,0,4,4,1,1,1
1962,Exeter City,Rochdale,0,2,4,4,2,-2,0
1962,Exeter City,York City,2,1,4,4,3,1,1
1962,Gillingham,Doncaster Rovers,1,0,4,4,1,1,1
1962,Gillingham,Lincoln City,3,0,4,4,3,3,1
1962,Gillingham,Oldham Athletic,4,3,4,4,7,1,1
1962,Hartlepool United,Brentford,2,1,4,4,3,1,1
1962,Hartlepool United,Crewe Alexandra,1,5,4,4,6,-4,0
1962,Hartlepool United,Exeter City,0,2,4,4,2,-2,0
1962,Hartlepool United,Mansfield Town,3,4,4,4,7,-1,0
1962,Hartlepool United,Oxford United,1,2,4,4,3,-1,0
1962,Hartlepool United,Stockport County,3,0,4,4,3,3,1
1962,Lincoln City,Barrow,1,2,4,4,3,-1,0
1962,Lincoln City,Chester,1,3,4,4,4,-2,0
1962,Lincoln City,York City,2,4,4,4,6,-2,0
1962,Mansfield Town,Doncaster Rovers,4,2,4,4,6,2,1
1962,Mansfield Town,Hartlepool United,3,1,4,4,4,2,1
1962,Mansfield Town,Oldham Athletic,4,2,4,4,6,2,1
1962,Newport County,Exeter City,4,0,4,4,4,4,1
1962,Newport County,Stockport County,3,1,4,4,4,2,1
1962,Oldham Athletic,Chester,2,0,4,4,2,2,1
1962,Oldham Athletic,Darlington,1,0,4,4,1,1,1
1962,Oldham Athletic,Mansfield Town,3,2,4,4,5,1,1
1962,Oldham Athletic,Rochdale,5,1,4,4,6,4,1
1962,Oxford United,Bradford City,2,1,4,4,3,1,1
1962,Oxford United,Chesterfield,0,0,4,4,0,0,0
1962,Oxford United,Hartlepool United,6,2,4,4,8,4,1
1962,Oxford United,Newport County,5,1,4,4,6,4,1
1962,Oxford United,Southport,0,0,4,4,0,0,0
1962,Rochdale,Brentford,3,5,4,4,8,-2,0
1962,Rochdale,Exeter City,3,0,4,4,3,3,1
1962,Rochdale,Stockport County,1,0,4,4,1,1,1
1962,Southport,Chester,4,1,4,4,5,3,1
1962,Southport,Darlington,4,2,4,4,6,2,1
1962,Southport,Oxford United,4,2,4,4,6,2,1
1962,Southport,Torquay United,4,4,4,4,8,0,0
1962,Southport,York City,2,1,4,4,3,1,1
1962,Stockport County,Chesterfield,0,1,4,4,1,-1,0
1962,Stockport County,Doncaster Rovers,2,1,4,4,3,1,1
1962,Stockport County,Hartlepool United,4,1,4,4,5,3,1
1962,Stockport County,Newport County,1,1,4,4,2,0,0
1962,Stockport County,Tranmere Rovers,2,2,4,4,4,0,0
1962,Torquay United,Aldershot,3,1,4,4,4,2,1
1962,Torquay United,Brentford,1,1,4,4,2,0,0
1962,Torquay United,Exeter City,3,0,4,4,3,3,1
1962,Torquay United,Oldham Athletic,2,0,4,4,2,2,1
1962,Torquay United,Workington,2,0,4,4,2,2,1
1962,Tranmere Rovers,Barrow,2,0,4,4,2,2,1
1962,Tranmere Rovers,Chester,3,0,4,4,3,3,1
1962,Tranmere Rovers,Gillingham,2,1,4,4,3,1,1
1962,Tranmere Rovers,York City,2,1,4,4,3,1,1
1962,Workington,Bradford City,2,3,4,4,5,-1,0
1962,Workington,Newport County,4,0,4,4,4,4,1
1962,Workington,Rochdale,1,0,4,4,1,1,1
1962,Workington,Torquay United,1,2,4,4,3,-1,0
1962,York City,Crewe Alexandra,2,0,4,4,2,2,1
1962,York City,Lincoln City,3,1,4,4,4,2,1
1963,Arsenal,Birmingham City,4,1,1,1,5,3,1
1963,Arsenal,Bolton Wanderers,4,3,1,1,7,1,1
1963,Arsenal,Everton,6,0,1,1,6,6,1
1963,Arsenal,Leicester City,0,1,1,1,1,-1,0
1963,Arsenal,Stoke City,1,1,1,1,2,0,0
1963,Aston Villa,Birmingham City,0,3,1,1,3,-3,0
1963,Aston Villa,Bolton Wanderers,3,0,1,1,3,3,1
1963,Aston Villa,Stoke City,1,3,1,1,4,-2,0
1963,Aston Villa,West Ham United,2,2,1,1,4,0,0
1963,Birmingham City,Aston Villa,3,3,1,1,6,0,0
1963,Birmingham City,Bolton Wanderers,2,1,1,1,3,1,1
1963,Birmingham City,Everton,0,2,1,1,2,-2,0
1963,Birmingham City,Leicester City,2,0,1,1,2,2,1
1963,Birmingham City,Nottingham Forest,3,3,1,1,6,0,0
1963,Birmingham City,Stoke City,0,1,1,1,1,-1,0
1963,Birmingham City,West Ham United,2,1,1,1,3,1,1
1963,Blackburn Rovers,Aston Villa,2,0,1,1,2,2,1
1963,Blackburn Rovers,Bolton Wanderers,3,0,1,1,3,3,1
1963,Blackpool,Bolton Wanderers,2,0,1,1,2,2,1
1963,Blackpool,West Ham United,0,1,1,1,1,-1,0
1963,Bolton Wanderers,Aston Villa,1,1,1,1,2,0,0
1963,Bolton Wanderers,Blackpool,1,1,1,1,2,0,0
1963,Bolton Wanderers,Everton,1,3,1,1,4,-2,0
1963,Bolton Wanderers,Stoke City,3,4,1,1,7,-1,0
1963,Burnley,Everton,2,3,1,1,5,-1,0
1963,Burnley,Leicester City,2,0,1,1,2,2,1
1963,Burnley,Nottingham Forest,1,1,1,1,2,0,0
1963,Chelsea,Everton,1,0,1,1,1,1,1
1963,Chelsea,Leicester City,1,0,1,1,1,1,1
1963,Everton,Aston Villa,4,2,1,1,6,2,1
1963,Everton,Chelsea,1,1,1,1,2,0,0
1963,Everton,Stoke City,2,0,1,1,2,2,1
1963,Fulham,Aston Villa,2,0,1,1,2,2,1
1963,Fulham,Blackpool,1,1,1,1,2,0,0
1963,Fulham,Chelsea,0,1,1,1,1,-1,0
1963,Fulham,Leicester City,2,1,1,1,3,1,1
1963,Ipswich Town,Blackpool,4,3,1,1,7,1,1
1963,Ipswich Town,Leicester City,1,1,1,1,2,0,0
1963,Ipswich Town,Nottingham Forest,4,3,1,1,7,1,1
1963,Leicester City,Blackpool,2,3,1,1,5,-1,0
1963,Leicester City,Chelsea,2,4,1,1,6,-2,0
1963,Leicester City,Ipswich Town,2,1,1,1,3,1,1
1963,Leicester City,Nottingham Forest,1,1,1,1,2,0,0
1963,Liverpool,Aston Villa,5,2,1,1,7,3,1
1963,Liverpool,Chelsea,2,1,1,1,3,1,1
1963,Liverpool,Ipswich Town,6,0,1,1,6,6,1
1963,Manchester United,Chelsea,1,1,1,1,2,0,0
1963,Manchester United,West Ham United,0,1,1,1,1,-1,0
1963,Nottingham Forest,Manchester United,1,2,1,1,3,-1,0
1963,Nottingham Forest,Stoke City,0,0,1,1,0,0,0
1963,Sheffield United,Aston Villa,1,1,1,1,2,0,0
1963,Sheffield United,Blackpool,1,0,1,1,1,1,1
1963,Sheffield United,Chelsea,1,1,1,1,2,0,0
1963,Sheffield United,Ipswich Town,3,1,1,1,4,2,1
1963,Sheffield United,West Ham United,2,1,1,1,3,1,1
1963,Sheffield Wednesday,Aston Villa,1,0,1,1,1,1,1
1963,Sheffield Wednesday,Chelsea,3,2,1,1,5,1,1
1963,Sheffield Wednesday,Manchester United,3,3,1,1,6,0,0
1963,Sheffield Wednesday,West Ham United,3,0,1,1,3,3,1
1963,Stoke City,Aston Villa,2,2,1,1,4,0,0
1963,Stoke City,Blackpool,1,2,1,1,3,-1,0
1963,Stoke City,Ipswich Town,9,1,1,1,10,8,1
1963,Stoke City,Sheffield Wednesday,4,4,1,1,8,0,0
1963,Stoke City,West Ham United,3,0,1,1,3,3,1
1963,Tottenham Hotspur,Aston Villa,3,1,1,1,4,2,1
1963,Tottenham Hotspur,Blackpool,6,1,1,1,7,5,1
1963,Tottenham Hotspur,Chelsea,1,2,1,1,3,-1,0
1963,Tottenham Hotspur,Ipswich Town,6,3,1,1,9,3,1
1963,Tottenham Hotspur,West Ham United,3,0,1,1,3,3,1
1963,West Bromwich Albion,Aston Villa,4,3,1,1,7,1,1
1963,West Bromwich Albion,Chelsea,1,1,1,1,2,0,0
1963,West Bromwich Albion,Ipswich Town,2,1,1,1,3,1,1
1963,West Bromwich Albion,Manchester United,1,4,1,1,5,-3,0
1963,West Bromwich Albion,Sheffield Wednesday,1,3,1,1,4,-2,0
1963,West Ham United,Blackpool,3,1,1,1,4,2,1
1963,West Ham United,Ipswich Town,2,2,1,1,4,0,0
1963,West Ham United,Manchester United,0,2,1,1,2,-2,0
1963,Wolverhampton Wanderers,Chelsea,4,1,1,1,5,3,1
1963,Wolverhampton Wanderers,Sheffield Wednesday,1,1,1,1,2,0,0
1963,Bury,Charlton Athletic,0,2,2,2,2,-2,0
1963,Bury,Manchester City,1,1,2,2,2,0,0
1963,Bury,Portsmouth,3,2,2,2,5,1,1
1963,Bury,Scunthorpe United,3,2,2,2,5,1,1
1963,Bury,Swansea City,3,2,2,2,5,1,1
1963,Cardiff City,Charlton Athletic,1,1,2,2,2,0,0
1963,Cardiff City,Portsmouth,1,2,2,2,3,-1,0
1963,Cardiff City,Swansea City,1,1,2,2,2,0,0
1963,Charlton Athletic,Cardiff City,5,2,2,2,7,3,1
1963,Charlton Athletic,Manchester City,4,3,2,2,7,1,1
1963,Charlton Athletic,Northampton Town,1,1,2,2,2,0,0
1963,Charlton Athletic,Scunthorpe United,0,1,2,2,1,-1,0
1963,Derby County,Cardiff City,2,1,2,2,3,1,1
1963,Derby County,Huddersfield Town,2,0,2,2,2,2,1
1963,Derby County,Portsmouth,3,1,2,2,4,2,1
1963,Derby County,Swansea City,3,0,2,2,3,3,1
1963,Grimsby Town,Cardiff City,0,2,2,2,2,-2,0
1963,Grimsby Town,Huddersfield Town,2,2,2,2,4,0,0
1963,Grimsby Town,Portsmouth,0,3,2,2,3,-3,0
1963,Grimsby Town,Swansea City,1,1,2,2,2,0,0
1963,Huddersfield Town,Manchester City,0,2,2,2,2,-2,0
1963,Leeds United,Cardiff City,1,1,2,2,2,0,0
1963,Leeds United,Grimsby Town,3,1,2,2,4,2,1
1963,Leeds United,Manchester City,1,0,2,2,1,1,1
1963,Leeds United,Scunthorpe United,1,0,2,2,1,1,1
1963,Leyton Orient,Northampton Town,0,0,2,2,0,0,0
1963,Leyton Orient,Portsmouth,3,6,2,2,9,-3,0
1963,Leyton Orient,Swansea City,4,0,2,2,4,4,1
1963,Manchester City,Cardiff City,4,0,2,2,4,4,1
1963,Manchester City,Grimsby Town,0,4,2,2,4,-4,0
1963,Manchester City,Leyton Orient,2,0,2,2,2,2,1
1963,Manchester City,Northampton Town,3,0,2,2,3,3,1
1963,Manchester City,Portsmouth,0,2,2,2,2,-2,0
1963,Manchester City,Scunthorpe United,8,1,2,2,9,7,1
1963,Middlesbrough,Cardiff City,3,1,2,2,4,2,1
1963,Middlesbrough,Grimsby Town,6,0,2,2,6,6,1
1963,Middlesbrough,Portsmouth,3,1,2,2,4,2,1
1963,Middlesbrough,Scunthorpe United,2,0,2,2,2,2,1
1963,Newcastle United,Cardiff City,0,4,2,2,4,-4,0
1963,Newcastle United,Leyton Orient,3,0,2,2,3,3,1
1963,Newcastle United,Northampton Town,2,3,2,2,5,-1,0
1963,Northampton Town,Cardiff City,2,1,2,2,3,1,1
1963,Northampton Town,Leyton Orient,1,2,2,2,3,-1,0
1963,Northampton Town,Newcastle United,2,2,2,2,4,0,0
1963,Northampton Town,Swansea City,2,3,2,2,5,-1,0
1963,Norwich City,Cardiff City,5,1,2,2,6,4,1
1963,Norwich City,Leyton Orient,1,2,2,2,3,-1,0
1963,Norwich City,Portsmouth,3,1,2,2,4,2,1
1963,Norwich City,Scunthorpe United,2,1,2,2,3,1,1
1963,Plymouth Argyle,Cardiff City,1,1,2,2,2,0,0
1963,Plymouth Argyle,Grimsby Town,3,2,2,2,5,1,1
1963,Plymouth Argyle,Leyton Orient,2,2,2,2,4,0,0
1963,Plymouth Argyle,Scunthorpe United,3,1,2,2,4,2,1
1963,Portsmouth,Leyton Orient,4,3,2,2,7,1,1
1963,Portsmouth,Swansea City,0,0,2,2,0,0,0
1963,Preston North End,Cardiff City,4,0,2,2,4,4,1
1963,Preston North End,Plymouth Argyle,0,0,2,2,0,0,0
1963,Rotherham United,Newcastle United,2,3,2,2,5,-1,0
1963,Rotherham United,Scunthorpe United,2,1,2,2,3,1,1
1963,Rotherham United,Swansea City,3,0,2,2,3,3,1
1963,Scunthorpe United,Cardiff City,1,2,2,2,3,-1,0
1963,Scunthorpe United,Grimsby Town,2,2,2,2,4,0,0
1963,Scunthorpe United,Leyton Orient,0,0,2,2,0,0,0
1963,Scunthorpe United,Newcastle United,2,0,2,2,2,2,1
1963,Scunthorpe United,Plymouth Argyle,1,0,2,2,1,1,1
1963,Scunthorpe United,Swansea City,2,2,2,2,4,0,0
1963,Southampton,Cardiff City,3,2,2,2,5,1,1
1963,Southampton,Leyton Orient,3,0,2,2,3,3,1
1963,Southampton,Newcastle United,2,0,2,2,2,2,1
1963,Southampton,Rotherham United,6,1,2,2,7,5,1
1963,Sunderland,Grimsby Town,3,0,2,2,3,3,1
1963,Swansea City,Cardiff City,3,0,2,2,3,3,1
1963,Swansea City,Plymouth Argyle,2,1,2,2,3,1,1
1963,Swansea City,Rotherham United,4,2,2,2,6,2,1
1963,Swansea City,Sunderland,1,2,2,2,3,-1,0
1963,Swindon Town,Leyton Orient,5,0,2,2,5,5,1
1963,Swindon Town,Sunderland,1,0,2,2,1,1,1
1963,AFC Bournemouth,Brentford,2,0,3,3,2,2,1
1963,AFC Bournemouth,Colchester United,2,2,3,3,4,0,0
1963,AFC Bournemouth,Mansfield Town,0,0,3,3,0,0,0
1963,AFC Bournemouth,Queens Park Rangers,4,2,3,3,6,2,1
1963,AFC Bournemouth,Wrexham,2,0,3,3,2,2,1
1963,Barnsley,Hull City,2,2,3,3,4,0,0
1963,Brentford,Crewe Alexandra,2,2,3,3,4,0,0
1963,Brentford,Luton Town,2,6,3,3,8,-4,0
1963,Brentford,Watford,1,2,3,3,3,-1,0
1963,Bristol City,Crystal Palace,1,1,3,3,2,0,0
1963,Bristol City,Queens Park Rangers,2,1,3,3,3,1,1
1963,Bristol City,Southend United,2,2,3,3,4,0,0
1963,Bristol Rovers,Hull City,4,0,3,3,4,4,1
1963,Bristol Rovers,Millwall,2,2,3,3,4,0,0
1963,Bristol Rovers,Peterborough United,2,2,3,3,4,0,0
1963,Bristol Rovers,Reading,2,5,3,3,7,-3,0
1963,Bristol Rovers,Walsall,3,0,3,3,3,3,1
1963,Colchester United,AFC Bournemouth,1,2,3,3,3,-1,0
1963,Colchester United,Shrewsbury Town,1,0,3,3,1,1,1
1963,Colchester United,Watford,1,1,3,3,2,0,0
1963,Coventry City,Barnsley,3,1,3,3,4,2,1
1963,Coventry City,Mansfield Town,0,3,3,3,3,-3,0
1963,Crewe Alexandra,Colchester United,1,1,3,3,2,0,0
1963,Crewe Alexandra,Peterborough United,0,0,3,3,0,0,0
1963,Crewe Alexandra,Walsall,0,1,3,3,1,-1,0
1963,Crystal Palace,AFC Bournemouth,2,1,3,3,3,1,1
1963,Crystal Palace,Bristol City,1,0,3,3,1,1,1
1963,Crystal Palace,Coventry City,1,1,3,3,2,0,0
1963,Crystal Palace,Notts County,2,0,3,3,2,2,1
1963,Crystal Palace,Port Vale,2,0,3,3,2,2,1
1963,Hull City,Bristol Rovers,0,2,3,3,2,-2,0
1963,Hull City,Oldham Athletic,0,1,3,3,1,-1,0
1963,Luton Town,Brentford,0,2,3,3,2,-2,0
1963,Luton Town,Colchester United,3,1,3,3,4,2,1
1963,Luton Town,Crystal Palace,0,4,3,3,4,-4,0
1963,Luton Town,Reading,2,1,3,3,3,1,1
1963,Mansfield Town,Hull City,2,0,3,3,2,2,1
1963,Mansfield Town,Notts County,4,0,3,3,4,4,1
1963,Mansfield Town,Watford,1,1,3,3,2,0,0
1963,Millwall,Luton Town,3,0,3,3,3,3,1
1963,Millwall,Queens Park Rangers,2,2,3,3,4,0,0
1963,Notts County,Brentford,2,0,3,3,2,2,1
1963,Notts County,Crystal Palace,1,1,3,3,2,0,0
1963,Notts County,Mansfield Town,1,0,3,3,1,1,1
1963,Notts County,Peterborough United,0,0,3,3,0,0,0
1963,Notts County,Reading,0,1,3,3,1,-1,0
1963,Notts County,Walsall,0,1,3,3,1,-1,0
1963,Oldham Athletic,Bristol City,1,2,3,3,3,-1,0
1963,Oldham Athletic,Coventry City,2,0,3,3,2,2,1
1963,Oldham Athletic,Hull City,1,1,3,3,2,0,0
1963,Oldham Athletic,Millwall,1,2,3,3,3,-1,0
1963,Peterborough United,Bristol Rovers,2,2,3,3,4,0,0
1963,Peterborough United,Luton Town,0,0,3,3,0,0,0
1963,Peterborough United,Notts County,5,1,3,3,6,4,1
1963,Peterborough United,Southend United,3,0,3,3,3,3,1
1963,Peterborough United,Wrexham,5,2,3,3,7,3,1
1963,Port Vale,Colchester United,0,2,3,3,2,-2,0
1963,Port Vale,Crystal Palace,1,2,3,3,3,-1,0
1963,Port Vale,Mansfield Town,1,0,3,3,1,1,1
1963,Port Vale,Reading,0,0,3,3,0,0,0
1963,Queens Park Rangers,AFC Bournemouth,1,0,3,3,1,1,1
1963,Queens Park Rangers,Hull City,0,2,3,3,2,-2,0
1963,Queens Park Rangers,Peterborough United,3,0,3,3,3,3,1
1963,Queens Park Rangers,Shrewsbury Town,3,4,3,3,7,-1,0
1963,Queens Park Rangers,Watford,1,0,3,3,1,1,1
1963,Reading,Barnsley,6,1,3,3,7,5,1
1963,Reading,Luton Town,1,1,3,3,2,0,0
1963,Reading,Port Vale,1,0,3,3,1,1,1
1963,Reading,Wrexham,2,1,3,3,3,1,1
1963,Shrewsbury Town,Brentford,1,1,3,3,2,0,0
1963,Shrewsbury Town,Colchester United,1,1,3,3,2,0,0
1963,Shrewsbury Town,Mansfield Town,2,0,3,3,2,2,1
1963,Shrewsbury Town,Queens Park Rangers,1,2,3,3,3,-1,0
1963,Southend United,Coventry City,1,2,3,3,3,-1,0
1963,Southend United,Millwall,1,1,3,3,2,0,0
1963,Southend United,Peterborough United,2,0,3,3,2,2,1
1963,Southend United,Watford,3,0,3,3,3,3,1
1963,Walsall,Barnsley,4,4,3,3,8,0,0
1963,Walsall,Bristol Rovers,2,3,3,3,5,-1,0
1963,Walsall,Notts County,2,1,3,3,3,1,1
1963,Walsall,Shrewsbury Town,1,1,3,3,2,0,0
1963,Watford,Brentford,2,2,3,3,4,0,0
1963,Watford,Crystal Palace,3,1,3,3,4,2,1
1963,Watford,Oldham Athletic,2,1,3,3,3,1,1
1963,Watford,Queens Park Rangers,3,1,3,3,4,2,1
1963,Wrexham,AFC Bournemouth,3,4,3,3,7,-1,0
1963,Wrexham,Millwall,3,0,3,3,3,3,1
1963,Aldershot,Darlington,1,2,4,4,3,-1,0
1963,Aldershot,Rochdale,1,1,4,4,2,0,0
1963,Barrow,Chester,2,2,4,4,4,0,0
1963,Barrow,Doncaster Rovers,0,2,4,4,2,-2,0
1963,Barrow,Southport,1,3,4,4,4,-2,0
1963,Bradford City,Aldershot,3,0,4,4,3,3,1
1963,Bradford City,Chesterfield,4,2,4,4,6,2,1
1963,Bradford City,Exeter City,1,2,4,4,3,-1,0
1963,Bradford City,Hartlepool United,2,0,4,4,2,2,1
1963,Bradford City,Stockport County,1,0,4,4,1,1,1
1963,Bradford Park Avenue,Gillingham,1,0,4,4,1,1,1
1963,Bradford Park Avenue,Lincoln City,0,1,4,4,1,-1,0
1963,Bradford Park Avenue,Torquay United,1,1,4,4,2,0,0
1963,Brighton & Hove Albion,Bradford City,1,2,4,4,3,-1,0
1963,Brighton & Hove Albion,Doncaster Rovers,4,0,4,4,4,4,1
1963,Brighton & Hove Albion,Newport County,1,2,4,4,3,-1,0
1963,Brighton & Hove Albion,Southport,1,0,4,4,1,1,1
1963,Brighton & Hove Albion,Tranmere Rovers,1,1,4,4,2,0,0
1963,Carlisle United,Aldershot,4,0,4,4,4,4,1
1963,Carlisle United,Bradford Park Avenue,4,0,4,4,4,4,1
1963,Carlisle United,Chesterfield,1,0,4,4,1,1,1
1963,Carlisle United,Exeter City,3,0,4,4,3,3,1
1963,Carlisle United,Hartlepool United,7,1,4,4,8,6,1
1963,Carlisle United,Oxford United,2,1,4,4,3,1,1
1963,Chester,Barrow,2,0,4,4,2,2,1
1963,Chester,Rochdale,2,0,4,4,2,2,1
1963,Chester,Torquay United,2,1,4,4,3,1,1
1963,Chesterfield,Carlisle United,2,0,4,4,2,2,1
1963,Chesterfield,Halifax Town,2,2,4,4,4,0,0
1963,Chesterfield,Newport County,0,1,4,4,1,-1,0
1963,Chesterfield,Southport,1,0,4,4,1,1,1
1963,Chesterfield,Tranmere Rovers,1,1,4,4,2,0,0
1963,Darlington,Aldershot,0,1,4,4,1,-1,0
1963,Darlington,Hartlepool United,0,0,4,4,0,0,0
1963,Darlington,Oxford United,3,0,4,4,3,3,1
1963,Darlington,Stockport County,2,3,4,4,5,-1,0
1963,Darlington,Workington,1,1,4,4,2,0,0
1963,Doncaster Rovers,Barrow,3,1,4,4,4,2,1
1963,Doncaster Rovers,Rochdale,2,0,4,4,2,2,1
1963,Doncaster Rovers,York City,0,0,4,4,0,0,0
1963,Exeter City,Bradford City,4,1,4,4,5,3,1
1963,Exeter City,Halifax Town,0,0,4,4,0,0,0
1963,Exeter City,Tranmere Rovers,5,0,4,4,5,5,1
1963,Gillingham,Aldershot,2,0,4,4,2,2,1
1963,Gillingham,Oxford United,2,0,4,4,2,2,1
1963,Gillingham,Workington,3,1,4,4,4,2,1
1963,Halifax Town,Barrow,1,0,4,4,1,1,1
1963,Halifax Town,Chesterfield,3,2,4,4,5,1,1
1963,Halifax Town,Lincoln City,0,2,4,4,2,-2,0
1963,Halifax Town,Torquay United,5,1,4,4,6,4,1
1963,Hartlepool United,Bradford City,1,0,4,4,1,1,1
1963,Hartlepool United,Carlisle United,0,6,4,4,6,-6,0
1963,Hartlepool United,Darlington,0,2,4,4,2,-2,0
1963,Hartlepool United,Gillingham,0,0,4,4,0,0,0
1963,Hartlepool United,Tranmere Rovers,3,2,4,4,5,1,1
1963,Lincoln City,Aldershot,3,3,4,4,6,0,0
1963,Lincoln City,Bradford Park Avenue,3,0,4,4,3,3,1
1963,Lincoln City,Chester,3,2,4,4,5,1,1
1963,Lincoln City,Oxford United,3,2,4,4,5,1,1
1963,Newport County,Brighton & Hove Albion,2,0,4,4,2,2,1
1963,Newport County,Rochdale,1,1,4,4,2,0,0
1963,Oxford United,Bradford City,1,1,4,4,2,0,0
1963,Oxford United,Carlisle United,1,2,4,4,3,-1,0
1963,Oxford United,Darlington,5,0,4,4,5,5,1
1963,Oxford United,Lincoln City,2,0,4,4,2,2,1
1963,Rochdale,Bradford Park Avenue,0,0,4,4,0,0,0
1963,Rochdale,Chester,1,0,4,4,1,1,1
1963,Rochdale,Stockport County,1,0,4,4,1,1,1
1963,Southport,Oxford United,1,1,4,4,2,0,0
1963,Southport,Torquay United,1,0,4,4,1,1,1
1963,Stockport County,Bradford City,2,1,4,4,3,1,1
1963,Stockport County,Gillingham,2,0,4,4,2,2,1
1963,Stockport County,Tranmere Rovers,1,1,4,4,2,0,0
1963,Torquay United,Aldershot,3,0,4,4,3,3,1
1963,Torquay United,Chester,5,0,4,4,5,5,1
1963,Torquay United,Southport,3,1,4,4,4,2,1
1963,Tranmere Rovers,Hartlepool United,2,3,4,4,5,-1,0
1963,Tranmere Rovers,Oxford United,1,3,4,4,4,-2,0
1963,Tranmere Rovers,Stockport County,4,2,4,4,6,2,1
1963,Workington,Carlisle United,2,2,4,4,4,0,0
1963,Workington,Lincoln City,1,1,4,4,2,0,0
1963,York City,Bradford Park Avenue,2,0,4,4,2,2,1
1963,York City,Chester,1,0,4,4,1,1,1
1963,York City,Doncaster Rovers,3,1,4,4,4,2,1
1963,York City,Tranmere Rovers,1,2,4,4,3,-1,0
1964,Arsenal,Birmingham City,3,0,1,1,3,3,1
1964,Arsenal,Burnley,3,2,1,1,5,1,1
1964,Arsenal,Sheffield United,1,1,1,1,2,0,0
1964,Arsenal,Sunderland,3,1,1,1,4,2,1
1964,Aston Villa,Birmingham City,3,0,1,1,3,3,1
1964,Aston Villa,Burnley,1,0,1,1,1,1,1
1964,Aston Villa,West Ham United,2,3,1,1,5,-1,0
1964,Birmingham City,Burnley,2,1,1,1,3,1,1
1964,Birmingham City,Fulham,2,2,1,1,4,0,0
1964,Birmingham City,Sheffield United,1,1,1,1,2,0,0
1964,Birmingham City,Sunderland,4,3,1,1,7,1,1
1964,Birmingham City,West Ham United,2,1,1,1,3,1,1
1964,Blackburn Rovers,Aston Villa,5,1,1,1,6,4,1
1964,Blackburn Rovers,Fulham,2,0,1,1,2,2,1
1964,Blackburn Rovers,Liverpool,3,2,1,1,5,1,1
1964,Blackpool,Aston Villa,3,1,1,1,4,2,1
1964,Blackpool,Burnley,2,4,1,1,6,-2,0
1964,Blackpool,Liverpool,2,3,1,1,5,-1,0
1964,Blackpool,West Ham United,1,2,1,1,3,-1,0
1964,Burnley,Fulham,4,0,1,1,4,4,1
1964,Burnley,Liverpool,1,5,1,1,6,-4,0
1964,Chelsea,Aston Villa,2,1,1,1,3,1,1
1964,Chelsea,Blackpool,2,0,1,1,2,2,1
1964,Chelsea,Sheffield United,3,0,1,1,3,3,1
1964,Everton,Aston Villa,3,1,1,1,4,2,1
1964,Everton,Fulham,2,0,1,1,2,2,1
1964,Everton,Sunderland,1,1,1,1,2,0,0
1964,Everton,West Ham United,1,1,1,1,2,0,0
1964,Fulham,Aston Villa,1,1,1,1,2,0,0
1964,Fulham,Liverpool,1,1,1,1,2,0,0
1964,Fulham,Sheffield United,1,2,1,1,3,-1,0
1964,Fulham,Sunderland,1,0,1,1,1,1,1
1964,Fulham,West Ham United,1,2,1,1,3,-1,0
1964,Leeds United,Blackpool,3,0,1,1,3,3,1
1964,Leeds United,Liverpool,4,2,1,1,6,2,1
1964,Leeds United,Sheffield United,4,1,1,1,5,3,1
1964,Leeds United,West Ham United,2,1,1,1,3,1,1
1964,Leicester City,Everton,2,1,1,1,3,1,1
1964,Leicester City,Liverpool,2,0,1,1,2,2,1
1964,Leicester City,Sheffield United,0,2,1,1,2,-2,0
1964,Leicester City,West Ham United,1,0,1,1,1,1,1
1964,Liverpool,Aston Villa,5,1,1,1,6,4,1
1964,Liverpool,Blackpool,2,2,1,1,4,0,0
1964,Liverpool,Leicester City,0,1,1,1,1,-1,0
1964,Liverpool,Sunderland,0,0,1,1,0,0,0
1964,Liverpool,West Ham United,2,2,1,1,4,0,0
1964,Manchester United,Leicester City,1,0,1,1,1,1,1
1964,Manchester United,Sheffield United,1,1,1,1,2,0,0
1964,Manchester United,Sunderland,1,0,1,1,1,1,1
1964,Nottingham Forest,Aston Villa,4,2,1,1,6,2,1
1964,Nottingham Forest,Sheffield United,0,0,1,1,0,0,0
1964,Sheffield United,Blackpool,1,3,1,1,4,-2,0
1964,Sheffield United,Everton,0,0,1,1,0,0,0
1964,Sheffield United,Leicester City,0,2,1,1,2,-2,0
1964,Sheffield United,Nottingham Forest,0,2,1,1,2,-2,0
1964,Sheffield Wednesday,Aston Villa,3,1,1,1,4,2,1
1964,Sheffield Wednesday,Everton,0,1,1,1,1,-1,0
1964,Sheffield Wednesday,Sunderland,2,0,1,1,2,2,1
1964,Stoke City,Aston Villa,2,1,1,1,3,1,1
1964,Stoke City,Nottingham Forest,1,1,1,1,2,0,0
1964,Stoke City,Sunderland,3,1,1,1,4,2,1
1964,Sunderland,Aston Villa,2,2,1,1,4,0,0
1964,Sunderland,Everton,4,0,1,1,4,4,1
1964,Sunderland,Leicester City,3,3,1,1,6,0,0
1964,Tottenham Hotspur,Aston Villa,4,0,1,1,4,4,1
1964,Tottenham Hotspur,Blackpool,4,1,1,1,5,3,1
1964,Tottenham Hotspur,Nottingham Forest,4,0,1,1,4,4,1
1964,West Bromwich Albion,Aston Villa,3,1,1,1,4,2,1
1964,West Bromwich Albion,Leicester City,6,0,1,1,6,6,1
1964,West Bromwich Albion,Stoke City,5,3,1,1,8,2,1
1964,West Ham United,Blackpool,2,1,1,1,3,1,1
1964,West Ham United,Leicester City,0,0,1,1,0,0,0
1964,West Ham United,Nottingham Forest,2,3,1,1,5,-1,0
1964,West Ham United,West Bromwich Albion,6,1,1,1,7,5,1
1964,Wolverhampton Wanderers,Aston Villa,0,1,1,1,1,-1,0
1964,Bolton Wanderers,Ipswich Town,0,0,2,2,0,0,0
1964,Bolton Wanderers,Middlesbrough,4,2,2,2,6,2,1
1964,Bolton Wanderers,Norwich City,5,2,2,2,7,3,1
1964,Bolton Wanderers,Preston North End,5,1,2,2,6,4,1
1964,Bury,Cardiff City,1,2,2,2,3,-1,0
1964,Bury,Ipswich Town,0,1,2,2,1,-1,0
1964,Bury,Norwich City,1,0,2,2,1,1,1
1964,Bury,Preston North End,1,1,2,2,2,0,0
1964,Cardiff City,Bury,4,0,2,2,4,4,1
1964,Cardiff City,Norwich City,1,3,2,2,4,-2,0
1964,Cardiff City,Swansea City,5,0,2,2,5,5,1
1964,Charlton Athletic,Ipswich Town,4,0,2,2,4,4,1
1964,Charlton Athletic,Norwich City,2,1,2,2,3,1,1
1964,Charlton Athletic,Swansea City,1,0,2,2,1,1,1
1964,Coventry City,Ipswich Town,5,3,2,2,8,2,1
1964,Coventry City,Middlesbrough,3,0,2,2,3,3,1
1964,Coventry City,Preston North End,3,0,2,2,3,3,1
1964,Coventry City,Swansea City,3,0,2,2,3,3,1
1964,Crystal Palace,Bury,0,2,2,2,2,-2,0
1964,Crystal Palace,Norwich City,2,0,2,2,2,2,1
1964,Crystal Palace,Preston North End,1,0,2,2,1,1,1
1964,Derby County,Bury,3,1,2,2,4,2,1
1964,Derby County,Ipswich Town,2,3,2,2,5,-1,0
1964,Derby County,Preston North End,3,1,2,2,4,2,1
1964,Huddersfield Town,Bury,0,2,2,2,2,-2,0
1964,Huddersfield Town,Norwich City,0,0,2,2,0,0,0
1964,Huddersfield Town,Preston North End,3,0,2,2,3,3,1
1964,Huddersfield Town,Swansea City,4,0,2,2,4,4,1
1964,Ipswich Town,Coventry City,1,3,2,2,4,-2,0
1964,Ipswich Town,Huddersfield Town,3,2,2,2,5,1,1
1964,Ipswich Town,Norwich City,3,0,2,2,3,3,1
1964,Ipswich Town,Preston North End,1,5,2,2,6,-4,0
1964,Leyton Orient,Bury,1,0,2,2,1,1,1
1964,Leyton Orient,Coventry City,1,3,2,2,4,-2,0
1964,Leyton Orient,Norwich City,2,3,2,2,5,-1,0
1964,Leyton Orient,Preston North End,2,1,2,2,3,1,1
1964,Leyton Orient,Swansea City,2,3,2,2,5,-1,0
1964,Manchester City,Coventry City,1,1,2,2,2,0,0
1964,Manchester City,Huddersfield Town,2,3,2,2,5,-1,0
1964,Manchester City,Middlesbrough,1,1,2,2,2,0,0
1964,Manchester City,Norwich City,0,2,2,2,2,-2,0
1964,Manchester City,Swansea City,1,0,2,2,1,1,1
1964,Middlesbrough,Bury,3,3,2,2,6,0,0
1964,Middlesbrough,Coventry City,2,3,2,2,5,-1,0
1964,Middlesbrough,Manchester City,0,1,2,2,1,-1,0
1964,Middlesbrough,Preston North End,1,1,2,2,2,0,0
1964,Middlesbrough,Swansea City,4,0,2,2,4,4,1
1964,Newcastle United,Coventry City,2,0,2,2,2,2,1
1964,Newcastle United,Manchester City,0,0,2,2,0,0,0
1964,Newcastle United,Norwich City,2,0,2,2,2,2,1
1964,Newcastle United,Preston North End,5,2,2,2,7,3,1
1964,Northampton Town,Bury,2,0,2,2,2,2,1
1964,Northampton Town,Huddersfield Town,3,2,2,2,5,1,1
1964,Northampton Town,Manchester City,2,0,2,2,2,2,1
1964,Norwich City,Huddersfield Town,0,2,2,2,2,-2,0
1964,Norwich City,Northampton Town,1,1,2,2,2,0,0
1964,Plymouth Argyle,Huddersfield Town,0,0,2,2,0,0,0
1964,Plymouth Argyle,Preston North End,0,1,2,2,1,-1,0
1964,Plymouth Argyle,Swansea City,2,1,2,2,3,1,1
1964,Portsmouth,Bury,2,1,2,2,3,1,1
1964,Portsmouth,Huddersfield Town,3,0,2,2,3,3,1
1964,Portsmouth,Preston North End,1,0,2,2,1,1,1
1964,Preston North End,Huddersfield Town,2,0,2,2,2,2,1
1964,Preston North End,Manchester City,2,5,2,2,7,-3,0
1964,Preston North End,Northampton Town,2,2,2,2,4,0,0
1964,Rotherham United,Coventry City,0,2,2,2,2,-2,0
1964,Rotherham United,Northampton Town,1,1,2,2,2,0,0
1964,Southampton,Bury,3,1,2,2,4,2,1
1964,Southampton,Swansea City,3,1,2,2,4,2,1
1964,Swansea City,Huddersfield Town,2,2,2,2,4,0,0
1964,Swansea City,Manchester City,3,0,2,2,3,3,1
1964,Swansea City,Portsmouth,0,0,2,2,0,0,0
1964,Swindon Town,Huddersfield Town,4,1,2,2,5,3,1
1964,Swindon Town,Manchester City,0,1,2,2,1,-1,0
1964,Swindon Town,Southampton,2,1,2,2,3,1,1
1964,AFC Bournemouth,Brentford,0,1,3,3,1,-1,0
1964,AFC Bournemouth,Carlisle United,0,4,3,3,4,-4,0
1964,AFC Bournemouth,Luton Town,4,0,3,3,4,4,1
1964,AFC Bournemouth,Peterborough United,0,1,3,3,1,-1,0
1964,AFC Bournemouth,Reading,3,2,3,3,5,1,1
1964,Barnsley,Bristol City,1,2,3,3,3,-1,0
1964,Barnsley,Colchester United,1,2,3,3,3,-1,0
1964,Barnsley,Grimsby Town,1,0,3,3,1,1,1
1964,Barnsley,Mansfield Town,2,3,3,3,5,-1,0
1964,Barnsley,Walsall,0,1,3,3,1,-1,0
1964,Brentford,Oldham Athletic,2,2,3,3,4,0,0
1964,Brentford,Queens Park Rangers,5,2,3,3,7,3,1
1964,Brentford,Shrewsbury Town,2,0,3,3,2,2,1
1964,Brentford,Watford,5,1,3,3,6,4,1
1964,Bristol City,Carlisle United,1,2,3,3,3,-1,0
1964,Bristol City,Luton Town,1,0,3,3,1,1,1
1964,Bristol City,Peterborough United,3,1,3,3,4,2,1
1964,Bristol City,Workington,5,0,3,3,5,5,1
1964,Bristol Rovers,Colchester United,2,2,3,3,4,0,0
1964,Bristol Rovers,Grimsby Town,5,3,3,3,8,2,1
1964,Bristol Rovers,Scunthorpe United,2,0,3,3,2,2,1
1964,Carlisle United,Exeter City,2,1,3,3,3,1,1
1964,Carlisle United,Hull City,0,0,3,3,0,0,0
1964,Carlisle United,Oldham Athletic,2,0,3,3,2,2,1
1964,Carlisle United,Shrewsbury Town,2,1,3,3,3,1,1
1964,Colchester United,Bristol Rovers,1,1,3,3,2,0,0
1964,Colchester United,Luton Town,0,1,3,3,1,-1,0
1964,Colchester United,Peterborough United,0,1,3,3,1,-1,0
1964,Colchester United,Southend United,3,1,3,3,4,2,1
1964,Exeter City,Brentford,0,0,3,3,0,0,0
1964,Exeter City,Carlisle United,0,0,3,3,0,0,0
1964,Exeter City,Grimsby Town,4,1,3,3,5,3,1
1964,Exeter City,Walsall,0,1,3,3,1,-1,0
1964,Gillingham,Bristol City,2,0,3,3,2,2,1
1964,Gillingham,Colchester United,2,1,3,3,3,1,1
1964,Gillingham,Queens Park Rangers,2,2,3,3,4,0,0
1964,Grimsby Town,Peterborough United,2,0,3,3,2,2,1
1964,Grimsby Town,Southend United,1,0,3,3,1,1,1
1964,Hull City,Gillingham,1,1,3,3,2,0,0
1964,Hull City,Scunthorpe United,1,2,3,3,3,-1,0
1964,Luton Town,Bristol City,0,0,3,3,0,0,0
1964,Luton Town,Colchester United,3,1,3,3,4,2,1
1964,Luton Town,Queens Park Rangers,2,0,3,3,2,2,1
1964,Luton Town,Watford,2,4,3,3,6,-2,0
1964,Mansfield Town,Barnsley,4,3,3,3,7,1,1
1964,Mansfield Town,Hull City,2,1,3,3,3,1,1
1964,Mansfield Town,Reading,2,1,3,3,3,1,1
1964,Oldham Athletic,Gillingham,2,0,3,3,2,2,1
1964,Oldham Athletic,Luton Town,0,2,3,3,2,-2,0
1964,Oldham Athletic,Port Vale,0,1,3,3,1,-1,0
1964,Peterborough United,AFC Bournemouth,4,3,3,3,7,1,1
1964,Peterborough United,Bristol City,0,1,3,3,1,-1,0
1964,Peterborough United,Grimsby Town,3,1,3,3,4,2,1
1964,Peterborough United,Mansfield Town,4,5,3,3,9,-1,0
1964,Peterborough United,Shrewsbury Town,4,1,3,3,5,3,1
1964,Peterborough United,Watford,2,1,3,3,3,1,1
1964,Port Vale,Bristol Rovers,1,1,3,3,2,0,0
1964,Port Vale,Hull City,0,3,3,3,3,-3,0
1964,Port Vale,Oldham Athletic,2,1,3,3,3,1,1
1964,Port Vale,Workington,2,0,3,3,2,2,1
1964,Queens Park Rangers,Scunthorpe United,2,1,3,3,3,1,1
1964,Queens Park Rangers,Walsall,1,0,3,3,1,1,1
1964,Reading,Port Vale,1,1,3,3,2,0,0
1964,Reading,Shrewsbury Town,3,1,3,3,4,2,1
1964,Reading,Watford,6,2,3,3,8,4,1
1964,Scunthorpe United,Bristol Rovers,1,1,3,3,2,0,0
1964,Scunthorpe United,Exeter City,0,0,3,3,0,0,0
1964,Scunthorpe United,Hull City,1,1,3,3,2,0,0
1964,Scunthorpe United,Oldham Athletic,1,1,3,3,2,0,0
1964,Scunthorpe United,Queens Park Rangers,2,1,3,3,3,1,1
1964,Scunthorpe United,Southend United,2,1,3,3,3,1,1
1964,Scunthorpe United,Workington,1,1,3,3,2,0,0
1964,Shrewsbury Town,Carlisle United,2,2,3,3,4,0,0
1964,Shrewsbury Town,Gillingham,2,0,3,3,2,2,1
1964,Shrewsbury Town,Reading,4,0,3,3,4,4,1
1964,Southend United,AFC Bournemouth,2,1,3,3,3,1,1
1964,Southend United,Colchester United,6,3,3,3,9,3,1
1964,Southend United,Grimsby Town,4,0,3,3,4,4,1
1964,Southend United,Port Vale,2,1,3,3,3,1,1
1964,Walsall,Barnsley,1,1,3,3,2,0,0
1964,Walsall,Exeter City,2,1,3,3,3,1,1
1964,Walsall,Hull City,3,3,3,3,6,0,0
1964,Walsall,Oldham Athletic,1,2,3,3,3,-1,0
1964,Walsall,Queens Park Rangers,4,1,3,3,5,3,1
1964,Walsall,Shrewsbury Town,1,1,3,3,2,0,0
1964,Walsall,Workington,1,4,3,3,5,-3,0
1964,Watford,Brentford,1,1,3,3,2,0,0
1964,Watford,Gillingham,1,2,3,3,3,-1,0
1964,Watford,Reading,5,1,3,3,6,4,1
1964,Watford,Southend United,2,1,3,3,3,1,1
1964,Workington,AFC Bournemouth,2,0,3,3,2,2,1
1964,Workington,Grimsby Town,2,2,3,3,4,0,0
1964,Workington,Port Vale,4,1,3,3,5,3,1
1964,Workington,Scunthorpe United,2,0,3,3,2,2,1
1964,Aldershot,Bradford City,1,1,4,4,2,0,0
1964,Aldershot,Chester,3,1,4,4,4,2,1
1964,Aldershot,Hartlepool United,3,0,4,4,3,3,1
1964,Aldershot,Newport County,2,1,4,4,3,1,1
1964,Aldershot,Rochdale,1,2,4,4,3,-1,0
1964,Aldershot,York City,1,0,4,4,1,1,1
1964,Barrow,Bradford Park Avenue,2,1,4,4,3,1,1
1964,Barrow,Lincoln City,2,2,4,4,4,0,0
1964,Bradford City,Aldershot,2,0,4,4,2,2,1
1964,Bradford City,Halifax Town,3,1,4,4,4,2,1
1964,Bradford City,Millwall,1,2,4,4,3,-1,0
1964,Bradford City,Oxford United,2,1,4,4,3,1,1
1964,Bradford City,Stockport County,1,1,4,4,2,0,0
1964,Bradford Park Avenue,Barrow,3,2,4,4,5,1,1
1964,Bradford Park Avenue,Chester,3,1,4,4,4,2,1
1964,Bradford Park Avenue,Darlington,3,1,4,4,4,2,1
1964,Bradford Park Avenue,Hartlepool United,4,0,4,4,4,4,1
1964,Bradford Park Avenue,Newport County,2,2,4,4,4,0,0
1964,Bradford Park Avenue,Torquay United,4,2,4,4,6,2,1
1964,Brighton & Hove Albion,Bradford City,3,3,4,4,6,0,0
1964,Brighton & Hove Albion,Chesterfield,5,0,4,4,5,5,1
1964,Brighton & Hove Albion,Notts County,6,0,4,4,6,6,1
1964,Brighton & Hove Albion,Southport,3,1,4,4,4,2,1
1964,Chester,Crewe Alexandra,2,2,4,4,4,0,0
1964,Chester,Halifax Town,1,0,4,4,1,1,1
1964,Chester,Millwall,3,1,4,4,4,2,1
1964,Chester,Oxford United,2,1,4,4,3,1,1
1964,Chester,Stockport County,4,0,4,4,4,4,1
1964,Chester,Wrexham,6,1,4,4,7,5,1
1964,Chesterfield,Barrow,2,0,4,4,2,2,1
1964,Chesterfield,Brighton & Hove Albion,1,1,4,4,2,0,0
1964,Chesterfield,Darlington,3,0,4,4,3,3,1
1964,Chesterfield,Rochdale,1,1,4,4,2,0,0
1964,Chesterfield,Torquay United,2,1,4,4,3,1,1
1964,Chesterfield,York City,1,1,4,4,2,0,0
1964,Crewe Alexandra,Bradford City,2,1,4,4,3,1,1
1964,Crewe Alexandra,Chester,5,1,4,4,6,4,1
1964,Crewe Alexandra,Doncaster Rovers,4,4,4,4,8,0,0
1964,Crewe Alexandra,Notts County,2,1,4,4,3,1,1
1964,Darlington,Bradford Park Avenue,1,2,4,4,3,-1,0
1964,Darlington,Halifax Town,5,1,4,4,6,4,1
1964,Darlington,Millwall,1,3,4,4,4,-2,0
1964,Darlington,Stockport County,3,2,4,4,5,1,1
1964,Darlington,Wrexham,5,1,4,4,6,4,1
1964,Doncaster Rovers,Barrow,4,2,4,4,6,2,1
1964,Doncaster Rovers,Hartlepool United,0,1,4,4,1,-1,0
1964,Doncaster Rovers,Newport County,1,0,4,4,1,1,1
1964,Doncaster Rovers,Torquay United,2,0,4,4,2,2,1
1964,Doncaster Rovers,York City,4,3,4,4,7,1,1
1964,Halifax Town,Bradford City,0,3,4,4,3,-3,0
1964,Halifax Town,Chester,3,4,4,4,7,-1,0
1964,Halifax Town,Tranmere Rovers,0,1,4,4,1,-1,0
1964,Hartlepool United,Aldershot,1,1,4,4,2,0,0
1964,Hartlepool United,Millwall,1,0,4,4,1,1,1
1964,Hartlepool United,Wrexham,1,0,4,4,1,1,1
1964,Lincoln City,Brighton & Hove Albion,0,1,4,4,1,-1,0
1964,Lincoln City,Newport County,4,3,4,4,7,1,1
1964,Lincoln City,Rochdale,1,1,4,4,2,0,0
1964,Millwall,Darlington,1,1,4,4,2,0,0
1964,Millwall,Hartlepool United,0,0,4,4,0,0,0
1964,Millwall,Southport,0,0,4,4,0,0,0
1964,Millwall,Tranmere Rovers,1,0,4,4,1,1,1
1964,Newport County,Chesterfield,4,1,4,4,5,3,1
1964,Newport County,Doncaster Rovers,1,0,4,4,1,1,1
1964,Newport County,Oxford United,0,3,4,4,3,-3,0
1964,Newport County,Stockport County,2,0,4,4,2,2,1
1964,Newport County,Wrexham,2,0,4,4,2,2,1
1964,Notts County,Barrow,4,1,4,4,5,3,1
1964,Notts County,Brighton & Hove Albion,1,2,4,4,3,-1,0
1964,Notts County,Halifax Town,4,0,4,4,4,4,1
1964,Notts County,Rochdale,0,0,4,4,0,0,0
1964,Notts County,York City,3,1,4,4,4,2,1
1964,Oxford United,Darlington,1,0,4,4,1,1,1
1964,Oxford United,Newport County,4,1,4,4,5,3,1
1964,Rochdale,Aldershot,3,1,4,4,4,2,1
1964,Rochdale,Doncaster Rovers,2,1,4,4,3,1,1
1964,Rochdale,Lincoln City,2,0,4,4,2,2,1
1964,Rochdale,Stockport County,4,0,4,4,4,4,1
1964,Rochdale,Wrexham,2,1,4,4,3,1,1
1964,Southport,Barrow,0,4,4,4,4,-4,0
1964,Southport,Brighton & Hove Albion,1,2,4,4,3,-1,0
1964,Southport,Millwall,0,0,4,4,0,0,0
1964,Southport,Torquay United,0,1,4,4,1,-1,0
1964,Southport,York City,0,1,4,4,1,-1,0
1964,Stockport County,Chester,4,5,4,4,9,-1,0
1964,Stockport County,Darlington,0,0,4,4,0,0,0
1964,Stockport County,Newport County,2,0,4,4,2,2,1
1964,Stockport County,Tranmere Rovers,2,3,4,4,5,-1,0
1964,Torquay United,Chesterfield,0,2,4,4,2,-2,0
1964,Torquay United,Lincoln City,0,2,4,4,2,-2,0
1964,Torquay United,Notts County,2,1,4,4,3,1,1
1964,Torquay United,Southport,2,0,4,4,2,2,1
1964,Tranmere Rovers,Barrow,3,0,4,4,3,3,1
1964,Tranmere Rovers,Brighton & Hove Albion,4,2,4,4,6,2,1
1964,Tranmere Rovers,Halifax Town,5,2,4,4,7,3,1
1964,Tranmere Rovers,Millwall,1,0,4,4,1,1,1
1964,Tranmere Rovers,Oxford United,2,4,4,4,6,-2,0
1964,Tranmere Rovers,York City,2,1,4,4,3,1,1
1964,Wrexham,Chester,4,2,4,4,6,2,1
1964,Wrexham,Hartlepool United,3,0,4,4,3,3,1
1964,Wrexham,Rochdale,2,3,4,4,5,-1,0
1964,York City,Bradford Park Avenue,0,1,4,4,1,-1,0
1964,York City,Chesterfield,7,1,4,4,8,6,1
1964,York City,Southport,3,2,4,4,5,1,1
1965,Arsenal,Leeds United,0,3,1,1,3,-3,0
1965,Arsenal,West Bromwich Albion,1,1,1,1,2,0,0
1965,Aston Villa,Blackburn Rovers,3,1,1,1,4,2,1
1965,Aston Villa,Chelsea,2,4,1,1,6,-2,0
1965,Aston Villa,Leeds United,0,2,1,1,2,-2,0
1965,Aston Villa,Nottingham Forest,3,0,1,1,3,3,1
1965,Aston Villa,West Bromwich Albion,1,1,1,1,2,0,0
1965,Blackburn Rovers,Aston Villa,0,2,1,1,2,-2,0
1965,Blackburn Rovers,Stoke City,0,1,1,1,1,-1,0
1965,Blackpool,Aston Villa,0,1,1,1,1,-1,0
1965,Blackpool,Leeds United,1,0,1,1,1,1,1
1965,Blackpool,Manchester United,1,2,1,1,3,-1,0
1965,Blackpool,Nottingham Forest,0,3,1,1,3,-3,0
1965,Blackpool,Stoke City,1,1,1,1,2,0,0
1965,Burnley,Aston Villa,3,1,1,1,4,2,1
1965,Burnley,Leeds United,0,1,1,1,1,-1,0
1965,Burnley,Stoke City,4,1,1,1,5,3,1
1965,Chelsea,Aston Villa,0,2,1,1,2,-2,0
1965,Chelsea,Burnley,1,1,1,1,2,0,0
1965,Chelsea,Manchester United,2,0,1,1,2,2,1
1965,Chelsea,West Bromwich Albion,2,3,1,1,5,-1,0
1965,Everton,Burnley,1,0,1,1,1,1,1
1965,Everton,Leeds United,0,0,1,1,0,0,0
1965,Everton,Nottingham Forest,3,0,1,1,3,3,1
1965,Everton,Stoke City,2,1,1,1,3,1,1
1965,Fulham,Aston Villa,3,6,1,1,9,-3,0
1965,Fulham,Burnley,2,5,1,1,7,-3,0
1965,Fulham,Leeds United,1,3,1,1,4,-2,0
1965,Fulham,West Bromwich Albion,2,1,1,1,3,1,1
1965,Leeds United,Aston Villa,2,0,1,1,2,2,1
1965,Leeds United,Burnley,1,1,1,1,2,0,0
1965,Leeds United,Manchester United,1,1,1,1,2,0,0
1965,Leeds United,Nottingham Forest,2,1,1,1,3,1,1
1965,Leicester City,Aston Villa,2,1,1,1,3,1,1
1965,Leicester City,Burnley,0,1,1,1,1,-1,0
1965,Leicester City,Manchester United,0,5,1,1,5,-5,0
1965,Liverpool,Aston Villa,3,1,1,1,4,2,1
1965,Liverpool,Burnley,2,1,1,1,3,1,1
1965,Liverpool,Manchester United,2,1,1,1,3,1,1
1965,Liverpool,Nottingham Forest,4,0,1,1,4,4,1
1965,Liverpool,Stoke City,2,0,1,1,2,2,1
1965,Manchester United,Burnley,4,2,1,1,6,2,1
1965,Manchester United,Fulham,4,1,1,1,5,3,1
1965,Manchester United,Nottingham Forest,0,0,1,1,0,0,0
1965,Manchester United,Stoke City,1,1,1,1,2,0,0
1965,Newcastle United,Burnley,3,2,1,1,5,1,1
1965,Newcastle United,Liverpool,0,0,1,1,0,0,0
1965,Northampton Town,Burnley,1,2,1,1,3,-1,0
1965,Northampton Town,Liverpool,0,0,1,1,0,0,0
1965,Northampton Town,Nottingham Forest,3,3,1,1,6,0,0
1965,Northampton Town,Stoke City,1,0,1,1,1,1,1
1965,Nottingham Forest,Burnley,1,0,1,1,1,1,1
1965,Nottingham Forest,Fulham,1,2,1,1,3,-1,0
1965,Nottingham Forest,Northampton Town,1,1,1,1,2,0,0
1965,Nottingham Forest,Stoke City,4,3,1,1,7,1,1
1965,Nottingham Forest,West Bromwich Albion,3,2,1,1,5,1,1
1965,Sheffield United,Aston Villa,1,0,1,1,1,1,1
1965,Sheffield United,Burnley,2,1,1,1,3,1,1
1965,Sheffield United,Fulham,2,0,1,1,2,2,1
1965,Sheffield United,Stoke City,3,2,1,1,5,1,1
1965,Sheffield Wednesday,Burnley,0,2,1,1,2,-2,0
1965,Sheffield Wednesday,Fulham,1,0,1,1,1,1,1
1965,Stoke City,Aston Villa,2,0,1,1,2,2,1
1965,Stoke City,Fulham,3,2,1,1,5,1,1
1965,Stoke City,Liverpool,0,0,1,1,0,0,0
1965,Stoke City,West Bromwich Albion,1,1,1,1,2,0,0
1965,Sunderland,Aston Villa,2,0,1,1,2,2,1
1965,Sunderland,Burnley,0,4,1,1,4,-4,0
1965,Sunderland,Liverpool,2,2,1,1,4,0,0
1965,Sunderland,Sheffield Wednesday,0,2,1,1,2,-2,0
1965,Sunderland,West Bromwich Albion,1,5,1,1,6,-4,0
1965,Tottenham Hotspur,Aston Villa,5,5,1,1,10,0,0
1965,Tottenham Hotspur,Burnley,0,1,1,1,1,-1,0
1965,Tottenham Hotspur,West Bromwich Albion,2,1,1,1,3,1,1
1965,West Bromwich Albion,Burnley,1,2,1,1,3,-1,0
1965,West Bromwich Albion,Tottenham Hotspur,2,1,1,1,3,1,1
1965,West Ham United,Sheffield Wednesday,4,2,1,1,6,2,1
1965,West Ham United,Tottenham Hotspur,2,0,1,1,2,2,1
1965,Birmingham City,Bristol City,1,3,2,2,4,-2,0
1965,Birmingham City,Carlisle United,2,1,2,2,3,1,1
1965,Birmingham City,Crystal Palace,2,1,2,2,3,1,1
1965,Birmingham City,Middlesbrough,1,1,2,2,2,0,0
1965,Bolton Wanderers,Bristol City,1,2,2,2,3,-1,0
1965,Bolton Wanderers,Ipswich Town,3,1,2,2,4,2,1
1965,Bolton Wanderers,Portsmouth,2,0,2,2,2,2,1
1965,Bolton Wanderers,Southampton,2,3,2,2,5,-1,0
1965,Bristol City,Carlisle United,2,0,2,2,2,2,1
1965,Bristol City,Ipswich Town,4,1,2,2,5,3,1
1965,Bristol City,Middlesbrough,2,2,2,2,4,0,0
1965,Bury,Bolton Wanderers,1,1,2,2,2,0,0
1965,Bury,Crystal Palace,2,2,2,2,4,0,0
1965,Bury,Ipswich Town,1,1,2,2,2,0,0
1965,Bury,Portsmouth,1,0,2,2,1,1,1
1965,Bury,Southampton,1,3,2,2,4,-2,0
1965,Cardiff City,Carlisle United,1,1,2,2,2,0,0
1965,Cardiff City,Crystal Palace,1,0,2,2,1,1,1
1965,Cardiff City,Ipswich Town,1,0,2,2,1,1,1
1965,Cardiff City,Portsmouth,1,2,2,2,3,-1,0
1965,Cardiff City,Southampton,3,5,2,2,8,-2,0
1965,Carlisle United,Bolton Wanderers,1,1,2,2,2,0,0
1965,Charlton Athletic,Bolton Wanderers,0,1,2,2,1,-1,0
1965,Charlton Athletic,Cardiff City,5,2,2,2,7,3,1
1965,Charlton Athletic,Ipswich Town,2,0,2,2,2,2,1
1965,Coventry City,Bolton Wanderers,2,2,2,2,4,0,0
1965,Coventry City,Cardiff City,3,1,2,2,4,2,1
1965,Coventry City,Crystal Palace,0,1,2,2,1,-1,0
1965,Coventry City,Middlesbrough,2,1,2,2,3,1,1
1965,Coventry City,Portsmouth,3,2,2,2,5,1,1
1965,Coventry City,Southampton,5,1,2,2,6,4,1
1965,Crystal Palace,Bolton Wanderers,1,1,2,2,2,0,0
1965,Crystal Palace,Cardiff City,0,0,2,2,0,0,0
1965,Crystal Palace,Coventry City,0,1,2,2,1,-1,0
1965,Crystal Palace,Middlesbrough,1,1,2,2,2,0,0
1965,Derby County,Coventry City,1,0,2,2,1,1,1
1965,Derby County,Ipswich Town,2,2,2,2,4,0,0
1965,Derby County,Middlesbrough,5,0,2,2,5,5,1
1965,Derby County,Portsmouth,3,1,2,2,4,2,1
1965,Huddersfield Town,Cardiff City,1,1,2,2,2,0,0
1965,Huddersfield Town,Ipswich Town,1,0,2,2,1,1,1
1965,Huddersfield Town,Portsmouth,2,0,2,2,2,2,1
1965,Huddersfield Town,Southampton,2,0,2,2,2,2,1
1965,Ipswich Town,Cardiff City,2,1,2,2,3,1,1
1965,Ipswich Town,Coventry City,1,0,2,2,1,1,1
1965,Ipswich Town,Middlesbrough,2,1,2,2,3,1,1
1965,Leyton Orient,Bolton Wanderers,1,0,2,2,1,1,1
1965,Leyton Orient,Cardiff City,1,1,2,2,2,0,0
1965,Leyton Orient,Huddersfield Town,0,2,2,2,2,-2,0
1965,Leyton Orient,Portsmouth,0,0,2,2,0,0,0
1965,Manchester City,Cardiff City,2,2,2,2,4,0,0
1965,Manchester City,Huddersfield Town,2,0,2,2,2,2,1
1965,Manchester City,Southampton,0,0,2,2,0,0,0
1965,Middlesbrough,Coventry City,1,1,2,2,2,0,0
1965,Middlesbrough,Huddersfield Town,1,3,2,2,4,-2,0
1965,Middlesbrough,Manchester City,1,1,2,2,2,0,0
1965,Middlesbrough,Portsmouth,5,2,2,2,7,3,1
1965,Middlesbrough,Southampton,0,0,2,2,0,0,0
1965,Norwich City,Cardiff City,3,2,2,2,5,1,1
1965,Norwich City,Coventry City,1,1,2,2,2,0,0
1965,Norwich City,Huddersfield Town,1,1,2,2,2,0,0
1965,Norwich City,Portsmouth,1,3,2,2,4,-2,0
1965,Plymouth Argyle,Bolton Wanderers,1,3,2,2,4,-2,0
1965,Plymouth Argyle,Cardiff City,2,2,2,2,4,0,0
1965,Plymouth Argyle,Portsmouth,3,1,2,2,4,2,1
1965,Portsmouth,Bolton Wanderers,1,0,2,2,1,1,1
1965,Portsmouth,Cardiff City,3,1,2,2,4,2,1
1965,Portsmouth,Coventry City,2,0,2,2,2,2,1
1965,Preston North End,Bolton Wanderers,0,1,2,2,1,-1,0
1965,Preston North End,Coventry City,0,0,2,2,0,0,0
1965,Preston North End,Manchester City,0,3,2,2,3,-3,0
1965,Preston North End,Plymouth Argyle,2,0,2,2,2,2,1
1965,Rotherham United,Plymouth Argyle,2,0,2,2,2,2,1
1965,Southampton,Bolton Wanderers,5,1,2,2,6,4,1
1965,Southampton,Cardiff City,3,2,2,2,5,1,1
1965,Southampton,Plymouth Argyle,4,1,2,2,5,3,1
1965,Wolverhampton Wanderers,Huddersfield Town,2,1,2,2,3,1,1
1965,Wolverhampton Wanderers,Manchester City,2,4,2,2,6,-2,0
1965,Wolverhampton Wanderers,Rotherham United,4,1,2,2,5,3,1
1965,AFC Bournemouth,Gillingham,1,1,3,3,2,0,0
1965,AFC Bournemouth,Oxford United,1,1,3,3,2,0,0
1965,AFC Bournemouth,Walsall,0,1,3,3,1,-1,0
1965,AFC Bournemouth,York City,1,0,3,3,1,1,1
1965,Brentford,Bristol Rovers,0,5,3,3,5,-5,0
1965,Brentford,Swansea City,2,0,3,3,2,2,1
1965,Brentford,Watford,1,1,3,3,2,0,0
1965,Brighton & Hove Albion,AFC Bournemouth,1,2,3,3,3,-1,0
1965,Brighton & Hove Albion,Exeter City,2,1,3,3,3,1,1
1965,Brighton & Hove Albion,Hull City,1,2,3,3,3,-1,0
1965,Brighton & Hove Albion,Queens Park Rangers,0,2,3,3,2,-2,0
1965,Brighton & Hove Albion,Workington,3,1,3,3,4,2,1
1965,Bristol Rovers,Brentford,1,1,3,3,2,0,0
1965,Bristol Rovers,Gillingham,0,0,3,3,0,0,0
1965,Bristol Rovers,Mansfield Town,6,0,3,3,6,6,1
1965,Bristol Rovers,York City,0,0,3,3,0,0,0
1965,Exeter City,Millwall,1,2,3,3,3,-1,0
1965,Exeter City,Scunthorpe United,4,0,3,3,4,4,1
1965,Gillingham,Bristol Rovers,2,0,3,3,2,2,1
1965,Gillingham,Hull City,0,3,3,3,3,-3,0
1965,Gillingham,Oldham Athletic,3,0,3,3,3,3,1
1965,Gillingham,Shrewsbury Town,0,1,3,3,1,-1,0
1965,Gillingham,Swindon Town,1,0,3,3,1,1,1
1965,Gillingham,Workington,1,0,3,3,1,1,1
1965,Grimsby Town,Mansfield Town,0,1,3,3,1,-1,0
1965,Grimsby Town,Reading,3,3,3,3,6,0,0
1965,Grimsby Town,Walsall,3,1,3,3,4,2,1
1965,Hull City,Brighton & Hove Albion,1,0,3,3,1,1,1
1965,Hull City,Gillingham,1,0,3,3,1,1,1
1965,Hull City,Millwall,1,0,3,3,1,1,1
1965,Hull City,Scunthorpe United,3,2,3,3,5,1,1
1965,Hull City,Watford,3,1,3,3,4,2,1
1965,Mansfield Town,AFC Bournemouth,1,0,3,3,1,1,1
1965,Mansfield Town,Bristol Rovers,2,0,3,3,2,2,1
1965,Mansfield Town,Grimsby Town,2,1,3,3,3,1,1
1965,Mansfield Town,Shrewsbury Town,0,3,3,3,3,-3,0
1965,Mansfield Town,Workington,0,1,3,3,1,-1,0
1965,Millwall,Brentford,1,0,3,3,1,1,1
1965,Millwall,Reading,3,0,3,3,3,3,1
1965,Millwall,Walsall,1,1,3,3,2,0,0
1965,Millwall,York City,2,0,3,3,2,2,1
1965,Oldham Athletic,Brighton & Hove Albion,1,0,3,3,1,1,1
1965,Oldham Athletic,Peterborough United,2,4,3,3,6,-2,0
1965,Oldham Athletic,Swansea City,1,0,3,3,1,1,1
1965,Oldham Athletic,Watford,0,1,3,3,1,-1,0
1965,Oxford United,AFC Bournemouth,2,1,3,3,3,1,1
1965,Oxford United,Bristol Rovers,1,0,3,3,1,1,1
1965,Oxford United,Queens Park Rangers,1,3,3,3,4,-2,0
1965,Peterborough United,Brentford,3,0,3,3,3,3,1
1965,Peterborough United,Exeter City,2,0,3,3,2,2,1
1965,Peterborough United,Reading,0,0,3,3,0,0,0
1965,Peterborough United,Southend United,4,0,3,3,4,4,1
1965,Peterborough United,Walsall,3,1,3,3,4,2,1
1965,Peterborough United,York City,1,0,3,3,1,1,1
1965,Queens Park Rangers,Gillingham,1,3,3,3,4,-2,0
1965,Queens Park Rangers,Scunthorpe United,1,0,3,3,1,1,1
1965,Queens Park Rangers,Swansea City,6,2,3,3,8,4,1
1965,Queens Park Rangers,Watford,1,1,3,3,2,0,0
1965,Reading,AFC Bournemouth,1,0,3,3,1,1,1
1965,Reading,Bristol Rovers,0,1,3,3,1,-1,0
1965,Reading,Shrewsbury Town,4,1,3,3,5,3,1
1965,Scunthorpe United,Brentford,3,2,3,3,5,1,1
1965,Scunthorpe United,Exeter City,2,1,3,3,3,1,1
1965,Scunthorpe United,Hull City,2,4,3,3,6,-2,0
1965,Scunthorpe United,York City,4,1,3,3,5,3,1
1965,Shrewsbury Town,Gillingham,2,1,3,3,3,1,1
1965,Shrewsbury Town,Reading,3,3,3,3,6,0,0
1965,Southend United,AFC Bournemouth,1,2,3,3,3,-1,0
1965,Southend United,Bristol Rovers,2,0,3,3,2,2,1
1965,Swansea City,Brentford,1,1,3,3,2,0,0
1965,Swansea City,Oldham Athletic,4,1,3,3,5,3,1
1965,Swindon Town,Brighton & Hove Albion,3,2,3,3,5,1,1
1965,Swindon Town,Mansfield Town,6,2,3,3,8,4,1
1965,Walsall,Bristol Rovers,1,1,3,3,2,0,0
1965,Walsall,Grimsby Town,1,0,3,3,1,1,1
1965,Walsall,Millwall,1,4,3,3,5,-3,0
1965,Walsall,Peterborough United,2,0,3,3,2,2,1
1965,Watford,Exeter City,3,0,3,3,3,3,1
1965,Watford,Oldham Athletic,4,0,3,3,4,4,1
1965,Watford,Queens Park Rangers,1,2,3,3,3,-1,0
1965,Watford,Shrewsbury Town,1,0,3,3,1,1,1
1965,Watford,Swindon Town,2,0,3,3,2,2,1
1965,Watford,York City,3,2,3,3,5,1,1
1965,Workington,Gillingham,1,0,3,3,1,1,1
1965,Workington,Mansfield Town,2,0,3,3,2,2,1
1965,Workington,Southend United,3,1,3,3,4,2,1
1965,Workington,Walsall,1,0,3,3,1,1,1
1965,York City,Millwall,2,1,3,3,3,1,1
1965,York City,Peterborough United,1,1,3,3,2,0,0
1965,York City,Swansea City,5,1,3,3,6,4,1
1965,York City,Watford,1,0,3,3,1,1,1
1965,Aldershot,Barrow,3,1,4,4,4,2,1
1965,Aldershot,Chester,2,2,4,4,4,0,0
1965,Aldershot,Port Vale,3,0,4,4,3,3,1
1965,Aldershot,Wrexham,2,2,4,4,4,0,0
1965,Barnsley,Bradford City,4,2,4,4,6,2,1
1965,Barnsley,Chesterfield,0,0,4,4,0,0,0
1965,Barnsley,Hartlepool United,2,2,4,4,4,0,0
1965,Barnsley,Newport County,2,2,4,4,4,0,0
1965,Barnsley,Torquay United,1,0,4,4,1,1,1
1965,Barrow,Aldershot,2,2,4,4,4,0,0
1965,Barrow,Bradford Park Avenue,5,2,4,4,7,3,1
1965,Barrow,Colchester United,3,0,4,4,3,3,1
1965,Barrow,Lincoln City,2,2,4,4,4,0,0
1965,Bradford City,Port Vale,2,0,4,4,2,2,1
1965,Bradford City,Stockport County,1,7,4,4,8,-6,0
1965,Bradford City,Wrexham,4,1,4,4,5,3,1
1965,Bradford Park Avenue,Darlington,0,2,4,4,2,-2,0
1965,Bradford Park Avenue,Torquay United,1,1,4,4,2,0,0
1965,Chester,Bradford City,4,0,4,4,4,4,1
1965,Chester,Colchester United,2,1,4,4,3,1,1
1965,Chester,Notts County,1,1,4,4,2,0,0
1965,Chester,Southport,1,0,4,4,1,1,1
1965,Chester,Tranmere Rovers,3,1,4,4,4,2,1
1965,Chesterfield,Barnsley,3,1,4,4,4,2,1
1965,Chesterfield,Bradford Park Avenue,0,3,4,4,3,-3,0
1965,Chesterfield,Luton Town,1,3,4,4,4,-2,0
1965,Chesterfield,Stockport County,2,1,4,4,3,1,1
1965,Colchester United,Barrow,2,2,4,4,4,0,0
1965,Colchester United,Darlington,0,1,4,4,1,-1,0
1965,Colchester United,Hartlepool United,2,0,4,4,2,2,1
1965,Crewe Alexandra,Aldershot,2,0,4,4,2,2,1
1965,Crewe Alexandra,Chesterfield,1,0,4,4,1,1,1
1965,Crewe Alexandra,Doncaster Rovers,0,1,4,4,1,-1,0
1965,Crewe Alexandra,Lincoln City,7,0,4,4,7,7,1
1965,Crewe Alexandra,Notts County,1,0,4,4,1,1,1
1965,Crewe Alexandra,Southport,2,1,4,4,3,1,1
1965,Darlington,Colchester United,2,0,4,4,2,2,1
1965,Darlington,Luton Town,1,0,4,4,1,1,1
1965,Doncaster Rovers,Chester,1,1,4,4,2,0,0
1965,Doncaster Rovers,Crewe Alexandra,4,1,4,4,5,3,1
1965,Doncaster Rovers,Hartlepool United,4,0,4,4,4,4,1
1965,Doncaster Rovers,Torquay United,0,1,4,4,1,-1,0
1965,Halifax Town,Southport,1,2,4,4,3,-1,0
1965,Hartlepool United,Bradford Park Avenue,2,3,4,4,5,-1,0
1965,Hartlepool United,Colchester United,0,1,4,4,1,-1,0
1965,Hartlepool United,Doncaster Rovers,2,0,4,4,2,2,1
1965,Hartlepool United,Port Vale,2,0,4,4,2,2,1
1965,Hartlepool United,Stockport County,2,1,4,4,3,1,1
1965,Hartlepool United,Wrexham,4,2,4,4,6,2,1
1965,Lincoln City,Barrow,4,0,4,4,4,4,1
1965,Lincoln City,Crewe Alexandra,1,1,4,4,2,0,0
1965,Lincoln City,Halifax Town,3,3,4,4,6,0,0
1965,Lincoln City,Rochdale,2,0,4,4,2,2,1
1965,Lincoln City,Torquay United,1,1,4,4,2,0,0
1965,Luton Town,Aldershot,3,1,4,4,4,2,1
1965,Luton Town,Bradford City,2,3,4,4,5,-1,0
1965,Luton Town,Chesterfield,1,2,4,4,3,-1,0
1965,Luton Town,Darlington,2,0,4,4,2,2,1
1965,Luton Town,Southport,2,0,4,4,2,2,1
1965,Luton Town,Tranmere Rovers,2,1,4,4,3,1,1
1965,Newport County,Bradford Park Avenue,3,1,4,4,4,2,1
1965,Newport County,Colchester United,2,1,4,4,3,1,1
1965,Newport County,Port Vale,0,1,4,4,1,-1,0
1965,Newport County,Stockport County,1,0,4,4,1,1,1
1965,Notts County,Luton Town,1,1,4,4,2,0,0
1965,Notts County,Torquay United,1,1,4,4,2,0,0
1965,Port Vale,Chesterfield,1,1,4,4,2,0,0
1965,Port Vale,Darlington,3,1,4,4,4,2,1
1965,Port Vale,Southport,4,1,4,4,5,3,1
1965,Port Vale,Tranmere Rovers,2,3,4,4,5,-1,0
1965,Rochdale,Barnsley,2,1,4,4,3,1,1
1965,Rochdale,Bradford Park Avenue,2,3,4,4,5,-1,0
1965,Rochdale,Doncaster Rovers,0,1,4,4,1,-1,0
1965,Rochdale,Notts County,0,2,4,4,2,-2,0
1965,Southport,Halifax Town,1,0,4,4,1,1,1
1965,Stockport County,Bradford City,1,1,4,4,2,0,0
1965,Stockport County,Darlington,1,1,4,4,2,0,0
1965,Stockport County,Hartlepool United,1,2,4,4,3,-1,0
1965,Stockport County,Tranmere Rovers,1,2,4,4,3,-1,0
1965,Torquay United,Bradford Park Avenue,2,1,4,4,3,1,1
1965,Torquay United,Lincoln City,4,1,4,4,5,3,1
1965,Tranmere Rovers,Chester,1,0,4,4,1,1,1
1965,Tranmere Rovers,Crewe Alexandra,3,1,4,4,4,2,1
1965,Tranmere Rovers,Stockport County,6,2,4,4,8,4,1
1965,Wrexham,Bradford City,1,1,4,4,2,0,0
1965,Wrexham,Darlington,1,2,4,4,3,-1,0
1965,Wrexham,Hartlepool United,1,1,4,4,2,0,0
1965,Wrexham,Newport County,0,1,4,4,1,-1,0
1965,Wrexham,Rochdale,2,2,4,4,4,0,0
1965,Wrexham,Torquay United,0,2,4,4,2,-2,0
1966,Arsenal,Sheffield United,2,0,1,1,2,2,1
1966,Aston Villa,Blackpool,3,2,1,1,5,1,1
1966,Aston Villa,Leicester City,0,1,1,1,1,-1,0
1966,Aston Villa,Manchester United,2,1,1,1,3,1,1
1966,Aston Villa,Sheffield United,0,0,1,1,0,0,0
1966,Aston Villa,Stoke City,2,1,1,1,3,1,1
1966,Blackpool,Aston Villa,0,2,1,1,2,-2,0
1966,Blackpool,Sheffield United,0,1,1,1,1,-1,0
1966,Burnley,Aston Villa,4,2,1,1,6,2,1
1966,Burnley,West Bromwich Albion,5,1,1,1,6,4,1
1966,Chelsea,Everton,1,1,1,1,2,0,0
1966,Chelsea,Manchester United,1,3,1,1,4,-2,0
1966,Everton,Sheffield United,4,1,1,1,5,3,1
1966,Everton,Stoke City,0,1,1,1,1,-1,0
1966,Everton,West Bromwich Albion,5,4,1,1,9,1,1
1966,Fulham,Chelsea,1,3,1,1,4,-2,0
1966,Fulham,Sheffield United,0,1,1,1,1,-1,0
1966,Fulham,Stoke City,4,1,1,1,5,3,1
1966,Leeds United,Chelsea,1,0,1,1,1,1,1
1966,Leeds United,Manchester United,3,1,1,1,4,2,1
1966,Leeds United,Sheffield United,2,0,1,1,2,2,1
1966,Leeds United,West Bromwich Albion,2,1,1,1,3,1,1
1966,Leicester City,Aston Villa,5,0,1,1,5,5,1
1966,Leicester City,Leeds United,0,0,1,1,0,0,0
1966,Leicester City,Manchester United,1,2,1,1,3,-1,0
1966,Leicester City,Stoke City,4,2,1,1,6,2,1
1966,Liverpool,Leeds United,5,0,1,1,5,5,1
1966,Liverpool,Sheffield United,1,0,1,1,1,1,1
1966,Manchester City,Chelsea,1,4,1,1,5,-3,0
1966,Manchester City,Manchester United,1,1,1,1,2,0,0
1966,Manchester United,Sheffield United,2,0,1,1,2,2,1
1966,Manchester United,West Bromwich Albion,5,3,1,1,8,2,1
1966,Newcastle United,Aston Villa,0,3,1,1,3,-3,0
1966,Newcastle United,West Bromwich Albion,1,3,1,1,4,-2,0
1966,Nottingham Forest,Chelsea,0,0,1,1,0,0,0
1966,Nottingham Forest,Leeds United,1,0,1,1,1,1,1
1966,Nottingham Forest,Manchester City,2,0,1,1,2,2,1
1966,Nottingham Forest,West Bromwich Albion,2,1,1,1,3,1,1
1966,Sheffield United,Manchester City,1,0,1,1,1,1,1
1966,Sheffield Wednesday,Leeds United,0,0,1,1,0,0,0
1966,Sheffield Wednesday,Nottingham Forest,0,2,1,1,2,-2,0
1966,Sheffield Wednesday,Stoke City,1,3,1,1,4,-2,0
1966,Southampton,Chelsea,0,3,1,1,3,-3,0
1966,Southampton,Manchester City,1,1,1,1,2,0,0
1966,Southampton,Stoke City,3,2,1,1,5,1,1
1966,Southampton,West Bromwich Albion,2,2,1,1,4,0,0
1966,Stoke City,Aston Villa,6,1,1,1,7,5,1
1966,Stoke City,Chelsea,1,1,1,1,2,0,0
1966,Stoke City,Manchester City,0,1,1,1,1,-1,0
1966,Stoke City,Nottingham Forest,1,2,1,1,3,-1,0
1966,Stoke City,West Bromwich Albion,1,1,1,1,2,0,0
1966,Sunderland,Leeds United,0,2,1,1,2,-2,0
1966,Sunderland,Nottingham Forest,1,0,1,1,1,1,1
1966,Tottenham Hotspur,Chelsea,1,1,1,1,2,0,0
1966,Tottenham Hotspur,Leeds United,3,1,1,1,4,2,1
1966,West Bromwich Albion,Aston Villa,2,1,1,1,3,1,1
1966,West Bromwich Albion,Chelsea,0,1,1,1,1,-1,0
1966,West Bromwich Albion,Nottingham Forest,1,2,1,1,3,-1,0
1966,West Bromwich Albion,Southampton,3,2,1,1,5,1,1
1966,West Ham United,Leeds United,0,1,1,1,1,-1,0
1966,West Ham United,Manchester City,1,1,1,1,2,0,0
1966,Birmingham City,Bolton Wanderers,2,2,2,2,4,0,0
1966,Birmingham City,Millwall,2,0,2,2,2,2,1
1966,Birmingham City,Plymouth Argyle,0,0,2,2,0,0,0
1966,Birmingham City,Rotherham United,2,3,2,2,5,-1,0
1966,Blackburn Rovers,Bolton Wanderers,0,0,2,2,0,0,0
1966,Blackburn Rovers,Cardiff City,4,1,2,2,5,3,1
1966,Blackburn Rovers,Plymouth Argyle,3,0,2,2,3,3,1
1966,Blackburn Rovers,Rotherham United,1,1,2,2,2,0,0
1966,Bolton Wanderers,Blackburn Rovers,0,1,2,2,1,-1,0
1966,Bolton Wanderers,Cardiff City,3,1,2,2,4,2,1
1966,Bolton Wanderers,Huddersfield Town,1,0,2,2,1,1,1
1966,Bolton Wanderers,Millwall,5,0,2,2,5,5,1
1966,Bristol City,Blackburn Rovers,2,2,2,2,4,0,0
1966,Bristol City,Cardiff City,1,2,2,2,3,-1,0
1966,Bristol City,Plymouth Argyle,1,0,2,2,1,1,1
1966,Bristol City,Rotherham United,1,2,2,2,3,-1,0
1966,Bury,Blackburn Rovers,1,2,2,2,3,-1,0
1966,Bury,Cardiff City,2,0,2,2,2,2,1
1966,Bury,Huddersfield Town,0,0,2,2,0,0,0
1966,Bury,Rotherham United,5,2,2,2,7,3,1
1966,Cardiff City,Millwall,1,1,2,2,2,0,0
1966,Cardiff City,Plymouth Argyle,4,1,2,2,5,3,1
1966,Cardiff City,Rotherham United,0,0,2,2,0,0,0
1966,Carlisle United,Blackburn Rovers,1,2,2,2,3,-1,0
1966,Carlisle United,Bury,2,0,2,2,2,2,1
1966,Carlisle United,Huddersfield Town,2,1,2,2,3,1,1
1966,Carlisle United,Millwall,2,1,2,2,3,1,1
1966,Carlisle United,Rotherham United,2,3,2,2,5,-1,0
1966,Charlton Athletic,Blackburn Rovers,0,0,2,2,0,0,0
1966,Charlton Athletic,Coventry City,1,2,2,2,3,-1,0
1966,Charlton Athletic,Millwall,0,0,2,2,0,0,0
1966,Charlton Athletic,Rotherham United,2,0,2,2,2,2,1
1966,Coventry City,Bury,3,0,2,2,3,3,1
1966,Coventry City,Charlton Athletic,1,0,2,2,1,1,1
1966,Coventry City,Huddersfield Town,1,0,2,2,1,1,1
1966,Coventry City,Plymouth Argyle,1,0,2,2,1,1,1
1966,Coventry City,Rotherham United,4,2,2,2,6,2,1
1966,Crystal Palace,Bury,3,1,2,2,4,2,1
1966,Crystal Palace,Huddersfield Town,1,1,2,2,2,0,0
1966,Crystal Palace,Plymouth Argyle,2,1,2,2,3,1,1
1966,Crystal Palace,Rotherham United,1,1,2,2,2,0,0
1966,Derby County,Bury,3,1,2,2,4,2,1
1966,Derby County,Charlton Athletic,0,2,2,2,2,-2,0
1966,Derby County,Plymouth Argyle,1,1,2,2,2,0,0
1966,Huddersfield Town,Blackburn Rovers,3,1,2,2,4,2,1
1966,Huddersfield Town,Charlton Athletic,4,1,2,2,5,3,1
1966,Huddersfield Town,Rotherham United,3,0,2,2,3,3,1
1966,Hull City,Blackburn Rovers,2,3,2,2,5,-1,0
1966,Hull City,Bury,2,0,2,2,2,2,1
1966,Hull City,Millwall,2,0,2,2,2,2,1
1966,Hull City,Plymouth Argyle,4,2,2,2,6,2,1
1966,Ipswich Town,Blackburn Rovers,1,1,2,2,2,0,0
1966,Ipswich Town,Plymouth Argyle,1,1,2,2,2,0,0
1966,Millwall,Blackburn Rovers,1,1,2,2,2,0,0
1966,Millwall,Derby County,3,2,2,2,5,1,1
1966,Northampton Town,Blackburn Rovers,2,1,2,2,3,1,1
1966,Northampton Town,Bury,0,0,2,2,0,0,0
1966,Northampton Town,Ipswich Town,1,1,2,2,2,0,0
1966,Northampton Town,Rotherham United,3,1,2,2,4,2,1
1966,Norwich City,Blackburn Rovers,0,1,2,2,1,-1,0
1966,Norwich City,Bury,2,0,2,2,2,2,1
1966,Norwich City,Plymouth Argyle,3,1,2,2,4,2,1
1966,Plymouth Argyle,Ipswich Town,1,1,2,2,2,0,0
1966,Plymouth Argyle,Norwich City,2,2,2,2,4,0,0
1966,Plymouth Argyle,Rotherham United,1,0,2,2,1,1,1
1966,Portsmouth,Derby County,0,3,2,2,3,-3,0
1966,Portsmouth,Ipswich Town,4,2,2,2,6,2,1
1966,Portsmouth,Norwich City,3,3,2,2,6,0,0
1966,Portsmouth,Rotherham United,3,2,2,2,5,1,1
1966,Preston North End,Bury,2,2,2,2,4,0,0
1966,Preston North End,Charlton Athletic,2,1,2,2,3,1,1
1966,Preston North End,Derby County,2,0,2,2,2,2,1
1966,Preston North End,Ipswich Town,2,0,2,2,2,2,1
1966,Preston North End,Rotherham United,1,1,2,2,2,0,0
1966,Rotherham United,Derby County,0,0,2,2,0,0,0
1966,Rotherham United,Ipswich Town,0,2,2,2,2,-2,0
1966,Wolverhampton Wanderers,Bury,4,1,2,2,5,3,1
1966,Wolverhampton Wanderers,Charlton Athletic,1,0,2,2,1,1,1
1966,Wolverhampton Wanderers,Ipswich Town,0,0,2,2,0,0,0
1966,Wolverhampton Wanderers,Norwich City,4,1,2,2,5,3,1
1966,AFC Bournemouth,Bristol Rovers,0,0,3,3,0,0,0
1966,AFC Bournemouth,Oldham Athletic,2,1,3,3,3,1,1
1966,AFC Bournemouth,Queens Park Rangers,1,3,3,3,4,-2,0
1966,AFC Bournemouth,Shrewsbury Town,0,3,3,3,3,-3,0
1966,Brighton & Hove Albion,Colchester United,1,1,3,3,2,0,0
1966,Brighton & Hove Albion,Mansfield Town,1,0,3,3,1,1,1
1966,Brighton & Hove Albion,Swansea City,3,2,3,3,5,1,1
1966,Bristol Rovers,AFC Bournemouth,1,1,3,3,2,0,0
1966,Bristol Rovers,Darlington,3,0,3,3,3,3,1
1966,Bristol Rovers,Grimsby Town,0,0,3,3,0,0,0
1966,Bristol Rovers,Peterborough United,1,1,3,3,2,0,0
1966,Bristol Rovers,Swindon Town,3,0,3,3,3,3,1
1966,Bristol Rovers,Watford,0,3,3,3,3,-3,0
1966,Colchester United,Brighton & Hove Albion,3,2,3,3,5,1,1
1966,Colchester United,Leyton Orient,2,2,3,3,4,0,0
1966,Colchester United,Torquay United,1,0,3,3,1,1,1
1966,Colchester United,Workington,2,2,3,3,4,0,0
1966,Darlington,Oxford United,1,2,3,3,3,-1,0
1966,Doncaster Rovers,AFC Bournemouth,1,1,3,3,2,0,0
1966,Doncaster Rovers,Colchester United,1,4,3,3,5,-3,0
1966,Doncaster Rovers,Middlesbrough,0,4,3,3,4,-4,0
1966,Gillingham,Brighton & Hove Albion,2,0,3,3,2,2,1
1966,Gillingham,Darlington,1,2,3,3,3,-1,0
1966,Gillingham,Leyton Orient,0,0,3,3,0,0,0
1966,Gillingham,Queens Park Rangers,2,2,3,3,4,0,0
1966,Gillingham,Shrewsbury Town,1,1,3,3,2,0,0
1966,Gillingham,Torquay United,0,0,3,3,0,0,0
1966,Grimsby Town,Bristol Rovers,0,0,3,3,0,0,0
1966,Grimsby Town,Doncaster Rovers,4,1,3,3,5,3,1
1966,Grimsby Town,Oxford United,1,0,3,3,1,1,1
1966,Grimsby Town,Reading,2,0,3,3,2,2,1
1966,Grimsby Town,Swansea City,2,1,3,3,3,1,1
1966,Grimsby Town,Walsall,3,1,3,3,4,2,1
1966,Leyton Orient,AFC Bournemouth,1,0,3,3,1,1,1
1966,Leyton Orient,Colchester United,3,3,3,3,6,0,0
1966,Leyton Orient,Gillingham,0,1,3,3,1,-1,0
1966,Leyton Orient,Middlesbrough,2,0,3,3,2,2,1
1966,Leyton Orient,Scunthorpe United,3,1,3,3,4,2,1
1966,Leyton Orient,Watford,1,1,3,3,2,0,0
1966,Mansfield Town,Brighton & Hove Albion,2,1,3,3,3,1,1
1966,Mansfield Town,Workington,0,1,3,3,1,-1,0
1966,Middlesbrough,Bristol Rovers,1,2,3,3,3,-1,0
1966,Middlesbrough,Oxford United,4,1,3,3,5,3,1
1966,Middlesbrough,Swansea City,4,1,3,3,5,3,1
1966,Middlesbrough,Walsall,0,2,3,3,2,-2,0
1966,Oldham Athletic,Gillingham,2,1,3,3,3,1,1
1966,Oldham Athletic,Mansfield Town,0,0,3,3,0,0,0
1966,Oldham Athletic,Peterborough United,1,0,3,3,1,1,1
1966,Oldham Athletic,Swindon Town,1,0,3,3,1,1,1
1966,Oxford United,Brighton & Hove Albion,1,2,3,3,3,-1,0
1966,Oxford United,Darlington,3,2,3,3,5,1,1
1966,Oxford United,Grimsby Town,3,1,3,3,4,2,1
1966,Oxford United,Shrewsbury Town,2,1,3,3,3,1,1
1966,Oxford United,Workington,3,0,3,3,3,3,1
1966,Peterborough United,Doncaster Rovers,3,3,3,3,6,0,0
1966,Peterborough United,Leyton Orient,0,2,3,3,2,-2,0
1966,Peterborough United,Reading,2,1,3,3,3,1,1
1966,Queens Park Rangers,Colchester United,2,1,3,3,3,1,1
1966,Queens Park Rangers,Oxford United,3,1,3,3,4,2,1
1966,Queens Park Rangers,Scunthorpe United,5,1,3,3,6,4,1
1966,Queens Park Rangers,Swindon Town,3,1,3,3,4,2,1
1966,Reading,Brighton & Hove Albion,1,1,3,3,2,0,0
1966,Reading,Darlington,1,0,3,3,1,1,1
1966,Reading,Middlesbrough,0,0,3,3,0,0,0
1966,Reading,Shrewsbury Town,2,0,3,3,2,2,1
1966,Reading,Workington,2,0,3,3,2,2,1
1966,Scunthorpe United,Bristol Rovers,3,1,3,3,4,2,1
1966,Scunthorpe United,Doncaster Rovers,2,1,3,3,3,1,1
1966,Scunthorpe United,Leyton Orient,2,2,3,3,4,0,0
1966,Scunthorpe United,Queens Park Rangers,0,2,3,3,2,-2,0
1966,Scunthorpe United,Swansea City,4,3,3,3,7,1,1
1966,Shrewsbury Town,AFC Bournemouth,4,1,3,3,5,3,1
1966,Shrewsbury Town,Gillingham,3,1,3,3,4,2,1
1966,Shrewsbury Town,Mansfield Town,1,0,3,3,1,1,1
1966,Shrewsbury Town,Watford,1,1,3,3,2,0,0
1966,Swansea City,Brighton & Hove Albion,1,1,3,3,2,0,0
1966,Swansea City,Scunthorpe United,0,1,3,3,1,-1,0
1966,Swansea City,Workington,5,2,3,3,7,3,1
1966,Swindon Town,Bristol Rovers,0,1,3,3,1,-1,0
1966,Swindon Town,Leyton Orient,5,1,3,3,6,4,1
1966,Swindon Town,Oldham Athletic,6,3,3,3,9,3,1
1966,Swindon Town,Queens Park Rangers,1,1,3,3,2,0,0
1966,Swindon Town,Walsall,3,2,3,3,5,1,1
1966,Torquay United,AFC Bournemouth,3,2,3,3,5,1,1
1966,Torquay United,Gillingham,4,1,3,3,5,3,1
1966,Torquay United,Mansfield Town,1,2,3,3,3,-1,0
1966,Torquay United,Watford,1,0,3,3,1,1,1
1966,Walsall,Peterborough United,1,1,3,3,2,0,0
1966,Walsall,Scunthorpe United,2,0,3,3,2,2,1
1966,Watford,Bristol Rovers,3,1,3,3,4,2,1
1966,Watford,Leyton Orient,1,3,3,3,4,-2,0
1966,Watford,Oldham Athletic,2,2,3,3,4,0,0
1966,Watford,Queens Park Rangers,1,0,3,3,1,1,1
1966,Watford,Torquay United,2,1,3,3,3,1,1
1966,Workington,AFC Bournemouth,0,0,3,3,0,0,0
1966,Workington,Gillingham,1,3,3,3,4,-2,0
1966,Workington,Mansfield Town,2,4,3,3,6,-2,0
1966,Workington,Oxford United,0,0,3,3,0,0,0
1966,Workington,Swansea City,6,3,3,3,9,3,1
1966,Workington,Walsall,4,0,3,3,4,4,1
1966,Aldershot,Hartlepool United,1,1,4,4,2,0,0
1966,Aldershot,Rochdale,4,0,4,4,4,4,1
1966,Aldershot,Stockport County,1,1,4,4,2,0,0
1966,Aldershot,York City,0,0,4,4,0,0,0
1966,Barnsley,Chester,1,2,4,4,3,-1,0
1966,Barnsley,Exeter City,2,1,4,4,3,1,1
1966,Barnsley,Lincoln City,2,1,4,4,3,1,1
1966,Barnsley,Southend United,1,2,4,4,3,-1,0
1966,Barrow,Aldershot,1,1,4,4,2,0,0
1966,Barrow,Bradford Park Avenue,1,0,4,4,1,1,1
1966,Barrow,Chesterfield,2,1,4,4,3,1,1
1966,Barrow,Luton Town,3,0,4,4,3,3,1
1966,Barrow,Port Vale,2,2,4,4,4,0,0
1966,Bradford City,Barnsley,1,1,4,4,2,0,0
1966,Bradford City,Newport County,1,2,4,4,3,-1,0
1966,Bradford City,Stockport County,0,1,4,4,1,-1,0
1966,Bradford City,York City,1,0,4,4,1,1,1
1966,Bradford Park Avenue,Barrow,0,1,4,4,1,-1,0
1966,Bradford Park Avenue,Chester,2,3,4,4,5,-1,0
1966,Bradford Park Avenue,Exeter City,2,2,4,4,4,0,0
1966,Bradford Park Avenue,Lincoln City,2,1,4,4,3,1,1
1966,Bradford Park Avenue,Notts County,4,1,4,4,5,3,1
1966,Bradford Park Avenue,Southend United,1,2,4,4,3,-1,0
1966,Brentford,Aldershot,1,0,4,4,1,1,1
1966,Brentford,Chesterfield,1,0,4,4,1,1,1
1966,Brentford,Luton Town,1,0,4,4,1,1,1
1966,Brentford,Southport,2,1,4,4,3,1,1
1966,Chester,Barnsley,1,0,4,4,1,1,1
1966,Chester,Bradford Park Avenue,0,3,4,4,3,-3,0
1966,Chester,Crewe Alexandra,0,3,4,4,3,-3,0
1966,Chester,Hartlepool United,1,0,4,4,1,1,1
1966,Chester,Rochdale,3,2,4,4,5,1,1
1966,Chester,York City,3,1,4,4,4,2,1
1966,Chesterfield,Brentford,3,0,4,4,3,3,1
1966,Chesterfield,Southend United,2,1,4,4,3,1,1
1966,Crewe Alexandra,Aldershot,2,1,4,4,3,1,1
1966,Crewe Alexandra,Chester,3,1,4,4,4,2,1
1966,Crewe Alexandra,Halifax Town,1,1,4,4,2,0,0
1966,Exeter City,Barnsley,0,3,4,4,3,-3,0
1966,Exeter City,Chesterfield,1,1,4,4,2,0,0
1966,Exeter City,Newport County,0,0,4,4,0,0,0
1966,Exeter City,Stockport County,0,3,4,4,3,-3,0
1966,Exeter City,York City,3,1,4,4,4,2,1
1966,Halifax Town,Crewe Alexandra,1,0,4,4,1,1,1
1966,Halifax Town,Lincoln City,0,0,4,4,0,0,0
1966,Halifax Town,Tranmere Rovers,2,1,4,4,3,1,1
1966,Hartlepool United,Bradford City,1,0,4,4,1,1,1
1966,Hartlepool United,Chester,3,2,4,4,5,1,1
1966,Hartlepool United,Luton Town,2,1,4,4,3,1,1
1966,Hartlepool United,Wrexham,2,1,4,4,3,1,1
1966,Lincoln City,Barnsley,0,1,4,4,1,-1,0
1966,Lincoln City,Chesterfield,2,1,4,4,3,1,1
1966,Lincoln City,Halifax Town,3,3,4,4,6,0,0
1966,Lincoln City,Newport County,2,2,4,4,4,0,0
1966,Luton Town,Crewe Alexandra,2,1,4,4,3,1,1
1966,Luton Town,Notts County,2,5,4,4,7,-3,0
1966,Newport County,Aldershot,1,2,4,4,3,-1,0
1966,Newport County,Exeter City,3,2,4,4,5,1,1
1966,Newport County,Lincoln City,0,0,4,4,0,0,0
1966,Newport County,Port Vale,1,1,4,4,2,0,0
1966,Newport County,Southport,0,0,4,4,0,0,0
1966,Newport County,Wrexham,1,1,4,4,2,0,0
1966,Notts County,Barnsley,0,3,4,4,3,-3,0
1966,Notts County,Bradford Park Avenue,2,1,4,4,3,1,1
1966,Notts County,Chesterfield,0,2,4,4,2,-2,0
1966,Notts County,Halifax Town,2,1,4,4,3,1,1
1966,Notts County,Luton Town,1,2,4,4,3,-1,0
1966,Notts County,Rochdale,2,0,4,4,2,2,1
1966,Port Vale,Crewe Alexandra,1,1,4,4,2,0,0
1966,Port Vale,Southend United,1,3,4,4,4,-2,0
1966,Rochdale,Bradford City,0,1,4,4,1,-1,0
1966,Rochdale,Chester,0,1,4,4,1,-1,0
1966,Rochdale,Exeter City,1,0,4,4,1,1,1
1966,Southend United,Barnsley,3,0,4,4,3,3,1
1966,Southend United,Halifax Town,1,0,4,4,1,1,1
1966,Southend United,Luton Town,2,0,4,4,2,2,1
1966,Southend United,Stockport County,0,1,4,4,1,-1,0
1966,Southport,Brentford,2,0,4,4,2,2,1
1966,Southport,Hartlepool United,3,1,4,4,4,2,1
1966,Southport,Newport County,1,0,4,4,1,1,1
1966,Southport,Tranmere Rovers,1,0,4,4,1,1,1
1966,Stockport County,Bradford City,1,0,4,4,1,1,1
1966,Stockport County,Chester,1,1,4,4,2,0,0
1966,Stockport County,Exeter City,1,0,4,4,1,1,1
1966,Stockport County,Notts County,2,0,4,4,2,2,1
1966,Stockport County,Southend United,4,1,4,4,5,3,1
1966,Tranmere Rovers,Barnsley,3,3,4,4,6,0,0
1966,Tranmere Rovers,Bradford Park Avenue,2,2,4,4,4,0,0
1966,Tranmere Rovers,Luton Town,1,0,4,4,1,1,1
1966,Wrexham,Barrow,1,1,4,4,2,0,0
1966,Wrexham,Newport County,2,2,4,4,4,0,0
1966,Wrexham,Rochdale,4,2,4,4,6,2,1
1966,York City,Aldershot,1,2,4,4,3,-1,0
1966,York City,Bradford City,4,1,4,4,5,3,1
1966,York City,Chester,1,1,4,4,2,0,0
1966,York City,Lincoln City,3,1,4,4,4,2,1
1966,York City,Notts County,4,1,4,4,5,3,1
1966,York City,Southend United,2,1,4,4,3,1,1
1967,Arsenal,Fulham,5,3,1,1,8,2,1
1967,Arsenal,Liverpool,2,0,1,1,2,2,1
1967,Arsenal,Sheffield Wednesday,3,2,1,1,5,1,1
1967,Arsenal,West Ham United,0,0,1,1,0,0,0
1967,Burnley,Fulham,2,0,1,1,2,2,1
1967,Burnley,Liverpool,1,1,1,1,2,0,0
1967,Burnley,Newcastle United,2,0,1,1,2,2,1
1967,Burnley,Sunderland,3,0,1,1,3,3,1
1967,Burnley,West Ham United,3,3,1,1,6,0,0
1967,Chelsea,Fulham,1,1,1,1,2,0,0
1967,Chelsea,Liverpool,3,1,1,1,4,2,1
1967,Chelsea,Newcastle United,1,1,1,1,2,0,0
1967,Chelsea,Sheffield Wednesday,3,0,1,1,3,3,1
1967,Chelsea,Sunderland,1,0,1,1,1,1,1
1967,Coventry City,Burnley,5,1,1,1,6,4,1
1967,Coventry City,Liverpool,1,1,1,1,2,0,0
1967,Coventry City,Sunderland,2,2,1,1,4,0,0
1967,Everton,Burnley,2,0,1,1,2,2,1
1967,Everton,Newcastle United,1,0,1,1,1,1,1
1967,Everton,West Ham United,2,0,1,1,2,2,1
1967,Fulham,Burnley,4,3,1,1,7,1,1
1967,Fulham,Sunderland,3,2,1,1,5,1,1
1967,Fulham,West Ham United,0,3,1,1,3,-3,0
1967,Leeds United,Everton,2,0,1,1,2,2,1
1967,Leeds United,Liverpool,1,2,1,1,3,-1,0
1967,Leeds United,Sheffield Wednesday,3,2,1,1,5,1,1
1967,Leeds United,West Ham United,2,1,1,1,3,1,1
1967,Leicester City,Liverpool,2,1,1,1,3,1,1
1967,Leicester City,Newcastle United,2,2,1,1,4,0,0
1967,Leicester City,Sheffield Wednesday,3,0,1,1,3,3,1
1967,Leicester City,West Ham United,2,4,1,1,6,-2,0
1967,Liverpool,Everton,1,0,1,1,1,1,1
1967,Liverpool,Leicester City,3,1,1,1,4,2,1
1967,Liverpool,Newcastle United,6,0,1,1,6,6,1
1967,Liverpool,Sheffield Wednesday,1,0,1,1,1,1,1
1967,Liverpool,Sunderland,2,1,1,1,3,1,1
1967,Manchester City,Everton,2,0,1,1,2,2,1
1967,Manchester City,Sheffield Wednesday,1,0,1,1,1,1,1
1967,Manchester City,Sunderland,1,0,1,1,1,1,1
1967,Manchester City,West Ham United,3,0,1,1,3,3,1
1967,Manchester United,Burnley,2,2,1,1,4,0,0
1967,Manchester United,Everton,3,1,1,1,4,2,1
1967,Manchester United,Sheffield Wednesday,4,2,1,1,6,2,1
1967,Manchester United,Sunderland,1,2,1,1,3,-1,0
1967,Manchester United,West Ham United,3,1,1,1,4,2,1
1967,Newcastle United,Burnley,1,0,1,1,1,1,1
1967,Newcastle United,Everton,1,0,1,1,1,1,1
1967,Newcastle United,Sunderland,2,1,1,1,3,1,1
1967,Nottingham Forest,Burnley,1,0,1,1,1,1,1
1967,Nottingham Forest,Everton,1,0,1,1,1,1,1
1967,Nottingham Forest,Manchester United,3,1,1,1,4,2,1
1967,Nottingham Forest,West Ham United,1,1,1,1,2,0,0
1967,Sheffield United,Burnley,1,0,1,1,1,1,1
1967,Sheffield United,Everton,0,1,1,1,1,-1,0
1967,Sheffield United,Leicester City,0,0,1,1,0,0,0
1967,Sheffield United,Sunderland,1,2,1,1,3,-1,0
1967,Sheffield Wednesday,Everton,0,0,1,1,0,0,0
1967,Sheffield Wednesday,Leicester City,2,1,1,1,3,1,1
1967,Sheffield Wednesday,West Ham United,4,1,1,1,5,3,1
1967,Southampton,Burnley,2,2,1,1,4,0,0
1967,Southampton,Leicester City,1,5,1,1,6,-4,0
1967,Southampton,Manchester United,2,2,1,1,4,0,0
1967,Stoke City,Burnley,0,2,1,1,2,-2,0
1967,Stoke City,Everton,1,0,1,1,1,1,1
1967,Stoke City,Manchester United,2,4,1,1,6,-2,0
1967,Stoke City,Sheffield United,1,1,1,1,2,0,0
1967,Stoke City,West Ham United,2,0,1,1,2,2,1
1967,Sunderland,Everton,1,0,1,1,1,1,1
1967,Sunderland,Sheffield United,2,1,1,1,3,1,1
1967,Tottenham Hotspur,Burnley,5,0,1,1,5,5,1
1967,Tottenham Hotspur,Everton,1,1,1,1,2,0,0
1967,Tottenham Hotspur,Leicester City,0,1,1,1,1,-1,0
1967,Tottenham Hotspur,Stoke City,3,0,1,1,3,3,1
1967,West Bromwich Albion,Burnley,8,1,1,1,9,7,1
1967,West Bromwich Albion,Everton,2,6,1,1,8,-4,0
1967,West Bromwich Albion,Leicester City,0,0,1,1,0,0,0
1967,West Bromwich Albion,Manchester United,6,3,1,1,9,3,1
1967,West Bromwich Albion,Sheffield United,4,1,1,1,5,3,1
1967,West Bromwich Albion,Stoke City,3,0,1,1,3,3,1
1967,West Ham United,Burnley,4,2,1,1,6,2,1
1967,West Ham United,Everton,1,1,1,1,2,0,0
1967,West Ham United,Leicester City,4,2,1,1,6,2,1
1967,West Ham United,Manchester United,1,3,1,1,4,-2,0
1967,West Ham United,Stoke City,3,4,1,1,7,-1,0
1967,West Ham United,West Bromwich Albion,2,3,1,1,5,-1,0
1967,Wolverhampton Wanderers,Burnley,3,2,1,1,5,1,1
1967,Wolverhampton Wanderers,Leicester City,1,3,1,1,4,-2,0
1967,Wolverhampton Wanderers,Stoke City,3,4,1,1,7,-1,0
1967,Wolverhampton Wanderers,West Bromwich Albion,3,3,1,1,6,0,0
1967,Aston Villa,Huddersfield Town,0,0,2,2,0,0,0
1967,Aston Villa,Middlesbrough,0,1,2,2,1,-1,0
1967,Aston Villa,Plymouth Argyle,0,1,2,2,1,-1,0
1967,Birmingham City,Charlton Athletic,4,0,2,2,4,4,1
1967,Birmingham City,Middlesbrough,6,1,2,2,7,5,1
1967,Blackburn Rovers,Charlton Athletic,3,2,2,2,5,1,1
1967,Blackburn Rovers,Middlesbrough,3,0,2,2,3,3,1
1967,Blackburn Rovers,Plymouth Argyle,1,1,2,2,2,0,0
1967,Blackburn Rovers,Queens Park Rangers,0,1,2,2,1,-1,0
1967,Blackpool,Middlesbrough,3,0,2,2,3,3,1
1967,Blackpool,Plymouth Argyle,2,0,2,2,2,2,1
1967,Bolton Wanderers,Birmingham City,1,1,2,2,2,0,0
1967,Bolton Wanderers,Middlesbrough,2,0,2,2,2,2,1
1967,Bolton Wanderers,Plymouth Argyle,1,2,2,2,3,-1,0
1967,Bristol City,Birmingham City,3,1,2,2,4,2,1
1967,Bristol City,Huddersfield Town,2,3,2,2,5,-1,0
1967,Bristol City,Plymouth Argyle,2,0,2,2,2,2,1
1967,Cardiff City,Birmingham City,1,3,2,2,4,-2,0
1967,Cardiff City,Bolton Wanderers,1,3,2,2,4,-2,0
1967,Cardiff City,Charlton Athletic,0,0,2,2,0,0,0
1967,Cardiff City,Huddersfield Town,0,0,2,2,0,0,0
1967,Cardiff City,Plymouth Argyle,1,1,2,2,2,0,0
1967,Cardiff City,Queens Park Rangers,1,0,2,2,1,1,1
1967,Carlisle United,Middlesbrough,2,2,2,2,4,0,0
1967,Carlisle United,Plymouth Argyle,2,0,2,2,2,2,1
1967,Carlisle United,Queens Park Rangers,3,1,2,2,4,2,1
1967,Charlton Athletic,Birmingham City,3,1,2,2,4,2,1
1967,Charlton Athletic,Carlisle United,2,2,2,2,4,0,0
1967,Charlton Athletic,Middlesbrough,2,2,2,2,4,0,0
1967,Charlton Athletic,Plymouth Argyle,1,0,2,2,1,1,1
1967,Crystal Palace,Bolton Wanderers,0,3,2,2,3,-3,0
1967,Crystal Palace,Carlisle United,1,1,2,2,2,0,0
1967,Crystal Palace,Huddersfield Town,0,1,2,2,1,-1,0
1967,Crystal Palace,Middlesbrough,1,3,2,2,4,-2,0
1967,Crystal Palace,Queens Park Rangers,1,0,2,2,1,1,1
1967,Derby County,Carlisle United,0,1,2,2,1,-1,0
1967,Derby County,Huddersfield Town,1,0,2,2,1,1,1
1967,Derby County,Queens Park Rangers,4,0,2,2,4,4,1
1967,Huddersfield Town,Carlisle United,1,1,2,2,2,0,0
1967,Huddersfield Town,Plymouth Argyle,0,1,2,2,1,-1,0
1967,Huddersfield Town,Queens Park Rangers,1,0,2,2,1,1,1
1967,Hull City,Middlesbrough,0,2,2,2,2,-2,0
1967,Hull City,Queens Park Rangers,2,0,2,2,2,2,1
1967,Ipswich Town,Birmingham City,2,1,2,2,3,1,1
1967,Ipswich Town,Carlisle United,3,1,2,2,4,2,1
1967,Ipswich Town,Plymouth Argyle,1,1,2,2,2,0,0
1967,Middlesbrough,Carlisle United,4,0,2,2,4,4,1
1967,Middlesbrough,Ipswich Town,0,2,2,2,2,-2,0
1967,Middlesbrough,Queens Park Rangers,3,1,2,2,4,2,1
1967,Millwall,Carlisle United,1,0,2,2,1,1,1
1967,Millwall,Queens Park Rangers,1,1,2,2,2,0,0
1967,Norwich City,Birmingham City,4,2,2,2,6,2,1
1967,Norwich City,Derby County,3,2,2,2,5,1,1
1967,Plymouth Argyle,Birmingham City,1,2,2,2,3,-1,0
1967,Plymouth Argyle,Carlisle United,3,1,2,2,4,2,1
1967,Plymouth Argyle,Derby County,3,4,2,2,7,-1,0
1967,Plymouth Argyle,Norwich City,2,2,2,2,4,0,0
1967,Portsmouth,Birmingham City,1,2,2,2,3,-1,0
1967,Portsmouth,Derby County,3,2,2,2,5,1,1
1967,Portsmouth,Ipswich Town,1,2,2,2,3,-1,0
1967,Portsmouth,Norwich City,3,0,2,2,3,3,1
1967,Preston North End,Bolton Wanderers,1,1,2,2,2,0,0
1967,Preston North End,Derby County,1,1,2,2,2,0,0
1967,Preston North End,Ipswich Town,1,1,2,2,2,0,0
1967,Preston North End,Norwich City,1,0,2,2,1,1,1
1967,Preston North End,Queens Park Rangers,0,2,2,2,2,-2,0
1967,Queens Park Rangers,Carlisle United,1,0,2,2,1,1,1
1967,Queens Park Rangers,Ipswich Town,1,0,2,2,1,1,1
1967,Queens Park Rangers,Norwich City,2,0,2,2,2,2,1
1967,Queens Park Rangers,Preston North End,2,0,2,2,2,2,1
1967,Rotherham United,Birmingham City,1,1,2,2,2,0,0
1967,Rotherham United,Bolton Wanderers,2,2,2,2,4,0,0
1967,Rotherham United,Norwich City,1,3,2,2,4,-2,0
1967,Rotherham United,Preston North End,1,0,2,2,1,1,1
1967,AFC Bournemouth,Colchester United,1,2,3,3,3,-1,0
1967,AFC Bournemouth,Leyton Orient,0,0,3,3,0,0,0
1967,AFC Bournemouth,Oldham Athletic,0,0,3,3,0,0,0
1967,AFC Bournemouth,Southport,4,1,3,3,5,3,1
1967,AFC Bournemouth,Watford,0,1,3,3,1,-1,0
1967,Barrow,Gillingham,0,1,3,3,1,-1,0
1967,Barrow,Oxford United,3,0,3,3,3,3,1
1967,Barrow,Stockport County,3,0,3,3,3,3,1
1967,Brighton & Hove Albion,Bury,1,0,3,3,1,1,1
1967,Brighton & Hove Albion,Grimsby Town,3,1,3,3,4,2,1
1967,Brighton & Hove Albion,Northampton Town,0,2,3,3,2,-2,0
1967,Brighton & Hove Albion,Walsall,1,0,3,3,1,1,1
1967,Bristol Rovers,Barrow,1,0,3,3,1,1,1
1967,Bristol Rovers,Southport,1,3,3,3,4,-2,0
1967,Bristol Rovers,Torquay United,1,0,3,3,1,1,1
1967,Bury,Brighton & Hove Albion,4,0,3,3,4,4,1
1967,Bury,Gillingham,3,2,3,3,5,1,1
1967,Bury,Scunthorpe United,4,3,3,3,7,1,1
1967,Bury,Stockport County,5,3,3,3,8,2,1
1967,Colchester United,Bristol Rovers,2,0,3,3,2,2,1
1967,Colchester United,Grimsby Town,1,3,3,3,4,-2,0
1967,Colchester United,Peterborough United,1,5,3,3,6,-4,0
1967,Colchester United,Shrewsbury Town,0,3,3,3,3,-3,0
1967,Colchester United,Swindon Town,2,1,3,3,3,1,1
1967,Gillingham,Barrow,3,0,3,3,3,3,1
1967,Gillingham,Bury,2,0,3,3,2,2,1
1967,Gillingham,Oldham Athletic,1,0,3,3,1,1,1
1967,Gillingham,Southport,1,4,3,3,5,-3,0
1967,Gillingham,Torquay United,1,1,3,3,2,0,0
1967,Grimsby Town,Brighton & Hove Albion,4,2,3,3,6,2,1
1967,Grimsby Town,Scunthorpe United,2,1,3,3,3,1,1
1967,Grimsby Town,Stockport County,3,1,3,3,4,2,1
1967,Grimsby Town,Tranmere Rovers,3,0,3,3,3,3,1
1967,Leyton Orient,Gillingham,0,4,3,3,4,-4,0
1967,Leyton Orient,Northampton Town,1,3,3,3,4,-2,0
1967,Leyton Orient,Peterborough United,3,0,3,3,3,3,1
1967,Leyton Orient,Shrewsbury Town,1,1,3,3,2,0,0
1967,Leyton Orient,Walsall,2,0,3,3,2,2,1
1967,Mansfield Town,Reading,2,2,3,3,4,0,0
1967,Mansfield Town,Southport,4,2,3,3,6,2,1
1967,Northampton Town,Colchester United,2,2,3,3,4,0,0
1967,Northampton Town,Scunthorpe United,1,0,3,3,1,1,1
1967,Northampton Town,Tranmere Rovers,0,1,3,3,1,-1,0
1967,Oldham Athletic,AFC Bournemouth,1,1,3,3,2,0,0
1967,Oldham Athletic,Gillingham,0,1,3,3,1,-1,0
1967,Oldham Athletic,Shrewsbury Town,0,0,3,3,0,0,0
1967,Oldham Athletic,Walsall,0,3,3,3,3,-3,0
1967,Oxford United,Bury,5,4,3,3,9,1,1
1967,Oxford United,Grimsby Town,2,1,3,3,3,1,1
1967,Oxford United,Southport,1,0,3,3,1,1,1
1967,Oxford United,Torquay United,2,0,3,3,2,2,1
1967,Oxford United,Watford,1,0,3,3,1,1,1
1967,Peterborough United,Brighton & Hove Albion,2,3,3,3,5,-1,0
1967,Peterborough United,Colchester United,3,1,3,3,4,2,1
1967,Peterborough United,Stockport County,2,0,3,3,2,2,1
1967,Peterborough United,Tranmere Rovers,1,1,3,3,2,0,0
1967,Reading,AFC Bournemouth,1,0,3,3,1,1,1
1967,Reading,Gillingham,3,1,3,3,4,2,1
1967,Scunthorpe United,Bury,3,1,3,3,4,2,1
1967,Scunthorpe United,Grimsby Town,0,3,3,3,3,-3,0
1967,Scunthorpe United,Northampton Town,1,1,3,3,2,0,0
1967,Shrewsbury Town,Colchester United,4,0,3,3,4,4,1
1967,Shrewsbury Town,Leyton Orient,2,2,3,3,4,0,0
1967,Shrewsbury Town,Oldham Athletic,4,2,3,3,6,2,1
1967,Shrewsbury Town,Stockport County,0,0,3,3,0,0,0
1967,Southport,Scunthorpe United,1,1,3,3,2,0,0
1967,Southport,Walsall,2,0,3,3,2,2,1
1967,Stockport County,Barrow,1,0,3,3,1,1,1
1967,Stockport County,Bury,4,2,3,3,6,2,1
1967,Stockport County,Grimsby Town,1,1,3,3,2,0,0
1967,Stockport County,Northampton Town,4,0,3,3,4,4,1
1967,Stockport County,Peterborough United,2,2,3,3,4,0,0
1967,Stockport County,Torquay United,0,0,3,3,0,0,0
1967,Swindon Town,Brighton & Hove Albion,2,1,3,3,3,1,1
1967,Swindon Town,Leyton Orient,4,0,3,3,4,4,1
1967,Swindon Town,Reading,5,1,3,3,6,4,1
1967,Swindon Town,Southport,3,3,3,3,6,0,0
1967,Swindon Town,Tranmere Rovers,3,1,3,3,4,2,1
1967,Torquay United,Oxford United,1,1,3,3,2,0,0
1967,Torquay United,Scunthorpe United,2,1,3,3,3,1,1
1967,Tranmere Rovers,Bury,2,0,3,3,2,2,1
1967,Tranmere Rovers,Watford,1,2,3,3,3,-1,0
1967,Walsall,Brighton & Hove Albion,1,2,3,3,3,-1,0
1967,Walsall,Colchester United,1,1,3,3,2,0,0
1967,Walsall,Leyton Orient,5,0,3,3,5,5,1
1967,Walsall,Oldham Athletic,3,1,3,3,4,2,1
1967,Walsall,Reading,2,2,3,3,4,0,0
1967,Walsall,Southport,1,1,3,3,2,0,0
1967,Walsall,Torquay United,1,1,3,3,2,0,0
1967,Watford,AFC Bournemouth,0,2,3,3,2,-2,0
1967,Watford,Mansfield Town,1,2,3,3,3,-1,0
1967,Watford,Oxford United,2,0,3,3,2,2,1
1967,Watford,Scunthorpe United,4,0,3,3,4,4,1
1967,Watford,Stockport County,5,0,3,3,5,5,1
1967,Watford,Tranmere Rovers,3,2,3,3,5,1,1
1967,Aldershot,Bradford City,3,3,4,4,6,0,0
1967,Aldershot,Chester,2,1,4,4,3,1,1
1967,Aldershot,Darlington,0,0,4,4,0,0,0
1967,Aldershot,Halifax Town,1,1,4,4,2,0,0
1967,Barnsley,Bradford Park Avenue,2,0,4,4,2,2,1
1967,Barnsley,Chesterfield,0,0,4,4,0,0,0
1967,Barnsley,Doncaster Rovers,1,0,4,4,1,1,1
1967,Barnsley,Hartlepool United,4,0,4,4,4,4,1
1967,Bradford City,Aldershot,1,3,4,4,4,-2,0
1967,Bradford City,Crewe Alexandra,2,1,4,4,3,1,1
1967,Bradford City,Lincoln City,2,1,4,4,3,1,1
1967,Bradford City,Notts County,5,1,4,4,6,4,1
1967,Bradford Park Avenue,Halifax Town,0,1,4,4,1,-1,0
1967,Bradford Park Avenue,Port Vale,2,2,4,4,4,0,0
1967,Brentford,Chesterfield,1,1,4,4,2,0,0
1967,Brentford,Doncaster Rovers,4,2,4,4,6,2,1
1967,Brentford,Workington,2,1,4,4,3,1,1
1967,Chester,Aldershot,2,5,4,4,7,-3,0
1967,Chester,Bradford Park Avenue,0,0,4,4,0,0,0
1967,Chester,Exeter City,3,1,4,4,4,2,1
1967,Chester,Wrexham,1,1,4,4,2,0,0
1967,Chesterfield,Brentford,2,1,4,4,3,1,1
1967,Chesterfield,Halifax Town,0,0,4,4,0,0,0
1967,Chesterfield,Luton Town,0,0,4,4,0,0,0
1967,Chesterfield,Port Vale,3,0,4,4,3,3,1
1967,Chesterfield,York City,3,1,4,4,4,2,1
1967,Crewe Alexandra,Chester,2,0,4,4,2,2,1
1967,Crewe Alexandra,Doncaster Rovers,2,2,4,4,4,0,0
1967,Crewe Alexandra,Newport County,1,1,4,4,2,0,0
1967,Crewe Alexandra,Rochdale,2,1,4,4,3,1,1
1967,Crewe Alexandra,Workington,3,2,4,4,5,1,1
1967,Darlington,Aldershot,6,2,4,4,8,4,1
1967,Darlington,Bradford Park Avenue,0,0,4,4,0,0,0
1967,Darlington,Notts County,2,2,4,4,4,0,0
1967,Darlington,Southend United,1,1,4,4,2,0,0
1967,Doncaster Rovers,Barnsley,1,2,4,4,3,-1,0
1967,Doncaster Rovers,Brentford,2,0,4,4,2,2,1
1967,Doncaster Rovers,Swansea City,1,2,4,4,3,-1,0
1967,Exeter City,Newport County,2,1,4,4,3,1,1
1967,Exeter City,Rochdale,3,1,4,4,4,2,1
1967,Exeter City,Workington,1,0,4,4,1,1,1
1967,Halifax Town,Chesterfield,0,2,4,4,2,-2,0
1967,Halifax Town,Doncaster Rovers,2,3,4,4,5,-1,0
1967,Halifax Town,Lincoln City,1,0,4,4,1,1,1
1967,Hartlepool United,Luton Town,2,1,4,4,3,1,1
1967,Hartlepool United,Port Vale,2,2,4,4,4,0,0
1967,Hartlepool United,Swansea City,2,0,4,4,2,2,1
1967,Lincoln City,Bradford City,2,0,4,4,2,2,1
1967,Lincoln City,Halifax Town,1,0,4,4,1,1,1
1967,Lincoln City,Newport County,2,1,4,4,3,1,1
1967,Lincoln City,Rochdale,3,2,4,4,5,1,1
1967,Lincoln City,Workington,3,0,4,4,3,3,1
1967,Luton Town,Aldershot,3,1,4,4,4,2,1
1967,Luton Town,Doncaster Rovers,5,3,4,4,8,2,1
1967,Luton Town,Hartlepool United,1,0,4,4,1,1,1
1967,Luton Town,Southend United,3,1,4,4,4,2,1
1967,Luton Town,Wrexham,2,1,4,4,3,1,1
1967,Newport County,Crewe Alexandra,0,0,4,4,0,0,0
1967,Newport County,Lincoln City,0,1,4,4,1,-1,0
1967,Newport County,Port Vale,1,1,4,4,2,0,0
1967,Notts County,Darlington,0,0,4,4,0,0,0
1967,Port Vale,Bradford Park Avenue,4,0,4,4,4,4,1
1967,Port Vale,Hartlepool United,2,3,4,4,5,-1,0
1967,Port Vale,Southend United,1,2,4,4,3,-1,0
1967,Rochdale,Barnsley,1,0,4,4,1,1,1
1967,Rochdale,Crewe Alexandra,1,1,4,4,2,0,0
1967,Rochdale,Exeter City,2,2,4,4,4,0,0
1967,Rochdale,Notts County,0,0,4,4,0,0,0
1967,Rochdale,Swansea City,1,2,4,4,3,-1,0
1967,Southend United,Bradford City,1,1,4,4,2,0,0
1967,Southend United,Chester,5,1,4,4,6,4,1
1967,Southend United,Darlington,2,2,4,4,4,0,0
1967,Southend United,Port Vale,1,1,4,4,2,0,0
1967,Southend United,Workington,7,0,4,4,7,7,1
1967,Swansea City,Bradford Park Avenue,1,1,4,4,2,0,0
1967,Swansea City,Doncaster Rovers,3,1,4,4,4,2,1
1967,Swansea City,Hartlepool United,0,2,4,4,2,-2,0
1967,Swansea City,Newport County,4,2,4,4,6,2,1
1967,Workington,Barnsley,0,1,4,4,1,-1,0
1967,Workington,Brentford,2,0,4,4,2,2,1
1967,Workington,Crewe Alexandra,2,2,4,4,4,0,0
1967,Workington,York City,1,1,4,4,2,0,0
1967,Wrexham,Bradford City,0,2,4,4,2,-2,0
1967,Wrexham,Chester,2,0,4,4,2,2,1
1967,Wrexham,Darlington,3,1,4,4,4,2,1
1967,Wrexham,Halifax Town,2,0,4,4,2,2,1
1967,Wrexham,Luton Town,1,1,4,4,2,0,0
1967,Wrexham,Port Vale,1,0,4,4,1,1,1
1967,Wrexham,Swansea City,2,1,4,4,3,1,1
1967,York City,Doncaster Rovers,1,2,4,4,3,-1,0
1967,York City,Rochdale,4,1,4,4,5,3,1
1968,Arsenal,Chelsea,0,1,1,1,1,-1,0
1968,Arsenal,Liverpool,1,1,1,1,2,0,0
1968,Arsenal,Sheffield Wednesday,2,0,1,1,2,2,1
1968,Arsenal,Sunderland,0,0,1,1,0,0,0
1968,Burnley,Newcastle United,1,0,1,1,1,1,1
1968,Burnley,Sunderland,1,2,1,1,3,-1,0
1968,Burnley,West Ham United,3,1,1,1,4,2,1
1968,Chelsea,Burnley,2,3,1,1,5,-1,0
1968,Chelsea,Liverpool,1,2,1,1,3,-1,0
1968,Chelsea,Newcastle United,1,1,1,1,2,0,0
1968,Chelsea,Sheffield Wednesday,1,0,1,1,1,1,1
1968,Chelsea,Sunderland,5,1,1,1,6,4,1
1968,Coventry City,Burnley,4,1,1,1,5,3,1
1968,Coventry City,Ipswich Town,0,2,1,1,2,-2,0
1968,Coventry City,Liverpool,0,0,1,1,0,0,0
1968,Coventry City,Sheffield Wednesday,3,0,1,1,3,3,1
1968,Coventry City,West Ham United,1,2,1,1,3,-1,0
1968,Everton,Ipswich Town,2,2,1,1,4,0,0
1968,Everton,Newcastle United,1,1,1,1,2,0,0
1968,Everton,Sheffield Wednesday,3,0,1,1,3,3,1
1968,Everton,West Ham United,1,0,1,1,1,1,1
1968,Ipswich Town,Newcastle United,1,4,1,1,5,-3,0
1968,Ipswich Town,Sunderland,1,0,1,1,1,1,1
1968,Leeds United,Burnley,6,1,1,1,7,5,1
1968,Leeds United,Sunderland,1,1,1,1,2,0,0
1968,Leicester City,Burnley,0,2,1,1,2,-2,0
1968,Leicester City,Liverpool,1,2,1,1,3,-1,0
1968,Leicester City,Sunderland,2,1,1,1,3,1,1
1968,Leicester City,West Ham United,1,1,1,1,2,0,0
1968,Liverpool,Leicester City,4,0,1,1,4,4,1
1968,Liverpool,Newcastle United,2,1,1,1,3,1,1
1968,Manchester City,Burnley,7,0,1,1,7,7,1
1968,Manchester City,Everton,1,3,1,1,4,-2,0
1968,Manchester City,Leicester City,2,0,1,1,2,2,1
1968,Manchester City,Newcastle United,1,0,1,1,1,1,1
1968,Manchester City,Sheffield Wednesday,0,1,1,1,1,-1,0
1968,Manchester City,Sunderland,1,0,1,1,1,1,1
1968,Manchester United,Newcastle United,3,1,1,1,4,2,1
1968,Manchester United,Sheffield Wednesday,1,0,1,1,1,1,1
1968,Manchester United,Sunderland,4,1,1,1,5,3,1
1968,Manchester United,West Ham United,1,1,1,1,2,0,0
1968,Newcastle United,Leicester City,0,0,1,1,0,0,0
1968,Newcastle United,Manchester United,2,0,1,1,2,2,1
1968,Newcastle United,Sheffield Wednesday,3,2,1,1,5,1,1
1968,Nottingham Forest,Burnley,2,2,1,1,4,0,0
1968,Nottingham Forest,Everton,1,0,1,1,1,1,1
1968,Nottingham Forest,Sheffield Wednesday,0,0,1,1,0,0,0
1968,Nottingham Forest,Sunderland,1,0,1,1,1,1,1
1968,Nottingham Forest,West Ham United,0,1,1,1,1,-1,0
1968,Queens Park Rangers,Everton,0,1,1,1,1,-1,0
1968,Queens Park Rangers,Leicester City,1,1,1,1,2,0,0
1968,Queens Park Rangers,Manchester United,2,3,1,1,5,-1,0
1968,Queens Park Rangers,Sheffield Wednesday,3,2,1,1,5,1,1
1968,Sheffield Wednesday,Burnley,1,0,1,1,1,1,1
1968,Sheffield Wednesday,Queens Park Rangers,4,0,1,1,4,4,1
1968,Southampton,Everton,2,5,1,1,7,-3,0
1968,Southampton,Leicester City,1,0,1,1,1,1,1
1968,Southampton,Manchester United,2,0,1,1,2,2,1
1968,Southampton,West Ham United,2,2,1,1,4,0,0
1968,Stoke City,Manchester United,0,0,1,1,0,0,0
1968,Stoke City,Queens Park Rangers,1,1,1,1,2,0,0
1968,Stoke City,Sunderland,2,1,1,1,3,1,1
1968,Stoke City,West Ham United,0,2,1,1,2,-2,0
1968,Sunderland,West Ham United,2,1,1,1,3,1,1
1968,Tottenham Hotspur,Manchester United,2,2,1,1,4,0,0
1968,Tottenham Hotspur,Queens Park Rangers,3,2,1,1,5,1,1
1968,West Bromwich Albion,Queens Park Rangers,3,1,1,1,4,2,1
1968,West Bromwich Albion,Stoke City,2,1,1,1,3,1,1
1968,West Bromwich Albion,West Ham United,3,1,1,1,4,2,1
1968,West Ham United,Burnley,5,0,1,1,5,5,1
1968,West Ham United,Everton,1,4,1,1,5,-3,0
1968,West Ham United,Queens Park Rangers,4,3,1,1,7,1,1
1968,West Ham United,Stoke City,0,0,1,1,0,0,0
1968,Wolverhampton Wanderers,Leicester City,1,0,1,1,1,1,1
1968,Aston Villa,Bristol City,1,0,2,2,1,1,1
1968,Aston Villa,Hull City,1,1,2,2,2,0,0
1968,Aston Villa,Norwich City,2,1,2,2,3,1,1
1968,Birmingham City,Carlisle United,3,0,2,2,3,3,1
1968,Birmingham City,Derby County,1,1,2,2,2,0,0
1968,Blackburn Rovers,Birmingham City,3,2,2,2,5,1,1
1968,Blackburn Rovers,Bristol City,1,3,2,2,4,-2,0
1968,Blackburn Rovers,Carlisle United,0,2,2,2,2,-2,0
1968,Blackburn Rovers,Derby County,1,1,2,2,2,0,0
1968,Blackburn Rovers,Preston North End,1,0,2,2,1,1,1
1968,Blackpool,Bristol City,2,2,2,2,4,0,0
1968,Blackpool,Derby County,2,3,2,2,5,-1,0
1968,Blackpool,Preston North End,1,1,2,2,2,0,0
1968,Bolton Wanderers,Birmingham City,0,0,2,2,0,0,0
1968,Bolton Wanderers,Bristol City,1,0,2,2,1,1,1
1968,Bolton Wanderers,Carlisle United,0,1,2,2,1,-1,0
1968,Bolton Wanderers,Hull City,1,0,2,2,1,1,1
1968,Bristol City,Hull City,1,1,2,2,2,0,0
1968,Bristol City,Norwich City,0,1,2,2,1,-1,0
1968,Bury,Bolton Wanderers,2,1,2,2,3,1,1
1968,Bury,Norwich City,1,2,2,2,3,-1,0
1968,Cardiff City,Birmingham City,4,0,2,2,4,4,1
1968,Cardiff City,Bolton Wanderers,0,2,2,2,2,-2,0
1968,Cardiff City,Derby County,1,1,2,2,2,0,0
1968,Cardiff City,Preston North End,1,0,2,2,1,1,1
1968,Carlisle United,Bolton Wanderers,1,1,2,2,2,0,0
1968,Carlisle United,Cardiff City,1,0,2,2,1,1,1
1968,Carlisle United,Preston North End,1,0,2,2,1,1,1
1968,Charlton Athletic,Birmingham City,3,1,2,2,4,2,1
1968,Charlton Athletic,Bolton Wanderers,2,2,2,2,4,0,0
1968,Charlton Athletic,Derby County,2,0,2,2,2,2,1
1968,Charlton Athletic,Hull City,1,1,2,2,2,0,0
1968,Crystal Palace,Birmingham City,3,2,2,2,5,1,1
1968,Crystal Palace,Bolton Wanderers,2,1,2,2,3,1,1
1968,Crystal Palace,Cardiff City,3,1,2,2,4,2,1
1968,Crystal Palace,Derby County,1,2,2,2,3,-1,0
1968,Crystal Palace,Preston North End,1,2,2,2,3,-1,0
1968,Derby County,Bolton Wanderers,5,1,2,2,6,4,1
1968,Derby County,Cardiff City,2,0,2,2,2,2,1
1968,Derby County,Crystal Palace,0,1,2,2,1,-1,0
1968,Fulham,Birmingham City,2,0,2,2,2,2,1
1968,Fulham,Bolton Wanderers,0,2,2,2,2,-2,0
1968,Fulham,Cardiff City,1,5,2,2,6,-4,0
1968,Fulham,Hull City,0,0,2,2,0,0,0
1968,Fulham,Norwich City,1,3,2,2,4,-2,0
1968,Fulham,Preston North End,2,1,2,2,3,1,1
1968,Huddersfield Town,Crystal Palace,0,0,2,2,0,0,0
1968,Huddersfield Town,Hull City,0,3,2,2,3,-3,0
1968,Hull City,Cardiff City,3,3,2,2,6,0,0
1968,Hull City,Huddersfield Town,3,0,2,2,3,3,1
1968,Hull City,Preston North End,1,1,2,2,2,0,0
1968,Middlesbrough,Bolton Wanderers,0,0,2,2,0,0,0
1968,Middlesbrough,Crystal Palace,4,0,2,2,4,4,1
1968,Middlesbrough,Huddersfield Town,1,1,2,2,2,0,0
1968,Millwall,Birmingham City,1,3,2,2,4,-2,0
1968,Millwall,Bolton Wanderers,3,1,2,2,4,2,1
1968,Millwall,Crystal Palace,0,2,2,2,2,-2,0
1968,Norwich City,Bolton Wanderers,2,0,2,2,2,2,1
1968,Norwich City,Crystal Palace,0,1,2,2,1,-1,0
1968,Norwich City,Millwall,0,3,2,2,3,-3,0
1968,Norwich City,Preston North End,1,1,2,2,2,0,0
1968,Oxford United,Birmingham City,1,2,2,2,3,-1,0
1968,Oxford United,Huddersfield Town,3,0,2,2,3,3,1
1968,Portsmouth,Birmingham City,0,0,2,2,0,0,0
1968,Portsmouth,Cardiff City,1,3,2,2,4,-2,0
1968,Portsmouth,Crystal Palace,3,3,2,2,6,0,0
1968,Preston North End,Birmingham City,4,1,2,2,5,3,1
1968,Preston North End,Bolton Wanderers,1,4,2,2,5,-3,0
1968,Preston North End,Crystal Palace,0,0,2,2,0,0,0
1968,Preston North End,Huddersfield Town,1,0,2,2,1,1,1
1968,Preston North End,Millwall,0,1,2,2,1,-1,0
1968,Sheffield United,Birmingham City,2,0,2,2,2,2,1
1968,Sheffield United,Crystal Palace,1,1,2,2,2,0,0
1968,Sheffield United,Millwall,1,0,2,2,1,1,1
1968,AFC Bournemouth,Leyton Orient,0,1,3,3,1,-1,0
1968,AFC Bournemouth,Torquay United,3,0,3,3,3,3,1
1968,AFC Bournemouth,Watford,1,3,3,3,4,-2,0
1968,Barnsley,Gillingham,0,1,3,3,1,-1,0
1968,Barnsley,Luton Town,3,1,3,3,4,2,1
1968,Barnsley,Tranmere Rovers,2,2,3,3,4,0,0
1968,Barrow,Bristol Rovers,3,0,3,3,3,3,1
1968,Barrow,Hartlepool United,1,2,3,3,3,-1,0
1968,Barrow,Plymouth Argyle,1,0,3,3,1,1,1
1968,Barrow,Swindon Town,0,3,3,3,3,-3,0
1968,Barrow,Walsall,1,1,3,3,2,0,0
1968,Brighton & Hove Albion,Northampton Town,1,1,3,3,2,0,0
1968,Brighton & Hove Albion,Southport,4,0,3,3,4,4,1
1968,Brighton & Hove Albion,Torquay United,1,1,3,3,2,0,0
1968,Brighton & Hove Albion,Watford,0,1,3,3,1,-1,0
1968,Bristol Rovers,Barrow,4,2,3,3,6,2,1
1968,Bristol Rovers,Gillingham,5,1,3,3,6,4,1
1968,Bristol Rovers,Luton Town,0,0,3,3,0,0,0
1968,Bristol Rovers,Stockport County,2,0,3,3,2,2,1
1968,Bristol Rovers,Tranmere Rovers,0,2,3,3,2,-2,0
1968,Crewe Alexandra,AFC Bournemouth,0,2,3,3,2,-2,0
1968,Crewe Alexandra,Brighton & Hove Albion,1,0,3,3,1,1,1
1968,Crewe Alexandra,Plymouth Argyle,2,1,3,3,3,1,1
1968,Crewe Alexandra,Swindon Town,1,2,3,3,3,-1,0
1968,Crewe Alexandra,Walsall,0,1,3,3,1,-1,0
1968,Gillingham,Southport,0,0,3,3,0,0,0
1968,Gillingham,Watford,0,5,3,3,5,-5,0
1968,Hartlepool United,Crewe Alexandra,0,0,3,3,0,0,0
1968,Hartlepool United,Luton Town,1,0,3,3,1,1,1
1968,Hartlepool United,Oldham Athletic,0,2,3,3,2,-2,0
1968,Hartlepool United,Rotherham United,0,3,3,3,3,-3,0
1968,Hartlepool United,Stockport County,0,0,3,3,0,0,0
1968,Hartlepool United,Tranmere Rovers,2,4,3,3,6,-2,0
1968,Leyton Orient,AFC Bournemouth,1,0,3,3,1,1,1
1968,Leyton Orient,Gillingham,1,1,3,3,2,0,0
1968,Leyton Orient,Mansfield Town,1,0,3,3,1,1,1
1968,Leyton Orient,Plymouth Argyle,1,2,3,3,3,-1,0
1968,Leyton Orient,Swindon Town,1,0,3,3,1,1,1
1968,Leyton Orient,Walsall,0,0,3,3,0,0,0
1968,Luton Town,Barnsley,5,1,3,3,6,4,1
1968,Luton Town,Hartlepool United,3,0,3,3,3,3,1
1968,Luton Town,Northampton Town,2,1,3,3,3,1,1
1968,Luton Town,Reading,2,1,3,3,3,1,1
1968,Luton Town,Torquay United,1,0,3,3,1,1,1
1968,Mansfield Town,Rotherham United,0,1,3,3,1,-1,0
1968,Northampton Town,Brighton & Hove Albion,1,1,3,3,2,0,0
1968,Northampton Town,Plymouth Argyle,1,1,3,3,2,0,0
1968,Northampton Town,Shrewsbury Town,3,4,3,3,7,-1,0
1968,Northampton Town,Walsall,3,1,3,3,4,2,1
1968,Oldham Athletic,Bristol Rovers,2,1,3,3,3,1,1
1968,Oldham Athletic,Hartlepool United,1,2,3,3,3,-1,0
1968,Oldham Athletic,Mansfield Town,2,2,3,3,4,0,0
1968,Oldham Athletic,Reading,1,1,3,3,2,0,0
1968,Oldham Athletic,Watford,0,3,3,3,3,-3,0
1968,Plymouth Argyle,Crewe Alexandra,2,2,3,3,4,0,0
1968,Plymouth Argyle,Leyton Orient,2,1,3,3,3,1,1
1968,Plymouth Argyle,Northampton Town,0,1,3,3,1,-1,0
1968,Plymouth Argyle,Rotherham United,1,2,3,3,3,-1,0
1968,Reading,Luton Town,1,1,3,3,2,0,0
1968,Reading,Oldham Athletic,4,1,3,3,5,3,1
1968,Reading,Shrewsbury Town,2,4,3,3,6,-2,0
1968,Reading,Swindon Town,0,1,3,3,1,-1,0
1968,Rotherham United,Barnsley,0,0,3,3,0,0,0
1968,Rotherham United,Bristol Rovers,3,2,3,3,5,1,1
1968,Rotherham United,Hartlepool United,1,1,3,3,2,0,0
1968,Rotherham United,Mansfield Town,3,0,3,3,3,3,1
1968,Rotherham United,Plymouth Argyle,0,1,3,3,1,-1,0
1968,Rotherham United,Torquay United,1,0,3,3,1,1,1
1968,Shrewsbury Town,Barrow,1,0,3,3,1,1,1
1968,Shrewsbury Town,Crewe Alexandra,1,1,3,3,2,0,0
1968,Shrewsbury Town,Stockport County,2,1,3,3,3,1,1
1968,Shrewsbury Town,Tranmere Rovers,0,1,3,3,1,-1,0
1968,Southport,Brighton & Hove Albion,2,3,3,3,5,-1,0
1968,Southport,Luton Town,1,1,3,3,2,0,0
1968,Southport,Rotherham United,0,0,3,3,0,0,0
1968,Southport,Walsall,2,1,3,3,3,1,1
1968,Stockport County,Hartlepool United,1,0,3,3,1,1,1
1968,Stockport County,Mansfield Town,1,1,3,3,2,0,0
1968,Stockport County,Plymouth Argyle,2,3,3,3,5,-1,0
1968,Swindon Town,Barrow,2,0,3,3,2,2,1
1968,Swindon Town,Leyton Orient,1,0,3,3,1,1,1
1968,Swindon Town,Tranmere Rovers,1,0,3,3,1,1,1
1968,Torquay United,AFC Bournemouth,0,0,3,3,0,0,0
1968,Torquay United,Brighton & Hove Albion,1,1,3,3,2,0,0
1968,Torquay United,Gillingham,2,0,3,3,2,2,1
1968,Torquay United,Luton Town,1,1,3,3,2,0,0
1968,Torquay United,Oldham Athletic,3,1,3,3,4,2,1
1968,Torquay United,Rotherham United,1,0,3,3,1,1,1
1968,Torquay United,Walsall,4,2,3,3,6,2,1
1968,Tranmere Rovers,Barnsley,3,1,3,3,4,2,1
1968,Tranmere Rovers,Bristol Rovers,1,2,3,3,3,-1,0
1968,Tranmere Rovers,Mansfield Town,2,1,3,3,3,1,1
1968,Tranmere Rovers,Plymouth Argyle,2,2,3,3,4,0,0
1968,Walsall,Barrow,1,1,3,3,2,0,0
1968,Walsall,Northampton Town,0,1,3,3,1,-1,0
1968,Walsall,Reading,2,2,3,3,4,0,0
1968,Walsall,Southport,3,0,3,3,3,3,1
1968,Watford,AFC Bournemouth,1,0,3,3,1,1,1
1968,Watford,Gillingham,2,1,3,3,3,1,1
1968,Watford,Luton Town,1,0,3,3,1,1,1
1968,Aldershot,Chesterfield,2,0,4,4,2,2,1
1968,Aldershot,Doncaster Rovers,1,2,4,4,3,-1,0
1968,Aldershot,Halifax Town,0,2,4,4,2,-2,0
1968,Aldershot,Notts County,0,0,4,4,0,0,0
1968,Aldershot,York City,2,0,4,4,2,2,1
1968,Bradford City,Brentford,3,0,4,4,3,3,1
1968,Bradford City,Lincoln City,2,0,4,4,2,2,1
1968,Bradford City,Peterborough United,2,1,4,4,3,1,1
1968,Bradford City,Workington,0,1,4,4,1,-1,0
1968,Bradford Park Avenue,Chester,1,1,4,4,2,0,0
1968,Bradford Park Avenue,Darlington,1,3,4,4,4,-2,0
1968,Bradford Park Avenue,Port Vale,0,1,4,4,1,-1,0
1968,Bradford Park Avenue,Wrexham,1,2,4,4,3,-1,0
1968,Brentford,Bradford City,2,1,4,4,3,1,1
1968,Brentford,Doncaster Rovers,1,0,4,4,1,1,1
1968,Brentford,Halifax Town,1,1,4,4,2,0,0
1968,Brentford,Rochdale,1,1,4,4,2,0,0
1968,Brentford,Swansea City,2,1,4,4,3,1,1
1968,Brentford,York City,5,1,4,4,6,4,1
1968,Chester,Bradford Park Avenue,4,1,4,4,5,3,1
1968,Chester,Lincoln City,2,0,4,4,2,2,1
1968,Chester,Peterborough United,2,3,4,4,5,-1,0
1968,Chester,Workington,0,2,4,4,2,-2,0
1968,Chesterfield,Newport County,2,1,4,4,3,1,1
1968,Chesterfield,Port Vale,3,1,4,4,4,2,1
1968,Chesterfield,Southend United,0,0,4,4,0,0,0
1968,Chesterfield,Wrexham,0,1,4,4,1,-1,0
1968,Colchester United,Bradford City,1,1,4,4,2,0,0
1968,Colchester United,Doncaster Rovers,1,2,4,4,3,-1,0
1968,Colchester United,Halifax Town,0,0,4,4,0,0,0
1968,Colchester United,Notts County,1,1,4,4,2,0,0
1968,Colchester United,Swansea City,0,1,4,4,1,-1,0
1968,Darlington,Bradford Park Avenue,2,0,4,4,2,2,1
1968,Darlington,Chesterfield,1,3,4,4,4,-2,0
1968,Darlington,Peterborough United,3,3,4,4,6,0,0
1968,Doncaster Rovers,Aldershot,7,0,4,4,7,7,1
1968,Doncaster Rovers,Brentford,5,0,4,4,5,5,1
1968,Doncaster Rovers,Colchester United,1,0,4,4,1,1,1
1968,Doncaster Rovers,Grimsby Town,2,1,4,4,3,1,1
1968,Doncaster Rovers,Newport County,2,2,4,4,4,0,0
1968,Exeter City,Bradford City,2,3,4,4,5,-1,0
1968,Exeter City,Chester,2,2,4,4,4,0,0
1968,Exeter City,Halifax Town,2,1,4,4,3,1,1
1968,Exeter City,Notts County,0,0,4,4,0,0,0
1968,Exeter City,York City,5,0,4,4,5,5,1
1968,Grimsby Town,Bradford Park Avenue,2,0,4,4,2,2,1
1968,Grimsby Town,Lincoln City,1,1,4,4,2,0,0
1968,Grimsby Town,Peterborough United,2,2,4,4,4,0,0
1968,Halifax Town,Aldershot,1,0,4,4,1,1,1
1968,Halifax Town,Brentford,2,0,4,4,2,2,1
1968,Halifax Town,Colchester United,2,1,4,4,3,1,1
1968,Halifax Town,Newport County,3,0,4,4,3,3,1
1968,Halifax Town,Wrexham,2,0,4,4,2,2,1
1968,Lincoln City,Chester,2,0,4,4,2,2,1
1968,Lincoln City,Grimsby Town,3,0,4,4,3,3,1
1968,Lincoln City,Notts County,5,0,4,4,5,5,1
1968,Lincoln City,Rochdale,0,0,4,4,0,0,0
1968,Newport County,Bradford Park Avenue,1,0,4,4,1,1,1
1968,Newport County,Peterborough United,4,2,4,4,6,2,1
1968,Newport County,Scunthorpe United,1,1,4,4,2,0,0
1968,Notts County,Aldershot,0,2,4,4,2,-2,0
1968,Notts County,Brentford,0,2,4,4,2,-2,0
1968,Notts County,Colchester United,2,0,4,4,2,2,1
1968,Peterborough United,Bradford City,2,2,4,4,4,0,0
1968,Peterborough United,Grimsby Town,1,1,4,4,2,0,0
1968,Peterborough United,Swansea City,2,2,4,4,4,0,0
1968,Port Vale,Doncaster Rovers,0,2,4,4,2,-2,0
1968,Port Vale,Notts County,0,2,4,4,2,-2,0
1968,Port Vale,Workington,3,1,4,4,4,2,1
1968,Rochdale,Colchester United,4,0,4,4,4,4,1
1968,Rochdale,Lincoln City,2,1,4,4,3,1,1
1968,Rochdale,Peterborough United,1,1,4,4,2,0,0
1968,Rochdale,Southend United,3,0,4,4,3,3,1
1968,Scunthorpe United,Chester,2,2,4,4,4,0,0
1968,Scunthorpe United,Darlington,0,0,4,4,0,0,0
1968,Scunthorpe United,Newport County,1,0,4,4,1,1,1
1968,Scunthorpe United,Port Vale,0,1,4,4,1,-1,0
1968,Scunthorpe United,Swansea City,3,1,4,4,4,2,1
1968,Southend United,Bradford Park Avenue,5,0,4,4,5,5,1
1968,Southend United,Chesterfield,2,2,4,4,4,0,0
1968,Southend United,Halifax Town,2,1,4,4,3,1,1
1968,Southend United,Workington,1,0,4,4,1,1,1
1968,Swansea City,Brentford,2,3,4,4,5,-1,0
1968,Swansea City,Colchester United,2,0,4,4,2,2,1
1968,Swansea City,Exeter City,2,0,4,4,2,2,1
1968,Swansea City,Peterborough United,0,0,4,4,0,0,0
1968,Swansea City,Scunthorpe United,2,0,4,4,2,2,1
1968,Workington,Bradford City,0,0,4,4,0,0,0
1968,Workington,Chester,0,0,4,4,0,0,0
1968,Workington,Darlington,1,2,4,4,3,-1,0
1968,Workington,Grimsby Town,2,0,4,4,2,2,1
1968,Workington,Port Vale,0,0,4,4,0,0,0
1968,Workington,York City,2,0,4,4,2,2,1
1968,Wrexham,Bradford Park Avenue,3,0,4,4,3,3,1
1968,Wrexham,Doncaster Rovers,3,1,4,4,4,2,1
1968,York City,Brentford,2,1,4,4,3,1,1
1968,York City,Colchester United,2,0,4,4,2,2,1
1968,York City,Lincoln City,1,1,4,4,2,0,0
1969,Arsenal,Chelsea,0,3,1,1,3,-3,0
1969,Arsenal,Derby County,4,0,1,1,4,4,1
1969,Arsenal,Leeds United,1,1,1,1,2,0,0
1969,Arsenal,Manchester United,2,2,1,1,4,0,0
1969,Burnley,Leeds United,1,1,1,1,2,0,0
1969,Burnley,Manchester United,1,1,1,1,2,0,0
1969,Burnley,Sheffield Wednesday,4,2,1,1,6,2,1
1969,Burnley,Sunderland,3,0,1,1,3,3,1
1969,Burnley,West Ham United,3,2,1,1,5,1,1
1969,Chelsea,Burnley,2,0,1,1,2,2,1
1969,Chelsea,Leeds United,2,5,1,1,7,-3,0
1969,Chelsea,Manchester United,2,1,1,1,3,1,1
1969,Chelsea,Sunderland,3,1,1,1,4,2,1
1969,Chelsea,West Ham United,0,0,1,1,0,0,0
1969,Coventry City,Burnley,1,1,1,1,2,0,0
1969,Coventry City,Leeds United,1,2,1,1,3,-1,0
1969,Coventry City,Sheffield Wednesday,1,1,1,1,2,0,0
1969,Coventry City,Sunderland,1,1,1,1,2,0,0
1969,Crystal Palace,Leeds United,1,1,1,1,2,0,0
1969,Derby County,Manchester United,2,0,1,1,2,2,1
1969,Derby County,Sheffield Wednesday,1,0,1,1,1,1,1
1969,Derby County,West Ham United,3,0,1,1,3,3,1
1969,Everton,Burnley,2,1,1,1,3,1,1
1969,Everton,Manchester United,3,0,1,1,3,3,1
1969,Everton,Sheffield Wednesday,2,1,1,1,3,1,1
1969,Ipswich Town,Burnley,0,1,1,1,1,-1,0
1969,Ipswich Town,Leeds United,3,2,1,1,5,1,1
1969,Ipswich Town,Sunderland,2,0,1,1,2,2,1
1969,Ipswich Town,West Ham United,1,0,1,1,1,1,1
1969,Leeds United,Burnley,2,1,1,1,3,1,1
1969,Leeds United,Crystal Palace,2,0,1,1,2,2,1
1969,Leeds United,Ipswich Town,4,0,1,1,4,4,1
1969,Leeds United,Sheffield Wednesday,2,0,1,1,2,2,1
1969,Leeds United,West Ham United,4,1,1,1,5,3,1
1969,Liverpool,Burnley,3,3,1,1,6,0,0
1969,Liverpool,Crystal Palace,3,0,1,1,3,3,1
1969,Liverpool,Manchester United,1,4,1,1,5,-3,0
1969,Manchester City,Burnley,1,1,1,1,2,0,0
1969,Manchester City,Crystal Palace,0,1,1,1,1,-1,0
1969,Manchester City,Ipswich Town,1,0,1,1,1,1,1
1969,Manchester City,Manchester United,4,0,1,1,4,4,1
1969,Manchester City,West Ham United,1,5,1,1,6,-4,0
1969,Manchester United,Ipswich Town,2,1,1,1,3,1,1
1969,Manchester United,Manchester City,1,2,1,1,3,-1,0
1969,Manchester United,Sheffield Wednesday,2,2,1,1,4,0,0
1969,Newcastle United,Burnley,0,1,1,1,1,-1,0
1969,Newcastle United,Ipswich Town,4,0,1,1,4,4,1
1969,Newcastle United,Manchester City,1,0,1,1,1,1,1
1969,Newcastle United,West Ham United,4,1,1,1,5,3,1
1969,Nottingham Forest,Burnley,1,1,1,1,2,0,0
1969,Nottingham Forest,Crystal Palace,0,0,1,1,0,0,0
1969,Nottingham Forest,Ipswich Town,1,0,1,1,1,1,1
1969,Nottingham Forest,Sunderland,2,1,1,1,3,1,1
1969,Nottingham Forest,West Ham United,1,0,1,1,1,1,1
1969,Sheffield Wednesday,Ipswich Town,2,2,1,1,4,0,0
1969,Sheffield Wednesday,Manchester City,1,2,1,1,3,-1,0
1969,Sheffield Wednesday,Nottingham Forest,2,1,1,1,3,1,1
1969,Sheffield Wednesday,Sunderland,2,0,1,1,2,2,1
1969,Southampton,Burnley,1,1,1,1,2,0,0
1969,Southampton,Manchester City,0,0,1,1,0,0,0
1969,Southampton,Sunderland,1,1,1,1,2,0,0
1969,Stoke City,Nottingham Forest,1,1,1,1,2,0,0
1969,Stoke City,Sunderland,4,2,1,1,6,2,1
1969,Stoke City,West Ham United,2,1,1,1,3,1,1
1969,Sunderland,Crystal Palace,0,0,1,1,0,0,0
1969,Sunderland,Nottingham Forest,2,1,1,1,3,1,1
1969,Sunderland,Stoke City,0,3,1,1,3,-3,0
1969,Sunderland,West Ham United,0,1,1,1,1,-1,0
1969,Tottenham Hotspur,Burnley,4,0,1,1,4,4,1
1969,Tottenham Hotspur,Manchester City,0,3,1,1,3,-3,0
1969,Tottenham Hotspur,Stoke City,1,0,1,1,1,1,1
1969,West Bromwich Albion,Burnley,0,1,1,1,1,-1,0
1969,West Bromwich Albion,Ipswich Town,2,2,1,1,4,0,0
1969,West Bromwich Albion,Stoke City,1,3,1,1,4,-2,0
1969,West Bromwich Albion,West Ham United,3,1,1,1,4,2,1
1969,West Ham United,Ipswich Town,0,0,1,1,0,0,0
1969,West Ham United,Manchester City,0,4,1,1,4,-4,0
1969,West Ham United,West Bromwich Albion,1,3,1,1,4,-2,0
1969,Wolverhampton Wanderers,Crystal Palace,1,1,1,1,2,0,0
1969,Wolverhampton Wanderers,West Bromwich Albion,1,0,1,1,1,1,1
1969,Aston Villa,Blackburn Rovers,1,1,2,2,2,0,0
1969,Aston Villa,Charlton Athletic,1,0,2,2,1,1,1
1969,Aston Villa,Leicester City,0,1,2,2,1,-1,0
1969,Birmingham City,Leicester City,0,1,2,2,1,-1,0
1969,Birmingham City,Preston North End,1,0,2,2,1,1,1
1969,Blackburn Rovers,Charlton Athletic,3,0,2,2,3,3,1
1969,Blackburn Rovers,Norwich City,3,1,2,2,4,2,1
1969,Blackburn Rovers,Preston North End,4,2,2,2,6,2,1
1969,Blackpool,Birmingham City,2,0,2,2,2,2,1
1969,Blackpool,Bristol City,1,0,2,2,1,1,1
1969,Blackpool,Charlton Athletic,2,0,2,2,2,2,1
1969,Blackpool,Swindon Town,3,2,2,2,5,1,1
1969,Bolton Wanderers,Birmingham City,2,0,2,2,2,2,1
1969,Bolton Wanderers,Leicester City,2,3,2,2,5,-1,0
1969,Bolton Wanderers,Swindon Town,0,1,2,2,1,-1,0
1969,Bristol City,Birmingham City,2,0,2,2,2,2,1
1969,Bristol City,Charlton Athletic,6,0,2,2,6,6,1
1969,Bristol City,Leicester City,0,0,2,2,0,0,0
1969,Cardiff City,Birmingham City,3,1,2,2,4,2,1
1969,Cardiff City,Leicester City,1,1,2,2,2,0,0
1969,Cardiff City,Swindon Town,2,2,2,2,4,0,0
1969,Carlisle United,Birmingham City,4,3,2,2,7,1,1
1969,Carlisle United,Bolton Wanderers,2,1,2,2,3,1,1
1969,Carlisle United,Charlton Athletic,1,1,2,2,2,0,0
1969,Carlisle United,Leicester City,2,2,2,2,4,0,0
1969,Carlisle United,Norwich City,2,1,2,2,3,1,1
1969,Charlton Athletic,Birmingham City,0,1,2,2,1,-1,0
1969,Charlton Athletic,Carlisle United,2,1,2,2,3,1,1
1969,Charlton Athletic,Leicester City,0,5,2,2,5,-5,0
1969,Charlton Athletic,Swindon Town,1,1,2,2,2,0,0
1969,Huddersfield Town,Birmingham City,2,0,2,2,2,2,1
1969,Huddersfield Town,Bolton Wanderers,1,0,2,2,1,1,1
1969,Huddersfield Town,Carlisle United,1,0,2,2,1,1,1
1969,Huddersfield Town,Norwich City,1,1,2,2,2,0,0
1969,Huddersfield Town,Preston North End,3,2,2,2,5,1,1
1969,Huddersfield Town,Swindon Town,1,1,2,2,2,0,0
1969,Hull City,Swindon Town,1,1,2,2,2,0,0
1969,Leicester City,Birmingham City,3,1,2,2,4,2,1
1969,Leicester City,Carlisle United,1,2,2,2,3,-1,0
1969,Leicester City,Hull City,2,2,2,2,4,0,0
1969,Leicester City,Preston North End,3,0,2,2,3,3,1
1969,Middlesbrough,Carlisle United,0,2,2,2,2,-2,0
1969,Middlesbrough,Norwich City,0,0,2,2,0,0,0
1969,Millwall,Birmingham City,6,2,2,2,8,4,1
1969,Millwall,Bolton Wanderers,2,0,2,2,2,2,1
1969,Millwall,Carlisle United,4,2,2,2,6,2,1
1969,Millwall,Preston North End,2,1,2,2,3,1,1
1969,Millwall,Swindon Town,3,1,2,2,4,2,1
1969,Norwich City,Hull City,2,1,2,2,3,1,1
1969,Norwich City,Millwall,2,1,2,2,3,1,1
1969,Oxford United,Birmingham City,2,0,2,2,2,2,1
1969,Oxford United,Hull City,0,0,2,2,0,0,0
1969,Oxford United,Millwall,0,0,2,2,0,0,0
1969,Oxford United,Swindon Town,0,0,2,2,0,0,0
1969,Portsmouth,Carlisle United,4,0,2,2,4,4,1
1969,Portsmouth,Hull City,1,4,2,2,5,-3,0
1969,Portsmouth,Swindon Town,3,1,2,2,4,2,1
1969,Preston North End,Birmingham City,4,1,2,2,5,3,1
1969,Preston North End,Bolton Wanderers,1,3,2,2,4,-2,0
1969,Preston North End,Hull City,3,3,2,2,6,0,0
1969,Queens Park Rangers,Birmingham City,2,1,2,2,3,1,1
1969,Queens Park Rangers,Bolton Wanderers,0,4,2,2,4,-4,0
1969,Queens Park Rangers,Hull City,3,0,2,2,3,3,1
1969,Queens Park Rangers,Portsmouth,2,0,2,2,2,2,1
1969,Sheffield United,Birmingham City,6,0,2,2,6,6,1
1969,Sheffield United,Carlisle United,1,0,2,2,1,1,1
1969,Sheffield United,Millwall,3,1,2,2,4,2,1
1969,Sheffield United,Portsmouth,5,0,2,2,5,5,1
1969,Sheffield United,Swindon Town,1,2,2,2,3,-1,0
1969,Swindon Town,Millwall,2,1,2,2,3,1,1
1969,Watford,Birmingham City,2,3,2,2,5,-1,0
1969,Watford,Carlisle United,1,2,2,2,3,-1,0
1969,AFC Bournemouth,Barrow,0,0,3,3,0,0,0
1969,AFC Bournemouth,Bristol Rovers,2,2,3,3,4,0,0
1969,AFC Bournemouth,Fulham,2,2,3,3,4,0,0
1969,AFC Bournemouth,Leyton Orient,0,2,3,3,2,-2,0
1969,AFC Bournemouth,Plymouth Argyle,1,3,3,3,4,-2,0
1969,AFC Bournemouth,Rotherham United,1,0,3,3,1,1,1
1969,Barnsley,Bury,3,3,3,3,6,0,0
1969,Barnsley,Gillingham,5,1,3,3,6,4,1
1969,Barnsley,Torquay United,3,0,3,3,3,3,1
1969,Barrow,AFC Bournemouth,1,1,3,3,2,0,0
1969,Barrow,Halifax Town,0,1,3,3,1,-1,0
1969,Barrow,Southport,1,0,3,3,1,1,1
1969,Bradford City,Fulham,0,0,3,3,0,0,0
1969,Bradford City,Leyton Orient,0,1,3,3,1,-1,0
1969,Bradford City,Stockport County,1,0,3,3,1,1,1
1969,Brighton & Hove Albion,Barrow,2,0,3,3,2,2,1
1969,Brighton & Hove Albion,Bury,2,0,3,3,2,2,1
1969,Brighton & Hove Albion,Gillingham,3,1,3,3,4,2,1
1969,Brighton & Hove Albion,Reading,2,1,3,3,3,1,1
1969,Brighton & Hove Albion,Shrewsbury Town,1,0,3,3,1,1,1
1969,Brighton & Hove Albion,Torquay United,2,2,3,3,4,0,0
1969,Bristol Rovers,Doncaster Rovers,1,1,3,3,2,0,0
1969,Bristol Rovers,Halifax Town,2,0,3,3,2,2,1
1969,Bristol Rovers,Mansfield Town,4,1,3,3,5,3,1
1969,Bristol Rovers,Rochdale,3,3,3,3,6,0,0
1969,Bristol Rovers,Southport,2,0,3,3,2,2,1
1969,Bury,Barnsley,1,2,3,3,3,-1,0
1969,Bury,Brighton & Hove Albion,1,2,3,3,3,-1,0
1969,Bury,Leyton Orient,0,1,3,3,1,-1,0
1969,Bury,Plymouth Argyle,3,1,3,3,4,2,1
1969,Bury,Walsall,4,2,3,3,6,2,1
1969,Doncaster Rovers,Barrow,3,2,3,3,5,1,1
1969,Fulham,AFC Bournemouth,1,1,3,3,2,0,0
1969,Fulham,Bradford City,0,0,3,3,0,0,0
1969,Fulham,Mansfield Town,1,1,3,3,2,0,0
1969,Fulham,Southport,3,2,3,3,5,1,1
1969,Fulham,Tranmere Rovers,1,1,3,3,2,0,0
1969,Gillingham,Barnsley,1,3,3,3,4,-2,0
1969,Gillingham,Brighton & Hove Albion,0,1,3,3,1,-1,0
1969,Halifax Town,Fulham,0,8,3,3,8,-8,0
1969,Halifax Town,Reading,1,1,3,3,2,0,0
1969,Halifax Town,Shrewsbury Town,1,0,3,3,1,1,1
1969,Leyton Orient,Bradford City,2,1,3,3,3,1,1
1969,Leyton Orient,Mansfield Town,1,0,3,3,1,1,1
1969,Leyton Orient,Southport,3,2,3,3,5,1,1
1969,Luton Town,Barnsley,1,1,3,3,2,0,0
1969,Luton Town,Brighton & Hove Albion,1,1,3,3,2,0,0
1969,Luton Town,Doncaster Rovers,4,0,3,3,4,4,1
1969,Luton Town,Plymouth Argyle,0,2,3,3,2,-2,0
1969,Luton Town,Walsall,3,0,3,3,3,3,1
1969,Mansfield Town,Barrow,4,2,3,3,6,2,1
1969,Mansfield Town,Fulham,2,3,3,3,5,-1,0
1969,Mansfield Town,Leyton Orient,4,1,3,3,5,3,1
1969,Mansfield Town,Reading,2,1,3,3,3,1,1
1969,Mansfield Town,Torquay United,2,0,3,3,2,2,1
1969,Plymouth Argyle,Bury,2,2,3,3,4,0,0
1969,Plymouth Argyle,Gillingham,2,2,3,3,4,0,0
1969,Plymouth Argyle,Rochdale,2,3,3,3,5,-1,0
1969,Plymouth Argyle,Southport,1,1,3,3,2,0,0
1969,Reading,Brighton & Hove Albion,1,0,3,3,1,1,1
1969,Reading,Halifax Town,4,1,3,3,5,3,1
1969,Reading,Mansfield Town,1,0,3,3,1,1,1
1969,Reading,Rotherham United,1,1,3,3,2,0,0
1969,Rochdale,Fulham,0,1,3,3,1,-1,0
1969,Rochdale,Leyton Orient,0,3,3,3,3,-3,0
1969,Rochdale,Plymouth Argyle,2,1,3,3,3,1,1
1969,Rochdale,Torquay United,1,1,3,3,2,0,0
1969,Rotherham United,AFC Bournemouth,3,0,3,3,3,3,1
1969,Rotherham United,Bradford City,2,3,3,3,5,-1,0
1969,Rotherham United,Reading,1,1,3,3,2,0,0
1969,Rotherham United,Southport,2,0,3,3,2,2,1
1969,Rotherham United,Tranmere Rovers,0,1,3,3,1,-1,0
1969,Shrewsbury Town,Mansfield Town,0,0,3,3,0,0,0
1969,Shrewsbury Town,Walsall,1,1,3,3,2,0,0
1969,Southport,Bristol Rovers,0,0,3,3,0,0,0
1969,Southport,Fulham,0,2,3,3,2,-2,0
1969,Southport,Rotherham United,2,1,3,3,3,1,1
1969,Southport,Torquay United,4,2,3,3,6,2,1
1969,Stockport County,AFC Bournemouth,0,2,3,3,2,-2,0
1969,Stockport County,Bury,1,0,3,3,1,1,1
1969,Stockport County,Gillingham,1,0,3,3,1,1,1
1969,Stockport County,Reading,2,2,3,3,4,0,0
1969,Stockport County,Shrewsbury Town,1,1,3,3,2,0,0
1969,Torquay United,Doncaster Rovers,2,1,3,3,3,1,1
1969,Torquay United,Rochdale,3,0,3,3,3,3,1
1969,Torquay United,Southport,0,0,3,3,0,0,0
1969,Tranmere Rovers,Plymouth Argyle,3,1,3,3,4,2,1
1969,Tranmere Rovers,Rotherham United,2,2,3,3,4,0,0
1969,Walsall,Bradford City,2,0,3,3,2,2,1
1969,Walsall,Bury,1,1,3,3,2,0,0
1969,Walsall,Reading,4,1,3,3,5,3,1
1969,Walsall,Torquay United,0,1,3,3,1,-1,0
1969,Aldershot,Exeter City,1,0,4,4,1,1,1
1969,Aldershot,Lincoln City,1,1,4,4,2,0,0
1969,Aldershot,Notts County,2,0,4,4,2,2,1
1969,Aldershot,Port Vale,2,0,4,4,2,2,1
1969,Aldershot,Swansea City,2,2,4,4,4,0,0
1969,Aldershot,York City,4,1,4,4,5,3,1
1969,Bradford Park Avenue,Newport County,1,1,4,4,2,0,0
1969,Bradford Park Avenue,Oldham Athletic,0,0,4,4,0,0,0
1969,Bradford Park Avenue,Workington,2,0,4,4,2,2,1
1969,Brentford,Chesterfield,0,1,4,4,1,-1,0
1969,Brentford,Darlington,1,1,4,4,2,0,0
1969,Brentford,Northampton Town,1,0,4,4,1,1,1
1969,Brentford,Wrexham,0,0,4,4,0,0,0
1969,Chester,Exeter City,2,0,4,4,2,2,1
1969,Chester,Lincoln City,1,2,4,4,3,-1,0
1969,Chester,Notts County,0,1,4,4,1,-1,0
1969,Chester,Swansea City,2,2,4,4,4,0,0
1969,Chester,York City,3,0,4,4,3,3,1
1969,Chesterfield,Brentford,1,0,4,4,1,1,1
1969,Chesterfield,Crewe Alexandra,1,0,4,4,1,1,1
1969,Chesterfield,Newport County,4,0,4,4,4,4,1
1969,Chesterfield,Workington,4,0,4,4,4,4,1
1969,Colchester United,Aldershot,3,1,4,4,4,2,1
1969,Colchester United,Chester,0,1,4,4,1,-1,0
1969,Colchester United,Hartlepool United,1,1,4,4,2,0,0
1969,Colchester United,Northampton Town,0,3,4,4,3,-3,0
1969,Colchester United,Southend United,0,2,4,4,2,-2,0
1969,Crewe Alexandra,Bradford Park Avenue,0,0,4,4,0,0,0
1969,Crewe Alexandra,Lincoln City,3,1,4,4,4,2,1
1969,Crewe Alexandra,Notts County,1,1,4,4,2,0,0
1969,Crewe Alexandra,Swansea City,0,1,4,4,1,-1,0
1969,Darlington,Brentford,1,2,4,4,3,-1,0
1969,Darlington,Colchester United,3,2,4,4,5,1,1
1969,Darlington,Grimsby Town,0,0,4,4,0,0,0
1969,Darlington,Scunthorpe United,2,0,4,4,2,2,1
1969,Darlington,Workington,1,1,4,4,2,0,0
1969,Exeter City,Aldershot,2,1,4,4,3,1,1
1969,Exeter City,Chester,1,0,4,4,1,1,1
1969,Exeter City,Crewe Alexandra,3,0,4,4,3,3,1
1969,Exeter City,Peterborough United,1,1,4,4,2,0,0
1969,Grimsby Town,Bradford Park Avenue,2,2,4,4,4,0,0
1969,Grimsby Town,Darlington,0,1,4,4,1,-1,0
1969,Grimsby Town,Lincoln City,0,2,4,4,2,-2,0
1969,Grimsby Town,York City,0,0,4,4,0,0,0
1969,Hartlepool United,Brentford,0,0,4,4,0,0,0
1969,Hartlepool United,Exeter City,2,0,4,4,2,2,1
1969,Hartlepool United,Scunthorpe United,1,2,4,4,3,-1,0
1969,Hartlepool United,Workington,1,0,4,4,1,1,1
1969,Lincoln City,Peterborough United,3,0,4,4,3,3,1
1969,Newport County,Bradford Park Avenue,5,1,4,4,6,4,1
1969,Newport County,Chesterfield,0,2,4,4,2,-2,0
1969,Newport County,Port Vale,1,1,4,4,2,0,0
1969,Newport County,Swansea City,1,2,4,4,3,-1,0
1969,Newport County,York City,1,2,4,4,3,-1,0
1969,Northampton Town,Brentford,1,1,4,4,2,0,0
1969,Northampton Town,Colchester United,1,1,4,4,2,0,0
1969,Northampton Town,Exeter City,2,0,4,4,2,2,1
1969,Northampton Town,Lincoln City,1,1,4,4,2,0,0
1969,Northampton Town,Oldham Athletic,0,0,4,4,0,0,0
1969,Northampton Town,Scunthorpe United,2,1,4,4,3,1,1
1969,Northampton Town,Workington,3,0,4,4,3,3,1
1969,Notts County,Aldershot,3,0,4,4,3,3,1
1969,Notts County,Chester,3,0,4,4,3,3,1
1969,Notts County,Crewe Alexandra,0,1,4,4,1,-1,0
1969,Notts County,Newport County,4,1,4,4,5,3,1
1969,Notts County,Southend United,2,0,4,4,2,2,1
1969,Oldham Athletic,Bradford Park Avenue,0,0,4,4,0,0,0
1969,Oldham Athletic,Northampton Town,0,2,4,4,2,-2,0
1969,Oldham Athletic,Swansea City,0,1,4,4,1,-1,0
1969,Oldham Athletic,York City,3,1,4,4,4,2,1
1969,Peterborough United,Brentford,0,0,4,4,0,0,0
1969,Peterborough United,Colchester United,1,1,4,4,2,0,0
1969,Peterborough United,Lincoln City,2,1,4,4,3,1,1
1969,Peterborough United,Workington,1,1,4,4,2,0,0
1969,Port Vale,Aldershot,0,0,4,4,0,0,0
1969,Port Vale,Grimsby Town,1,0,4,4,1,1,1
1969,Port Vale,Newport County,3,1,4,4,4,2,1
1969,Port Vale,Oldham Athletic,1,0,4,4,1,1,1
1969,Port Vale,Wrexham,1,0,4,4,1,1,1
1969,Scunthorpe United,Bradford Park Avenue,2,0,4,4,2,2,1
1969,Scunthorpe United,Peterborough United,2,1,4,4,3,1,1
1969,Southend United,Brentford,2,2,4,4,4,0,0
1969,Southend United,Colchester United,2,1,4,4,3,1,1
1969,Southend United,Notts County,2,5,4,4,7,-3,0
1969,Swansea City,Crewe Alexandra,3,0,4,4,3,3,1
1969,Workington,Darlington,1,0,4,4,1,1,1
1969,Workington,Peterborough United,1,1,4,4,2,0,0
1969,Workington,Southend United,5,0,4,4,5,5,1
1969,Workington,York City,1,1,4,4,2,0,0
1969,Wrexham,Colchester United,4,2,4,4,6,2,1
1969,Wrexham,Notts County,2,0,4,4,2,2,1
1969,Wrexham,Port Vale,1,1,4,4,2,0,0
1969,Wrexham,Swansea City,1,1,4,4,2,0,0
1969,York City,Aldershot,2,0,4,4,2,2,1
1969,York City,Newport County,2,1,4,4,3,1,1
1969,York City,Oldham Athletic,0,0,4,4,0,0,0
1970,Arsenal,Huddersfield Town,1,0,1,1,1,1,1
1970,Arsenal,Newcastle United,1,0,1,1,1,1,1
1970,Blackpool,Crystal Palace,3,1,1,1,4,2,1
1970,Burnley,Huddersfield Town,2,3,1,1,5,-1,0
1970,Burnley,Newcastle United,1,1,1,1,2,0,0
1970,Burnley,Stoke City,1,1,1,1,2,0,0
1970,Burnley,West Ham United,1,0,1,1,1,1,1
1970,Chelsea,Blackpool,2,0,1,1,2,2,1
1970,Chelsea,Crystal Palace,1,1,1,1,2,0,0
1970,Chelsea,Stoke City,2,1,1,1,3,1,1
1970,Coventry City,Liverpool,1,0,1,1,1,1,1
1970,Coventry City,West Ham United,0,1,1,1,1,-1,0
1970,Crystal Palace,Blackpool,1,0,1,1,1,1,1
1970,Crystal Palace,Coventry City,1,2,1,1,3,-1,0
1970,Crystal Palace,Huddersfield Town,0,3,1,1,3,-3,0
1970,Crystal Palace,Liverpool,1,0,1,1,1,1,1
1970,Crystal Palace,Newcastle United,1,0,1,1,1,1,1
1970,Crystal Palace,Stoke City,3,2,1,1,5,1,1
1970,Derby County,Huddersfield Town,3,2,1,1,5,1,1
1970,Derby County,Liverpool,0,0,1,1,0,0,0
1970,Derby County,Newcastle United,1,2,1,1,3,-1,0
1970,Derby County,West Ham United,2,4,1,1,6,-2,0
1970,Everton,Blackpool,0,0,1,1,0,0,0
1970,Everton,Coventry City,3,0,1,1,3,3,1
1970,Everton,Liverpool,0,0,1,1,0,0,0
1970,Everton,West Ham United,0,1,1,1,1,-1,0
1970,Huddersfield Town,Blackpool,3,0,1,1,3,3,1
1970,Huddersfield Town,Everton,1,1,1,1,2,0,0
1970,Huddersfield Town,Liverpool,0,0,1,1,0,0,0
1970,Huddersfield Town,Newcastle United,1,1,1,1,2,0,0
1970,Huddersfield Town,Stoke City,0,1,1,1,1,-1,0
1970,Ipswich Town,Blackpool,2,1,1,1,3,1,1
1970,Ipswich Town,Coventry City,0,2,1,1,2,-2,0
1970,Ipswich Town,Everton,0,0,1,1,0,0,0
1970,Ipswich Town,Liverpool,1,0,1,1,1,1,1
1970,Ipswich Town,Newcastle United,1,0,1,1,1,1,1
1970,Ipswich Town,Stoke City,2,0,1,1,2,2,1
1970,Ipswich Town,West Ham United,2,1,1,1,3,1,1
1970,Leeds United,Blackpool,3,1,1,1,4,2,1
1970,Leeds United,Coventry City,2,0,1,1,2,2,1
1970,Leeds United,Liverpool,0,1,1,1,1,-1,0
1970,Leeds United,West Ham United,3,0,1,1,3,3,1
1970,Liverpool,Leeds United,1,1,1,1,2,0,0
1970,Liverpool,Newcastle United,1,1,1,1,2,0,0
1970,Manchester City,Blackpool,2,0,1,1,2,2,1
1970,Manchester City,Coventry City,1,1,1,1,2,0,0
1970,Manchester City,Everton,3,0,1,1,3,3,1
1970,Manchester City,Leeds United,0,2,1,1,2,-2,0
1970,Manchester City,Stoke City,4,1,1,1,5,3,1
1970,Manchester United,Blackpool,1,1,1,1,2,0,0
1970,Manchester United,Newcastle United,1,0,1,1,1,1,1
1970,Manchester United,Stoke City,2,2,1,1,4,0,0
1970,Newcastle United,Blackpool,1,2,1,1,3,-1,0
1970,Newcastle United,Leeds United,1,1,1,1,2,0,0
1970,Nottingham Forest,Coventry City,2,0,1,1,2,2,1
1970,Nottingham Forest,Manchester United,1,2,1,1,3,-1,0
1970,Nottingham Forest,Stoke City,0,0,1,1,0,0,0
1970,Nottingham Forest,West Ham United,1,0,1,1,1,1,1
1970,Southampton,Blackpool,1,1,1,1,2,0,0
1970,Southampton,Coventry City,3,0,1,1,3,3,1
1970,Stoke City,Blackpool,1,1,1,1,2,0,0
1970,Stoke City,Everton,1,1,1,1,2,0,0
1970,Stoke City,Leeds United,3,0,1,1,3,3,1
1970,Stoke City,Manchester United,1,2,1,1,3,-1,0
1970,Stoke City,Southampton,0,0,1,1,0,0,0
1970,Stoke City,West Ham United,2,1,1,1,3,1,1
1970,Tottenham Hotspur,Coventry City,1,0,1,1,1,1,1
1970,Tottenham Hotspur,Everton,2,1,1,1,3,1,1
1970,Tottenham Hotspur,Leeds United,0,2,1,1,2,-2,0
1970,Tottenham Hotspur,Southampton,1,3,1,1,4,-2,0
1970,Tottenham Hotspur,West Ham United,2,2,1,1,4,0,0
1970,West Bromwich Albion,Blackpool,1,1,1,1,2,0,0
1970,West Bromwich Albion,Coventry City,0,0,1,1,0,0,0
1970,West Bromwich Albion,Everton,3,0,1,1,3,3,1
1970,West Bromwich Albion,Leeds United,2,2,1,1,4,0,0
1970,West Bromwich Albion,West Ham United,2,1,1,1,3,1,1
1970,West Ham United,Blackpool,2,1,1,1,3,1,1
1970,West Ham United,Coventry City,1,2,1,1,3,-1,0
1970,West Ham United,Everton,1,2,1,1,3,-1,0
1970,West Ham United,Leeds United,2,3,1,1,5,-1,0
1970,West Ham United,Manchester United,2,1,1,1,3,1,1
1970,West Ham United,Southampton,1,1,1,1,2,0,0
1970,Wolverhampton Wanderers,Blackpool,1,0,1,1,1,1,1
1970,Wolverhampton Wanderers,Everton,2,0,1,1,2,2,1
1970,Wolverhampton Wanderers,Manchester United,3,2,1,1,5,1,1
1970,Birmingham City,Middlesbrough,0,1,2,2,1,-1,0
1970,Birmingham City,Swindon Town,2,1,2,2,3,1,1
1970,Blackburn Rovers,Bolton Wanderers,0,2,2,2,2,-2,0
1970,Blackburn Rovers,Carlisle United,0,2,2,2,2,-2,0
1970,Blackburn Rovers,Oxford United,0,0,2,2,0,0,0
1970,Blackburn Rovers,Swindon Town,1,0,2,2,1,1,1
1970,Bolton Wanderers,Carlisle United,0,3,2,2,3,-3,0
1970,Bolton Wanderers,Leicester City,0,3,2,2,3,-3,0
1970,Bolton Wanderers,Sheffield United,2,1,2,2,3,1,1
1970,Bolton Wanderers,Swindon Town,0,3,2,2,3,-3,0
1970,Bristol City,Leicester City,0,1,2,2,1,-1,0
1970,Bristol City,Middlesbrough,0,2,2,2,2,-2,0
1970,Bristol City,Oxford United,0,4,2,2,4,-4,0
1970,Bristol City,Sheffield United,0,1,2,2,1,-1,0
1970,Bristol City,Swindon Town,2,1,2,2,3,1,1
1970,Cardiff City,Blackburn Rovers,4,1,2,2,5,3,1
1970,Cardiff City,Oxford United,1,0,2,2,1,1,1
1970,Carlisle United,Cardiff City,1,1,2,2,2,0,0
1970,Carlisle United,Middlesbrough,1,0,2,2,1,1,1
1970,Carlisle United,Oxford United,3,2,2,2,5,1,1
1970,Carlisle United,Sheffield United,1,0,2,2,1,1,1
1970,Carlisle United,Swindon Town,2,1,2,2,3,1,1
1970,Charlton Athletic,Blackburn Rovers,2,4,2,2,6,-2,0
1970,Charlton Athletic,Cardiff City,2,1,2,2,3,1,1
1970,Charlton Athletic,Leicester City,0,1,2,2,1,-1,0
1970,Charlton Athletic,Sheffield United,0,2,2,2,2,-2,0
1970,Charlton Athletic,Swindon Town,2,1,2,2,3,1,1
1970,Hull City,Middlesbrough,1,0,2,2,1,1,1
1970,Hull City,Oxford United,0,1,2,2,1,-1,0
1970,Hull City,Swindon Town,2,0,2,2,2,2,1
1970,Leicester City,Cardiff City,0,1,2,2,1,-1,0
1970,Leicester City,Middlesbrough,3,2,2,2,5,1,1
1970,Leicester City,Sheffield United,0,0,2,2,0,0,0
1970,Leyton Orient,Blackburn Rovers,1,1,2,2,2,0,0
1970,Leyton Orient,Hull City,0,1,2,2,1,-1,0
1970,Leyton Orient,Middlesbrough,0,0,2,2,0,0,0
1970,Leyton Orient,Oxford United,0,0,2,2,0,0,0
1970,Leyton Orient,Sheffield United,3,1,2,2,4,2,1
1970,Leyton Orient,Swindon Town,1,0,2,2,1,1,1
1970,Luton Town,Blackburn Rovers,2,0,2,2,2,2,1
1970,Luton Town,Cardiff City,3,0,2,2,3,3,1
1970,Luton Town,Middlesbrough,1,0,2,2,1,1,1
1970,Luton Town,Sheffield United,2,1,2,2,3,1,1
1970,Middlesbrough,Blackburn Rovers,1,1,2,2,2,0,0
1970,Middlesbrough,Hull City,1,0,2,2,1,1,1
1970,Middlesbrough,Oxford United,0,2,2,2,2,-2,0
1970,Middlesbrough,Swindon Town,3,0,2,2,3,3,1
1970,Millwall,Hull City,4,0,2,2,4,4,1
1970,Millwall,Luton Town,4,0,2,2,4,4,1
1970,Norwich City,Blackburn Rovers,2,1,2,2,3,1,1
1970,Norwich City,Sheffield United,1,0,2,2,1,1,1
1970,Norwich City,Swindon Town,1,0,2,2,1,1,1
1970,Oxford United,Blackburn Rovers,2,1,2,2,3,1,1
1970,Oxford United,Norwich City,1,1,2,2,2,0,0
1970,Portsmouth,Luton Town,0,1,2,2,1,-1,0
1970,Portsmouth,Sheffield United,1,5,2,2,6,-4,0
1970,Portsmouth,Swindon Town,0,2,2,2,2,-2,0
1970,Queens Park Rangers,Blackburn Rovers,2,0,2,2,2,2,1
1970,Queens Park Rangers,Cardiff City,0,1,2,2,1,-1,0
1970,Queens Park Rangers,Hull City,1,1,2,2,2,0,0
1970,Queens Park Rangers,Luton Town,0,1,2,2,1,-1,0
1970,Queens Park Rangers,Sheffield United,2,2,2,2,4,0,0
1970,Queens Park Rangers,Swindon Town,4,2,2,2,6,2,1
1970,Sheffield United,Blackburn Rovers,5,0,2,2,5,5,1
1970,Sheffield United,Cardiff City,5,1,2,2,6,4,1
1970,Sheffield United,Hull City,1,2,2,2,3,-1,0
1970,Sheffield United,Norwich City,0,0,2,2,0,0,0
1970,Sheffield United,Queens Park Rangers,1,1,2,2,2,0,0
1970,Sheffield Wednesday,Blackburn Rovers,1,1,2,2,2,0,0
1970,Sheffield Wednesday,Hull City,1,1,2,2,2,0,0
1970,Sheffield Wednesday,Luton Town,1,5,2,2,6,-4,0
1970,Sheffield Wednesday,Norwich City,2,1,2,2,3,1,1
1970,Sheffield Wednesday,Swindon Town,2,2,2,2,4,0,0
1970,Sunderland,Blackburn Rovers,3,2,2,2,5,1,1
1970,Sunderland,Luton Town,0,0,2,2,0,0,0
1970,Sunderland,Queens Park Rangers,3,1,2,2,4,2,1
1970,Sunderland,Swindon Town,5,2,2,2,7,3,1
1970,Swindon Town,Blackburn Rovers,3,0,2,2,3,3,1
1970,Watford,Blackburn Rovers,2,1,2,2,3,1,1
1970,Watford,Cardiff City,0,1,2,2,1,-1,0
1970,Watford,Luton Town,0,1,2,2,1,-1,0
1970,Watford,Queens Park Rangers,1,2,2,2,3,-1,0
1970,Aston Villa,Mansfield Town,0,1,3,3,1,-1,0
1970,Aston Villa,Preston North End,2,0,3,3,2,2,1
1970,Aston Villa,Torquay United,0,1,3,3,1,-1,0
1970,Barnsley,Brighton & Hove Albion,1,0,3,3,1,1,1
1970,Barnsley,Reading,3,0,3,3,3,3,1
1970,Bradford City,Aston Villa,1,0,3,3,1,1,1
1970,Bradford City,Bristol Rovers,1,1,3,3,2,0,0
1970,Bradford City,Halifax Town,0,1,3,3,1,-1,0
1970,Bradford City,Port Vale,1,1,3,3,2,0,0
1970,Bradford City,Rochdale,3,0,3,3,3,3,1
1970,Bradford City,Swansea City,0,2,3,3,2,-2,0
1970,Bradford City,Walsall,0,0,3,3,0,0,0
1970,Brighton & Hove Albion,Barnsley,1,2,3,3,3,-1,0
1970,Brighton & Hove Albion,Wrexham,2,0,3,3,2,2,1
1970,Bristol Rovers,Bradford City,4,2,3,3,6,2,1
1970,Bristol Rovers,Chesterfield,3,2,3,3,5,1,1
1970,Bristol Rovers,Gillingham,2,0,3,3,2,2,1
1970,Bury,Brighton & Hove Albion,0,2,3,3,2,-2,0
1970,Bury,Halifax Town,1,1,3,3,2,0,0
1970,Bury,Port Vale,2,3,3,3,5,-1,0
1970,Bury,Rochdale,0,2,3,3,2,-2,0
1970,Bury,Walsall,1,1,3,3,2,0,0
1970,Chesterfield,Barnsley,4,2,3,3,6,2,1
1970,Chesterfield,Rotherham United,1,1,3,3,2,0,0
1970,Chesterfield,Wrexham,1,0,3,3,1,1,1
1970,Doncaster Rovers,Plymouth Argyle,0,0,3,3,0,0,0
1970,Doncaster Rovers,Reading,2,0,3,3,2,2,1
1970,Doncaster Rovers,Tranmere Rovers,2,2,3,3,4,0,0
1970,Fulham,Aston Villa,0,2,3,3,2,-2,0
1970,Fulham,Brighton & Hove Albion,1,0,3,3,1,1,1
1970,Gillingham,Bristol Rovers,1,4,3,3,5,-3,0
1970,Gillingham,Doncaster Rovers,0,1,3,3,1,-1,0
1970,Gillingham,Mansfield Town,2,2,3,3,4,0,0
1970,Gillingham,Torquay United,1,2,3,3,3,-1,0
1970,Halifax Town,Fulham,2,1,3,3,3,1,1
1970,Halifax Town,Plymouth Argyle,4,1,3,3,5,3,1
1970,Halifax Town,Shrewsbury Town,2,0,3,3,2,2,1
1970,Mansfield Town,Brighton & Hove Albion,1,0,3,3,1,1,1
1970,Mansfield Town,Chesterfield,2,2,3,3,4,0,0
1970,Mansfield Town,Rochdale,3,2,3,3,5,1,1
1970,Plymouth Argyle,Halifax Town,1,1,3,3,2,0,0
1970,Port Vale,Bradford City,0,0,3,3,0,0,0
1970,Port Vale,Bury,0,0,3,3,0,0,0
1970,Port Vale,Fulham,0,1,3,3,1,-1,0
1970,Port Vale,Mansfield Town,2,0,3,3,2,2,1
1970,Port Vale,Shrewsbury Town,0,1,3,3,1,-1,0
1970,Preston North End,Aston Villa,0,0,3,3,0,0,0
1970,Preston North End,Brighton & Hove Albion,1,1,3,3,2,0,0
1970,Preston North End,Chesterfield,1,0,3,3,1,1,1
1970,Preston North End,Plymouth Argyle,1,0,3,3,1,1,1
1970,Preston North End,Rochdale,3,1,3,3,4,2,1
1970,Preston North End,Walsall,1,0,3,3,1,1,1
1970,Reading,Barnsley,2,0,3,3,2,2,1
1970,Reading,Doncaster Rovers,1,0,3,3,1,1,1
1970,Reading,Halifax Town,1,1,3,3,2,0,0
1970,Reading,Port Vale,2,1,3,3,3,1,1
1970,Reading,Torquay United,2,1,3,3,3,1,1
1970,Reading,Wrexham,0,0,3,3,0,0,0
1970,Rochdale,Bury,2,0,3,3,2,2,1
1970,Rochdale,Mansfield Town,1,1,3,3,2,0,0
1970,Rochdale,Shrewsbury Town,1,2,3,3,3,-1,0
1970,Rotherham United,Chesterfield,1,2,3,3,3,-1,0
1970,Rotherham United,Reading,2,1,3,3,3,1,1
1970,Rotherham United,Walsall,1,0,3,3,1,1,1
1970,Shrewsbury Town,Barnsley,1,0,3,3,1,1,1
1970,Shrewsbury Town,Port Vale,7,3,3,3,10,4,1
1970,Shrewsbury Town,Torquay United,1,0,3,3,1,1,1
1970,Shrewsbury Town,Wrexham,1,0,3,3,1,1,1
1970,Swansea City,Bury,3,0,3,3,3,3,1
1970,Swansea City,Mansfield Town,2,4,3,3,6,-2,0
1970,Swansea City,Preston North End,2,2,3,3,4,0,0
1970,Swansea City,Rotherham United,1,1,3,3,2,0,0
1970,Torquay United,Aston Villa,1,1,3,3,2,0,0
1970,Torquay United,Brighton & Hove Albion,1,0,3,3,1,1,1
1970,Torquay United,Walsall,1,2,3,3,3,-1,0
1970,Tranmere Rovers,Barnsley,2,2,3,3,4,0,0
1970,Tranmere Rovers,Halifax Town,0,1,3,3,1,-1,0
1970,Tranmere Rovers,Port Vale,1,1,3,3,2,0,0
1970,Tranmere Rovers,Swansea City,0,0,3,3,0,0,0
1970,Tranmere Rovers,Wrexham,1,1,3,3,2,0,0
1970,Walsall,Bury,3,0,3,3,3,3,1
1970,Wrexham,Aston Villa,2,3,3,3,5,-1,0
1970,Wrexham,Chesterfield,0,3,3,3,3,-3,0
1970,Wrexham,Plymouth Argyle,4,0,3,3,4,4,1
1970,Wrexham,Shrewsbury Town,2,1,3,3,3,1,1
1970,Wrexham,Tranmere Rovers,4,1,3,3,5,3,1
1970,AFC Bournemouth,Barrow,0,0,4,4,0,0,0
1970,AFC Bournemouth,Darlington,1,0,4,4,1,1,1
1970,AFC Bournemouth,Hartlepool United,3,0,4,4,3,3,1
1970,AFC Bournemouth,Northampton Town,4,2,4,4,6,2,1
1970,AFC Bournemouth,Peterborough United,1,0,4,4,1,1,1
1970,AFC Bournemouth,Southport,0,1,4,4,1,-1,0
1970,Aldershot,Colchester United,0,1,4,4,1,-1,0
1970,Aldershot,Exeter City,2,2,4,4,4,0,0
1970,Aldershot,Stockport County,5,0,4,4,5,5,1
1970,Barrow,AFC Bournemouth,1,2,4,4,3,-1,0
1970,Barrow,Cambridge United,2,1,4,4,3,1,1
1970,Barrow,Crewe Alexandra,0,1,4,4,1,-1,0
1970,Barrow,Grimsby Town,0,1,4,4,1,-1,0
1970,Barrow,Newport County,3,1,4,4,4,2,1
1970,Barrow,Oldham Athletic,1,1,4,4,2,0,0
1970,Barrow,Southend United,2,0,4,4,2,2,1
1970,Barrow,Workington,0,3,4,4,3,-3,0
1970,Brentford,Darlington,1,0,4,4,1,1,1
1970,Brentford,Northampton Town,3,0,4,4,3,3,1
1970,Brentford,Peterborough United,1,1,4,4,2,0,0
1970,Brentford,Southport,0,1,4,4,1,-1,0
1970,Cambridge United,Barrow,3,3,4,4,6,0,0
1970,Cambridge United,Stockport County,1,1,4,4,2,0,0
1970,Chester,Southend United,2,0,4,4,2,2,1
1970,Chester,Workington,1,0,4,4,1,1,1
1970,Colchester United,Aldershot,5,2,4,4,7,3,1
1970,Colchester United,Northampton Town,1,1,4,4,2,0,0
1970,Colchester United,Peterborough United,3,0,4,4,3,3,1
1970,Crewe Alexandra,Exeter City,4,1,4,4,5,3,1
1970,Crewe Alexandra,Notts County,1,2,4,4,3,-1,0
1970,Crewe Alexandra,Stockport County,2,3,4,4,5,-1,0
1970,Darlington,Oldham Athletic,3,1,4,4,4,2,1
1970,Exeter City,Aldershot,4,1,4,4,5,3,1
1970,Exeter City,Hartlepool United,1,1,4,4,2,0,0
1970,Exeter City,Southport,2,1,4,4,3,1,1
1970,Exeter City,York City,0,2,4,4,2,-2,0
1970,Grimsby Town,Barrow,3,1,4,4,4,2,1
1970,Grimsby Town,Chester,2,2,4,4,4,0,0
1970,Grimsby Town,Darlington,1,1,4,4,2,0,0
1970,Grimsby Town,Lincoln City,1,1,4,4,2,0,0
1970,Grimsby Town,Scunthorpe United,1,0,4,4,1,1,1
1970,Grimsby Town,Stockport County,1,2,4,4,3,-1,0
1970,Hartlepool United,Colchester United,1,2,4,4,3,-1,0
1970,Hartlepool United,Exeter City,3,0,4,4,3,3,1
1970,Hartlepool United,Oldham Athletic,0,1,4,4,1,-1,0
1970,Hartlepool United,Southend United,0,1,4,4,1,-1,0
1970,Lincoln City,Aldershot,4,4,4,4,8,0,0
1970,Lincoln City,Cambridge United,0,1,4,4,1,-1,0
1970,Lincoln City,Grimsby Town,3,0,4,4,3,3,1
1970,Lincoln City,Southport,3,0,4,4,3,3,1
1970,Newport County,Barrow,3,2,4,4,5,1,1
1970,Northampton Town,Brentford,1,0,4,4,1,1,1
1970,Northampton Town,Exeter City,2,2,4,4,4,0,0
1970,Northampton Town,Lincoln City,2,1,4,4,3,1,1
1970,Northampton Town,Oldham Athletic,1,3,4,4,4,-2,0
1970,Notts County,Peterborough United,6,0,4,4,6,6,1
1970,Notts County,Southport,3,1,4,4,4,2,1
1970,Oldham Athletic,Barrow,2,1,4,4,3,1,1
1970,Oldham Athletic,Chester,1,1,4,4,2,0,0
1970,Oldham Athletic,Northampton Town,1,1,4,4,2,0,0
1970,Oldham Athletic,Scunthorpe United,1,1,4,4,2,0,0
1970,Oldham Athletic,Stockport County,1,1,4,4,2,0,0
1970,Peterborough United,Colchester United,1,2,4,4,3,-1,0
1970,Peterborough United,Exeter City,1,3,4,4,4,-2,0
1970,Peterborough United,Lincoln City,1,1,4,4,2,0,0
1970,Peterborough United,Notts County,1,1,4,4,2,0,0
1970,Peterborough United,Southend United,4,0,4,4,4,4,1
1970,Scunthorpe United,Aldershot,2,1,4,4,3,1,1
1970,Scunthorpe United,Cambridge United,0,0,4,4,0,0,0
1970,Scunthorpe United,Newport County,0,1,4,4,1,-1,0
1970,Scunthorpe United,Oldham Athletic,2,3,4,4,5,-1,0
1970,Scunthorpe United,Southport,2,0,4,4,2,2,1
1970,Scunthorpe United,York City,0,1,4,4,1,-1,0
1970,Southend United,Chester,1,1,4,4,2,0,0
1970,Southend United,Hartlepool United,2,0,4,4,2,2,1
1970,Southend United,Northampton Town,1,0,4,4,1,1,1
1970,Southend United,Stockport County,2,1,4,4,3,1,1
1970,Southport,AFC Bournemouth,0,1,4,4,1,-1,0
1970,Southport,Brentford,2,0,4,4,2,2,1
1970,Southport,Colchester United,2,1,4,4,3,1,1
1970,Southport,Lincoln City,1,0,4,4,1,1,1
1970,Southport,Scunthorpe United,5,1,4,4,6,4,1
1970,Southport,Workington,1,0,4,4,1,1,1
1970,Stockport County,Cambridge United,0,1,4,4,1,-1,0
1970,Stockport County,Oldham Athletic,1,1,4,4,2,0,0
1970,Stockport County,York City,1,0,4,4,1,1,1
1970,Workington,Darlington,0,0,4,4,0,0,0
1970,Workington,Peterborough United,2,1,4,4,3,1,1
1970,York City,AFC Bournemouth,1,1,4,4,2,0,0
1970,York City,Colchester United,1,1,4,4,2,0,0
1970,York City,Lincoln City,2,0,4,4,2,2,1
1970,York City,Stockport County,2,1,4,4,3,1,1
1971,Arsenal,Everton,1,1,1,1,2,0,0
1971,Arsenal,Manchester City,1,2,1,1,3,-1,0
1971,Arsenal,Nottingham Forest,3,0,1,1,3,3,1
1971,Arsenal,Stoke City,0,1,1,1,1,-1,0
1971,Chelsea,Everton,4,0,1,1,4,4,1
1971,Chelsea,Manchester City,2,2,1,1,4,0,0
1971,Coventry City,Chelsea,1,1,1,1,2,0,0
1971,Coventry City,Manchester City,1,1,1,1,2,0,0
1971,Coventry City,Stoke City,1,1,1,1,2,0,0
1971,Coventry City,West Ham United,1,1,1,1,2,0,0
1971,Crystal Palace,Chelsea,2,3,1,1,5,-1,0
1971,Crystal Palace,Everton,2,1,1,1,3,1,1
1971,Crystal Palace,Leeds United,1,1,1,1,2,0,0
1971,Crystal Palace,Manchester City,1,2,1,1,3,-1,0
1971,Crystal Palace,Nottingham Forest,1,1,1,1,2,0,0
1971,Crystal Palace,Stoke City,2,0,1,1,2,2,1
1971,Crystal Palace,West Ham United,0,3,1,1,3,-3,0
1971,Derby County,Chelsea,1,0,1,1,1,1,1
1971,Derby County,Nottingham Forest,4,0,1,1,4,4,1
1971,Derby County,West Ham United,2,0,1,1,2,2,1
1971,Everton,Chelsea,2,0,1,1,2,2,1
1971,Everton,Manchester City,1,2,1,1,3,-1,0
1971,Everton,Nottingham Forest,1,1,1,1,2,0,0
1971,Huddersfield Town,Derby County,2,1,1,1,3,1,1
1971,Huddersfield Town,Leeds United,2,1,1,1,3,1,1
1971,Huddersfield Town,Nottingham Forest,0,1,1,1,1,-1,0
1971,Ipswich Town,Derby County,0,0,1,1,0,0,0
1971,Ipswich Town,Leeds United,0,2,1,1,2,-2,0
1971,Ipswich Town,Manchester City,2,1,1,1,3,1,1
1971,Ipswich Town,Nottingham Forest,1,1,1,1,2,0,0
1971,Ipswich Town,Stoke City,2,1,1,1,3,1,1
1971,Ipswich Town,West Ham United,1,0,1,1,1,1,1
1971,Leeds United,Derby County,3,0,1,1,3,3,1
1971,Leeds United,Ipswich Town,2,2,1,1,4,0,0
1971,Leeds United,Manchester City,3,0,1,1,3,3,1
1971,Leeds United,Nottingham Forest,6,1,1,1,7,5,1
1971,Leicester City,Derby County,0,2,1,1,2,-2,0
1971,Leicester City,Ipswich Town,1,0,1,1,1,1,1
1971,Leicester City,Manchester City,0,0,1,1,0,0,0
1971,Leicester City,West Ham United,2,0,1,1,2,2,1
1971,Liverpool,Chelsea,0,0,1,1,0,0,0
1971,Liverpool,Ipswich Town,2,0,1,1,2,2,1
1971,Liverpool,Stoke City,2,1,1,1,3,1,1
1971,Liverpool,West Ham United,1,0,1,1,1,1,1
1971,Manchester City,Chelsea,1,0,1,1,1,1,1
1971,Manchester City,Ipswich Town,4,0,1,1,4,4,1
1971,Manchester City,Stoke City,1,2,1,1,3,-1,0
1971,Manchester City,West Ham United,3,1,1,1,4,2,1
1971,Manchester United,Ipswich Town,1,0,1,1,1,1,1
1971,Manchester United,Liverpool,0,3,1,1,3,-3,0
1971,Manchester United,Nottingham Forest,3,2,1,1,5,1,1
1971,Manchester United,Stoke City,3,0,1,1,3,3,1
1971,Newcastle United,Chelsea,0,0,1,1,0,0,0
1971,Newcastle United,Derby County,0,1,1,1,1,-1,0
1971,Newcastle United,Ipswich Town,0,1,1,1,1,-1,0
1971,Newcastle United,Stoke City,0,0,1,1,0,0,0
1971,Nottingham Forest,Chelsea,2,1,1,1,3,1,1
1971,Nottingham Forest,Ipswich Town,0,2,1,1,2,-2,0
1971,Nottingham Forest,Liverpool,2,3,1,1,5,-1,0
1971,Nottingham Forest,Newcastle United,1,0,1,1,1,1,1
1971,Nottingham Forest,Stoke City,0,0,1,1,0,0,0
1971,Nottingham Forest,West Ham United,1,0,1,1,1,1,1
1971,Sheffield United,Chelsea,1,0,1,1,1,1,1
1971,Sheffield United,Derby County,0,4,1,1,4,-4,0
1971,Sheffield United,Newcastle United,1,0,1,1,1,1,1
1971,Sheffield United,West Ham United,3,0,1,1,3,3,1
1971,Southampton,Chelsea,2,2,1,1,4,0,0
1971,Southampton,Derby County,1,2,1,1,3,-1,0
1971,Southampton,Newcastle United,1,2,1,1,3,-1,0
1971,Stoke City,Ipswich Town,3,3,1,1,6,0,0
1971,Stoke City,Southampton,3,1,1,1,4,2,1
1971,Tottenham Hotspur,Chelsea,3,0,1,1,3,3,1
1971,Tottenham Hotspur,Ipswich Town,2,1,1,1,3,1,1
1971,West Bromwich Albion,Ipswich Town,1,2,1,1,3,-1,0
1971,West Bromwich Albion,Newcastle United,0,3,1,1,3,-3,0
1971,West Ham United,Newcastle United,0,1,1,1,1,-1,0
1971,West Ham United,West Bromwich Albion,0,1,1,1,1,-1,0
1971,Wolverhampton Wanderers,Derby County,2,1,1,1,3,1,1
1971,Wolverhampton Wanderers,Liverpool,0,0,1,1,0,0,0
1971,Wolverhampton Wanderers,Newcastle United,2,0,1,1,2,2,1
1971,Wolverhampton Wanderers,West Bromwich Albion,0,1,1,1,1,-1,0
1971,Birmingham City,Hull City,2,0,2,2,2,2,1
1971,Birmingham City,Oxford United,0,0,2,2,0,0,0
1971,Birmingham City,Queens Park Rangers,0,0,2,2,0,0,0
1971,Birmingham City,Swindon Town,4,1,2,2,5,3,1
1971,Blackpool,Carlisle United,2,0,2,2,2,2,1
1971,Blackpool,Hull City,1,1,2,2,2,0,0
1971,Blackpool,Middlesbrough,3,1,2,2,4,2,1
1971,Blackpool,Oxford United,2,0,2,2,2,2,1
1971,Bristol City,Blackpool,4,0,2,2,4,4,1
1971,Bristol City,Middlesbrough,2,1,2,2,3,1,1
1971,Bristol City,Oxford United,4,2,2,2,6,2,1
1971,Bristol City,Queens Park Rangers,2,0,2,2,2,2,1
1971,Burnley,Blackpool,2,1,2,2,3,1,1
1971,Burnley,Carlisle United,3,1,2,2,4,2,1
1971,Burnley,Middlesbrough,5,2,2,2,7,3,1
1971,Burnley,Swindon Town,1,2,2,2,3,-1,0
1971,Cardiff City,Blackpool,3,4,2,2,7,-1,0
1971,Cardiff City,Carlisle United,3,1,2,2,4,2,1
1971,Carlisle United,Oxford United,2,1,2,2,3,1,1
1971,Charlton Athletic,Hull City,1,0,2,2,1,1,1
1971,Charlton Athletic,Middlesbrough,0,2,2,2,2,-2,0
1971,Fulham,Cardiff City,4,3,2,2,7,1,1
1971,Hull City,Cardiff City,0,0,2,2,0,0,0
1971,Hull City,Middlesbrough,4,3,2,2,7,1,1
1971,Hull City,Oxford United,1,0,2,2,1,1,1
1971,Hull City,Queens Park Rangers,1,1,2,2,2,0,0
1971,Hull City,Swindon Town,2,0,2,2,2,2,1
1971,Leyton Orient,Blackpool,0,1,2,2,1,-1,0
1971,Leyton Orient,Swindon Town,0,1,2,2,1,-1,0
1971,Luton Town,Cardiff City,2,2,2,2,4,0,0
1971,Luton Town,Oxford United,1,2,2,2,3,-1,0
1971,Luton Town,Swindon Town,0,0,2,2,0,0,0
1971,Middlesbrough,Blackpool,1,0,2,2,1,1,1
1971,Middlesbrough,Cardiff City,1,0,2,2,1,1,1
1971,Middlesbrough,Luton Town,0,0,2,2,0,0,0
1971,Middlesbrough,Oxford United,2,1,2,2,3,1,1
1971,Middlesbrough,Queens Park Rangers,3,2,2,2,5,1,1
1971,Middlesbrough,Swindon Town,2,0,2,2,2,2,1
1971,Millwall,Cardiff City,1,1,2,2,2,0,0
1971,Millwall,Fulham,4,1,2,2,5,3,1
1971,Millwall,Luton Town,2,2,2,2,4,0,0
1971,Norwich City,Cardiff City,2,1,2,2,3,1,1
1971,Norwich City,Luton Town,3,1,2,2,4,2,1
1971,Norwich City,Queens Park Rangers,0,0,2,2,0,0,0
1971,Norwich City,Swindon Town,1,0,2,2,1,1,1
1971,Oxford United,Blackpool,3,1,2,2,4,2,1
1971,Oxford United,Norwich City,0,2,2,2,2,-2,0
1971,Portsmouth,Cardiff City,2,0,2,2,2,2,1
1971,Portsmouth,Queens Park Rangers,1,0,2,2,1,1,1
1971,Portsmouth,Swindon Town,1,2,2,2,3,-1,0
1971,Preston North End,Queens Park Rangers,1,1,2,2,2,0,0
1971,Queens Park Rangers,Fulham,0,0,2,2,0,0,0
1971,Queens Park Rangers,Norwich City,0,0,2,2,0,0,0
1971,Queens Park Rangers,Preston North End,2,1,2,2,3,1,1
1971,Sheffield Wednesday,Cardiff City,2,2,2,2,4,0,0
1971,Sheffield Wednesday,Preston North End,1,0,2,2,1,1,1
1971,Sheffield Wednesday,Swindon Town,1,0,2,2,1,1,1
1971,Sunderland,Cardiff City,1,1,2,2,2,0,0
1971,Sunderland,Fulham,2,1,2,2,3,1,1
1971,Sunderland,Norwich City,1,1,2,2,2,0,0
1971,Swindon Town,Luton Town,2,1,2,2,3,1,1
1971,Swindon Town,Sunderland,1,1,2,2,2,0,0
1971,Watford,Cardiff City,2,2,2,2,4,0,0
1971,Watford,Fulham,1,2,2,2,3,-1,0
1971,Watford,Preston North End,1,0,2,2,1,1,1
1971,AFC Bournemouth,Barnsley,0,0,3,3,0,0,0
1971,AFC Bournemouth,Bradford City,3,0,3,3,3,3,1
1971,AFC Bournemouth,Port Vale,3,2,3,3,5,1,1
1971,AFC Bournemouth,Tranmere Rovers,0,0,3,3,0,0,0
1971,AFC Bournemouth,York City,2,2,3,3,4,0,0
1971,Aston Villa,Brighton & Hove Albion,2,0,3,3,2,2,1
1971,Aston Villa,Rochdale,2,0,3,3,2,2,1
1971,Aston Villa,Walsall,0,0,3,3,0,0,0
1971,Barnsley,Mansfield Town,1,1,3,3,2,0,0
1971,Barnsley,Plymouth Argyle,2,2,3,3,4,0,0
1971,Barnsley,Rotherham United,1,1,3,3,2,0,0
1971,Barnsley,Torquay United,0,0,3,3,0,0,0
1971,Blackburn Rovers,Aston Villa,1,1,3,3,2,0,0
1971,Blackburn Rovers,Notts County,0,2,3,3,2,-2,0
1971,Blackburn Rovers,Port Vale,3,1,3,3,4,2,1
1971,Bolton Wanderers,Halifax Town,1,1,3,3,2,0,0
1971,Bolton Wanderers,Oldham Athletic,2,1,3,3,3,1,1
1971,Bolton Wanderers,Rochdale,2,1,3,3,3,1,1
1971,Bolton Wanderers,Swansea City,0,0,3,3,0,0,0
1971,Bolton Wanderers,Walsall,0,1,3,3,1,-1,0
1971,Bradford City,AFC Bournemouth,2,2,3,3,4,0,0
1971,Bradford City,Blackburn Rovers,1,2,3,3,3,-1,0
1971,Bradford City,Bristol Rovers,1,1,3,3,2,0,0
1971,Bradford City,Mansfield Town,2,2,3,3,4,0,0
1971,Bradford City,Plymouth Argyle,0,1,3,3,1,-1,0
1971,Bradford City,Rotherham United,1,0,3,3,1,1,1
1971,Bradford City,Torquay United,0,1,3,3,1,-1,0
1971,Brighton & Hove Albion,Bolton Wanderers,1,1,3,3,2,0,0
1971,Brighton & Hove Albion,Chesterfield,2,1,3,3,3,1,1
1971,Brighton & Hove Albion,Port Vale,1,1,3,3,2,0,0
1971,Brighton & Hove Albion,Shrewsbury Town,2,0,3,3,2,2,1
1971,Brighton & Hove Albion,York City,0,2,3,3,2,-2,0
1971,Bristol Rovers,Bradford City,7,1,3,3,8,6,1
1971,Bristol Rovers,Rochdale,5,2,3,3,7,3,1
1971,Bristol Rovers,Swansea City,2,1,3,3,3,1,1
1971,Bristol Rovers,Walsall,2,1,3,3,3,1,1
1971,Chesterfield,Blackburn Rovers,2,0,3,3,2,2,1
1971,Chesterfield,Brighton & Hove Albion,0,1,3,3,1,-1,0
1971,Chesterfield,Torquay United,2,0,3,3,2,2,1
1971,Chesterfield,Wrexham,1,0,3,3,1,1,1
1971,Halifax Town,Bolton Wanderers,0,1,3,3,1,-1,0
1971,Halifax Town,Bristol Rovers,2,1,3,3,3,1,1
1971,Halifax Town,Notts County,3,1,3,3,4,2,1
1971,Halifax Town,Shrewsbury Town,0,0,3,3,0,0,0
1971,Halifax Town,York City,3,1,3,3,4,2,1
1971,Mansfield Town,Bradford City,1,1,3,3,2,0,0
1971,Mansfield Town,Chesterfield,2,1,3,3,3,1,1
1971,Mansfield Town,Oldham Athletic,2,1,3,3,3,1,1
1971,Mansfield Town,Rochdale,3,1,3,3,4,2,1
1971,Mansfield Town,Walsall,1,1,3,3,2,0,0
1971,Notts County,Brighton & Hove Albion,1,0,3,3,1,1,1
1971,Notts County,Halifax Town,3,1,3,3,4,2,1
1971,Notts County,Plymouth Argyle,1,0,3,3,1,1,1
1971,Notts County,Rotherham United,1,1,3,3,2,0,0
1971,Notts County,Wrexham,1,0,3,3,1,1,1
1971,Oldham Athletic,Aston Villa,0,6,3,3,6,-6,0
1971,Oldham Athletic,Mansfield Town,2,1,3,3,3,1,1
1971,Oldham Athletic,Port Vale,1,0,3,3,1,1,1
1971,Oldham Athletic,York City,1,0,3,3,1,1,1
1971,Plymouth Argyle,Barnsley,2,1,3,3,3,1,1
1971,Plymouth Argyle,Chesterfield,1,0,3,3,1,1,1
1971,Plymouth Argyle,Notts County,1,1,3,3,2,0,0
1971,Plymouth Argyle,Rochdale,4,1,3,3,5,3,1
1971,Plymouth Argyle,Swansea City,4,1,3,3,5,3,1
1971,Plymouth Argyle,Walsall,3,2,3,3,5,1,1
1971,Port Vale,AFC Bournemouth,1,1,3,3,2,0,0
1971,Port Vale,Brighton & Hove Albion,1,1,3,3,2,0,0
1971,Port Vale,Halifax Town,1,0,3,3,1,1,1
1971,Port Vale,Rotherham United,1,2,3,3,3,-1,0
1971,Port Vale,Torquay United,0,0,3,3,0,0,0
1971,Port Vale,Wrexham,1,0,3,3,1,1,1
1971,Rochdale,Aston Villa,1,0,3,3,1,1,1
1971,Rochdale,Bristol Rovers,3,1,3,3,4,2,1
1971,Rochdale,Mansfield Town,2,1,3,3,3,1,1
1971,Rochdale,Plymouth Argyle,3,2,3,3,5,1,1
1971,Rochdale,Tranmere Rovers,2,1,3,3,3,1,1
1971,Rotherham United,Barnsley,3,0,3,3,3,3,1
1971,Rotherham United,Notts County,2,2,3,3,4,0,0
1971,Rotherham United,Walsall,1,1,3,3,2,0,0
1971,Shrewsbury Town,AFC Bournemouth,3,2,3,3,5,1,1
1971,Shrewsbury Town,Brighton & Hove Albion,3,5,3,3,8,-2,0
1971,Shrewsbury Town,Oldham Athletic,2,4,3,3,6,-2,0
1971,Shrewsbury Town,Torquay United,2,0,3,3,2,2,1
1971,Swansea City,Aston Villa,1,2,3,3,3,-1,0
1971,Swansea City,Bolton Wanderers,3,2,3,3,5,1,1
1971,Swansea City,Bristol Rovers,2,0,3,3,2,2,1
1971,Swansea City,Plymouth Argyle,1,1,3,3,2,0,0
1971,Torquay United,Bradford City,2,1,3,3,3,1,1
1971,Torquay United,Shrewsbury Town,2,0,3,3,2,2,1
1971,Tranmere Rovers,Brighton & Hove Albion,2,0,3,3,2,2,1
1971,Tranmere Rovers,Halifax Town,2,3,3,3,5,-1,0
1971,Tranmere Rovers,Oldham Athletic,2,2,3,3,4,0,0
1971,Walsall,Bolton Wanderers,1,1,3,3,2,0,0
1971,Walsall,Mansfield Town,2,1,3,3,3,1,1
1971,Walsall,Rotherham United,0,0,3,3,0,0,0
1971,Walsall,York City,2,1,3,3,3,1,1
1971,Wrexham,Barnsley,2,0,3,3,2,2,1
1971,Wrexham,Bradford City,2,1,3,3,3,1,1
1971,Wrexham,Shrewsbury Town,2,1,3,3,3,1,1
1971,Wrexham,Tranmere Rovers,3,0,3,3,3,3,1
1971,York City,AFC Bournemouth,0,2,3,3,2,-2,0
1971,York City,Brighton & Hove Albion,1,2,3,3,3,-1,0
1971,York City,Halifax Town,1,1,3,3,2,0,0
1971,York City,Swansea City,1,1,3,3,2,0,0
1971,York City,Walsall,2,0,3,3,2,2,1
1971,Aldershot,Brentford,1,2,4,4,3,-1,0
1971,Aldershot,Darlington,3,0,4,4,3,3,1
1971,Aldershot,Peterborough United,1,1,4,4,2,0,0
1971,Aldershot,Southend United,0,0,4,4,0,0,0
1971,Barrow,Bury,1,1,4,4,2,0,0
1971,Barrow,Doncaster Rovers,1,2,4,4,3,-1,0
1971,Barrow,Grimsby Town,0,0,4,4,0,0,0
1971,Barrow,Southport,0,2,4,4,2,-2,0
1971,Brentford,Aldershot,1,1,4,4,2,0,0
1971,Brentford,Cambridge United,2,1,4,4,3,1,1
1971,Brentford,Exeter City,1,0,4,4,1,1,1
1971,Brentford,Hartlepool United,6,0,4,4,6,6,1
1971,Brentford,Stockport County,2,0,4,4,2,2,1
1971,Bury,Chester,3,1,4,4,4,2,1
1971,Cambridge United,Brentford,1,1,4,4,2,0,0
1971,Cambridge United,Colchester United,4,2,4,4,6,2,1
1971,Cambridge United,Doncaster Rovers,1,1,4,4,2,0,0
1971,Cambridge United,Grimsby Town,3,1,4,4,4,2,1
1971,Cambridge United,Reading,4,1,4,4,5,3,1
1971,Chester,Aldershot,0,0,4,4,0,0,0
1971,Chester,Exeter City,1,2,4,4,3,-1,0
1971,Chester,Northampton Town,3,2,4,4,5,1,1
1971,Chester,Scunthorpe United,0,0,4,4,0,0,0
1971,Chester,Stockport County,0,0,4,4,0,0,0
1971,Colchester United,Cambridge United,1,1,4,4,2,0,0
1971,Colchester United,Darlington,4,3,4,4,7,1,1
1971,Colchester United,Gillingham,2,2,4,4,4,0,0
1971,Colchester United,Lincoln City,5,2,4,4,7,3,1
1971,Crewe Alexandra,Chester,3,1,4,4,4,2,1
1971,Crewe Alexandra,Newport County,1,2,4,4,3,-1,0
1971,Crewe Alexandra,Reading,2,0,4,4,2,2,1
1971,Crewe Alexandra,Southport,2,1,4,4,3,1,1
1971,Darlington,Colchester United,2,0,4,4,2,2,1
1971,Darlington,Exeter City,2,1,4,4,3,1,1
1971,Darlington,Northampton Town,5,2,4,4,7,3,1
1971,Darlington,Scunthorpe United,0,1,4,4,1,-1,0
1971,Darlington,Stockport County,1,2,4,4,3,-1,0
1971,Doncaster Rovers,Barrow,0,1,4,4,1,-1,0
1971,Doncaster Rovers,Cambridge United,1,1,4,4,2,0,0
1971,Doncaster Rovers,Crewe Alexandra,0,0,4,4,0,0,0
1971,Doncaster Rovers,Southend United,0,2,4,4,2,-2,0
1971,Doncaster Rovers,Workington,0,0,4,4,0,0,0
1971,Exeter City,Chester,1,1,4,4,2,0,0
1971,Exeter City,Darlington,3,0,4,4,3,3,1
1971,Gillingham,Aldershot,0,1,4,4,1,-1,0
1971,Gillingham,Bury,2,0,4,4,2,2,1
1971,Gillingham,Colchester United,0,2,4,4,2,-2,0
1971,Gillingham,Doncaster Rovers,2,0,4,4,2,2,1
1971,Gillingham,Hartlepool United,1,0,4,4,1,1,1
1971,Gillingham,Northampton Town,4,1,4,4,5,3,1
1971,Gillingham,Scunthorpe United,0,1,4,4,1,-1,0
1971,Gillingham,Stockport County,3,2,4,4,5,1,1
1971,Grimsby Town,Barrow,2,0,4,4,2,2,1
1971,Grimsby Town,Crewe Alexandra,2,3,4,4,5,-1,0
1971,Grimsby Town,Exeter City,3,0,4,4,3,3,1
1971,Grimsby Town,Lincoln City,2,2,4,4,4,0,0
1971,Hartlepool United,Chester,2,1,4,4,3,1,1
1971,Hartlepool United,Darlington,2,3,4,4,5,-1,0
1971,Hartlepool United,Southport,1,0,4,4,1,1,1
1971,Lincoln City,Aldershot,2,2,4,4,4,0,0
1971,Lincoln City,Colchester United,2,0,4,4,2,2,1
1971,Lincoln City,Scunthorpe United,1,0,4,4,1,1,1
1971,Newport County,Barrow,2,1,4,4,3,1,1
1971,Newport County,Hartlepool United,0,2,4,4,2,-2,0
1971,Newport County,Peterborough United,1,1,4,4,2,0,0
1971,Newport County,Southend United,2,0,4,4,2,2,1
1971,Newport County,Workington,0,1,4,4,1,-1,0
1971,Northampton Town,Brentford,0,0,4,4,0,0,0
1971,Peterborough United,Bury,2,0,4,4,2,2,1
1971,Peterborough United,Colchester United,4,0,4,4,4,4,1
1971,Peterborough United,Grimsby Town,0,2,4,4,2,-2,0
1971,Peterborough United,Scunthorpe United,0,1,4,4,1,-1,0
1971,Peterborough United,Stockport County,4,2,4,4,6,2,1
1971,Reading,Barrow,1,0,4,4,1,1,1
1971,Reading,Crewe Alexandra,1,0,4,4,1,1,1
1971,Scunthorpe United,Brentford,0,0,4,4,0,0,0
1971,Scunthorpe United,Chester,2,0,4,4,2,2,1
1971,Scunthorpe United,Darlington,3,1,4,4,4,2,1
1971,Scunthorpe United,Gillingham,3,3,4,4,6,0,0
1971,Scunthorpe United,Lincoln City,2,1,4,4,3,1,1
1971,Scunthorpe United,Southport,1,0,4,4,1,1,1
1971,Southend United,Aldershot,1,0,4,4,1,1,1
1971,Southend United,Bury,0,0,4,4,0,0,0
1971,Southend United,Grimsby Town,3,1,4,4,4,2,1
1971,Southend United,Newport County,3,1,4,4,4,2,1
1971,Southend United,Reading,4,1,4,4,5,3,1
1971,Southend United,Stockport County,4,2,4,4,6,2,1
1971,Southport,Cambridge United,4,1,4,4,5,3,1
1971,Southport,Exeter City,4,0,4,4,4,4,1
1971,Southport,Hartlepool United,1,0,4,4,1,1,1
1971,Southport,Scunthorpe United,1,1,4,4,2,0,0
1971,Southport,Workington,2,2,4,4,4,0,0
1971,Stockport County,Brentford,0,1,4,4,1,-1,0
1971,Stockport County,Chester,0,0,4,4,0,0,0
1971,Stockport County,Gillingham,2,1,4,4,3,1,1
1971,Stockport County,Peterborough United,0,0,4,4,0,0,0
1971,Workington,Bury,1,0,4,4,1,1,1
1971,Workington,Colchester United,1,0,4,4,1,1,1
1971,Workington,Doncaster Rovers,2,0,4,4,2,2,1
1971,Workington,Reading,5,0,4,4,5,5,1
1971,Workington,Southport,0,0,4,4,0,0,0
1972,Arsenal,Chelsea,1,1,1,1,2,0,0
1972,Arsenal,Derby County,0,1,1,1,1,-1,0
1972,Arsenal,Manchester City,0,0,1,1,0,0,0
1972,Arsenal,Stoke City,2,0,1,1,2,2,1
1972,Arsenal,West Ham United,1,0,1,1,1,1,1
1972,Birmingham City,Chelsea,2,2,1,1,4,0,0
1972,Birmingham City,Derby County,2,0,1,1,2,2,1
1972,Birmingham City,Manchester City,4,1,1,1,5,3,1
1972,Birmingham City,Norwich City,4,1,1,1,5,3,1
1972,Birmingham City,Stoke City,3,1,1,1,4,2,1
1972,Birmingham City,West Ham United,0,0,1,1,0,0,0
1972,Chelsea,Birmingham City,0,0,1,1,0,0,0
1972,Chelsea,Derby County,1,1,1,1,2,0,0
1972,Chelsea,Stoke City,1,3,1,1,4,-2,0
1972,Chelsea,West Ham United,1,3,1,1,4,-2,0
1972,Coventry City,Birmingham City,0,0,1,1,0,0,0
1972,Coventry City,Manchester City,3,2,1,1,5,1,1
1972,Coventry City,Norwich City,3,1,1,1,4,2,1
1972,Coventry City,Stoke City,2,1,1,1,3,1,1
1972,Coventry City,West Ham United,3,1,1,1,4,2,1
1972,Crystal Palace,Derby County,0,0,1,1,0,0,0
1972,Crystal Palace,Leeds United,2,2,1,1,4,0,0
1972,Crystal Palace,West Ham United,1,3,1,1,4,-2,0
1972,Derby County,Birmingham City,1,0,1,1,1,1,1
1972,Derby County,Manchester City,1,0,1,1,1,1,1
1972,Derby County,Stoke City,0,3,1,1,3,-3,0
1972,Everton,Leeds United,1,2,1,1,3,-1,0
1972,Everton,Manchester City,2,3,1,1,5,-1,0
1972,Everton,Stoke City,2,0,1,1,2,2,1
1972,Ipswich Town,Birmingham City,2,0,1,1,2,2,1
1972,Ipswich Town,Crystal Palace,2,1,1,1,3,1,1
1972,Ipswich Town,Leeds United,2,2,1,1,4,0,0
1972,Leeds United,Birmingham City,4,0,1,1,4,4,1
1972,Leeds United,Ipswich Town,3,3,1,1,6,0,0
1972,Leeds United,Manchester City,3,0,1,1,3,3,1
1972,Leeds United,Norwich City,2,0,1,1,2,2,1
1972,Leeds United,Stoke City,1,0,1,1,1,1,1
1972,Leeds United,West Ham United,1,0,1,1,1,1,1
1972,Leicester City,Crystal Palace,2,1,1,1,3,1,1
1972,Leicester City,Norwich City,1,2,1,1,3,-1,0
1972,Leicester City,Stoke City,2,0,1,1,2,2,1
1972,Liverpool,Crystal Palace,1,0,1,1,1,1,1
1972,Liverpool,Norwich City,3,1,1,1,4,2,1
1972,Liverpool,West Ham United,3,2,1,1,5,1,1
1972,Manchester City,Crystal Palace,2,3,1,1,5,-1,0
1972,Manchester City,Ipswich Town,1,1,1,1,2,0,0
1972,Manchester City,Norwich City,3,0,1,1,3,3,1
1972,Manchester United,Birmingham City,1,0,1,1,1,1,1
1972,Manchester United,Crystal Palace,2,0,1,1,2,2,1
1972,Manchester United,Liverpool,2,0,1,1,2,2,1
1972,Newcastle United,Birmingham City,3,0,1,1,3,3,1
1972,Newcastle United,Ipswich Town,1,2,1,1,3,-1,0
1972,Newcastle United,Liverpool,2,1,1,1,3,1,1
1972,Newcastle United,Stoke City,1,0,1,1,1,1,1
1972,Newcastle United,West Ham United,1,2,1,1,3,-1,0
1972,Norwich City,Crystal Palace,2,1,1,1,3,1,1
1972,Norwich City,Stoke City,2,0,1,1,2,2,1
1972,Sheffield United,Birmingham City,0,1,1,1,1,-1,0
1972,Sheffield United,Crystal Palace,2,0,1,1,2,2,1
1972,Sheffield United,Ipswich Town,0,0,1,1,0,0,0
1972,Sheffield United,Liverpool,0,3,1,1,3,-3,0
1972,Sheffield United,Stoke City,0,0,1,1,0,0,0
1972,Sheffield United,West Ham United,0,0,1,1,0,0,0
1972,Southampton,Birmingham City,2,0,1,1,2,2,1
1972,Southampton,Crystal Palace,2,0,1,1,2,2,1
1972,Southampton,Ipswich Town,1,2,1,1,3,-1,0
1972,Southampton,Liverpool,1,1,1,1,2,0,0
1972,Southampton,Stoke City,1,0,1,1,1,1,1
1972,Southampton,West Ham United,0,0,1,1,0,0,0
1972,Stoke City,Birmingham City,1,2,1,1,3,-1,0
1972,Stoke City,Crystal Palace,2,0,1,1,2,2,1
1972,Stoke City,Southampton,3,3,1,1,6,0,0
1972,West Bromwich Albion,Ipswich Town,2,0,1,1,2,2,1
1972,West Bromwich Albion,Liverpool,1,1,1,1,2,0,0
1972,West Ham United,Birmingham City,2,0,1,1,2,2,1
1972,West Ham United,Ipswich Town,0,1,1,1,1,-1,0
1972,West Ham United,Liverpool,0,1,1,1,1,-1,0
1972,West Ham United,West Bromwich Albion,2,1,1,1,3,1,1
1972,Wolverhampton Wanderers,Crystal Palace,1,1,1,1,2,0,0
1972,Wolverhampton Wanderers,Ipswich Town,0,1,1,1,1,-1,0
1972,Wolverhampton Wanderers,Liverpool,2,1,1,1,3,1,1
1972,Wolverhampton Wanderers,Newcastle United,1,1,1,1,2,0,0
1972,Aston Villa,Cardiff City,2,0,2,2,2,2,1
1972,Aston Villa,Huddersfield Town,2,0,2,2,2,2,1
1972,Aston Villa,Nottingham Forest,2,2,2,2,4,0,0
1972,Aston Villa,Preston North End,1,1,2,2,2,0,0
1972,Blackpool,Brighton & Hove Albion,6,2,2,2,8,4,1
1972,Blackpool,Huddersfield Town,1,1,2,2,2,0,0
1972,Blackpool,Luton Town,1,1,2,2,2,0,0
1972,Blackpool,Preston North End,2,0,2,2,2,2,1
1972,Blackpool,Sunderland,0,0,2,2,0,0,0
1972,Brighton & Hove Albion,Cardiff City,2,2,2,2,4,0,0
1972,Brighton & Hove Albion,Luton Town,2,0,2,2,2,2,1
1972,Brighton & Hove Albion,Preston North End,2,0,2,2,2,2,1
1972,Bristol City,Luton Town,0,1,2,2,1,-1,0
1972,Bristol City,Nottingham Forest,1,1,2,2,2,0,0
1972,Bristol City,Sunderland,1,0,2,2,1,1,1
1972,Burnley,Huddersfield Town,2,1,2,2,3,1,1
1972,Burnley,Luton Town,3,0,2,2,3,3,1
1972,Cardiff City,Huddersfield Town,4,1,2,2,5,3,1
1972,Cardiff City,Nottingham Forest,2,1,2,2,3,1,1
1972,Carlisle United,Huddersfield Town,0,0,2,2,0,0,0
1972,Carlisle United,Luton Town,2,0,2,2,2,2,1
1972,Fulham,Blackpool,2,0,2,2,2,2,1
1972,Fulham,Burnley,1,1,2,2,2,0,0
1972,Fulham,Luton Town,0,1,2,2,1,-1,0
1972,Fulham,Preston North End,1,3,2,2,4,-2,0
1972,Huddersfield Town,Burnley,0,2,2,2,2,-2,0
1972,Huddersfield Town,Fulham,1,0,2,2,1,1,1
1972,Hull City,Blackpool,1,2,2,2,3,-1,0
1972,Hull City,Fulham,2,2,2,2,4,0,0
1972,Hull City,Luton Town,4,0,2,2,4,4,1
1972,Hull City,Nottingham Forest,0,0,2,2,0,0,0
1972,Leyton Orient,Preston North End,1,2,2,2,3,-1,0
1972,Leyton Orient,Sunderland,1,1,2,2,2,0,0
1972,Luton Town,Blackpool,2,2,2,2,4,0,0
1972,Luton Town,Burnley,2,2,2,2,4,0,0
1972,Luton Town,Fulham,1,0,2,2,1,1,1
1972,Luton Town,Preston North End,1,0,2,2,1,1,1
1972,Luton Town,Sunderland,1,0,2,2,1,1,1
1972,Middlesbrough,Fulham,1,2,2,2,3,-1,0
1972,Middlesbrough,Nottingham Forest,0,0,2,2,0,0,0
1972,Millwall,Burnley,1,1,2,2,2,0,0
1972,Millwall,Nottingham Forest,2,1,2,2,3,1,1
1972,Millwall,Preston North End,4,1,2,2,5,3,1
1972,Nottingham Forest,Burnley,3,0,2,2,3,3,1
1972,Nottingham Forest,Fulham,2,1,2,2,3,1,1
1972,Nottingham Forest,Leyton Orient,2,1,2,2,3,1,1
1972,Nottingham Forest,Preston North End,0,1,2,2,1,-1,0
1972,Oxford United,Blackpool,0,1,2,2,1,-1,0
1972,Oxford United,Fulham,0,0,2,2,0,0,0
1972,Oxford United,Leyton Orient,2,1,2,2,3,1,1
1972,Oxford United,Millwall,2,1,2,2,3,1,1
1972,Oxford United,Preston North End,0,2,2,2,2,-2,0
1972,Portsmouth,Blackpool,1,0,2,2,1,1,1
1972,Portsmouth,Burnley,0,2,2,2,2,-2,0
1972,Portsmouth,Leyton Orient,1,0,2,2,1,1,1
1972,Portsmouth,Preston North End,0,1,2,2,1,-1,0
1972,Preston North End,Blackpool,0,3,2,2,3,-3,0
1972,Preston North End,Fulham,0,3,2,2,3,-3,0
1972,Queens Park Rangers,Blackpool,4,0,2,2,4,4,1
1972,Queens Park Rangers,Fulham,2,0,2,2,2,2,1
1972,Queens Park Rangers,Millwall,1,3,2,2,4,-2,0
1972,Sheffield Wednesday,Portsmouth,2,1,2,2,3,1,1
1972,Sheffield Wednesday,Sunderland,1,0,2,2,1,1,1
1972,Sunderland,Blackpool,1,0,2,2,1,1,1
1972,Sunderland,Leyton Orient,1,0,2,2,1,1,1
1972,Sunderland,Portsmouth,2,0,2,2,2,2,1
1972,Sunderland,Sheffield Wednesday,1,1,2,2,2,0,0
1972,Swindon Town,Blackpool,0,0,2,2,0,0,0
1972,Swindon Town,Burnley,0,1,2,2,1,-1,0
1972,Swindon Town,Fulham,2,2,2,2,4,0,0
1972,Swindon Town,Leyton Orient,3,1,2,2,4,2,1
1972,AFC Bournemouth,Charlton Athletic,3,1,3,3,4,2,1
1972,AFC Bournemouth,Plymouth Argyle,0,1,3,3,1,-1,0
1972,AFC Bournemouth,Southend United,2,0,3,3,2,2,1
1972,AFC Bournemouth,Walsall,0,1,3,3,1,-1,0
1972,AFC Bournemouth,York City,2,3,3,3,5,-1,0
1972,Blackburn Rovers,Notts County,2,0,3,3,2,2,1
1972,Blackburn Rovers,Watford,0,0,3,3,0,0,0
1972,Bolton Wanderers,Grimsby Town,2,0,3,3,2,2,1
1972,Bolton Wanderers,Wrexham,1,0,3,3,1,1,1
1972,Brentford,Blackburn Rovers,4,0,3,3,4,4,1
1972,Brentford,Halifax Town,0,1,3,3,1,-1,0
1972,Brentford,Plymouth Argyle,0,2,3,3,2,-2,0
1972,Brentford,Rotherham United,1,1,3,3,2,0,0
1972,Brentford,Southend United,1,2,3,3,3,-1,0
1972,Brentford,York City,2,0,3,3,2,2,1
1972,Bristol Rovers,Notts County,1,0,3,3,1,1,1
1972,Bristol Rovers,Scunthorpe United,5,1,3,3,6,4,1
1972,Bristol Rovers,Swansea City,3,1,3,3,4,2,1
1972,Bristol Rovers,Watford,2,1,3,3,3,1,1
1972,Charlton Athletic,AFC Bournemouth,1,1,3,3,2,0,0
1972,Charlton Athletic,Grimsby Town,1,1,3,3,2,0,0
1972,Charlton Athletic,Oldham Athletic,4,2,3,3,6,2,1
1972,Charlton Athletic,Rochdale,1,0,3,3,1,1,1
1972,Charlton Athletic,Shrewsbury Town,1,2,3,3,3,-1,0
1972,Charlton Athletic,Wrexham,2,1,3,3,3,1,1
1972,Chesterfield,Bristol Rovers,0,1,3,3,1,-1,0
1972,Chesterfield,Halifax Town,2,0,3,3,2,2,1
1972,Chesterfield,Plymouth Argyle,2,2,3,3,4,0,0
1972,Grimsby Town,Bolton Wanderers,2,0,3,3,2,2,1
1972,Halifax Town,AFC Bournemouth,2,0,3,3,2,2,1
1972,Halifax Town,Rochdale,0,0,3,3,0,0,0
1972,Halifax Town,Wrexham,2,2,3,3,4,0,0
1972,Notts County,Blackburn Rovers,0,0,3,3,0,0,0
1972,Notts County,Bristol Rovers,2,0,3,3,2,2,1
1972,Notts County,Grimsby Town,4,0,3,3,4,4,1
1972,Notts County,Plymouth Argyle,2,0,3,3,2,2,1
1972,Notts County,Rotherham United,2,0,3,3,2,2,1
1972,Notts County,Walsall,1,1,3,3,2,0,0
1972,Notts County,York City,1,0,3,3,1,1,1
1972,Oldham Athletic,Bolton Wanderers,2,0,3,3,2,2,1
1972,Oldham Athletic,Charlton Athletic,0,1,3,3,1,-1,0
1972,Oldham Athletic,Halifax Town,1,1,3,3,2,0,0
1972,Oldham Athletic,Port Vale,1,0,3,3,1,1,1
1972,Oldham Athletic,Swansea City,2,0,3,3,2,2,1
1972,Oldham Athletic,Watford,2,1,3,3,3,1,1
1972,Plymouth Argyle,AFC Bournemouth,1,0,3,3,1,1,1
1972,Plymouth Argyle,Rochdale,3,2,3,3,5,1,1
1972,Plymouth Argyle,Shrewsbury Town,3,0,3,3,3,3,1
1972,Plymouth Argyle,Tranmere Rovers,0,1,3,3,1,-1,0
1972,Port Vale,Bristol Rovers,2,1,3,3,3,1,1
1972,Port Vale,Walsall,1,2,3,3,3,-1,0
1972,Rochdale,Scunthorpe United,0,2,3,3,2,-2,0
1972,Rochdale,Swansea City,1,1,3,3,2,0,0
1972,Rotherham United,Chesterfield,1,0,3,3,1,1,1
1972,Rotherham United,Port Vale,7,0,3,3,7,7,1
1972,Rotherham United,Shrewsbury Town,2,0,3,3,2,2,1
1972,Rotherham United,Tranmere Rovers,1,2,3,3,3,-1,0
1972,Scunthorpe United,Blackburn Rovers,1,1,3,3,2,0,0
1972,Scunthorpe United,Bristol Rovers,0,2,3,3,2,-2,0
1972,Scunthorpe United,Grimsby Town,1,2,3,3,3,-1,0
1972,Scunthorpe United,Rochdale,1,2,3,3,3,-1,0
1972,Shrewsbury Town,Bolton Wanderers,0,2,3,3,2,-2,0
1972,Shrewsbury Town,Charlton Athletic,0,2,3,3,2,-2,0
1972,Shrewsbury Town,Halifax Town,0,0,3,3,0,0,0
1972,Shrewsbury Town,Plymouth Argyle,1,1,3,3,2,0,0
1972,Shrewsbury Town,Watford,0,0,3,3,0,0,0
1972,Southend United,AFC Bournemouth,2,2,3,3,4,0,0
1972,Southend United,Brentford,4,0,3,3,4,4,1
1972,Southend United,Port Vale,5,0,3,3,5,5,1
1972,Southend United,Scunthorpe United,1,0,3,3,1,1,1
1972,Southend United,Wrexham,0,1,3,3,1,-1,0
1972,Swansea City,Grimsby Town,6,2,3,3,8,4,1
1972,Swansea City,Rochdale,2,3,3,3,5,-1,0
1972,Swansea City,Walsall,2,1,3,3,3,1,1
1972,Swansea City,York City,1,3,3,3,4,-2,0
1972,Tranmere Rovers,Charlton Athletic,4,0,3,3,4,4,1
1972,Tranmere Rovers,Halifax Town,1,1,3,3,2,0,0
1972,Tranmere Rovers,Southend United,3,1,3,3,4,2,1
1972,Tranmere Rovers,Watford,1,0,3,3,1,1,1
1972,Walsall,AFC Bournemouth,1,0,3,3,1,1,1
1972,Walsall,Chesterfield,3,2,3,3,5,1,1
1972,Walsall,Port Vale,2,0,3,3,2,2,1
1972,Walsall,Swansea City,1,1,3,3,2,0,0
1972,Watford,Blackburn Rovers,1,3,3,3,4,-2,0
1972,Watford,Grimsby Town,1,2,3,3,3,-1,0
1972,Watford,Shrewsbury Town,0,1,3,3,1,-1,0
1972,Watford,Tranmere Rovers,1,0,3,3,1,1,1
1972,Watford,York City,2,2,3,3,4,0,0
1972,Wrexham,Bolton Wanderers,1,3,3,3,4,-2,0
1972,Wrexham,Charlton Athletic,2,2,3,3,4,0,0
1972,Wrexham,Halifax Town,0,0,3,3,0,0,0
1972,Wrexham,Plymouth Argyle,1,2,3,3,3,-1,0
1972,Wrexham,Rotherham United,1,0,3,3,1,1,1
1972,Wrexham,Walsall,2,1,3,3,3,1,1
1972,York City,Chesterfield,2,0,3,3,2,2,1
1972,York City,Scunthorpe United,3,1,3,3,4,2,1
1972,York City,Swansea City,3,0,3,3,3,3,1
1972,Aldershot,Chester,1,1,4,4,2,0,0
1972,Aldershot,Darlington,3,1,4,4,4,2,1
1972,Aldershot,Gillingham,0,0,4,4,0,0,0
1972,Aldershot,Southport,2,2,4,4,4,0,0
1972,Barnsley,Doncaster Rovers,4,2,4,4,6,2,1
1972,Barnsley,Mansfield Town,1,1,4,4,2,0,0
1972,Barnsley,Peterborough United,3,2,4,4,5,1,1
1972,Bradford City,Aldershot,1,0,4,4,1,1,1
1972,Bradford City,Exeter City,4,0,4,4,4,4,1
1972,Bradford City,Hereford United,1,1,4,4,2,0,0
1972,Bradford City,Torquay United,1,0,4,4,1,1,1
1972,Bury,Chester,1,1,4,4,2,0,0
1972,Bury,Darlington,1,0,4,4,1,1,1
1972,Bury,Lincoln City,0,4,4,4,4,-4,0
1972,Bury,Northampton Town,2,2,4,4,4,0,0
1972,Cambridge United,Doncaster Rovers,3,1,4,4,4,2,1
1972,Cambridge United,Mansfield Town,3,2,4,4,5,1,1
1972,Cambridge United,Peterborough United,3,1,4,4,4,2,1
1972,Cambridge United,Stockport County,1,0,4,4,1,1,1
1972,Chester,Bury,2,0,4,4,2,2,1
1972,Chester,Crewe Alexandra,2,1,4,4,3,1,1
1972,Chester,Hereford United,0,1,4,4,1,-1,0
1972,Colchester United,Barnsley,1,2,4,4,3,-1,0
1972,Colchester United,Southport,3,1,4,4,4,2,1
1972,Crewe Alexandra,Mansfield Town,0,4,4,4,4,-4,0
1972,Crewe Alexandra,Stockport County,0,1,4,4,1,-1,0
1972,Darlington,Aldershot,1,4,4,4,5,-3,0
1972,Darlington,Colchester United,2,1,4,4,3,1,1
1972,Darlington,Exeter City,0,0,4,4,0,0,0
1972,Darlington,Torquay United,0,3,4,4,3,-3,0
1972,Doncaster Rovers,Cambridge United,0,0,4,4,0,0,0
1972,Doncaster Rovers,Crewe Alexandra,0,2,4,4,2,-2,0
1972,Doncaster Rovers,Lincoln City,1,1,4,4,2,0,0
1972,Exeter City,Bradford City,5,1,4,4,6,4,1
1972,Exeter City,Chester,0,0,4,4,0,0,0
1972,Exeter City,Mansfield Town,4,2,4,4,6,2,1
1972,Gillingham,Aldershot,1,2,4,4,3,-1,0
1972,Gillingham,Bury,2,2,4,4,4,0,0
1972,Gillingham,Colchester United,2,1,4,4,3,1,1
1972,Gillingham,Newport County,0,0,4,4,0,0,0
1972,Gillingham,Torquay United,1,1,4,4,2,0,0
1972,Hartlepool United,Crewe Alexandra,1,1,4,4,2,0,0
1972,Hartlepool United,Exeter City,0,0,4,4,0,0,0
1972,Hartlepool United,Lincoln City,1,0,4,4,1,1,1
1972,Hartlepool United,Northampton Town,2,0,4,4,2,2,1
1972,Hartlepool United,Workington,1,0,4,4,1,1,1
1972,Hereford United,Bradford City,1,0,4,4,1,1,1
1972,Hereford United,Chester,3,1,4,4,4,2,1
1972,Hereford United,Mansfield Town,3,1,4,4,4,2,1
1972,Hereford United,Peterborough United,3,0,4,4,3,3,1
1972,Hereford United,Stockport County,1,0,4,4,1,1,1
1972,Lincoln City,Bury,2,2,4,4,4,0,0
1972,Lincoln City,Colchester United,3,2,4,4,5,1,1
1972,Lincoln City,Hartlepool United,1,2,4,4,3,-1,0
1972,Lincoln City,Newport County,0,2,4,4,2,-2,0
1972,Lincoln City,Reading,0,0,4,4,0,0,0
1972,Lincoln City,Torquay United,3,1,4,4,4,2,1
1972,Mansfield Town,Cambridge United,3,1,4,4,4,2,1
1972,Mansfield Town,Southport,3,3,4,4,6,0,0
1972,Mansfield Town,Workington,4,0,4,4,4,4,1
1972,Newport County,Bradford City,0,0,4,4,0,0,0
1972,Newport County,Gillingham,5,1,4,4,6,4,1
1972,Northampton Town,Bury,0,1,4,4,1,-1,0
1972,Northampton Town,Doncaster Rovers,0,2,4,4,2,-2,0
1972,Northampton Town,Reading,1,1,4,4,2,0,0
1972,Peterborough United,Crewe Alexandra,4,3,4,4,7,1,1
1972,Peterborough United,Exeter City,1,1,4,4,2,0,0
1972,Peterborough United,Hereford United,1,1,4,4,2,0,0
1972,Peterborough United,Newport County,1,0,4,4,1,1,1
1972,Peterborough United,Southport,0,1,4,4,1,-1,0
1972,Peterborough United,Workington,2,1,4,4,3,1,1
1972,Reading,Chester,2,1,4,4,3,1,1
1972,Reading,Gillingham,3,1,4,4,4,2,1
1972,Reading,Stockport County,0,0,4,4,0,0,0
1972,Southport,Doncaster Rovers,2,2,4,4,4,0,0
1972,Southport,Hartlepool United,1,1,4,4,2,0,0
1972,Southport,Mansfield Town,3,1,4,4,4,2,1
1972,Southport,Peterborough United,2,1,4,4,3,1,1
1972,Stockport County,Crewe Alexandra,0,0,4,4,0,0,0
1972,Stockport County,Exeter City,1,0,4,4,1,1,1
1972,Stockport County,Hereford United,1,1,4,4,2,0,0
1972,Stockport County,Newport County,1,0,4,4,1,1,1
1972,Torquay United,Bradford City,1,2,4,4,3,-1,0
1972,Torquay United,Chester,1,2,4,4,3,-1,0
1972,Torquay United,Lincoln City,2,0,4,4,2,2,1
1972,Workington,Colchester United,1,0,4,4,1,1,1
1972,Workington,Doncaster Rovers,2,0,4,4,2,2,1
1972,Workington,Hartlepool United,0,0,4,4,0,0,0
1972,Workington,Peterborough United,2,2,4,4,4,0,0
1973,Arsenal,Southampton,1,0,1,1,1,1,1
1973,Birmingham City,Manchester City,1,1,1,1,2,0,0
1973,Birmingham City,Norwich City,2,1,1,1,3,1,1
1973,Burnley,Leeds United,0,0,1,1,0,0,0
1973,Burnley,Norwich City,1,0,1,1,1,1,1
1973,Chelsea,Birmingham City,3,1,1,1,4,2,1
1973,Chelsea,Manchester City,1,0,1,1,1,1,1
1973,Chelsea,Norwich City,3,0,1,1,3,3,1
1973,Chelsea,West Ham United,2,4,1,1,6,-2,0
1973,Coventry City,Leeds United,0,0,1,1,0,0,0
1973,Coventry City,Norwich City,1,0,1,1,1,1,1
1973,Coventry City,Southampton,2,0,1,1,2,2,1
1973,Derby County,Manchester City,1,0,1,1,1,1,1
1973,Derby County,Southampton,6,2,1,1,8,4,1
1973,Everton,Birmingham City,4,1,1,1,5,3,1
1973,Everton,Leeds United,0,0,1,1,0,0,0
1973,Everton,Southampton,0,3,1,1,3,-3,0
1973,Everton,West Ham United,1,0,1,1,1,1,1
1973,Ipswich Town,Birmingham City,3,0,1,1,3,3,1
1973,Ipswich Town,Manchester City,2,1,1,1,3,1,1
1973,Ipswich Town,Southampton,7,0,1,1,7,7,1
1973,Leeds United,Coventry City,3,0,1,1,3,3,1
1973,Leeds United,Ipswich Town,3,2,1,1,5,1,1
1973,Leicester City,Ipswich Town,5,0,1,1,5,5,1
1973,Leicester City,Southampton,0,1,1,1,1,-1,0
1973,Leicester City,West Ham United,0,1,1,1,1,-1,0
1973,Liverpool,Birmingham City,3,2,1,1,5,1,1
1973,Liverpool,Coventry City,2,1,1,1,3,1,1
1973,Liverpool,West Ham United,1,0,1,1,1,1,1
1973,Manchester City,Norwich City,2,1,1,1,3,1,1
1973,Manchester City,West Ham United,2,1,1,1,3,1,1
1973,Manchester United,Birmingham City,1,0,1,1,1,1,1
1973,Manchester United,Ipswich Town,2,0,1,1,2,2,1
1973,Manchester United,Liverpool,0,0,1,1,0,0,0
1973,Newcastle United,Birmingham City,1,1,1,1,2,0,0
1973,Newcastle United,Ipswich Town,3,1,1,1,4,2,1
1973,Newcastle United,Liverpool,0,0,1,1,0,0,0
1973,Newcastle United,Norwich City,0,0,1,1,0,0,0
1973,Newcastle United,Southampton,0,1,1,1,1,-1,0
1973,Norwich City,Coventry City,0,0,1,1,0,0,0
1973,Norwich City,Ipswich Town,1,2,1,1,3,-1,0
1973,Norwich City,Newcastle United,1,1,1,1,2,0,0
1973,Norwich City,Southampton,2,0,1,1,2,2,1
1973,Queens Park Rangers,Birmingham City,2,2,1,1,4,0,0
1973,Queens Park Rangers,Coventry City,3,0,1,1,3,3,1
1973,Queens Park Rangers,Liverpool,2,2,1,1,4,0,0
1973,Queens Park Rangers,Southampton,1,1,1,1,2,0,0
1973,Sheffield United,Coventry City,0,1,1,1,1,-1,0
1973,Sheffield United,Southampton,4,2,1,1,6,2,1
1973,Sheffield United,West Ham United,1,0,1,1,1,1,1
1973,Southampton,Birmingham City,0,2,1,1,2,-2,0
1973,Southampton,Liverpool,1,0,1,1,1,1,1
1973,Southampton,Newcastle United,3,1,1,1,4,2,1
1973,Southampton,Sheffield United,3,0,1,1,3,3,1
1973,Southampton,West Ham United,1,1,1,1,2,0,0
1973,Stoke City,Birmingham City,5,2,1,1,7,3,1
1973,Stoke City,Ipswich Town,1,1,1,1,2,0,0
1973,Stoke City,Newcastle United,2,1,1,1,3,1,1
1973,Stoke City,Sheffield United,1,2,1,1,3,-1,0
1973,Stoke City,West Ham United,2,0,1,1,2,2,1
1973,Tottenham Hotspur,Birmingham City,4,2,1,1,6,2,1
1973,Tottenham Hotspur,Ipswich Town,1,1,1,1,2,0,0
1973,Tottenham Hotspur,Liverpool,1,1,1,1,2,0,0
1973,Tottenham Hotspur,Sheffield United,1,2,1,1,3,-1,0
1973,Tottenham Hotspur,West Ham United,2,0,1,1,2,2,1
1973,West Ham United,Ipswich Town,3,3,1,1,6,0,0
1973,West Ham United,Sheffield United,2,2,1,1,4,0,0
1973,Wolverhampton Wanderers,Coventry City,1,1,1,1,2,0,0
1973,Wolverhampton Wanderers,Ipswich Town,3,1,1,1,4,2,1
1973,Wolverhampton Wanderers,Newcastle United,1,0,1,1,1,1,1
1973,Wolverhampton Wanderers,Sheffield United,2,0,1,1,2,2,1
1973,Aston Villa,Bolton Wanderers,1,1,2,2,2,0,0
1973,Aston Villa,Carlisle United,2,1,2,2,3,1,1
1973,Aston Villa,Middlesbrough,1,1,2,2,2,0,0
1973,Aston Villa,Swindon Town,1,1,2,2,2,0,0
1973,Blackpool,Carlisle United,4,0,2,2,4,4,1
1973,Blackpool,Notts County,0,1,2,2,1,-1,0
1973,Blackpool,Preston North End,3,0,2,2,3,3,1
1973,Bolton Wanderers,Hull City,1,0,2,2,1,1,1
1973,Bolton Wanderers,Middlesbrough,2,1,2,2,3,1,1
1973,Bolton Wanderers,Notts County,1,3,2,2,4,-2,0
1973,Bristol City,Carlisle United,2,0,2,2,2,2,1
1973,Bristol City,Hull City,3,1,2,2,4,2,1
1973,Bristol City,Middlesbrough,1,1,2,2,2,0,0
1973,Bristol City,Notts County,2,2,2,2,4,0,0
1973,Bristol City,Swindon Town,1,0,2,2,1,1,1
1973,Cardiff City,Blackpool,1,0,2,2,1,1,1
1973,Cardiff City,Notts County,1,0,2,2,1,1,1
1973,Carlisle United,Cardiff City,1,1,2,2,2,0,0
1973,Carlisle United,Middlesbrough,1,1,2,2,2,0,0
1973,Carlisle United,Preston North End,2,2,2,2,4,0,0
1973,Crystal Palace,Blackpool,1,2,2,2,3,-1,0
1973,Crystal Palace,Cardiff City,3,3,2,2,6,0,0
1973,Crystal Palace,Hull City,0,2,2,2,2,-2,0
1973,Fulham,Notts County,2,0,2,2,2,2,1
1973,Hull City,Middlesbrough,1,3,2,2,4,-2,0
1973,Hull City,Swindon Town,0,1,2,2,1,-1,0
1973,Leyton Orient,Cardiff City,1,2,2,2,3,-1,0
1973,Leyton Orient,Fulham,1,0,2,2,1,1,1
1973,Leyton Orient,Middlesbrough,0,0,2,2,0,0,0
1973,Leyton Orient,Notts County,1,1,2,2,2,0,0
1973,Leyton Orient,Swindon Town,0,0,2,2,0,0,0
1973,Luton Town,Blackpool,3,0,2,2,3,3,1
1973,Luton Town,Middlesbrough,0,1,2,2,1,-1,0
1973,Luton Town,Preston North End,4,2,2,2,6,2,1
1973,Middlesbrough,Blackpool,0,0,2,2,0,0,0
1973,Middlesbrough,Notts County,4,0,2,2,4,4,1
1973,Middlesbrough,Swindon Town,2,1,2,2,3,1,1
1973,Millwall,Cardiff City,2,0,2,2,2,2,1
1973,Millwall,Fulham,1,0,2,2,1,1,1
1973,Millwall,Swindon Town,3,0,2,2,3,3,1
1973,Nottingham Forest,Cardiff City,2,1,2,2,3,1,1
1973,Nottingham Forest,Fulham,3,0,2,2,3,3,1
1973,Nottingham Forest,Luton Town,4,0,2,2,4,4,1
1973,Nottingham Forest,Preston North End,1,1,2,2,2,0,0
1973,Notts County,Blackpool,0,3,2,2,3,-3,0
1973,Notts County,Cardiff City,1,1,2,2,2,0,0
1973,Notts County,Nottingham Forest,0,1,2,2,1,-1,0
1973,Notts County,Preston North End,2,1,2,2,3,1,1
1973,Notts County,Swindon Town,2,0,2,2,2,2,1
1973,Oxford United,Cardiff City,4,2,2,2,6,2,1
1973,Oxford United,Nottingham Forest,1,0,2,2,1,1,1
1973,Oxford United,Swindon Town,1,1,2,2,2,0,0
1973,Portsmouth,Blackpool,0,0,2,2,0,0,0
1973,Portsmouth,Cardiff City,1,0,2,2,1,1,1
1973,Portsmouth,Luton Town,0,0,2,2,0,0,0
1973,Portsmouth,Nottingham Forest,0,2,2,2,2,-2,0
1973,Portsmouth,Preston North End,3,0,2,2,3,3,1
1973,Portsmouth,Swindon Town,3,1,2,2,4,2,1
1973,Preston North End,Blackpool,1,3,2,2,4,-2,0
1973,Preston North End,Cardiff City,2,2,2,2,4,0,0
1973,Preston North End,Fulham,0,1,2,2,1,-1,0
1973,Preston North End,Luton Town,2,2,2,2,4,0,0
1973,Preston North End,Nottingham Forest,2,1,2,2,3,1,1
1973,Preston North End,Portsmouth,2,1,2,2,3,1,1
1973,Sheffield Wednesday,Blackpool,0,0,2,2,0,0,0
1973,Sheffield Wednesday,Nottingham Forest,1,1,2,2,2,0,0
1973,Sheffield Wednesday,Swindon Town,2,1,2,2,3,1,1
1973,Sunderland,Cardiff City,1,1,2,2,2,0,0
1973,Sunderland,Luton Town,0,1,2,2,1,-1,0
1973,Sunderland,Nottingham Forest,0,0,2,2,0,0,0
1973,Sunderland,Swindon Town,4,1,2,2,5,3,1
1973,Swindon Town,Cardiff City,1,1,2,2,2,0,0
1973,Swindon Town,Nottingham Forest,0,0,2,2,0,0,0
1973,Swindon Town,Sunderland,0,2,2,2,2,-2,0
1973,West Bromwich Albion,Fulham,2,0,2,2,2,2,1
1973,West Bromwich Albion,Luton Town,1,1,2,2,2,0,0
1973,West Bromwich Albion,Nottingham Forest,3,3,2,2,6,0,0
1973,West Bromwich Albion,Portsmouth,1,2,2,2,3,-1,0
1973,West Bromwich Albion,Sunderland,1,1,2,2,2,0,0
1973,AFC Bournemouth,Cambridge United,1,0,3,3,1,1,1
1973,AFC Bournemouth,Grimsby Town,1,1,3,3,2,0,0
1973,AFC Bournemouth,York City,1,3,3,3,4,-2,0
1973,Aldershot,Watford,1,0,3,3,1,1,1
1973,Blackburn Rovers,AFC Bournemouth,4,3,3,3,7,1,1
1973,Blackburn Rovers,Chesterfield,2,1,3,3,3,1,1
1973,Blackburn Rovers,Shrewsbury Town,2,0,3,3,2,2,1
1973,Blackburn Rovers,Tranmere Rovers,0,0,3,3,0,0,0
1973,Blackburn Rovers,Wrexham,1,2,3,3,3,-1,0
1973,Brighton & Hove Albion,Grimsby Town,1,1,3,3,2,0,0
1973,Brighton & Hove Albion,Walsall,2,1,3,3,3,1,1
1973,Brighton & Hove Albion,York City,0,0,3,3,0,0,0
1973,Bristol Rovers,Blackburn Rovers,3,0,3,3,3,3,1
1973,Bristol Rovers,Halifax Town,2,0,3,3,2,2,1
1973,Bristol Rovers,Oldham Athletic,1,2,3,3,3,-1,0
1973,Bristol Rovers,Rochdale,1,1,3,3,2,0,0
1973,Bristol Rovers,Southport,3,1,3,3,4,2,1
1973,Cambridge United,Brighton & Hove Albion,1,1,3,3,2,0,0
1973,Cambridge United,Chesterfield,1,2,3,3,3,-1,0
1973,Cambridge United,Shrewsbury Town,2,1,3,3,3,1,1
1973,Charlton Athletic,Bristol Rovers,1,1,3,3,2,0,0
1973,Charlton Athletic,Grimsby Town,2,1,3,3,3,1,1
1973,Charlton Athletic,Port Vale,2,0,3,3,2,2,1
1973,Charlton Athletic,Southend United,2,1,3,3,3,1,1
1973,Charlton Athletic,York City,2,4,3,3,6,-2,0
1973,Chesterfield,Cambridge United,3,0,3,3,3,3,1
1973,Chesterfield,Halifax Town,1,1,3,3,2,0,0
1973,Chesterfield,Southport,4,2,3,3,6,2,1
1973,Grimsby Town,AFC Bournemouth,1,1,3,3,2,0,0
1973,Grimsby Town,Charlton Athletic,5,0,3,3,5,5,1
1973,Grimsby Town,Hereford United,1,3,3,3,4,-2,0
1973,Grimsby Town,Plymouth Argyle,3,0,3,3,3,3,1
1973,Grimsby Town,Tranmere Rovers,5,0,3,3,5,5,1
1973,Halifax Town,Chesterfield,2,0,3,3,2,2,1
1973,Halifax Town,Huddersfield Town,0,0,3,3,0,0,0
1973,Halifax Town,Port Vale,1,0,3,3,1,1,1
1973,Halifax Town,Walsall,3,1,3,3,4,2,1
1973,Halifax Town,York City,2,1,3,3,3,1,1
1973,Hereford United,Blackburn Rovers,1,0,3,3,1,1,1
1973,Hereford United,Grimsby Town,2,1,3,3,3,1,1
1973,Hereford United,Watford,1,1,3,3,2,0,0
1973,Huddersfield Town,Brighton & Hove Albion,2,2,3,3,4,0,0
1973,Huddersfield Town,Charlton Athletic,2,0,3,3,2,2,1
1973,Huddersfield Town,Plymouth Argyle,2,1,3,3,3,1,1
1973,Huddersfield Town,Tranmere Rovers,0,0,3,3,0,0,0
1973,Huddersfield Town,Wrexham,2,1,3,3,3,1,1
1973,Oldham Athletic,Chesterfield,0,0,3,3,0,0,0
1973,Oldham Athletic,Port Vale,1,1,3,3,2,0,0
1973,Plymouth Argyle,Cambridge United,4,1,3,3,5,3,1
1973,Plymouth Argyle,Huddersfield Town,1,1,3,3,2,0,0
1973,Port Vale,AFC Bournemouth,0,0,3,3,0,0,0
1973,Port Vale,Brighton & Hove Albion,2,1,3,3,3,1,1
1973,Port Vale,Charlton Athletic,3,1,3,3,4,2,1
1973,Port Vale,Halifax Town,1,1,3,3,2,0,0
1973,Port Vale,Wrexham,1,0,3,3,1,1,1
1973,Rochdale,Aldershot,2,2,3,3,4,0,0
1973,Rochdale,Bristol Rovers,0,1,3,3,1,-1,0
1973,Rochdale,Hereford United,1,1,3,3,2,0,0
1973,Rochdale,Plymouth Argyle,1,3,3,3,4,-2,0
1973,Rochdale,Southend United,1,1,3,3,2,0,0
1973,Rochdale,York City,1,3,3,3,4,-2,0
1973,Shrewsbury Town,Blackburn Rovers,3,0,3,3,3,3,1
1973,Shrewsbury Town,Port Vale,0,1,3,3,1,-1,0
1973,Shrewsbury Town,Southport,2,0,3,3,2,2,1
1973,Southend United,AFC Bournemouth,2,2,3,3,4,0,0
1973,Southend United,Brighton & Hove Albion,0,2,3,3,2,-2,0
1973,Southend United,Charlton Athletic,2,0,3,3,2,2,1
1973,Southend United,Halifax Town,1,2,3,3,3,-1,0
1973,Southend United,Oldham Athletic,2,2,3,3,4,0,0
1973,Southend United,Rochdale,1,2,3,3,3,-1,0
1973,Southend United,Tranmere Rovers,1,1,3,3,2,0,0
1973,Southport,Chesterfield,1,1,3,3,2,0,0
1973,Southport,Hereford United,1,1,3,3,2,0,0
1973,Southport,Plymouth Argyle,1,1,3,3,2,0,0
1973,Southport,Shrewsbury Town,1,0,3,3,1,1,1
1973,Southport,York City,1,1,3,3,2,0,0
1973,Tranmere Rovers,Blackburn Rovers,1,1,3,3,2,0,0
1973,Tranmere Rovers,Southend United,2,0,3,3,2,2,1
1973,Tranmere Rovers,Watford,1,0,3,3,1,1,1
1973,Walsall,AFC Bournemouth,1,2,3,3,3,-1,0
1973,Walsall,Charlton Athletic,4,0,3,3,4,4,1
1973,Watford,Aldershot,2,1,3,3,3,1,1
1973,Watford,Bristol Rovers,0,0,3,3,0,0,0
1973,Watford,Hereford United,2,1,3,3,3,1,1
1973,Watford,Plymouth Argyle,0,3,3,3,3,-3,0
1973,Watford,York City,1,1,3,3,2,0,0
1973,Wrexham,Port Vale,0,0,3,3,0,0,0
1973,Wrexham,Southend United,5,1,3,3,6,4,1
1973,Wrexham,Walsall,2,0,3,3,2,2,1
1973,York City,AFC Bournemouth,4,1,3,3,5,3,1
1973,York City,Charlton Athletic,0,1,3,3,1,-1,0
1973,York City,Southport,4,0,3,3,4,4,1
1973,York City,Watford,2,2,3,3,4,0,0
1973,Barnsley,Doncaster Rovers,2,0,4,4,2,2,1
1973,Barnsley,Hartlepool United,2,0,4,4,2,2,1
1973,Barnsley,Newport County,1,1,4,4,2,0,0
1973,Barnsley,Reading,3,2,4,4,5,1,1
1973,Barnsley,Stockport County,4,0,4,4,4,4,1
1973,Barnsley,Workington,4,0,4,4,4,4,1
1973,Bradford City,Northampton Town,1,1,4,4,2,0,0
1973,Bradford City,Swansea City,3,1,4,4,4,2,1
1973,Brentford,Barnsley,5,1,4,4,6,4,1
1973,Brentford,Gillingham,0,3,4,4,3,-3,0
1973,Brentford,Mansfield Town,4,1,4,4,5,3,1
1973,Brentford,Peterborough United,0,1,4,4,1,-1,0
1973,Brentford,Scunthorpe United,2,1,4,4,3,1,1
1973,Bury,Doncaster Rovers,3,1,4,4,4,2,1
1973,Bury,Newport County,5,0,4,4,5,5,1
1973,Bury,Reading,1,0,4,4,1,1,1
1973,Bury,Stockport County,1,1,4,4,2,0,0
1973,Chester,Lincoln City,2,3,4,4,5,-1,0
1973,Chester,Northampton Town,0,0,4,4,0,0,0
1973,Chester,Swansea City,1,0,4,4,1,1,1
1973,Colchester United,Barnsley,2,0,4,4,2,2,1
1973,Colchester United,Darlington,3,0,4,4,3,3,1
1973,Colchester United,Peterborough United,1,1,4,4,2,0,0
1973,Colchester United,Scunthorpe United,2,0,4,4,2,2,1
1973,Colchester United,Torquay United,2,2,4,4,4,0,0
1973,Crewe Alexandra,Bradford City,1,0,4,4,1,1,1
1973,Crewe Alexandra,Doncaster Rovers,4,0,4,4,4,4,1
1973,Crewe Alexandra,Newport County,4,1,4,4,5,3,1
1973,Crewe Alexandra,Stockport County,1,3,4,4,4,-2,0
1973,Crewe Alexandra,Workington,1,0,4,4,1,1,1
1973,Darlington,Colchester United,1,0,4,4,1,1,1
1973,Darlington,Lincoln City,0,3,4,4,3,-3,0
1973,Darlington,Northampton Town,2,3,4,4,5,-1,0
1973,Doncaster Rovers,Crewe Alexandra,0,2,4,4,2,-2,0
1973,Doncaster Rovers,Scunthorpe United,1,0,4,4,1,1,1
1973,Exeter City,Hartlepool United,2,0,4,4,2,2,1
1973,Exeter City,Stockport County,2,1,4,4,3,1,1
1973,Gillingham,Brentford,1,0,4,4,1,1,1
1973,Gillingham,Doncaster Rovers,5,1,4,4,6,4,1
1973,Gillingham,Lincoln City,2,0,4,4,2,2,1
1973,Hartlepool United,Barnsley,1,2,4,4,3,-1,0
1973,Hartlepool United,Crewe Alexandra,1,0,4,4,1,1,1
1973,Hartlepool United,Exeter City,1,3,4,4,4,-2,0
1973,Hartlepool United,Mansfield Town,4,0,4,4,4,4,1
1973,Hartlepool United,Peterborough United,0,1,4,4,1,-1,0
1973,Hartlepool United,Scunthorpe United,3,0,4,4,3,3,1
1973,Lincoln City,Darlington,2,1,4,4,3,1,1
1973,Lincoln City,Newport County,3,0,4,4,3,3,1
1973,Lincoln City,Reading,0,2,4,4,2,-2,0
1973,Lincoln City,Stockport County,1,1,4,4,2,0,0
1973,Mansfield Town,Colchester United,2,2,4,4,4,0,0
1973,Mansfield Town,Hartlepool United,2,0,4,4,2,2,1
1973,Mansfield Town,Rotherham United,3,0,4,4,3,3,1
1973,Newport County,Bury,1,0,4,4,1,1,1
1973,Newport County,Exeter City,2,1,4,4,3,1,1
1973,Newport County,Lincoln City,0,1,4,4,1,-1,0
1973,Newport County,Peterborough United,0,1,4,4,1,-1,0
1973,Newport County,Scunthorpe United,2,1,4,4,3,1,1
1973,Newport County,Torquay United,2,2,4,4,4,0,0
1973,Northampton Town,Bradford City,3,0,4,4,3,3,1
1973,Northampton Town,Chester,3,3,4,4,6,0,0
1973,Northampton Town,Darlington,5,0,4,4,5,5,1
1973,Northampton Town,Gillingham,0,0,4,4,0,0,0
1973,Northampton Town,Reading,3,3,4,4,6,0,0
1973,Northampton Town,Stockport County,2,0,4,4,2,2,1
1973,Peterborough United,Colchester United,2,0,4,4,2,2,1
1973,Peterborough United,Hartlepool United,2,0,4,4,2,2,1
1973,Peterborough United,Newport County,2,0,4,4,2,2,1
1973,Peterborough United,Rotherham United,2,0,4,4,2,2,1
1973,Reading,Bury,2,2,4,4,4,0,0
1973,Reading,Lincoln City,0,0,4,4,0,0,0
1973,Reading,Northampton Town,1,2,4,4,3,-1,0
1973,Reading,Torquay United,4,0,4,4,4,4,1
1973,Rotherham United,Bradford City,2,1,4,4,3,1,1
1973,Rotherham United,Gillingham,1,1,4,4,2,0,0
1973,Rotherham United,Mansfield Town,2,1,4,4,3,1,1
1973,Rotherham United,Stockport County,1,2,4,4,3,-1,0
1973,Rotherham United,Workington,1,1,4,4,2,0,0
1973,Scunthorpe United,Brentford,4,1,4,4,5,3,1
1973,Scunthorpe United,Lincoln City,1,1,4,4,2,0,0
1973,Scunthorpe United,Northampton Town,1,2,4,4,3,-1,0
1973,Stockport County,Bradford City,0,1,4,4,1,-1,0
1973,Stockport County,Chester,0,1,4,4,1,-1,0
1973,Stockport County,Darlington,1,2,4,4,3,-1,0
1973,Stockport County,Mansfield Town,1,1,4,4,2,0,0
1973,Stockport County,Peterborough United,1,1,4,4,2,0,0
1973,Stockport County,Workington,1,1,4,4,2,0,0
1973,Swansea City,Reading,2,1,4,4,3,1,1
1973,Swansea City,Stockport County,3,0,4,4,3,3,1
1973,Torquay United,Bury,1,2,4,4,3,-1,0
1973,Torquay United,Crewe Alexandra,2,1,4,4,3,1,1
1973,Torquay United,Exeter City,0,0,4,4,0,0,0
1973,Torquay United,Lincoln City,2,1,4,4,3,1,1
1973,Torquay United,Northampton Town,1,0,4,4,1,1,1
1973,Torquay United,Rotherham United,3,0,4,4,3,3,1
1973,Workington,Darlington,5,2,4,4,7,3,1
1973,Workington,Mansfield Town,0,0,4,4,0,0,0
1973,Workington,Peterborough United,4,1,4,4,5,3,1
1974,Arsenal,Derby County,3,1,1,1,4,2,1
1974,Arsenal,Leeds United,1,2,1,1,3,-1,0
1974,Arsenal,Luton Town,2,2,1,1,4,0,0
1974,Arsenal,Newcastle United,3,0,1,1,3,3,1
1974,Arsenal,Stoke City,1,1,1,1,2,0,0
1974,Arsenal,Wolverhampton Wanderers,0,0,1,1,0,0,0
1974,Birmingham City,Carlisle United,2,0,1,1,2,2,1
1974,Birmingham City,Derby County,3,2,1,1,5,1,1
1974,Birmingham City,Leeds United,1,0,1,1,1,1,1
1974,Birmingham City,Newcastle United,3,0,1,1,3,3,1
1974,Birmingham City,Stoke City,0,3,1,1,3,-3,0
1974,Birmingham City,Wolverhampton Wanderers,1,1,1,1,2,0,0
1974,Burnley,Derby County,2,5,1,1,7,-3,0
1974,Burnley,Leeds United,2,1,1,1,3,1,1
1974,Burnley,Stoke City,0,0,1,1,0,0,0
1974,Burnley,Wolverhampton Wanderers,1,2,1,1,3,-1,0
1974,Carlisle United,Burnley,4,2,1,1,6,2,1
1974,Carlisle United,Luton Town,1,2,1,1,3,-1,0
1974,Carlisle United,Stoke City,0,2,1,1,2,-2,0
1974,Carlisle United,Wolverhampton Wanderers,1,0,1,1,1,1,1
1974,Chelsea,Burnley,3,3,1,1,6,0,0
1974,Chelsea,Newcastle United,3,2,1,1,5,1,1
1974,Chelsea,Stoke City,3,3,1,1,6,0,0
1974,Chelsea,Wolverhampton Wanderers,0,1,1,1,1,-1,0
1974,Coventry City,Burnley,0,3,1,1,3,-3,0
1974,Coventry City,Leeds United,1,3,1,1,4,-2,0
1974,Coventry City,Wolverhampton Wanderers,2,1,1,1,3,1,1
1974,Derby County,Burnley,3,2,1,1,5,1,1
1974,Derby County,Coventry City,1,1,1,1,2,0,0
1974,Derby County,Luton Town,5,0,1,1,5,5,1
1974,Derby County,Newcastle United,2,2,1,1,4,0,0
1974,Everton,Coventry City,1,0,1,1,1,1,1
1974,Everton,Wolverhampton Wanderers,0,0,1,1,0,0,0
1974,Ipswich Town,Burnley,2,0,1,1,2,2,1
1974,Ipswich Town,Coventry City,4,0,1,1,4,4,1
1974,Ipswich Town,Luton Town,0,1,1,1,1,-1,0
1974,Ipswich Town,Newcastle United,5,4,1,1,9,1,1
1974,Ipswich Town,Stoke City,3,1,1,1,4,2,1
1974,Ipswich Town,Wolverhampton Wanderers,2,0,1,1,2,2,1
1974,Leeds United,Burnley,2,2,1,1,4,0,0
1974,Leeds United,Coventry City,0,0,1,1,0,0,0
1974,Leeds United,Luton Town,1,1,1,1,2,0,0
1974,Leeds United,Newcastle United,1,1,1,1,2,0,0
1974,Leeds United,Wolverhampton Wanderers,2,0,1,1,2,2,1
1974,Leicester City,Coventry City,0,1,1,1,1,-1,0
1974,Leicester City,Ipswich Town,0,1,1,1,1,-1,0
1974,Leicester City,Luton Town,0,0,1,1,0,0,0
1974,Leicester City,Newcastle United,4,0,1,1,4,4,1
1974,Leicester City,Stoke City,1,1,1,1,2,0,0
1974,Leicester City,Wolverhampton Wanderers,3,2,1,1,5,1,1
1974,Liverpool,Ipswich Town,5,2,1,1,7,3,1
1974,Liverpool,Stoke City,3,0,1,1,3,3,1
1974,Liverpool,Wolverhampton Wanderers,2,0,1,1,2,2,1
1974,Luton Town,Burnley,2,3,1,1,5,-1,0
1974,Luton Town,Newcastle United,1,0,1,1,1,1,1
1974,Luton Town,Wolverhampton Wanderers,3,2,1,1,5,1,1
1974,Manchester City,Stoke City,1,0,1,1,1,1,1
1974,Manchester City,Wolverhampton Wanderers,0,0,1,1,0,0,0
1974,Middlesbrough,Coventry City,4,4,1,1,8,0,0
1974,Middlesbrough,Ipswich Town,3,0,1,1,3,3,1
1974,Middlesbrough,Newcastle United,0,0,1,1,0,0,0
1974,Middlesbrough,Stoke City,2,0,1,1,2,2,1
1974,Newcastle United,Coventry City,3,2,1,1,5,1,1
1974,Newcastle United,Stoke City,2,2,1,1,4,0,0
1974,Queens Park Rangers,Burnley,0,1,1,1,1,-1,0
1974,Queens Park Rangers,Liverpool,0,1,1,1,1,-1,0
1974,Queens Park Rangers,Stoke City,0,1,1,1,1,-1,0
1974,Sheffield United,Burnley,2,2,1,1,4,0,0
1974,Sheffield United,Coventry City,1,0,1,1,1,1,1
1974,Sheffield United,Ipswich Town,3,1,1,1,4,2,1
1974,Sheffield United,Middlesbrough,1,0,1,1,1,1,1
1974,Sheffield United,Stoke City,2,0,1,1,2,2,1
1974,Sheffield United,Wolverhampton Wanderers,1,0,1,1,1,1,1
1974,Tottenham Hotspur,Burnley,2,3,1,1,5,-1,0
1974,Tottenham Hotspur,Coventry City,1,1,1,1,2,0,0
1974,Tottenham Hotspur,Sheffield United,1,3,1,1,4,-2,0
1974,Tottenham Hotspur,Wolverhampton Wanderers,3,0,1,1,3,3,1
1974,West Ham United,Coventry City,1,2,1,1,3,-1,0
1974,West Ham United,Ipswich Town,1,0,1,1,1,1,1
1974,West Ham United,Liverpool,0,0,1,1,0,0,0
1974,West Ham United,Sheffield United,1,2,1,1,3,-1,0
1974,Wolverhampton Wanderers,Coventry City,2,0,1,1,2,2,1
1974,Wolverhampton Wanderers,Liverpool,0,0,1,1,0,0,0
1974,Wolverhampton Wanderers,Sheffield United,1,1,1,1,2,0,0
1974,Aston Villa,Bristol City,2,0,2,2,2,2,1
1974,Aston Villa,Oxford United,0,0,2,2,0,0,0
1974,Aston Villa,Southampton,3,0,2,2,3,3,1
1974,Aston Villa,York City,4,0,2,2,4,4,1
1974,Blackpool,Bristol City,2,0,2,2,2,2,1
1974,Blackpool,Fulham,1,0,2,2,1,1,1
1974,Blackpool,Nottingham Forest,0,0,2,2,0,0,0
1974,Blackpool,Oxford United,0,0,2,2,0,0,0
1974,Blackpool,York City,1,1,2,2,2,0,0
1974,Bolton Wanderers,Fulham,0,0,2,2,0,0,0
1974,Bolton Wanderers,Nottingham Forest,2,0,2,2,2,2,1
1974,Bolton Wanderers,Southampton,3,2,2,2,5,1,1
1974,Bolton Wanderers,York City,1,1,2,2,2,0,0
1974,Bristol City,Bolton Wanderers,2,1,2,2,3,1,1
1974,Bristol City,Manchester United,1,0,2,2,1,1,1
1974,Bristol City,Southampton,2,0,2,2,2,2,1
1974,Bristol Rovers,Oxford United,1,0,2,2,1,1,1
1974,Bristol Rovers,Southampton,0,1,2,2,1,-1,0
1974,Bristol Rovers,York City,1,3,2,2,4,-2,0
1974,Cardiff City,Bolton Wanderers,1,2,2,2,3,-1,0
1974,Cardiff City,Fulham,0,0,2,2,0,0,0
1974,Fulham,Manchester United,1,2,2,2,3,-1,0
1974,Fulham,Nottingham Forest,0,1,2,2,1,-1,0
1974,Fulham,Oxford United,0,0,2,2,0,0,0
1974,Fulham,York City,0,2,2,2,2,-2,0
1974,Hull City,Bolton Wanderers,2,0,2,2,2,2,1
1974,Hull City,Cardiff City,1,1,2,2,2,0,0
1974,Hull City,Nottingham Forest,1,3,2,2,4,-2,0
1974,Hull City,Southampton,1,1,2,2,2,0,0
1974,Leyton Orient,Bolton Wanderers,0,0,2,2,0,0,0
1974,Leyton Orient,Cardiff City,1,1,2,2,2,0,0
1974,Leyton Orient,Oxford United,1,1,2,2,2,0,0
1974,Leyton Orient,York City,1,0,2,2,1,1,1
1974,Manchester United,Bolton Wanderers,3,0,2,2,3,3,1
1974,Manchester United,Nottingham Forest,2,2,2,2,4,0,0
1974,Millwall,Bolton Wanderers,1,1,2,2,2,0,0
1974,Millwall,Cardiff City,5,1,2,2,6,4,1
1974,Millwall,Nottingham Forest,3,0,2,2,3,3,1
1974,Millwall,Oxford United,0,0,2,2,0,0,0
1974,Millwall,Southampton,4,0,2,2,4,4,1
1974,Millwall,York City,1,3,2,2,4,-2,0
1974,Norwich City,Nottingham Forest,3,0,2,2,3,3,1
1974,Norwich City,Oxford United,1,0,2,2,1,1,1
1974,Norwich City,York City,2,3,2,2,5,-1,0
1974,Nottingham Forest,Cardiff City,0,0,2,2,0,0,0
1974,Nottingham Forest,Norwich City,1,3,2,2,4,-2,0
1974,Nottingham Forest,Southampton,0,0,2,2,0,0,0
1974,Notts County,Cardiff City,0,2,2,2,2,-2,0
1974,Notts County,Leyton Orient,1,1,2,2,2,0,0
1974,Notts County,Norwich City,1,1,2,2,2,0,0
1974,Notts County,York City,2,1,2,2,3,1,1
1974,Oldham Athletic,Bolton Wanderers,1,0,2,2,1,1,1
1974,Oldham Athletic,Cardiff City,4,0,2,2,4,4,1
1974,Oldham Athletic,Norwich City,2,2,2,2,4,0,0
1974,Oldham Athletic,Oxford United,1,1,2,2,2,0,0
1974,Oldham Athletic,Southampton,1,1,2,2,2,0,0
1974,Oldham Athletic,York City,2,3,2,2,5,-1,0
1974,Oxford United,Bolton Wanderers,2,1,2,2,3,1,1
1974,Oxford United,Leyton Orient,1,2,2,2,3,-1,0
1974,Oxford United,Norwich City,2,1,2,2,3,1,1
1974,Oxford United,York City,3,1,2,2,4,2,1
1974,Sheffield Wednesday,Bolton Wanderers,0,2,2,2,2,-2,0
1974,Sheffield Wednesday,Cardiff City,1,2,2,2,3,-1,0
1974,Sheffield Wednesday,Leyton Orient,0,1,2,2,1,-1,0
1974,Sheffield Wednesday,Southampton,0,1,2,2,1,-1,0
1974,Southampton,Bolton Wanderers,0,1,2,2,1,-1,0
1974,Southampton,Leyton Orient,4,2,2,2,6,2,1
1974,Southampton,Norwich City,1,1,2,2,2,0,0
1974,Southampton,Oldham Athletic,1,0,2,2,1,1,1
1974,Southampton,York City,2,1,2,2,3,1,1
1974,Sunderland,Bolton Wanderers,0,0,2,2,0,0,0
1974,Sunderland,Cardiff City,3,1,2,2,4,2,1
1974,Sunderland,Leyton Orient,3,0,2,2,3,3,1
1974,Sunderland,Norwich City,0,0,2,2,0,0,0
1974,Sunderland,Oldham Athletic,2,2,2,2,4,0,0
1974,Sunderland,Sheffield Wednesday,3,0,2,2,3,3,1
1974,Sunderland,York City,2,0,2,2,2,2,1
1974,West Bromwich Albion,Leyton Orient,1,0,2,2,1,1,1
1974,West Bromwich Albion,Norwich City,1,1,2,2,2,0,0
1974,West Bromwich Albion,Sheffield Wednesday,4,0,2,2,4,4,1
1974,West Bromwich Albion,York City,2,0,2,2,2,2,1
1974,York City,Leyton Orient,0,1,2,2,1,-1,0
1974,York City,Norwich City,1,0,2,2,1,1,1
1974,York City,Oldham Athletic,0,0,2,2,0,0,0
1974,AFC Bournemouth,Brighton & Hove Albion,2,0,3,3,2,2,1
1974,AFC Bournemouth,Chesterfield,0,0,3,3,0,0,0
1974,AFC Bournemouth,Gillingham,2,0,3,3,2,2,1
1974,Aldershot,Colchester United,0,1,3,3,1,-1,0
1974,Aldershot,Grimsby Town,0,0,3,3,0,0,0
1974,Aldershot,Port Vale,2,1,3,3,3,1,1
1974,Blackburn Rovers,Charlton Athletic,3,1,3,3,4,2,1
1974,Blackburn Rovers,Crystal Palace,1,1,3,3,2,0,0
1974,Blackburn Rovers,Halifax Town,1,0,3,3,1,1,1
1974,Blackburn Rovers,Peterborough United,0,1,3,3,1,-1,0
1974,Blackburn Rovers,Wrexham,0,0,3,3,0,0,0
1974,Brighton & Hove Albion,Blackburn Rovers,0,1,3,3,1,-1,0
1974,Brighton & Hove Albion,Hereford United,2,1,3,3,3,1,1
1974,Brighton & Hove Albion,Plymouth Argyle,2,2,3,3,4,0,0
1974,Brighton & Hove Albion,Walsall,1,0,3,3,1,1,1
1974,Bury,AFC Bournemouth,1,0,3,3,1,1,1
1974,Bury,Brighton & Hove Albion,2,1,3,3,3,1,1
1974,Bury,Huddersfield Town,3,0,3,3,3,3,1
1974,Bury,Port Vale,3,1,3,3,4,2,1
1974,Bury,Watford,1,0,3,3,1,1,1
1974,Charlton Athletic,Aldershot,3,1,3,3,4,2,1
1974,Charlton Athletic,Bury,0,1,3,3,1,-1,0
1974,Charlton Athletic,Preston North End,3,1,3,3,4,2,1
1974,Charlton Athletic,Tranmere Rovers,3,3,3,3,6,0,0
1974,Chesterfield,Blackburn Rovers,1,2,3,3,3,-1,0
1974,Chesterfield,Southend United,1,1,3,3,2,0,0
1974,Colchester United,AFC Bournemouth,1,0,3,3,1,1,1
1974,Colchester United,Brighton & Hove Albion,2,2,3,3,4,0,0
1974,Colchester United,Grimsby Town,5,0,3,3,5,5,1
1974,Colchester United,Port Vale,2,0,3,3,2,2,1
1974,Colchester United,Swindon Town,2,0,3,3,2,2,1
1974,Crystal Palace,Bury,2,2,3,3,4,0,0
1974,Crystal Palace,Halifax Town,1,1,3,3,2,0,0
1974,Crystal Palace,Peterborough United,1,1,3,3,2,0,0
1974,Crystal Palace,Preston North End,1,0,3,3,1,1,1
1974,Crystal Palace,Tranmere Rovers,2,1,3,3,3,1,1
1974,Crystal Palace,Wrexham,2,0,3,3,2,2,1
1974,Gillingham,Southend United,2,1,3,3,3,1,1
1974,Gillingham,Walsall,2,2,3,3,4,0,0
1974,Grimsby Town,AFC Bournemouth,0,0,3,3,0,0,0
1974,Grimsby Town,Gillingham,2,1,3,3,3,1,1
1974,Grimsby Town,Huddersfield Town,1,2,3,3,3,-1,0
1974,Grimsby Town,Swindon Town,2,0,3,3,2,2,1
1974,Halifax Town,Bury,0,1,3,3,1,-1,0
1974,Halifax Town,Colchester United,1,1,3,3,2,0,0
1974,Halifax Town,Grimsby Town,1,1,3,3,2,0,0
1974,Halifax Town,Wrexham,1,0,3,3,1,1,1
1974,Hereford United,Charlton Athletic,2,2,3,3,4,0,0
1974,Hereford United,Halifax Town,0,0,3,3,0,0,0
1974,Hereford United,Plymouth Argyle,1,5,3,3,6,-4,0
1974,Hereford United,Southend United,1,0,3,3,1,1,1
1974,Hereford United,Walsall,2,0,3,3,2,2,1
1974,Huddersfield Town,AFC Bournemouth,2,2,3,3,4,0,0
1974,Huddersfield Town,Chesterfield,2,0,3,3,2,2,1
1974,Huddersfield Town,Gillingham,0,2,3,3,2,-2,0
1974,Peterborough United,Aldershot,1,1,3,3,2,0,0
1974,Peterborough United,Colchester United,1,0,3,3,1,1,1
1974,Peterborough United,Grimsby Town,1,3,3,3,4,-2,0
1974,Peterborough United,Huddersfield Town,2,1,3,3,3,1,1
1974,Peterborough United,Preston North End,0,0,3,3,0,0,0
1974,Peterborough United,Wrexham,2,1,3,3,3,1,1
1974,Plymouth Argyle,Charlton Athletic,1,1,3,3,2,0,0
1974,Plymouth Argyle,Southend United,1,0,3,3,1,1,1
1974,Port Vale,Brighton & Hove Albion,1,0,3,3,1,1,1
1974,Port Vale,Gillingham,2,1,3,3,3,1,1
1974,Port Vale,Hereford United,3,0,3,3,3,3,1
1974,Port Vale,Plymouth Argyle,2,0,3,3,2,2,1
1974,Preston North End,Aldershot,3,1,3,3,4,2,1
1974,Preston North End,Bury,3,0,3,3,3,3,1
1974,Preston North End,Huddersfield Town,4,0,3,3,4,4,1
1974,Preston North End,Port Vale,1,0,3,3,1,1,1
1974,Preston North End,Tranmere Rovers,1,0,3,3,1,1,1
1974,Southend United,Charlton Athletic,2,1,3,3,3,1,1
1974,Southend United,Crystal Palace,0,1,3,3,1,-1,0
1974,Southend United,Halifax Town,4,0,3,3,4,4,1
1974,Southend United,Peterborough United,1,2,3,3,3,-1,0
1974,Southend United,Preston North End,1,1,3,3,2,0,0
1974,Swindon Town,Brighton & Hove Albion,1,0,3,3,1,1,1
1974,Swindon Town,Gillingham,1,0,3,3,1,1,1
1974,Swindon Town,Plymouth Argyle,2,0,3,3,2,2,1
1974,Swindon Town,Watford,2,2,3,3,4,0,0
1974,Tranmere Rovers,Bury,0,0,3,3,0,0,0
1974,Tranmere Rovers,Port Vale,1,0,3,3,1,1,1
1974,Walsall,Blackburn Rovers,1,3,3,3,4,-2,0
1974,Walsall,Charlton Athletic,0,1,3,3,1,-1,0
1974,Walsall,Peterborough United,0,1,3,3,1,-1,0
1974,Watford,AFC Bournemouth,1,0,3,3,1,1,1
1974,Watford,Brighton & Hove Albion,1,1,3,3,2,0,0
1974,Watford,Hereford United,1,1,3,3,2,0,0
1974,Watford,Walsall,2,3,3,3,5,-1,0
1974,Wrexham,Aldershot,4,0,3,3,4,4,1
1974,Wrexham,Colchester United,2,1,3,3,3,1,1
1974,Barnsley,Cambridge United,1,1,4,4,2,0,0
1974,Barnsley,Newport County,2,1,4,4,3,1,1
1974,Barnsley,Rochdale,5,3,4,4,8,2,1
1974,Barnsley,Swansea City,1,0,4,4,1,1,1
1974,Bradford City,Barnsley,2,0,4,4,2,2,1
1974,Bradford City,Doncaster Rovers,2,0,4,4,2,2,1
1974,Bradford City,Lincoln City,1,2,4,4,3,-1,0
1974,Bradford City,Northampton Town,2,1,4,4,3,1,1
1974,Bradford City,Torquay United,3,0,4,4,3,3,1
1974,Brentford,Bradford City,0,0,4,4,0,0,0
1974,Brentford,Crewe Alexandra,1,0,4,4,1,1,1
1974,Brentford,Exeter City,2,0,4,4,2,2,1
1974,Brentford,Mansfield Town,2,3,4,4,5,-1,0
1974,Brentford,Reading,1,0,4,4,1,1,1
1974,Brentford,Stockport County,3,0,4,4,3,3,1
1974,Brentford,Workington,2,2,4,4,4,0,0
1974,Cambridge United,Brentford,2,0,4,4,2,2,1
1974,Cambridge United,Darlington,1,0,4,4,1,1,1
1974,Cambridge United,Newport County,1,1,4,4,2,0,0
1974,Cambridge United,Rochdale,1,1,4,4,2,0,0
1974,Cambridge United,Swansea City,2,0,4,4,2,2,1
1974,Chester,Barnsley,2,1,4,4,3,1,1
1974,Chester,Cambridge United,1,1,4,4,2,0,0
1974,Chester,Lincoln City,4,1,4,4,5,3,1
1974,Chester,Northampton Town,4,1,4,4,5,3,1
1974,Chester,Torquay United,3,0,4,4,3,3,1
1974,Crewe Alexandra,Bradford City,0,0,4,4,0,0,0
1974,Crewe Alexandra,Exeter City,2,1,4,4,3,1,1
1974,Darlington,Brentford,2,1,4,4,3,1,1
1974,Darlington,Crewe Alexandra,1,0,4,4,1,1,1
1974,Darlington,Hartlepool United,1,2,4,4,3,-1,0
1974,Darlington,Newport County,3,0,4,4,3,3,1
1974,Darlington,Swansea City,3,2,4,4,5,1,1
1974,Doncaster Rovers,Darlington,1,3,4,4,4,-2,0
1974,Doncaster Rovers,Rotherham United,0,0,4,4,0,0,0
1974,Doncaster Rovers,Southport,1,1,4,4,2,0,0
1974,Exeter City,Reading,0,2,4,4,2,-2,0
1974,Exeter City,Workington,1,0,4,4,1,1,1
1974,Hartlepool United,Crewe Alexandra,1,1,4,4,2,0,0
1974,Hartlepool United,Exeter City,0,3,4,4,3,-3,0
1974,Hartlepool United,Newport County,2,0,4,4,2,2,1
1974,Hartlepool United,Rochdale,5,0,4,4,5,5,1
1974,Hartlepool United,Shrewsbury Town,1,1,4,4,2,0,0
1974,Lincoln City,Barnsley,3,0,4,4,3,3,1
1974,Lincoln City,Cambridge United,0,0,4,4,0,0,0
1974,Lincoln City,Hartlepool United,2,0,4,4,2,2,1
1974,Lincoln City,Northampton Town,2,2,4,4,4,0,0
1974,Lincoln City,Southport,1,1,4,4,2,0,0
1974,Lincoln City,Torquay United,3,1,4,4,4,2,1
1974,Mansfield Town,Bradford City,3,0,4,4,3,3,1
1974,Mansfield Town,Chester,0,0,4,4,0,0,0
1974,Mansfield Town,Lincoln City,3,1,4,4,4,2,1
1974,Mansfield Town,Scunthorpe United,7,0,4,4,7,7,1
1974,Newport County,Exeter City,1,2,4,4,3,-1,0
1974,Newport County,Mansfield Town,2,1,4,4,3,1,1
1974,Newport County,Rochdale,3,2,4,4,5,1,1
1974,Newport County,Swansea City,3,0,4,4,3,3,1
1974,Northampton Town,Barnsley,2,1,4,4,3,1,1
1974,Northampton Town,Newport County,3,2,4,4,5,1,1
1974,Northampton Town,Southport,1,1,4,4,2,0,0
1974,Reading,Doncaster Rovers,2,0,4,4,2,2,1
1974,Reading,Lincoln City,1,0,4,4,1,1,1
1974,Reading,Northampton Town,3,2,4,4,5,1,1
1974,Reading,Scunthorpe United,1,1,4,4,2,0,0
1974,Rochdale,Brentford,0,0,4,4,0,0,0
1974,Rochdale,Exeter City,1,1,4,4,2,0,0
1974,Rochdale,Reading,0,2,4,4,2,-2,0
1974,Rochdale,Shrewsbury Town,0,0,4,4,0,0,0
1974,Rotherham United,Rochdale,3,1,4,4,4,2,1
1974,Rotherham United,Torquay United,3,1,4,4,4,2,1
1974,Scunthorpe United,Bradford City,1,2,4,4,3,-1,0
1974,Scunthorpe United,Chester,1,3,4,4,4,-2,0
1974,Scunthorpe United,Doncaster Rovers,0,0,4,4,0,0,0
1974,Scunthorpe United,Northampton Town,2,1,4,4,3,1,1
1974,Scunthorpe United,Stockport County,0,0,4,4,0,0,0
1974,Scunthorpe United,Workington,2,1,4,4,3,1,1
1974,Shrewsbury Town,Mansfield Town,0,1,4,4,1,-1,0
1974,Shrewsbury Town,Scunthorpe United,5,0,4,4,5,5,1
1974,Southport,Barnsley,1,0,4,4,1,1,1
1974,Southport,Hartlepool United,0,0,4,4,0,0,0
1974,Southport,Newport County,1,3,4,4,4,-2,0
1974,Southport,Rochdale,1,0,4,4,1,1,1
1974,Southport,Torquay United,1,1,4,4,2,0,0
1974,Stockport County,Southport,0,0,4,4,0,0,0
1974,Stockport County,Workington,1,3,4,4,4,-2,0
1974,Swansea City,Crewe Alexandra,2,1,4,4,3,1,1
1974,Swansea City,Exeter City,0,2,4,4,2,-2,0
1974,Swansea City,Reading,1,2,4,4,3,-1,0
1974,Torquay United,Cambridge United,1,0,4,4,1,1,1
1974,Torquay United,Newport County,0,1,4,4,1,-1,0
1974,Torquay United,Rochdale,3,0,4,4,3,3,1
1974,Torquay United,Shrewsbury Town,1,1,4,4,2,0,0
1974,Workington,Bradford City,0,0,4,4,0,0,0
1974,Workington,Chester,0,0,4,4,0,0,0
1974,Workington,Lincoln City,0,2,4,4,2,-2,0
1974,Workington,Northampton Town,2,2,4,4,4,0,0
1975,Arsenal,Burnley,1,0,1,1,1,1,1
1975,Arsenal,Everton,2,2,1,1,4,0,0
1975,Arsenal,Manchester United,3,1,1,1,4,2,1
1975,Aston Villa,Burnley,1,1,1,1,2,0,0
1975,Aston Villa,Everton,3,1,1,1,4,2,1
1975,Birmingham City,Burnley,4,0,1,1,4,4,1
1975,Birmingham City,Manchester United,0,2,1,1,2,-2,0
1975,Birmingham City,Norwich City,1,1,1,1,2,0,0
1975,Birmingham City,Stoke City,1,1,1,1,2,0,0
1975,Birmingham City,Wolverhampton Wanderers,0,1,1,1,1,-1,0
1975,Burnley,Birmingham City,1,0,1,1,1,1,1
1975,Burnley,Everton,1,1,1,1,2,0,0
1975,Burnley,Wolverhampton Wanderers,1,5,1,1,6,-4,0
1975,Coventry City,Birmingham City,3,2,1,1,5,1,1
1975,Coventry City,Everton,1,2,1,1,3,-1,0
1975,Derby County,Birmingham City,4,2,1,1,6,2,1
1975,Derby County,Manchester United,2,1,1,1,3,1,1
1975,Derby County,Norwich City,3,1,1,1,4,2,1
1975,Derby County,Stoke City,1,1,1,1,2,0,0
1975,Derby County,Wolverhampton Wanderers,3,2,1,1,5,1,1
1975,Everton,Birmingham City,5,2,1,1,7,3,1
1975,Everton,Derby County,2,0,1,1,2,2,1
1975,Everton,Stoke City,2,1,1,1,3,1,1
1975,Ipswich Town,Birmingham City,4,2,1,1,6,2,1
1975,Ipswich Town,Derby County,2,6,1,1,8,-4,0
1975,Ipswich Town,Norwich City,2,0,1,1,2,2,1
1975,Ipswich Town,Wolverhampton Wanderers,3,0,1,1,3,3,1
1975,Leeds United,Birmingham City,3,0,1,1,3,3,1
1975,Leeds United,Derby County,1,1,1,1,2,0,0
1975,Leeds United,Manchester United,1,2,1,1,3,-1,0
1975,Leicester City,Stoke City,1,1,1,1,2,0,0
1975,Liverpool,Manchester United,3,1,1,1,4,2,1
1975,Manchester City,Birmingham City,2,0,1,1,2,2,1
1975,Manchester City,Derby County,4,3,1,1,7,1,1
1975,Manchester City,Leeds United,0,1,1,1,1,-1,0
1975,Manchester City,Stoke City,1,0,1,1,1,1,1
1975,Manchester City,Wolverhampton Wanderers,3,2,1,1,5,1,1
1975,Manchester United,Manchester City,2,0,1,1,2,2,1
1975,Manchester United,Stoke City,0,1,1,1,1,-1,0
1975,Middlesbrough,Birmingham City,2,0,1,1,2,2,1
1975,Middlesbrough,Leeds United,0,0,1,1,0,0,0
1975,Middlesbrough,Manchester City,1,0,1,1,1,1,1
1975,Middlesbrough,Norwich City,0,1,1,1,1,-1,0
1975,Middlesbrough,Stoke City,3,0,1,1,3,3,1
1975,Newcastle United,Birmingham City,4,0,1,1,4,4,1
1975,Newcastle United,Leeds United,2,3,1,1,5,-1,0
1975,Newcastle United,Manchester City,2,1,1,1,3,1,1
1975,Newcastle United,Stoke City,0,1,1,1,1,-1,0
1975,Norwich City,Derby County,0,0,1,1,0,0,0
1975,Norwich City,Leeds United,1,1,1,1,2,0,0
1975,Norwich City,Newcastle United,1,2,1,1,3,-1,0
1975,Norwich City,Wolverhampton Wanderers,1,1,1,1,2,0,0
1975,Queens Park Rangers,Birmingham City,2,1,1,1,3,1,1
1975,Queens Park Rangers,Leeds United,2,0,1,1,2,2,1
1975,Queens Park Rangers,Newcastle United,1,0,1,1,1,1,1
1975,Sheffield United,Leeds United,0,2,1,1,2,-2,0
1975,Sheffield United,Manchester City,2,2,1,1,4,0,0
1975,Stoke City,Leeds United,3,2,1,1,5,1,1
1975,Stoke City,Newcastle United,1,1,1,1,2,0,0
1975,Tottenham Hotspur,Birmingham City,1,3,1,1,4,-2,0
1975,Tottenham Hotspur,Derby County,2,3,1,1,5,-1,0
1975,Tottenham Hotspur,Wolverhampton Wanderers,2,1,1,1,3,1,1
1975,West Ham United,Leeds United,1,1,1,1,2,0,0
1975,West Ham United,Manchester City,1,0,1,1,1,1,1
1975,West Ham United,Sheffield United,2,0,1,1,2,2,1
1975,West Ham United,Wolverhampton Wanderers,0,0,1,1,0,0,0
1975,Wolverhampton Wanderers,Birmingham City,2,0,1,1,2,2,1
1975,Wolverhampton Wanderers,Derby County,0,0,1,1,0,0,0
1975,Wolverhampton Wanderers,Sheffield United,5,1,1,1,6,4,1
1975,Wolverhampton Wanderers,West Ham United,0,1,1,1,1,-1,0
1975,Blackburn Rovers,Nottingham Forest,1,4,2,2,5,-3,0
1975,Blackburn Rovers,Southampton,1,1,2,2,2,0,0
1975,Blackpool,Hull City,2,2,2,2,4,0,0
1975,Blackpool,Nottingham Forest,1,1,2,2,2,0,0
1975,Blackpool,Oxford United,2,0,2,2,2,2,1
1975,Blackpool,York City,0,0,2,2,0,0,0
1975,Bolton Wanderers,Bristol City,1,0,2,2,1,1,1
1975,Bolton Wanderers,Hull City,1,0,2,2,1,1,1
1975,Bolton Wanderers,York City,1,2,2,2,3,-1,0
1975,Bristol City,Bolton Wanderers,1,0,2,2,1,1,1
1975,Bristol City,Hull City,3,0,2,2,3,3,1
1975,Bristol City,Nottingham Forest,0,2,2,2,2,-2,0
1975,Bristol Rovers,Nottingham Forest,4,2,2,2,6,2,1
1975,Bristol Rovers,Oxford United,0,1,2,2,1,-1,0
1975,Bristol Rovers,York City,2,1,2,2,3,1,1
1975,Carlisle United,Oxford United,1,1,2,2,2,0,0
1975,Charlton Athletic,Bolton Wanderers,0,4,2,2,4,-4,0
1975,Charlton Athletic,Hull City,1,0,2,2,1,1,1
1975,Chelsea,Bolton Wanderers,0,1,2,2,1,-1,0
1975,Chelsea,Carlisle United,3,1,2,2,4,2,1
1975,Chelsea,Southampton,1,1,2,2,2,0,0
1975,Chelsea,York City,0,0,2,2,0,0,0
1975,Fulham,Bolton Wanderers,1,2,2,2,3,-1,0
1975,Fulham,Carlisle United,3,0,2,2,3,3,1
1975,Fulham,Hull City,1,1,2,2,2,0,0
1975,Fulham,Nottingham Forest,0,0,2,2,0,0,0
1975,Fulham,Oxford United,1,1,2,2,2,0,0
1975,Fulham,Southampton,1,0,2,2,1,1,1
1975,Fulham,York City,2,0,2,2,2,2,1
1975,Hull City,Fulham,1,2,2,2,3,-1,0
1975,Hull City,Oxford United,2,0,2,2,2,2,1
1975,Hull City,Southampton,0,0,2,2,0,0,0
1975,Leyton Orient,Bolton Wanderers,0,0,2,2,0,0,0
1975,Leyton Orient,Carlisle United,1,0,2,2,1,1,1
1975,Leyton Orient,Fulham,2,0,2,2,2,2,1
1975,Leyton Orient,Nottingham Forest,1,1,2,2,2,0,0
1975,Leyton Orient,Oxford United,2,1,2,2,3,1,1
1975,Leyton Orient,Southampton,2,1,2,2,3,1,1
1975,Leyton Orient,York City,1,0,2,2,1,1,1
1975,Luton Town,Bolton Wanderers,0,2,2,2,2,-2,0
1975,Luton Town,Oxford United,3,2,2,2,5,1,1
1975,Luton Town,Southampton,1,0,2,2,1,1,1
1975,Nottingham Forest,Bolton Wanderers,1,2,2,2,3,-1,0
1975,Nottingham Forest,Carlisle United,4,0,2,2,4,4,1
1975,Nottingham Forest,Luton Town,0,0,2,2,0,0,0
1975,Nottingham Forest,Oxford United,4,0,2,2,4,4,1
1975,Nottingham Forest,Southampton,3,1,2,2,4,2,1
1975,Nottingham Forest,York City,1,0,2,2,1,1,1
1975,Notts County,Luton Town,1,0,2,2,1,1,1
1975,Notts County,Oxford United,0,1,2,2,1,-1,0
1975,Oldham Athletic,Bolton Wanderers,2,1,2,2,3,1,1
1975,Oldham Athletic,Luton Town,1,1,2,2,2,0,0
1975,Oldham Athletic,Southampton,3,2,2,2,5,1,1
1975,Oldham Athletic,York City,2,0,2,2,2,2,1
1975,Oxford United,Fulham,1,3,2,2,4,-2,0
1975,Oxford United,Oldham Athletic,1,1,2,2,2,0,0
1975,Plymouth Argyle,Bolton Wanderers,2,3,2,2,5,-1,0
1975,Plymouth Argyle,Oldham Athletic,2,1,2,2,3,1,1
1975,Plymouth Argyle,Southampton,1,0,2,2,1,1,1
1975,Plymouth Argyle,York City,1,1,2,2,2,0,0
1975,Portsmouth,Bolton Wanderers,0,1,2,2,1,-1,0
1975,Southampton,Fulham,2,1,2,2,3,1,1
1975,Southampton,Luton Town,3,1,2,2,4,2,1
1975,Southampton,Portsmouth,4,0,2,2,4,4,1
1975,Sunderland,Bolton Wanderers,2,1,2,2,3,1,1
1975,Sunderland,Carlisle United,3,2,2,2,5,1,1
1975,Sunderland,Luton Town,2,0,2,2,2,2,1
1975,Sunderland,Oldham Athletic,2,0,2,2,2,2,1
1975,West Bromwich Albion,Bolton Wanderers,2,0,2,2,2,2,1
1975,West Bromwich Albion,Carlisle United,3,0,2,2,3,3,1
1975,West Bromwich Albion,Fulham,3,1,2,2,4,2,1
1975,West Bromwich Albion,Luton Town,1,0,2,2,1,1,1
1975,West Bromwich Albion,Oldham Athletic,1,1,2,2,2,0,0
1975,West Bromwich Albion,Portsmouth,3,1,2,2,4,2,1
1975,York City,Carlisle United,1,2,2,2,3,-1,0
1975,York City,Fulham,1,0,2,2,1,1,1
1975,York City,Oldham Athletic,1,0,2,2,1,1,1
1975,York City,Portsmouth,2,1,2,2,3,1,1
1975,York City,West Bromwich Albion,0,1,2,2,1,-1,0
1975,Aldershot,Grimsby Town,0,3,3,3,3,-3,0
1975,Aldershot,Port Vale,2,0,3,3,2,2,1
1975,Aldershot,Sheffield Wednesday,1,1,3,3,2,0,0
1975,Aldershot,Swindon Town,0,1,3,3,1,-1,0
1975,Brighton & Hove Albion,Aldershot,4,1,3,3,5,3,1
1975,Brighton & Hove Albion,Halifax Town,1,0,3,3,1,1,1
1975,Brighton & Hove Albion,Millwall,1,0,3,3,1,1,1
1975,Brighton & Hove Albion,Shrewsbury Town,2,2,3,3,4,0,0
1975,Bury,Brighton & Hove Albion,1,1,3,3,2,0,0
1975,Bury,Chesterfield,3,1,3,3,4,2,1
1975,Bury,Hereford United,2,3,3,3,5,-1,0
1975,Bury,Peterborough United,2,1,3,3,3,1,1
1975,Cardiff City,Bury,1,1,3,3,2,0,0
1975,Cardiff City,Grimsby Town,2,1,3,3,3,1,1
1975,Cardiff City,Port Vale,1,1,3,3,2,0,0
1975,Cardiff City,Sheffield Wednesday,2,0,3,3,2,2,1
1975,Cardiff City,Swindon Town,0,0,3,3,0,0,0
1975,Chester,Aldershot,1,0,3,3,1,1,1
1975,Chester,Crystal Palace,2,1,3,3,3,1,1
1975,Chester,Halifax Town,2,1,3,3,3,1,1
1975,Chester,Shrewsbury Town,1,0,3,3,1,1,1
1975,Chester,Walsall,1,1,3,3,2,0,0
1975,Chesterfield,Southend United,1,2,3,3,3,-1,0
1975,Colchester United,Chesterfield,2,3,3,3,5,-1,0
1975,Colchester United,Sheffield Wednesday,2,1,3,3,3,1,1
1975,Colchester United,Swindon Town,1,2,3,3,3,-1,0
1975,Crystal Palace,Aldershot,0,0,3,3,0,0,0
1975,Crystal Palace,Colchester United,3,2,3,3,5,1,1
1975,Crystal Palace,Halifax Town,1,1,3,3,2,0,0
1975,Crystal Palace,Millwall,0,0,3,3,0,0,0
1975,Crystal Palace,Shrewsbury Town,1,1,3,3,2,0,0
1975,Gillingham,Brighton & Hove Albion,1,0,3,3,1,1,1
1975,Gillingham,Chester,2,0,3,3,2,2,1
1975,Gillingham,Peterborough United,2,2,3,3,4,0,0
1975,Grimsby Town,Gillingham,2,1,3,3,3,1,1
1975,Grimsby Town,Port Vale,1,1,3,3,2,0,0
1975,Grimsby Town,Swindon Town,1,0,3,3,1,1,1
1975,Halifax Town,Aldershot,1,3,3,3,4,-2,0
1975,Halifax Town,Cardiff City,1,1,3,3,2,0,0
1975,Halifax Town,Colchester United,1,1,3,3,2,0,0
1975,Halifax Town,Grimsby Town,2,1,3,3,3,1,1
1975,Halifax Town,Preston North End,2,1,3,3,3,1,1
1975,Hereford United,Brighton & Hove Albion,1,1,3,3,2,0,0
1975,Hereford United,Chester,5,0,3,3,5,5,1
1975,Hereford United,Crystal Palace,1,1,3,3,2,0,0
1975,Hereford United,Halifax Town,1,2,3,3,3,-1,0
1975,Mansfield Town,Chesterfield,0,1,3,3,1,-1,0
1975,Mansfield Town,Port Vale,3,1,3,3,4,2,1
1975,Millwall,Aldershot,4,1,3,3,5,3,1
1975,Millwall,Cardiff City,1,3,3,3,4,-2,0
1975,Millwall,Colchester United,1,1,3,3,2,0,0
1975,Millwall,Mansfield Town,1,0,3,3,1,1,1
1975,Millwall,Shrewsbury Town,0,0,3,3,0,0,0
1975,Millwall,Walsall,2,1,3,3,3,1,1
1975,Peterborough United,Chester,3,0,3,3,3,3,1
1975,Peterborough United,Halifax Town,1,0,3,3,1,1,1
1975,Peterborough United,Rotherham United,1,3,3,3,4,-2,0
1975,Peterborough United,Southend United,3,2,3,3,5,1,1
1975,Port Vale,Bury,2,1,3,3,3,1,1
1975,Port Vale,Chesterfield,1,1,3,3,2,0,0
1975,Port Vale,Gillingham,1,1,3,3,2,0,0
1975,Port Vale,Peterborough United,2,0,3,3,2,2,1
1975,Port Vale,Swindon Town,3,0,3,3,3,3,1
1975,Preston North End,Aldershot,1,0,3,3,1,1,1
1975,Preston North End,Port Vale,3,0,3,3,3,3,1
1975,Rotherham United,Wrexham,2,1,3,3,3,1,1
1975,Sheffield Wednesday,Chesterfield,1,3,3,3,4,-2,0
1975,Sheffield Wednesday,Gillingham,1,0,3,3,1,1,1
1975,Sheffield Wednesday,Hereford United,1,2,3,3,3,-1,0
1975,Shrewsbury Town,Colchester United,1,0,3,3,1,1,1
1975,Shrewsbury Town,Grimsby Town,1,0,3,3,1,1,1
1975,Shrewsbury Town,Port Vale,1,0,3,3,1,1,1
1975,Southend United,Chester,2,0,3,3,2,2,1
1975,Southend United,Halifax Town,4,1,3,3,5,3,1
1975,Southend United,Preston North End,0,2,3,3,2,-2,0
1975,Swindon Town,Bury,2,1,3,3,3,1,1
1975,Swindon Town,Hereford United,0,1,3,3,1,-1,0
1975,Swindon Town,Southend United,0,0,3,3,0,0,0
1975,Walsall,Aldershot,4,1,3,3,5,3,1
1975,Walsall,Colchester United,1,1,3,3,2,0,0
1975,Walsall,Port Vale,3,1,3,3,4,2,1
1975,Wrexham,Crystal Palace,1,3,3,3,4,-2,0
1975,Wrexham,Halifax Town,1,1,3,3,2,0,0
1975,Wrexham,Walsall,0,3,3,3,3,-3,0
1975,AFC Bournemouth,Brentford,3,0,4,4,3,3,1
1975,AFC Bournemouth,Darlington,1,2,4,4,3,-1,0
1975,AFC Bournemouth,Newport County,2,0,4,4,2,2,1
1975,AFC Bournemouth,Rochdale,2,1,4,4,3,1,1
1975,Barnsley,AFC Bournemouth,2,0,4,4,2,2,1
1975,Barnsley,Doncaster Rovers,0,1,4,4,1,-1,0
1975,Barnsley,Northampton Town,3,1,4,4,4,2,1
1975,Barnsley,Swansea City,0,0,4,4,0,0,0
1975,Bradford City,Barnsley,2,1,4,4,3,1,1
1975,Bradford City,Crewe Alexandra,4,1,4,4,5,3,1
1975,Bradford City,Torquay United,3,1,4,4,4,2,1
1975,Bradford City,Workington,1,0,4,4,1,1,1
1975,Brentford,Bradford City,2,2,4,4,4,0,0
1975,Brentford,Stockport County,2,1,4,4,3,1,1
1975,Brentford,Tranmere Rovers,0,1,4,4,1,-1,0
1975,Cambridge United,AFC Bournemouth,0,1,4,4,1,-1,0
1975,Cambridge United,Doncaster Rovers,3,3,4,4,6,0,0
1975,Cambridge United,Huddersfield Town,0,0,4,4,0,0,0
1975,Cambridge United,Swansea City,3,1,4,4,4,2,1
1975,Crewe Alexandra,Exeter City,0,0,4,4,0,0,0
1975,Crewe Alexandra,Lincoln City,2,3,4,4,5,-1,0
1975,Crewe Alexandra,Southport,4,0,4,4,4,4,1
1975,Crewe Alexandra,Workington,0,0,4,4,0,0,0
1975,Darlington,Bradford City,2,2,4,4,4,0,0
1975,Darlington,Crewe Alexandra,0,0,4,4,0,0,0
1975,Darlington,Newport County,4,0,4,4,4,4,1
1975,Darlington,Rochdale,4,0,4,4,4,4,1
1975,Darlington,Tranmere Rovers,2,0,4,4,2,2,1
1975,Doncaster Rovers,Darlington,3,2,4,4,5,1,1
1975,Doncaster Rovers,Northampton Town,0,4,4,4,4,-4,0
1975,Doncaster Rovers,Scunthorpe United,0,1,4,4,1,-1,0
1975,Doncaster Rovers,Swansea City,2,1,4,4,3,1,1
1975,Exeter City,Barnsley,2,0,4,4,2,2,1
1975,Exeter City,Workington,1,0,4,4,1,1,1
1975,Hartlepool United,Exeter City,2,1,4,4,3,1,1
1975,Hartlepool United,Newport County,4,1,4,4,5,3,1
1975,Hartlepool United,Tranmere Rovers,1,2,4,4,3,-1,0
1975,Huddersfield Town,AFC Bournemouth,0,0,4,4,0,0,0
1975,Huddersfield Town,Brentford,2,1,4,4,3,1,1
1975,Huddersfield Town,Darlington,1,0,4,4,1,1,1
1975,Huddersfield Town,Swansea City,2,0,4,4,2,2,1
1975,Huddersfield Town,Watford,1,0,4,4,1,1,1
1975,Lincoln City,Barnsley,2,1,4,4,3,1,1
1975,Lincoln City,Cambridge United,3,0,4,4,3,3,1
1975,Lincoln City,Torquay United,4,2,4,4,6,2,1
1975,Newport County,Bradford City,3,1,4,4,4,2,1
1975,Newport County,Exeter City,3,3,4,4,6,0,0
1975,Newport County,Lincoln City,3,1,4,4,4,2,1
1975,Newport County,Tranmere Rovers,1,5,4,4,6,-4,0
1975,Northampton Town,AFC Bournemouth,6,0,4,4,6,6,1
1975,Northampton Town,Darlington,3,2,4,4,5,1,1
1975,Northampton Town,Newport County,3,0,4,4,3,3,1
1975,Northampton Town,Swansea City,0,0,4,4,0,0,0
1975,Northampton Town,Watford,3,0,4,4,3,3,1
1975,Reading,Huddersfield Town,2,0,4,4,2,2,1
1975,Reading,Northampton Town,1,0,4,4,1,1,1
1975,Reading,Torquay United,0,0,4,4,0,0,0
1975,Reading,Workington,1,0,4,4,1,1,1
1975,Rochdale,Bradford City,0,0,4,4,0,0,0
1975,Rochdale,Exeter City,0,1,4,4,1,-1,0
1975,Rochdale,Lincoln City,0,0,4,4,0,0,0
1975,Rochdale,Tranmere Rovers,4,1,4,4,5,3,1
1975,Scunthorpe United,Brentford,2,1,4,4,3,1,1
1975,Scunthorpe United,Darlington,2,1,4,4,3,1,1
1975,Scunthorpe United,Newport County,1,2,4,4,3,-1,0
1975,Scunthorpe United,Swansea City,1,1,4,4,2,0,0
1975,Scunthorpe United,Watford,0,1,4,4,1,-1,0
1975,Southport,Barnsley,0,0,4,4,0,0,0
1975,Southport,Doncaster Rovers,1,1,4,4,2,0,0
1975,Southport,Scunthorpe United,1,1,4,4,2,0,0
1975,Southport,Torquay United,1,3,4,4,4,-2,0
1975,Southport,Workington,2,1,4,4,3,1,1
1975,Stockport County,Bradford City,2,1,4,4,3,1,1
1975,Stockport County,Lincoln City,0,3,4,4,3,-3,0
1975,Stockport County,Tranmere Rovers,0,2,4,4,2,-2,0
1975,Swansea City,Darlington,2,0,4,4,2,2,1
1975,Swansea City,Hartlepool United,3,1,4,4,4,2,1
1975,Swansea City,Rochdale,1,1,4,4,2,0,0
1975,Swansea City,Watford,4,2,4,4,6,2,1
1975,Torquay United,Cambridge United,0,0,4,4,0,0,0
1975,Torquay United,Huddersfield Town,1,3,4,4,4,-2,0
1975,Torquay United,Workington,1,0,4,4,1,1,1
1975,Tranmere Rovers,Torquay United,7,1,4,4,8,6,1
1975,Watford,Brentford,3,2,4,4,5,1,1
1975,Watford,Newport County,3,1,4,4,4,2,1
1975,Watford,Tranmere Rovers,2,2,4,4,4,0,0
1975,Workington,Swansea City,1,1,4,4,2,0,0
1975,Workington,Watford,1,3,4,4,4,-2,0
1976,Arsenal,Everton,3,1,1,1,4,2,1
1976,Arsenal,Leicester City,3,0,1,1,3,3,1
1976,Arsenal,Manchester United,3,1,1,1,4,2,1
1976,Arsenal,Sunderland,0,0,1,1,0,0,0
1976,Arsenal,West Ham United,2,3,1,1,5,-1,0
1976,Aston Villa,Bristol City,3,1,1,1,4,2,1
1976,Aston Villa,Everton,2,0,1,1,2,2,1
1976,Aston Villa,Norwich City,1,0,1,1,1,1,1
1976,Aston Villa,Sunderland,4,1,1,1,5,3,1
1976,Aston Villa,West Ham United,4,0,1,1,4,4,1
1976,Birmingham City,Bristol City,3,0,1,1,3,3,1
1976,Birmingham City,Leicester City,1,1,1,1,2,0,0
1976,Birmingham City,Manchester United,2,3,1,1,5,-1,0
1976,Birmingham City,Norwich City,3,2,1,1,5,1,1
1976,Birmingham City,West Ham United,0,0,1,1,0,0,0
1976,Bristol City,Birmingham City,0,1,1,1,1,-1,0
1976,Bristol City,Leicester City,0,1,1,1,1,-1,0
1976,Bristol City,Norwich City,3,1,1,1,4,2,1
1976,Bristol City,West Ham United,1,1,1,1,2,0,0
1976,Coventry City,Birmingham City,2,1,1,1,3,1,1
1976,Coventry City,Manchester United,0,2,1,1,2,-2,0
1976,Coventry City,Sunderland,1,2,1,1,3,-1,0
1976,Coventry City,West Ham United,1,1,1,1,2,0,0
1976,Derby County,Leicester City,1,0,1,1,1,1,1
1976,Derby County,Manchester United,0,0,1,1,0,0,0
1976,Derby County,Norwich City,2,2,1,1,4,0,0
1976,Derby County,Sunderland,1,0,1,1,1,1,1
1976,Everton,Derby County,2,0,1,1,2,2,1
1976,Everton,Leicester City,1,2,1,1,3,-1,0
1976,Everton,Norwich City,3,1,1,1,4,2,1
1976,Everton,Sunderland,2,0,1,1,2,2,1
1976,Ipswich Town,Manchester United,2,1,1,1,3,1,1
1976,Ipswich Town,West Ham United,4,1,1,1,5,3,1
1976,Leeds United,Birmingham City,1,0,1,1,1,1,1
1976,Leeds United,Leicester City,2,2,1,1,4,0,0
1976,Leeds United,Norwich City,3,2,1,1,5,1,1
1976,Leeds United,Sunderland,1,1,1,1,2,0,0
1976,Leeds United,West Ham United,1,1,1,1,2,0,0
1976,Leicester City,Birmingham City,2,6,1,1,8,-4,0
1976,Leicester City,Derby County,1,1,1,1,2,0,0
1976,Leicester City,Leeds United,0,1,1,1,1,-1,0
1976,Leicester City,Manchester United,1,1,1,1,2,0,0
1976,Leicester City,Norwich City,1,1,1,1,2,0,0
1976,Leicester City,West Ham United,2,0,1,1,2,2,1
1976,Liverpool,Birmingham City,4,1,1,1,5,3,1
1976,Liverpool,Derby County,3,1,1,1,4,2,1
1976,Liverpool,Leeds United,3,1,1,1,4,2,1
1976,Liverpool,Manchester United,1,0,1,1,1,1,1
1976,Liverpool,Norwich City,1,0,1,1,1,1,1
1976,Liverpool,Sunderland,2,0,1,1,2,2,1
1976,Liverpool,West Ham United,0,0,1,1,0,0,0
1976,Manchester City,Manchester United,1,3,1,1,4,-2,0
1976,Manchester United,Derby County,3,1,1,1,4,2,1
1976,Manchester United,Sunderland,3,3,1,1,6,0,0
1976,Manchester United,West Ham United,0,2,1,1,2,-2,0
1976,Middlesbrough,Leeds United,1,0,1,1,1,1,1
1976,Middlesbrough,Norwich City,1,0,1,1,1,1,1
1976,Middlesbrough,West Ham United,1,1,1,1,2,0,0
1976,Newcastle United,Birmingham City,3,2,1,1,5,1,1
1976,Newcastle United,Norwich City,5,1,1,1,6,4,1
1976,Newcastle United,Sunderland,2,0,1,1,2,2,1
1976,Norwich City,Leeds United,1,2,1,1,3,-1,0
1976,Norwich City,Newcastle United,3,2,1,1,5,1,1
1976,Norwich City,West Ham United,1,0,1,1,1,1,1
1976,Queens Park Rangers,Derby County,1,1,1,1,2,0,0
1976,Queens Park Rangers,Manchester City,0,0,1,1,0,0,0
1976,Queens Park Rangers,West Ham United,1,1,1,1,2,0,0
1976,Stoke City,Birmingham City,1,0,1,1,1,1,1
1976,Stoke City,Leeds United,2,1,1,1,3,1,1
1976,Stoke City,Newcastle United,0,0,1,1,0,0,0
1976,Sunderland,Birmingham City,1,0,1,1,1,1,1
1976,Sunderland,Derby County,1,1,1,1,2,0,0
1976,Sunderland,Manchester City,0,2,1,1,2,-2,0
1976,Sunderland,Stoke City,0,0,1,1,0,0,0
1976,Tottenham Hotspur,Birmingham City,1,0,1,1,1,1,1
1976,Tottenham Hotspur,Leeds United,1,0,1,1,1,1,1
1976,Tottenham Hotspur,Newcastle United,0,2,1,1,2,-2,0
1976,Tottenham Hotspur,Stoke City,2,0,1,1,2,2,1
1976,Tottenham Hotspur,West Ham United,2,1,1,1,3,1,1
1976,West Bromwich Albion,Birmingham City,2,1,1,1,3,1,1
1976,West Bromwich Albion,Derby County,1,0,1,1,1,1,1
1976,West Bromwich Albion,Newcastle United,1,1,1,1,2,0,0
1976,West Bromwich Albion,West Ham United,3,0,1,1,3,3,1
1976,West Ham United,Derby County,2,2,1,1,4,0,0
1976,West Ham United,Leeds United,1,3,1,1,4,-2,0
1976,West Ham United,Stoke City,1,0,1,1,1,1,1
1976,Blackburn Rovers,Leyton Orient,2,2,2,2,4,0,0
1976,Blackpool,Carlisle United,0,0,2,2,0,0,0
1976,Blackpool,Fulham,3,2,2,2,5,1,1
1976,Blackpool,Leyton Orient,3,0,2,2,3,3,1
1976,Blackpool,Plymouth Argyle,0,2,2,2,2,-2,0
1976,Bolton Wanderers,Leyton Orient,2,0,2,2,2,2,1
1976,Bolton Wanderers,Wolverhampton Wanderers,0,1,2,2,1,-1,0
1976,Bristol Rovers,Bolton Wanderers,2,2,2,2,4,0,0
1976,Bristol Rovers,Carlisle United,2,1,2,2,3,1,1
1976,Bristol Rovers,Fulham,2,1,2,2,3,1,1
1976,Bristol Rovers,Nottingham Forest,1,1,2,2,2,0,0
1976,Burnley,Carlisle United,2,0,2,2,2,2,1
1976,Burnley,Fulham,3,1,2,2,4,2,1
1976,Burnley,Leyton Orient,3,3,2,2,6,0,0
1976,Burnley,Nottingham Forest,0,1,2,2,1,-1,0
1976,Burnley,Plymouth Argyle,0,2,2,2,2,-2,0
1976,Cardiff City,Bolton Wanderers,3,2,2,2,5,1,1
1976,Cardiff City,Carlisle United,1,1,2,2,2,0,0
1976,Cardiff City,Fulham,3,0,2,2,3,3,1
1976,Cardiff City,Nottingham Forest,0,3,2,2,3,-3,0
1976,Carlisle United,Bolton Wanderers,0,1,2,2,1,-1,0
1976,Carlisle United,Cardiff City,4,3,2,2,7,1,1
1976,Carlisle United,Nottingham Forest,1,1,2,2,2,0,0
1976,Charlton Athletic,Leyton Orient,2,0,2,2,2,2,1
1976,Charlton Athletic,Nottingham Forest,2,1,2,2,3,1,1
1976,Charlton Athletic,Plymouth Argyle,3,1,2,2,4,2,1
1976,Chelsea,Fulham,2,0,2,2,2,2,1
1976,Chelsea,Leyton Orient,1,1,2,2,2,0,0
1976,Chelsea,Nottingham Forest,2,1,2,2,3,1,1
1976,Fulham,Chelsea,3,1,2,2,4,2,1
1976,Fulham,Nottingham Forest,2,2,2,2,4,0,0
1976,Fulham,Wolverhampton Wanderers,0,0,2,2,0,0,0
1976,Hereford United,Bolton Wanderers,3,3,2,2,6,0,0
1976,Hereford United,Plymouth Argyle,1,1,2,2,2,0,0
1976,Hull City,Cardiff City,1,2,2,2,3,-1,0
1976,Hull City,Chelsea,1,1,2,2,2,0,0
1976,Hull City,Leyton Orient,1,1,2,2,2,0,0
1976,Leyton Orient,Bolton Wanderers,2,2,2,2,4,0,0
1976,Leyton Orient,Cardiff City,3,0,2,2,3,3,1
1976,Leyton Orient,Chelsea,0,1,2,2,1,-1,0
1976,Leyton Orient,Hull City,1,1,2,2,2,0,0
1976,Leyton Orient,Plymouth Argyle,2,2,2,2,4,0,0
1976,Leyton Orient,Wolverhampton Wanderers,2,4,2,2,6,-2,0
1976,Luton Town,Bolton Wanderers,1,1,2,2,2,0,0
1976,Luton Town,Chelsea,4,0,2,2,4,4,1
1976,Luton Town,Hull City,2,1,2,2,3,1,1
1976,Luton Town,Wolverhampton Wanderers,2,0,2,2,2,2,1
1976,Millwall,Bolton Wanderers,3,0,2,2,3,3,1
1976,Millwall,Cardiff City,0,2,2,2,2,-2,0
1976,Nottingham Forest,Bolton Wanderers,3,1,2,2,4,2,1
1976,Nottingham Forest,Cardiff City,0,1,2,2,1,-1,0
1976,Nottingham Forest,Chelsea,1,1,2,2,2,0,0
1976,Nottingham Forest,Hull City,2,0,2,2,2,2,1
1976,Nottingham Forest,Plymouth Argyle,1,1,2,2,2,0,0
1976,Notts County,Cardiff City,1,0,2,2,1,1,1
1976,Notts County,Chelsea,2,1,2,2,3,1,1
1976,Notts County,Millwall,1,2,2,2,3,-1,0
1976,Notts County,Wolverhampton Wanderers,1,1,2,2,2,0,0
1976,Oldham Athletic,Chelsea,0,0,2,2,0,0,0
1976,Oldham Athletic,Millwall,2,1,2,2,3,1,1
1976,Plymouth Argyle,Chelsea,2,3,2,2,5,-1,0
1976,Sheffield United,Chelsea,1,0,2,2,1,1,1
1976,Sheffield United,Hull City,1,1,2,2,2,0,0
1976,Sheffield United,Millwall,1,1,2,2,2,0,0
1976,Sheffield United,Wolverhampton Wanderers,2,2,2,2,4,0,0
1976,Southampton,Bolton Wanderers,1,3,2,2,4,-2,0
1976,Southampton,Chelsea,1,1,2,2,2,0,0
1976,Southampton,Hull City,2,2,2,2,4,0,0
1976,Southampton,Millwall,0,2,2,2,2,-2,0
1976,Southampton,Wolverhampton Wanderers,1,0,2,2,1,1,1
1976,Wolverhampton Wanderers,Cardiff City,4,1,2,2,5,3,1
1976,Wolverhampton Wanderers,Chelsea,1,1,2,2,2,0,0
1976,Wolverhampton Wanderers,Hull City,2,1,2,2,3,1,1
1976,Wolverhampton Wanderers,Millwall,3,1,2,2,4,2,1
1976,Wolverhampton Wanderers,Oldham Athletic,5,0,2,2,5,5,1
1976,Wolverhampton Wanderers,Southampton,2,6,2,2,8,-4,0
1976,Brighton & Hove Albion,Chesterfield,2,1,3,3,3,1,1
1976,Brighton & Hove Albion,Grimsby Town,3,0,3,3,3,3,1
1976,Brighton & Hove Albion,Port Vale,1,0,3,3,1,1,1
1976,Brighton & Hove Albion,Shrewsbury Town,4,0,3,3,4,4,1
1976,Brighton & Hove Albion,Walsall,7,0,3,3,7,7,1
1976,Bury,Oxford United,2,1,3,3,3,1,1
1976,Bury,Portsmouth,1,0,3,3,1,1,1
1976,Bury,Rotherham United,1,1,3,3,2,0,0
1976,Bury,Swindon Town,0,1,3,3,1,-1,0
1976,Chester,Gillingham,1,0,3,3,1,1,1
1976,Chester,Peterborough United,2,1,3,3,3,1,1
1976,Chesterfield,Chester,1,0,3,3,1,1,1
1976,Chesterfield,Grimsby Town,0,1,3,3,1,-1,0
1976,Chesterfield,Northampton Town,0,0,3,3,0,0,0
1976,Chesterfield,Reading,4,0,3,3,4,4,1
1976,Chesterfield,Shrewsbury Town,1,1,3,3,2,0,0
1976,Crystal Palace,Brighton & Hove Albion,3,1,3,3,4,2,1
1976,Crystal Palace,Lincoln City,4,1,3,3,5,3,1
1976,Crystal Palace,Portsmouth,2,1,3,3,3,1,1
1976,Crystal Palace,Swindon Town,5,0,3,3,5,5,1
1976,Gillingham,Bury,1,0,3,3,1,1,1
1976,Gillingham,Crystal Palace,0,3,3,3,3,-3,0
1976,Gillingham,Peterborough United,1,1,3,3,2,0,0
1976,Gillingham,York City,2,0,3,3,2,2,1
1976,Grimsby Town,Gillingham,1,1,3,3,2,0,0
1976,Grimsby Town,Northampton Town,0,1,3,3,1,-1,0
1976,Grimsby Town,Reading,2,1,3,3,3,1,1
1976,Lincoln City,Wrexham,1,1,3,3,2,0,0
1976,Mansfield Town,Bury,5,0,3,3,5,5,1
1976,Mansfield Town,Crystal Palace,1,0,3,3,1,1,1
1976,Mansfield Town,Lincoln City,3,1,3,3,4,2,1
1976,Mansfield Town,Sheffield Wednesday,1,0,3,3,1,1,1
1976,Mansfield Town,Tranmere Rovers,1,1,3,3,2,0,0
1976,Mansfield Town,York City,4,1,3,3,5,3,1
1976,Northampton Town,Chester,0,0,3,3,0,0,0
1976,Northampton Town,Port Vale,3,0,3,3,3,3,1
1976,Northampton Town,Reading,1,2,3,3,3,-1,0
1976,Northampton Town,Shrewsbury Town,5,3,3,3,8,2,1
1976,Northampton Town,Walsall,0,1,3,3,1,-1,0
1976,Oxford United,Grimsby Town,5,2,3,3,7,3,1
1976,Oxford United,Northampton Town,1,0,3,3,1,1,1
1976,Oxford United,Swindon Town,0,0,3,3,0,0,0
1976,Oxford United,Wrexham,2,2,3,3,4,0,0
1976,Peterborough United,Crystal Palace,0,0,3,3,0,0,0
1976,Peterborough United,Oxford United,2,0,3,3,2,2,1
1976,Peterborough United,Preston North End,0,0,3,3,0,0,0
1976,Peterborough United,Sheffield Wednesday,1,2,3,3,3,-1,0
1976,Peterborough United,Tranmere Rovers,0,0,3,3,0,0,0
1976,Port Vale,Chester,1,0,3,3,1,1,1
1976,Port Vale,Gillingham,1,2,3,3,3,-1,0
1976,Port Vale,Shrewsbury Town,1,2,3,3,3,-1,0
1976,Portsmouth,Brighton & Hove Albion,1,0,3,3,1,1,1
1976,Portsmouth,Chesterfield,0,1,3,3,1,-1,0
1976,Portsmouth,Grimsby Town,1,2,3,3,3,-1,0
1976,Portsmouth,Port Vale,1,1,3,3,2,0,0
1976,Portsmouth,Rotherham United,5,1,3,3,6,4,1
1976,Preston North End,Crystal Palace,2,1,3,3,3,1,1
1976,Preston North End,Lincoln City,3,0,3,3,3,3,1
1976,Preston North End,Portsmouth,0,0,3,3,0,0,0
1976,Preston North End,Tranmere Rovers,1,0,3,3,1,1,1
1976,Reading,Gillingham,1,2,3,3,3,-1,0
1976,Reading,Mansfield Town,1,0,3,3,1,1,1
1976,Reading,Peterborough United,1,0,3,3,1,1,1
1976,Reading,Preston North End,0,2,3,3,2,-2,0
1976,Reading,Walsall,2,1,3,3,3,1,1
1976,Rotherham United,Chesterfield,1,0,3,3,1,1,1
1976,Rotherham United,Reading,1,2,3,3,3,-1,0
1976,Rotherham United,Wrexham,2,0,3,3,2,2,1
1976,Sheffield Wednesday,Portsmouth,1,1,3,3,2,0,0
1976,Sheffield Wednesday,Rotherham United,1,3,3,3,4,-2,0
1976,Sheffield Wednesday,Tranmere Rovers,3,1,3,3,4,2,1
1976,Shrewsbury Town,Chester,2,0,3,3,2,2,1
1976,Shrewsbury Town,Gillingham,4,2,3,3,6,2,1
1976,Shrewsbury Town,Mansfield Town,0,0,3,3,0,0,0
1976,Shrewsbury Town,Peterborough United,2,1,3,3,3,1,1
1976,Shrewsbury Town,Sheffield Wednesday,1,1,3,3,2,0,0
1976,Swindon Town,Brighton & Hove Albion,2,1,3,3,3,1,1
1976,Swindon Town,Chesterfield,3,0,3,3,3,3,1
1976,Swindon Town,Port Vale,1,0,3,3,1,1,1
1976,Swindon Town,Reading,2,2,3,3,4,0,0
1976,Swindon Town,Shrewsbury Town,1,0,3,3,1,1,1
1976,Swindon Town,Wrexham,3,2,3,3,5,1,1
1976,Tranmere Rovers,Bury,1,2,3,3,3,-1,0
1976,Tranmere Rovers,Crystal Palace,1,0,3,3,1,1,1
1976,Tranmere Rovers,Lincoln City,2,2,3,3,4,0,0
1976,Tranmere Rovers,Portsmouth,1,3,3,3,4,-2,0
1976,Tranmere Rovers,Rotherham United,0,1,3,3,1,-1,0
1976,Tranmere Rovers,Swindon Town,0,1,3,3,1,-1,0
1976,Tranmere Rovers,York City,4,4,3,3,8,0,0
1976,Walsall,Gillingham,1,2,3,3,3,-1,0
1976,Walsall,Mansfield Town,1,2,3,3,3,-1,0
1976,Walsall,Peterborough United,1,1,3,3,2,0,0
1976,Walsall,Preston North End,0,1,3,3,1,-1,0
1976,Wrexham,Brighton & Hove Albion,0,0,3,3,0,0,0
1976,York City,Crystal Palace,2,1,3,3,3,1,1
1976,York City,Lincoln City,2,2,3,3,4,0,0
1976,York City,Wrexham,0,0,3,3,0,0,0
1976,AFC Bournemouth,Colchester United,0,0,4,4,0,0,0
1976,AFC Bournemouth,Doncaster Rovers,3,1,4,4,4,2,1
1976,Aldershot,AFC Bournemouth,1,0,4,4,1,1,1
1976,Aldershot,Crewe Alexandra,1,1,4,4,2,0,0
1976,Aldershot,Scunthorpe United,1,1,4,4,2,0,0
1976,Aldershot,Stockport County,2,0,4,4,2,2,1
1976,Aldershot,Watford,2,1,4,4,3,1,1
1976,Barnsley,Aldershot,1,0,4,4,1,1,1
1976,Barnsley,Cambridge United,2,1,4,4,3,1,1
1976,Barnsley,Halifax Town,1,0,4,4,1,1,1
1976,Bradford City,Colchester United,1,0,4,4,1,1,1
1976,Bradford City,Doncaster Rovers,3,1,4,4,4,2,1
1976,Bradford City,Hartlepool United,2,2,4,4,4,0,0
1976,Bradford City,Southport,1,0,4,4,1,1,1
1976,Brentford,Crewe Alexandra,0,0,4,4,0,0,0
1976,Brentford,Huddersfield Town,1,3,4,4,4,-2,0
1976,Brentford,Scunthorpe United,4,2,4,4,6,2,1
1976,Cambridge United,Brentford,3,2,4,4,5,1,1
1976,Colchester United,Barnsley,1,0,4,4,1,1,1
1976,Colchester United,Doncaster Rovers,1,0,4,4,1,1,1
1976,Crewe Alexandra,Exeter City,2,0,4,4,2,2,1
1976,Crewe Alexandra,Scunthorpe United,2,1,4,4,3,1,1
1976,Crewe Alexandra,Stockport County,2,1,4,4,3,1,1
1976,Darlington,Brentford,2,2,4,4,4,0,0
1976,Darlington,Crewe Alexandra,4,0,4,4,4,4,1
1976,Darlington,Halifax Town,0,0,4,4,0,0,0
1976,Darlington,Workington,3,2,4,4,5,1,1
1976,Doncaster Rovers,Cambridge United,1,1,4,4,2,0,0
1976,Doncaster Rovers,Darlington,4,0,4,4,4,4,1
1976,Doncaster Rovers,Hartlepool United,2,1,4,4,3,1,1
1976,Doncaster Rovers,Southport,3,1,4,4,4,2,1
1976,Exeter City,AFC Bournemouth,1,1,4,4,2,0,0
1976,Exeter City,Bradford City,0,0,4,4,0,0,0
1976,Exeter City,Colchester United,1,0,4,4,1,1,1
1976,Exeter City,Stockport County,2,1,4,4,3,1,1
1976,Halifax Town,Brentford,0,0,4,4,0,0,0
1976,Halifax Town,Swansea City,1,0,4,4,1,1,1
1976,Halifax Town,Workington,6,1,4,4,7,5,1
1976,Hartlepool United,Barnsley,0,2,4,4,2,-2,0
1976,Hartlepool United,Darlington,1,1,4,4,2,0,0
1976,Hartlepool United,Halifax Town,1,0,4,4,1,1,1
1976,Hartlepool United,Rochdale,2,0,4,4,2,2,1
1976,Hartlepool United,Torquay United,4,0,4,4,4,4,1
1976,Huddersfield Town,AFC Bournemouth,0,0,4,4,0,0,0
1976,Huddersfield Town,Hartlepool United,4,1,4,4,5,3,1
1976,Huddersfield Town,Scunthorpe United,1,0,4,4,1,1,1
1976,Huddersfield Town,Watford,2,2,4,4,4,0,0
1976,Newport County,Aldershot,2,1,4,4,3,1,1
1976,Newport County,Brentford,3,1,4,4,4,2,1
1976,Newport County,Huddersfield Town,1,1,4,4,2,0,0
1976,Newport County,Southend United,3,0,4,4,3,3,1
1976,Newport County,Swansea City,0,2,4,4,2,-2,0
1976,Rochdale,Barnsley,2,3,4,4,5,-1,0
1976,Rochdale,Newport County,0,0,4,4,0,0,0
1976,Scunthorpe United,Bradford City,2,1,4,4,3,1,1
1976,Scunthorpe United,Colchester United,2,0,4,4,2,2,1
1976,Scunthorpe United,Doncaster Rovers,1,1,4,4,2,0,0
1976,Scunthorpe United,Rochdale,0,1,4,4,1,-1,0
1976,Southend United,Aldershot,5,0,4,4,5,5,1
1976,Southend United,Brentford,2,1,4,4,3,1,1
1976,Southend United,Crewe Alexandra,1,0,4,4,1,1,1
1976,Southend United,Exeter City,2,0,4,4,2,2,1
1976,Southend United,Scunthorpe United,1,1,4,4,2,0,0
1976,Southport,Newport County,0,1,4,4,1,-1,0
1976,Southport,Southend United,0,0,4,4,0,0,0
1976,Stockport County,AFC Bournemouth,1,0,4,4,1,1,1
1976,Stockport County,Colchester United,1,1,4,4,2,0,0
1976,Stockport County,Rochdale,0,1,4,4,1,-1,0
1976,Stockport County,Southport,2,2,4,4,4,0,0
1976,Swansea City,Crewe Alexandra,3,0,4,4,3,3,1
1976,Swansea City,Exeter City,0,0,4,4,0,0,0
1976,Swansea City,Huddersfield Town,2,1,4,4,3,1,1
1976,Torquay United,Barnsley,1,0,4,4,1,1,1
1976,Torquay United,Cambridge United,2,2,4,4,4,0,0
1976,Torquay United,Halifax Town,3,2,4,4,5,1,1
1976,Torquay United,Southend United,0,0,4,4,0,0,0
1976,Watford,AFC Bournemouth,1,1,4,4,2,0,0
1976,Watford,Rochdale,3,1,4,4,4,2,1
1976,Watford,Southport,2,0,4,4,2,2,1
1976,Workington,Aldershot,1,1,4,4,2,0,0
1976,Workington,Exeter City,1,3,4,4,4,-2,0
1976,Workington,Huddersfield Town,3,2,4,4,5,1,1
1976,Workington,Watford,0,1,4,4,1,-1,0
1977,Arsenal,Leeds United,1,1,1,1,2,0,0
1977,Arsenal,Manchester City,3,0,1,1,3,3,1
1977,Arsenal,Wolverhampton Wanderers,3,1,1,1,4,2,1
1977,Aston Villa,Leeds United,3,1,1,1,4,2,1
1977,Aston Villa,Newcastle United,2,0,1,1,2,2,1
1977,Aston Villa,Queens Park Rangers,1,1,1,1,2,0,0
1977,Birmingham City,Leeds United,2,3,1,1,5,-1,0
1977,Birmingham City,Manchester City,1,4,1,1,5,-3,0
1977,Birmingham City,Newcastle United,3,0,1,1,3,3,1
1977,Bristol City,Derby County,3,1,1,1,4,2,1
1977,Bristol City,Leeds United,3,2,1,1,5,1,1
1977,Bristol City,Newcastle United,3,1,1,1,4,2,1
1977,Chelsea,Birmingham City,2,0,1,1,2,2,1
1977,Chelsea,Leeds United,1,2,1,1,3,-1,0
1977,Chelsea,Manchester City,0,0,1,1,0,0,0
1977,Chelsea,Queens Park Rangers,3,1,1,1,4,2,1
1977,Coventry City,Birmingham City,4,0,1,1,4,4,1
1977,Coventry City,Derby County,3,1,1,1,4,2,1
1977,Coventry City,Leeds United,2,2,1,1,4,0,0
1977,Coventry City,Manchester City,4,2,1,1,6,2,1
1977,Coventry City,Newcastle United,0,0,1,1,0,0,0
1977,Coventry City,Queens Park Rangers,4,1,1,1,5,3,1
1977,Everton,Birmingham City,2,1,1,1,3,1,1
1977,Everton,Leeds United,2,0,1,1,2,2,1
1977,Everton,Manchester City,1,1,1,1,2,0,0
1977,Everton,Wolverhampton Wanderers,0,0,1,1,0,0,0
1977,Ipswich Town,Coventry City,1,1,1,1,2,0,0
1977,Ipswich Town,Leeds United,0,1,1,1,1,-1,0
1977,Ipswich Town,Newcastle United,2,1,1,1,3,1,1
1977,Ipswich Town,Queens Park Rangers,3,2,1,1,5,1,1
1977,Ipswich Town,Wolverhampton Wanderers,1,2,1,1,3,-1,0
1977,Leeds United,Birmingham City,1,0,1,1,1,1,1
1977,Leeds United,Manchester City,2,0,1,1,2,2,1
1977,Leeds United,Newcastle United,0,2,1,1,2,-2,0
1977,Leicester City,Coventry City,1,2,1,1,3,-1,0
1977,Liverpool,Birmingham City,2,3,1,1,5,-1,0
1977,Liverpool,Manchester City,4,0,1,1,4,4,1
1977,Liverpool,Wolverhampton Wanderers,1,0,1,1,1,1,1
1977,Manchester City,Ipswich Town,2,1,1,1,3,1,1
1977,Manchester City,Liverpool,3,1,1,1,4,2,1
1977,Manchester City,Newcastle United,4,0,1,1,4,4,1
1977,Manchester City,Queens Park Rangers,2,1,1,1,3,1,1
1977,Manchester City,Wolverhampton Wanderers,0,2,1,1,2,-2,0
1977,Manchester United,Birmingham City,1,2,1,1,3,-1,0
1977,Manchester United,Ipswich Town,0,0,1,1,0,0,0
1977,Manchester United,Liverpool,2,0,1,1,2,2,1
1977,Manchester United,Queens Park Rangers,3,1,1,1,4,2,1
1977,Manchester United,Wolverhampton Wanderers,3,1,1,1,4,2,1
1977,Middlesbrough,Birmingham City,1,2,1,1,3,-1,0
1977,Middlesbrough,Liverpool,1,1,1,1,2,0,0
1977,Middlesbrough,Newcastle United,2,0,1,1,2,2,1
1977,Middlesbrough,Queens Park Rangers,1,1,1,1,2,0,0
1977,Middlesbrough,Wolverhampton Wanderers,0,0,1,1,0,0,0
1977,Newcastle United,Birmingham City,1,1,1,1,2,0,0
1977,Newcastle United,Coventry City,1,2,1,1,3,-1,0
1977,Newcastle United,Ipswich Town,0,1,1,1,1,-1,0
1977,Newcastle United,Queens Park Rangers,0,3,1,1,3,-3,0
1977,Newcastle United,Wolverhampton Wanderers,4,0,1,1,4,4,1
1977,Norwich City,Coventry City,1,2,1,1,3,-1,0
1977,Norwich City,Liverpool,2,1,1,1,3,1,1
1977,Norwich City,Middlesbrough,1,1,1,1,2,0,0
1977,Nottingham Forest,Ipswich Town,4,0,1,1,4,4,1
1977,Nottingham Forest,Liverpool,1,1,1,1,2,0,0
1977,Nottingham Forest,Middlesbrough,4,0,1,1,4,4,1
1977,Nottingham Forest,Queens Park Rangers,1,0,1,1,1,1,1
1977,Nottingham Forest,Wolverhampton Wanderers,2,0,1,1,2,2,1
1977,Queens Park Rangers,Birmingham City,0,0,1,1,0,0,0
1977,Queens Park Rangers,Middlesbrough,1,0,1,1,1,1,1
1977,Queens Park Rangers,Nottingham Forest,0,2,1,1,2,-2,0
1977,West Bromwich Albion,Liverpool,0,1,1,1,1,-1,0
1977,West Bromwich Albion,Wolverhampton Wanderers,2,2,1,1,4,0,0
1977,West Ham United,Liverpool,0,2,1,1,2,-2,0
1977,West Ham United,Nottingham Forest,0,0,1,1,0,0,0
1977,West Ham United,Wolverhampton Wanderers,1,2,1,1,3,-1,0
1977,Wolverhampton Wanderers,Nottingham Forest,2,3,1,1,5,-1,0
1977,Wolverhampton Wanderers,West Ham United,2,2,1,1,4,0,0
1977,Blackburn Rovers,Brighton & Hove Albion,0,1,2,2,1,-1,0
1977,Blackburn Rovers,Cardiff City,3,0,2,2,3,3,1
1977,Blackburn Rovers,Tottenham Hotspur,0,0,2,2,0,0,0
1977,Blackpool,Brighton & Hove Albion,0,1,2,2,1,-1,0
1977,Blackpool,Luton Town,2,1,2,2,3,1,1
1977,Blackpool,Notts County,2,2,2,2,4,0,0
1977,Blackpool,Southampton,0,1,2,2,1,-1,0
1977,Bolton Wanderers,Brighton & Hove Albion,1,1,2,2,2,0,0
1977,Bolton Wanderers,Fulham,0,0,2,2,0,0,0
1977,Bolton Wanderers,Tottenham Hotspur,1,0,2,2,1,1,1
1977,Brighton & Hove Albion,Cardiff City,4,0,2,2,4,4,1
1977,Brighton & Hove Albion,Fulham,2,0,2,2,2,2,1
1977,Brighton & Hove Albion,Luton Town,3,2,2,2,5,1,1
1977,Brighton & Hove Albion,Southampton,1,1,2,2,2,0,0
1977,Brighton & Hove Albion,Tottenham Hotspur,3,1,2,2,4,2,1
1977,Bristol Rovers,Luton Town,1,2,2,2,3,-1,0
1977,Bristol Rovers,Notts County,2,2,2,2,4,0,0
1977,Bristol Rovers,Tottenham Hotspur,2,3,2,2,5,-1,0
1977,Burnley,Bolton Wanderers,0,1,2,2,1,-1,0
1977,Burnley,Fulham,2,0,2,2,2,2,1
1977,Burnley,Notts County,3,1,2,2,4,2,1
1977,Cardiff City,Bolton Wanderers,1,0,2,2,1,1,1
1977,Cardiff City,Burnley,2,1,2,2,3,1,1
1977,Cardiff City,Fulham,3,1,2,2,4,2,1
1977,Cardiff City,Luton Town,1,4,2,2,5,-3,0
1977,Cardiff City,Tottenham Hotspur,0,0,2,2,0,0,0
1977,Charlton Athletic,Fulham,0,1,2,2,1,-1,0
1977,Charlton Athletic,Notts County,0,0,2,2,0,0,0
1977,Crystal Palace,Bolton Wanderers,2,1,2,2,3,1,1
1977,Crystal Palace,Burnley,1,1,2,2,2,0,0
1977,Crystal Palace,Fulham,2,3,2,2,5,-1,0
1977,Crystal Palace,Notts County,2,0,2,2,2,2,1
1977,Crystal Palace,Tottenham Hotspur,1,2,2,2,3,-1,0
1977,Fulham,Bolton Wanderers,2,0,2,2,2,2,1
1977,Fulham,Crystal Palace,1,1,2,2,2,0,0
1977,Fulham,Luton Town,1,0,2,2,1,1,1
1977,Fulham,Notts County,5,1,2,2,6,4,1
1977,Fulham,Tottenham Hotspur,1,1,2,2,2,0,0
1977,Hull City,Luton Town,1,1,2,2,2,0,0
1977,Hull City,Notts County,1,1,2,2,2,0,0
1977,Hull City,Tottenham Hotspur,2,0,2,2,2,2,1
1977,Leyton Orient,Bolton Wanderers,1,1,2,2,2,0,0
1977,Leyton Orient,Luton Town,0,0,2,2,0,0,0
1977,Leyton Orient,Southampton,1,1,2,2,2,0,0
1977,Leyton Orient,Tottenham Hotspur,1,1,2,2,2,0,0
1977,Luton Town,Bolton Wanderers,2,1,2,2,3,1,1
1977,Luton Town,Burnley,1,2,2,2,3,-1,0
1977,Luton Town,Crystal Palace,1,0,2,2,1,1,1
1977,Luton Town,Leyton Orient,1,0,2,2,1,1,1
1977,Mansfield Town,Bolton Wanderers,0,1,2,2,1,-1,0
1977,Mansfield Town,Notts County,1,3,2,2,4,-2,0
1977,Mansfield Town,Southampton,1,2,2,2,3,-1,0
1977,Mansfield Town,Tottenham Hotspur,3,3,2,2,6,0,0
1977,Millwall,Crystal Palace,0,3,2,2,3,-3,0
1977,Millwall,Notts County,0,0,2,2,0,0,0
1977,Millwall,Tottenham Hotspur,1,3,2,2,4,-2,0
1977,Notts County,Burnley,3,0,2,2,3,3,1
1977,Notts County,Crystal Palace,2,0,2,2,2,2,1
1977,Notts County,Millwall,1,1,2,2,2,0,0
1977,Notts County,Southampton,2,3,2,2,5,-1,0
1977,Oldham Athletic,Bolton Wanderers,2,2,2,2,4,0,0
1977,Sheffield United,Bolton Wanderers,1,5,2,2,6,-4,0
1977,Sheffield United,Burnley,2,1,2,2,3,1,1
1977,Sheffield United,Crystal Palace,0,2,2,2,2,-2,0
1977,Sheffield United,Leyton Orient,2,0,2,2,2,2,1
1977,Sheffield United,Millwall,5,2,2,2,7,3,1
1977,Southampton,Bolton Wanderers,2,2,2,2,4,0,0
1977,Stoke City,Bolton Wanderers,0,0,2,2,0,0,0
1977,Stoke City,Leyton Orient,5,1,2,2,6,4,1
1977,Stoke City,Millwall,2,1,2,2,3,1,1
1977,Stoke City,Tottenham Hotspur,1,3,2,2,4,-2,0
1977,Sunderland,Bolton Wanderers,0,2,2,2,2,-2,0
1977,Sunderland,Burnley,3,0,2,2,3,3,1
1977,Sunderland,Crystal Palace,0,0,2,2,0,0,0
1977,Sunderland,Millwall,2,0,2,2,2,2,1
1977,Sunderland,Tottenham Hotspur,1,2,2,2,3,-1,0
1977,Tottenham Hotspur,Burnley,3,0,2,2,3,3,1
1977,Tottenham Hotspur,Leyton Orient,1,1,2,2,2,0,0
1977,Tottenham Hotspur,Sunderland,2,3,2,2,5,-1,0
1977,Bradford City,Colchester United,1,2,3,3,3,-1,0
1977,Bradford City,Hereford United,0,0,3,3,0,0,0
1977,Bradford City,Peterborough United,2,1,3,3,3,1,1
1977,Bradford City,Sheffield Wednesday,3,2,3,3,5,1,1
1977,Bradford City,Tranmere Rovers,2,0,3,3,2,2,1
1977,Bury,Exeter City,5,0,3,3,5,5,1
1977,Bury,Lincoln City,1,0,3,3,1,1,1
1977,Bury,Plymouth Argyle,1,1,3,3,2,0,0
1977,Bury,Preston North End,1,1,3,3,2,0,0
1977,Bury,Shrewsbury Town,0,3,3,3,3,-3,0
1977,Bury,Walsall,0,1,3,3,1,-1,0
1977,Cambridge United,Bury,3,0,3,3,3,3,1
1977,Cambridge United,Chesterfield,2,0,3,3,2,2,1
1977,Cambridge United,Port Vale,2,0,3,3,2,2,1
1977,Cambridge United,Rotherham United,1,1,3,3,2,0,0
1977,Cambridge United,Wrexham,1,0,3,3,1,1,1
1977,Carlisle United,Peterborough United,0,0,3,3,0,0,0
1977,Carlisle United,Portsmouth,3,1,3,3,4,2,1
1977,Chester,Bradford City,3,2,3,3,5,1,1
1977,Chester,Lincoln City,2,2,3,3,4,0,0
1977,Chester,Plymouth Argyle,1,1,3,3,2,0,0
1977,Chester,Preston North End,1,2,3,3,3,-1,0
1977,Chester,Shrewsbury Town,1,0,3,3,1,1,1
1977,Chesterfield,Gillingham,5,2,3,3,7,3,1
1977,Chesterfield,Oxford United,3,0,3,3,3,3,1
1977,Chesterfield,Port Vale,2,0,3,3,2,2,1
1977,Colchester United,Cambridge United,2,1,3,3,3,1,1
1977,Colchester United,Chesterfield,2,0,3,3,2,2,1
1977,Colchester United,Peterborough United,3,0,3,3,3,3,1
1977,Colchester United,Tranmere Rovers,0,0,3,3,0,0,0
1977,Exeter City,Colchester United,0,0,3,3,0,0,0
1977,Exeter City,Plymouth Argyle,0,0,3,3,0,0,0
1977,Exeter City,Walsall,1,1,3,3,2,0,0
1977,Gillingham,Chester,1,0,3,3,1,1,1
1977,Gillingham,Exeter City,1,0,3,3,1,1,1
1977,Gillingham,Oxford United,2,1,3,3,3,1,1
1977,Gillingham,Port Vale,1,1,3,3,2,0,0
1977,Gillingham,Rotherham United,2,1,3,3,3,1,1
1977,Gillingham,Swindon Town,2,2,3,3,4,0,0
1977,Hereford United,Peterborough United,0,0,3,3,0,0,0
1977,Hereford United,Portsmouth,0,2,3,3,2,-2,0
1977,Lincoln City,Bradford City,3,2,3,3,5,1,1
1977,Lincoln City,Colchester United,0,0,3,3,0,0,0
1977,Lincoln City,Preston North End,2,2,3,3,4,0,0
1977,Lincoln City,Walsall,2,2,3,3,4,0,0
1977,Oxford United,Bury,0,0,3,3,0,0,0
1977,Oxford United,Exeter City,0,0,3,3,0,0,0
1977,Oxford United,Lincoln City,1,0,3,3,1,1,1
1977,Oxford United,Port Vale,1,1,3,3,2,0,0
1977,Oxford United,Swindon Town,3,3,3,3,6,0,0
1977,Peterborough United,Cambridge United,2,0,3,3,2,2,1
1977,Peterborough United,Chesterfield,2,0,3,3,2,2,1
1977,Peterborough United,Tranmere Rovers,1,0,3,3,1,1,1
1977,Plymouth Argyle,Carlisle United,0,1,3,3,1,-1,0
1977,Plymouth Argyle,Colchester United,1,1,3,3,2,0,0
1977,Plymouth Argyle,Hereford United,2,0,3,3,2,2,1
1977,Plymouth Argyle,Shrewsbury Town,2,2,3,3,4,0,0
1977,Plymouth Argyle,Walsall,3,3,3,3,6,0,0
1977,Port Vale,Bury,1,2,3,3,3,-1,0
1977,Port Vale,Exeter City,4,0,3,3,4,4,1
1977,Port Vale,Lincoln City,2,1,3,3,3,1,1
1977,Port Vale,Swindon Town,1,0,3,3,1,1,1
1977,Port Vale,Wrexham,1,1,3,3,2,0,0
1977,Portsmouth,Chesterfield,3,0,3,3,3,3,1
1977,Portsmouth,Oxford United,0,2,3,3,2,-2,0
1977,Portsmouth,Sheffield Wednesday,2,2,3,3,4,0,0
1977,Portsmouth,Tranmere Rovers,2,5,3,3,7,-3,0
1977,Preston North End,Shrewsbury Town,2,2,3,3,4,0,0
1977,Preston North End,Walsall,1,0,3,3,1,1,1
1977,Rotherham United,Chester,1,1,3,3,2,0,0
1977,Rotherham United,Exeter City,1,0,3,3,1,1,1
1977,Rotherham United,Preston North End,2,1,3,3,3,1,1
1977,Rotherham United,Swindon Town,1,3,3,3,4,-2,0
1977,Rotherham United,Wrexham,2,2,3,3,4,0,0
1977,Sheffield Wednesday,Cambridge United,0,0,3,3,0,0,0
1977,Sheffield Wednesday,Gillingham,0,0,3,3,0,0,0
1977,Sheffield Wednesday,Oxford United,2,1,3,3,3,1,1
1977,Sheffield Wednesday,Rotherham United,1,0,3,3,1,1,1
1977,Shrewsbury Town,Bradford City,4,0,3,3,4,4,1
1977,Shrewsbury Town,Carlisle United,0,3,3,3,3,-3,0
1977,Shrewsbury Town,Walsall,0,0,3,3,0,0,0
1977,Swindon Town,Chester,1,1,3,3,2,0,0
1977,Swindon Town,Exeter City,4,0,3,3,4,4,1
1977,Swindon Town,Plymouth Argyle,3,1,3,3,4,2,1
1977,Swindon Town,Preston North End,0,2,3,3,2,-2,0
1977,Swindon Town,Shrewsbury Town,5,0,3,3,5,5,1
1977,Tranmere Rovers,Gillingham,1,1,3,3,2,0,0
1977,Tranmere Rovers,Oxford United,4,1,3,3,5,3,1
1977,Tranmere Rovers,Swindon Town,1,1,3,3,2,0,0
1977,Walsall,Bradford City,1,1,3,3,2,0,0
1977,Walsall,Colchester United,4,2,3,3,6,2,1
1977,Walsall,Hereford United,2,0,3,3,2,2,1
1977,Walsall,Peterborough United,1,0,3,3,1,1,1
1977,Walsall,Portsmouth,1,1,3,3,2,0,0
1977,Walsall,Sheffield Wednesday,1,1,3,3,2,0,0
1977,Walsall,Tranmere Rovers,0,0,3,3,0,0,0
1977,Wrexham,Bury,3,1,3,3,4,2,1
1977,Wrexham,Exeter City,2,1,3,3,3,1,1
1977,Wrexham,Lincoln City,1,0,3,3,1,1,1
1977,AFC Bournemouth,Doncaster Rovers,0,1,4,4,1,-1,0
1977,AFC Bournemouth,Hartlepool United,1,0,4,4,1,1,1
1977,AFC Bournemouth,Northampton Town,1,1,4,4,2,0,0
1977,AFC Bournemouth,Scunthorpe United,1,1,4,4,2,0,0
1977,Aldershot,AFC Bournemouth,2,0,4,4,2,2,1
1977,Aldershot,Grimsby Town,4,2,4,4,6,2,1
1977,Aldershot,Huddersfield Town,3,3,4,4,6,0,0
1977,Aldershot,Wimbledon,3,1,4,4,4,2,1
1977,Barnsley,Aldershot,2,0,4,4,2,2,1
1977,Barnsley,Darlington,2,1,4,4,3,1,1
1977,Barnsley,Halifax Town,3,2,4,4,5,1,1
1977,Barnsley,Newport County,1,0,4,4,1,1,1
1977,Barnsley,Southport,2,1,4,4,3,1,1
1977,Barnsley,Torquay United,2,0,4,4,2,2,1
1977,Barnsley,York City,2,1,4,4,3,1,1
1977,Brentford,Barnsley,2,0,4,4,2,2,1
1977,Brentford,Doncaster Rovers,2,2,4,4,4,0,0
1977,Brentford,Northampton Town,3,0,4,4,3,3,1
1977,Brentford,Stockport County,4,0,4,4,4,4,1
1977,Brentford,Watford,0,3,4,4,3,-3,0
1977,Crewe Alexandra,Grimsby Town,0,2,4,4,2,-2,0
1977,Crewe Alexandra,Southend United,0,1,4,4,1,-1,0
1977,Darlington,Aldershot,1,1,4,4,2,0,0
1977,Darlington,Crewe Alexandra,2,0,4,4,2,2,1
1977,Darlington,Halifax Town,2,1,4,4,3,1,1
1977,Darlington,Newport County,2,1,4,4,3,1,1
1977,Darlington,Torquay United,0,0,4,4,0,0,0
1977,Doncaster Rovers,Hartlepool United,2,0,4,4,2,2,1
1977,Doncaster Rovers,Northampton Town,4,2,4,4,6,2,1
1977,Doncaster Rovers,Watford,0,1,4,4,1,-1,0
1977,Grimsby Town,Doncaster Rovers,0,0,4,4,0,0,0
1977,Grimsby Town,Huddersfield Town,1,0,4,4,1,1,1
1977,Grimsby Town,Southend United,2,0,4,4,2,2,1
1977,Grimsby Town,Wimbledon,3,1,4,4,4,2,1
1977,Halifax Town,Aldershot,2,1,4,4,3,1,1
1977,Halifax Town,Crewe Alexandra,1,1,4,4,2,0,0
1977,Halifax Town,Newport County,3,1,4,4,4,2,1
1977,Hartlepool United,Barnsley,1,2,4,4,3,-1,0
1977,Hartlepool United,Halifax Town,1,1,4,4,2,0,0
1977,Hartlepool United,Watford,1,2,4,4,3,-1,0
1977,Huddersfield Town,Brentford,1,3,4,4,4,-2,0
1977,Huddersfield Town,Reading,0,2,4,4,2,-2,0
1977,Huddersfield Town,Southend United,2,0,4,4,2,2,1
1977,Huddersfield Town,Swansea City,0,0,4,4,0,0,0
1977,Huddersfield Town,Wimbledon,3,0,4,4,3,3,1
1977,Newport County,Huddersfield Town,2,0,4,4,2,2,1
1977,Newport County,Rochdale,3,0,4,4,3,3,1
1977,Newport County,Torquay United,0,0,4,4,0,0,0
1977,Northampton Town,Halifax Town,1,2,4,4,3,-1,0
1977,Northampton Town,Scunthorpe United,1,2,4,4,3,-1,0
1977,Northampton Town,Stockport County,2,1,4,4,3,1,1
1977,Reading,Brentford,0,0,4,4,0,0,0
1977,Reading,Hartlepool United,2,3,4,4,5,-1,0
1977,Reading,Northampton Town,0,0,4,4,0,0,0
1977,Reading,Swansea City,1,4,4,4,5,-3,0
1977,Rochdale,Aldershot,0,0,4,4,0,0,0
1977,Scunthorpe United,Barnsley,1,0,4,4,1,1,1
1977,Scunthorpe United,Darlington,3,0,4,4,3,3,1
1977,Scunthorpe United,Stockport County,3,0,4,4,3,3,1
1977,Scunthorpe United,Watford,0,1,4,4,1,-1,0
1977,Southend United,AFC Bournemouth,5,1,4,4,6,4,1
1977,Southend United,Brentford,2,1,4,4,3,1,1
1977,Southend United,Hartlepool United,1,1,4,4,2,0,0
1977,Southend United,Wimbledon,1,0,4,4,1,1,1
1977,Southport,Crewe Alexandra,1,2,4,4,3,-1,0
1977,Southport,Grimsby Town,2,2,4,4,4,0,0
1977,Southport,Huddersfield Town,1,1,4,4,2,0,0
1977,Southport,Southend United,0,0,4,4,0,0,0
1977,Stockport County,Darlington,1,0,4,4,1,1,1
1977,Stockport County,Halifax Town,1,3,4,4,4,-2,0
1977,Stockport County,Newport County,2,0,4,4,2,2,1
1977,Swansea City,Brentford,2,1,4,4,3,1,1
1977,Swansea City,Northampton Town,2,4,4,4,6,-2,0
1977,Swansea City,Scunthorpe United,3,1,4,4,4,2,1
1977,Torquay United,Crewe Alexandra,1,2,4,4,3,-1,0
1977,Torquay United,Huddersfield Town,2,1,4,4,3,1,1
1977,Torquay United,Southend United,0,1,4,4,1,-1,0
1977,Torquay United,York City,3,0,4,4,3,3,1
1977,Watford,Barnsley,0,0,4,4,0,0,0
1977,Watford,Newport County,2,0,4,4,2,2,1
1977,Watford,Rochdale,1,0,4,4,1,1,1
1977,Wimbledon,Brentford,1,1,4,4,2,0,0
1977,Wimbledon,Doncaster Rovers,3,3,4,4,6,0,0
1977,Wimbledon,Hartlepool United,3,0,4,4,3,3,1
1977,Wimbledon,Northampton Town,2,0,4,4,2,2,1
1977,Wimbledon,Scunthorpe United,0,0,4,4,0,0,0
1977,Wimbledon,Stockport County,2,0,4,4,2,2,1
1977,York City,Aldershot,1,2,4,4,3,-1,0
1977,York City,Grimsby Town,1,2,4,4,3,-1,0
1977,York City,Huddersfield Town,1,1,4,4,2,0,0
1977,York City,Reading,2,0,4,4,2,2,1
1978,Arsenal,Coventry City,1,1,1,1,2,0,0
1978,Arsenal,Manchester City,1,1,1,1,2,0,0
1978,Aston Villa,Bolton Wanderers,3,0,1,1,3,3,1
1978,Aston Villa,Coventry City,1,1,1,1,2,0,0
1978,Aston Villa,Manchester City,1,1,1,1,2,0,0
1978,Aston Villa,Southampton,1,1,1,1,2,0,0
1978,Birmingham City,Bolton Wanderers,3,0,1,1,3,3,1
1978,Birmingham City,Ipswich Town,1,1,1,1,2,0,0
1978,Birmingham City,Manchester City,1,2,1,1,3,-1,0
1978,Birmingham City,Norwich City,1,0,1,1,1,1,1
1978,Bolton Wanderers,Birmingham City,2,2,1,1,4,0,0
1978,Bolton Wanderers,Ipswich Town,2,3,1,1,5,-1,0
1978,Bolton Wanderers,Norwich City,3,2,1,1,5,1,1
1978,Bolton Wanderers,Wolverhampton Wanderers,3,1,1,1,4,2,1
1978,Bristol City,Ipswich Town,3,1,1,1,4,2,1
1978,Bristol City,Norwich City,1,1,1,1,2,0,0
1978,Bristol City,Southampton,3,1,1,1,4,2,1
1978,Bristol City,Wolverhampton Wanderers,0,1,1,1,1,-1,0
1978,Chelsea,Manchester City,1,4,1,1,5,-3,0
1978,Chelsea,Norwich City,3,3,1,1,6,0,0
1978,Chelsea,Southampton,1,2,1,1,3,-1,0
1978,Chelsea,Wolverhampton Wanderers,1,2,1,1,3,-1,0
1978,Coventry City,Birmingham City,2,1,1,1,3,1,1
1978,Coventry City,Ipswich Town,2,2,1,1,4,0,0
1978,Coventry City,Manchester City,0,3,1,1,3,-3,0
1978,Coventry City,Norwich City,4,1,1,1,5,3,1
1978,Coventry City,Wolverhampton Wanderers,3,0,1,1,3,3,1
1978,Derby County,Birmingham City,2,1,1,1,3,1,1
1978,Derby County,Chelsea,1,0,1,1,1,1,1
1978,Derby County,Manchester City,1,1,1,1,2,0,0
1978,Derby County,Southampton,2,1,1,1,3,1,1
1978,Everton,Birmingham City,1,0,1,1,1,1,1
1978,Everton,Manchester City,1,0,1,1,1,1,1
1978,Everton,Norwich City,2,2,1,1,4,0,0
1978,Everton,Wolverhampton Wanderers,2,0,1,1,2,2,1
1978,Ipswich Town,Norwich City,1,1,1,1,2,0,0
1978,Ipswich Town,Southampton,0,0,1,1,0,0,0
1978,Ipswich Town,Wolverhampton Wanderers,3,1,1,1,4,2,1
1978,Leeds United,Everton,1,0,1,1,1,1,1
1978,Leeds United,Norwich City,2,2,1,1,4,0,0
1978,Liverpool,Birmingham City,1,0,1,1,1,1,1
1978,Liverpool,Norwich City,6,0,1,1,6,6,1
1978,Manchester City,Everton,0,0,1,1,0,0,0
1978,Manchester City,Norwich City,2,2,1,1,4,0,0
1978,Manchester United,Chelsea,1,1,1,1,2,0,0
1978,Manchester United,Everton,1,1,1,1,2,0,0
1978,Manchester United,Liverpool,0,3,1,1,3,-3,0
1978,Middlesbrough,Birmingham City,2,1,1,1,3,1,1
1978,Middlesbrough,Everton,1,2,1,1,3,-1,0
1978,Middlesbrough,Norwich City,2,0,1,1,2,2,1
1978,Middlesbrough,Southampton,2,0,1,1,2,2,1
1978,Middlesbrough,Wolverhampton Wanderers,2,0,1,1,2,2,1
1978,Norwich City,Everton,0,1,1,1,1,-1,0
1978,Norwich City,Middlesbrough,1,0,1,1,1,1,1
1978,Norwich City,Southampton,3,1,1,1,4,2,1
1978,Norwich City,Wolverhampton Wanderers,0,0,1,1,0,0,0
1978,Nottingham Forest,Birmingham City,1,0,1,1,1,1,1
1978,Nottingham Forest,Chelsea,6,0,1,1,6,6,1
1978,Nottingham Forest,Everton,0,0,1,1,0,0,0
1978,Nottingham Forest,Middlesbrough,2,2,1,1,4,0,0
1978,Queens Park Rangers,Birmingham City,1,3,1,1,4,-2,0
1978,Queens Park Rangers,Chelsea,0,0,1,1,0,0,0
1978,Queens Park Rangers,Everton,1,1,1,1,2,0,0
1978,Southampton,Birmingham City,1,0,1,1,1,1,1
1978,Southampton,Chelsea,0,0,1,1,0,0,0
1978,Southampton,Wolverhampton Wanderers,3,2,1,1,5,1,1
1978,Tottenham Hotspur,Everton,1,1,1,1,2,0,0
1978,Tottenham Hotspur,Liverpool,0,0,1,1,0,0,0
1978,Tottenham Hotspur,Middlesbrough,1,2,1,1,3,-1,0
1978,Tottenham Hotspur,Queens Park Rangers,1,1,1,1,2,0,0
1978,Tottenham Hotspur,Wolverhampton Wanderers,1,0,1,1,1,1,1
1978,West Bromwich Albion,Birmingham City,1,0,1,1,1,1,1
1978,West Bromwich Albion,Chelsea,1,0,1,1,1,1,1
1978,West Bromwich Albion,Liverpool,1,1,1,1,2,0,0
1978,West Bromwich Albion,Middlesbrough,2,0,1,1,2,2,1
1978,West Bromwich Albion,Queens Park Rangers,2,1,1,1,3,1,1
1978,West Bromwich Albion,Wolverhampton Wanderers,1,1,1,1,2,0,0
1978,Wolverhampton Wanderers,Chelsea,0,1,1,1,1,-1,0
1978,Wolverhampton Wanderers,Liverpool,0,1,1,1,1,-1,0
1978,Wolverhampton Wanderers,Queens Park Rangers,1,0,1,1,1,1,1
1978,Wolverhampton Wanderers,West Bromwich Albion,0,3,1,1,3,-3,0
1978,Blackburn Rovers,Leicester City,1,1,2,2,2,0,0
1978,Blackburn Rovers,Millwall,1,1,2,2,2,0,0
1978,Blackburn Rovers,Oldham Athletic,0,2,2,2,2,-2,0
1978,Brighton & Hove Albion,Burnley,2,1,2,2,3,1,1
1978,Brighton & Hove Albion,Leicester City,3,1,2,2,4,2,1
1978,Brighton & Hove Albion,Millwall,3,0,2,2,3,3,1
1978,Brighton & Hove Albion,Stoke City,1,1,2,2,2,0,0
1978,Brighton & Hove Albion,Wrexham,2,1,2,2,3,1,1
1978,Bristol Rovers,Burnley,2,0,2,2,2,2,1
1978,Bristol Rovers,Charlton Athletic,5,5,2,2,10,0,0
1978,Bristol Rovers,Leicester City,1,1,2,2,2,0,0
1978,Bristol Rovers,Oldham Athletic,0,0,2,2,0,0,0
1978,Bristol Rovers,Wrexham,2,1,2,2,3,1,1
1978,Burnley,Bristol Rovers,2,0,2,2,2,2,1
1978,Burnley,Leicester City,2,2,2,2,4,0,0
1978,Burnley,Millwall,0,1,2,2,1,-1,0
1978,Burnley,Stoke City,0,3,2,2,3,-3,0
1978,Cambridge United,Charlton Athletic,1,1,2,2,2,0,0
1978,Cambridge United,Leicester City,1,1,2,2,2,0,0
1978,Cambridge United,Millwall,2,1,2,2,3,1,1
1978,Cambridge United,Oldham Athletic,3,3,2,2,6,0,0
1978,Cambridge United,Wrexham,1,0,2,2,1,1,1
1978,Cardiff City,Bristol Rovers,2,0,2,2,2,2,1
1978,Cardiff City,Millwall,2,1,2,2,3,1,1
1978,Cardiff City,Oldham Athletic,1,3,2,2,4,-2,0
1978,Cardiff City,Stoke City,1,3,2,2,4,-2,0
1978,Charlton Athletic,Bristol Rovers,3,0,2,2,3,3,1
1978,Charlton Athletic,Leicester City,1,0,2,2,1,1,1
1978,Charlton Athletic,Millwall,2,4,2,2,6,-2,0
1978,Charlton Athletic,Oldham Athletic,2,0,2,2,2,2,1
1978,Crystal Palace,Bristol Rovers,0,1,2,2,1,-1,0
1978,Crystal Palace,Leicester City,3,1,2,2,4,2,1
1978,Crystal Palace,Millwall,0,0,2,2,0,0,0
1978,Crystal Palace,Stoke City,1,1,2,2,2,0,0
1978,Crystal Palace,Wrexham,1,0,2,2,1,1,1
1978,Fulham,Bristol Rovers,3,0,2,2,3,3,1
1978,Fulham,Cardiff City,2,2,2,2,4,0,0
1978,Fulham,Leicester City,3,0,2,2,3,3,1
1978,Fulham,Millwall,1,0,2,2,1,1,1
1978,Fulham,Oldham Athletic,1,0,2,2,1,1,1
1978,Fulham,Stoke City,2,0,2,2,2,2,1
1978,Leicester City,Bristol Rovers,0,0,2,2,0,0,0
1978,Leicester City,Cardiff City,1,2,2,2,3,-1,0
1978,Leicester City,Fulham,1,0,2,2,1,1,1
1978,Leicester City,Wrexham,1,1,2,2,2,0,0
1978,Leyton Orient,Bristol Rovers,1,1,2,2,2,0,0
1978,Leyton Orient,Cardiff City,2,2,2,2,4,0,0
1978,Leyton Orient,Fulham,1,0,2,2,1,1,1
1978,Leyton Orient,Millwall,2,1,2,2,3,1,1
1978,Leyton Orient,Stoke City,0,1,2,2,1,-1,0
1978,Leyton Orient,Wrexham,0,1,2,2,1,-1,0
1978,Luton Town,Cardiff City,7,1,2,2,8,6,1
1978,Luton Town,Stoke City,0,0,2,2,0,0,0
1978,Luton Town,Wrexham,2,1,2,2,3,1,1
1978,Millwall,Bristol Rovers,0,3,2,2,3,-3,0
1978,Millwall,Cardiff City,2,0,2,2,2,2,1
1978,Millwall,Oldham Athletic,2,3,2,2,5,-1,0
1978,Millwall,Stoke City,3,0,2,2,3,3,1
1978,Newcastle United,Bristol Rovers,3,0,2,2,3,3,1
1978,Newcastle United,Cardiff City,3,0,2,2,3,3,1
1978,Newcastle United,Fulham,0,0,2,2,0,0,0
1978,Newcastle United,Oldham Athletic,1,1,2,2,2,0,0
1978,Newcastle United,Wrexham,2,0,2,2,2,2,1
1978,Notts County,Bristol Rovers,2,1,2,2,3,1,1
1978,Notts County,Cardiff City,1,0,2,2,1,1,1
1978,Notts County,Fulham,1,1,2,2,2,0,0
1978,Notts County,Luton Town,3,1,2,2,4,2,1
1978,Notts County,Oldham Athletic,0,0,2,2,0,0,0
1978,Notts County,Stoke City,0,1,2,2,1,-1,0
1978,Notts County,Wrexham,1,1,2,2,2,0,0
1978,Oldham Athletic,Luton Town,2,0,2,2,2,2,1
1978,Oldham Athletic,Stoke City,1,1,2,2,2,0,0
1978,Preston North End,Bristol Rovers,1,1,2,2,2,0,0
1978,Preston North End,Fulham,2,2,2,2,4,0,0
1978,Preston North End,Notts County,1,1,2,2,2,0,0
1978,Preston North End,Stoke City,0,1,2,2,1,-1,0
1978,Sheffield United,Cardiff City,2,1,2,2,3,1,1
1978,Sheffield United,Fulham,1,1,2,2,2,0,0
1978,Sheffield United,Notts County,5,1,2,2,6,4,1
1978,Sheffield United,Stoke City,0,0,2,2,0,0,0
1978,Sheffield United,Wrexham,1,1,2,2,2,0,0
1978,Stoke City,Fulham,2,0,2,2,2,2,1
1978,Stoke City,Notts County,2,0,2,2,2,2,1
1978,Stoke City,Sheffield United,2,1,2,2,3,1,1
1978,Stoke City,Wrexham,3,0,2,2,3,3,1
1978,Sunderland,Cardiff City,1,2,2,2,3,-1,0
1978,Sunderland,Fulham,1,1,2,2,2,0,0
1978,Sunderland,Sheffield United,6,2,2,2,8,4,1
1978,West Ham United,Cardiff City,1,1,2,2,2,0,0
1978,West Ham United,Luton Town,1,0,2,2,1,1,1
1978,West Ham United,Notts County,5,2,2,2,7,3,1
1978,West Ham United,Sheffield United,2,0,2,2,2,2,1
1978,Wrexham,West Ham United,4,3,2,2,7,1,1
1978,Blackpool,Colchester United,2,1,3,3,3,1,1
1978,Blackpool,Southend United,1,2,3,3,3,-1,0
1978,Blackpool,Tranmere Rovers,2,0,3,3,2,2,1
1978,Brentford,Exeter City,0,0,3,3,0,0,0
1978,Brentford,Lincoln City,2,1,3,3,3,1,1
1978,Brentford,Peterborough United,0,0,3,3,0,0,0
1978,Brentford,Sheffield Wednesday,2,1,3,3,3,1,1
1978,Brentford,Swansea City,1,0,3,3,1,1,1
1978,Bury,Brentford,2,3,3,3,5,-1,0
1978,Bury,Gillingham,2,2,3,3,4,0,0
1978,Bury,Plymouth Argyle,1,2,3,3,3,-1,0
1978,Carlisle United,Bury,1,2,3,3,3,-1,0
1978,Carlisle United,Hull City,2,2,3,3,4,0,0
1978,Carlisle United,Oxford United,0,1,3,3,1,-1,0
1978,Carlisle United,Rotherham United,1,1,3,3,2,0,0
1978,Carlisle United,Tranmere Rovers,2,0,3,3,2,2,1
1978,Chester,Blackpool,4,2,3,3,6,2,1
1978,Chester,Carlisle United,1,2,3,3,3,-1,0
1978,Chester,Exeter City,3,0,3,3,3,3,1
1978,Chester,Sheffield Wednesday,2,2,3,3,4,0,0
1978,Chesterfield,Brentford,0,0,3,3,0,0,0
1978,Chesterfield,Mansfield Town,1,0,3,3,1,1,1
1978,Chesterfield,Watford,0,2,3,3,2,-2,0
1978,Colchester United,Bury,0,0,3,3,0,0,0
1978,Colchester United,Hull City,2,1,3,3,3,1,1
1978,Colchester United,Rotherham United,0,0,3,3,0,0,0
1978,Exeter City,Blackpool,3,0,3,3,3,3,1
1978,Exeter City,Carlisle United,3,2,3,3,5,1,1
1978,Exeter City,Colchester United,2,1,3,3,3,1,1
1978,Exeter City,Lincoln City,3,2,3,3,5,1,1
1978,Exeter City,Sheffield Wednesday,2,2,3,3,4,0,0
1978,Exeter City,Swansea City,2,1,3,3,3,1,1
1978,Exeter City,Walsall,3,1,3,3,4,2,1
1978,Gillingham,Brentford,0,0,3,3,0,0,0
1978,Gillingham,Chester,1,0,3,3,1,1,1
1978,Gillingham,Mansfield Town,0,0,3,3,0,0,0
1978,Gillingham,Swindon Town,2,2,3,3,4,0,0
1978,Gillingham,Watford,2,3,3,3,5,-1,0
1978,Hull City,Oxford United,0,1,3,3,1,-1,0
1978,Hull City,Southend United,2,0,3,3,2,2,1
1978,Lincoln City,Colchester United,0,0,3,3,0,0,0
1978,Lincoln City,Hull City,4,2,3,3,6,2,1
1978,Lincoln City,Sheffield Wednesday,1,2,3,3,3,-1,0
1978,Lincoln City,Walsall,1,1,3,3,2,0,0
1978,Mansfield Town,Brentford,2,1,3,3,3,1,1
1978,Mansfield Town,Chester,2,0,3,3,2,2,1
1978,Mansfield Town,Lincoln City,2,0,3,3,2,2,1
1978,Mansfield Town,Plymouth Argyle,5,0,3,3,5,5,1
1978,Mansfield Town,Swindon Town,0,1,3,3,1,-1,0
1978,Mansfield Town,Watford,0,3,3,3,3,-3,0
1978,Oxford United,Chesterfield,1,1,3,3,2,0,0
1978,Oxford United,Gillingham,1,1,3,3,2,0,0
1978,Oxford United,Mansfield Town,3,2,3,3,5,1,1
1978,Oxford United,Rotherham United,1,0,3,3,1,1,1
1978,Oxford United,Southend United,0,0,3,3,0,0,0
1978,Oxford United,Tranmere Rovers,0,0,3,3,0,0,0
1978,Peterborough United,Blackpool,1,2,3,3,3,-1,0
1978,Peterborough United,Carlisle United,0,0,3,3,0,0,0
1978,Peterborough United,Colchester United,1,2,3,3,3,-1,0
1978,Peterborough United,Hull City,3,0,3,3,3,3,1
1978,Peterborough United,Oxford United,1,1,3,3,2,0,0
1978,Peterborough United,Walsall,0,3,3,3,3,-3,0
1978,Plymouth Argyle,Brentford,2,1,3,3,3,1,1
1978,Plymouth Argyle,Chester,2,2,3,3,4,0,0
1978,Plymouth Argyle,Exeter City,4,2,3,3,6,2,1
1978,Plymouth Argyle,Peterborough United,3,2,3,3,5,1,1
1978,Plymouth Argyle,Shrewsbury Town,1,1,3,3,2,0,0
1978,Rotherham United,Chesterfield,1,0,3,3,1,1,1
1978,Rotherham United,Gillingham,1,1,3,3,2,0,0
1978,Rotherham United,Mansfield Town,2,0,3,3,2,2,1
1978,Rotherham United,Tranmere Rovers,3,2,3,3,5,1,1
1978,Sheffield Wednesday,Carlisle United,0,0,3,3,0,0,0
1978,Sheffield Wednesday,Colchester United,0,0,3,3,0,0,0
1978,Sheffield Wednesday,Hull City,2,3,3,3,5,-1,0
1978,Sheffield Wednesday,Walsall,0,2,3,3,2,-2,0
1978,Shrewsbury Town,Chester,1,0,3,3,1,1,1
1978,Shrewsbury Town,Exeter City,4,1,3,3,5,3,1
1978,Southend United,Chesterfield,2,0,3,3,2,2,1
1978,Southend United,Gillingham,0,1,3,3,1,-1,0
1978,Southend United,Mansfield Town,1,1,3,3,2,0,0
1978,Southend United,Shrewsbury Town,0,1,3,3,1,-1,0
1978,Swansea City,Blackpool,1,0,3,3,1,1,1
1978,Swansea City,Colchester United,4,1,3,3,5,3,1
1978,Swansea City,Hull City,5,3,3,3,8,2,1
1978,Swansea City,Oxford United,1,1,3,3,2,0,0
1978,Swansea City,Walsall,2,2,3,3,4,0,0
1978,Swindon Town,Chester,2,0,3,3,2,2,1
1978,Swindon Town,Exeter City,1,1,3,3,2,0,0
1978,Swindon Town,Lincoln City,6,0,3,3,6,6,1
1978,Swindon Town,Watford,2,0,3,3,2,2,1
1978,Tranmere Rovers,Bury,0,0,3,3,0,0,0
1978,Tranmere Rovers,Chesterfield,1,1,3,3,2,0,0
1978,Tranmere Rovers,Shrewsbury Town,2,2,3,3,4,0,0
1978,Tranmere Rovers,Swindon Town,1,1,3,3,2,0,0
1978,Walsall,Blackpool,2,1,3,3,3,1,1
1978,Walsall,Hull City,1,2,3,3,3,-1,0
1978,Walsall,Rotherham United,0,1,3,3,1,-1,0
1978,Watford,Chester,1,0,3,3,1,1,1
1978,Watford,Lincoln City,2,0,3,3,2,2,1
1978,Watford,Peterborough United,1,2,3,3,3,-1,0
1978,Watford,Swansea City,0,2,3,3,2,-2,0
1978,Watford,Walsall,3,1,3,3,4,2,1
1978,AFC Bournemouth,Portsmouth,3,1,4,4,4,2,1
1978,AFC Bournemouth,Scunthorpe United,0,0,4,4,0,0,0
1978,AFC Bournemouth,Wigan Athletic,2,1,4,4,3,1,1
1978,Aldershot,Crewe Alexandra,3,0,4,4,3,3,1
1978,Aldershot,Hereford United,2,0,4,4,2,2,1
1978,Aldershot,Reading,2,2,4,4,4,0,0
1978,Aldershot,Wimbledon,1,1,4,4,2,0,0
1978,Barnsley,Aldershot,2,0,4,4,2,2,1
1978,Barnsley,Darlington,1,1,4,4,2,0,0
1978,Barnsley,Rochdale,0,3,4,4,3,-3,0
1978,Bradford City,Doncaster Rovers,1,0,4,4,1,1,1
1978,Crewe Alexandra,AFC Bournemouth,1,0,4,4,1,1,1
1978,Crewe Alexandra,Grimsby Town,0,3,4,4,3,-3,0
1978,Crewe Alexandra,Hereford United,0,0,4,4,0,0,0
1978,Crewe Alexandra,Reading,0,2,4,4,2,-2,0
1978,Crewe Alexandra,Wimbledon,1,2,4,4,3,-1,0
1978,Darlington,Aldershot,2,1,4,4,3,1,1
1978,Darlington,Huddersfield Town,1,0,4,4,1,1,1
1978,Darlington,Port Vale,4,0,4,4,4,4,1
1978,Darlington,Rochdale,0,2,4,4,2,-2,0
1978,Doncaster Rovers,Darlington,2,3,4,4,5,-1,0
1978,Doncaster Rovers,Portsmouth,2,3,4,4,5,-1,0
1978,Doncaster Rovers,Scunthorpe United,0,0,4,4,0,0,0
1978,Grimsby Town,AFC Bournemouth,1,0,4,4,1,1,1
1978,Grimsby Town,Doncaster Rovers,3,4,4,4,7,-1,0
1978,Grimsby Town,Wimbledon,2,2,4,4,4,0,0
1978,Halifax Town,Crewe Alexandra,0,0,4,4,0,0,0
1978,Halifax Town,Grimsby Town,1,2,4,4,3,-1,0
1978,Halifax Town,Port Vale,0,3,4,4,3,-3,0
1978,Halifax Town,Torquay United,1,0,4,4,1,1,1
1978,Halifax Town,York City,0,1,4,4,1,-1,0
1978,Hartlepool United,Barnsley,1,1,4,4,2,0,0
1978,Hartlepool United,Newport County,0,0,4,4,0,0,0
1978,Hereford United,AFC Bournemouth,0,0,4,4,0,0,0
1978,Hereford United,Bradford City,3,1,4,4,4,2,1
1978,Hereford United,Doncaster Rovers,2,0,4,4,2,2,1
1978,Huddersfield Town,Aldershot,0,0,4,4,0,0,0
1978,Huddersfield Town,Crewe Alexandra,0,0,4,4,0,0,0
1978,Huddersfield Town,Grimsby Town,2,0,4,4,2,2,1
1978,Huddersfield Town,Port Vale,3,2,4,4,5,1,1
1978,Huddersfield Town,York City,1,0,4,4,1,1,1
1978,Newport County,Barnsley,1,1,4,4,2,0,0
1978,Newport County,Darlington,2,1,4,4,3,1,1
1978,Newport County,Portsmouth,1,2,4,4,3,-1,0
1978,Newport County,Scunthorpe United,2,0,4,4,2,2,1
1978,Newport County,Wigan Athletic,2,1,4,4,3,1,1
1978,Northampton Town,Bradford City,1,0,4,4,1,1,1
1978,Northampton Town,Newport County,3,1,4,4,4,2,1
1978,Northampton Town,Stockport County,2,2,4,4,4,0,0
1978,Port Vale,Aldershot,1,1,4,4,2,0,0
1978,Port Vale,Crewe Alexandra,2,2,4,4,4,0,0
1978,Port Vale,Hereford United,1,1,4,4,2,0,0
1978,Port Vale,Rochdale,1,1,4,4,2,0,0
1978,Port Vale,Torquay United,1,2,4,4,3,-1,0
1978,Port Vale,York City,0,0,4,4,0,0,0
1978,Portsmouth,Barnsley,0,1,4,4,1,-1,0
1978,Portsmouth,Darlington,3,0,4,4,3,3,1
1978,Portsmouth,Port Vale,2,0,4,4,2,2,1
1978,Portsmouth,Scunthorpe United,0,0,4,4,0,0,0
1978,Portsmouth,Wigan Athletic,1,0,4,4,1,1,1
1978,Reading,Bradford City,3,0,4,4,3,3,1
1978,Reading,Stockport County,3,3,4,4,6,0,0
1978,Rochdale,Reading,1,0,4,4,1,1,1
1978,Scunthorpe United,Huddersfield Town,3,1,4,4,4,2,1
1978,Scunthorpe United,Port Vale,2,0,4,4,2,2,1
1978,Stockport County,AFC Bournemouth,1,0,4,4,1,1,1
1978,Stockport County,Bradford City,1,0,4,4,1,1,1
1978,Stockport County,Doncaster Rovers,0,1,4,4,1,-1,0
1978,Stockport County,Hartlepool United,4,0,4,4,4,4,1
1978,Stockport County,Newport County,1,1,4,4,2,0,0
1978,Torquay United,Crewe Alexandra,3,0,4,4,3,3,1
1978,Torquay United,Hereford United,1,0,4,4,1,1,1
1978,Torquay United,Northampton Town,0,1,4,4,1,-1,0
1978,Torquay United,Reading,1,1,4,4,2,0,0
1978,Wigan Athletic,Darlington,2,2,4,4,4,0,0
1978,Wigan Athletic,Halifax Town,1,0,4,4,1,1,1
1978,Wigan Athletic,Port Vale,5,3,4,4,8,2,1
1978,Wigan Athletic,Rochdale,3,0,4,4,3,3,1
1978,Wigan Athletic,Torquay United,3,1,4,4,4,2,1
1978,Wimbledon,AFC Bournemouth,4,0,4,4,4,4,1
1978,Wimbledon,Scunthorpe United,3,1,4,4,4,2,1
1978,Wimbledon,Wigan Athletic,2,1,4,4,3,1,1
1978,York City,Aldershot,1,1,4,4,2,0,0
1978,York City,Crewe Alexandra,1,0,4,4,1,1,1
1978,York City,Hereford United,1,0,4,4,1,1,1
1978,York City,Reading,0,1,4,4,1,-1,0
1978,York City,Stockport County,1,0,4,4,1,1,1
1978,York City,Wimbledon,1,4,4,4,5,-3,0
1979,Arsenal,Brighton & Hove Albion,3,0,1,1,3,3,1
1979,Arsenal,Crystal Palace,1,1,1,1,2,0,0
1979,Arsenal,Norwich City,1,1,1,1,2,0,0
1979,Arsenal,Stoke City,0,0,1,1,0,0,0
1979,Arsenal,Wolverhampton Wanderers,2,3,1,1,5,-1,0
1979,Aston Villa,Brighton & Hove Albion,2,1,1,1,3,1,1
1979,Aston Villa,Crystal Palace,2,0,1,1,2,2,1
1979,Aston Villa,Ipswich Town,1,1,1,1,2,0,0
1979,Aston Villa,Manchester City,2,2,1,1,4,0,0
1979,Aston Villa,Norwich City,2,0,1,1,2,2,1
1979,Aston Villa,Wolverhampton Wanderers,1,3,1,1,4,-2,0
1979,Bolton Wanderers,Brighton & Hove Albion,0,2,1,1,2,-2,0
1979,Bolton Wanderers,Manchester City,0,1,1,1,1,-1,0
1979,Bolton Wanderers,Stoke City,2,1,1,1,3,1,1
1979,Brighton & Hove Albion,Crystal Palace,3,0,1,1,3,3,1
1979,Brighton & Hove Albion,Stoke City,0,0,1,1,0,0,0
1979,Brighton & Hove Albion,Wolverhampton Wanderers,3,0,1,1,3,3,1
1979,Bristol City,Norwich City,2,3,1,1,5,-1,0
1979,Coventry City,Bolton Wanderers,3,1,1,1,4,2,1
1979,Coventry City,Ipswich Town,4,1,1,1,5,3,1
1979,Coventry City,Manchester City,0,0,1,1,0,0,0
1979,Coventry City,Norwich City,2,0,1,1,2,2,1
1979,Crystal Palace,Ipswich Town,4,1,1,1,5,3,1
1979,Crystal Palace,Manchester City,2,0,1,1,2,2,1
1979,Derby County,Bolton Wanderers,4,0,1,1,4,4,1
1979,Derby County,Coventry City,1,2,1,1,3,-1,0
1979,Derby County,Manchester City,3,1,1,1,4,2,1
1979,Derby County,Norwich City,0,0,1,1,0,0,0
1979,Derby County,Stoke City,2,2,1,1,4,0,0
1979,Everton,Bolton Wanderers,3,1,1,1,4,2,1
1979,Everton,Coventry City,1,1,1,1,2,0,0
1979,Everton,Norwich City,2,4,1,1,6,-2,0
1979,Everton,Stoke City,2,0,1,1,2,2,1
1979,Everton,Wolverhampton Wanderers,2,3,1,1,5,-1,0
1979,Ipswich Town,Bolton Wanderers,1,0,1,1,1,1,1
1979,Ipswich Town,Coventry City,3,0,1,1,3,3,1
1979,Ipswich Town,Everton,1,1,1,1,2,0,0
1979,Ipswich Town,Stoke City,3,1,1,1,4,2,1
1979,Ipswich Town,Wolverhampton Wanderers,1,0,1,1,1,1,1
1979,Leeds United,Bolton Wanderers,2,2,1,1,4,0,0
1979,Leeds United,Coventry City,0,0,1,1,0,0,0
1979,Leeds United,Norwich City,2,2,1,1,4,0,0
1979,Leeds United,Wolverhampton Wanderers,3,0,1,1,3,3,1
1979,Liverpool,Everton,2,2,1,1,4,0,0
1979,Liverpool,Manchester City,2,0,1,1,2,2,1
1979,Liverpool,Wolverhampton Wanderers,3,0,1,1,3,3,1
1979,Manchester City,Norwich City,0,0,1,1,0,0,0
1979,Manchester City,Stoke City,1,1,1,1,2,0,0
1979,Manchester United,Bolton Wanderers,2,0,1,1,2,2,1
1979,Manchester United,Liverpool,2,1,1,1,3,1,1
1979,Manchester United,Norwich City,5,0,1,1,5,5,1
1979,Middlesbrough,Bolton Wanderers,3,1,1,1,4,2,1
1979,Middlesbrough,Liverpool,1,0,1,1,1,1,1
1979,Middlesbrough,Norwich City,1,0,1,1,1,1,1
1979,Middlesbrough,Stoke City,1,3,1,1,4,-2,0
1979,Middlesbrough,Wolverhampton Wanderers,1,0,1,1,1,1,1
1979,Norwich City,Bolton Wanderers,2,1,1,1,3,1,1
1979,Norwich City,Liverpool,3,5,1,1,8,-2,0
1979,Norwich City,Middlesbrough,0,0,1,1,0,0,0
1979,Nottingham Forest,Bolton Wanderers,5,2,1,1,7,3,1
1979,Nottingham Forest,Coventry City,4,1,1,1,5,3,1
1979,Nottingham Forest,Middlesbrough,2,2,1,1,4,0,0
1979,Nottingham Forest,Stoke City,1,0,1,1,1,1,1
1979,Southampton,Bolton Wanderers,2,0,1,1,2,2,1
1979,Southampton,Coventry City,2,3,1,1,5,-1,0
1979,Southampton,Liverpool,3,2,1,1,5,1,1
1979,Southampton,Middlesbrough,4,1,1,1,5,3,1
1979,Southampton,Wolverhampton Wanderers,0,3,1,1,3,-3,0
1979,Stoke City,Bolton Wanderers,1,0,1,1,1,1,1
1979,Stoke City,Everton,2,3,1,1,5,-1,0
1979,Stoke City,Middlesbrough,0,0,1,1,0,0,0
1979,Stoke City,Southampton,1,2,1,1,3,-1,0
1979,Tottenham Hotspur,Coventry City,4,3,1,1,7,1,1
1979,Tottenham Hotspur,Liverpool,2,0,1,1,2,2,1
1979,Tottenham Hotspur,Middlesbrough,1,3,1,1,4,-2,0
1979,Tottenham Hotspur,Wolverhampton Wanderers,2,2,1,1,4,0,0
1979,West Bromwich Albion,Everton,1,1,1,1,2,0,0
1979,West Bromwich Albion,Liverpool,0,2,1,1,2,-2,0
1979,West Bromwich Albion,Wolverhampton Wanderers,0,0,1,1,0,0,0
1979,Wolverhampton Wanderers,Everton,0,0,1,1,0,0,0
1979,Wolverhampton Wanderers,Liverpool,1,0,1,1,1,1,1
1979,Wolverhampton Wanderers,Middlesbrough,0,2,1,1,2,-2,0
1979,Wolverhampton Wanderers,Southampton,0,0,1,1,0,0,0
1979,Birmingham City,Cambridge United,1,0,2,2,1,1,1
1979,Birmingham City,Wrexham,2,0,2,2,2,2,1
1979,Bristol Rovers,Chelsea,3,0,2,2,3,3,1
1979,Bristol Rovers,Notts County,2,3,2,2,5,-1,0
1979,Bristol Rovers,Queens Park Rangers,1,3,2,2,4,-2,0
1979,Bristol Rovers,Swansea City,4,1,2,2,5,3,1
1979,Bristol Rovers,Wrexham,1,0,2,2,1,1,1
1979,Burnley,Chelsea,0,1,2,2,1,-1,0
1979,Cambridge United,Chelsea,0,1,2,2,1,-1,0
1979,Cambridge United,Leyton Orient,1,1,2,2,2,0,0
1979,Cambridge United,Queens Park Rangers,2,1,2,2,3,1,1
1979,Cambridge United,Wrexham,2,0,2,2,2,2,1
1979,Cardiff City,Chelsea,1,2,2,2,3,-1,0
1979,Cardiff City,Notts County,3,2,2,2,5,1,1
1979,Cardiff City,Queens Park Rangers,1,0,2,2,1,1,1
1979,Cardiff City,Swansea City,1,0,2,2,1,1,1
1979,Charlton Athletic,Burnley,3,3,2,2,6,0,0
1979,Charlton Athletic,Queens Park Rangers,2,2,2,2,4,0,0
1979,Charlton Athletic,Swansea City,1,2,2,2,3,-1,0
1979,Charlton Athletic,Wrexham,1,2,2,2,3,-1,0
1979,Chelsea,Leyton Orient,1,0,2,2,1,1,1
1979,Chelsea,Notts County,1,0,2,2,1,1,1
1979,Chelsea,Swansea City,3,0,2,2,3,3,1
1979,Chelsea,Wrexham,3,1,2,2,4,2,1
1979,Fulham,Burnley,3,1,2,2,4,2,1
1979,Leicester City,Burnley,1,1,2,2,2,0,0
1979,Leicester City,Charlton Athletic,2,1,2,2,3,1,1
1979,Leicester City,Leyton Orient,2,2,2,2,4,0,0
1979,Leicester City,Queens Park Rangers,2,0,2,2,2,2,1
1979,Leyton Orient,Charlton Athletic,1,1,2,2,2,0,0
1979,Leyton Orient,Notts County,1,0,2,2,1,1,1
1979,Leyton Orient,Swansea City,0,0,2,2,0,0,0
1979,Leyton Orient,Wrexham,4,0,2,2,4,4,1
1979,Luton Town,Burnley,1,1,2,2,2,0,0
1979,Luton Town,Charlton Athletic,3,0,2,2,3,3,1
1979,Luton Town,Leicester City,0,0,2,2,0,0,0
1979,Luton Town,Notts County,2,1,2,2,3,1,1
1979,Luton Town,Wrexham,2,0,2,2,2,2,1
1979,Newcastle United,Charlton Athletic,2,0,2,2,2,2,1
1979,Newcastle United,Queens Park Rangers,4,2,2,2,6,2,1
1979,Notts County,Burnley,2,3,2,2,5,-1,0
1979,Notts County,Charlton Athletic,0,0,2,2,0,0,0
1979,Notts County,Newcastle United,2,2,2,2,4,0,0
1979,Notts County,Swansea City,0,0,2,2,0,0,0
1979,Oldham Athletic,Leicester City,1,1,2,2,2,0,0
1979,Oldham Athletic,Queens Park Rangers,0,0,2,2,0,0,0
1979,Preston North End,Burnley,3,2,2,2,5,1,1
1979,Preston North End,Charlton Athletic,1,1,2,2,2,0,0
1979,Preston North End,Leicester City,1,1,2,2,2,0,0
1979,Preston North End,Newcastle United,1,0,2,2,1,1,1
1979,Preston North End,Swansea City,1,1,2,2,2,0,0
1979,Queens Park Rangers,Charlton Athletic,4,0,2,2,4,4,1
1979,Queens Park Rangers,Leicester City,1,4,2,2,5,-3,0
1979,Queens Park Rangers,Newcastle United,2,1,2,2,3,1,1
1979,Queens Park Rangers,Preston North End,1,1,2,2,2,0,0
1979,Shrewsbury Town,Charlton Athletic,3,1,2,2,4,2,1
1979,Shrewsbury Town,Newcastle United,3,1,2,2,4,2,1
1979,Sunderland,Burnley,5,0,2,2,5,5,1
1979,Sunderland,Charlton Athletic,4,0,2,2,4,4,1
1979,Sunderland,Newcastle United,1,0,2,2,1,1,1
1979,Sunderland,Preston North End,1,1,2,2,2,0,0
1979,Swansea City,Newcastle United,2,3,2,2,5,-1,0
1979,Swansea City,Sunderland,3,1,2,2,4,2,1
1979,Watford,Leicester City,1,3,2,2,4,-2,0
1979,Watford,Newcastle United,2,0,2,2,2,2,1
1979,Watford,Preston North End,0,0,2,2,0,0,0
1979,West Ham United,Burnley,2,1,2,2,3,1,1
1979,West Ham United,Leicester City,3,1,2,2,4,2,1
1979,West Ham United,Preston North End,2,0,2,2,2,2,1
1979,West Ham United,Sunderland,2,0,2,2,2,2,1
1979,West Ham United,Wrexham,1,0,2,2,1,1,1
1979,Wrexham,Burnley,1,0,2,2,1,1,1
1979,Wrexham,Preston North End,2,0,2,2,2,2,1
1979,Wrexham,West Ham United,1,0,2,2,1,1,1
1979,Barnsley,Exeter City,2,2,3,3,4,0,0
1979,Barnsley,Hull City,3,1,3,3,4,2,1
1979,Barnsley,Oxford United,2,0,3,3,2,2,1
1979,Barnsley,Rotherham United,0,0,3,3,0,0,0
1979,Blackburn Rovers,Bury,1,2,3,3,3,-1,0
1979,Blackburn Rovers,Mansfield Town,0,0,3,3,0,0,0
1979,Blackburn Rovers,Plymouth Argyle,1,0,3,3,1,1,1
1979,Blackburn Rovers,Swindon Town,2,0,3,3,2,2,1
1979,Blackpool,Blackburn Rovers,2,1,3,3,3,1,1
1979,Blackpool,Sheffield Wednesday,1,1,3,3,2,0,0
1979,Blackpool,Wimbledon,3,0,3,3,3,3,1
1979,Brentford,Blackpool,2,1,3,3,3,1,1
1979,Brentford,Chester,2,2,3,3,4,0,0
1979,Brentford,Oxford United,1,1,3,3,2,0,0
1979,Brentford,Southend United,2,0,3,3,2,2,1
1979,Bury,Barnsley,2,2,3,3,4,0,0
1979,Bury,Brentford,4,2,3,3,6,2,1
1979,Bury,Gillingham,0,2,3,3,2,-2,0
1979,Bury,Mansfield Town,0,2,3,3,2,-2,0
1979,Bury,Sheffield United,1,2,3,3,3,-1,0
1979,Bury,Swindon Town,0,0,3,3,0,0,0
1979,Carlisle United,Colchester United,2,0,3,3,2,2,1
1979,Carlisle United,Grimsby Town,0,2,3,3,2,-2,0
1979,Carlisle United,Sheffield Wednesday,0,2,3,3,2,-2,0
1979,Chester,Blackpool,1,0,3,3,1,1,1
1979,Chester,Carlisle United,1,0,3,3,1,1,1
1979,Chester,Rotherham United,3,1,3,3,4,2,1
1979,Chesterfield,Brentford,1,0,3,3,1,1,1
1979,Chesterfield,Chester,2,0,3,3,2,2,1
1979,Chesterfield,Mansfield Town,2,0,3,3,2,2,1
1979,Chesterfield,Plymouth Argyle,3,1,3,3,4,2,1
1979,Chesterfield,Sheffield United,2,1,3,3,3,1,1
1979,Colchester United,Grimsby Town,2,1,3,3,3,1,1
1979,Colchester United,Millwall,0,0,3,3,0,0,0
1979,Exeter City,Blackpool,1,0,3,3,1,1,1
1979,Exeter City,Carlisle United,1,2,3,3,3,-1,0
1979,Exeter City,Colchester United,3,1,3,3,4,2,1
1979,Exeter City,Hull City,2,2,3,3,4,0,0
1979,Gillingham,Brentford,0,1,3,3,1,-1,0
1979,Gillingham,Chester,2,2,3,3,4,0,0
1979,Gillingham,Plymouth Argyle,0,1,3,3,1,-1,0
1979,Gillingham,Sheffield United,3,0,3,3,3,3,1
1979,Grimsby Town,Blackburn Rovers,1,2,3,3,3,-1,0
1979,Grimsby Town,Bury,1,0,3,3,1,1,1
1979,Grimsby Town,Gillingham,1,0,3,3,1,1,1
1979,Grimsby Town,Millwall,2,0,3,3,2,2,1
1979,Grimsby Town,Wimbledon,1,0,3,3,1,1,1
1979,Hull City,Carlisle United,2,0,3,3,2,2,1
1979,Hull City,Grimsby Town,2,2,3,3,4,0,0
1979,Hull City,Southend United,1,0,3,3,1,1,1
1979,Mansfield Town,Chester,2,1,3,3,3,1,1
1979,Mansfield Town,Exeter City,0,1,3,3,1,-1,0
1979,Mansfield Town,Hull City,1,1,3,3,2,0,0
1979,Mansfield Town,Sheffield United,3,4,3,3,7,-1,0
1979,Millwall,Bury,0,1,3,3,1,-1,0
1979,Oxford United,Blackpool,0,2,3,3,2,-2,0
1979,Oxford United,Carlisle United,1,0,3,3,1,1,1
1979,Oxford United,Grimsby Town,0,1,3,3,1,-1,0
1979,Oxford United,Millwall,1,2,3,3,3,-1,0
1979,Oxford United,Southend United,1,0,3,3,1,1,1
1979,Plymouth Argyle,Exeter City,2,0,3,3,2,2,1
1979,Plymouth Argyle,Hull City,5,1,3,3,6,4,1
1979,Plymouth Argyle,Sheffield United,4,1,3,3,5,3,1
1979,Reading,Chesterfield,2,2,3,3,4,0,0
1979,Reading,Plymouth Argyle,1,0,3,3,1,1,1
1979,Reading,Wimbledon,3,0,3,3,3,3,1
1979,Rotherham United,Blackpool,0,2,3,3,2,-2,0
1979,Rotherham United,Colchester United,3,0,3,3,3,3,1
1979,Rotherham United,Grimsby Town,0,0,3,3,0,0,0
1979,Sheffield United,Brentford,0,2,3,3,2,-2,0
1979,Sheffield United,Chester,1,1,3,3,2,0,0
1979,Sheffield Wednesday,Blackburn Rovers,0,3,3,3,3,-3,0
1979,Sheffield Wednesday,Bury,5,1,3,3,6,4,1
1979,Sheffield Wednesday,Chesterfield,3,3,3,3,6,0,0
1979,Sheffield Wednesday,Plymouth Argyle,0,1,3,3,1,-1,0
1979,Sheffield Wednesday,Wimbledon,3,1,3,3,4,2,1
1979,Southend United,Colchester United,0,1,3,3,1,-1,0
1979,Southend United,Millwall,1,0,3,3,1,1,1
1979,Swindon Town,Barnsley,0,1,3,3,1,-1,0
1979,Swindon Town,Brentford,4,0,3,3,4,4,1
1979,Swindon Town,Chester,3,1,3,3,4,2,1
1979,Swindon Town,Hull City,0,0,3,3,0,0,0
1979,Swindon Town,Rotherham United,6,2,3,3,8,4,1
1979,Wimbledon,Bury,0,1,3,3,1,-1,0
1979,Wimbledon,Chesterfield,1,1,3,3,2,0,0
1979,Wimbledon,Gillingham,1,0,3,3,1,1,1
1979,Wimbledon,Mansfield Town,3,2,3,3,5,1,1
1979,Wimbledon,Plymouth Argyle,3,1,3,3,4,2,1
1979,Wimbledon,Sheffield United,1,1,3,3,2,0,0
1979,Wimbledon,Swindon Town,2,0,3,3,2,2,1
1979,AFC Bournemouth,Crewe Alexandra,0,1,4,4,1,-1,0
1979,AFC Bournemouth,Huddersfield Town,1,3,4,4,4,-2,0
1979,AFC Bournemouth,Stockport County,2,0,4,4,2,2,1
1979,AFC Bournemouth,Walsall,1,1,4,4,2,0,0
1979,Aldershot,AFC Bournemouth,0,1,4,4,1,-1,0
1979,Aldershot,Darlington,1,1,4,4,2,0,0
1979,Aldershot,Hartlepool United,0,2,4,4,2,-2,0
1979,Aldershot,Lincoln City,2,0,4,4,2,2,1
1979,Aldershot,Rochdale,3,0,4,4,3,3,1
1979,Aldershot,Wigan Athletic,0,3,4,4,3,-3,0
1979,Bradford City,Doncaster Rovers,3,1,4,4,4,2,1
1979,Bradford City,Hereford United,1,0,4,4,1,1,1
1979,Bradford City,Newport County,3,0,4,4,3,3,1
1979,Bradford City,York City,1,2,4,4,3,-1,0
1979,Crewe Alexandra,Huddersfield Town,1,3,4,4,4,-2,0
1979,Crewe Alexandra,Portsmouth,1,1,4,4,2,0,0
1979,Crewe Alexandra,Stockport County,1,0,4,4,1,1,1
1979,Crewe Alexandra,Walsall,1,2,4,4,3,-1,0
1979,Darlington,Hartlepool United,0,1,4,4,1,-1,0
1979,Darlington,Lincoln City,1,1,4,4,2,0,0
1979,Darlington,Rochdale,3,1,4,4,4,2,1
1979,Darlington,Torquay United,2,0,4,4,2,2,1
1979,Doncaster Rovers,Port Vale,2,3,4,4,5,-1,0
1979,Doncaster Rovers,Scunthorpe United,5,0,4,4,5,5,1
1979,Doncaster Rovers,Tranmere Rovers,1,1,4,4,2,0,0
1979,Doncaster Rovers,York City,2,0,4,4,2,2,1
1979,Halifax Town,Bradford City,0,1,4,4,1,-1,0
1979,Halifax Town,Doncaster Rovers,1,1,4,4,2,0,0
1979,Halifax Town,Huddersfield Town,2,1,4,4,3,1,1
1979,Hartlepool United,Crewe Alexandra,3,1,4,4,4,2,1
1979,Hartlepool United,Halifax Town,1,2,4,4,3,-1,0
1979,Hereford United,Aldershot,0,1,4,4,1,-1,0
1979,Hereford United,Hartlepool United,2,1,4,4,3,1,1
1979,Hereford United,Newport County,0,2,4,4,2,-2,0
1979,Hereford United,Scunthorpe United,1,1,4,4,2,0,0
1979,Hereford United,Tranmere Rovers,1,2,4,4,3,-1,0
1979,Huddersfield Town,Stockport County,5,0,4,4,5,5,1
1979,Huddersfield Town,Walsall,1,1,4,4,2,0,0
1979,Lincoln City,AFC Bournemouth,1,1,4,4,2,0,0
1979,Lincoln City,Crewe Alexandra,3,0,4,4,3,3,1
1979,Lincoln City,Halifax Town,4,0,4,4,4,4,1
1979,Lincoln City,Huddersfield Town,2,0,4,4,2,2,1
1979,Lincoln City,Peterborough United,0,1,4,4,1,-1,0
1979,Lincoln City,Rochdale,0,0,4,4,0,0,0
1979,Lincoln City,Torquay United,2,0,4,4,2,2,1
1979,Lincoln City,Wigan Athletic,4,0,4,4,4,4,1
1979,Newport County,Aldershot,4,2,4,4,6,2,1
1979,Newport County,Port Vale,2,1,4,4,3,1,1
1979,Newport County,Scunthorpe United,2,1,4,4,3,1,1
1979,Newport County,York City,2,0,4,4,2,2,1
1979,Northampton Town,Bradford City,1,2,4,4,3,-1,0
1979,Northampton Town,Doncaster Rovers,1,0,4,4,1,1,1
1979,Northampton Town,Hereford United,2,0,4,4,2,2,1
1979,Northampton Town,Stockport County,2,0,4,4,2,2,1
1979,Northampton Town,Walsall,1,2,4,4,3,-1,0
1979,Peterborough United,AFC Bournemouth,2,0,4,4,2,2,1
1979,Peterborough United,Halifax Town,2,1,4,4,3,1,1
1979,Peterborough United,Huddersfield Town,1,3,4,4,4,-2,0
1979,Peterborough United,Rochdale,2,0,4,4,2,2,1
1979,Peterborough United,Torquay United,2,1,4,4,3,1,1
1979,Port Vale,Darlington,2,0,4,4,2,2,1
1979,Port Vale,Tranmere Rovers,0,1,4,4,1,-1,0
1979,Portsmouth,Bradford City,4,1,4,4,5,3,1
1979,Rochdale,Halifax Town,2,2,4,4,4,0,0
1979,Rochdale,Huddersfield Town,0,2,4,4,2,-2,0
1979,Rochdale,Portsmouth,1,2,4,4,3,-1,0
1979,Rochdale,Wigan Athletic,0,2,4,4,2,-2,0
1979,Scunthorpe United,Aldershot,1,1,4,4,2,0,0
1979,Scunthorpe United,Peterborough United,1,0,4,4,1,1,1
1979,Scunthorpe United,Tranmere Rovers,2,2,4,4,4,0,0
1979,Scunthorpe United,York City,6,1,4,4,7,5,1
1979,Stockport County,Doncaster Rovers,0,3,4,4,3,-3,0
1979,Stockport County,Hereford United,2,1,4,4,3,1,1
1979,Stockport County,Port Vale,0,1,4,4,1,-1,0
1979,Stockport County,Walsall,1,0,4,4,1,1,1
1979,Torquay United,Halifax Town,3,0,4,4,3,3,1
1979,Torquay United,Huddersfield Town,3,1,4,4,4,2,1
1979,Torquay United,Portsmouth,2,1,4,4,3,1,1
1979,Torquay United,Stockport County,0,0,4,4,0,0,0
1979,Torquay United,Wigan Athletic,2,2,4,4,4,0,0
1979,Tranmere Rovers,Darlington,1,2,4,4,3,-1,0
1979,Tranmere Rovers,Hartlepool United,1,0,4,4,1,1,1
1979,Tranmere Rovers,Peterborough United,3,0,4,4,3,3,1
1979,Tranmere Rovers,Rochdale,5,1,4,4,6,4,1
1979,Tranmere Rovers,Torquay United,2,0,4,4,2,2,1
1979,Tranmere Rovers,York City,1,2,4,4,3,-1,0
1979,Walsall,Bradford City,1,1,4,4,2,0,0
1979,Walsall,Newport County,2,4,4,4,6,-2,0
1979,Walsall,Port Vale,2,1,4,4,3,1,1
1979,Wigan Athletic,Halifax Town,3,1,4,4,4,2,1
1979,Wigan Athletic,Huddersfield Town,1,2,4,4,3,-1,0
1979,Wigan Athletic,Northampton Town,0,0,4,4,0,0,0
1979,Wigan Athletic,Portsmouth,1,2,4,4,3,-1,0
1979,Wigan Athletic,Walsall,3,0,4,4,3,3,1
1979,York City,Aldershot,1,1,4,4,2,0,0
1979,York City,Darlington,3,1,4,4,4,2,1
1979,York City,Lincoln City,0,2,4,4,2,-2,0
1980,Arsenal,Brighton & Hove Albion,2,0,1,1,2,2,1
1980,Arsenal,Leicester City,1,0,1,1,1,1,1
1980,Arsenal,Manchester United,2,1,1,1,3,1,1
1980,Arsenal,Wolverhampton Wanderers,1,1,1,1,2,0,0
1980,Aston Villa,Brighton & Hove Albion,4,1,1,1,5,3,1
1980,Aston Villa,Everton,0,2,1,1,2,-2,0
1980,Aston Villa,Manchester United,3,3,1,1,6,0,0
1980,Aston Villa,Nottingham Forest,2,0,1,1,2,2,1
1980,Aston Villa,Sunderland,4,0,1,1,4,4,1
1980,Birmingham City,Everton,1,1,1,1,2,0,0
1980,Birmingham City,Manchester United,0,0,1,1,0,0,0
1980,Brighton & Hove Albion,Birmingham City,2,2,1,1,4,0,0
1980,Brighton & Hove Albion,Leicester City,2,1,1,1,3,1,1
1980,Brighton & Hove Albion,Nottingham Forest,0,1,1,1,1,-1,0
1980,Brighton & Hove Albion,Wolverhampton Wanderers,2,0,1,1,2,2,1
1980,Coventry City,Manchester United,0,2,1,1,2,-2,0
1980,Coventry City,Nottingham Forest,1,1,1,1,2,0,0
1980,Coventry City,Wolverhampton Wanderers,2,2,1,1,4,0,0
1980,Crystal Palace,Birmingham City,3,1,1,1,4,2,1
1980,Crystal Palace,Everton,2,3,1,1,5,-1,0
1980,Crystal Palace,Nottingham Forest,1,3,1,1,4,-2,0
1980,Crystal Palace,Sunderland,0,1,1,1,1,-1,0
1980,Everton,Birmingham City,1,1,1,1,2,0,0
1980,Everton,Leicester City,1,0,1,1,1,1,1
1980,Ipswich Town,Birmingham City,5,1,1,1,6,4,1
1980,Ipswich Town,Leicester City,3,1,1,1,4,2,1
1980,Ipswich Town,Manchester United,1,1,1,1,2,0,0
1980,Ipswich Town,Sunderland,4,1,1,1,5,3,1
1980,Ipswich Town,Wolverhampton Wanderers,3,1,1,1,4,2,1
1980,Leeds United,Leicester City,1,2,1,1,3,-1,0
1980,Leeds United,Nottingham Forest,1,0,1,1,1,1,1
1980,Leeds United,Wolverhampton Wanderers,1,3,1,1,4,-2,0
1980,Leicester City,Birmingham City,1,0,1,1,1,1,1
1980,Leicester City,Crystal Palace,1,1,1,1,2,0,0
1980,Leicester City,Manchester United,1,0,1,1,1,1,1
1980,Liverpool,Birmingham City,2,2,1,1,4,0,0
1980,Liverpool,Leeds United,0,0,1,1,0,0,0
1980,Liverpool,Manchester United,0,1,1,1,1,-1,0
1980,Liverpool,Wolverhampton Wanderers,1,0,1,1,1,1,1
1980,Manchester City,Birmingham City,0,1,1,1,1,-1,0
1980,Manchester City,Leeds United,1,0,1,1,1,1,1
1980,Manchester City,Nottingham Forest,1,1,1,1,2,0,0
1980,Manchester United,Birmingham City,2,0,1,1,2,2,1
1980,Manchester United,Manchester City,2,2,1,1,4,0,0
1980,Middlesbrough,Birmingham City,1,2,1,1,3,-1,0
1980,Middlesbrough,Crystal Palace,2,0,1,1,2,2,1
1980,Middlesbrough,Leeds United,3,0,1,1,3,3,1
1980,Middlesbrough,Manchester City,2,2,1,1,4,0,0
1980,Middlesbrough,Nottingham Forest,0,0,1,1,0,0,0
1980,Middlesbrough,Sunderland,1,0,1,1,1,1,1
1980,Middlesbrough,Wolverhampton Wanderers,2,0,1,1,2,2,1
1980,Norwich City,Birmingham City,2,2,1,1,4,0,0
1980,Norwich City,Leeds United,2,3,1,1,5,-1,0
1980,Norwich City,Manchester City,2,0,1,1,2,2,1
1980,Norwich City,Nottingham Forest,1,1,1,1,2,0,0
1980,Nottingham Forest,Birmingham City,2,1,1,1,3,1,1
1980,Nottingham Forest,Crystal Palace,3,0,1,1,3,3,1
1980,Nottingham Forest,Manchester City,3,2,1,1,5,1,1
1980,Nottingham Forest,Norwich City,2,1,1,1,3,1,1
1980,Nottingham Forest,Wolverhampton Wanderers,1,0,1,1,1,1,1
1980,Southampton,Leeds United,2,1,1,1,3,1,1
1980,Southampton,Manchester City,2,0,1,1,2,2,1
1980,Southampton,Norwich City,2,1,1,1,3,1,1
1980,Stoke City,Crystal Palace,1,0,1,1,1,1,1
1980,Stoke City,Norwich City,3,1,1,1,4,2,1
1980,Sunderland,Leeds United,4,1,1,1,5,3,1
1980,Sunderland,Manchester City,2,0,1,1,2,2,1
1980,Sunderland,Wolverhampton Wanderers,0,1,1,1,1,-1,0
1980,Tottenham Hotspur,Manchester City,2,1,1,1,3,1,1
1980,West Bromwich Albion,Birmingham City,2,2,1,1,4,0,0
1980,West Bromwich Albion,Crystal Palace,1,0,1,1,1,1,1
1980,West Bromwich Albion,Leeds United,1,2,1,1,3,-1,0
1980,West Bromwich Albion,Manchester City,3,1,1,1,4,2,1
1980,West Bromwich Albion,Stoke City,0,0,1,1,0,0,0
1980,Wolverhampton Wanderers,Birmingham City,1,0,1,1,1,1,1
1980,Wolverhampton Wanderers,Manchester City,1,3,1,1,4,-2,0
1980,Wolverhampton Wanderers,Norwich City,3,0,1,1,3,3,1
1980,Wolverhampton Wanderers,West Bromwich Albion,2,0,1,1,2,2,1
1980,Blackburn Rovers,Chelsea,1,1,2,2,2,0,0
1980,Blackburn Rovers,Notts County,0,0,2,2,0,0,0
1980,Blackburn Rovers,Wrexham,1,1,2,2,2,0,0
1980,Bolton Wanderers,Notts County,3,0,2,2,3,3,1
1980,Bolton Wanderers,Queens Park Rangers,1,2,2,2,3,-1,0
1980,Bolton Wanderers,Swansea City,1,4,2,2,5,-3,0
1980,Bristol City,Bristol Rovers,0,0,2,2,0,0,0
1980,Bristol City,Notts County,0,1,2,2,1,-1,0
1980,Bristol City,Queens Park Rangers,0,1,2,2,1,-1,0
1980,Bristol Rovers,Bristol City,0,0,2,2,0,0,0
1980,Bristol Rovers,Leyton Orient,1,1,2,2,2,0,0
1980,Bristol Rovers,Swansea City,1,2,2,2,3,-1,0
1980,Bristol Rovers,Wrexham,0,1,2,2,1,-1,0
1980,Cambridge United,Notts County,1,2,2,2,3,-1,0
1980,Cambridge United,Queens Park Rangers,1,0,2,2,1,1,1
1980,Cambridge United,Swansea City,3,1,2,2,4,2,1
1980,Cardiff City,Bristol City,2,3,2,2,5,-1,0
1980,Cardiff City,Chelsea,0,1,2,2,1,-1,0
1980,Cardiff City,Leyton Orient,4,2,2,2,6,2,1
1980,Cardiff City,Notts County,0,1,2,2,1,-1,0
1980,Cardiff City,Queens Park Rangers,1,0,2,2,1,1,1
1980,Cardiff City,Wrexham,1,0,2,2,1,1,1
1980,Chelsea,Bristol City,0,0,2,2,0,0,0
1980,Chelsea,Cardiff City,0,1,2,2,1,-1,0
1980,Chelsea,Notts County,0,2,2,2,2,-2,0
1980,Chelsea,Queens Park Rangers,1,1,2,2,2,0,0
1980,Derby County,Leyton Orient,1,1,2,2,2,0,0
1980,Derby County,Notts County,2,2,2,2,4,0,0
1980,Derby County,Queens Park Rangers,3,3,2,2,6,0,0
1980,Derby County,Swansea City,0,1,2,2,1,-1,0
1980,Derby County,Wrexham,0,1,2,2,1,-1,0
1980,Grimsby Town,Bristol City,1,0,2,2,1,1,1
1980,Grimsby Town,Cardiff City,0,1,2,2,1,-1,0
1980,Leyton Orient,Bristol City,3,1,2,2,4,2,1
1980,Leyton Orient,Grimsby Town,2,0,2,2,2,2,1
1980,Leyton Orient,Queens Park Rangers,4,0,2,2,4,4,1
1980,Leyton Orient,Swansea City,1,1,2,2,2,0,0
1980,Leyton Orient,Wrexham,2,1,2,2,3,1,1
1980,Luton Town,Cardiff City,2,2,2,2,4,0,0
1980,Luton Town,Queens Park Rangers,3,0,2,2,3,3,1
1980,Newcastle United,Cardiff City,2,1,2,2,3,1,1
1980,Notts County,Bristol City,2,1,2,2,3,1,1
1980,Notts County,Grimsby Town,0,0,2,2,0,0,0
1980,Notts County,Queens Park Rangers,2,1,2,2,3,1,1
1980,Notts County,Wrexham,1,1,2,2,2,0,0
1980,Oldham Athletic,Cardiff City,2,0,2,2,2,2,1
1980,Oldham Athletic,Newcastle United,0,0,2,2,0,0,0
1980,Oldham Athletic,Wrexham,1,3,2,2,4,-2,0
1980,Preston North End,Newcastle United,2,3,2,2,5,-1,0
1980,Preston North End,Wrexham,1,1,2,2,2,0,0
1980,Queens Park Rangers,Bristol City,4,0,2,2,4,4,1
1980,Queens Park Rangers,Newcastle United,1,2,2,2,3,-1,0
1980,Queens Park Rangers,Preston North End,1,1,2,2,2,0,0
1980,Queens Park Rangers,Swansea City,0,0,2,2,0,0,0
1980,Queens Park Rangers,Wrexham,0,1,2,2,1,-1,0
1980,Sheffield Wednesday,Bristol City,2,1,2,2,3,1,1
1980,Sheffield Wednesday,Cardiff City,2,0,2,2,2,2,1
1980,Shrewsbury Town,Cardiff City,2,0,2,2,2,2,1
1980,Shrewsbury Town,Grimsby Town,1,1,2,2,2,0,0
1980,Shrewsbury Town,Preston North End,3,0,2,2,3,3,1
1980,Swansea City,Grimsby Town,1,0,2,2,1,1,1
1980,Swansea City,Newcastle United,4,0,2,2,4,4,1
1980,Watford,Bristol City,1,0,2,2,1,1,1
1980,Watford,Cardiff City,4,2,2,2,6,2,1
1980,Watford,Wrexham,1,0,2,2,1,1,1
1980,West Ham United,Bristol City,5,0,2,2,5,5,1
1980,West Ham United,Cardiff City,1,0,2,2,1,1,1
1980,West Ham United,Grimsby Town,2,1,2,2,3,1,1
1980,West Ham United,Wrexham,1,0,2,2,1,1,1
1980,Wrexham,Cardiff City,0,1,2,2,1,-1,0
1980,Wrexham,Preston North End,0,1,2,2,1,-1,0
1980,Barnsley,Burnley,3,2,3,3,5,1,1
1980,Barnsley,Chester,2,0,3,3,2,2,1
1980,Barnsley,Newport County,4,1,3,3,5,3,1
1980,Barnsley,Portsmouth,1,2,3,3,3,-1,0
1980,Blackpool,Chesterfield,0,3,3,3,3,-3,0
1980,Blackpool,Oxford United,1,1,3,3,2,0,0
1980,Blackpool,Reading,0,0,3,3,0,0,0
1980,Brentford,Blackpool,2,0,3,3,2,2,1
1980,Brentford,Gillingham,3,3,3,3,6,0,0
1980,Brentford,Walsall,4,0,3,3,4,4,1
1980,Burnley,Chester,1,0,3,3,1,1,1
1980,Burnley,Newport County,1,1,3,3,2,0,0
1980,Carlisle United,Barnsley,2,2,3,3,4,0,0
1980,Carlisle United,Fulham,2,2,3,3,4,0,0
1980,Carlisle United,Hull City,2,0,3,3,2,2,1
1980,Carlisle United,Reading,0,0,3,3,0,0,0
1980,Carlisle United,Swindon Town,2,1,3,3,3,1,1
1980,Charlton Athletic,Carlisle United,2,1,3,3,3,1,1
1980,Charlton Athletic,Colchester United,1,2,3,3,3,-1,0
1980,Charlton Athletic,Rotherham United,2,0,3,3,2,2,1
1980,Chester,Brentford,0,0,3,3,0,0,0
1980,Chester,Exeter City,1,0,3,3,1,1,1
1980,Chester,Huddersfield Town,0,2,3,3,2,-2,0
1980,Chester,Portsmouth,0,1,3,3,1,-1,0
1980,Chesterfield,Barnsley,0,0,3,3,0,0,0
1980,Chesterfield,Burnley,3,0,3,3,3,3,1
1980,Chesterfield,Hull City,1,0,3,3,1,1,1
1980,Chesterfield,Oxford United,2,1,3,3,3,1,1
1980,Chesterfield,Reading,3,2,3,3,5,1,1
1980,Chesterfield,Swindon Town,2,2,3,3,4,0,0
1980,Colchester United,Blackpool,3,2,3,3,5,1,1
1980,Colchester United,Chesterfield,1,1,3,3,2,0,0
1980,Colchester United,Gillingham,2,1,3,3,3,1,1
1980,Colchester United,Plymouth Argyle,2,2,3,3,4,0,0
1980,Exeter City,Charlton Athletic,4,3,3,3,7,1,1
1980,Exeter City,Colchester United,4,0,3,3,4,4,1
1980,Exeter City,Huddersfield Town,1,4,3,3,5,-3,0
1980,Exeter City,Portsmouth,2,0,3,3,2,2,1
1980,Exeter City,Sheffield United,1,1,3,3,2,0,0
1980,Fulham,Chester,0,1,3,3,1,-1,0
1980,Fulham,Oxford United,0,4,3,3,4,-4,0
1980,Fulham,Swindon Town,2,0,3,3,2,2,1
1980,Gillingham,Carlisle United,0,1,3,3,1,-1,0
1980,Gillingham,Fulham,1,0,3,3,1,1,1
1980,Gillingham,Millwall,1,2,3,3,3,-1,0
1980,Gillingham,Plymouth Argyle,0,1,3,3,1,-1,0
1980,Gillingham,Rotherham United,0,0,3,3,0,0,0
1980,Gillingham,Walsall,1,0,3,3,1,1,1
1980,Huddersfield Town,Colchester United,2,0,3,3,2,2,1
1980,Huddersfield Town,Gillingham,1,0,3,3,1,1,1
1980,Huddersfield Town,Portsmouth,0,0,3,3,0,0,0
1980,Hull City,Barnsley,1,2,3,3,3,-1,0
1980,Hull City,Chester,0,0,3,3,0,0,0
1980,Hull City,Exeter City,3,3,3,3,6,0,0
1980,Millwall,Blackpool,0,0,3,3,0,0,0
1980,Millwall,Carlisle United,3,0,3,3,3,3,1
1980,Millwall,Chesterfield,0,2,3,3,2,-2,0
1980,Millwall,Walsall,0,1,3,3,1,-1,0
1980,Newport County,Gillingham,1,1,3,3,2,0,0
1980,Newport County,Millwall,2,1,3,3,3,1,1
1980,Oxford United,Burnley,0,2,3,3,2,-2,0
1980,Oxford United,Chester,1,0,3,3,1,1,1
1980,Oxford United,Newport County,0,1,3,3,1,-1,0
1980,Oxford United,Reading,2,1,3,3,3,1,1
1980,Plymouth Argyle,Carlisle United,4,1,3,3,5,3,1
1980,Plymouth Argyle,Fulham,2,1,3,3,3,1,1
1980,Plymouth Argyle,Hull City,0,0,3,3,0,0,0
1980,Plymouth Argyle,Rotherham United,3,1,3,3,4,2,1
1980,Plymouth Argyle,Walsall,2,0,3,3,2,2,1
1980,Portsmouth,Colchester United,2,1,3,3,3,1,1
1980,Reading,Burnley,1,3,3,3,4,-2,0
1980,Reading,Chester,3,0,3,3,3,3,1
1980,Reading,Exeter City,2,1,3,3,3,1,1
1980,Reading,Portsmouth,2,1,3,3,3,1,1
1980,Reading,Swindon Town,4,1,3,3,5,3,1
1980,Rotherham United,Blackpool,4,0,3,3,4,4,1
1980,Rotherham United,Carlisle United,3,0,3,3,3,3,1
1980,Rotherham United,Hull City,1,1,3,3,2,0,0
1980,Rotherham United,Oxford United,0,0,3,3,0,0,0
1980,Sheffield United,Brentford,0,0,3,3,0,0,0
1980,Sheffield United,Charlton Athletic,3,2,3,3,5,1,1
1980,Sheffield United,Gillingham,0,1,3,3,1,-1,0
1980,Sheffield United,Plymouth Argyle,0,0,3,3,0,0,0
1980,Swindon Town,Barnsley,2,0,3,3,2,2,1
1980,Swindon Town,Huddersfield Town,1,0,3,3,1,1,1
1980,Swindon Town,Portsmouth,0,2,3,3,2,-2,0
1980,Swindon Town,Sheffield United,5,2,3,3,7,3,1
1980,Walsall,Blackpool,2,2,3,3,4,0,0
1980,Walsall,Hull City,1,1,3,3,2,0,0
1980,Walsall,Reading,2,2,3,3,4,0,0
1980,AFC Bournemouth,Bury,2,2,4,4,4,0,0
1980,AFC Bournemouth,Stockport County,0,1,4,4,1,-1,0
1980,Aldershot,AFC Bournemouth,0,0,4,4,0,0,0
1980,Aldershot,Halifax Town,2,1,4,4,3,1,1
1980,Aldershot,Torquay United,2,1,4,4,3,1,1
1980,Bradford City,Darlington,3,0,4,4,3,3,1
1980,Bradford City,Hartlepool United,2,0,4,4,2,2,1
1980,Bradford City,Mansfield Town,0,2,4,4,2,-2,0
1980,Bradford City,Southend United,2,1,4,4,3,1,1
1980,Bury,Doncaster Rovers,2,0,4,4,2,2,1
1980,Bury,Northampton Town,1,2,4,4,3,-1,0
1980,Bury,Rochdale,3,1,4,4,4,2,1
1980,Bury,Stockport County,0,1,4,4,1,-1,0
1980,Bury,Wigan Athletic,0,0,4,4,0,0,0
1980,Crewe Alexandra,Bury,2,2,4,4,4,0,0
1980,Crewe Alexandra,Peterborough United,1,0,4,4,1,1,1
1980,Crewe Alexandra,Scunthorpe United,1,0,4,4,1,1,1
1980,Darlington,Hartlepool United,3,0,4,4,3,3,1
1980,Darlington,Mansfield Town,2,2,4,4,4,0,0
1980,Darlington,Port Vale,1,1,4,4,2,0,0
1980,Darlington,Tranmere Rovers,2,0,4,4,2,2,1
1980,Darlington,York City,0,0,4,4,0,0,0
1980,Doncaster Rovers,Darlington,2,0,4,4,2,2,1
1980,Doncaster Rovers,Hereford United,5,1,4,4,6,4,1
1980,Doncaster Rovers,Northampton Town,1,1,4,4,2,0,0
1980,Doncaster Rovers,Rochdale,1,2,4,4,3,-1,0
1980,Doncaster Rovers,Wigan Athletic,1,1,4,4,2,0,0
1980,Halifax Town,AFC Bournemouth,1,2,4,4,3,-1,0
1980,Halifax Town,Bury,4,2,4,4,6,2,1
1980,Halifax Town,Peterborough United,2,3,4,4,5,-1,0
1980,Halifax Town,Torquay United,2,1,4,4,3,1,1
1980,Halifax Town,Wimbledon,0,1,4,4,1,-1,0
1980,Hartlepool United,Aldershot,1,0,4,4,1,1,1
1980,Hartlepool United,Port Vale,3,0,4,4,3,3,1
1980,Hartlepool United,Southend United,1,3,4,4,4,-2,0
1980,Hartlepool United,York City,1,0,4,4,1,1,1
1980,Hereford United,Darlington,0,1,4,4,1,-1,0
1980,Hereford United,Hartlepool United,3,0,4,4,3,3,1
1980,Hereford United,Wigan Athletic,1,1,4,4,2,0,0
1980,Lincoln City,AFC Bournemouth,2,0,4,4,2,2,1
1980,Lincoln City,Bury,2,1,4,4,3,1,1
1980,Lincoln City,Doncaster Rovers,1,1,4,4,2,0,0
1980,Lincoln City,Scunthorpe United,2,2,4,4,4,0,0
1980,Mansfield Town,Aldershot,1,2,4,4,3,-1,0
1980,Mansfield Town,Lincoln City,2,0,4,4,2,2,1
1980,Mansfield Town,Port Vale,5,0,4,4,5,5,1
1980,Mansfield Town,Tranmere Rovers,1,1,4,4,2,0,0
1980,Northampton Town,Hartlepool United,3,1,4,4,4,2,1
1980,Northampton Town,Rochdale,3,2,4,4,5,1,1
1980,Northampton Town,Wigan Athletic,1,1,4,4,2,0,0
1980,Peterborough United,AFC Bournemouth,1,0,4,4,1,1,1
1980,Peterborough United,Bury,2,0,4,4,2,2,1
1980,Peterborough United,Hereford United,3,0,4,4,3,3,1
1980,Peterborough United,Northampton Town,3,0,4,4,3,3,1
1980,Peterborough United,Torquay United,1,3,4,4,4,-2,0
1980,Peterborough United,Wimbledon,1,1,4,4,2,0,0
1980,Port Vale,Crewe Alexandra,2,2,4,4,4,0,0
1980,Port Vale,Southend United,1,0,4,4,1,1,1
1980,Rochdale,Bradford City,0,2,4,4,2,-2,0
1980,Rochdale,Mansfield Town,1,4,4,4,5,-3,0
1980,Rochdale,Stockport County,2,1,4,4,3,1,1
1980,Rochdale,Wigan Athletic,3,0,4,4,3,3,1
1980,Scunthorpe United,AFC Bournemouth,1,1,4,4,2,0,0
1980,Scunthorpe United,Hereford United,3,1,4,4,4,2,1
1980,Scunthorpe United,Northampton Town,0,2,4,4,2,-2,0
1980,Scunthorpe United,Torquay United,0,2,4,4,2,-2,0
1980,Southend United,Crewe Alexandra,3,0,4,4,3,3,1
1980,Southend United,Peterborough United,1,0,4,4,1,1,1
1980,Southend United,Tranmere Rovers,2,0,4,4,2,2,1
1980,Stockport County,Bradford City,1,2,4,4,3,-1,0
1980,Stockport County,Darlington,0,1,4,4,1,-1,0
1980,Stockport County,Mansfield Town,2,1,4,4,3,1,1
1980,Stockport County,Port Vale,2,1,4,4,3,1,1
1980,Stockport County,Southend United,1,0,4,4,1,1,1
1980,Torquay United,Bury,3,1,4,4,4,2,1
1980,Torquay United,Doncaster Rovers,2,3,4,4,5,-1,0
1980,Torquay United,Hereford United,0,1,4,4,1,-1,0
1980,Torquay United,Rochdale,2,0,4,4,2,2,1
1980,Torquay United,Stockport County,1,2,4,4,3,-1,0
1980,Torquay United,Wimbledon,2,3,4,4,5,-1,0
1980,Tranmere Rovers,Aldershot,3,1,4,4,4,2,1
1980,Tranmere Rovers,Lincoln City,0,0,4,4,0,0,0
1980,Tranmere Rovers,Peterborough United,1,2,4,4,3,-1,0
1980,Tranmere Rovers,Scunthorpe United,1,2,4,4,3,-1,0
1980,Wigan Athletic,Bradford City,0,1,4,4,1,-1,0
1980,Wigan Athletic,Hartlepool United,0,3,4,4,3,-3,0
1980,Wigan Athletic,Mansfield Town,2,0,4,4,2,2,1
1980,Wigan Athletic,Southend United,0,1,4,4,1,-1,0
1980,Wimbledon,AFC Bournemouth,2,0,4,4,2,2,1
1980,Wimbledon,Doncaster Rovers,1,0,4,4,1,1,1
1980,Wimbledon,Hereford United,0,0,4,4,0,0,0
1980,Wimbledon,Northampton Town,1,0,4,4,1,1,1
1980,Wimbledon,Rochdale,4,1,4,4,5,3,1
1980,Wimbledon,Stockport County,1,2,4,4,3,-1,0
1980,Wimbledon,Wigan Athletic,1,0,4,4,1,1,1
1980,York City,Halifax Town,1,1,4,4,2,0,0
1980,York City,Torquay United,0,0,4,4,0,0,0
1980,York City,Wimbledon,0,1,4,4,1,-1,0
1981,Arsenal,Brighton & Hove Albion,0,0,1,1,0,0,0
1981,Arsenal,Ipswich Town,1,0,1,1,1,1,1
1981,Arsenal,Manchester City,1,0,1,1,1,1,1
1981,Arsenal,Stoke City,0,1,1,1,1,-1,0
1981,Arsenal,Tottenham Hotspur,1,3,1,1,4,-2,0
1981,Arsenal,Wolverhampton Wanderers,2,1,1,1,3,1,1
1981,Aston Villa,Brighton & Hove Albion,3,0,1,1,3,3,1
1981,Aston Villa,Stoke City,2,2,1,1,4,0,0
1981,Aston Villa,Tottenham Hotspur,1,1,1,1,2,0,0
1981,Birmingham City,Brighton & Hove Albion,1,0,1,1,1,1,1
1981,Birmingham City,Manchester City,3,0,1,1,3,3,1
1981,Birmingham City,Stoke City,2,1,1,1,3,1,1
1981,Birmingham City,Tottenham Hotspur,0,0,1,1,0,0,0
1981,Birmingham City,Wolverhampton Wanderers,0,3,1,1,3,-3,0
1981,Brighton & Hove Albion,Manchester City,4,1,1,1,5,3,1
1981,Brighton & Hove Albion,Stoke City,0,0,1,1,0,0,0
1981,Coventry City,Birmingham City,0,1,1,1,1,-1,0
1981,Everton,Manchester City,0,1,1,1,1,-1,0
1981,Everton,Nottingham Forest,2,1,1,1,3,1,1
1981,Everton,Tottenham Hotspur,1,1,1,1,2,0,0
1981,Ipswich Town,Everton,3,0,1,1,3,3,1
1981,Ipswich Town,Manchester City,2,0,1,1,2,2,1
1981,Ipswich Town,Nottingham Forest,1,3,1,1,4,-2,0
1981,Ipswich Town,Stoke City,2,0,1,1,2,2,1
1981,Ipswich Town,Tottenham Hotspur,2,1,1,1,3,1,1
1981,Ipswich Town,Wolverhampton Wanderers,1,0,1,1,1,1,1
1981,Leeds United,Everton,1,1,1,1,2,0,0
1981,Leeds United,Manchester City,0,1,1,1,1,-1,0
1981,Leeds United,Nottingham Forest,1,1,1,1,2,0,0
1981,Leeds United,Tottenham Hotspur,0,0,1,1,0,0,0
1981,Liverpool,Birmingham City,3,1,1,1,4,2,1
1981,Liverpool,Everton,3,1,1,1,4,2,1
1981,Liverpool,Nottingham Forest,2,0,1,1,2,2,1
1981,Liverpool,Stoke City,2,0,1,1,2,2,1
1981,Manchester City,Birmingham City,4,2,1,1,6,2,1
1981,Manchester City,Everton,1,1,1,1,2,0,0
1981,Manchester City,Liverpool,0,5,1,1,5,-5,0
1981,Manchester City,Nottingham Forest,0,0,1,1,0,0,0
1981,Manchester City,Tottenham Hotspur,0,1,1,1,1,-1,0
1981,Manchester United,Liverpool,0,1,1,1,1,-1,0
1981,Manchester United,Nottingham Forest,0,0,1,1,0,0,0
1981,Middlesbrough,Everton,0,2,1,1,2,-2,0
1981,Middlesbrough,Liverpool,0,0,1,1,0,0,0
1981,Middlesbrough,Nottingham Forest,1,1,1,1,2,0,0
1981,Middlesbrough,Stoke City,3,2,1,1,5,1,1
1981,Middlesbrough,Tottenham Hotspur,1,3,1,1,4,-2,0
1981,Nottingham Forest,Liverpool,0,2,1,1,2,-2,0
1981,Notts County,Birmingham City,1,4,1,1,5,-3,0
1981,Notts County,Liverpool,0,4,1,1,4,-4,0
1981,Notts County,Middlesbrough,0,1,1,1,1,-1,0
1981,Notts County,Stoke City,3,1,1,1,4,2,1
1981,Southampton,Birmingham City,3,1,1,1,4,2,1
1981,Southampton,Everton,1,0,1,1,1,1,1
1981,Southampton,Liverpool,2,3,1,1,5,-1,0
1981,Southampton,Stoke City,4,3,1,1,7,1,1
1981,Southampton,Tottenham Hotspur,1,2,1,1,3,-1,0
1981,Stoke City,Everton,3,1,1,1,4,2,1
1981,Stoke City,Middlesbrough,2,0,1,1,2,2,1
1981,Stoke City,Southampton,0,2,1,1,2,-2,0
1981,Stoke City,Wolverhampton Wanderers,2,1,1,1,3,1,1
1981,Sunderland,Birmingham City,2,0,1,1,2,2,1
1981,Sunderland,Southampton,2,0,1,1,2,2,1
1981,Sunderland,Wolverhampton Wanderers,0,0,1,1,0,0,0
1981,Swansea City,Birmingham City,1,0,1,1,1,1,1
1981,Swansea City,Liverpool,2,0,1,1,2,2,1
1981,Tottenham Hotspur,Liverpool,2,2,1,1,4,0,0
1981,Tottenham Hotspur,Middlesbrough,1,0,1,1,1,1,1
1981,Tottenham Hotspur,Swansea City,2,1,1,1,3,1,1
1981,West Bromwich Albion,Birmingham City,1,1,1,1,2,0,0
1981,West Bromwich Albion,Everton,0,0,1,1,0,0,0
1981,West Bromwich Albion,Liverpool,1,1,1,1,2,0,0
1981,West Bromwich Albion,Middlesbrough,2,0,1,1,2,2,1
1981,West Ham United,Birmingham City,2,2,1,1,4,0,0
1981,West Ham United,Liverpool,1,1,1,1,2,0,0
1981,West Ham United,Southampton,4,2,1,1,6,2,1
1981,Wolverhampton Wanderers,Birmingham City,1,1,1,1,2,0,0
1981,Wolverhampton Wanderers,Liverpool,1,0,1,1,1,1,1
1981,Wolverhampton Wanderers,Swansea City,0,1,1,1,1,-1,0
1981,Wolverhampton Wanderers,West Ham United,2,1,1,1,3,1,1
1981,Barnsley,Cambridge United,0,0,2,2,0,0,0
1981,Barnsley,Chelsea,2,1,2,2,3,1,1
1981,Barnsley,Oldham Athletic,3,1,2,2,4,2,1
1981,Barnsley,Sheffield Wednesday,1,0,2,2,1,1,1
1981,Barnsley,Wrexham,2,2,2,2,4,0,0
1981,Blackburn Rovers,Cambridge United,1,0,2,2,1,1,1
1981,Blackburn Rovers,Chelsea,1,1,2,2,2,0,0
1981,Blackburn Rovers,Grimsby Town,2,0,2,2,2,2,1
1981,Blackburn Rovers,Sheffield Wednesday,0,1,2,2,1,-1,0
1981,Bolton Wanderers,Luton Town,1,2,2,2,3,-1,0
1981,Bolton Wanderers,Sheffield Wednesday,3,1,2,2,4,2,1
1981,Cambridge United,Bolton Wanderers,2,1,2,2,3,1,1
1981,Cambridge United,Chelsea,1,0,2,2,1,1,1
1981,Cambridge United,Grimsby Town,2,2,2,2,4,0,0
1981,Cambridge United,Luton Town,1,1,2,2,2,0,0
1981,Cambridge United,Oldham Athletic,0,0,2,2,0,0,0
1981,Cambridge United,Wrexham,2,3,2,2,5,-1,0
1981,Cardiff City,Bolton Wanderers,2,1,2,2,3,1,1
1981,Cardiff City,Chelsea,1,2,2,2,3,-1,0
1981,Cardiff City,Luton Town,2,3,2,2,5,-1,0
1981,Cardiff City,Sheffield Wednesday,0,2,2,2,2,-2,0
1981,Cardiff City,Wrexham,3,2,2,2,5,1,1
1981,Charlton Athletic,Chelsea,3,4,2,2,7,-1,0
1981,Charlton Athletic,Grimsby Town,2,0,2,2,2,2,1
1981,Charlton Athletic,Luton Town,0,0,2,2,0,0,0
1981,Charlton Athletic,Sheffield Wednesday,3,0,2,2,3,3,1
1981,Chelsea,Charlton Athletic,2,2,2,2,4,0,0
1981,Chelsea,Luton Town,1,2,2,2,3,-1,0
1981,Chelsea,Oldham Athletic,2,2,2,2,4,0,0
1981,Chelsea,Wrexham,2,0,2,2,2,2,1
1981,Crystal Palace,Bolton Wanderers,1,0,2,2,1,1,1
1981,Crystal Palace,Luton Town,3,3,2,2,6,0,0
1981,Crystal Palace,Oldham Athletic,4,0,2,2,4,4,1
1981,Crystal Palace,Wrexham,2,1,2,2,3,1,1
1981,Derby County,Bolton Wanderers,0,2,2,2,2,-2,0
1981,Derby County,Charlton Athletic,1,1,2,2,2,0,0
1981,Derby County,Luton Town,0,0,2,2,0,0,0
1981,Derby County,Sheffield Wednesday,3,1,2,2,4,2,1
1981,Derby County,Wrexham,2,1,2,2,3,1,1
1981,Grimsby Town,Bolton Wanderers,1,1,2,2,2,0,0
1981,Grimsby Town,Derby County,1,0,2,2,1,1,1
1981,Leicester City,Charlton Athletic,3,1,2,2,4,2,1
1981,Leicester City,Derby County,2,1,2,2,3,1,1
1981,Leyton Orient,Bolton Wanderers,3,0,2,2,3,3,1
1981,Leyton Orient,Derby County,3,2,2,2,5,1,1
1981,Leyton Orient,Oldham Athletic,0,3,2,2,3,-3,0
1981,Leyton Orient,Wrexham,0,0,2,2,0,0,0
1981,Luton Town,Bolton Wanderers,2,0,2,2,2,2,1
1981,Luton Town,Derby County,3,2,2,2,5,1,1
1981,Luton Town,Oldham Athletic,2,0,2,2,2,2,1
1981,Luton Town,Wrexham,0,0,2,2,0,0,0
1981,Newcastle United,Bolton Wanderers,2,0,2,2,2,2,1
1981,Newcastle United,Leyton Orient,1,0,2,2,1,1,1
1981,Newcastle United,Oldham Athletic,2,0,2,2,2,2,1
1981,Newcastle United,Wrexham,4,2,2,2,6,2,1
1981,Norwich City,Charlton Athletic,5,0,2,2,5,5,1
1981,Norwich City,Derby County,4,1,2,2,5,3,1
1981,Norwich City,Leyton Orient,2,0,2,2,2,2,1
1981,Norwich City,Wrexham,4,0,2,2,4,4,1
1981,Oldham Athletic,Bolton Wanderers,1,1,2,2,2,0,0
1981,Oldham Athletic,Charlton Athletic,1,0,2,2,1,1,1
1981,Oldham Athletic,Leyton Orient,3,2,2,2,5,1,1
1981,Oldham Athletic,Wrexham,2,1,2,2,3,1,1
1981,Queens Park Rangers,Bolton Wanderers,7,1,2,2,8,6,1
1981,Queens Park Rangers,Derby County,3,0,2,2,3,3,1
1981,Queens Park Rangers,Leyton Orient,3,0,2,2,3,3,1
1981,Queens Park Rangers,Sheffield Wednesday,2,0,2,2,2,2,1
1981,Rotherham United,Charlton Athletic,2,1,2,2,3,1,1
1981,Rotherham United,Norwich City,4,1,2,2,5,3,1
1981,Sheffield Wednesday,Charlton Athletic,1,1,2,2,2,0,0
1981,Sheffield Wednesday,Derby County,1,1,2,2,2,0,0
1981,Sheffield Wednesday,Norwich City,2,1,2,2,3,1,1
1981,Sheffield Wednesday,Rotherham United,2,0,2,2,2,2,1
1981,Sheffield Wednesday,Wrexham,0,3,2,2,3,-3,0
1981,Shrewsbury Town,Bolton Wanderers,2,0,2,2,2,2,1
1981,Shrewsbury Town,Leyton Orient,2,0,2,2,2,2,1
1981,Shrewsbury Town,Norwich City,0,2,2,2,2,-2,0
1981,Shrewsbury Town,Rotherham United,2,1,2,2,3,1,1
1981,Shrewsbury Town,Wrexham,1,1,2,2,2,0,0
1981,Watford,Leyton Orient,3,0,2,2,3,3,1
1981,Watford,Rotherham United,1,0,2,2,1,1,1
1981,Wrexham,Bolton Wanderers,2,1,2,2,3,1,1
1981,Wrexham,Charlton Athletic,1,0,2,2,1,1,1
1981,Wrexham,Derby County,1,1,2,2,2,0,0
1981,Wrexham,Watford,0,1,2,2,1,-1,0
1981,Brentford,Burnley,0,0,3,3,0,0,0
1981,Brentford,Chesterfield,2,0,3,3,2,2,1
1981,Brentford,Fulham,0,1,3,3,1,-1,0
1981,Brentford,Oxford United,1,2,3,3,3,-1,0
1981,Bristol City,Carlisle United,1,1,3,3,2,0,0
1981,Bristol City,Gillingham,2,1,3,3,3,1,1
1981,Bristol City,Reading,2,0,3,3,2,2,1
1981,Bristol Rovers,Newport County,2,0,3,3,2,2,1
1981,Bristol Rovers,Portsmouth,1,1,3,3,2,0,0
1981,Bristol Rovers,Southend United,2,1,3,3,3,1,1
1981,Burnley,Fulham,2,2,3,3,4,0,0
1981,Burnley,Swindon Town,0,2,3,3,2,-2,0
1981,Carlisle United,Burnley,1,0,3,3,1,1,1
1981,Carlisle United,Doncaster Rovers,2,0,3,3,2,2,1
1981,Carlisle United,Millwall,2,1,3,3,3,1,1
1981,Carlisle United,Plymouth Argyle,3,1,3,3,4,2,1
1981,Carlisle United,Walsall,2,1,3,3,3,1,1
1981,Chester,Bristol City,0,0,3,3,0,0,0
1981,Chester,Huddersfield Town,3,1,3,3,4,2,1
1981,Chester,Portsmouth,3,2,3,3,5,1,1
1981,Chester,Southend United,1,1,3,3,2,0,0
1981,Chester,Wimbledon,1,1,3,3,2,0,0
1981,Chesterfield,Lincoln City,0,2,3,3,2,-2,0
1981,Chesterfield,Preston North End,0,0,3,3,0,0,0
1981,Chesterfield,Swindon Town,2,1,3,3,3,1,1
1981,Doncaster Rovers,Chesterfield,0,0,3,3,0,0,0
1981,Doncaster Rovers,Gillingham,1,1,3,3,2,0,0
1981,Doncaster Rovers,Millwall,1,0,3,3,1,1,1
1981,Doncaster Rovers,Plymouth Argyle,2,2,3,3,4,0,0
1981,Exeter City,Bristol City,4,0,3,3,4,4,1
1981,Exeter City,Carlisle United,2,1,3,3,3,1,1
1981,Exeter City,Doncaster Rovers,2,1,3,3,3,1,1
1981,Exeter City,Portsmouth,3,3,3,3,6,0,0
1981,Exeter City,Wimbledon,2,1,3,3,3,1,1
1981,Fulham,Lincoln City,1,1,3,3,2,0,0
1981,Gillingham,Brentford,1,1,3,3,2,0,0
1981,Gillingham,Chesterfield,3,2,3,3,5,1,1
1981,Gillingham,Reading,2,1,3,3,3,1,1
1981,Huddersfield Town,Southend United,3,2,3,3,5,1,1
1981,Huddersfield Town,Wimbledon,1,1,3,3,2,0,0
1981,Lincoln City,Bristol Rovers,1,0,3,3,1,1,1
1981,Lincoln City,Exeter City,2,0,3,3,2,2,1
1981,Lincoln City,Huddersfield Town,2,0,3,3,2,2,1
1981,Lincoln City,Oxford United,2,1,3,3,3,1,1
1981,Lincoln City,Preston North End,1,2,3,3,3,-1,0
1981,Millwall,Brentford,0,1,3,3,1,-1,0
1981,Millwall,Chesterfield,3,2,3,3,5,1,1
1981,Millwall,Lincoln City,1,1,3,3,2,0,0
1981,Millwall,Plymouth Argyle,2,1,3,3,3,1,1
1981,Millwall,Walsall,2,0,3,3,2,2,1
1981,Newport County,Doncaster Rovers,1,0,3,3,1,1,1
1981,Newport County,Southend United,3,2,3,3,5,1,1
1981,Oxford United,Huddersfield Town,1,0,3,3,1,1,1
1981,Oxford United,Preston North End,3,0,3,3,3,3,1
1981,Oxford United,Swindon Town,5,0,3,3,5,5,1
1981,Plymouth Argyle,Oxford United,0,1,3,3,1,-1,0
1981,Plymouth Argyle,Walsall,4,1,3,3,5,3,1
1981,Portsmouth,Doncaster Rovers,0,0,3,3,0,0,0
1981,Portsmouth,Gillingham,1,0,3,3,1,1,1
1981,Portsmouth,Millwall,2,2,3,3,4,0,0
1981,Portsmouth,Plymouth Argyle,1,0,3,3,1,1,1
1981,Preston North End,Bristol Rovers,0,1,3,3,1,-1,0
1981,Preston North End,Exeter City,1,0,3,3,1,1,1
1981,Reading,Chesterfield,0,2,3,3,2,-2,0
1981,Reading,Fulham,0,3,3,3,3,-3,0
1981,Reading,Oxford United,0,3,3,3,3,-3,0
1981,Reading,Preston North End,2,1,3,3,3,1,1
1981,Reading,Walsall,0,0,3,3,0,0,0
1981,Southend United,Carlisle United,1,1,3,3,2,0,0
1981,Southend United,Doncaster Rovers,1,1,3,3,2,0,0
1981,Southend United,Gillingham,3,0,3,3,3,3,1
1981,Southend United,Plymouth Argyle,3,0,3,3,3,3,1
1981,Southend United,Wimbledon,2,0,3,3,2,2,1
1981,Swindon Town,Southend United,0,0,3,3,0,0,0
1981,Walsall,Brentford,3,0,3,3,3,3,1
1981,Walsall,Lincoln City,2,1,3,3,3,1,1
1981,Walsall,Swindon Town,5,0,3,3,5,5,1
1981,Wimbledon,Carlisle United,3,1,3,3,4,2,1
1981,Wimbledon,Millwall,1,3,3,3,4,-2,0
1981,AFC Bournemouth,Bradford City,0,2,4,4,2,-2,0
1981,AFC Bournemouth,Hartlepool United,5,1,4,4,6,4,1
1981,AFC Bournemouth,Port Vale,1,1,4,4,2,0,0
1981,AFC Bournemouth,Tranmere Rovers,1,1,4,4,2,0,0
1981,Aldershot,AFC Bournemouth,2,0,4,4,2,2,1
1981,Aldershot,Hereford United,2,2,4,4,4,0,0
1981,Aldershot,Wigan Athletic,2,0,4,4,2,2,1
1981,Blackpool,Aldershot,0,2,4,4,2,-2,0
1981,Blackpool,Halifax Town,7,1,4,4,8,6,1
1981,Blackpool,Scunthorpe United,2,0,4,4,2,2,1
1981,Blackpool,York City,3,1,4,4,4,2,1
1981,Bradford City,Hartlepool United,1,0,4,4,1,1,1
1981,Bradford City,Port Vale,1,0,4,4,1,1,1
1981,Bury,AFC Bournemouth,2,2,4,4,4,0,0
1981,Bury,Hereford United,1,1,4,4,2,0,0
1981,Bury,Rochdale,3,0,4,4,3,3,1
1981,Bury,Stockport County,2,0,4,4,2,2,1
1981,Colchester United,Halifax Town,1,1,4,4,2,0,0
1981,Colchester United,Peterborough United,1,1,4,4,2,0,0
1981,Colchester United,York City,4,0,4,4,4,4,1
1981,Crewe Alexandra,Hartlepool United,1,2,4,4,3,-1,0
1981,Crewe Alexandra,Mansfield Town,0,2,4,4,2,-2,0
1981,Crewe Alexandra,Tranmere Rovers,1,1,4,4,2,0,0
1981,Darlington,Bradford City,1,5,4,4,6,-4,0
1981,Darlington,Crewe Alexandra,1,0,4,4,1,1,1
1981,Darlington,Rochdale,2,0,4,4,2,2,1
1981,Darlington,Stockport County,2,0,4,4,2,2,1
1981,Halifax Town,Aldershot,2,2,4,4,4,0,0
1981,Halifax Town,Peterborough United,1,1,4,4,2,0,0
1981,Halifax Town,York City,0,0,4,4,0,0,0
1981,Hartlepool United,Blackpool,2,2,4,4,4,0,0
1981,Hartlepool United,Colchester United,1,3,4,4,4,-2,0
1981,Hartlepool United,Port Vale,3,1,4,4,4,2,1
1981,Hartlepool United,Sheffield United,2,3,4,4,5,-1,0
1981,Hereford United,AFC Bournemouth,1,2,4,4,3,-1,0
1981,Hereford United,Bradford City,1,2,4,4,3,-1,0
1981,Hereford United,Crewe Alexandra,4,1,4,4,5,3,1
1981,Hereford United,Stockport County,0,0,4,4,0,0,0
1981,Hereford United,Wigan Athletic,3,0,4,4,3,3,1
1981,Hull City,Darlington,1,3,4,4,4,-2,0
1981,Hull City,Hereford United,2,1,4,4,3,1,1
1981,Hull City,Peterborough United,1,1,4,4,2,0,0
1981,Hull City,York City,2,0,4,4,2,2,1
1981,Mansfield Town,Blackpool,2,2,4,4,4,0,0
1981,Mansfield Town,Colchester United,1,3,4,4,4,-2,0
1981,Mansfield Town,Hull City,3,3,4,4,6,0,0
1981,Mansfield Town,Port Vale,1,3,4,4,4,-2,0
1981,Mansfield Town,Sheffield United,1,1,4,4,2,0,0
1981,Northampton Town,Crewe Alexandra,3,0,4,4,3,3,1
1981,Northampton Town,Hartlepool United,2,1,4,4,3,1,1
1981,Northampton Town,Rochdale,2,1,4,4,3,1,1
1981,Peterborough United,Bury,1,0,4,4,1,1,1
1981,Peterborough United,Darlington,3,1,4,4,4,2,1
1981,Peterborough United,Northampton Town,1,0,4,4,1,1,1
1981,Peterborough United,Torquay United,1,0,4,4,1,1,1
1981,Peterborough United,York City,0,1,4,4,1,-1,0
1981,Port Vale,Blackpool,2,0,4,4,2,2,1
1981,Port Vale,Colchester United,2,1,4,4,3,1,1
1981,Port Vale,Hull City,2,1,4,4,3,1,1
1981,Port Vale,Peterborough United,1,3,4,4,4,-2,0
1981,Port Vale,Sheffield United,0,2,4,4,2,-2,0
1981,Port Vale,Tranmere Rovers,0,0,4,4,0,0,0
1981,Rochdale,AFC Bournemouth,0,1,4,4,1,-1,0
1981,Rochdale,Port Vale,1,2,4,4,3,-1,0
1981,Scunthorpe United,Darlington,1,1,4,4,2,0,0
1981,Scunthorpe United,Rochdale,1,0,4,4,1,1,1
1981,Sheffield United,Blackpool,3,1,4,4,4,2,1
1981,Sheffield United,Hull City,0,0,4,4,0,0,0
1981,Sheffield United,Peterborough United,4,0,4,4,4,4,1
1981,Sheffield United,Tranmere Rovers,2,0,4,4,2,2,1
1981,Stockport County,Bradford City,2,3,4,4,5,-1,0
1981,Stockport County,Crewe Alexandra,2,0,4,4,2,2,1
1981,Stockport County,Hartlepool United,0,2,4,4,2,-2,0
1981,Stockport County,Mansfield Town,3,0,4,4,3,3,1
1981,Stockport County,Wigan Athletic,0,1,4,4,1,-1,0
1981,Torquay United,Aldershot,2,1,4,4,3,1,1
1981,Torquay United,Hereford United,1,2,4,4,3,-1,0
1981,Torquay United,Northampton Town,2,2,4,4,4,0,0
1981,Torquay United,Rochdale,2,1,4,4,3,1,1
1981,Torquay United,Stockport County,1,0,4,4,1,1,1
1981,Torquay United,York City,3,2,4,4,5,1,1
1981,Tranmere Rovers,Halifax Town,1,1,4,4,2,0,0
1981,Tranmere Rovers,Hull City,2,2,4,4,4,0,0
1981,Tranmere Rovers,Peterborough United,1,2,4,4,3,-1,0
1981,Wigan Athletic,AFC Bournemouth,0,0,4,4,0,0,0
1981,Wigan Athletic,Mansfield Town,3,1,4,4,4,2,1
1981,Wigan Athletic,Port Vale,2,0,4,4,2,2,1
1981,Wigan Athletic,Tranmere Rovers,0,0,4,4,0,0,0
1981,York City,Hereford United,3,4,4,4,7,-1,0
1981,York City,Northampton Town,2,1,4,4,3,1,1
1981,York City,Rochdale,1,2,4,4,3,-1,0
1981,York City,Wigan Athletic,0,0,4,4,0,0,0
1982,Arsenal,Manchester City,3,0,1,1,3,3,1
1982,Arsenal,Nottingham Forest,0,0,1,1,0,0,0
1982,Arsenal,West Ham United,2,3,1,1,5,-1,0
1982,Aston Villa,Brighton & Hove Albion,1,0,1,1,1,1,1
1982,Aston Villa,Ipswich Town,1,1,1,1,2,0,0
1982,Aston Villa,Manchester City,1,1,1,1,2,0,0
1982,Birmingham City,Brighton & Hove Albion,1,1,1,1,2,0,0
1982,Birmingham City,Ipswich Town,0,0,1,1,0,0,0
1982,Birmingham City,Manchester City,2,2,1,1,4,0,0
1982,Birmingham City,West Ham United,3,0,1,1,3,3,1
1982,Brighton & Hove Albion,Birmingham City,1,0,1,1,1,1,1
1982,Brighton & Hove Albion,Manchester City,0,1,1,1,1,-1,0
1982,Brighton & Hove Albion,Stoke City,1,2,1,1,3,-1,0
1982,Brighton & Hove Albion,Tottenham Hotspur,2,1,1,1,3,1,1
1982,Coventry City,Birmingham City,0,1,1,1,1,-1,0
1982,Coventry City,Manchester City,4,0,1,1,4,4,1
1982,Coventry City,Tottenham Hotspur,1,1,1,1,2,0,0
1982,Coventry City,West Ham United,2,4,1,1,6,-2,0
1982,Everton,Ipswich Town,1,1,1,1,2,0,0
1982,Everton,Manchester City,2,1,1,1,3,1,1
1982,Everton,Tottenham Hotspur,3,1,1,1,4,2,1
1982,Ipswich Town,Everton,0,2,1,1,2,-2,0
1982,Liverpool,Manchester City,5,2,1,1,7,3,1
1982,Liverpool,Nottingham Forest,4,3,1,1,7,1,1
1982,Liverpool,Tottenham Hotspur,3,0,1,1,3,3,1
1982,Luton Town,Birmingham City,3,1,1,1,4,2,1
1982,Luton Town,Everton,1,5,1,1,6,-4,0
1982,Luton Town,Tottenham Hotspur,1,1,1,1,2,0,0
1982,Luton Town,West Ham United,0,2,1,1,2,-2,0
1982,Manchester City,Birmingham City,0,0,1,1,0,0,0
1982,Manchester City,Nottingham Forest,1,2,1,1,3,-1,0
1982,Manchester City,Tottenham Hotspur,2,2,1,1,4,0,0
1982,Manchester City,West Ham United,2,0,1,1,2,2,1
1982,Manchester United,Birmingham City,3,0,1,1,3,3,1
1982,Norwich City,Birmingham City,5,1,1,1,6,4,1
1982,Norwich City,Stoke City,4,2,1,1,6,2,1
1982,Norwich City,West Ham United,1,1,1,1,2,0,0
1982,Nottingham Forest,Birmingham City,1,1,1,1,2,0,0
1982,Nottingham Forest,Everton,2,0,1,1,2,2,1
1982,Nottingham Forest,Luton Town,0,1,1,1,1,-1,0
1982,Notts County,Birmingham City,0,0,1,1,0,0,0
1982,Notts County,Everton,1,0,1,1,1,1,1
1982,Notts County,West Ham United,1,2,1,1,3,-1,0
1982,Southampton,Everton,3,2,1,1,5,1,1
1982,Southampton,Luton Town,2,2,1,1,4,0,0
1982,Southampton,Tottenham Hotspur,1,2,1,1,3,-1,0
1982,Southampton,West Ham United,3,0,1,1,3,3,1
1982,Stoke City,Birmingham City,1,1,1,1,2,0,0
1982,Stoke City,Luton Town,4,4,1,1,8,0,0
1982,Stoke City,Norwich City,1,0,1,1,1,1,1
1982,Stoke City,Southampton,1,1,1,1,2,0,0
1982,Stoke City,West Ham United,5,2,1,1,7,3,1
1982,Sunderland,Birmingham City,1,2,1,1,3,-1,0
1982,Sunderland,Everton,2,1,1,1,3,1,1
1982,Sunderland,Tottenham Hotspur,0,1,1,1,1,-1,0
1982,Swansea City,Everton,0,3,1,1,3,-3,0
1982,Swansea City,Luton Town,2,0,1,1,2,2,1
1982,Swansea City,Southampton,3,2,1,1,5,1,1
1982,Swansea City,Tottenham Hotspur,2,0,1,1,2,2,1
1982,Tottenham Hotspur,Everton,2,1,1,1,3,1,1
1982,Tottenham Hotspur,Norwich City,0,0,1,1,0,0,0
1982,Watford,Luton Town,5,2,1,1,7,3,1
1982,Watford,Norwich City,2,2,1,1,4,0,0
1982,Watford,Southampton,2,0,1,1,2,2,1
1982,Watford,Swansea City,2,1,1,1,3,1,1
1982,Watford,West Ham United,2,1,1,1,3,1,1
1982,West Bromwich Albion,Norwich City,1,0,1,1,1,1,1
1982,West Bromwich Albion,Swansea City,3,3,1,1,6,0,0
1982,West Bromwich Albion,West Ham United,1,2,1,1,3,-1,0
1982,West Ham United,Birmingham City,5,0,1,1,5,5,1
1982,West Ham United,Everton,2,0,1,1,2,2,1
1982,West Ham United,Luton Town,2,3,1,1,5,-1,0
1982,West Ham United,Norwich City,1,0,1,1,1,1,1
1982,Barnsley,Burnley,3,0,2,2,3,3,1
1982,Barnsley,Charlton Athletic,0,0,2,2,0,0,0
1982,Barnsley,Rotherham United,2,1,2,2,3,1,1
1982,Barnsley,Wolverhampton Wanderers,2,1,2,2,3,1,1
1982,Blackburn Rovers,Burnley,2,1,2,2,3,1,1
1982,Blackburn Rovers,Charlton Athletic,2,0,2,2,2,2,1
1982,Blackburn Rovers,Derby County,2,0,2,2,2,2,1
1982,Blackburn Rovers,Leeds United,0,0,2,2,0,0,0
1982,Blackburn Rovers,Newcastle United,1,2,2,2,3,-1,0
1982,Bolton Wanderers,Leeds United,1,2,2,2,3,-1,0
1982,Bolton Wanderers,Newcastle United,3,1,2,2,4,2,1
1982,Burnley,Bolton Wanderers,0,0,2,2,0,0,0
1982,Burnley,Derby County,1,1,2,2,2,0,0
1982,Burnley,Leeds United,1,2,2,2,3,-1,0
1982,Burnley,Rotherham United,1,2,2,2,3,-1,0
1982,Burnley,Wolverhampton Wanderers,0,1,2,2,1,-1,0
1982,Cambridge United,Bolton Wanderers,0,0,2,2,0,0,0
1982,Cambridge United,Rotherham United,2,0,2,2,2,2,1
1982,Carlisle United,Charlton Athletic,4,1,2,2,5,3,1
1982,Carlisle United,Leeds United,2,2,2,2,4,0,0
1982,Carlisle United,Rotherham United,2,2,2,2,4,0,0
1982,Carlisle United,Wolverhampton Wanderers,0,2,2,2,2,-2,0
1982,Charlton Athletic,Leeds United,0,1,2,2,1,-1,0
1982,Charlton Athletic,Newcastle United,2,0,2,2,2,2,1
1982,Charlton Athletic,Wolverhampton Wanderers,3,3,2,2,6,0,0
1982,Chelsea,Bolton Wanderers,2,1,2,2,3,1,1
1982,Chelsea,Derby County,1,3,2,2,4,-2,0
1982,Crystal Palace,Carlisle United,2,1,2,2,3,1,1
1982,Crystal Palace,Derby County,4,1,2,2,5,3,1
1982,Crystal Palace,Rotherham United,1,1,2,2,2,0,0
1982,Crystal Palace,Wolverhampton Wanderers,3,4,2,2,7,-1,0
1982,Derby County,Crystal Palace,1,1,2,2,2,0,0
1982,Derby County,Rotherham United,3,0,2,2,3,3,1
1982,Derby County,Wolverhampton Wanderers,1,1,2,2,2,0,0
1982,Fulham,Crystal Palace,1,0,2,2,1,1,1
1982,Fulham,Leeds United,3,2,2,2,5,1,1
1982,Fulham,Newcastle United,2,2,2,2,4,0,0
1982,Grimsby Town,Bolton Wanderers,1,0,2,2,1,1,1
1982,Leeds United,Carlisle United,1,1,2,2,2,0,0
1982,Leeds United,Crystal Palace,2,1,2,2,3,1,1
1982,Leeds United,Grimsby Town,1,0,2,2,1,1,1
1982,Leeds United,Newcastle United,3,1,2,2,4,2,1
1982,Leeds United,Wolverhampton Wanderers,0,0,2,2,0,0,0
1982,Leicester City,Bolton Wanderers,0,0,2,2,0,0,0
1982,Leicester City,Carlisle United,6,0,2,2,6,6,1
1982,Leicester City,Rotherham United,3,1,2,2,4,2,1
1982,Leicester City,Wolverhampton Wanderers,5,0,2,2,5,5,1
1982,Middlesbrough,Bolton Wanderers,1,0,2,2,1,1,1
1982,Middlesbrough,Crystal Palace,2,0,2,2,2,2,1
1982,Middlesbrough,Grimsby Town,1,4,2,2,5,-3,0
1982,Middlesbrough,Rotherham United,1,1,2,2,2,0,0
1982,Newcastle United,Grimsby Town,4,0,2,2,4,4,1
1982,Newcastle United,Rotherham United,4,0,2,2,4,4,1
1982,Oldham Athletic,Crystal Palace,2,0,2,2,2,2,1
1982,Queens Park Rangers,Carlisle United,1,0,2,2,1,1,1
1982,Queens Park Rangers,Crystal Palace,0,0,2,2,0,0,0
1982,Queens Park Rangers,Grimsby Town,4,0,2,2,4,4,1
1982,Queens Park Rangers,Middlesbrough,6,1,2,2,7,5,1
1982,Queens Park Rangers,Rotherham United,4,0,2,2,4,4,1
1982,Queens Park Rangers,Wolverhampton Wanderers,2,1,2,2,3,1,1
1982,Rotherham United,Carlisle United,1,2,2,2,3,-1,0
1982,Rotherham United,Grimsby Town,3,0,2,2,3,3,1
1982,Rotherham United,Middlesbrough,1,1,2,2,2,0,0
1982,Rotherham United,Wolverhampton Wanderers,1,1,2,2,2,0,0
1982,Sheffield Wednesday,Bolton Wanderers,3,1,2,2,4,2,1
1982,Sheffield Wednesday,Crystal Palace,2,1,2,2,3,1,1
1982,Sheffield Wednesday,Middlesbrough,3,1,2,2,4,2,1
1982,Sheffield Wednesday,Queens Park Rangers,0,1,2,2,1,-1,0
1982,Sheffield Wednesday,Wolverhampton Wanderers,0,0,2,2,0,0,0
1982,Shrewsbury Town,Bolton Wanderers,1,0,2,2,1,1,1
1982,Shrewsbury Town,Carlisle United,2,1,2,2,3,1,1
1982,Shrewsbury Town,Crystal Palace,1,1,2,2,2,0,0
1982,Shrewsbury Town,Grimsby Town,0,0,2,2,0,0,0
1982,Shrewsbury Town,Middlesbrough,2,2,2,2,4,0,0
1982,AFC Bournemouth,Reading,1,1,3,3,2,0,0
1982,Bradford City,Leyton Orient,2,3,3,3,5,-1,0
1982,Bradford City,Sheffield United,2,0,3,3,2,2,1
1982,Bradford City,Wigan Athletic,0,1,3,3,1,-1,0
1982,Brentford,Gillingham,1,1,3,3,2,0,0
1982,Brentford,Lincoln City,2,0,3,3,2,2,1
1982,Brentford,Preston North End,3,1,3,3,4,2,1
1982,Brentford,Wrexham,4,1,3,3,5,3,1
1982,Bristol Rovers,Millwall,4,0,3,3,4,4,1
1982,Cardiff City,AFC Bournemouth,1,1,3,3,2,0,0
1982,Cardiff City,Bristol Rovers,3,1,3,3,4,2,1
1982,Cardiff City,Portsmouth,1,0,3,3,1,1,1
1982,Cardiff City,Wigan Athletic,3,2,3,3,5,1,1
1982,Chesterfield,Bradford City,3,0,3,3,3,3,1
1982,Chesterfield,Cardiff City,0,1,3,3,1,-1,0
1982,Chesterfield,Oxford United,1,2,3,3,3,-1,0
1982,Chesterfield,Preston North End,1,1,3,3,2,0,0
1982,Doncaster Rovers,Huddersfield Town,0,4,3,3,4,-4,0
1982,Doncaster Rovers,Walsall,1,3,3,3,4,-2,0
1982,Exeter City,AFC Bournemouth,4,2,3,3,6,2,1
1982,Exeter City,Bristol Rovers,0,1,3,3,1,-1,0
1982,Exeter City,Newport County,0,1,3,3,1,-1,0
1982,Exeter City,Wigan Athletic,2,1,3,3,3,1,1
1982,Gillingham,Bradford City,3,0,3,3,3,3,1
1982,Gillingham,Exeter City,4,4,3,3,8,0,0
1982,Gillingham,Oxford United,0,1,3,3,1,-1,0
1982,Gillingham,Preston North End,2,1,3,3,3,1,1
1982,Huddersfield Town,Brentford,2,0,3,3,2,2,1
1982,Huddersfield Town,Chesterfield,3,1,3,3,4,2,1
1982,Huddersfield Town,Gillingham,3,2,3,3,5,1,1
1982,Huddersfield Town,Millwall,5,1,3,3,6,4,1
1982,Huddersfield Town,Plymouth Argyle,2,0,3,3,2,2,1
1982,Huddersfield Town,Walsall,2,2,3,3,4,0,0
1982,Leyton Orient,Bristol Rovers,1,5,3,3,6,-4,0
1982,Leyton Orient,Doncaster Rovers,1,0,3,3,1,1,1
1982,Leyton Orient,Huddersfield Town,1,3,3,3,4,-2,0
1982,Leyton Orient,Newport County,1,5,3,3,6,-4,0
1982,Lincoln City,Leyton Orient,2,0,3,3,2,2,1
1982,Millwall,Brentford,1,0,3,3,1,1,1
1982,Millwall,Gillingham,4,1,3,3,5,3,1
1982,Millwall,Plymouth Argyle,2,2,3,3,4,0,0
1982,Newport County,AFC Bournemouth,5,1,3,3,6,4,1
1982,Newport County,Bristol Rovers,2,0,3,3,2,2,1
1982,Newport County,Huddersfield Town,2,1,3,3,3,1,1
1982,Newport County,Millwall,2,2,3,3,4,0,0
1982,Newport County,Portsmouth,0,3,3,3,3,-3,0
1982,Newport County,Sheffield United,3,1,3,3,4,2,1
1982,Oxford United,Cardiff City,2,2,3,3,4,0,0
1982,Oxford United,Newport County,0,3,3,3,3,-3,0
1982,Plymouth Argyle,Brentford,2,0,3,3,2,2,1
1982,Plymouth Argyle,Chesterfield,2,0,3,3,2,2,1
1982,Plymouth Argyle,Gillingham,2,0,3,3,2,2,1
1982,Plymouth Argyle,Lincoln City,0,2,3,3,2,-2,0
1982,Portsmouth,AFC Bournemouth,0,2,3,3,2,-2,0
1982,Portsmouth,Bristol Rovers,1,0,3,3,1,1,1
1982,Portsmouth,Plymouth Argyle,2,1,3,3,3,1,1
1982,Portsmouth,Wigan Athletic,0,0,3,3,0,0,0
1982,Preston North End,Bradford City,0,0,3,3,0,0,0
1982,Preston North End,Cardiff City,2,1,3,3,3,1,1
1982,Preston North End,Exeter City,2,2,3,3,4,0,0
1982,Preston North End,Newport County,0,0,3,3,0,0,0
1982,Preston North End,Portsmouth,0,0,3,3,0,0,0
1982,Preston North End,Wrexham,3,0,3,3,3,3,1
1982,Reading,Brentford,1,1,3,3,2,0,0
1982,Reading,Chesterfield,0,0,3,3,0,0,0
1982,Reading,Gillingham,0,0,3,3,0,0,0
1982,Reading,Oxford United,0,3,3,3,3,-3,0
1982,Reading,Preston North End,2,3,3,3,5,-1,0
1982,Sheffield United,Doncaster Rovers,3,1,3,3,4,2,1
1982,Sheffield United,Millwall,1,1,3,3,2,0,0
1982,Sheffield United,Reading,1,1,3,3,2,0,0
1982,Southend United,Bradford City,1,1,3,3,2,0,0
1982,Southend United,Cardiff City,1,2,3,3,3,-1,0
1982,Southend United,Exeter City,1,1,3,3,2,0,0
1982,Southend United,Sheffield United,3,1,3,3,4,2,1
1982,Southend United,Wrexham,2,2,3,3,4,0,0
1982,Walsall,Brentford,2,1,3,3,3,1,1
1982,Walsall,Oxford United,1,0,3,3,1,1,1
1982,Walsall,Southend United,1,3,3,3,4,-2,0
1982,Wigan Athletic,Doncaster Rovers,0,3,3,3,3,-3,0
1982,Wigan Athletic,Huddersfield Town,2,0,3,3,2,2,1
1982,Wigan Athletic,Millwall,3,1,3,3,4,2,1
1982,Wigan Athletic,Walsall,1,3,3,3,4,-2,0
1982,Wrexham,Bradford City,0,4,3,3,4,-4,0
1982,Wrexham,Sheffield United,4,1,3,3,5,3,1
1982,Aldershot,Bury,1,1,4,4,2,0,0
1982,Aldershot,Port Vale,1,4,4,4,5,-3,0
1982,Aldershot,Tranmere Rovers,1,0,4,4,1,1,1
1982,Blackpool,Hereford United,5,1,4,4,6,4,1
1982,Blackpool,Rochdale,1,0,4,4,1,1,1
1982,Bristol City,Colchester United,0,2,4,4,2,-2,0
1982,Bristol City,Peterborough United,1,0,4,4,1,1,1
1982,Bristol City,Scunthorpe United,0,2,4,4,2,-2,0
1982,Bristol City,Torquay United,0,1,4,4,1,-1,0
1982,Chester,Aldershot,1,1,4,4,2,0,0
1982,Chester,Bury,0,1,4,4,1,-1,0
1982,Chester,Northampton Town,2,1,4,4,3,1,1
1982,Chester,Wimbledon,1,2,4,4,3,-1,0
1982,Colchester United,Chester,1,0,4,4,1,1,1
1982,Colchester United,Scunthorpe United,5,1,4,4,6,4,1
1982,Colchester United,Torquay United,1,0,4,4,1,1,1
1982,Colchester United,York City,0,0,4,4,0,0,0
1982,Crewe Alexandra,Bristol City,4,1,4,4,5,3,1
1982,Crewe Alexandra,Mansfield Town,1,2,4,4,3,-1,0
1982,Crewe Alexandra,Port Vale,1,2,4,4,3,-1,0
1982,Crewe Alexandra,Stockport County,3,0,4,4,3,3,1
1982,Darlington,Hereford United,2,1,4,4,3,1,1
1982,Darlington,Wimbledon,0,2,4,4,2,-2,0
1982,Halifax Town,Blackpool,2,0,4,4,2,2,1
1982,Halifax Town,Hull City,1,2,4,4,3,-1,0
1982,Halifax Town,Peterborough United,1,2,4,4,3,-1,0
1982,Halifax Town,Scunthorpe United,3,1,4,4,4,2,1
1982,Hartlepool United,Bristol City,3,1,4,4,4,2,1
1982,Hartlepool United,Halifax Town,1,2,4,4,3,-1,0
1982,Hartlepool United,Port Vale,2,2,4,4,4,0,0
1982,Hartlepool United,Tranmere Rovers,4,0,4,4,4,4,1
1982,Hereford United,Northampton Town,1,1,4,4,2,0,0
1982,Hereford United,Rochdale,1,0,4,4,1,1,1
1982,Hereford United,Wimbledon,1,4,4,4,5,-3,0
1982,Hull City,Darlington,0,0,4,4,0,0,0
1982,Mansfield Town,Colchester United,1,1,4,4,2,0,0
1982,Mansfield Town,Halifax Town,1,2,4,4,3,-1,0
1982,Mansfield Town,Port Vale,0,2,4,4,2,-2,0
1982,Mansfield Town,Tranmere Rovers,1,1,4,4,2,0,0
1982,Northampton Town,Aldershot,1,1,4,4,2,0,0
1982,Northampton Town,Bury,0,3,4,4,3,-3,0
1982,Northampton Town,Hartlepool United,3,1,4,4,4,2,1
1982,Northampton Town,Rochdale,1,1,4,4,2,0,0
1982,Northampton Town,Wimbledon,2,2,4,4,4,0,0
1982,Peterborough United,York City,2,2,4,4,4,0,0
1982,Rochdale,Aldershot,3,1,4,4,4,2,1
1982,Rochdale,Port Vale,3,3,4,4,6,0,0
1982,Rochdale,Wimbledon,0,2,4,4,2,-2,0
1982,Scunthorpe United,Blackpool,4,3,4,4,7,1,1
1982,Scunthorpe United,Chester,2,0,4,4,2,2,1
1982,Scunthorpe United,Hereford United,1,2,4,4,3,-1,0
1982,Scunthorpe United,Northampton Town,5,1,4,4,6,4,1
1982,Scunthorpe United,Rochdale,1,1,4,4,2,0,0
1982,Scunthorpe United,York City,0,0,4,4,0,0,0
1982,Stockport County,Tranmere Rovers,3,2,4,4,5,1,1
1982,Swindon Town,Bury,1,1,4,4,2,0,0
1982,Swindon Town,Hartlepool United,3,0,4,4,3,3,1
1982,Swindon Town,Mansfield Town,4,0,4,4,4,4,1
1982,Swindon Town,Wimbledon,0,1,4,4,1,-1,0
1982,Torquay United,Blackpool,1,3,4,4,4,-2,0
1982,Torquay United,Chester,0,1,4,4,1,-1,0
1982,Torquay United,Rochdale,3,2,4,4,5,1,1
1982,Tranmere Rovers,Colchester United,2,4,4,4,6,-2,0
1982,Tranmere Rovers,Halifax Town,1,2,4,4,3,-1,0
1982,Tranmere Rovers,Hull City,0,1,4,4,1,-1,0
1982,Tranmere Rovers,Scunthorpe United,0,4,4,4,4,-4,0
1982,Wimbledon,Aldershot,6,1,4,4,7,5,1
1982,Wimbledon,Bury,2,1,4,4,3,1,1
1982,Wimbledon,Crewe Alexandra,3,2,4,4,5,1,1
1982,Wimbledon,Hartlepool United,2,0,4,4,2,2,1
1982,Wimbledon,Mansfield Town,1,1,4,4,2,0,0
1982,Wimbledon,Tranmere Rovers,4,0,4,4,4,4,1
1982,York City,Northampton Town,5,2,4,4,7,3,1
1982,York City,Swindon Town,0,0,4,4,0,0,0
1983,Arsenal,Manchester United,2,3,1,1,5,-1,0
1983,Arsenal,Notts County,1,1,1,1,2,0,0
1983,Arsenal,Wolverhampton Wanderers,4,1,1,1,5,3,1
1983,Aston Villa,Stoke City,1,1,1,1,2,0,0
1983,Aston Villa,Watford,2,1,1,1,3,1,1
1983,Birmingham City,Leicester City,2,1,1,1,3,1,1
1983,Birmingham City,Watford,2,0,1,1,2,2,1
1983,Birmingham City,Wolverhampton Wanderers,0,0,1,1,0,0,0
1983,Coventry City,Birmingham City,0,1,1,1,1,-1,0
1983,Coventry City,Manchester United,1,1,1,1,2,0,0
1983,Coventry City,Notts County,2,1,1,1,3,1,1
1983,Everton,Leicester City,1,1,1,1,2,0,0
1983,Everton,Manchester United,1,1,1,1,2,0,0
1983,Everton,Notts County,4,1,1,1,5,3,1
1983,Everton,Stoke City,1,0,1,1,1,1,1
1983,Everton,Watford,1,0,1,1,1,1,1
1983,Everton,Wolverhampton Wanderers,2,0,1,1,2,2,1
1983,Ipswich Town,Leicester City,0,0,1,1,0,0,0
1983,Ipswich Town,Manchester United,0,2,1,1,2,-2,0
1983,Ipswich Town,Stoke City,5,0,1,1,5,5,1
1983,Ipswich Town,Watford,0,0,1,1,0,0,0
1983,Ipswich Town,Wolverhampton Wanderers,3,1,1,1,4,2,1
1983,Leicester City,Ipswich Town,2,0,1,1,2,2,1
1983,Leicester City,Manchester United,1,1,1,1,2,0,0
1983,Leicester City,Stoke City,2,2,1,1,4,0,0
1983,Leicester City,Watford,4,1,1,1,5,3,1
1983,Liverpool,Notts County,5,0,1,1,5,5,1
1983,Liverpool,Stoke City,1,0,1,1,1,1,1
1983,Luton Town,Ipswich Town,2,1,1,1,3,1,1
1983,Luton Town,Stoke City,0,1,1,1,1,-1,0
1983,Manchester United,Birmingham City,1,0,1,1,1,1,1
1983,Manchester United,Ipswich Town,1,2,1,1,3,-1,0
1983,Manchester United,Luton Town,2,0,1,1,2,2,1
1983,Manchester United,Watford,4,1,1,1,5,3,1
1983,Manchester United,Wolverhampton Wanderers,3,0,1,1,3,3,1
1983,Norwich City,Birmingham City,1,1,1,1,2,0,0
1983,Norwich City,Ipswich Town,0,0,1,1,0,0,0
1983,Norwich City,Notts County,0,1,1,1,1,-1,0
1983,Norwich City,Wolverhampton Wanderers,3,0,1,1,3,3,1
1983,Nottingham Forest,Birmingham City,5,1,1,1,6,4,1
1983,Nottingham Forest,Luton Town,1,0,1,1,1,1,1
1983,Nottingham Forest,Stoke City,0,0,1,1,0,0,0
1983,Nottingham Forest,Watford,5,1,1,1,6,4,1
1983,Nottingham Forest,Wolverhampton Wanderers,5,0,1,1,5,5,1
1983,Notts County,Ipswich Town,0,2,1,1,2,-2,0
1983,Notts County,Luton Town,0,3,1,1,3,-3,0
1983,Notts County,Nottingham Forest,0,0,1,1,0,0,0
1983,Notts County,Stoke City,1,1,1,1,2,0,0
1983,Notts County,Watford,3,5,1,1,8,-2,0
1983,Queens Park Rangers,Birmingham City,2,1,1,1,3,1,1
1983,Queens Park Rangers,Luton Town,0,1,1,1,1,-1,0
1983,Queens Park Rangers,Nottingham Forest,0,1,1,1,1,-1,0
1983,Queens Park Rangers,Stoke City,6,0,1,1,6,6,1
1983,Queens Park Rangers,Watford,1,1,1,1,2,0,0
1983,Queens Park Rangers,Wolverhampton Wanderers,2,1,1,1,3,1,1
1983,Southampton,Birmingham City,2,1,1,1,3,1,1
1983,Southampton,Ipswich Town,3,2,1,1,5,1,1
1983,Southampton,Luton Town,2,1,1,1,3,1,1
1983,Southampton,Stoke City,3,1,1,1,4,2,1
1983,Stoke City,Birmingham City,2,1,1,1,3,1,1
1983,Stoke City,Luton Town,2,4,1,1,6,-2,0
1983,Sunderland,Birmingham City,2,1,1,1,3,1,1
1983,Sunderland,Ipswich Town,1,1,1,1,2,0,0
1983,Sunderland,Nottingham Forest,1,1,1,1,2,0,0
1983,Sunderland,Southampton,0,2,1,1,2,-2,0
1983,Tottenham Hotspur,Wolverhampton Wanderers,1,0,1,1,1,1,1
1983,Watford,Birmingham City,1,0,1,1,1,1,1
1983,Watford,Luton Town,1,2,1,1,3,-1,0
1983,Watford,Nottingham Forest,3,2,1,1,5,1,1
1983,Watford,Southampton,1,1,1,1,2,0,0
1983,Watford,Tottenham Hotspur,2,3,1,1,5,-1,0
1983,West Bromwich Albion,Birmingham City,1,2,1,1,3,-1,0
1983,West Bromwich Albion,Ipswich Town,2,1,1,1,3,1,1
1983,West Bromwich Albion,Tottenham Hotspur,1,1,1,1,2,0,0
1983,West Bromwich Albion,Wolverhampton Wanderers,1,3,1,1,4,-2,0
1983,West Ham United,Luton Town,3,1,1,1,4,2,1
1983,West Ham United,Tottenham Hotspur,4,1,1,1,5,3,1
1983,West Ham United,Wolverhampton Wanderers,1,1,1,1,2,0,0
1983,Wolverhampton Wanderers,Birmingham City,1,1,1,1,2,0,0
1983,Wolverhampton Wanderers,Ipswich Town,0,3,1,1,3,-3,0
1983,Wolverhampton Wanderers,Luton Town,1,2,1,1,3,-1,0
1983,Wolverhampton Wanderers,Nottingham Forest,1,0,1,1,1,1,1
1983,Wolverhampton Wanderers,Southampton,0,1,1,1,1,-1,0
1983,Wolverhampton Wanderers,Tottenham Hotspur,2,3,1,1,5,-1,0
1983,Barnsley,Cambridge United,2,0,2,2,2,2,1
1983,Barnsley,Portsmouth,0,3,2,2,3,-3,0
1983,Barnsley,Swansea City,3,2,2,2,5,1,1
1983,Blackburn Rovers,Charlton Athletic,1,1,2,2,2,0,0
1983,Blackburn Rovers,Derby County,5,1,2,2,6,4,1
1983,Blackburn Rovers,Huddersfield Town,2,2,2,2,4,0,0
1983,Brighton & Hove Albion,Charlton Athletic,7,0,2,2,7,7,1
1983,Brighton & Hove Albion,Derby County,1,0,2,2,1,1,1
1983,Brighton & Hove Albion,Huddersfield Town,3,1,2,2,4,2,1
1983,Brighton & Hove Albion,Middlesbrough,3,0,2,2,3,3,1
1983,Cambridge United,Swansea City,1,1,2,2,2,0,0
1983,Cardiff City,Derby County,1,0,2,2,1,1,1
1983,Cardiff City,Huddersfield Town,3,1,2,2,4,2,1
1983,Cardiff City,Middlesbrough,2,1,2,2,3,1,1
1983,Cardiff City,Portsmouth,0,0,2,2,0,0,0
1983,Cardiff City,Swansea City,3,2,2,2,5,1,1
1983,Carlisle United,Charlton Athletic,3,0,2,2,3,3,1
1983,Carlisle United,Middlesbrough,1,1,2,2,2,0,0
1983,Carlisle United,Swansea City,2,0,2,2,2,2,1
1983,Charlton Athletic,Brighton & Hove Albion,2,0,2,2,2,2,1
1983,Charlton Athletic,Derby County,1,0,2,2,1,1,1
1983,Charlton Athletic,Huddersfield Town,1,2,2,2,3,-1,0
1983,Charlton Athletic,Middlesbrough,2,0,2,2,2,2,1
1983,Charlton Athletic,Swansea City,2,2,2,2,4,0,0
1983,Chelsea,Carlisle United,0,0,2,2,0,0,0
1983,Chelsea,Huddersfield Town,3,1,2,2,4,2,1
1983,Chelsea,Middlesbrough,0,0,2,2,0,0,0
1983,Chelsea,Portsmouth,2,2,2,2,4,0,0
1983,Crystal Palace,Carlisle United,1,2,2,2,3,-1,0
1983,Crystal Palace,Derby County,0,1,2,2,1,-1,0
1983,Crystal Palace,Middlesbrough,1,0,2,2,1,1,1
1983,Crystal Palace,Swansea City,2,0,2,2,2,2,1
1983,Derby County,Brighton & Hove Albion,0,3,2,2,3,-3,0
1983,Derby County,Crystal Palace,3,0,2,2,3,3,1
1983,Derby County,Huddersfield Town,1,1,2,2,2,0,0
1983,Derby County,Portsmouth,2,0,2,2,2,2,1
1983,Derby County,Swansea City,2,1,2,2,3,1,1
1983,Fulham,Brighton & Hove Albion,3,1,2,2,4,2,1
1983,Fulham,Carlisle United,0,0,2,2,0,0,0
1983,Fulham,Crystal Palace,1,1,2,2,2,0,0
1983,Fulham,Huddersfield Town,0,2,2,2,2,-2,0
1983,Fulham,Swansea City,5,0,2,2,5,5,1
1983,Grimsby Town,Brighton & Hove Albion,5,0,2,2,5,5,1
1983,Grimsby Town,Carlisle United,1,1,2,2,2,0,0
1983,Grimsby Town,Crystal Palace,2,0,2,2,2,2,1
1983,Grimsby Town,Huddersfield Town,2,1,2,2,3,1,1
1983,Grimsby Town,Middlesbrough,0,0,2,2,0,0,0
1983,Grimsby Town,Swansea City,3,0,2,2,3,3,1
1983,Huddersfield Town,Brighton & Hove Albion,0,1,2,2,1,-1,0
1983,Huddersfield Town,Carlisle United,0,0,2,2,0,0,0
1983,Huddersfield Town,Crystal Palace,2,1,2,2,3,1,1
1983,Huddersfield Town,Portsmouth,2,1,2,2,3,1,1
1983,Leeds United,Brighton & Hove Albion,3,2,2,2,5,1,1
1983,Leeds United,Grimsby Town,2,1,2,2,3,1,1
1983,Leeds United,Middlesbrough,4,1,2,2,5,3,1
1983,Leeds United,Portsmouth,2,1,2,2,3,1,1
1983,Manchester City,Carlisle United,3,1,2,2,4,2,1
1983,Manchester City,Grimsby Town,2,1,2,2,3,1,1
1983,Manchester City,Portsmouth,2,1,2,2,3,1,1
1983,Middlesbrough,Brighton & Hove Albion,0,0,2,2,0,0,0
1983,Middlesbrough,Grimsby Town,1,1,2,2,2,0,0
1983,Middlesbrough,Manchester City,0,0,2,2,0,0,0
1983,Middlesbrough,Portsmouth,0,0,2,2,0,0,0
1983,Middlesbrough,Swansea City,1,0,2,2,1,1,1
1983,Newcastle United,Carlisle United,5,1,2,2,6,4,1
1983,Newcastle United,Crystal Palace,3,1,2,2,4,2,1
1983,Newcastle United,Manchester City,5,0,2,2,5,5,1
1983,Oldham Athletic,Brighton & Hove Albion,1,0,2,2,1,1,1
1983,Oldham Athletic,Carlisle United,2,3,2,2,5,-1,0
1983,Oldham Athletic,Portsmouth,3,2,2,2,5,1,1
1983,Oldham Athletic,Swansea City,3,3,2,2,6,0,0
1983,Portsmouth,Brighton & Hove Albion,5,1,2,2,6,4,1
1983,Portsmouth,Carlisle United,0,1,2,2,1,-1,0
1983,Sheffield Wednesday,Brighton & Hove Albion,2,1,2,2,3,1,1
1983,Sheffield Wednesday,Crystal Palace,1,0,2,2,1,1,1
1983,Sheffield Wednesday,Grimsby Town,1,0,2,2,1,1,1
1983,Sheffield Wednesday,Manchester City,0,0,2,2,0,0,0
1983,Shrewsbury Town,Brighton & Hove Albion,2,1,2,2,3,1,1
1983,Shrewsbury Town,Carlisle United,0,0,2,2,0,0,0
1983,Shrewsbury Town,Crystal Palace,1,1,2,2,2,0,0
1983,Shrewsbury Town,Manchester City,1,3,2,2,4,-2,0
1983,Swansea City,Brighton & Hove Albion,1,3,2,2,4,-2,0
1983,Swansea City,Carlisle United,0,0,2,2,0,0,0
1983,Swansea City,Crystal Palace,1,0,2,2,1,1,1
1983,Swansea City,Manchester City,0,2,2,2,2,-2,0
1983,AFC Bournemouth,Exeter City,3,1,3,3,4,2,1
1983,AFC Bournemouth,Port Vale,1,1,3,3,2,0,0
1983,Bolton Wanderers,Gillingham,0,1,3,3,1,-1,0
1983,Bolton Wanderers,Preston North End,2,2,3,3,4,0,0
1983,Bolton Wanderers,Wigan Athletic,0,1,3,3,1,-1,0
1983,Bradford City,Bolton Wanderers,0,2,3,3,2,-2,0
1983,Bradford City,Burnley,2,1,3,3,3,1,1
1983,Bradford City,Rotherham United,1,0,3,3,1,1,1
1983,Bradford City,Southend United,1,1,3,3,2,0,0
1983,Bradford City,Wimbledon,5,2,3,3,7,3,1
1983,Brentford,Leyton Orient,1,1,3,3,2,0,0
1983,Brentford,Newport County,2,0,3,3,2,2,1
1983,Brentford,Port Vale,3,1,3,3,4,2,1
1983,Brentford,Scunthorpe United,3,0,3,3,3,3,1
1983,Brentford,Walsall,1,1,3,3,2,0,0
1983,Bristol Rovers,Gillingham,3,0,3,3,3,3,1
1983,Bristol Rovers,Oxford United,1,1,3,3,2,0,0
1983,Bristol Rovers,Preston North End,3,1,3,3,4,2,1
1983,Bristol Rovers,Sheffield United,1,1,3,3,2,0,0
1983,Bristol Rovers,Wigan Athletic,2,1,3,3,3,1,1
1983,Burnley,Bolton Wanderers,2,2,3,3,4,0,0
1983,Burnley,Bristol Rovers,0,0,3,3,0,0,0
1983,Burnley,Hull City,0,2,3,3,2,-2,0
1983,Burnley,Wimbledon,0,2,3,3,2,-2,0
1983,Exeter City,Newport County,1,2,3,3,3,-1,0
1983,Exeter City,Scunthorpe United,1,1,3,3,2,0,0
1983,Gillingham,AFC Bournemouth,2,1,3,3,3,1,1
1983,Gillingham,Lincoln City,2,0,3,3,2,2,1
1983,Gillingham,Oxford United,2,3,3,3,5,-1,0
1983,Gillingham,Sheffield United,4,2,3,3,6,2,1
1983,Hull City,Bolton Wanderers,1,1,3,3,2,0,0
1983,Hull City,Bristol Rovers,0,0,3,3,0,0,0
1983,Hull City,Gillingham,0,0,3,3,0,0,0
1983,Hull City,Millwall,5,0,3,3,5,5,1
1983,Hull City,Southend United,2,1,3,3,3,1,1
1983,Hull City,Wimbledon,1,0,3,3,1,1,1
1983,Leyton Orient,Bradford City,2,0,3,3,2,2,1
1983,Lincoln City,AFC Bournemouth,3,0,3,3,3,3,1
1983,Lincoln City,Brentford,2,0,3,3,2,2,1
1983,Lincoln City,Oxford United,2,2,3,3,4,0,0
1983,Lincoln City,Sheffield United,0,2,3,3,2,-2,0
1983,Lincoln City,Wigan Athletic,0,1,3,3,1,-1,0
1983,Millwall,Bolton Wanderers,3,0,3,3,3,3,1
1983,Millwall,Bristol Rovers,1,0,3,3,1,1,1
1983,Millwall,Gillingham,2,2,3,3,4,0,0
1983,Newport County,Bradford City,4,3,3,3,7,1,1
1983,Newport County,Millwall,1,1,3,3,2,0,0
1983,Oxford United,Brentford,2,1,3,3,3,1,1
1983,Oxford United,Newport County,2,0,3,3,2,2,1
1983,Oxford United,Preston North End,2,0,3,3,2,2,1
1983,Oxford United,Sheffield United,2,2,3,3,4,0,0
1983,Oxford United,Wigan Athletic,0,0,3,3,0,0,0
1983,Plymouth Argyle,Bolton Wanderers,2,0,3,3,2,2,1
1983,Plymouth Argyle,Bristol Rovers,1,1,3,3,2,0,0
1983,Plymouth Argyle,Gillingham,1,1,3,3,2,0,0
1983,Plymouth Argyle,Oxford United,2,1,3,3,3,1,1
1983,Plymouth Argyle,Rotherham United,1,1,3,3,2,0,0
1983,Plymouth Argyle,Southend United,4,0,3,3,4,4,1
1983,Plymouth Argyle,Wimbledon,1,2,3,3,3,-1,0
1983,Port Vale,Bradford City,1,2,3,3,3,-1,0
1983,Port Vale,Burnley,2,3,3,3,5,-1,0
1983,Port Vale,Hull City,1,0,3,3,1,1,1
1983,Port Vale,Millwall,1,0,3,3,1,1,1
1983,Preston North End,Exeter City,2,1,3,3,3,1,1
1983,Preston North End,Leyton Orient,3,1,3,3,4,2,1
1983,Preston North End,Newport County,2,0,3,3,2,2,1
1983,Preston North End,Port Vale,4,0,3,3,4,4,1
1983,Preston North End,Sheffield United,2,2,3,3,4,0,0
1983,Rotherham United,Lincoln City,1,1,3,3,2,0,0
1983,Rotherham United,Oxford United,1,2,3,3,3,-1,0
1983,Rotherham United,Preston North End,0,1,3,3,1,-1,0
1983,Rotherham United,Southend United,0,0,3,3,0,0,0
1983,Rotherham United,Wimbledon,1,2,3,3,3,-1,0
1983,Scunthorpe United,Burnley,4,0,3,3,4,4,1
1983,Scunthorpe United,Millwall,0,1,3,3,1,-1,0
1983,Sheffield United,AFC Bournemouth,2,0,3,3,2,2,1
1983,Sheffield United,Newport County,2,0,3,3,2,2,1
1983,Sheffield United,Wigan Athletic,2,2,3,3,4,0,0
1983,Southend United,Bolton Wanderers,0,1,3,3,1,-1,0
1983,Southend United,Gillingham,3,1,3,3,4,2,1
1983,Southend United,Oxford United,0,1,3,3,1,-1,0
1983,Walsall,Burnley,1,1,3,3,2,0,0
1983,Walsall,Hull City,2,1,3,3,3,1,1
1983,Walsall,Millwall,1,1,3,3,2,0,0
1983,Walsall,Plymouth Argyle,3,2,3,3,5,1,1
1983,Wigan Athletic,AFC Bournemouth,1,3,3,3,4,-2,0
1983,Wigan Athletic,Brentford,2,1,3,3,3,1,1
1983,Wigan Athletic,Exeter City,1,1,3,3,2,0,0
1983,Wigan Athletic,Leyton Orient,0,1,3,3,1,-1,0
1983,Wigan Athletic,Newport County,1,0,3,3,1,1,1
1983,Wigan Athletic,Port Vale,3,0,3,3,3,3,1
1983,Wimbledon,Bolton Wanderers,4,0,3,3,4,4,1
1983,Wimbledon,Bristol Rovers,1,1,3,3,2,0,0
1983,Wimbledon,Gillingham,1,3,3,3,4,-2,0
1983,Wimbledon,Preston North End,2,2,3,3,4,0,0
1983,Wimbledon,Wigan Athletic,2,2,3,3,4,0,0
1983,Aldershot,Bury,1,2,4,4,3,-1,0
1983,Aldershot,Stockport County,1,1,4,4,2,0,0
1983,Blackpool,Aldershot,5,0,4,4,5,5,1
1983,Blackpool,Chester,3,3,4,4,6,0,0
1983,Blackpool,Halifax Town,4,0,4,4,4,4,1
1983,Blackpool,Reading,1,0,4,4,1,1,1
1983,Blackpool,Swindon Town,1,1,4,4,2,0,0
1983,Blackpool,Wrexham,4,0,4,4,4,4,1
1983,Bristol City,Blackpool,1,1,4,4,2,0,0
1983,Bristol City,Chesterfield,2,0,4,4,2,2,1
1983,Bristol City,Northampton Town,4,1,4,4,5,3,1
1983,Bristol City,Torquay United,5,0,4,4,5,5,1
1983,Bury,Bristol City,2,1,4,4,3,1,1
1983,Bury,Colchester United,1,1,4,4,2,0,0
1983,Bury,Hereford United,1,4,4,4,5,-3,0
1983,Bury,Peterborough United,2,2,4,4,4,0,0
1983,Bury,Stockport County,2,1,4,4,3,1,1
1983,Chester,Aldershot,1,2,4,4,3,-1,0
1983,Chester,Halifax Town,1,1,4,4,2,0,0
1983,Chester,Mansfield Town,0,4,4,4,4,-4,0
1983,Chester,Reading,2,1,4,4,3,1,1
1983,Chesterfield,Chester,1,1,4,4,2,0,0
1983,Chesterfield,Northampton Town,2,1,4,4,3,1,1
1983,Chesterfield,Rochdale,3,0,4,4,3,3,1
1983,Chesterfield,Torquay United,3,2,4,4,5,1,1
1983,Chesterfield,York City,2,1,4,4,3,1,1
1983,Colchester United,Chesterfield,2,0,4,4,2,2,1
1983,Colchester United,Doncaster Rovers,1,1,4,4,2,0,0
1983,Colchester United,Hereford United,3,0,4,4,3,3,1
1983,Colchester United,Peterborough United,1,1,4,4,2,0,0
1983,Crewe Alexandra,Bury,2,1,4,4,3,1,1
1983,Crewe Alexandra,Colchester United,1,1,4,4,2,0,0
1983,Crewe Alexandra,Reading,1,1,4,4,2,0,0
1983,Crewe Alexandra,Swindon Town,2,0,4,4,2,2,1
1983,Darlington,Blackpool,2,0,4,4,2,2,1
1983,Darlington,Crewe Alexandra,2,0,4,4,2,2,1
1983,Darlington,Hartlepool United,2,0,4,4,2,2,1
1983,Darlington,Northampton Town,5,3,4,4,8,2,1
1983,Darlington,Rochdale,1,0,4,4,1,1,1
1983,Darlington,Torquay United,0,1,4,4,1,-1,0
1983,Doncaster Rovers,Bristol City,1,0,4,4,1,1,1
1983,Doncaster Rovers,Chesterfield,2,1,4,4,3,1,1
1983,Doncaster Rovers,Hereford United,3,0,4,4,3,3,1
1983,Doncaster Rovers,Tranmere Rovers,1,1,4,4,2,0,0
1983,Halifax Town,Colchester United,4,1,4,4,5,3,1
1983,Halifax Town,Doncaster Rovers,1,2,4,4,3,-1,0
1983,Halifax Town,Mansfield Town,0,0,4,4,0,0,0
1983,Halifax Town,Swindon Town,2,1,4,4,3,1,1
1983,Halifax Town,Wrexham,1,1,4,4,2,0,0
1983,Hartlepool United,Blackpool,0,1,4,4,1,-1,0
1983,Hartlepool United,Halifax Town,3,0,4,4,3,3,1
1983,Hartlepool United,Torquay United,2,1,4,4,3,1,1
1983,Hartlepool United,York City,2,3,4,4,5,-1,0
1983,Hereford United,Bristol City,0,2,4,4,2,-2,0
1983,Hereford United,Peterborough United,2,1,4,4,3,1,1
1983,Hereford United,Tranmere Rovers,0,1,4,4,1,-1,0
1983,Mansfield Town,Colchester United,0,0,4,4,0,0,0
1983,Mansfield Town,Swindon Town,2,2,4,4,4,0,0
1983,Northampton Town,Blackpool,1,5,4,4,6,-4,0
1983,Northampton Town,Chester,2,1,4,4,3,1,1
1983,Northampton Town,Mansfield Town,2,1,4,4,3,1,1
1983,Northampton Town,Torquay United,2,1,4,4,3,1,1
1983,Peterborough United,Bristol City,4,1,4,4,5,3,1
1983,Peterborough United,Northampton Town,6,0,4,4,6,6,1
1983,Peterborough United,Stockport County,2,0,4,4,2,2,1
1983,Reading,Aldershot,1,0,4,4,1,1,1
1983,Reading,Colchester United,1,0,4,4,1,1,1
1983,Reading,Hereford United,3,1,4,4,4,2,1
1983,Reading,Peterborough United,1,1,4,4,2,0,0
1983,Reading,Swindon Town,2,2,4,4,4,0,0
1983,Rochdale,Blackpool,1,0,4,4,1,1,1
1983,Rochdale,Chester,1,1,4,4,2,0,0
1983,Rochdale,Mansfield Town,0,0,4,4,0,0,0
1983,Rochdale,Reading,4,1,4,4,5,3,1
1983,Rochdale,York City,0,2,4,4,2,-2,0
1983,Stockport County,Chesterfield,2,0,4,4,2,2,1
1983,Stockport County,Hartlepool United,1,0,4,4,1,1,1
1983,Stockport County,Rochdale,2,1,4,4,3,1,1
1983,Swindon Town,Aldershot,0,2,4,4,2,-2,0
1983,Swindon Town,Bury,0,0,4,4,0,0,0
1983,Swindon Town,Hereford United,3,0,4,4,3,3,1
1983,Swindon Town,Peterborough United,2,0,4,4,2,2,1
1983,Swindon Town,Stockport County,2,1,4,4,3,1,1
1983,Torquay United,Blackpool,1,0,4,4,1,1,1
1983,Torquay United,Crewe Alexandra,3,1,4,4,4,2,1
1983,Torquay United,Reading,2,2,4,4,4,0,0
1983,Torquay United,York City,1,3,4,4,4,-2,0
1983,Tranmere Rovers,Bristol City,2,0,4,4,2,2,1
1983,Tranmere Rovers,Darlington,0,1,4,4,1,-1,0
1983,Tranmere Rovers,Northampton Town,1,0,4,4,1,1,1
1983,Tranmere Rovers,Torquay United,3,0,4,4,3,3,1
1983,Wrexham,Aldershot,1,1,4,4,2,0,0
1983,Wrexham,Doncaster Rovers,1,2,4,4,3,-1,0
1983,Wrexham,Stockport County,1,2,4,4,3,-1,0
1983,York City,Chester,4,1,4,4,5,3,1
1983,York City,Mansfield Town,2,1,4,4,3,1,1
1983,York City,Reading,2,2,4,4,4,0,0
1983,York City,Wrexham,3,2,4,4,5,1,1
1984,Arsenal,Coventry City,2,1,1,1,3,1,1
1984,Arsenal,Leicester City,2,0,1,1,2,2,1
1984,Arsenal,Manchester United,0,1,1,1,1,-1,0
1984,Arsenal,Tottenham Hotspur,1,2,1,1,3,-1,0
1984,Arsenal,West Ham United,2,1,1,1,3,1,1
1984,Aston Villa,Leicester City,0,1,1,1,1,-1,0
1984,Aston Villa,Nottingham Forest,0,5,1,1,5,-5,0
1984,Aston Villa,Southampton,2,2,1,1,4,0,0
1984,Aston Villa,West Ham United,0,0,1,1,0,0,0
1984,Chelsea,Coventry City,6,2,1,1,8,4,1
1984,Chelsea,Manchester United,1,3,1,1,4,-2,0
1984,Chelsea,Southampton,0,2,1,1,2,-2,0
1984,Chelsea,West Ham United,3,0,1,1,3,3,1
1984,Coventry City,Chelsea,1,0,1,1,1,1,1
1984,Coventry City,Manchester United,0,3,1,1,3,-3,0
1984,Coventry City,Tottenham Hotspur,1,1,1,1,2,0,0
1984,Coventry City,West Ham United,1,2,1,1,3,-1,0
1984,Everton,Manchester United,5,0,1,1,5,5,1
1984,Everton,Southampton,2,2,1,1,4,0,0
1984,Everton,Tottenham Hotspur,1,4,1,1,5,-3,0
1984,Everton,West Ham United,3,0,1,1,3,3,1
1984,Ipswich Town,Leicester City,2,0,1,1,2,2,1
1984,Ipswich Town,Manchester United,1,1,1,1,2,0,0
1984,Ipswich Town,Nottingham Forest,1,0,1,1,1,1,1
1984,Ipswich Town,Southampton,0,1,1,1,1,-1,0
1984,Leicester City,Manchester United,2,3,1,1,5,-1,0
1984,Leicester City,Nottingham Forest,1,0,1,1,1,1,1
1984,Leicester City,West Ham United,1,0,1,1,1,1,1
1984,Liverpool,Ipswich Town,2,0,1,1,2,2,1
1984,Liverpool,Manchester United,0,1,1,1,1,-1,0
1984,Liverpool,Nottingham Forest,1,0,1,1,1,1,1
1984,Liverpool,Southampton,1,1,1,1,2,0,0
1984,Liverpool,Tottenham Hotspur,0,1,1,1,1,-1,0
1984,Luton Town,Chelsea,0,0,1,1,0,0,0
1984,Luton Town,Nottingham Forest,1,2,1,1,3,-1,0
1984,Luton Town,Southampton,1,1,1,1,2,0,0
1984,Manchester United,Chelsea,1,1,1,1,2,0,0
1984,Manchester United,Luton Town,2,0,1,1,2,2,1
1984,Manchester United,Southampton,0,0,1,1,0,0,0
1984,Manchester United,Tottenham Hotspur,1,0,1,1,1,1,1
1984,Manchester United,West Ham United,5,1,1,1,6,4,1
1984,Newcastle United,Ipswich Town,3,0,1,1,3,3,1
1984,Newcastle United,Luton Town,1,0,1,1,1,1,1
1984,Newcastle United,Tottenham Hotspur,2,3,1,1,5,-1,0
1984,Newcastle United,West Ham United,1,1,1,1,2,0,0
1984,Norwich City,Ipswich Town,0,2,1,1,2,-2,0
1984,Norwich City,Nottingham Forest,0,1,1,1,1,-1,0
1984,Norwich City,Tottenham Hotspur,1,2,1,1,3,-1,0
1984,Nottingham Forest,Chelsea,2,0,1,1,2,2,1
1984,Nottingham Forest,Norwich City,3,1,1,1,4,2,1
1984,Nottingham Forest,Tottenham Hotspur,1,2,1,1,3,-1,0
1984,Queens Park Rangers,Chelsea,2,2,1,1,4,0,0
1984,Queens Park Rangers,Ipswich Town,3,0,1,1,3,3,1
1984,Queens Park Rangers,Luton Town,2,3,1,1,5,-1,0
1984,Queens Park Rangers,Norwich City,2,2,1,1,4,0,0
1984,Queens Park Rangers,Southampton,0,4,1,1,4,-4,0
1984,Queens Park Rangers,Tottenham Hotspur,2,2,1,1,4,0,0
1984,Queens Park Rangers,West Ham United,4,2,1,1,6,2,1
1984,Sheffield Wednesday,Chelsea,1,1,1,1,2,0,0
1984,Sheffield Wednesday,Southampton,2,1,1,1,3,1,1
1984,Southampton,Ipswich Town,3,0,1,1,3,3,1
1984,Southampton,Luton Town,1,0,1,1,1,1,1
1984,Southampton,Norwich City,2,1,1,1,3,1,1
1984,Southampton,West Ham United,2,3,1,1,5,-1,0
1984,Stoke City,Ipswich Town,0,2,1,1,2,-2,0
1984,Stoke City,Sheffield Wednesday,2,1,1,1,3,1,1
1984,Stoke City,West Ham United,2,4,1,1,6,-2,0
1984,Sunderland,Sheffield Wednesday,0,0,1,1,0,0,0
1984,Sunderland,West Ham United,0,1,1,1,1,-1,0
1984,Tottenham Hotspur,Ipswich Town,2,3,1,1,5,-1,0
1984,Tottenham Hotspur,Luton Town,4,2,1,1,6,2,1
1984,Tottenham Hotspur,Norwich City,3,1,1,1,4,2,1
1984,Watford,Chelsea,1,3,1,1,4,-2,0
1984,Watford,Ipswich Town,3,1,1,1,4,2,1
1984,Watford,Norwich City,2,0,1,1,2,2,1
1984,Watford,Sheffield Wednesday,1,0,1,1,1,1,1
1984,West Bromwich Albion,Sheffield Wednesday,2,2,1,1,4,0,0
1984,West Ham United,Ipswich Town,0,0,1,1,0,0,0
1984,West Ham United,Luton Town,0,0,1,1,0,0,0
1984,West Ham United,Sunderland,1,0,1,1,1,1,1
1984,Barnsley,Charlton Athletic,1,0,2,2,1,1,1
1984,Barnsley,Oldham Athletic,0,1,2,2,1,-1,0
1984,Barnsley,Wolverhampton Wanderers,5,1,2,2,6,4,1
1984,Birmingham City,Brighton & Hove Albion,1,1,2,2,2,0,0
1984,Birmingham City,Charlton Athletic,2,1,2,2,3,1,1
1984,Birmingham City,Manchester City,0,0,2,2,0,0,0
1984,Birmingham City,Oldham Athletic,0,1,2,2,1,-1,0
1984,Birmingham City,Sheffield United,4,1,2,2,5,3,1
1984,Blackburn Rovers,Brighton & Hove Albion,2,0,2,2,2,2,1
1984,Blackburn Rovers,Manchester City,0,1,2,2,1,-1,0
1984,Brighton & Hove Albion,Grimsby Town,0,0,2,2,0,0,0
1984,Brighton & Hove Albion,Oldham Athletic,2,0,2,2,2,2,1
1984,Brighton & Hove Albion,Sheffield United,1,0,2,2,1,1,1
1984,Cardiff City,Blackburn Rovers,1,2,2,2,3,-1,0
1984,Cardiff City,Manchester City,0,3,2,2,3,-3,0
1984,Cardiff City,Oldham Athletic,2,2,2,2,4,0,0
1984,Carlisle United,Blackburn Rovers,0,1,2,2,1,-1,0
1984,Charlton Athletic,Grimsby Town,4,1,2,2,5,3,1
1984,Charlton Athletic,Manchester City,1,3,2,2,4,-2,0
1984,Charlton Athletic,Oldham Athletic,2,1,2,2,3,1,1
1984,Charlton Athletic,Sheffield United,0,0,2,2,0,0,0
1984,Crystal Palace,Blackburn Rovers,1,1,2,2,2,0,0
1984,Crystal Palace,Carlisle United,2,1,2,2,3,1,1
1984,Crystal Palace,Grimsby Town,0,2,2,2,2,-2,0
1984,Crystal Palace,Sheffield United,1,3,2,2,4,-2,0
1984,Fulham,Blackburn Rovers,3,2,2,2,5,1,1
1984,Fulham,Manchester City,3,2,2,2,5,1,1
1984,Fulham,Sheffield United,1,0,2,2,1,1,1
1984,Fulham,Wolverhampton Wanderers,1,2,2,2,3,-1,0
1984,Grimsby Town,Blackburn Rovers,1,1,2,2,2,0,0
1984,Grimsby Town,Fulham,2,4,2,2,6,-2,0
1984,Grimsby Town,Manchester City,4,1,2,2,5,3,1
1984,Grimsby Town,Sheffield United,0,2,2,2,2,-2,0
1984,Huddersfield Town,Blackburn Rovers,1,1,2,2,2,0,0
1984,Huddersfield Town,Carlisle United,2,0,2,2,2,2,1
1984,Huddersfield Town,Fulham,2,2,2,2,4,0,0
1984,Huddersfield Town,Oldham Athletic,2,1,2,2,3,1,1
1984,Huddersfield Town,Sheffield United,2,2,2,2,4,0,0
1984,Leeds United,Manchester City,1,1,2,2,2,0,0
1984,Leeds United,Oldham Athletic,6,0,2,2,6,6,1
1984,Leeds United,Wolverhampton Wanderers,3,2,2,2,5,1,1
1984,Manchester City,Blackburn Rovers,2,1,2,2,3,1,1
1984,Manchester City,Sheffield United,2,0,2,2,2,2,1
1984,Middlesbrough,Fulham,2,0,2,2,2,2,1
1984,Middlesbrough,Oldham Athletic,1,2,2,2,3,-1,0
1984,Notts County,Blackburn Rovers,0,3,2,2,3,-3,0
1984,Notts County,Oldham Athletic,0,0,2,2,0,0,0
1984,Notts County,Sheffield United,0,0,2,2,0,0,0
1984,Notts County,Wolverhampton Wanderers,4,1,2,2,5,3,1
1984,Oldham Athletic,Carlisle United,2,3,2,2,5,-1,0
1984,Oldham Athletic,Fulham,2,1,2,2,3,1,1
1984,Oldham Athletic,Leeds United,1,1,2,2,2,0,0
1984,Oldham Athletic,Sheffield United,2,2,2,2,4,0,0
1984,Oldham Athletic,Wolverhampton Wanderers,3,2,2,2,5,1,1
1984,Oxford United,Fulham,3,2,2,2,5,1,1
1984,Oxford United,Leeds United,5,2,2,2,7,3,1
1984,Oxford United,Notts County,1,1,2,2,2,0,0
1984,Oxford United,Wolverhampton Wanderers,3,1,2,2,4,2,1
1984,Portsmouth,Blackburn Rovers,2,2,2,2,4,0,0
1984,Portsmouth,Carlisle United,3,1,2,2,4,2,1
1984,Portsmouth,Sheffield United,2,1,2,2,3,1,1
1984,Sheffield United,Blackburn Rovers,1,3,2,2,4,-2,0
1984,Sheffield United,Carlisle United,0,0,2,2,0,0,0
1984,Sheffield United,Leeds United,2,1,2,2,3,1,1
1984,Sheffield United,Portsmouth,4,1,2,2,5,3,1
1984,Sheffield United,Wolverhampton Wanderers,2,2,2,2,4,0,0
1984,Shrewsbury Town,Blackburn Rovers,3,0,2,2,3,3,1
1984,Shrewsbury Town,Leeds United,2,3,2,2,5,-1,0
1984,Shrewsbury Town,Notts County,4,2,2,2,6,2,1
1984,Wimbledon,Blackburn Rovers,1,1,2,2,2,0,0
1984,Wolverhampton Wanderers,Blackburn Rovers,0,3,2,2,3,-3,0
1984,Wolverhampton Wanderers,Leeds United,0,2,2,2,2,-2,0
1984,Wolverhampton Wanderers,Portsmouth,0,0,2,2,0,0,0
1984,Wolverhampton Wanderers,Wimbledon,3,3,2,2,6,0,0
1984,AFC Bournemouth,Brentford,1,0,3,3,1,1,1
1984,AFC Bournemouth,Doncaster Rovers,1,3,3,3,4,-2,0
1984,AFC Bournemouth,Reading,0,3,3,3,3,-3,0
1984,Bolton Wanderers,Bristol City,1,4,3,3,5,-3,0
1984,Bolton Wanderers,Cambridge United,0,0,3,3,0,0,0
1984,Bolton Wanderers,Wigan Athletic,1,0,3,3,1,1,1
1984,Bradford City,Derby County,3,1,3,3,4,2,1
1984,Bradford City,Millwall,3,1,3,3,4,2,1
1984,Bradford City,York City,1,0,3,3,1,1,1
1984,Brentford,Burnley,2,1,3,3,3,1,1
1984,Brentford,Leyton Orient,0,1,3,3,1,-1,0
1984,Brentford,Newport County,2,5,3,3,7,-3,0
1984,Brentford,Reading,2,1,3,3,3,1,1
1984,Bristol City,Brentford,1,1,3,3,2,0,0
1984,Bristol City,Cambridge United,3,0,3,3,3,3,1
1984,Bristol City,Gillingham,2,0,3,3,2,2,1
1984,Bristol City,Wigan Athletic,2,0,3,3,2,2,1
1984,Bristol Rovers,Bolton Wanderers,1,2,3,3,3,-1,0
1984,Bristol Rovers,Hull City,1,1,3,3,2,0,0
1984,Burnley,Bradford City,1,2,3,3,3,-1,0
1984,Burnley,Bristol Rovers,0,0,3,3,0,0,0
1984,Burnley,Doncaster Rovers,0,1,3,3,1,-1,0
1984,Burnley,Leyton Orient,1,1,3,3,2,0,0
1984,Burnley,Newport County,2,0,3,3,2,2,1
1984,Burnley,Reading,0,2,3,3,2,-2,0
1984,Burnley,Walsall,1,2,3,3,3,-1,0
1984,Cambridge United,Brentford,1,2,3,3,3,-1,0
1984,Cambridge United,Gillingham,1,2,3,3,3,-1,0
1984,Cambridge United,Plymouth Argyle,1,1,3,3,2,0,0
1984,Cambridge United,Rotherham United,0,2,3,3,2,-2,0
1984,Derby County,Bolton Wanderers,3,2,3,3,5,1,1
1984,Derby County,Swansea City,1,1,3,3,2,0,0
1984,Doncaster Rovers,Bradford City,0,3,3,3,3,-3,0
1984,Doncaster Rovers,Bristol Rovers,2,2,3,3,4,0,0
1984,Doncaster Rovers,Leyton Orient,1,1,3,3,2,0,0
1984,Doncaster Rovers,Newport County,3,2,3,3,5,1,1
1984,Doncaster Rovers,Walsall,4,1,3,3,5,3,1
1984,Gillingham,Brentford,2,0,3,3,2,2,1
1984,Gillingham,Doncaster Rovers,2,1,3,3,3,1,1
1984,Gillingham,Lincoln City,3,2,3,3,5,1,1
1984,Hull City,Swansea City,4,1,3,3,5,3,1
1984,Leyton Orient,Bradford City,1,0,3,3,1,1,1
1984,Leyton Orient,Bristol Rovers,1,4,3,3,5,-3,0
1984,Leyton Orient,Derby County,2,2,3,3,4,0,0
1984,Leyton Orient,Reading,0,0,3,3,0,0,0
1984,Leyton Orient,Walsall,0,3,3,3,3,-3,0
1984,Lincoln City,AFC Bournemouth,0,0,3,3,0,0,0
1984,Lincoln City,Plymouth Argyle,2,2,3,3,4,0,0
1984,Millwall,Bristol City,1,1,3,3,2,0,0
1984,Millwall,Cambridge United,2,1,3,3,3,1,1
1984,Millwall,Gillingham,2,1,3,3,3,1,1
1984,Millwall,Preston North End,3,0,3,3,3,3,1
1984,Millwall,Swansea City,2,0,3,3,2,2,1
1984,Newport County,Hull City,0,1,3,3,1,-1,0
1984,Plymouth Argyle,Burnley,2,2,3,3,4,0,0
1984,Plymouth Argyle,Doncaster Rovers,2,1,3,3,3,1,1
1984,Plymouth Argyle,Newport County,1,0,3,3,1,1,1
1984,Plymouth Argyle,Rotherham United,1,0,3,3,1,1,1
1984,Plymouth Argyle,Wigan Athletic,1,0,3,3,1,1,1
1984,Preston North End,Bolton Wanderers,1,0,3,3,1,1,1
1984,Preston North End,Gillingham,0,0,3,3,0,0,0
1984,Preston North End,Lincoln City,0,1,3,3,1,-1,0
1984,Preston North End,Plymouth Argyle,1,2,3,3,3,-1,0
1984,Preston North End,Swansea City,3,2,3,3,5,1,1
1984,Reading,Bradford City,0,3,3,3,3,-3,0
1984,Reading,Bristol Rovers,3,2,3,3,5,1,1
1984,Reading,Millwall,2,2,3,3,4,0,0
1984,Reading,Walsall,1,1,3,3,2,0,0
1984,Rotherham United,AFC Bournemouth,1,0,3,3,1,1,1
1984,Rotherham United,Brentford,1,1,3,3,2,0,0
1984,Rotherham United,Doncaster Rovers,2,3,3,3,5,-1,0
1984,Rotherham United,Leyton Orient,2,1,3,3,3,1,1
1984,Rotherham United,Wigan Athletic,3,3,3,3,6,0,0
1984,Swansea City,Bolton Wanderers,2,1,3,3,3,1,1
1984,Swansea City,Bristol City,0,0,3,3,0,0,0
1984,Swansea City,Cambridge United,2,2,3,3,4,0,0
1984,Swansea City,Gillingham,0,1,3,3,1,-1,0
1984,Swansea City,Lincoln City,2,2,3,3,4,0,0
1984,Swansea City,Plymouth Argyle,0,2,3,3,2,-2,0
1984,Swansea City,Rotherham United,1,0,3,3,1,1,1
1984,Walsall,Bristol Rovers,1,2,3,3,3,-1,0
1984,Walsall,Millwall,3,3,3,3,6,0,0
1984,Walsall,Swansea City,3,0,3,3,3,3,1
1984,Wigan Athletic,Brentford,1,1,3,3,2,0,0
1984,Wigan Athletic,Newport County,1,1,3,3,2,0,0
1984,Wigan Athletic,Walsall,1,2,3,3,3,-1,0
1984,York City,Gillingham,7,1,3,3,8,6,1
1984,York City,Plymouth Argyle,0,0,3,3,0,0,0
1984,Aldershot,Crewe Alexandra,1,1,4,4,2,0,0
1984,Aldershot,Mansfield Town,0,0,4,4,0,0,0
1984,Aldershot,Southend United,6,2,4,4,8,4,1
1984,Blackpool,Chesterfield,1,0,4,4,1,1,1
1984,Blackpool,Hartlepool United,2,1,4,4,3,1,1
1984,Blackpool,Northampton Town,2,1,4,4,3,1,1
1984,Blackpool,Stockport County,4,1,4,4,5,3,1
1984,Bury,Exeter City,2,2,4,4,4,0,0
1984,Bury,Hereford United,2,1,4,4,3,1,1
1984,Chester,Bury,2,3,4,4,5,-1,0
1984,Chester,Halifax Town,2,0,4,4,2,2,1
1984,Chester,Port Vale,2,0,4,4,2,2,1
1984,Chester,Torquay United,0,1,4,4,1,-1,0
1984,Chesterfield,Aldershot,2,1,4,4,3,1,1
1984,Chesterfield,Chester,3,1,4,4,4,2,1
1984,Chesterfield,Northampton Town,2,1,4,4,3,1,1
1984,Chesterfield,Rochdale,0,0,4,4,0,0,0
1984,Chesterfield,Stockport County,3,0,4,4,3,3,1
1984,Colchester United,Blackpool,1,1,4,4,2,0,0
1984,Colchester United,Exeter City,3,4,4,4,7,-1,0
1984,Colchester United,Hereford United,2,2,4,4,4,0,0
1984,Colchester United,Scunthorpe United,1,1,4,4,2,0,0
1984,Colchester United,Swindon Town,1,1,4,4,2,0,0
1984,Crewe Alexandra,Colchester United,1,4,4,4,5,-3,0
1984,Crewe Alexandra,Halifax Town,0,1,4,4,1,-1,0
1984,Crewe Alexandra,Mansfield Town,1,1,4,4,2,0,0
1984,Crewe Alexandra,Southend United,0,2,4,4,2,-2,0
1984,Darlington,Aldershot,1,1,4,4,2,0,0
1984,Darlington,Crewe Alexandra,2,1,4,4,3,1,1
1984,Darlington,Hartlepool United,0,1,4,4,1,-1,0
1984,Darlington,Rochdale,1,0,4,4,1,1,1
1984,Exeter City,Darlington,1,1,4,4,2,0,0
1984,Exeter City,Wrexham,2,0,4,4,2,2,1
1984,Halifax Town,Bury,4,1,4,4,5,3,1
1984,Halifax Town,Colchester United,0,0,4,4,0,0,0
1984,Halifax Town,Exeter City,2,3,4,4,5,-1,0
1984,Halifax Town,Mansfield Town,1,0,4,4,1,1,1
1984,Halifax Town,Port Vale,2,1,4,4,3,1,1
1984,Halifax Town,Southend United,1,0,4,4,1,1,1
1984,Halifax Town,Torquay United,0,1,4,4,1,-1,0
1984,Hartlepool United,Stockport County,5,1,4,4,6,4,1
1984,Hartlepool United,Tranmere Rovers,2,4,4,4,6,-2,0
1984,Hereford United,Blackpool,2,1,4,4,3,1,1
1984,Hereford United,Darlington,0,1,4,4,1,-1,0
1984,Hereford United,Hartlepool United,2,1,4,4,3,1,1
1984,Hereford United,Peterborough United,1,0,4,4,1,1,1
1984,Hereford United,Swindon Town,0,3,4,4,3,-3,0
1984,Hereford United,Wrexham,2,1,4,4,3,1,1
1984,Mansfield Town,Bury,0,2,4,4,2,-2,0
1984,Mansfield Town,Colchester United,0,1,4,4,1,-1,0
1984,Mansfield Town,Port Vale,1,1,4,4,2,0,0
1984,Northampton Town,Chester,0,2,4,4,2,-2,0
1984,Peterborough United,Blackpool,2,0,4,4,2,2,1
1984,Peterborough United,Hartlepool United,3,1,4,4,4,2,1
1984,Peterborough United,Northampton Town,0,0,4,4,0,0,0
1984,Peterborough United,Scunthorpe United,3,1,4,4,4,2,1
1984,Peterborough United,Wrexham,2,1,4,4,3,1,1
1984,Port Vale,Bury,0,0,4,4,0,0,0
1984,Port Vale,Southend United,4,1,4,4,5,3,1
1984,Rochdale,Aldershot,1,2,4,4,3,-1,0
1984,Rochdale,Chester,1,2,4,4,3,-1,0
1984,Rochdale,Crewe Alexandra,1,3,4,4,4,-2,0
1984,Rochdale,Halifax Town,2,0,4,4,2,2,1
1984,Rochdale,Mansfield Town,2,1,4,4,3,1,1
1984,Rochdale,Port Vale,1,2,4,4,3,-1,0
1984,Rochdale,Stockport County,0,0,4,4,0,0,0
1984,Scunthorpe United,Darlington,0,1,4,4,1,-1,0
1984,Scunthorpe United,Northampton Town,2,1,4,4,3,1,1
1984,Scunthorpe United,Swindon Town,6,2,4,4,8,4,1
1984,Southend United,Colchester United,2,5,4,4,7,-3,0
1984,Southend United,Hereford United,0,0,4,4,0,0,0
1984,Southend United,Peterborough United,2,1,4,4,3,1,1
1984,Stockport County,Aldershot,6,0,4,4,6,6,1
1984,Stockport County,Chester,5,1,4,4,6,4,1
1984,Stockport County,Halifax Town,0,3,4,4,3,-3,0
1984,Stockport County,Mansfield Town,1,1,4,4,2,0,0
1984,Swindon Town,Chesterfield,4,0,4,4,4,4,1
1984,Swindon Town,Darlington,1,0,4,4,1,1,1
1984,Swindon Town,Northampton Town,2,0,4,4,2,2,1
1984,Torquay United,Hereford United,1,0,4,4,1,1,1
1984,Torquay United,Peterborough United,0,0,4,4,0,0,0
1984,Torquay United,Scunthorpe United,0,0,4,4,0,0,0
1984,Tranmere Rovers,Aldershot,4,3,4,4,7,1,1
1984,Tranmere Rovers,Crewe Alexandra,3,1,4,4,4,2,1
1984,Tranmere Rovers,Mansfield Town,0,0,4,4,0,0,0
1984,Tranmere Rovers,Port Vale,4,1,4,4,5,3,1
1984,Tranmere Rovers,Torquay United,3,1,4,4,4,2,1
1984,Wrexham,Chesterfield,2,0,4,4,2,2,1
1984,Wrexham,Darlington,1,1,4,4,2,0,0
1984,Wrexham,Hartlepool United,1,1,4,4,2,0,0
1984,Wrexham,Northampton Town,0,3,4,4,3,-3,0
1984,Wrexham,Rochdale,2,0,4,4,2,2,1
1985,Arsenal,Ipswich Town,1,0,1,1,1,1,1
1985,Arsenal,Luton Town,2,1,1,1,3,1,1
1985,Arsenal,Tottenham Hotspur,0,0,1,1,0,0,0
1985,Aston Villa,Chelsea,3,1,1,1,4,2,1
1985,Aston Villa,Luton Town,3,1,1,1,4,2,1
1985,Aston Villa,Tottenham Hotspur,1,2,1,1,3,-1,0
1985,Birmingham City,Luton Town,0,2,1,1,2,-2,0
1985,Birmingham City,Newcastle United,0,1,1,1,1,-1,0
1985,Birmingham City,Tottenham Hotspur,1,2,1,1,3,-1,0
1985,Chelsea,Newcastle United,1,1,1,1,2,0,0
1985,Chelsea,Queens Park Rangers,1,1,1,1,2,0,0
1985,Chelsea,West Ham United,0,4,1,1,4,-4,0
1985,Coventry City,Queens Park Rangers,2,1,1,1,3,1,1
1985,Everton,Birmingham City,4,1,1,1,5,3,1
1985,Everton,Ipswich Town,1,0,1,1,1,1,1
1985,Ipswich Town,Everton,3,4,1,1,7,-1,0
1985,Ipswich Town,Luton Town,1,1,1,1,2,0,0
1985,Ipswich Town,Newcastle United,2,2,1,1,4,0,0
1985,Ipswich Town,Queens Park Rangers,1,0,1,1,1,1,1
1985,Ipswich Town,Tottenham Hotspur,1,0,1,1,1,1,1
1985,Ipswich Town,West Ham United,0,1,1,1,1,-1,0
1985,Leicester City,Everton,3,1,1,1,4,2,1
1985,Leicester City,Luton Town,0,0,1,1,0,0,0
1985,Leicester City,Queens Park Rangers,1,4,1,1,5,-3,0
1985,Leicester City,West Ham United,0,1,1,1,1,-1,0
1985,Liverpool,Birmingham City,5,0,1,1,5,5,1
1985,Liverpool,Everton,0,2,1,1,2,-2,0
1985,Liverpool,Luton Town,3,2,1,1,5,1,1
1985,Liverpool,Queens Park Rangers,4,1,1,1,5,3,1
1985,Luton Town,Birmingham City,2,0,1,1,2,2,1
1985,Luton Town,Newcastle United,2,0,1,1,2,2,1
1985,Luton Town,Queens Park Rangers,2,0,1,1,2,2,1
1985,Luton Town,Tottenham Hotspur,1,1,1,1,2,0,0
1985,Luton Town,West Ham United,0,0,1,1,0,0,0
1985,Manchester City,Birmingham City,1,1,1,1,2,0,0
1985,Manchester City,Everton,1,1,1,1,2,0,0
1985,Manchester City,Liverpool,1,0,1,1,1,1,1
1985,Manchester City,Tottenham Hotspur,2,1,1,1,3,1,1
1985,Manchester City,West Ham United,2,2,1,1,4,0,0
1985,Manchester United,Liverpool,1,1,1,1,2,0,0
1985,Manchester United,Queens Park Rangers,2,0,1,1,2,2,1
1985,Manchester United,West Ham United,2,0,1,1,2,2,1
1985,Newcastle United,Everton,2,2,1,1,4,0,0
1985,Newcastle United,Liverpool,1,0,1,1,1,1,1
1985,Newcastle United,West Ham United,1,2,1,1,3,-1,0
1985,Nottingham Forest,Everton,0,0,1,1,0,0,0
1985,Nottingham Forest,Liverpool,1,1,1,1,2,0,0
1985,Nottingham Forest,Manchester United,1,3,1,1,4,-2,0
1985,Nottingham Forest,West Ham United,2,1,1,1,3,1,1
1985,Oxford United,Birmingham City,0,1,1,1,1,-1,0
1985,Oxford United,Everton,1,0,1,1,1,1,1
1985,Oxford United,Tottenham Hotspur,1,1,1,1,2,0,0
1985,Queens Park Rangers,Birmingham City,3,1,1,1,4,2,1
1985,Queens Park Rangers,West Ham United,0,1,1,1,1,-1,0
1985,Sheffield Wednesday,Oxford United,2,1,1,1,3,1,1
1985,Sheffield Wednesday,West Ham United,2,2,1,1,4,0,0
1985,Southampton,Birmingham City,1,0,1,1,1,1,1
1985,Southampton,Liverpool,1,2,1,1,3,-1,0
1985,Southampton,Manchester United,1,0,1,1,1,1,1
1985,Southampton,Oxford United,1,1,1,1,2,0,0
1985,Southampton,West Ham United,1,1,1,1,2,0,0
1985,Tottenham Hotspur,Birmingham City,2,0,1,1,2,2,1
1985,Tottenham Hotspur,Oxford United,5,1,1,1,6,4,1
1985,Watford,Birmingham City,3,0,1,1,3,3,1
1985,Watford,Manchester United,1,1,1,1,2,0,0
1985,Watford,Southampton,1,1,1,1,2,0,0
1985,Watford,West Ham United,0,2,1,1,2,-2,0
1985,West Bromwich Albion,Everton,0,3,1,1,3,-3,0
1985,West Bromwich Albion,Liverpool,1,2,1,1,3,-1,0
1985,West Bromwich Albion,Oxford United,1,1,1,1,2,0,0
1985,West Ham United,Birmingham City,2,0,1,1,2,2,1
1985,West Ham United,Everton,2,1,1,1,3,1,1
1985,West Ham United,Manchester United,2,1,1,1,3,1,1
1985,West Ham United,Southampton,1,0,1,1,1,1,1
1985,West Ham United,West Bromwich Albion,4,0,1,1,4,4,1
1985,Barnsley,Crystal Palace,2,4,2,2,6,-2,0
1985,Barnsley,Oldham Athletic,1,0,2,2,1,1,1
1985,Blackburn Rovers,Brighton & Hove Albion,1,4,2,2,5,-3,0
1985,Blackburn Rovers,Huddersfield Town,0,1,2,2,1,-1,0
1985,Blackburn Rovers,Shrewsbury Town,1,1,2,2,2,0,0
1985,Blackburn Rovers,Wimbledon,2,0,2,2,2,2,1
1985,Bradford City,Huddersfield Town,3,0,2,2,3,3,1
1985,Bradford City,Oldham Athletic,1,0,2,2,1,1,1
1985,Bradford City,Shrewsbury Town,3,1,2,2,4,2,1
1985,Brighton & Hove Albion,Bradford City,2,1,2,2,3,1,1
1985,Brighton & Hove Albion,Oldham Athletic,1,1,2,2,2,0,0
1985,Brighton & Hove Albion,Wimbledon,2,0,2,2,2,2,1
1985,Carlisle United,Crystal Palace,2,2,2,2,4,0,0
1985,Carlisle United,Middlesbrough,1,0,2,2,1,1,1
1985,Carlisle United,Oldham Athletic,3,1,2,2,4,2,1
1985,Carlisle United,Shrewsbury Town,0,2,2,2,2,-2,0
1985,Carlisle United,Wimbledon,2,3,2,2,5,-1,0
1985,Charlton Athletic,Bradford City,1,1,2,2,2,0,0
1985,Charlton Athletic,Crystal Palace,3,1,2,2,4,2,1
1985,Charlton Athletic,Huddersfield Town,3,0,2,2,3,3,1
1985,Charlton Athletic,Middlesbrough,2,0,2,2,2,2,1
1985,Charlton Athletic,Oldham Athletic,1,1,2,2,2,0,0
1985,Charlton Athletic,Shrewsbury Town,4,1,2,2,5,3,1
1985,Crystal Palace,Charlton Athletic,2,1,2,2,3,1,1
1985,Crystal Palace,Huddersfield Town,2,3,2,2,5,-1,0
1985,Crystal Palace,Middlesbrough,2,1,2,2,3,1,1
1985,Fulham,Charlton Athletic,0,3,2,2,3,-3,0
1985,Fulham,Huddersfield Town,2,1,2,2,3,1,1
1985,Fulham,Middlesbrough,0,3,2,2,3,-3,0
1985,Fulham,Shrewsbury Town,2,1,2,2,3,1,1
1985,Fulham,Wimbledon,0,2,2,2,2,-2,0
1985,Grimsby Town,Bradford City,2,0,2,2,2,2,1
1985,Grimsby Town,Charlton Athletic,2,2,2,2,4,0,0
1985,Grimsby Town,Huddersfield Town,1,1,2,2,2,0,0
1985,Huddersfield Town,Bradford City,2,0,2,2,2,2,1
1985,Huddersfield Town,Charlton Athletic,0,2,2,2,2,-2,0
1985,Huddersfield Town,Grimsby Town,2,2,2,2,4,0,0
1985,Huddersfield Town,Middlesbrough,0,3,2,2,3,-3,0
1985,Huddersfield Town,Oldham Athletic,2,0,2,2,2,2,1
1985,Huddersfield Town,Wimbledon,0,1,2,2,1,-1,0
1985,Hull City,Charlton Athletic,1,1,2,2,2,0,0
1985,Hull City,Oldham Athletic,4,2,2,2,6,2,1
1985,Leeds United,Charlton Athletic,1,2,2,2,3,-1,0
1985,Leeds United,Oldham Athletic,3,1,2,2,4,2,1
1985,Leeds United,Shrewsbury Town,1,1,2,2,2,0,0
1985,Leeds United,Wimbledon,0,0,2,2,0,0,0
1985,Middlesbrough,Bradford City,1,1,2,2,2,0,0
1985,Middlesbrough,Charlton Athletic,1,3,2,2,4,-2,0
1985,Middlesbrough,Leeds United,2,2,2,2,4,0,0
1985,Middlesbrough,Oldham Athletic,3,2,2,2,5,1,1
1985,Middlesbrough,Shrewsbury Town,3,1,2,2,4,2,1
1985,Millwall,Bradford City,2,1,2,2,3,1,1
1985,Millwall,Charlton Athletic,2,2,2,2,4,0,0
1985,Norwich City,Bradford City,0,0,2,2,0,0,0
1985,Norwich City,Charlton Athletic,3,1,2,2,4,2,1
1985,Norwich City,Grimsby Town,3,2,2,2,5,1,1
1985,Norwich City,Wimbledon,1,2,2,2,3,-1,0
1985,Oldham Athletic,Bradford City,0,1,2,2,1,-1,0
1985,Oldham Athletic,Charlton Athletic,2,1,2,2,3,1,1
1985,Oldham Athletic,Grimsby Town,2,1,2,2,3,1,1
1985,Oldham Athletic,Norwich City,1,3,2,2,4,-2,0
1985,Oldham Athletic,Shrewsbury Town,4,3,2,2,7,1,1
1985,Oldham Athletic,Wimbledon,2,1,2,2,3,1,1
1985,Portsmouth,Bradford City,4,0,2,2,4,4,1
1985,Portsmouth,Leeds United,2,3,2,2,5,-1,0
1985,Sheffield United,Bradford City,3,1,2,2,4,2,1
1985,Sheffield United,Charlton Athletic,1,1,2,2,2,0,0
1985,Shrewsbury Town,Bradford City,2,0,2,2,2,2,1
1985,Shrewsbury Town,Charlton Athletic,2,1,2,2,3,1,1
1985,Shrewsbury Town,Grimsby Town,0,2,2,2,2,-2,0
1985,Shrewsbury Town,Leeds United,1,3,2,2,4,-2,0
1985,Shrewsbury Town,Norwich City,0,3,2,2,3,-3,0
1985,Shrewsbury Town,Wimbledon,1,1,2,2,2,0,0
1985,Stoke City,Bradford City,3,1,2,2,4,2,1
1985,Stoke City,Charlton Athletic,0,0,2,2,0,0,0
1985,Stoke City,Grimsby Town,1,1,2,2,2,0,0
1985,Stoke City,Norwich City,1,1,2,2,2,0,0
1985,Sunderland,Grimsby Town,3,3,2,2,6,0,0
1985,Sunderland,Leeds United,4,2,2,2,6,2,1
1985,Sunderland,Norwich City,0,2,2,2,2,-2,0
1985,Wimbledon,Bradford City,1,0,2,2,1,1,1
1985,Wimbledon,Charlton Athletic,3,1,2,2,4,2,1
1985,Wimbledon,Sunderland,3,0,2,2,3,3,1
1985,AFC Bournemouth,Gillingham,2,3,3,3,5,-1,0
1985,Blackpool,Bristol City,2,1,3,3,3,1,1
1985,Blackpool,Derby County,0,1,3,3,1,-1,0
1985,Blackpool,Lincoln City,2,0,3,3,2,2,1
1985,Blackpool,Plymouth Argyle,1,1,3,3,2,0,0
1985,Blackpool,Wolverhampton Wanderers,0,1,3,3,1,-1,0
1985,Bolton Wanderers,Bristol Rovers,0,2,3,3,2,-2,0
1985,Bolton Wanderers,Reading,2,0,3,3,2,2,1
1985,Bolton Wanderers,Walsall,3,1,3,3,4,2,1
1985,Bolton Wanderers,York City,1,1,3,3,2,0,0
1985,Brentford,Bury,1,0,3,3,1,1,1
1985,Brentford,Gillingham,1,2,3,3,3,-1,0
1985,Brentford,Rotherham United,1,1,3,3,2,0,0
1985,Bristol City,AFC Bournemouth,1,3,3,3,4,-2,0
1985,Bristol City,Brentford,0,0,3,3,0,0,0
1985,Bristol City,Derby County,1,1,3,3,2,0,0
1985,Bristol City,Lincoln City,1,1,3,3,2,0,0
1985,Bristol Rovers,Bristol City,1,1,3,3,2,0,0
1985,Bristol Rovers,Chesterfield,1,1,3,3,2,0,0
1985,Bristol Rovers,Doncaster Rovers,1,0,3,3,1,1,1
1985,Bristol Rovers,Reading,0,2,3,3,2,-2,0
1985,Bristol Rovers,York City,0,1,3,3,1,-1,0
1985,Bury,Bolton Wanderers,2,1,3,3,3,1,1
1985,Bury,Bristol Rovers,1,1,3,3,2,0,0
1985,Bury,Darlington,0,1,3,3,1,-1,0
1985,Bury,Notts County,2,4,3,3,6,-2,0
1985,Bury,Rotherham United,2,0,3,3,2,2,1
1985,Cardiff City,AFC Bournemouth,0,1,3,3,1,-1,0
1985,Cardiff City,Derby County,0,2,3,3,2,-2,0
1985,Cardiff City,Lincoln City,2,1,3,3,3,1,1
1985,Cardiff City,Swansea City,1,0,3,3,1,1,1
1985,Chesterfield,Bristol City,0,0,3,3,0,0,0
1985,Chesterfield,Cardiff City,3,4,3,3,7,-1,0
1985,Chesterfield,Newport County,3,1,3,3,4,2,1
1985,Chesterfield,Reading,3,4,3,3,7,-1,0
1985,Darlington,Bolton Wanderers,0,1,3,3,1,-1,0
1985,Darlington,Chesterfield,2,1,3,3,3,1,1
1985,Darlington,Gillingham,3,2,3,3,5,1,1
1985,Darlington,Notts County,2,3,3,3,5,-1,0
1985,Darlington,Rotherham United,2,2,3,3,4,0,0
1985,Darlington,Wigan Athletic,1,1,3,3,2,0,0
1985,Derby County,Brentford,1,1,3,3,2,0,0
1985,Derby County,Darlington,1,1,3,3,2,0,0
1985,Derby County,Swansea City,5,1,3,3,6,4,1
1985,Derby County,Wolverhampton Wanderers,4,2,3,3,6,2,1
1985,Doncaster Rovers,Blackpool,0,0,3,3,0,0,0
1985,Doncaster Rovers,Bristol City,1,1,3,3,2,0,0
1985,Doncaster Rovers,Cardiff City,0,2,3,3,2,-2,0
1985,Doncaster Rovers,Newport County,1,1,3,3,2,0,0
1985,Doncaster Rovers,Reading,0,1,3,3,1,-1,0
1985,Gillingham,Chesterfield,1,1,3,3,2,0,0
1985,Gillingham,Doncaster Rovers,4,0,3,3,4,4,1
1985,Gillingham,Notts County,4,0,3,3,4,4,1
1985,Lincoln City,Brentford,3,0,3,3,3,3,1
1985,Lincoln City,Bury,2,0,3,3,2,2,1
1985,Lincoln City,Darlington,1,1,3,3,2,0,0
1985,Lincoln City,Gillingham,1,0,3,3,1,1,1
1985,Lincoln City,Plymouth Argyle,1,1,3,3,2,0,0
1985,Lincoln City,Wolverhampton Wanderers,2,3,3,3,5,-1,0
1985,Newport County,Blackpool,1,1,3,3,2,0,0
1985,Newport County,Walsall,1,5,3,3,6,-4,0
1985,Notts County,Bristol Rovers,0,0,3,3,0,0,0
1985,Notts County,Rotherham United,1,0,3,3,1,1,1
1985,Notts County,Wigan Athletic,1,1,3,3,2,0,0
1985,Plymouth Argyle,Gillingham,3,0,3,3,3,3,1
1985,Plymouth Argyle,Wolverhampton Wanderers,3,1,3,3,4,2,1
1985,Reading,Lincoln City,0,2,3,3,2,-2,0
1985,Reading,Plymouth Argyle,4,3,3,3,7,1,1
1985,Reading,York City,0,0,3,3,0,0,0
1985,Rotherham United,Chesterfield,1,2,3,3,3,-1,0
1985,Rotherham United,Reading,1,2,3,3,3,-1,0
1985,Swansea City,AFC Bournemouth,1,1,3,3,2,0,0
1985,Swansea City,Bury,1,0,3,3,1,1,1
1985,Swansea City,Gillingham,2,2,3,3,4,0,0
1985,Swansea City,Notts County,0,0,3,3,0,0,0
1985,Swansea City,Rotherham United,1,0,3,3,1,1,1
1985,Walsall,Blackpool,1,1,3,3,2,0,0
1985,Walsall,Bristol City,2,1,3,3,3,1,1
1985,Walsall,Cardiff City,6,3,3,3,9,3,1
1985,Walsall,Derby County,1,1,3,3,2,0,0
1985,Walsall,Lincoln City,2,1,3,3,3,1,1
1985,Wigan Athletic,Bolton Wanderers,1,3,3,3,4,-2,0
1985,Wigan Athletic,Chesterfield,2,0,3,3,2,2,1
1985,Wigan Athletic,Reading,1,0,3,3,1,1,1
1985,Wigan Athletic,Walsall,2,0,3,3,2,2,1
1985,Wolverhampton Wanderers,Brentford,1,4,3,3,5,-3,0
1985,Wolverhampton Wanderers,Bury,1,1,3,3,2,0,0
1985,Wolverhampton Wanderers,Gillingham,1,3,3,3,4,-2,0
1985,Wolverhampton Wanderers,Rotherham United,0,0,3,3,0,0,0
1985,York City,Wolverhampton Wanderers,2,1,3,3,3,1,1
1985,Aldershot,Exeter City,4,0,4,4,4,4,1
1985,Aldershot,Hereford United,2,0,4,4,2,2,1
1985,Aldershot,Northampton Town,1,0,4,4,1,1,1
1985,Aldershot,Torquay United,1,1,4,4,2,0,0
1985,Burnley,Colchester United,0,2,4,4,2,-2,0
1985,Burnley,Halifax Town,1,3,4,4,4,-2,0
1985,Burnley,Leyton Orient,1,0,4,4,1,1,1
1985,Burnley,Rochdale,1,0,4,4,1,1,1
1985,Burnley,Tranmere Rovers,3,1,4,4,4,2,1
1985,Cambridge United,Burnley,0,4,4,4,4,-4,0
1985,Cambridge United,Mansfield Town,4,2,4,4,6,2,1
1985,Cambridge United,Port Vale,1,3,4,4,4,-2,0
1985,Chester,Cambridge United,1,1,4,4,2,0,0
1985,Chester,Exeter City,2,1,4,4,3,1,1
1985,Chester,Hereford United,1,0,4,4,1,1,1
1985,Chester,Preston North End,2,0,4,4,2,2,1
1985,Colchester United,Leyton Orient,4,0,4,4,4,4,1
1985,Colchester United,Peterborough United,5,0,4,4,5,5,1
1985,Crewe Alexandra,Burnley,3,1,4,4,4,2,1
1985,Crewe Alexandra,Hartlepool United,0,0,4,4,0,0,0
1985,Crewe Alexandra,Port Vale,0,1,4,4,1,-1,0
1985,Crewe Alexandra,Swindon Town,2,0,4,4,2,2,1
1985,Exeter City,Hereford United,3,2,4,4,5,1,1
1985,Exeter City,Preston North End,3,0,4,4,3,3,1
1985,Exeter City,Southend United,0,2,4,4,2,-2,0
1985,Halifax Town,Leyton Orient,2,1,4,4,3,1,1
1985,Halifax Town,Peterborough United,1,1,4,4,2,0,0
1985,Halifax Town,Stockport County,0,0,4,4,0,0,0
1985,Hartlepool United,Colchester United,4,1,4,4,5,3,1
1985,Hartlepool United,Port Vale,1,1,4,4,2,0,0
1985,Hereford United,Crewe Alexandra,4,1,4,4,5,3,1
1985,Hereford United,Southend United,2,1,4,4,3,1,1
1985,Leyton Orient,Aldershot,1,1,4,4,2,0,0
1985,Leyton Orient,Chester,0,0,4,4,0,0,0
1985,Leyton Orient,Stockport County,0,1,4,4,1,-1,0
1985,Leyton Orient,Tranmere Rovers,3,1,4,4,4,2,1
1985,Mansfield Town,Halifax Town,2,0,4,4,2,2,1
1985,Mansfield Town,Port Vale,2,1,4,4,3,1,1
1985,Mansfield Town,Swindon Town,1,1,4,4,2,0,0
1985,Mansfield Town,Wrexham,1,1,4,4,2,0,0
1985,Northampton Town,Mansfield Town,1,0,4,4,1,1,1
1985,Peterborough United,Exeter City,1,1,4,4,2,0,0
1985,Peterborough United,Hereford United,0,0,4,4,0,0,0
1985,Peterborough United,Northampton Town,0,5,4,4,5,-5,0
1985,Peterborough United,Stockport County,2,0,4,4,2,2,1
1985,Peterborough United,Tranmere Rovers,0,1,4,4,1,-1,0
1985,Port Vale,Colchester United,1,1,4,4,2,0,0
1985,Port Vale,Halifax Town,3,2,4,4,5,1,1
1985,Port Vale,Leyton Orient,2,0,4,4,2,2,1
1985,Port Vale,Peterborough United,2,0,4,4,2,2,1
1985,Port Vale,Scunthorpe United,3,1,4,4,4,2,1
1985,Port Vale,Wrexham,4,0,4,4,4,4,1
1985,Preston North End,Cambridge United,1,2,4,4,3,-1,0
1985,Preston North End,Crewe Alexandra,1,2,4,4,3,-1,0
1985,Preston North End,Mansfield Town,0,2,4,4,2,-2,0
1985,Rochdale,Chester,1,2,4,4,3,-1,0
1985,Rochdale,Exeter City,1,1,4,4,2,0,0
1985,Rochdale,Hereford United,1,1,4,4,2,0,0
1985,Rochdale,Northampton Town,3,2,4,4,5,1,1
1985,Rochdale,Preston North End,1,1,4,4,2,0,0
1985,Rochdale,Tranmere Rovers,1,1,4,4,2,0,0
1985,Scunthorpe United,Burnley,1,1,4,4,2,0,0
1985,Scunthorpe United,Colchester United,1,1,4,4,2,0,0
1985,Scunthorpe United,Halifax Town,3,3,4,4,6,0,0
1985,Scunthorpe United,Leyton Orient,2,2,4,4,4,0,0
1985,Southend United,Cambridge United,1,0,4,4,1,1,1
1985,Southend United,Crewe Alexandra,0,1,4,4,1,-1,0
1985,Southend United,Port Vale,2,1,4,4,3,1,1
1985,Southend United,Torquay United,1,2,4,4,3,-1,0
1985,Stockport County,Chester,2,2,4,4,4,0,0
1985,Swindon Town,Colchester United,2,1,4,4,3,1,1
1985,Swindon Town,Peterborough United,3,0,4,4,3,3,1
1985,Swindon Town,Rochdale,4,0,4,4,4,4,1
1985,Swindon Town,Wrexham,0,1,4,4,1,-1,0
1985,Torquay United,Scunthorpe United,1,0,4,4,1,1,1
1985,Tranmere Rovers,Aldershot,3,0,4,4,3,3,1
1985,Tranmere Rovers,Chester,2,3,4,4,5,-1,0
1985,Tranmere Rovers,Exeter City,0,1,4,4,1,-1,0
1985,Tranmere Rovers,Hereford United,1,2,4,4,3,-1,0
1985,Tranmere Rovers,Preston North End,2,3,4,4,5,-1,0
1985,Wrexham,Colchester United,2,1,4,4,3,1,1
1985,Wrexham,Halifax Town,2,1,4,4,3,1,1
1985,Wrexham,Rochdale,2,0,4,4,2,2,1
1985,Wrexham,Stockport County,3,0,4,4,3,3,1
1986,Arsenal,Norwich City,1,2,1,1,3,-1,0
1986,Arsenal,Queens Park Rangers,3,1,1,1,4,2,1
1986,Arsenal,Tottenham Hotspur,0,0,1,1,0,0,0
1986,Aston Villa,Manchester City,0,0,1,1,0,0,0
1986,Aston Villa,Queens Park Rangers,0,1,1,1,1,-1,0
1986,Aston Villa,Tottenham Hotspur,0,3,1,1,3,-3,0
1986,Charlton Athletic,Chelsea,0,0,1,1,0,0,0
1986,Charlton Athletic,Manchester City,5,0,1,1,5,5,1
1986,Charlton Athletic,Tottenham Hotspur,0,2,1,1,2,-2,0
1986,Chelsea,Charlton Athletic,0,1,1,1,1,-1,0
1986,Chelsea,Tottenham Hotspur,0,2,1,1,2,-2,0
1986,Chelsea,Wimbledon,0,4,1,1,4,-4,0
1986,Coventry City,Leicester City,1,0,1,1,1,1,1
1986,Coventry City,Manchester City,2,2,1,1,4,0,0
1986,Coventry City,Queens Park Rangers,4,1,1,1,5,3,1
1986,Coventry City,Wimbledon,1,0,1,1,1,1,1
1986,Everton,Charlton Athletic,2,1,1,1,3,1,1
1986,Everton,Manchester City,0,0,1,1,0,0,0
1986,Everton,Norwich City,4,0,1,1,4,4,1
1986,Everton,Queens Park Rangers,0,0,1,1,0,0,0
1986,Leicester City,Charlton Athletic,1,0,1,1,1,1,1
1986,Leicester City,Everton,0,2,1,1,2,-2,0
1986,Leicester City,Manchester City,4,0,1,1,4,4,1
1986,Leicester City,Queens Park Rangers,4,1,1,1,5,3,1
1986,Leicester City,Wimbledon,3,1,1,1,4,2,1
1986,Liverpool,Everton,3,1,1,1,4,2,1
1986,Liverpool,Wimbledon,1,2,1,1,3,-1,0
1986,Luton Town,Everton,1,0,1,1,1,1,1
1986,Luton Town,Norwich City,0,0,1,1,0,0,0
1986,Manchester City,Charlton Athletic,2,1,1,1,3,1,1
1986,Manchester City,Everton,1,3,1,1,4,-2,0
1986,Manchester City,Queens Park Rangers,0,0,1,1,0,0,0
1986,Manchester City,Wimbledon,3,1,1,1,4,2,1
1986,Manchester United,Queens Park Rangers,1,0,1,1,1,1,1
1986,Manchester United,Tottenham Hotspur,3,3,1,1,6,0,0
1986,Newcastle United,Norwich City,4,1,1,1,5,3,1
1986,Newcastle United,Queens Park Rangers,0,2,1,1,2,-2,0
1986,Norwich City,Everton,0,1,1,1,1,-1,0
1986,Norwich City,Luton Town,0,0,1,1,0,0,0
1986,Norwich City,Queens Park Rangers,1,0,1,1,1,1,1
1986,Nottingham Forest,Everton,1,0,1,1,1,1,1
1986,Nottingham Forest,Wimbledon,3,2,1,1,5,1,1
1986,Oxford United,Luton Town,4,2,1,1,6,2,1
1986,Oxford United,Newcastle United,1,1,1,1,2,0,0
1986,Oxford United,Tottenham Hotspur,2,4,1,1,6,-2,0
1986,Oxford United,Wimbledon,3,1,1,1,4,2,1
1986,Queens Park Rangers,Everton,0,1,1,1,1,-1,0
1986,Queens Park Rangers,Luton Town,2,2,1,1,4,0,0
1986,Queens Park Rangers,Oxford United,1,1,1,1,2,0,0
1986,Sheffield Wednesday,Charlton Athletic,1,1,1,1,2,0,0
1986,Sheffield Wednesday,Everton,2,2,1,1,4,0,0
1986,Southampton,Luton Town,3,0,1,1,3,3,1
1986,Southampton,Oxford United,3,0,1,1,3,3,1
1986,Southampton,Wimbledon,2,2,1,1,4,0,0
1986,Tottenham Hotspur,Everton,2,0,1,1,2,2,1
1986,Tottenham Hotspur,Luton Town,0,0,1,1,0,0,0
1986,Tottenham Hotspur,Newcastle United,1,1,1,1,2,0,0
1986,Tottenham Hotspur,Oxford United,3,1,1,1,4,2,1
1986,Tottenham Hotspur,Wimbledon,1,2,1,1,3,-1,0
1986,Watford,Charlton Athletic,4,1,1,1,5,3,1
1986,Watford,Newcastle United,1,0,1,1,1,1,1
1986,Watford,Southampton,1,1,1,1,2,0,0
1986,Watford,Wimbledon,0,1,1,1,1,-1,0
1986,West Ham United,Charlton Athletic,1,3,1,1,4,-2,0
1986,West Ham United,Everton,1,0,1,1,1,1,1
1986,West Ham United,Luton Town,2,0,1,1,2,2,1
1986,West Ham United,Oxford United,0,1,1,1,1,-1,0
1986,West Ham United,Southampton,3,1,1,1,4,2,1
1986,West Ham United,Wimbledon,2,3,1,1,5,-1,0
1986,Wimbledon,Luton Town,0,1,1,1,1,-1,0
1986,Wimbledon,Oxford United,1,1,1,1,2,0,0
1986,Wimbledon,West Ham United,0,1,1,1,1,-1,0
1986,Birmingham City,Bradford City,2,1,2,2,3,1,1
1986,Birmingham City,Derby County,1,1,2,2,2,0,0
1986,Birmingham City,West Bromwich Albion,0,1,2,2,1,-1,0
1986,Blackburn Rovers,Bradford City,2,1,2,2,3,1,1
1986,Blackburn Rovers,Derby County,3,1,2,2,4,2,1
1986,Blackburn Rovers,Portsmouth,1,0,2,2,1,1,1
1986,Blackburn Rovers,Shrewsbury Town,2,1,2,2,3,1,1
1986,Bradford City,Hull City,2,0,2,2,2,2,1
1986,Bradford City,Millwall,4,0,2,2,4,4,1
1986,Brighton & Hove Albion,Derby County,0,1,2,2,1,-1,0
1986,Brighton & Hove Albion,Hull City,2,1,2,2,3,1,1
1986,Brighton & Hove Albion,Millwall,0,1,2,2,1,-1,0
1986,Brighton & Hove Albion,Portsmouth,0,0,2,2,0,0,0
1986,Brighton & Hove Albion,Shrewsbury Town,3,0,2,2,3,3,1
1986,Crystal Palace,Derby County,1,0,2,2,1,1,1
1986,Crystal Palace,Portsmouth,1,0,2,2,1,1,1
1986,Crystal Palace,Shrewsbury Town,2,3,2,2,5,-1,0
1986,Derby County,Blackburn Rovers,3,2,2,2,5,1,1
1986,Derby County,Millwall,1,1,2,2,2,0,0
1986,Derby County,Portsmouth,0,0,2,2,0,0,0
1986,Derby County,West Bromwich Albion,1,1,2,2,2,0,0
1986,Grimsby Town,Crystal Palace,0,1,2,2,1,-1,0
1986,Grimsby Town,Hull City,2,2,2,2,4,0,0
1986,Grimsby Town,Portsmouth,0,2,2,2,2,-2,0
1986,Huddersfield Town,Hull City,1,3,2,2,4,-2,0
1986,Huddersfield Town,Portsmouth,2,0,2,2,2,2,1
1986,Huddersfield Town,Shrewsbury Town,2,1,2,2,3,1,1
1986,Huddersfield Town,West Bromwich Albion,2,1,2,2,3,1,1
1986,Hull City,Huddersfield Town,0,0,2,2,0,0,0
1986,Hull City,Millwall,2,1,2,2,3,1,1
1986,Hull City,West Bromwich Albion,2,0,2,2,2,2,1
1986,Ipswich Town,Portsmouth,0,1,2,2,1,-1,0
1986,Leeds United,Blackburn Rovers,0,0,2,2,0,0,0
1986,Leeds United,Millwall,2,0,2,2,2,2,1
1986,Leeds United,Portsmouth,3,1,2,2,4,2,1
1986,Leeds United,Shrewsbury Town,1,0,2,2,1,1,1
1986,Leeds United,West Bromwich Albion,3,2,2,2,5,1,1
1986,Millwall,Portsmouth,1,1,2,2,2,0,0
1986,Millwall,Shrewsbury Town,4,0,2,2,4,4,1
1986,Oldham Athletic,Blackburn Rovers,3,0,2,2,3,3,1
1986,Oldham Athletic,Huddersfield Town,2,0,2,2,2,2,1
1986,Oldham Athletic,West Bromwich Albion,2,1,2,2,3,1,1
1986,Plymouth Argyle,Blackburn Rovers,1,1,2,2,2,0,0
1986,Plymouth Argyle,Crystal Palace,3,1,2,2,4,2,1
1986,Plymouth Argyle,Leeds United,1,1,2,2,2,0,0
1986,Plymouth Argyle,Shrewsbury Town,3,2,2,2,5,1,1
1986,Portsmouth,Blackburn Rovers,1,0,2,2,1,1,1
1986,Portsmouth,Plymouth Argyle,0,1,2,2,1,-1,0
1986,Reading,Blackburn Rovers,4,0,2,2,4,4,1
1986,Reading,Crystal Palace,1,0,2,2,1,1,1
1986,Reading,Huddersfield Town,3,2,2,2,5,1,1
1986,Reading,Plymouth Argyle,2,0,2,2,2,2,1
1986,Sheffield United,Crystal Palace,1,0,2,2,1,1,1
1986,Sheffield United,Huddersfield Town,0,0,2,2,0,0,0
1986,Sheffield United,Shrewsbury Town,1,1,2,2,2,0,0
1986,Sheffield United,West Bromwich Albion,1,1,2,2,2,0,0
1986,Shrewsbury Town,Blackburn Rovers,0,1,2,2,1,-1,0
1986,Shrewsbury Town,Crystal Palace,0,0,2,2,0,0,0
1986,Shrewsbury Town,Plymouth Argyle,1,1,2,2,2,0,0
1986,Shrewsbury Town,West Bromwich Albion,1,0,2,2,1,1,1
1986,Stoke City,Crystal Palace,3,1,2,2,4,2,1
1986,Stoke City,Sheffield United,5,2,2,2,7,3,1
1986,Stoke City,West Bromwich Albion,1,1,2,2,2,0,0
1986,Sunderland,Blackburn Rovers,3,0,2,2,3,3,1
1986,Sunderland,Crystal Palace,1,0,2,2,1,1,1
1986,Sunderland,Huddersfield Town,2,1,2,2,3,1,1
1986,Sunderland,Leeds United,1,1,2,2,2,0,0
1986,West Bromwich Albion,Huddersfield Town,1,0,2,2,1,1,1
1986,West Bromwich Albion,Plymouth Argyle,0,0,2,2,0,0,0
1986,AFC Bournemouth,Brentford,1,1,3,3,2,0,0
1986,AFC Bournemouth,Fulham,3,2,3,3,5,1,1
1986,AFC Bournemouth,Middlesbrough,3,1,3,3,4,2,1
1986,AFC Bournemouth,Walsall,1,0,3,3,1,1,1
1986,Blackpool,Darlington,2,1,3,3,3,1,1
1986,Blackpool,Newport County,1,1,3,3,2,0,0
1986,Blackpool,Rotherham United,1,0,3,3,1,1,1
1986,Bolton Wanderers,Blackpool,1,0,3,3,1,1,1
1986,Bolton Wanderers,Bristol Rovers,2,2,3,3,4,0,0
1986,Bolton Wanderers,Chester,1,1,3,3,2,0,0
1986,Bolton Wanderers,Swindon Town,1,2,3,3,3,-1,0
1986,Brentford,Bolton Wanderers,1,2,3,3,3,-1,0
1986,Brentford,Bury,0,2,3,3,2,-2,0
1986,Brentford,Fulham,3,3,3,3,6,0,0
1986,Brentford,Middlesbrough,0,1,3,3,1,-1,0
1986,Brentford,Port Vale,0,2,3,3,2,-2,0
1986,Brentford,Walsall,0,1,3,3,1,-1,0
1986,Bristol City,AFC Bournemouth,2,0,3,3,2,2,1
1986,Bristol City,Carlisle United,3,0,3,3,3,3,1
1986,Bristol City,Gillingham,2,0,3,3,2,2,1
1986,Bristol City,Rotherham United,0,1,3,3,1,-1,0
1986,Bristol City,Wigan Athletic,2,1,3,3,3,1,1
1986,Bristol Rovers,Blackpool,2,2,3,3,4,0,0
1986,Bristol Rovers,Mansfield Town,0,0,3,3,0,0,0
1986,Bristol Rovers,York City,1,0,3,3,1,1,1
1986,Bury,Bolton Wanderers,0,0,3,3,0,0,0
1986,Carlisle United,Bury,2,1,3,3,3,1,1
1986,Carlisle United,Gillingham,2,4,3,3,6,-2,0
1986,Chester,Bristol City,0,3,3,3,3,-3,0
1986,Chester,Carlisle United,2,2,3,3,4,0,0
1986,Chester,Doncaster Rovers,1,0,3,3,1,1,1
1986,Chester,Notts County,1,2,3,3,3,-1,0
1986,Chesterfield,Bolton Wanderers,0,0,3,3,0,0,0
1986,Chesterfield,Middlesbrough,2,1,3,3,3,1,1
1986,Chesterfield,Port Vale,2,4,3,3,6,-2,0
1986,Chesterfield,Walsall,3,2,3,3,5,1,1
1986,Darlington,Chesterfield,1,1,3,3,2,0,0
1986,Darlington,Gillingham,1,1,3,3,2,0,0
1986,Darlington,Newport County,1,3,3,3,4,-2,0
1986,Darlington,Wigan Athletic,1,0,3,3,1,1,1
1986,Doncaster Rovers,Blackpool,2,2,3,3,4,0,0
1986,Doncaster Rovers,Bristol City,1,0,3,3,1,1,1
1986,Doncaster Rovers,Mansfield Town,1,0,3,3,1,1,1
1986,Doncaster Rovers,Notts County,1,2,3,3,3,-1,0
1986,Doncaster Rovers,Swindon Town,2,2,3,3,4,0,0
1986,Fulham,Bolton Wanderers,4,2,3,3,6,2,1
1986,Fulham,Bristol Rovers,2,2,3,3,4,0,0
1986,Fulham,Chester,0,5,3,3,5,-5,0
1986,Fulham,Walsall,2,2,3,3,4,0,0
1986,Gillingham,Brentford,2,0,3,3,2,2,1
1986,Gillingham,Chesterfield,3,0,3,3,3,3,1
1986,Gillingham,Fulham,4,1,3,3,5,3,1
1986,Gillingham,Newport County,1,1,3,3,2,0,0
1986,Gillingham,Rotherham United,1,0,3,3,1,1,1
1986,Gillingham,Wigan Athletic,0,0,3,3,0,0,0
1986,Mansfield Town,Bristol City,2,0,3,3,2,2,1
1986,Mansfield Town,Carlisle United,2,0,3,3,2,2,1
1986,Mansfield Town,Darlington,1,0,3,3,1,1,1
1986,Mansfield Town,Swindon Town,0,0,3,3,0,0,0
1986,Mansfield Town,York City,1,1,3,3,2,0,0
1986,Middlesbrough,Bolton Wanderers,0,0,3,3,0,0,0
1986,Middlesbrough,Port Vale,2,2,3,3,4,0,0
1986,Newport County,Chesterfield,1,0,3,3,1,1,1
1986,Newport County,Fulham,0,0,3,3,0,0,0
1986,Newport County,Rotherham United,1,2,3,3,3,-1,0
1986,Notts County,Blackpool,3,2,3,3,5,1,1
1986,Notts County,Bristol City,2,0,3,3,2,2,1
1986,Notts County,Carlisle United,2,1,3,3,3,1,1
1986,Notts County,Gillingham,3,1,3,3,4,2,1
1986,Notts County,Swindon Town,2,3,3,3,5,-1,0
1986,Port Vale,Bolton Wanderers,1,1,3,3,2,0,0
1986,Port Vale,Bristol Rovers,4,1,3,3,5,3,1
1986,Port Vale,Doncaster Rovers,4,2,3,3,6,2,1
1986,Port Vale,Walsall,4,1,3,3,5,3,1
1986,Rotherham United,AFC Bournemouth,4,2,3,3,6,2,1
1986,Rotherham United,Bury,2,1,3,3,3,1,1
1986,Rotherham United,Chesterfield,0,1,3,3,1,-1,0
1986,Rotherham United,Fulham,0,0,3,3,0,0,0
1986,Swindon Town,Blackpool,2,6,3,3,8,-4,0
1986,Swindon Town,Bristol City,1,2,3,3,3,-1,0
1986,Swindon Town,Carlisle United,2,0,3,3,2,2,1
1986,Swindon Town,York City,3,1,3,3,4,2,1
1986,Walsall,Bolton Wanderers,3,3,3,3,6,0,0
1986,Walsall,Bristol Rovers,0,3,3,3,3,-3,0
1986,Walsall,Chester,1,0,3,3,1,1,1
1986,Walsall,Mansfield Town,2,0,3,3,2,2,1
1986,Walsall,Notts County,1,1,3,3,2,0,0
1986,Wigan Athletic,AFC Bournemouth,0,2,3,3,2,-2,0
1986,Wigan Athletic,Brentford,1,1,3,3,2,0,0
1986,Wigan Athletic,Fulham,2,0,3,3,2,2,1
1986,York City,Blackpool,1,1,3,3,2,0,0
1986,York City,Carlisle United,2,0,3,3,2,2,1
1986,York City,Gillingham,2,1,3,3,3,1,1
1986,York City,Newport County,3,0,3,3,3,3,1
1986,York City,Rotherham United,2,1,3,3,3,1,1
1986,Aldershot,Cardiff City,1,2,4,4,3,-1,0
1986,Aldershot,Exeter City,2,1,4,4,3,1,1
1986,Aldershot,Tranmere Rovers,0,2,4,4,2,-2,0
1986,Burnley,Aldershot,0,1,4,4,1,-1,0
1986,Burnley,Leyton Orient,2,1,4,4,3,1,1
1986,Burnley,Scunthorpe United,1,0,4,4,1,1,1
1986,Burnley,Wolverhampton Wanderers,2,5,4,4,7,-3,0
1986,Cambridge United,Crewe Alexandra,0,3,4,4,3,-3,0
1986,Cambridge United,Hartlepool United,3,0,4,4,3,3,1
1986,Cambridge United,Preston North End,2,0,4,4,2,2,1
1986,Cambridge United,Torquay United,3,3,4,4,6,0,0
1986,Cardiff City,Cambridge United,3,0,4,4,3,3,1
1986,Cardiff City,Exeter City,0,0,4,4,0,0,0
1986,Cardiff City,Rochdale,0,0,4,4,0,0,0
1986,Cardiff City,Tranmere Rovers,0,2,4,4,2,-2,0
1986,Colchester United,Aldershot,0,1,4,4,1,-1,0
1986,Colchester United,Cardiff City,3,1,4,4,4,2,1
1986,Colchester United,Halifax Town,3,1,4,4,4,2,1
1986,Colchester United,Leyton Orient,0,0,4,4,0,0,0
1986,Colchester United,Scunthorpe United,1,0,4,4,1,1,1
1986,Colchester United,Swansea City,2,1,4,4,3,1,1
1986,Colchester United,Wolverhampton Wanderers,3,0,4,4,3,3,1
1986,Crewe Alexandra,Southend United,2,1,4,4,3,1,1
1986,Crewe Alexandra,Torquay United,1,0,4,4,1,1,1
1986,Crewe Alexandra,Wrexham,1,1,4,4,2,0,0
1986,Exeter City,Cambridge United,1,1,4,4,2,0,0
1986,Exeter City,Crewe Alexandra,1,0,4,4,1,1,1
1986,Exeter City,Rochdale,1,1,4,4,2,0,0
1986,Exeter City,Stockport County,4,0,4,4,4,4,1
1986,Halifax Town,Cardiff City,1,1,4,4,2,0,0
1986,Halifax Town,Exeter City,2,0,4,4,2,2,1
1986,Halifax Town,Scunthorpe United,1,1,4,4,2,0,0
1986,Hartlepool United,Halifax Town,0,0,4,4,0,0,0
1986,Hartlepool United,Preston North End,2,2,4,4,4,0,0
1986,Hartlepool United,Southend United,1,0,4,4,1,1,1
1986,Hereford United,Cambridge United,2,3,4,4,5,-1,0
1986,Hereford United,Hartlepool United,4,0,4,4,4,4,1
1986,Hereford United,Northampton Town,3,2,4,4,5,1,1
1986,Hereford United,Stockport County,1,2,4,4,3,-1,0
1986,Hereford United,Tranmere Rovers,1,0,4,4,1,1,1
1986,Leyton Orient,Aldershot,1,3,4,4,4,-2,0
1986,Leyton Orient,Cardiff City,2,0,4,4,2,2,1
1986,Leyton Orient,Exeter City,2,0,4,4,2,2,1
1986,Leyton Orient,Hereford United,2,0,4,4,2,2,1
1986,Leyton Orient,Swansea City,1,4,4,4,5,-3,0
1986,Leyton Orient,Wolverhampton Wanderers,3,1,4,4,4,2,1
1986,Lincoln City,Burnley,2,1,4,4,3,1,1
1986,Lincoln City,Colchester United,3,1,4,4,4,2,1
1986,Lincoln City,Leyton Orient,2,0,4,4,2,2,1
1986,Lincoln City,Preston North End,1,1,4,4,2,0,0
1986,Lincoln City,Wrexham,0,1,4,4,1,-1,0
1986,Northampton Town,Cambridge United,3,0,4,4,3,3,1
1986,Northampton Town,Rochdale,5,0,4,4,5,5,1
1986,Peterborough United,Northampton Town,0,1,4,4,1,-1,0
1986,Peterborough United,Scunthorpe United,1,1,4,4,2,0,0
1986,Peterborough United,Wolverhampton Wanderers,0,1,4,4,1,-1,0
1986,Preston North End,Burnley,2,1,4,4,3,1,1
1986,Preston North End,Leyton Orient,1,0,4,4,1,1,1
1986,Preston North End,Torquay United,1,1,4,4,2,0,0
1986,Rochdale,Cambridge United,2,0,4,4,2,2,1
1986,Rochdale,Crewe Alexandra,1,1,4,4,2,0,0
1986,Rochdale,Hartlepool United,0,2,4,4,2,-2,0
1986,Scunthorpe United,Exeter City,3,1,4,4,4,2,1
1986,Scunthorpe United,Hereford United,3,1,4,4,4,2,1
1986,Scunthorpe United,Wolverhampton Wanderers,0,2,4,4,2,-2,0
1986,Southend United,Burnley,2,1,4,4,3,1,1
1986,Southend United,Leyton Orient,2,1,4,4,3,1,1
1986,Southend United,Peterborough United,2,2,4,4,4,0,0
1986,Southend United,Scunthorpe United,3,1,4,4,4,2,1
1986,Southend United,Torquay United,4,0,4,4,4,4,1
1986,Southend United,Wrexham,0,3,4,4,3,-3,0
1986,Stockport County,Cambridge United,3,2,4,4,5,1,1
1986,Stockport County,Crewe Alexandra,2,1,4,4,3,1,1
1986,Stockport County,Hartlepool United,0,2,4,4,2,-2,0
1986,Stockport County,Tranmere Rovers,0,2,4,4,2,-2,0
1986,Swansea City,Aldershot,2,1,4,4,3,1,1
1986,Swansea City,Cardiff City,2,0,4,4,2,2,1
1986,Swansea City,Exeter City,1,0,4,4,1,1,1
1986,Swansea City,Hereford United,1,3,4,4,4,-2,0
1986,Swansea City,Stockport County,3,0,4,4,3,3,1
1986,Torquay United,Burnley,1,1,4,4,2,0,0
1986,Torquay United,Leyton Orient,2,2,4,4,4,0,0
1986,Torquay United,Peterborough United,1,0,4,4,1,1,1
1986,Torquay United,Wrexham,2,1,4,4,3,1,1
1986,Tranmere Rovers,Crewe Alexandra,3,2,4,4,5,1,1
1986,Tranmere Rovers,Hartlepool United,1,1,4,4,2,0,0
1986,Tranmere Rovers,Lincoln City,2,0,4,4,2,2,1
1986,Tranmere Rovers,Southend United,1,3,4,4,4,-2,0
1986,Tranmere Rovers,Torquay United,2,2,4,4,4,0,0
1986,Wolverhampton Wanderers,Hereford United,1,0,4,4,1,1,1
1986,Wolverhampton Wanderers,Rochdale,0,0,4,4,0,0,0
1986,Wolverhampton Wanderers,Tranmere Rovers,2,1,4,4,3,1,1
1986,Wrexham,Burnley,2,2,4,4,4,0,0
1986,Wrexham,Leyton Orient,1,1,4,4,2,0,0
1986,Wrexham,Peterborough United,4,3,4,4,7,1,1
1986,Wrexham,Wolverhampton Wanderers,0,0,4,4,0,0,0
1987,Arsenal,Coventry City,1,1,1,1,2,0,0
1987,Arsenal,Newcastle United,1,1,1,1,2,0,0
1987,Arsenal,Sheffield Wednesday,3,1,1,1,4,2,1
1987,Chelsea,Nottingham Forest,4,3,1,1,7,1,1
1987,Chelsea,Tottenham Hotspur,0,0,1,1,0,0,0
1987,Chelsea,Wimbledon,1,1,1,1,2,0,0
1987,Coventry City,Newcastle United,1,3,1,1,4,-2,0
1987,Coventry City,Oxford United,1,0,1,1,1,1,1
1987,Coventry City,Watford,1,0,1,1,1,1,1
1987,Derby County,Arsenal,0,0,1,1,0,0,0
1987,Derby County,Norwich City,1,2,1,1,3,-1,0
1987,Derby County,Southampton,2,0,1,1,2,2,1
1987,Everton,Derby County,3,0,1,1,3,3,1
1987,Everton,Queens Park Rangers,2,0,1,1,2,2,1
1987,Everton,Tottenham Hotspur,0,0,1,1,0,0,0
1987,Liverpool,Chelsea,2,1,1,1,3,1,1
1987,Liverpool,Newcastle United,4,0,1,1,4,4,1
1987,Liverpool,Oxford United,2,0,1,1,2,2,1
1987,Luton Town,Southampton,2,2,1,1,4,0,0
1987,Luton Town,West Ham United,2,2,1,1,4,0,0
1987,Manchester United,Charlton Athletic,0,0,1,1,0,0,0
1987,Manchester United,Derby County,4,1,1,1,5,3,1
1987,Manchester United,Luton Town,3,0,1,1,3,3,1
1987,Manchester United,Queens Park Rangers,2,1,1,1,3,1,1
1987,Manchester United,Tottenham Hotspur,1,0,1,1,1,1,1
1987,Newcastle United,Everton,1,1,1,1,2,0,0
1987,Newcastle United,Manchester United,1,0,1,1,1,1,1
1987,Norwich City,Arsenal,2,4,1,1,6,-2,0
1987,Norwich City,Liverpool,0,0,1,1,0,0,0
1987,Norwich City,West Ham United,4,1,1,1,5,3,1
1987,Nottingham Forest,Derby County,2,1,1,1,3,1,1
1987,Nottingham Forest,Luton Town,1,1,1,1,2,0,0
1987,Nottingham Forest,Queens Park Rangers,4,0,1,1,4,4,1
1987,Oxford United,Chelsea,4,4,1,1,8,0,0
1987,Oxford United,Everton,1,1,1,1,2,0,0
1987,Oxford United,Nottingham Forest,0,2,1,1,2,-2,0
1987,Oxford United,Sheffield Wednesday,0,3,1,1,3,-3,0
1987,Portsmouth,Arsenal,1,1,1,1,2,0,0
1987,Portsmouth,Coventry City,0,0,1,1,0,0,0
1987,Queens Park Rangers,Derby County,1,1,1,1,2,0,0
1987,Queens Park Rangers,Luton Town,2,0,1,1,2,2,1
1987,Queens Park Rangers,Norwich City,3,0,1,1,3,3,1
1987,Sheffield Wednesday,Chelsea,3,0,1,1,3,3,1
1987,Sheffield Wednesday,Everton,1,0,1,1,1,1,1
1987,Sheffield Wednesday,Nottingham Forest,0,1,1,1,1,-1,0
1987,Sheffield Wednesday,Queens Park Rangers,3,1,1,1,4,2,1
1987,Sheffield Wednesday,Watford,2,3,1,1,5,-1,0
1987,Southampton,Coventry City,1,2,1,1,3,-1,0
1987,Southampton,Sheffield Wednesday,1,1,1,1,2,0,0
1987,Southampton,West Ham United,2,1,1,1,3,1,1
1987,Tottenham Hotspur,Derby County,0,0,1,1,0,0,0
1987,Tottenham Hotspur,Luton Town,2,1,1,1,3,1,1
1987,Tottenham Hotspur,Portsmouth,0,1,1,1,1,-1,0
1987,Watford,Everton,1,2,1,1,3,-1,0
1987,Watford,Manchester United,0,1,1,1,1,-1,0
1987,Watford,Nottingham Forest,0,0,1,1,0,0,0
1987,Watford,Queens Park Rangers,0,1,1,1,1,-1,0
1987,West Ham United,Liverpool,1,1,1,1,2,0,0
1987,West Ham United,Sheffield Wednesday,0,1,1,1,1,-1,0
1987,West Ham United,Watford,1,0,1,1,1,1,1
1987,Wimbledon,Derby County,2,1,1,1,3,1,1
1987,Wimbledon,Luton Town,2,0,1,1,2,2,1
1987,Wimbledon,Norwich City,1,0,1,1,1,1,1
1987,Wimbledon,Portsmouth,2,2,1,1,4,0,0
1987,Wimbledon,Southampton,2,0,1,1,2,2,1
1987,AFC Bournemouth,Manchester City,0,2,2,2,2,-2,0
1987,AFC Bournemouth,Oldham Athletic,2,2,2,2,4,0,0
1987,AFC Bournemouth,Sheffield United,1,2,2,2,3,-1,0
1987,Aston Villa,Barnsley,0,0,2,2,0,0,0
1987,Aston Villa,Leicester City,2,1,2,2,3,1,1
1987,Barnsley,Plymouth Argyle,2,1,2,2,3,1,1
1987,Birmingham City,Manchester City,0,3,2,2,3,-3,0
1987,Birmingham City,Oldham Athletic,1,3,2,2,4,-2,0
1987,Birmingham City,Sheffield United,1,0,2,2,1,1,1
1987,Birmingham City,Swindon Town,1,1,2,2,2,0,0
1987,Blackburn Rovers,Aston Villa,3,2,2,2,5,1,1
1987,Blackburn Rovers,Bradford City,1,1,2,2,2,0,0
1987,Blackburn Rovers,Leicester City,3,3,2,2,6,0,0
1987,Blackburn Rovers,Millwall,2,1,2,2,3,1,1
1987,Bradford City,Plymouth Argyle,3,1,2,2,4,2,1
1987,Bradford City,Shrewsbury Town,1,1,2,2,2,0,0
1987,Crystal Palace,Barnsley,3,2,2,2,5,1,1
1987,Crystal Palace,Bradford City,1,1,2,2,2,0,0
1987,Crystal Palace,Ipswich Town,1,2,2,2,3,-1,0
1987,Crystal Palace,Manchester City,2,0,2,2,2,2,1
1987,Crystal Palace,Oldham Athletic,3,1,2,2,4,2,1
1987,Crystal Palace,Sheffield United,2,1,2,2,3,1,1
1987,Crystal Palace,Swindon Town,2,1,2,2,3,1,1
1987,Huddersfield Town,Aston Villa,0,1,2,2,1,-1,0
1987,Huddersfield Town,Blackburn Rovers,1,2,2,2,3,-1,0
1987,Huddersfield Town,Millwall,2,1,2,2,3,1,1
1987,Hull City,Leeds United,3,1,2,2,4,2,1
1987,Hull City,Middlesbrough,0,0,2,2,0,0,0
1987,Hull City,Plymouth Argyle,1,1,2,2,2,0,0
1987,Hull City,Shrewsbury Town,1,1,2,2,2,0,0
1987,Hull City,West Bromwich Albion,1,0,2,2,1,1,1
1987,Ipswich Town,Barnsley,1,0,2,2,1,1,1
1987,Ipswich Town,Hull City,2,0,2,2,2,2,1
1987,Ipswich Town,Manchester City,3,0,2,2,3,3,1
1987,Ipswich Town,Oldham Athletic,2,0,2,2,2,2,1
1987,Ipswich Town,Sheffield United,1,0,2,2,1,1,1
1987,Ipswich Town,Swindon Town,3,2,2,2,5,1,1
1987,Leeds United,Blackburn Rovers,2,2,2,2,4,0,0
1987,Leeds United,Huddersfield Town,3,0,2,2,3,3,1
1987,Leeds United,Reading,0,0,2,2,0,0,0
1987,Leicester City,AFC Bournemouth,0,1,2,2,1,-1,0
1987,Leicester City,Shrewsbury Town,0,1,2,2,1,-1,0
1987,Manchester City,Hull City,2,0,2,2,2,2,1
1987,Manchester City,Leicester City,4,2,2,2,6,2,1
1987,Manchester City,Oldham Athletic,1,2,2,2,3,-1,0
1987,Middlesbrough,Huddersfield Town,2,0,2,2,2,2,1
1987,Middlesbrough,Stoke City,2,0,2,2,2,2,1
1987,Millwall,AFC Bournemouth,1,2,2,2,3,-1,0
1987,Millwall,Crystal Palace,1,1,2,2,2,0,0
1987,Millwall,Plymouth Argyle,3,2,2,2,5,1,1
1987,Oldham Athletic,Hull City,1,2,2,2,3,-1,0
1987,Oldham Athletic,Leicester City,2,0,2,2,2,2,1
1987,Oldham Athletic,Sheffield United,3,2,2,2,5,1,1
1987,Oldham Athletic,Swindon Town,4,3,2,2,7,1,1
1987,Plymouth Argyle,Aston Villa,1,3,2,2,4,-2,0
1987,Plymouth Argyle,Blackburn Rovers,3,0,2,2,3,3,1
1987,Plymouth Argyle,Middlesbrough,0,1,2,2,1,-1,0
1987,Plymouth Argyle,Reading,1,3,2,2,4,-2,0
1987,Reading,Ipswich Town,1,1,2,2,2,0,0
1987,Reading,Manchester City,0,2,2,2,2,-2,0
1987,Reading,West Bromwich Albion,1,2,2,2,3,-1,0
1987,Sheffield United,Barnsley,1,0,2,2,1,1,1
1987,Sheffield United,Bradford City,1,2,2,2,3,-1,0
1987,Sheffield United,Hull City,2,1,2,2,3,1,1
1987,Sheffield United,Leicester City,2,1,2,2,3,1,1
1987,Sheffield United,Millwall,1,2,2,2,3,-1,0
1987,Sheffield United,Reading,4,1,2,2,5,3,1
1987,Shrewsbury Town,Aston Villa,1,2,2,2,3,-1,0
1987,Shrewsbury Town,Huddersfield Town,3,1,2,2,4,2,1
1987,Shrewsbury Town,Leeds United,1,0,2,2,1,1,1
1987,Shrewsbury Town,Middlesbrough,0,1,2,2,1,-1,0
1987,Shrewsbury Town,Stoke City,0,3,2,2,3,-3,0
1987,Swindon Town,Leicester City,3,2,2,2,5,1,1
1987,Swindon Town,Reading,4,0,2,2,4,4,1
1987,Swindon Town,Stoke City,3,0,2,2,3,3,1
1987,West Bromwich Albion,Blackburn Rovers,0,1,2,2,1,-1,0
1987,West Bromwich Albion,Huddersfield Town,3,2,2,2,5,1,1
1987,West Bromwich Albion,Middlesbrough,0,0,2,2,0,0,0
1987,West Bromwich Albion,Shrewsbury Town,2,1,2,2,3,1,1
1987,Aldershot,Chester,4,1,3,3,5,3,1
1987,Aldershot,Southend United,0,1,3,3,1,-1,0
1987,Blackpool,Bristol Rovers,2,1,3,3,3,1,1
1987,Blackpool,Gillingham,3,3,3,3,6,0,0
1987,Blackpool,Preston North End,3,0,3,3,3,3,1
1987,Blackpool,Sunderland,0,2,3,3,2,-2,0
1987,Blackpool,York City,2,1,3,3,3,1,1
1987,Brentford,Bury,0,3,3,3,3,-3,0
1987,Brentford,Notts County,1,0,3,3,1,1,1
1987,Brentford,Rotherham United,1,1,3,3,2,0,0
1987,Brentford,Walsall,0,0,3,3,0,0,0
1987,Brighton & Hove Albion,Chester,1,0,3,3,1,1,1
1987,Brighton & Hove Albion,Fulham,2,0,3,3,2,2,1
1987,Brighton & Hove Albion,Southend United,0,0,3,3,0,0,0
1987,Brighton & Hove Albion,Wigan Athletic,1,0,3,3,1,1,1
1987,Bristol City,Blackpool,2,1,3,3,3,1,1
1987,Bristol City,Bristol Rovers,3,3,3,3,6,0,0
1987,Bristol City,Sunderland,0,1,3,3,1,-1,0
1987,Bristol City,York City,3,2,3,3,5,1,1
1987,Bristol Rovers,Notts County,1,1,3,3,2,0,0
1987,Bristol Rovers,Rotherham United,3,1,3,3,4,2,1
1987,Bury,Chester,0,1,3,3,1,-1,0
1987,Bury,Fulham,1,1,3,3,2,0,0
1987,Chester,Blackpool,1,1,3,3,2,0,0
1987,Chester,Chesterfield,1,1,3,3,2,0,0
1987,Chester,Gillingham,3,1,3,3,4,2,1
1987,Chester,Preston North End,1,0,3,3,1,1,1
1987,Chester,Sunderland,1,2,3,3,3,-1,0
1987,Chesterfield,Brentford,2,1,3,3,3,1,1
1987,Chesterfield,Bristol Rovers,0,1,3,3,1,-1,0
1987,Chesterfield,Doncaster Rovers,0,1,3,3,1,-1,0
1987,Chesterfield,Grimsby Town,0,3,3,3,3,-3,0
1987,Chesterfield,Rotherham United,3,2,3,3,5,1,1
1987,Chesterfield,Walsall,2,1,3,3,3,1,1
1987,Doncaster Rovers,Aldershot,0,0,3,3,0,0,0
1987,Doncaster Rovers,Brighton & Hove Albion,0,2,3,3,2,-2,0
1987,Doncaster Rovers,Fulham,2,2,3,3,4,0,0
1987,Doncaster Rovers,Mansfield Town,0,2,3,3,2,-2,0
1987,Doncaster Rovers,Wigan Athletic,3,4,3,3,7,-1,0
1987,Fulham,Blackpool,3,1,3,3,4,2,1
1987,Fulham,Bristol City,0,0,3,3,0,0,0
1987,Fulham,Chester,1,0,3,3,1,1,1
1987,Fulham,Northampton Town,0,0,3,3,0,0,0
1987,Fulham,Sunderland,0,2,3,3,2,-2,0
1987,Fulham,York City,3,1,3,3,4,2,1
1987,Gillingham,Brentford,0,1,3,3,1,-1,0
1987,Gillingham,Bristol Rovers,3,0,3,3,3,3,1
1987,Gillingham,Chesterfield,10,0,3,3,10,10,1
1987,Gillingham,Grimsby Town,1,1,3,3,2,0,0
1987,Gillingham,Notts County,3,1,3,3,4,2,1
1987,Gillingham,Rotherham United,0,2,3,3,2,-2,0
1987,Gillingham,Walsall,0,1,3,3,1,-1,0
1987,Grimsby Town,Doncaster Rovers,0,0,3,3,0,0,0
1987,Grimsby Town,Mansfield Town,2,3,3,3,5,-1,0
1987,Grimsby Town,Port Vale,3,1,3,3,4,2,1
1987,Mansfield Town,Bristol City,2,0,3,3,2,2,1
1987,Mansfield Town,Fulham,0,2,3,3,2,-2,0
1987,Mansfield Town,Preston North End,0,0,3,3,0,0,0
1987,Northampton Town,Brentford,2,1,3,3,3,1,1
1987,Northampton Town,Chesterfield,4,0,3,3,4,4,1
1987,Notts County,Bury,3,0,3,3,3,3,1
1987,Notts County,Port Vale,1,2,3,3,3,-1,0
1987,Notts County,Southend United,6,2,3,3,8,4,1
1987,Port Vale,Bristol City,1,1,3,3,2,0,0
1987,Port Vale,Fulham,1,1,3,3,2,0,0
1987,Port Vale,Mansfield Town,1,1,3,3,2,0,0
1987,Port Vale,Sunderland,0,1,3,3,1,-1,0
1987,Preston North End,Brentford,1,2,3,3,3,-1,0
1987,Preston North End,Chesterfield,0,1,3,3,1,-1,0
1987,Preston North End,Northampton Town,0,0,3,3,0,0,0
1987,Preston North End,Rotherham United,0,0,3,3,0,0,0
1987,Rotherham United,Bury,0,1,3,3,1,-1,0
1987,Rotherham United,Notts County,1,1,3,3,2,0,0
1987,Rotherham United,Southend United,1,1,3,3,2,0,0
1987,Rotherham United,Wigan Athletic,1,1,3,3,2,0,0
1987,Southend United,Blackpool,4,0,3,3,4,4,1
1987,Southend United,Bristol City,2,0,3,3,2,2,1
1987,Southend United,Fulham,0,2,3,3,2,-2,0
1987,Southend United,Mansfield Town,2,1,3,3,3,1,1
1987,Southend United,Port Vale,3,3,3,3,6,0,0
1987,Southend United,Sunderland,1,4,3,3,5,-3,0
1987,Southend United,York City,3,1,3,3,4,2,1
1987,Sunderland,Brentford,2,0,3,3,2,2,1
1987,Sunderland,Bristol Rovers,1,1,3,3,2,0,0
1987,Sunderland,Chesterfield,3,2,3,3,5,1,1
1987,Sunderland,Gillingham,2,1,3,3,3,1,1
1987,Sunderland,Northampton Town,3,1,3,3,4,2,1
1987,Sunderland,Walsall,1,1,3,3,2,0,0
1987,Walsall,Brighton & Hove Albion,1,1,3,3,2,0,0
1987,Walsall,Notts County,2,1,3,3,3,1,1
1987,Walsall,Wigan Athletic,1,2,3,3,3,-1,0
1987,Wigan Athletic,Bristol City,1,1,3,3,2,0,0
1987,Wigan Athletic,Chester,1,0,3,3,1,1,1
1987,York City,Brentford,1,1,3,3,2,0,0
1987,York City,Bristol Rovers,0,4,3,3,4,-4,0
1987,York City,Northampton Town,2,2,3,3,4,0,0
1987,York City,Sunderland,2,1,3,3,3,1,1
1987,Bolton Wanderers,Burnley,2,1,4,4,3,1,1
1987,Bolton Wanderers,Darlington,1,1,4,4,2,0,0
1987,Bolton Wanderers,Hartlepool United,1,2,4,4,3,-1,0
1987,Bolton Wanderers,Scarborough,3,1,4,4,4,2,1
1987,Bolton Wanderers,Wolverhampton Wanderers,1,0,4,4,1,1,1
1987,Burnley,Colchester United,0,3,4,4,3,-3,0
1987,Burnley,Hereford United,0,0,4,4,0,0,0
1987,Burnley,Scunthorpe United,1,1,4,4,2,0,0
1987,Burnley,Wrexham,1,0,4,4,1,1,1
1987,Cambridge United,Cardiff City,0,0,4,4,0,0,0
1987,Cambridge United,Halifax Town,2,1,4,4,3,1,1
1987,Cambridge United,Leyton Orient,2,0,4,4,2,2,1
1987,Cambridge United,Rochdale,1,2,4,4,3,-1,0
1987,Cambridge United,Stockport County,2,0,4,4,2,2,1
1987,Cambridge United,Tranmere Rovers,1,1,4,4,2,0,0
1987,Cardiff City,Bolton Wanderers,1,0,4,4,1,1,1
1987,Cardiff City,Carlisle United,4,2,4,4,6,2,1
1987,Cardiff City,Wolverhampton Wanderers,3,2,4,4,5,1,1
1987,Carlisle United,Burnley,3,4,4,4,7,-1,0
1987,Carlisle United,Exeter City,0,0,4,4,0,0,0
1987,Carlisle United,Hereford United,3,1,4,4,4,2,1
1987,Carlisle United,Scunthorpe United,3,1,4,4,4,2,1
1987,Carlisle United,Wrexham,0,4,4,4,4,-4,0
1987,Colchester United,Crewe Alexandra,1,4,4,4,5,-3,0
1987,Colchester United,Leyton Orient,0,0,4,4,0,0,0
1987,Colchester United,Stockport County,2,0,4,4,2,2,1
1987,Colchester United,Tranmere Rovers,0,0,4,4,0,0,0
1987,Crewe Alexandra,Bolton Wanderers,2,1,4,4,3,1,1
1987,Crewe Alexandra,Darlington,3,1,4,4,4,2,1
1987,Crewe Alexandra,Hartlepool United,1,1,4,4,2,0,0
1987,Crewe Alexandra,Scarborough,1,0,4,4,1,1,1
1987,Crewe Alexandra,Swansea City,2,2,4,4,4,0,0
1987,Crewe Alexandra,Wolverhampton Wanderers,0,2,4,4,2,-2,0
1987,Darlington,Peterborough United,2,1,4,4,3,1,1
1987,Darlington,Scunthorpe United,1,4,4,4,5,-3,0
1987,Halifax Town,Cardiff City,0,1,4,4,1,-1,0
1987,Halifax Town,Hartlepool United,3,1,4,4,4,2,1
1987,Halifax Town,Newport County,3,1,4,4,4,2,1
1987,Hartlepool United,Darlington,2,5,4,4,7,-3,0
1987,Hartlepool United,Hereford United,1,2,4,4,3,-1,0
1987,Hartlepool United,Scunthorpe United,1,0,4,4,1,1,1
1987,Hartlepool United,Wrexham,1,0,4,4,1,1,1
1987,Hereford United,Colchester United,1,0,4,4,1,1,1
1987,Leyton Orient,Scarborough,3,1,4,4,4,2,1
1987,Leyton Orient,Wolverhampton Wanderers,0,2,4,4,2,-2,0
1987,Newport County,Burnley,0,1,4,4,1,-1,0
1987,Newport County,Carlisle United,1,2,4,4,3,-1,0
1987,Newport County,Darlington,2,1,4,4,3,1,1
1987,Newport County,Hartlepool United,2,3,4,4,5,-1,0
1987,Newport County,Torquay United,3,1,4,4,4,2,1
1987,Newport County,Wrexham,2,0,4,4,2,2,1
1987,Peterborough United,Colchester United,2,0,4,4,2,2,1
1987,Peterborough United,Hereford United,1,2,4,4,3,-1,0
1987,Peterborough United,Stockport County,0,0,4,4,0,0,0
1987,Peterborough United,Tranmere Rovers,2,1,4,4,3,1,1
1987,Rochdale,Halifax Town,0,0,4,4,0,0,0
1987,Rochdale,Leyton Orient,1,3,4,4,4,-2,0
1987,Rochdale,Scarborough,1,1,4,4,2,0,0
1987,Rochdale,Swansea City,2,3,4,4,5,-1,0
1987,Rochdale,Wolverhampton Wanderers,0,1,4,4,1,-1,0
1987,Scarborough,Burnley,1,0,4,4,1,1,1
1987,Scarborough,Carlisle United,3,1,4,4,4,2,1
1987,Scarborough,Darlington,0,1,4,4,1,-1,0
1987,Scarborough,Hartlepool United,1,1,4,4,2,0,0
1987,Scarborough,Newport County,3,1,4,4,4,2,1
1987,Scarborough,Scunthorpe United,0,0,4,4,0,0,0
1987,Scarborough,Wrexham,0,2,4,4,2,-2,0
1987,Scunthorpe United,Exeter City,1,1,4,4,2,0,0
1987,Scunthorpe United,Hereford United,3,0,4,4,3,3,1
1987,Scunthorpe United,Peterborough United,5,0,4,4,5,5,1
1987,Stockport County,Cardiff City,0,1,4,4,1,-1,0
1987,Stockport County,Crewe Alexandra,1,1,4,4,2,0,0
1987,Stockport County,Halifax Town,1,0,4,4,1,1,1
1987,Stockport County,Wolverhampton Wanderers,0,2,4,4,2,-2,0
1987,Swansea City,Burnley,0,0,4,4,0,0,0
1987,Torquay United,Cambridge United,0,1,4,4,1,-1,0
1987,Torquay United,Exeter City,1,1,4,4,2,0,0
1987,Torquay United,Hereford United,1,0,4,4,1,1,1
1987,Torquay United,Scunthorpe United,1,2,4,4,3,-1,0
1987,Torquay United,Tranmere Rovers,1,0,4,4,1,1,1
1987,Tranmere Rovers,Bolton Wanderers,2,0,4,4,2,2,1
1987,Tranmere Rovers,Cardiff City,0,1,4,4,1,-1,0
1987,Tranmere Rovers,Halifax Town,2,0,4,4,2,2,1
1987,Tranmere Rovers,Rochdale,6,1,4,4,7,5,1
1987,Tranmere Rovers,Wolverhampton Wanderers,3,0,4,4,3,3,1
1987,Wolverhampton Wanderers,Burnley,3,0,4,4,3,3,1
1987,Wolverhampton Wanderers,Carlisle United,3,1,4,4,4,2,1
1987,Wolverhampton Wanderers,Newport County,2,1,4,4,3,1,1
1987,Wolverhampton Wanderers,Scarborough,0,0,4,4,0,0,0
1987,Wolverhampton Wanderers,Swansea City,2,0,4,4,2,2,1
1987,Wolverhampton Wanderers,Wrexham,0,2,4,4,2,-2,0
1987,Wrexham,Scunthorpe United,2,1,4,4,3,1,1
1988,Arsenal,Millwall,0,0,1,1,0,0,0
1988,Arsenal,Wimbledon,2,2,1,1,4,0,0
1988,Aston Villa,Coventry City,1,1,1,1,2,0,0
1988,Aston Villa,Middlesbrough,1,1,1,1,2,0,0
1988,Aston Villa,Sheffield Wednesday,2,0,1,1,2,2,1
1988,Charlton Athletic,Everton,1,2,1,1,3,-1,0
1988,Charlton Athletic,Tottenham Hotspur,2,2,1,1,4,0,0
1988,Coventry City,Arsenal,1,0,1,1,1,1,1
1988,Coventry City,Millwall,0,0,1,1,0,0,0
1988,Derby County,Charlton Athletic,0,0,1,1,0,0,0
1988,Derby County,Liverpool,0,1,1,1,1,-1,0
1988,Derby County,Middlesbrough,1,0,1,1,1,1,1
1988,Derby County,Norwich City,0,1,1,1,1,-1,0
1988,Derby County,Sheffield Wednesday,1,0,1,1,1,1,1
1988,Everton,Aston Villa,1,1,1,1,2,0,0
1988,Everton,Manchester United,1,1,1,1,2,0,0
1988,Everton,Newcastle United,4,0,1,1,4,4,1
1988,Everton,Queens Park Rangers,4,1,1,1,5,3,1
1988,Everton,Tottenham Hotspur,1,0,1,1,1,1,1
1988,Liverpool,Arsenal,0,2,1,1,2,-2,0
1988,Liverpool,Millwall,1,1,1,1,2,0,0
1988,Liverpool,Nottingham Forest,1,0,1,1,1,1,1
1988,Liverpool,Southampton,2,0,1,1,2,2,1
1988,Liverpool,Wimbledon,1,1,1,1,2,0,0
1988,Luton Town,Charlton Athletic,5,2,1,1,7,3,1
1988,Luton Town,Middlesbrough,1,0,1,1,1,1,1
1988,Luton Town,Sheffield Wednesday,0,1,1,1,1,-1,0
1988,Manchester United,Aston Villa,1,1,1,1,2,0,0
1988,Manchester United,Derby County,0,2,1,1,2,-2,0
1988,Manchester United,Luton Town,2,0,1,1,2,2,1
1988,Manchester United,Tottenham Hotspur,1,0,1,1,1,1,1
1988,Middlesbrough,Liverpool,0,4,1,1,4,-4,0
1988,Middlesbrough,Nottingham Forest,3,4,1,1,7,-1,0
1988,Millwall,Everton,2,1,1,1,3,1,1
1988,Newcastle United,Derby County,0,1,1,1,1,-1,0
1988,Newcastle United,Millwall,1,1,1,1,2,0,0
1988,Newcastle United,Queens Park Rangers,1,2,1,1,3,-1,0
1988,Newcastle United,Tottenham Hotspur,2,2,1,1,4,0,0
1988,Norwich City,Arsenal,0,0,1,1,0,0,0
1988,Norwich City,Middlesbrough,0,0,1,1,0,0,0
1988,Norwich City,Wimbledon,1,0,1,1,1,1,1
1988,Nottingham Forest,Charlton Athletic,4,0,1,1,4,4,1
1988,Nottingham Forest,Everton,2,0,1,1,2,2,1
1988,Nottingham Forest,Newcastle United,1,1,1,1,2,0,0
1988,Nottingham Forest,Sheffield Wednesday,1,1,1,1,2,0,0
1988,Nottingham Forest,West Ham United,1,2,1,1,3,-1,0
1988,Queens Park Rangers,Aston Villa,1,0,1,1,1,1,1
1988,Queens Park Rangers,Derby County,0,1,1,1,1,-1,0
1988,Queens Park Rangers,Millwall,1,2,1,1,3,-1,0
1988,Queens Park Rangers,Tottenham Hotspur,1,0,1,1,1,1,1
1988,Sheffield Wednesday,Coventry City,1,2,1,1,3,-1,0
1988,Sheffield Wednesday,Wimbledon,1,1,1,1,2,0,0
1988,Southampton,Everton,1,1,1,1,2,0,0
1988,Southampton,Newcastle United,1,0,1,1,1,1,1
1988,Southampton,West Ham United,4,0,1,1,4,4,1
1988,Tottenham Hotspur,Aston Villa,2,0,1,1,2,2,1
1988,Tottenham Hotspur,Derby County,1,3,1,1,4,-2,0
1988,Tottenham Hotspur,Millwall,2,0,1,1,2,2,1
1988,West Ham United,Coventry City,1,1,1,1,2,0,0
1988,West Ham United,Liverpool,0,2,1,1,2,-2,0
1988,West Ham United,Middlesbrough,1,2,1,1,3,-1,0
1988,West Ham United,Norwich City,0,2,1,1,2,-2,0
1988,West Ham United,Sheffield Wednesday,0,0,1,1,0,0,0
1988,Wimbledon,Manchester United,1,1,1,1,2,0,0
1988,Wimbledon,Queens Park Rangers,1,0,1,1,1,1,1
1988,Wimbledon,Tottenham Hotspur,1,2,1,1,3,-1,0
1988,AFC Bournemouth,Brighton & Hove Albion,2,1,2,2,3,1,1
1988,AFC Bournemouth,Hull City,5,1,2,2,6,4,1
1988,Barnsley,Blackburn Rovers,0,1,2,2,1,-1,0
1988,Barnsley,Chelsea,1,1,2,2,2,0,0
1988,Barnsley,Ipswich Town,2,0,2,2,2,2,1
1988,Barnsley,Plymouth Argyle,3,1,2,2,4,2,1
1988,Barnsley,Stoke City,1,0,2,2,1,1,1
1988,Birmingham City,Oldham Athletic,0,0,2,2,0,0,0
1988,Birmingham City,Portsmouth,0,0,2,2,0,0,0
1988,Birmingham City,Watford,2,3,2,2,5,-1,0
1988,Blackburn Rovers,Brighton & Hove Albion,2,1,2,2,3,1,1
1988,Blackburn Rovers,Hull City,4,0,2,2,4,4,1
1988,Blackburn Rovers,Oxford United,3,1,2,2,4,2,1
1988,Bradford City,Birmingham City,2,2,2,2,4,0,0
1988,Bradford City,Ipswich Town,2,2,2,2,4,0,0
1988,Bradford City,Manchester City,1,1,2,2,2,0,0
1988,Bradford City,Stoke City,0,0,2,2,0,0,0
1988,Bradford City,Walsall,3,1,2,2,4,2,1
1988,Brighton & Hove Albion,AFC Bournemouth,1,2,2,2,3,-1,0
1988,Brighton & Hove Albion,Crystal Palace,3,1,2,2,4,2,1
1988,Brighton & Hove Albion,Sunderland,3,0,2,2,3,3,1
1988,Brighton & Hove Albion,Watford,1,0,2,2,1,1,1
1988,Chelsea,Hull City,2,1,2,2,3,1,1
1988,Chelsea,Shrewsbury Town,2,0,2,2,2,2,1
1988,Crystal Palace,Birmingham City,4,1,2,2,5,3,1
1988,Crystal Palace,Brighton & Hove Albion,2,1,2,2,3,1,1
1988,Crystal Palace,Ipswich Town,2,0,2,2,2,2,1
1988,Crystal Palace,Manchester City,0,0,2,2,0,0,0
1988,Crystal Palace,Plymouth Argyle,4,1,2,2,5,3,1
1988,Crystal Palace,Stoke City,1,0,2,2,1,1,1
1988,Crystal Palace,Walsall,4,0,2,2,4,4,1
1988,Hull City,AFC Bournemouth,4,0,2,2,4,4,1
1988,Hull City,Blackburn Rovers,1,3,2,2,4,-2,0
1988,Hull City,Chelsea,3,0,2,2,3,3,1
1988,Hull City,Leeds United,1,2,2,2,3,-1,0
1988,Hull City,Oldham Athletic,1,1,2,2,2,0,0
1988,Hull City,Sunderland,0,0,2,2,0,0,0
1988,Ipswich Town,Leicester City,2,0,2,2,2,2,1
1988,Ipswich Town,Shrewsbury Town,2,0,2,2,2,2,1
1988,Ipswich Town,Swindon Town,1,2,2,2,3,-1,0
1988,Leeds United,Brighton & Hove Albion,1,0,2,2,1,1,1
1988,Leeds United,Hull City,2,1,2,2,3,1,1
1988,Leeds United,Plymouth Argyle,2,0,2,2,2,2,1
1988,Leicester City,Blackburn Rovers,4,0,2,2,4,4,1
1988,Leicester City,Chelsea,2,0,2,2,2,2,1
1988,Leicester City,Portsmouth,2,1,2,2,3,1,1
1988,Manchester City,Bradford City,4,0,2,2,4,4,1
1988,Manchester City,Oxford United,2,1,2,2,3,1,1
1988,Manchester City,Shrewsbury Town,2,2,2,2,4,0,0
1988,Manchester City,West Bromwich Albion,1,1,2,2,2,0,0
1988,Oldham Athletic,Birmingham City,4,0,2,2,4,4,1
1988,Oldham Athletic,Brighton & Hove Albion,2,1,2,2,3,1,1
1988,Oldham Athletic,Stoke City,2,2,2,2,4,0,0
1988,Oldham Athletic,Walsall,3,0,2,2,3,3,1
1988,Oxford United,AFC Bournemouth,3,1,2,2,4,2,1
1988,Oxford United,Chelsea,2,3,2,2,5,-1,0
1988,Oxford United,Ipswich Town,1,1,2,2,2,0,0
1988,Oxford United,Manchester City,2,4,2,2,6,-2,0
1988,Oxford United,Sunderland,2,4,2,2,6,-2,0
1988,Oxford United,Watford,0,4,2,2,4,-4,0
1988,Plymouth Argyle,Barnsley,1,2,2,2,3,-1,0
1988,Plymouth Argyle,Crystal Palace,0,2,2,2,2,-2,0
1988,Plymouth Argyle,Leeds United,1,0,2,2,1,1,1
1988,Plymouth Argyle,Shrewsbury Town,0,0,2,2,0,0,0
1988,Plymouth Argyle,West Bromwich Albion,1,1,2,2,2,0,0
1988,Portsmouth,Hull City,1,3,2,2,4,-2,0
1988,Portsmouth,Leicester City,3,0,2,2,3,3,1
1988,Portsmouth,Stoke City,0,0,2,2,0,0,0
1988,Shrewsbury Town,Chelsea,1,1,2,2,2,0,0
1988,Shrewsbury Town,Ipswich Town,1,5,2,2,6,-4,0
1988,Shrewsbury Town,Plymouth Argyle,2,0,2,2,2,2,1
1988,Stoke City,Barnsley,1,1,2,2,2,0,0
1988,Stoke City,Bradford City,2,1,2,2,3,1,1
1988,Stoke City,Leeds United,2,3,2,2,5,-1,0
1988,Stoke City,Oldham Athletic,0,0,2,2,0,0,0
1988,Stoke City,Portsmouth,2,2,2,2,4,0,0
1988,Stoke City,West Bromwich Albion,0,0,2,2,0,0,0
1988,Sunderland,Brighton & Hove Albion,1,0,2,2,1,1,1
1988,Sunderland,Hull City,2,0,2,2,2,2,1
1988,Sunderland,Leicester City,2,2,2,2,4,0,0
1988,Sunderland,Walsall,0,3,2,2,3,-3,0
1988,Swindon Town,AFC Bournemouth,3,1,2,2,4,2,1
1988,Swindon Town,Blackburn Rovers,1,1,2,2,2,0,0
1988,Swindon Town,Chelsea,1,1,2,2,2,0,0
1988,Swindon Town,Ipswich Town,2,3,2,2,5,-1,0
1988,Swindon Town,Stoke City,3,0,2,2,3,3,1
1988,Walsall,Bradford City,0,1,2,2,1,-1,0
1988,Walsall,Crystal Palace,0,0,2,2,0,0,0
1988,Walsall,Oldham Athletic,2,2,2,2,4,0,0
1988,Walsall,West Bromwich Albion,0,0,2,2,0,0,0
1988,Watford,Brighton & Hove Albion,1,1,2,2,2,0,0
1988,Watford,Leicester City,2,1,2,2,3,1,1
1988,West Bromwich Albion,AFC Bournemouth,0,0,2,2,0,0,0
1988,West Bromwich Albion,Ipswich Town,1,2,2,2,3,-1,0
1988,West Bromwich Albion,Stoke City,6,0,2,2,6,6,1
1988,West Bromwich Albion,Walsall,0,0,2,2,0,0,0
1988,Aldershot,Chester,1,1,3,3,2,0,0
1988,Aldershot,Northampton Town,5,1,3,3,6,4,1
1988,Aldershot,Preston North End,2,1,3,3,3,1,1
1988,Aldershot,Southend United,2,2,3,3,4,0,0
1988,Blackpool,Brentford,0,3,3,3,3,-3,0
1988,Blackpool,Bury,2,2,3,3,4,0,0
1988,Blackpool,Reading,2,4,3,3,6,-2,0
1988,Blackpool,Swansea City,0,0,3,3,0,0,0
1988,Bolton Wanderers,Bristol City,2,0,3,3,2,2,1
1988,Bolton Wanderers,Cardiff City,4,0,3,3,4,4,1
1988,Bolton Wanderers,Port Vale,1,1,3,3,2,0,0
1988,Bolton Wanderers,Sheffield United,2,0,3,3,2,2,1
1988,Bolton Wanderers,Wigan Athletic,1,1,3,3,2,0,0
1988,Brentford,Bristol Rovers,2,1,3,3,3,1,1
1988,Brentford,Gillingham,1,0,3,3,1,1,1
1988,Brentford,Northampton Town,2,0,3,3,2,2,1
1988,Brentford,Preston North End,0,2,3,3,2,-2,0
1988,Bristol City,Bury,3,0,3,3,3,3,1
1988,Bristol City,Chesterfield,4,0,3,3,4,4,1
1988,Bristol City,Huddersfield Town,6,1,3,3,7,5,1
1988,Bristol Rovers,Aldershot,2,2,3,3,4,0,0
1988,Bristol Rovers,Fulham,0,0,3,3,0,0,0
1988,Bristol Rovers,Port Vale,2,2,3,3,4,0,0
1988,Bury,Blackpool,0,0,3,3,0,0,0
1988,Bury,Bristol City,2,1,3,3,3,1,1
1988,Cardiff City,Bolton Wanderers,1,0,3,3,1,1,1
1988,Cardiff City,Notts County,0,1,3,3,1,-1,0
1988,Cardiff City,Reading,1,2,3,3,3,-1,0
1988,Cardiff City,Swansea City,2,2,3,3,4,0,0
1988,Chester,Fulham,7,0,3,3,7,7,1
1988,Chester,Sheffield United,0,1,3,3,1,-1,0
1988,Chester,Wigan Athletic,1,0,3,3,1,1,1
1988,Chesterfield,Cardiff City,4,0,3,3,4,4,1
1988,Chesterfield,Gillingham,3,1,3,3,4,2,1
1988,Chesterfield,Southend United,2,1,3,3,3,1,1
1988,Chesterfield,Wolverhampton Wanderers,0,3,3,3,3,-3,0
1988,Fulham,Huddersfield Town,1,2,3,3,3,-1,0
1988,Fulham,Notts County,2,1,3,3,3,1,1
1988,Fulham,Reading,2,1,3,3,3,1,1
1988,Gillingham,Bury,3,4,3,3,7,-1,0
1988,Gillingham,Mansfield Town,3,0,3,3,3,3,1
1988,Gillingham,Port Vale,1,0,3,3,1,1,1
1988,Huddersfield Town,Blackpool,1,1,3,3,2,0,0
1988,Huddersfield Town,Bristol City,0,1,3,3,1,-1,0
1988,Huddersfield Town,Fulham,2,0,3,3,2,2,1
1988,Huddersfield Town,Northampton Town,1,2,3,3,3,-1,0
1988,Huddersfield Town,Southend United,3,2,3,3,5,1,1
1988,Huddersfield Town,Wolverhampton Wanderers,0,0,3,3,0,0,0
1988,Mansfield Town,Bolton Wanderers,1,1,3,3,2,0,0
1988,Mansfield Town,Bristol Rovers,2,1,3,3,3,1,1
1988,Mansfield Town,Notts County,1,1,3,3,2,0,0
1988,Northampton Town,Aldershot,6,0,3,3,6,6,1
1988,Northampton Town,Brentford,1,0,3,3,1,1,1
1988,Northampton Town,Huddersfield Town,1,3,3,3,4,-2,0
1988,Northampton Town,Wigan Athletic,1,1,3,3,2,0,0
1988,Notts County,Cardiff City,2,0,3,3,2,2,1
1988,Notts County,Mansfield Town,2,1,3,3,3,1,1
1988,Notts County,Preston North End,0,0,3,3,0,0,0
1988,Notts County,Southend United,1,1,3,3,2,0,0
1988,Notts County,Wolverhampton Wanderers,1,1,3,3,2,0,0
1988,Port Vale,Bristol Rovers,1,0,3,3,1,1,1
1988,Port Vale,Chester,1,2,3,3,3,-1,0
1988,Port Vale,Gillingham,2,1,3,3,3,1,1
1988,Preston North End,Aldershot,2,2,3,3,4,0,0
1988,Preston North End,Bury,1,0,3,3,1,1,1
1988,Preston North End,Notts County,3,0,3,3,3,3,1
1988,Reading,Blackpool,2,1,3,3,3,1,1
1988,Reading,Bristol City,1,2,3,3,3,-1,0
1988,Reading,Mansfield Town,1,0,3,3,1,1,1
1988,Reading,Port Vale,3,0,3,3,3,3,1
1988,Reading,Wolverhampton Wanderers,0,2,3,3,2,-2,0
1988,Sheffield United,Bolton Wanderers,4,0,3,3,4,4,1
1988,Sheffield United,Gillingham,4,2,3,3,6,2,1
1988,Sheffield United,Preston North End,3,1,3,3,4,2,1
1988,Southend United,Bury,1,1,3,3,2,0,0
1988,Southend United,Huddersfield Town,2,4,3,3,6,-2,0
1988,Southend United,Notts County,1,1,3,3,2,0,0
1988,Southend United,Wigan Athletic,1,2,3,3,3,-1,0
1988,Swansea City,Bristol City,1,1,3,3,2,0,0
1988,Swansea City,Cardiff City,1,1,3,3,2,0,0
1988,Swansea City,Sheffield United,2,2,3,3,4,0,0
1988,Swansea City,Wolverhampton Wanderers,2,5,3,3,7,-3,0
1988,Wigan Athletic,Chester,3,0,3,3,3,3,1
1988,Wigan Athletic,Preston North End,1,1,3,3,2,0,0
1988,Wolverhampton Wanderers,Aldershot,1,0,3,3,1,1,1
1988,Wolverhampton Wanderers,Brentford,2,0,3,3,2,2,1
1988,Wolverhampton Wanderers,Chesterfield,1,0,3,3,1,1,1
1988,Wolverhampton Wanderers,Notts County,0,0,3,3,0,0,0
1988,Wolverhampton Wanderers,Swansea City,1,1,3,3,2,0,0
1988,Burnley,Darlington,0,1,4,4,1,-1,0
1988,Burnley,Hereford United,3,3,4,4,6,0,0
1988,Burnley,Peterborough United,1,1,4,4,2,0,0
1988,Burnley,Scarborough,0,1,4,4,1,-1,0
1988,Burnley,York City,6,0,4,4,6,6,1
1988,Cambridge United,Doncaster Rovers,0,0,4,4,0,0,0
1988,Cambridge United,Leyton Orient,2,2,4,4,4,0,0
1988,Cambridge United,Rochdale,2,0,4,4,2,2,1
1988,Cambridge United,Scunthorpe United,0,3,4,4,3,-3,0
1988,Carlisle United,Burnley,0,0,4,4,0,0,0
1988,Carlisle United,Crewe Alexandra,0,1,4,4,1,-1,0
1988,Carlisle United,Hartlepool United,2,1,4,4,3,1,1
1988,Carlisle United,Rotherham United,0,2,4,4,2,-2,0
1988,Carlisle United,Stockport County,1,1,4,4,2,0,0
1988,Carlisle United,Wrexham,1,2,4,4,3,-1,0
1988,Colchester United,Cambridge United,1,2,4,4,3,-1,0
1988,Colchester United,Grimsby Town,0,0,4,4,0,0,0
1988,Colchester United,Hereford United,1,1,4,4,2,0,0
1988,Colchester United,Torquay United,2,2,4,4,4,0,0
1988,Crewe Alexandra,Carlisle United,1,0,4,4,1,1,1
1988,Crewe Alexandra,Halifax Town,2,2,4,4,4,0,0
1988,Crewe Alexandra,Tranmere Rovers,2,1,4,4,3,1,1
1988,Darlington,Burnley,1,1,4,4,2,0,0
1988,Darlington,Rotherham United,1,1,4,4,2,0,0
1988,Darlington,Stockport County,1,4,4,4,5,-3,0
1988,Darlington,Wrexham,2,1,4,4,3,1,1
1988,Doncaster Rovers,Crewe Alexandra,0,1,4,4,1,-1,0
1988,Doncaster Rovers,Hereford United,3,2,4,4,5,1,1
1988,Doncaster Rovers,Peterborough United,2,3,4,4,5,-1,0
1988,Doncaster Rovers,Torquay United,1,2,4,4,3,-1,0
1988,Doncaster Rovers,York City,1,2,4,4,3,-1,0
1988,Exeter City,Carlisle United,3,0,4,4,3,3,1
1988,Exeter City,Halifax Town,4,1,4,4,5,3,1
1988,Grimsby Town,Colchester United,2,2,4,4,4,0,0
1988,Grimsby Town,Doncaster Rovers,5,0,4,4,5,5,1
1988,Grimsby Town,Lincoln City,1,0,4,4,1,1,1
1988,Grimsby Town,Stockport County,2,0,4,4,2,2,1
1988,Grimsby Town,Wrexham,0,1,4,4,1,-1,0
1988,Halifax Town,Exeter City,0,3,4,4,3,-3,0
1988,Halifax Town,Peterborough United,5,0,4,4,5,5,1
1988,Halifax Town,Scarborough,0,2,4,4,2,-2,0
1988,Halifax Town,York City,0,0,4,4,0,0,0
1988,Hartlepool United,Carlisle United,0,2,4,4,2,-2,0
1988,Hartlepool United,Grimsby Town,2,1,4,4,3,1,1
1988,Hartlepool United,Leyton Orient,1,0,4,4,1,1,1
1988,Hereford United,Doncaster Rovers,3,1,4,4,4,2,1
1988,Hereford United,Halifax Town,3,1,4,4,4,2,1
1988,Hereford United,Stockport County,2,1,4,4,3,1,1
1988,Leyton Orient,Exeter City,4,0,4,4,4,4,1
1988,Leyton Orient,Torquay United,3,1,4,4,4,2,1
1988,Leyton Orient,York City,4,0,4,4,4,4,1
1988,Lincoln City,Carlisle United,0,2,4,4,2,-2,0
1988,Lincoln City,Darlington,3,2,4,4,5,1,1
1988,Lincoln City,Grimsby Town,2,2,4,4,4,0,0
1988,Lincoln City,Hereford United,2,0,4,4,2,2,1
1988,Lincoln City,Rochdale,4,1,4,4,5,3,1
1988,Lincoln City,Scunthorpe United,1,0,4,4,1,1,1
1988,Lincoln City,Tranmere Rovers,2,1,4,4,3,1,1
1988,Peterborough United,Wrexham,1,0,4,4,1,1,1
1988,Rochdale,Cambridge United,2,1,4,4,3,1,1
1988,Rochdale,Crewe Alexandra,2,1,4,4,3,1,1
1988,Rochdale,Torquay United,2,1,4,4,3,1,1
1988,Rotherham United,Peterborough United,1,1,4,4,2,0,0
1988,Rotherham United,Tranmere Rovers,0,0,4,4,0,0,0
1988,Scarborough,Rochdale,3,3,4,4,6,0,0
1988,Scunthorpe United,Cambridge United,1,0,4,4,1,1,1
1988,Scunthorpe United,Lincoln City,0,0,4,4,0,0,0
1988,Scunthorpe United,Torquay United,1,0,4,4,1,1,1
1988,Scunthorpe United,York City,4,2,4,4,6,2,1
1988,Stockport County,Darlington,0,0,4,4,0,0,0
1988,Stockport County,Scarborough,2,2,4,4,4,0,0
1988,Stockport County,Tranmere Rovers,1,1,4,4,2,0,0
1988,Torquay United,Doncaster Rovers,3,2,4,4,5,1,1
1988,Torquay United,Leyton Orient,3,0,4,4,3,3,1
1988,Torquay United,Rochdale,1,0,4,4,1,1,1
1988,Tranmere Rovers,Exeter City,2,0,4,4,2,2,1
1988,Tranmere Rovers,Hartlepool United,2,1,4,4,3,1,1
1988,Tranmere Rovers,Lincoln City,1,0,4,4,1,1,1
1988,Tranmere Rovers,Stockport County,1,0,4,4,1,1,1
1988,Wrexham,Carlisle United,2,1,4,4,3,1,1
1988,Wrexham,Darlington,3,3,4,4,6,0,0
1988,Wrexham,Hereford United,1,1,4,4,2,0,0
1988,Wrexham,Peterborough United,1,1,4,4,2,0,0
1988,Wrexham,Scarborough,0,1,4,4,1,-1,0
1988,Wrexham,Torquay United,1,0,4,4,1,1,1
1988,York City,Burnley,0,0,4,4,0,0,0
1988,York City,Colchester United,2,0,4,4,2,2,1
1988,York City,Rochdale,3,3,4,4,6,0,0
1989,Aston Villa,Everton,6,2,1,1,8,4,1
1989,Aston Villa,Norwich City,3,3,1,1,6,0,0
1989,Aston Villa,Wimbledon,0,3,1,1,3,-3,0
1989,Charlton Athletic,Chelsea,3,0,1,1,3,3,1
1989,Charlton Athletic,Luton Town,2,0,1,1,2,2,1
1989,Charlton Athletic,Queens Park Rangers,1,0,1,1,1,1,1
1989,Charlton Athletic,Tottenham Hotspur,1,3,1,1,4,-2,0
1989,Chelsea,Aston Villa,0,3,1,1,3,-3,0
1989,Chelsea,Crystal Palace,3,0,1,1,3,3,1
1989,Chelsea,Liverpool,2,5,1,1,7,-3,0
1989,Chelsea,Manchester United,1,0,1,1,1,1,1
1989,Chelsea,Southampton,2,2,1,1,4,0,0
1989,Coventry City,Everton,2,0,1,1,2,2,1
1989,Coventry City,Manchester City,2,1,1,1,3,1,1
1989,Coventry City,Norwich City,1,0,1,1,1,1,1
1989,Coventry City,Wimbledon,2,1,1,1,3,1,1
1989,Crystal Palace,Derby County,1,1,1,1,2,0,0
1989,Crystal Palace,Luton Town,1,1,1,1,2,0,0
1989,Derby County,Aston Villa,0,1,1,1,1,-1,0
1989,Derby County,Coventry City,4,1,1,1,5,3,1
1989,Derby County,Liverpool,0,3,1,1,3,-3,0
1989,Derby County,Manchester United,2,0,1,1,2,2,1
1989,Derby County,Nottingham Forest,0,2,1,1,2,-2,0
1989,Everton,Arsenal,3,0,1,1,3,3,1
1989,Everton,Derby County,2,1,1,1,3,1,1
1989,Everton,Wimbledon,1,1,1,1,2,0,0
1989,Liverpool,Crystal Palace,9,0,1,1,9,9,1
1989,Liverpool,Luton Town,2,2,1,1,4,0,0
1989,Liverpool,Queens Park Rangers,2,1,1,1,3,1,1
1989,Liverpool,Tottenham Hotspur,1,0,1,1,1,1,1
1989,Luton Town,Aston Villa,0,1,1,1,1,-1,0
1989,Luton Town,Coventry City,3,2,1,1,5,1,1
1989,Luton Town,Manchester United,1,3,1,1,4,-2,0
1989,Manchester City,Chelsea,1,1,1,1,2,0,0
1989,Manchester City,Derby County,0,1,1,1,1,-1,0
1989,Manchester City,Norwich City,1,0,1,1,1,1,1
1989,Manchester City,Sheffield Wednesday,2,1,1,1,3,1,1
1989,Manchester United,Charlton Athletic,1,0,1,1,1,1,1
1989,Manchester United,Crystal Palace,1,2,1,1,3,-1,0
1989,Manchester United,Tottenham Hotspur,0,1,1,1,1,-1,0
1989,Millwall,Coventry City,4,1,1,1,5,3,1
1989,Millwall,Manchester City,1,1,1,1,2,0,0
1989,Millwall,Southampton,2,2,1,1,4,0,0
1989,Norwich City,Chelsea,2,0,1,1,2,2,1
1989,Norwich City,Derby County,1,0,1,1,1,1,1
1989,Norwich City,Luton Town,2,0,1,1,2,2,1
1989,Norwich City,Sheffield Wednesday,2,1,1,1,3,1,1
1989,Norwich City,Wimbledon,0,1,1,1,1,-1,0
1989,Nottingham Forest,Manchester United,4,0,1,1,4,4,1
1989,Nottingham Forest,Queens Park Rangers,2,2,1,1,4,0,0
1989,Queens Park Rangers,Coventry City,1,1,1,1,2,0,0
1989,Queens Park Rangers,Everton,1,0,1,1,1,1,1
1989,Queens Park Rangers,Manchester City,1,3,1,1,4,-2,0
1989,Queens Park Rangers,Norwich City,2,1,1,1,3,1,1
1989,Sheffield Wednesday,Arsenal,1,0,1,1,1,1,1
1989,Sheffield Wednesday,Luton Town,1,1,1,1,2,0,0
1989,Sheffield Wednesday,Queens Park Rangers,2,0,1,1,2,2,1
1989,Southampton,Crystal Palace,1,1,1,1,2,0,0
1989,Southampton,Tottenham Hotspur,1,1,1,1,2,0,0
1989,Tottenham Hotspur,Aston Villa,0,2,1,1,2,-2,0
1989,Tottenham Hotspur,Coventry City,3,2,1,1,5,1,1
1989,Tottenham Hotspur,Everton,2,1,1,1,3,1,1
1989,Wimbledon,Derby County,1,1,1,1,2,0,0
1989,Wimbledon,Millwall,2,2,1,1,4,0,0
1989,AFC Bournemouth,Ipswich Town,3,1,2,2,4,2,1
1989,AFC Bournemouth,Middlesbrough,2,2,2,2,4,0,0
1989,Barnsley,Brighton & Hove Albion,1,0,2,2,1,1,1
1989,Barnsley,Sheffield United,1,2,2,2,3,-1,0
1989,Barnsley,Swindon Town,0,1,2,2,1,-1,0
1989,Blackburn Rovers,Hull City,0,0,2,2,0,0,0
1989,Blackburn Rovers,Leicester City,2,4,2,2,6,-2,0
1989,Blackburn Rovers,Oldham Athletic,1,0,2,2,1,1,1
1989,Blackburn Rovers,Port Vale,1,0,2,2,1,1,1
1989,Blackburn Rovers,Wolverhampton Wanderers,2,3,2,2,5,-1,0
1989,Bradford City,Middlesbrough,0,1,2,2,1,-1,0
1989,Bradford City,Oxford United,1,2,2,2,3,-1,0
1989,Bradford City,West Bromwich Albion,2,0,2,2,2,2,1
1989,Brighton & Hove Albion,AFC Bournemouth,2,1,2,2,3,1,1
1989,Brighton & Hove Albion,Sheffield United,2,2,2,2,4,0,0
1989,Brighton & Hove Albion,West Ham United,3,0,2,2,3,3,1
1989,Hull City,Leicester City,1,1,2,2,2,0,0
1989,Hull City,Port Vale,2,1,2,2,3,1,1
1989,Hull City,Stoke City,0,0,2,2,0,0,0
1989,Ipswich Town,Oxford United,1,0,2,2,1,1,1
1989,Ipswich Town,Portsmouth,0,1,2,2,1,-1,0
1989,Ipswich Town,West Bromwich Albion,3,1,2,2,4,2,1
1989,Leeds United,Bradford City,1,1,2,2,2,0,0
1989,Leeds United,Ipswich Town,1,1,2,2,2,0,0
1989,Leeds United,Sheffield United,4,0,2,2,4,4,1
1989,Leeds United,Swindon Town,4,0,2,2,4,4,1
1989,Leeds United,West Ham United,3,2,2,2,5,1,1
1989,Leicester City,Brighton & Hove Albion,1,0,2,2,1,1,1
1989,Leicester City,Stoke City,2,1,2,2,3,1,1
1989,Leicester City,Wolverhampton Wanderers,0,0,2,2,0,0,0
1989,Middlesbrough,Blackburn Rovers,0,3,2,2,3,-3,0
1989,Middlesbrough,Hull City,1,0,2,2,1,1,1
1989,Middlesbrough,Leicester City,4,1,2,2,5,3,1
1989,Middlesbrough,Portsmouth,2,0,2,2,2,2,1
1989,Newcastle United,AFC Bournemouth,3,0,2,2,3,3,1
1989,Newcastle United,Bradford City,1,0,2,2,1,1,1
1989,Newcastle United,Plymouth Argyle,3,1,2,2,4,2,1
1989,Newcastle United,Swindon Town,0,0,2,2,0,0,0
1989,Oldham Athletic,Brighton & Hove Albion,1,1,2,2,2,0,0
1989,Oldham Athletic,Stoke City,2,0,2,2,2,2,1
1989,Oldham Athletic,Wolverhampton Wanderers,1,1,2,2,2,0,0
1989,Oxford United,Blackburn Rovers,1,1,2,2,2,0,0
1989,Oxford United,Oldham Athletic,0,1,2,2,1,-1,0
1989,Oxford United,Portsmouth,2,1,2,2,3,1,1
1989,Oxford United,Sunderland,0,1,2,2,1,-1,0
1989,Oxford United,West Bromwich Albion,0,1,2,2,1,-1,0
1989,Plymouth Argyle,AFC Bournemouth,1,0,2,2,1,1,1
1989,Plymouth Argyle,Oxford United,2,0,2,2,2,2,1
1989,Plymouth Argyle,Sheffield United,0,0,2,2,0,0,0
1989,Plymouth Argyle,Swindon Town,0,3,2,2,3,-3,0
1989,Plymouth Argyle,West Ham United,1,1,2,2,2,0,0
1989,Port Vale,Barnsley,2,1,2,2,3,1,1
1989,Port Vale,Brighton & Hove Albion,2,1,2,2,3,1,1
1989,Port Vale,Leeds United,0,0,2,2,0,0,0
1989,Port Vale,Plymouth Argyle,3,0,2,2,3,3,1
1989,Port Vale,Stoke City,0,0,2,2,0,0,0
1989,Portsmouth,Blackburn Rovers,1,1,2,2,2,0,0
1989,Portsmouth,Leicester City,2,3,2,2,5,-1,0
1989,Portsmouth,Oldham Athletic,2,1,2,2,3,1,1
1989,Sheffield United,Ipswich Town,2,0,2,2,2,2,1
1989,Sheffield United,Oxford United,2,1,2,2,3,1,1
1989,Sheffield United,Swindon Town,2,0,2,2,2,2,1
1989,Sheffield United,West Ham United,0,2,2,2,2,-2,0
1989,Stoke City,Newcastle United,2,1,2,2,3,1,1
1989,Stoke City,Plymouth Argyle,0,0,2,2,0,0,0
1989,Stoke City,Wolverhampton Wanderers,2,0,2,2,2,2,1
1989,Sunderland,Blackburn Rovers,0,1,2,2,1,-1,0
1989,Sunderland,Leicester City,2,2,2,2,4,0,0
1989,Sunderland,Oldham Athletic,2,3,2,2,5,-1,0
1989,Sunderland,Port Vale,2,2,2,2,4,0,0
1989,Sunderland,West Bromwich Albion,1,1,2,2,2,0,0
1989,Swindon Town,AFC Bournemouth,2,3,2,2,5,-1,0
1989,Swindon Town,Bradford City,3,1,2,2,4,2,1
1989,Swindon Town,Sunderland,0,2,2,2,2,-2,0
1989,Watford,Barnsley,2,2,2,2,4,0,0
1989,Watford,Leeds United,1,0,2,2,1,1,1
1989,Watford,Newcastle United,0,0,2,2,0,0,0
1989,Watford,Plymouth Argyle,1,2,2,2,3,-1,0
1989,Watford,Sheffield United,1,3,2,2,4,-2,0
1989,West Bromwich Albion,Blackburn Rovers,2,2,2,2,4,0,0
1989,West Bromwich Albion,Oldham Athletic,2,2,2,2,4,0,0
1989,West Ham United,Ipswich Town,2,0,2,2,2,2,1
1989,West Ham United,Oxford United,3,2,2,2,5,1,1
1989,West Ham United,West Bromwich Albion,2,3,2,2,5,-1,0
1989,Wolverhampton Wanderers,Barnsley,1,1,2,2,2,0,0
1989,Wolverhampton Wanderers,Leeds United,1,0,2,2,1,1,1
1989,Wolverhampton Wanderers,Plymouth Argyle,1,0,2,2,1,1,1
1989,Wolverhampton Wanderers,Sheffield United,1,2,2,2,3,-1,0
1989,Wolverhampton Wanderers,Swindon Town,2,1,2,2,3,1,1
1989,Wolverhampton Wanderers,West Ham United,1,0,2,2,1,1,1
1989,Birmingham City,Bury,0,0,3,3,0,0,0
1989,Birmingham City,Crewe Alexandra,3,0,3,3,3,3,1
1989,Birmingham City,Leyton Orient,0,0,3,3,0,0,0
1989,Birmingham City,Rotherham United,4,1,3,3,5,3,1
1989,Blackpool,Birmingham City,3,2,3,3,5,1,1
1989,Blackpool,Bristol City,1,3,3,3,4,-2,0
1989,Blackpool,Cardiff City,1,0,3,3,1,1,1
1989,Bolton Wanderers,Northampton Town,0,3,3,3,3,-3,0
1989,Brentford,Crewe Alexandra,0,2,3,3,2,-2,0
1989,Brentford,Leyton Orient,4,3,3,3,7,1,1
1989,Brentford,Notts County,0,1,3,3,1,-1,0
1989,Brentford,Tranmere Rovers,2,4,3,3,6,-2,0
1989,Bristol City,Brentford,2,0,3,3,2,2,1
1989,Bristol City,Cardiff City,1,0,3,3,1,1,1
1989,Bristol City,Mansfield Town,1,1,3,3,2,0,0
1989,Bristol City,Preston North End,2,1,3,3,3,1,1
1989,Bristol City,Shrewsbury Town,2,1,3,3,3,1,1
1989,Bristol Rovers,Blackpool,1,1,3,3,2,0,0
1989,Bristol Rovers,Bristol City,3,0,3,3,3,3,1
1989,Bristol Rovers,Chester,2,1,3,3,3,1,1
1989,Bristol Rovers,Northampton Town,4,2,3,3,6,2,1
1989,Bristol Rovers,Swansea City,2,0,3,3,2,2,1
1989,Bristol Rovers,Wigan Athletic,6,1,3,3,7,5,1
1989,Bury,Bristol Rovers,0,0,3,3,0,0,0
1989,Bury,Rotherham United,1,1,3,3,2,0,0
1989,Bury,Tranmere Rovers,1,2,3,3,3,-1,0
1989,Cardiff City,Birmingham City,0,1,3,3,1,-1,0
1989,Cardiff City,Fulham,3,3,3,3,6,0,0
1989,Cardiff City,Shrewsbury Town,0,1,3,3,1,-1,0
1989,Chester,Bristol City,0,3,3,3,3,-3,0
1989,Chester,Cardiff City,1,0,3,3,1,1,1
1989,Chester,Swansea City,1,0,3,3,1,1,1
1989,Crewe Alexandra,Notts County,1,0,3,3,1,1,1
1989,Crewe Alexandra,Rotherham United,0,0,3,3,0,0,0
1989,Crewe Alexandra,Tranmere Rovers,2,2,3,3,4,0,0
1989,Fulham,Birmingham City,1,2,3,3,3,-1,0
1989,Fulham,Brentford,1,0,3,3,1,1,1
1989,Fulham,Bury,2,2,3,3,4,0,0
1989,Fulham,Mansfield Town,1,0,3,3,1,1,1
1989,Fulham,Preston North End,3,1,3,3,4,2,1
1989,Fulham,Shrewsbury Town,2,1,3,3,3,1,1
1989,Huddersfield Town,Bristol City,2,1,3,3,3,1,1
1989,Huddersfield Town,Reading,0,1,3,3,1,-1,0
1989,Huddersfield Town,Wigan Athletic,2,0,3,3,2,2,1
1989,Leyton Orient,Huddersfield Town,1,0,3,3,1,1,1
1989,Leyton Orient,Tranmere Rovers,0,1,3,3,1,-1,0
1989,Mansfield Town,Birmingham City,5,2,3,3,7,3,1
1989,Mansfield Town,Brentford,2,3,3,3,5,-1,0
1989,Mansfield Town,Bury,1,0,3,3,1,1,1
1989,Mansfield Town,Crewe Alexandra,2,1,3,3,3,1,1
1989,Mansfield Town,Leyton Orient,1,0,3,3,1,1,1
1989,Mansfield Town,Shrewsbury Town,2,1,3,3,3,1,1
1989,Northampton Town,Bristol City,2,0,3,3,2,2,1
1989,Northampton Town,Cardiff City,1,1,3,3,2,0,0
1989,Northampton Town,Reading,2,1,3,3,3,1,1
1989,Notts County,Bristol Rovers,3,1,3,3,4,2,1
1989,Notts County,Huddersfield Town,1,0,3,3,1,1,1
1989,Notts County,Tranmere Rovers,1,0,3,3,1,1,1
1989,Preston North End,Brentford,4,2,3,3,6,2,1
1989,Preston North End,Bury,2,3,3,3,5,-1,0
1989,Preston North End,Crewe Alexandra,0,0,3,3,0,0,0
1989,Reading,Fulham,3,2,3,3,5,1,1
1989,Reading,Mansfield Town,1,0,3,3,1,1,1
1989,Reading,Preston North End,6,0,3,3,6,6,1
1989,Reading,Swansea City,1,1,3,3,2,0,0
1989,Reading,Wigan Athletic,2,0,3,3,2,2,1
1989,Rotherham United,Bolton Wanderers,1,0,3,3,1,1,1
1989,Rotherham United,Bristol Rovers,3,2,3,3,5,1,1
1989,Rotherham United,Reading,1,1,3,3,2,0,0
1989,Rotherham United,Tranmere Rovers,0,0,3,3,0,0,0
1989,Shrewsbury Town,Leyton Orient,4,2,3,3,6,2,1
1989,Shrewsbury Town,Rotherham United,1,1,3,3,2,0,0
1989,Swansea City,Mansfield Town,1,0,3,3,1,1,1
1989,Swansea City,Shrewsbury Town,0,1,3,3,1,-1,0
1989,Tranmere Rovers,Bristol Rovers,1,2,3,3,3,-1,0
1989,Tranmere Rovers,Huddersfield Town,4,0,3,3,4,4,1
1989,Tranmere Rovers,Northampton Town,0,0,3,3,0,0,0
1989,Tranmere Rovers,Swansea City,3,0,3,3,3,3,1
1989,Walsall,Birmingham City,0,1,3,3,1,-1,0
1989,Walsall,Leyton Orient,1,3,3,3,4,-2,0
1989,Walsall,Rotherham United,1,1,3,3,2,0,0
1989,Wigan Athletic,Bristol City,2,3,3,3,5,-1,0
1989,Wigan Athletic,Cardiff City,1,1,3,3,2,0,0
1989,Aldershot,Carlisle United,1,0,4,4,1,1,1
1989,Aldershot,Hereford United,0,2,4,4,2,-2,0
1989,Aldershot,Peterborough United,0,1,4,4,1,-1,0
1989,Aldershot,Scunthorpe United,4,2,4,4,6,2,1
1989,Aldershot,Torquay United,1,2,4,4,3,-1,0
1989,Burnley,Aldershot,0,0,4,4,0,0,0
1989,Burnley,Exeter City,1,0,4,4,1,1,1
1989,Burnley,Lincoln City,0,0,4,4,0,0,0
1989,Burnley,Rochdale,0,1,4,4,1,-1,0
1989,Burnley,Southend United,0,0,4,4,0,0,0
1989,Cambridge United,Colchester United,4,0,4,4,4,4,1
1989,Cambridge United,Maidstone United,2,0,4,4,2,2,1
1989,Cambridge United,Scarborough,5,2,4,4,7,3,1
1989,Cambridge United,Stockport County,0,2,4,4,2,-2,0
1989,Cambridge United,York City,2,2,4,4,4,0,0
1989,Carlisle United,Cambridge United,3,1,4,4,4,2,1
1989,Carlisle United,Doncaster Rovers,1,0,4,4,1,1,1
1989,Carlisle United,Peterborough United,0,0,4,4,0,0,0
1989,Carlisle United,Scunthorpe United,0,1,4,4,1,-1,0
1989,Carlisle United,Torquay United,2,0,4,4,2,2,1
1989,Chesterfield,Aldershot,2,0,4,4,2,2,1
1989,Chesterfield,Exeter City,2,1,4,4,3,1,1
1989,Chesterfield,Lincoln City,0,0,4,4,0,0,0
1989,Colchester United,Chesterfield,1,0,4,4,1,1,1
1989,Colchester United,Maidstone United,4,1,4,4,5,3,1
1989,Colchester United,Stockport County,0,1,4,4,1,-1,0
1989,Doncaster Rovers,Cambridge United,2,1,4,4,3,1,1
1989,Doncaster Rovers,Colchester United,2,0,4,4,2,2,1
1989,Doncaster Rovers,Peterborough United,0,3,4,4,3,-3,0
1989,Doncaster Rovers,Scunthorpe United,1,2,4,4,3,-1,0
1989,Exeter City,Aldershot,2,0,4,4,2,2,1
1989,Exeter City,Carlisle United,0,0,4,4,0,0,0
1989,Exeter City,Doncaster Rovers,1,0,4,4,1,1,1
1989,Gillingham,Chesterfield,3,0,4,4,3,3,1
1989,Gillingham,Hartlepool United,0,0,4,4,0,0,0
1989,Gillingham,Maidstone United,1,2,4,4,3,-1,0
1989,Gillingham,Scarborough,2,0,4,4,2,2,1
1989,Gillingham,York City,0,0,4,4,0,0,0
1989,Grimsby Town,Hereford United,0,2,4,4,2,-2,0
1989,Grimsby Town,Scunthorpe United,2,1,4,4,3,1,1
1989,Halifax Town,Carlisle United,1,1,4,4,2,0,0
1989,Halifax Town,Doncaster Rovers,0,2,4,4,2,-2,0
1989,Halifax Town,Grimsby Town,2,2,4,4,4,0,0
1989,Halifax Town,Lincoln City,0,1,4,4,1,-1,0
1989,Halifax Town,Rochdale,1,0,4,4,1,1,1
1989,Hartlepool United,Maidstone United,4,2,4,4,6,2,1
1989,Hartlepool United,York City,1,2,4,4,3,-1,0
1989,Hereford United,Cambridge United,0,2,4,4,2,-2,0
1989,Hereford United,Peterborough United,1,2,4,4,3,-1,0
1989,Lincoln City,Aldershot,0,1,4,4,1,-1,0
1989,Lincoln City,Carlisle United,1,3,4,4,4,-2,0
1989,Lincoln City,Doncaster Rovers,2,1,4,4,3,1,1
1989,Lincoln City,Hereford United,1,0,4,4,1,1,1
1989,Lincoln City,Wrexham,1,0,4,4,1,1,1
1989,Maidstone United,Burnley,1,2,4,4,3,-1,0
1989,Maidstone United,York City,1,0,4,4,1,1,1
1989,Peterborough United,Cambridge United,1,2,4,4,3,-1,0
1989,Peterborough United,Colchester United,1,0,4,4,1,1,1
1989,Peterborough United,Hartlepool United,0,2,4,4,2,-2,0
1989,Peterborough United,Scunthorpe United,1,1,4,4,2,0,0
1989,Rochdale,Aldershot,2,0,4,4,2,2,1
1989,Rochdale,Carlisle United,1,2,4,4,3,-1,0
1989,Rochdale,Doncaster Rovers,1,3,4,4,4,-2,0
1989,Rochdale,Hereford United,5,2,4,4,7,3,1
1989,Rochdale,Peterborough United,1,2,4,4,3,-1,0
1989,Scarborough,Burnley,4,2,4,4,6,2,1
1989,Scarborough,Chesterfield,2,3,4,4,5,-1,0
1989,Scarborough,Exeter City,1,2,4,4,3,-1,0
1989,Scarborough,Lincoln City,2,0,4,4,2,2,1
1989,Scarborough,York City,1,3,4,4,4,-2,0
1989,Scunthorpe United,Cambridge United,1,1,4,4,2,0,0
1989,Southend United,Aldershot,5,0,4,4,5,5,1
1989,Southend United,Peterborough United,0,0,4,4,0,0,0
1989,Southend United,Scunthorpe United,0,0,4,4,0,0,0
1989,Stockport County,Burnley,3,1,4,4,4,2,1
1989,Stockport County,Chesterfield,3,1,4,4,4,2,1
1989,Stockport County,Exeter City,2,1,4,4,3,1,1
1989,Stockport County,Halifax Town,0,1,4,4,1,-1,0
1989,Stockport County,York City,2,2,4,4,4,0,0
1989,Torquay United,Cambridge United,3,0,4,4,3,3,1
1989,Torquay United,Colchester United,4,1,4,4,5,3,1
1989,Torquay United,Gillingham,0,2,4,4,2,-2,0
1989,Torquay United,Hartlepool United,4,3,4,4,7,1,1
1989,Torquay United,Maidstone United,2,1,4,4,3,1,1
1989,Torquay United,Scarborough,3,2,4,4,5,1,1
1989,Torquay United,Stockport County,3,0,4,4,3,3,1
1989,Wrexham,Aldershot,2,2,4,4,4,0,0
1989,Wrexham,Carlisle United,1,0,4,4,1,1,1
1989,Wrexham,Doncaster Rovers,0,0,4,4,0,0,0
1989,Wrexham,Grimsby Town,0,1,4,4,1,-1,0
1989,Wrexham,Hereford United,0,0,4,4,0,0,0
1989,Wrexham,Scunthorpe United,0,0,4,4,0,0,0
1989,York City,Burnley,1,3,4,4,4,-2,0
1989,York City,Exeter City,3,0,4,4,3,3,1
1989,York City,Southend United,2,1,4,4,3,1,1
1990,Arsenal,Coventry City,6,1,1,1,7,5,1
1990,Arsenal,Everton,1,0,1,1,1,1,1
1990,Arsenal,Norwich City,2,0,1,1,2,2,1
1990,Aston Villa,Derby County,3,2,1,1,5,1,1
1990,Aston Villa,Liverpool,0,0,1,1,0,0,0
1990,Aston Villa,Sunderland,3,0,1,1,3,3,1
1990,Chelsea,Arsenal,2,1,1,1,3,1,1
1990,Chelsea,Crystal Palace,2,1,1,1,3,1,1
1990,Chelsea,Nottingham Forest,0,0,1,1,0,0,0
1990,Chelsea,Southampton,0,2,1,1,2,-2,0
1990,Chelsea,Wimbledon,0,0,1,1,0,0,0
1990,Coventry City,Everton,3,1,1,1,4,2,1
1990,Coventry City,Luton Town,2,1,1,1,3,1,1
1990,Coventry City,Norwich City,2,0,1,1,2,2,1
1990,Coventry City,Sheffield United,0,0,1,1,0,0,0
1990,Crystal Palace,Aston Villa,0,0,1,1,0,0,0
1990,Crystal Palace,Sunderland,2,1,1,1,3,1,1
1990,Derby County,Arsenal,0,2,1,1,2,-2,0
1990,Derby County,Southampton,6,2,1,1,8,4,1
1990,Derby County,Wimbledon,1,1,1,1,2,0,0
1990,Everton,Chelsea,2,2,1,1,4,0,0
1990,Everton,Luton Town,1,0,1,1,1,1,1
1990,Everton,Sheffield United,1,2,1,1,3,-1,0
1990,Leeds United,Liverpool,4,5,1,1,9,-1,0
1990,Liverpool,Arsenal,0,1,1,1,1,-1,0
1990,Liverpool,Coventry City,1,1,1,1,2,0,0
1990,Liverpool,Everton,3,1,1,1,4,2,1
1990,Liverpool,Manchester City,2,2,1,1,4,0,0
1990,Liverpool,Southampton,3,2,1,1,5,1,1
1990,Luton Town,Sheffield United,0,1,1,1,1,-1,0
1990,Manchester City,Crystal Palace,0,2,1,1,2,-2,0
1990,Manchester City,Manchester United,3,3,1,1,6,0,0
1990,Manchester United,Everton,0,2,1,1,2,-2,0
1990,Norwich City,Derby County,2,1,1,1,3,1,1
1990,Norwich City,Sheffield United,3,0,1,1,3,3,1
1990,Nottingham Forest,Leeds United,4,3,1,1,7,1,1
1990,Nottingham Forest,Queens Park Rangers,1,1,1,1,2,0,0
1990,Nottingham Forest,Sunderland,2,0,1,1,2,2,1
1990,Queens Park Rangers,Coventry City,1,0,1,1,1,1,1
1990,Queens Park Rangers,Luton Town,6,1,1,1,7,5,1
1990,Queens Park Rangers,Southampton,2,1,1,1,3,1,1
1990,Sheffield United,Derby County,1,0,1,1,1,1,1
1990,Sheffield United,Liverpool,1,3,1,1,4,-2,0
1990,Sheffield United,Manchester United,2,1,1,1,3,1,1
1990,Sheffield United,Tottenham Hotspur,2,2,1,1,4,0,0
1990,Southampton,Aston Villa,1,1,1,1,2,0,0
1990,Southampton,Leeds United,2,0,1,1,2,2,1
1990,Southampton,Sunderland,3,1,1,1,4,2,1
1990,Sunderland,Arsenal,0,0,1,1,0,0,0
1990,Sunderland,Coventry City,0,0,1,1,0,0,0
1990,Sunderland,Everton,2,2,1,1,4,0,0
1990,Sunderland,Luton Town,2,0,1,1,2,2,1
1990,Sunderland,Norwich City,1,2,1,1,3,-1,0
1990,Tottenham Hotspur,Derby County,3,0,1,1,3,3,1
1990,Tottenham Hotspur,Liverpool,1,3,1,1,4,-2,0
1990,Tottenham Hotspur,Manchester United,1,2,1,1,3,-1,0
1990,Tottenham Hotspur,Queens Park Rangers,0,0,1,1,0,0,0
1990,Tottenham Hotspur,Sunderland,3,3,1,1,6,0,0
1990,Barnsley,Bristol Rovers,1,0,2,2,1,1,1
1990,Barnsley,Millwall,1,2,2,2,3,-1,0
1990,Barnsley,Oldham Athletic,0,1,2,2,1,-1,0
1990,Barnsley,Port Vale,1,1,2,2,2,0,0
1990,Blackburn Rovers,Charlton Athletic,2,2,2,2,4,0,0
1990,Blackburn Rovers,Newcastle United,0,1,2,2,1,-1,0
1990,Blackburn Rovers,Portsmouth,1,1,2,2,2,0,0
1990,Blackburn Rovers,Watford,0,2,2,2,2,-2,0
1990,Brighton & Hove Albion,Bristol City,0,1,2,2,1,-1,0
1990,Brighton & Hove Albion,Hull City,3,1,2,2,4,2,1
1990,Brighton & Hove Albion,Notts County,0,0,2,2,0,0,0
1990,Brighton & Hove Albion,Sheffield Wednesday,0,4,2,2,4,-4,0
1990,Brighton & Hove Albion,West Bromwich Albion,2,0,2,2,2,2,1
1990,Bristol City,Bristol Rovers,1,0,2,2,1,1,1
1990,Bristol City,Ipswich Town,4,2,2,2,6,2,1
1990,Bristol City,Oldham Athletic,1,2,2,2,3,-1,0
1990,Bristol City,Port Vale,1,1,2,2,2,0,0
1990,Bristol City,West Ham United,1,1,2,2,2,0,0
1990,Bristol Rovers,Blackburn Rovers,1,2,2,2,3,-1,0
1990,Bristol Rovers,Newcastle United,1,1,2,2,2,0,0
1990,Bristol Rovers,Oxford United,1,0,2,2,1,1,1
1990,Bristol Rovers,Portsmouth,1,2,2,2,3,-1,0
1990,Bristol Rovers,Watford,3,1,2,2,4,2,1
1990,Bristol Rovers,Wolverhampton Wanderers,1,1,2,2,2,0,0
1990,Charlton Athletic,Middlesbrough,0,1,2,2,1,-1,0
1990,Charlton Athletic,Notts County,3,1,2,2,4,2,1
1990,Charlton Athletic,Sheffield Wednesday,0,1,2,2,1,-1,0
1990,Charlton Athletic,West Bromwich Albion,2,0,2,2,2,2,1
1990,Hull City,Ipswich Town,3,3,2,2,6,0,0
1990,Hull City,Millwall,1,1,2,2,2,0,0
1990,Hull City,Oldham Athletic,2,2,2,2,4,0,0
1990,Hull City,Swindon Town,1,1,2,2,2,0,0
1990,Ipswich Town,Blackburn Rovers,2,1,2,2,3,1,1
1990,Ipswich Town,Bristol Rovers,2,1,2,2,3,1,1
1990,Ipswich Town,Leicester City,3,2,2,2,5,1,1
1990,Ipswich Town,Oxford United,1,1,2,2,2,0,0
1990,Ipswich Town,Portsmouth,2,2,2,2,4,0,0
1990,Ipswich Town,Watford,1,1,2,2,2,0,0
1990,Leicester City,Middlesbrough,4,3,2,2,7,1,1
1990,Leicester City,Notts County,2,1,2,2,3,1,1
1990,Leicester City,Plymouth Argyle,3,1,2,2,4,2,1
1990,Leicester City,Sheffield Wednesday,2,4,2,2,6,-2,0
1990,Middlesbrough,Bristol City,2,1,2,2,3,1,1
1990,Middlesbrough,Hull City,3,0,2,2,3,3,1
1990,Middlesbrough,Millwall,2,1,2,2,3,1,1
1990,Middlesbrough,Port Vale,4,0,2,2,4,4,1
1990,Middlesbrough,West Ham United,0,0,2,2,0,0,0
1990,Millwall,Bristol Rovers,1,1,2,2,2,0,0
1990,Millwall,Ipswich Town,1,1,2,2,2,0,0
1990,Newcastle United,Charlton Athletic,1,3,2,2,4,-2,0
1990,Newcastle United,Plymouth Argyle,2,0,2,2,2,2,1
1990,Notts County,Hull City,2,1,2,2,3,1,1
1990,Notts County,Oldham Athletic,2,0,2,2,2,2,1
1990,Notts County,Swindon Town,0,0,2,2,0,0,0
1990,Notts County,West Ham United,0,1,2,2,1,-1,0
1990,Oldham Athletic,Blackburn Rovers,1,1,2,2,2,0,0
1990,Oldham Athletic,Bristol Rovers,2,0,2,2,2,2,1
1990,Oldham Athletic,Millwall,1,1,2,2,2,0,0
1990,Oldham Athletic,Oxford United,3,0,2,2,3,3,1
1990,Oldham Athletic,Portsmouth,3,1,2,2,4,2,1
1990,Oxford United,Charlton Athletic,1,1,2,2,2,0,0
1990,Oxford United,Newcastle United,0,0,2,2,0,0,0
1990,Oxford United,West Bromwich Albion,1,3,2,2,4,-2,0
1990,Plymouth Argyle,Port Vale,2,0,2,2,2,2,1
1990,Plymouth Argyle,West Ham United,0,1,2,2,1,-1,0
1990,Port Vale,Ipswich Town,1,2,2,2,3,-1,0
1990,Port Vale,Watford,0,0,2,2,0,0,0
1990,Port Vale,Wolverhampton Wanderers,1,2,2,2,3,-1,0
1990,Portsmouth,Brighton & Hove Albion,1,0,2,2,1,1,1
1990,Portsmouth,Newcastle United,0,1,2,2,1,-1,0
1990,Portsmouth,Oxford United,1,1,2,2,2,0,0
1990,Sheffield Wednesday,Barnsley,3,1,2,2,4,2,1
1990,Sheffield Wednesday,Bristol City,3,1,2,2,4,2,1
1990,Sheffield Wednesday,Hull City,5,1,2,2,6,4,1
1990,Sheffield Wednesday,Notts County,2,2,2,2,4,0,0
1990,Sheffield Wednesday,West Ham United,1,1,2,2,2,0,0
1990,Swindon Town,Port Vale,1,2,2,2,3,-1,0
1990,Swindon Town,Watford,1,2,2,2,3,-1,0
1990,Swindon Town,Wolverhampton Wanderers,1,0,2,2,1,1,1
1990,Watford,Brighton & Hove Albion,0,1,2,2,1,-1,0
1990,Watford,Charlton Athletic,2,1,2,2,3,1,1
1990,Watford,Oxford United,1,1,2,2,2,0,0
1990,Watford,Portsmouth,0,1,2,2,1,-1,0
1990,Watford,West Bromwich Albion,1,1,2,2,2,0,0
1990,West Bromwich Albion,Bristol City,2,1,2,2,3,1,1
1990,West Ham United,Blackburn Rovers,1,0,2,2,1,1,1
1990,West Ham United,Bristol Rovers,1,0,2,2,1,1,1
1990,West Ham United,Millwall,3,1,2,2,4,2,1
1990,West Ham United,Oldham Athletic,2,0,2,2,2,2,1
1990,West Ham United,Swindon Town,2,0,2,2,2,2,1
1990,West Ham United,Wolverhampton Wanderers,1,1,2,2,2,0,0
1990,Wolverhampton Wanderers,Watford,0,0,2,2,0,0,0
1990,AFC Bournemouth,Birmingham City,1,2,3,3,3,-1,0
1990,AFC Bournemouth,Brentford,2,0,3,3,2,2,1
1990,AFC Bournemouth,Fulham,3,0,3,3,3,3,1
1990,AFC Bournemouth,Leyton Orient,2,2,3,3,4,0,0
1990,AFC Bournemouth,Reading,2,0,3,3,2,2,1
1990,AFC Bournemouth,Southend United,3,1,3,3,4,2,1
1990,Birmingham City,Bury,1,0,3,3,1,1,1
1990,Birmingham City,Grimsby Town,0,0,3,3,0,0,0
1990,Birmingham City,Stoke City,2,1,3,3,3,1,1
1990,Bolton Wanderers,Bradford City,0,1,3,3,1,-1,0
1990,Bolton Wanderers,Cambridge United,2,2,3,3,4,0,0
1990,Bolton Wanderers,Preston North End,1,2,3,3,3,-1,0
1990,Bradford City,Fulham,0,0,3,3,0,0,0
1990,Bradford City,Reading,2,1,3,3,3,1,1
1990,Bradford City,Tranmere Rovers,1,2,3,3,3,-1,0
1990,Brentford,Bury,2,2,3,3,4,0,0
1990,Brentford,Mansfield Town,0,0,3,3,0,0,0
1990,Brentford,Rotherham United,1,2,3,3,3,-1,0
1990,Brentford,Wigan Athletic,1,0,3,3,1,1,1
1990,Bury,Cambridge United,3,1,3,3,4,2,1
1990,Bury,Exeter City,3,1,3,3,4,2,1
1990,Bury,Preston North End,3,1,3,3,4,2,1
1990,Cambridge United,AFC Bournemouth,4,0,3,3,4,4,1
1990,Cambridge United,Bradford City,2,1,3,3,3,1,1
1990,Cambridge United,Chester,1,1,3,3,2,0,0
1990,Cambridge United,Tranmere Rovers,3,1,3,3,4,2,1
1990,Chester,Brentford,1,2,3,3,3,-1,0
1990,Chester,Crewe Alexandra,3,1,3,3,4,2,1
1990,Chester,Grimsby Town,1,2,3,3,3,-1,0
1990,Chester,Stoke City,1,1,3,3,2,0,0
1990,Crewe Alexandra,Exeter City,1,1,3,3,2,0,0
1990,Crewe Alexandra,Huddersfield Town,1,1,3,3,2,0,0
1990,Crewe Alexandra,Preston North End,2,2,3,3,4,0,0
1990,Crewe Alexandra,Swansea City,3,0,3,3,3,3,1
1990,Exeter City,AFC Bournemouth,2,0,3,3,2,2,1
1990,Exeter City,Bradford City,2,2,3,3,4,0,0
1990,Exeter City,Fulham,0,1,3,3,1,-1,0
1990,Exeter City,Leyton Orient,2,0,3,3,2,2,1
1990,Exeter City,Reading,1,3,3,3,4,-2,0
1990,Fulham,Brentford,0,1,3,3,1,-1,0
1990,Fulham,Chester,4,1,3,3,5,3,1
1990,Fulham,Mansfield Town,1,0,3,3,1,1,1
1990,Fulham,Rotherham United,2,0,3,3,2,2,1
1990,Grimsby Town,Bolton Wanderers,0,1,3,3,1,-1,0
1990,Grimsby Town,Crewe Alexandra,0,1,3,3,1,-1,0
1990,Grimsby Town,Preston North End,4,1,3,3,5,3,1
1990,Grimsby Town,Swansea City,1,0,3,3,1,1,1
1990,Huddersfield Town,AFC Bournemouth,1,3,3,3,4,-2,0
1990,Huddersfield Town,Exeter City,1,0,3,3,1,1,1
1990,Huddersfield Town,Leyton Orient,1,0,3,3,1,1,1
1990,Huddersfield Town,Reading,0,2,3,3,2,-2,0
1990,Leyton Orient,Mansfield Town,2,1,3,3,3,1,1
1990,Leyton Orient,Rotherham United,3,0,3,3,3,3,1
1990,Mansfield Town,Bury,0,1,3,3,1,-1,0
1990,Mansfield Town,Grimsby Town,1,1,3,3,2,0,0
1990,Mansfield Town,Shrewsbury Town,2,1,3,3,3,1,1
1990,Preston North End,AFC Bournemouth,0,0,3,3,0,0,0
1990,Preston North End,Cambridge United,0,2,3,3,2,-2,0
1990,Preston North End,Huddersfield Town,1,1,3,3,2,0,0
1990,Preston North End,Southend United,2,1,3,3,3,1,1
1990,Reading,Brentford,1,2,3,3,3,-1,0
1990,Reading,Chester,2,2,3,3,4,0,0
1990,Reading,Fulham,1,0,3,3,1,1,1
1990,Reading,Leyton Orient,1,2,3,3,3,-1,0
1990,Reading,Stoke City,1,0,3,3,1,1,1
1990,Reading,Wigan Athletic,3,1,3,3,4,2,1
1990,Rotherham United,Swansea City,2,3,3,3,5,-1,0
1990,Shrewsbury Town,AFC Bournemouth,3,1,3,3,4,2,1
1990,Shrewsbury Town,Cambridge United,1,2,3,3,3,-1,0
1990,Shrewsbury Town,Exeter City,2,2,3,3,4,0,0
1990,Shrewsbury Town,Huddersfield Town,0,0,3,3,0,0,0
1990,Shrewsbury Town,Tranmere Rovers,0,1,3,3,1,-1,0
1990,Southend United,Brentford,0,1,3,3,1,-1,0
1990,Southend United,Chester,1,1,3,3,2,0,0
1990,Southend United,Fulham,1,1,3,3,2,0,0
1990,Southend United,Leyton Orient,1,1,3,3,2,0,0
1990,Southend United,Wigan Athletic,0,2,3,3,2,-2,0
1990,Stoke City,Bury,2,2,3,3,4,0,0
1990,Stoke City,Mansfield Town,3,1,3,3,4,2,1
1990,Stoke City,Rotherham United,3,1,3,3,4,2,1
1990,Swansea City,Bradford City,0,2,3,3,2,-2,0
1990,Swansea City,Cambridge United,0,0,3,3,0,0,0
1990,Swansea City,Exeter City,0,3,3,3,3,-3,0
1990,Swansea City,Tranmere Rovers,1,1,3,3,2,0,0
1990,Tranmere Rovers,Birmingham City,1,0,3,3,1,1,1
1990,Tranmere Rovers,Fulham,1,1,3,3,2,0,0
1990,Tranmere Rovers,Leyton Orient,3,0,3,3,3,3,1
1990,Tranmere Rovers,Southend United,3,1,3,3,4,2,1
1990,Wigan Athletic,Crewe Alexandra,1,0,3,3,1,1,1
1990,Wigan Athletic,Grimsby Town,2,0,3,3,2,2,1
1990,Wigan Athletic,Rotherham United,2,0,3,3,2,2,1
1990,Aldershot,Carlisle United,3,0,4,4,3,3,1
1990,Aldershot,Hartlepool United,1,5,4,4,6,-4,0
1990,Aldershot,Maidstone United,4,3,4,4,7,1,1
1990,Aldershot,Stockport County,2,2,4,4,4,0,0
1990,Aldershot,Wrexham,3,2,4,4,5,1,1
1990,Blackpool,Burnley,1,2,4,4,3,-1,0
1990,Blackpool,Chesterfield,3,0,4,4,3,3,1
1990,Blackpool,Gillingham,2,0,4,4,2,2,1
1990,Blackpool,Hereford United,3,0,4,4,3,3,1
1990,Blackpool,Scarborough,3,1,4,4,4,2,1
1990,Burnley,Cardiff City,2,0,4,4,2,2,1
1990,Burnley,Darlington,3,1,4,4,4,2,1
1990,Burnley,Halifax Town,2,1,4,4,3,1,1
1990,Burnley,Scunthorpe United,1,1,4,4,2,0,0
1990,Cardiff City,Hartlepool United,1,0,4,4,1,1,1
1990,Cardiff City,Maidstone United,0,0,4,4,0,0,0
1990,Cardiff City,Rochdale,0,1,4,4,1,-1,0
1990,Carlisle United,Gillingham,0,4,4,4,4,-4,0
1990,Carlisle United,Hereford United,0,1,4,4,1,-1,0
1990,Carlisle United,Northampton Town,4,1,4,4,5,3,1
1990,Carlisle United,Scarborough,4,1,4,4,5,3,1
1990,Carlisle United,Torquay United,3,1,4,4,4,2,1
1990,Chesterfield,Halifax Town,2,1,4,4,3,1,1
1990,Chesterfield,Lincoln City,1,1,4,4,2,0,0
1990,Chesterfield,Scunthorpe United,1,0,4,4,1,1,1
1990,Chesterfield,Walsall,2,2,4,4,4,0,0
1990,Darlington,Cardiff City,4,1,4,4,5,3,1
1990,Darlington,Doncaster Rovers,1,1,4,4,2,0,0
1990,Doncaster Rovers,Carlisle United,4,0,4,4,4,4,1
1990,Doncaster Rovers,Gillingham,1,1,4,4,2,0,0
1990,Doncaster Rovers,Northampton Town,2,1,4,4,3,1,1
1990,Doncaster Rovers,Torquay United,1,1,4,4,2,0,0
1990,Gillingham,Halifax Town,1,0,4,4,1,1,1
1990,Gillingham,Lincoln City,2,2,4,4,4,0,0
1990,Gillingham,Scunthorpe United,1,1,4,4,2,0,0
1990,Halifax Town,Cardiff City,1,2,4,4,3,-1,0
1990,Halifax Town,Darlington,0,0,4,4,0,0,0
1990,Halifax Town,Maidstone United,3,2,4,4,5,1,1
1990,Halifax Town,Rochdale,2,0,4,4,2,2,1
1990,Halifax Town,Wrexham,2,0,4,4,2,2,1
1990,Hartlepool United,Doncaster Rovers,1,1,4,4,2,0,0
1990,Hartlepool United,Hereford United,2,1,4,4,3,1,1
1990,Hartlepool United,York City,0,1,4,4,1,-1,0
1990,Hereford United,Burnley,3,0,4,4,3,3,1
1990,Hereford United,Chesterfield,2,3,4,4,5,-1,0
1990,Lincoln City,Cardiff City,0,0,4,4,0,0,0
1990,Lincoln City,Rochdale,1,2,4,4,3,-1,0
1990,Lincoln City,Wrexham,0,0,4,4,0,0,0
1990,Maidstone United,Blackpool,1,1,4,4,2,0,0
1990,Maidstone United,Carlisle United,0,0,4,4,0,0,0
1990,Maidstone United,Doncaster Rovers,0,1,4,4,1,-1,0
1990,Maidstone United,Torquay United,2,2,4,4,4,0,0
1990,Northampton Town,Burnley,0,0,4,4,0,0,0
1990,Northampton Town,Gillingham,2,1,4,4,3,1,1
1990,Peterborough United,Aldershot,3,2,4,4,5,1,1
1990,Peterborough United,Rochdale,1,1,4,4,2,0,0
1990,Peterborough United,Stockport County,0,0,4,4,0,0,0
1990,Peterborough United,Wrexham,2,2,4,4,4,0,0
1990,Rochdale,Carlisle United,0,1,4,4,1,-1,0
1990,Rochdale,Doncaster Rovers,0,3,4,4,3,-3,0
1990,Rochdale,Hartlepool United,0,0,4,4,0,0,0
1990,Rochdale,Scarborough,1,1,4,4,2,0,0
1990,Rochdale,Torquay United,0,0,4,4,0,0,0
1990,Rochdale,York City,2,1,4,4,3,1,1
1990,Scarborough,Burnley,0,1,4,4,1,-1,0
1990,Scarborough,Hereford United,2,1,4,4,3,1,1
1990,Scarborough,Scunthorpe United,3,1,4,4,4,2,1
1990,Scunthorpe United,Halifax Town,4,4,4,4,8,0,0
1990,Scunthorpe United,Lincoln City,2,1,4,4,3,1,1
1990,Stockport County,Doncaster Rovers,0,0,4,4,0,0,0
1990,Stockport County,Maidstone United,1,0,4,4,1,1,1
1990,Stockport County,Rochdale,3,0,4,4,3,3,1
1990,Stockport County,Torquay United,2,1,4,4,3,1,1
1990,Torquay United,Chesterfield,2,0,4,4,2,2,1
1990,Torquay United,Walsall,0,0,4,4,0,0,0
1990,Walsall,Cardiff City,0,0,4,4,0,0,0
1990,Walsall,Darlington,2,2,4,4,4,0,0
1990,Walsall,Halifax Town,3,1,4,4,4,2,1
1990,Walsall,Scunthorpe United,3,0,4,4,3,3,1
1990,Walsall,Wrexham,1,0,4,4,1,1,1
1990,Wrexham,Blackpool,0,1,4,4,1,-1,0
1990,Wrexham,Carlisle United,3,0,4,4,3,3,1
1990,Wrexham,Doncaster Rovers,2,1,4,4,3,1,1
1990,Wrexham,Rochdale,2,1,4,4,3,1,1
1990,Wrexham,Stockport County,1,3,4,4,4,-2,0
1990,York City,Burnley,2,0,4,4,2,2,1
1990,York City,Chesterfield,0,2,4,4,2,-2,0
1990,York City,Gillingham,1,1,4,4,2,0,0
1990,York City,Hereford United,1,0,4,4,1,1,1
1990,York City,Northampton Town,0,1,4,4,1,-1,0
1990,York City,Scarborough,2,0,4,4,2,2,1
1990,York City,Torquay United,0,0,4,4,0,0,0
1991,Arsenal,Aston Villa,0,0,1,1,0,0,0
1991,Arsenal,Crystal Palace,4,1,1,1,5,3,1
1991,Arsenal,Liverpool,4,0,1,1,4,4,1
1991,Arsenal,Manchester United,1,1,1,1,2,0,0
1991,Aston Villa,Liverpool,1,0,1,1,1,1,1
1991,Aston Villa,Sheffield United,1,1,1,1,2,0,0
1991,Aston Villa,Tottenham Hotspur,0,0,1,1,0,0,0
1991,Chelsea,Crystal Palace,1,1,1,1,2,0,0
1991,Chelsea,Sheffield United,1,2,1,1,3,-1,0
1991,Coventry City,Arsenal,0,1,1,1,1,-1,0
1991,Coventry City,Crystal Palace,1,2,1,1,3,-1,0
1991,Coventry City,Liverpool,0,0,1,1,0,0,0
1991,Coventry City,Manchester United,0,0,1,1,0,0,0
1991,Coventry City,Notts County,1,0,1,1,1,1,1
1991,Coventry City,Sheffield United,3,1,1,1,4,2,1
1991,Coventry City,Tottenham Hotspur,1,2,1,1,3,-1,0
1991,Crystal Palace,Arsenal,1,4,1,1,5,-3,0
1991,Crystal Palace,Coventry City,0,1,1,1,1,-1,0
1991,Crystal Palace,Manchester United,1,3,1,1,4,-2,0
1991,Crystal Palace,Sheffield United,2,1,1,1,3,1,1
1991,Everton,Coventry City,3,0,1,1,3,3,1
1991,Everton,Manchester United,0,0,1,1,0,0,0
1991,Everton,Notts County,1,0,1,1,1,1,1
1991,Everton,Sheffield United,0,2,1,1,2,-2,0
1991,Leeds United,Coventry City,2,0,1,1,2,2,1
1991,Leeds United,Sheffield United,4,3,1,1,7,1,1
1991,Liverpool,Arsenal,2,0,1,1,2,2,1
1991,Liverpool,Coventry City,1,0,1,1,1,1,1
1991,Liverpool,Manchester United,2,0,1,1,2,2,1
1991,Liverpool,Sheffield United,2,1,1,1,3,1,1
1991,Liverpool,Tottenham Hotspur,2,1,1,1,3,1,1
1991,Luton Town,Arsenal,1,0,1,1,1,1,1
1991,Luton Town,Coventry City,1,0,1,1,1,1,1
1991,Luton Town,Leeds United,0,2,1,1,2,-2,0
1991,Luton Town,Notts County,1,1,1,1,2,0,0
1991,Luton Town,Sheffield United,2,1,1,1,3,1,1
1991,Luton Town,Tottenham Hotspur,0,0,1,1,0,0,0
1991,Manchester City,Arsenal,1,0,1,1,1,1,1
1991,Manchester City,Sheffield United,3,2,1,1,5,1,1
1991,Manchester City,Tottenham Hotspur,1,0,1,1,1,1,1
1991,Manchester United,Coventry City,4,0,1,1,4,4,1
1991,Manchester United,Manchester City,1,1,1,1,2,0,0
1991,Manchester United,Notts County,2,0,1,1,2,2,1
1991,Manchester United,Tottenham Hotspur,3,1,1,1,4,2,1
1991,Norwich City,Arsenal,1,3,1,1,4,-2,0
1991,Norwich City,Coventry City,3,2,1,1,5,1,1
1991,Norwich City,Leeds United,2,2,1,1,4,0,0
1991,Norwich City,Sheffield United,2,2,1,1,4,0,0
1991,Nottingham Forest,Leeds United,0,0,1,1,0,0,0
1991,Nottingham Forest,Notts County,1,1,1,1,2,0,0
1991,Notts County,Arsenal,0,1,1,1,1,-1,0
1991,Notts County,Coventry City,1,0,1,1,1,1,1
1991,Notts County,Leeds United,2,4,1,1,6,-2,0
1991,Notts County,Nottingham Forest,0,4,1,1,4,-4,0
1991,Notts County,Sheffield United,1,3,1,1,4,-2,0
1991,Notts County,Tottenham Hotspur,0,2,1,1,2,-2,0
1991,Oldham Athletic,Coventry City,2,1,1,1,3,1,1
1991,Oldham Athletic,Nottingham Forest,2,1,1,1,3,1,1
1991,Oldham Athletic,Tottenham Hotspur,1,0,1,1,1,1,1
1991,Queens Park Rangers,Arsenal,0,0,1,1,0,0,0
1991,Queens Park Rangers,Coventry City,1,1,1,1,2,0,0
1991,Queens Park Rangers,Leeds United,4,1,1,1,5,3,1
1991,Queens Park Rangers,Nottingham Forest,0,2,1,1,2,-2,0
1991,Queens Park Rangers,Sheffield United,1,0,1,1,1,1,1
1991,Queens Park Rangers,Tottenham Hotspur,1,2,1,1,3,-1,0
1991,Sheffield United,Arsenal,1,1,1,1,2,0,0
1991,Sheffield United,Nottingham Forest,4,2,1,1,6,2,1
1991,Sheffield United,Tottenham Hotspur,2,0,1,1,2,2,1
1991,Sheffield Wednesday,Arsenal,1,1,1,1,2,0,0
1991,Sheffield Wednesday,Leeds United,1,6,1,1,7,-5,0
1991,Sheffield Wednesday,Manchester City,2,0,1,1,2,2,1
1991,Sheffield Wednesday,Nottingham Forest,2,1,1,1,3,1,1
1991,Sheffield Wednesday,Tottenham Hotspur,0,0,1,1,0,0,0
1991,Southampton,Coventry City,0,0,1,1,0,0,0
1991,Southampton,Leeds United,0,4,1,1,4,-4,0
1991,Tottenham Hotspur,Arsenal,1,1,1,1,2,0,0
1991,Tottenham Hotspur,Coventry City,4,3,1,1,7,1,1
1991,Tottenham Hotspur,Queens Park Rangers,2,0,1,1,2,2,1
1991,Tottenham Hotspur,Southampton,1,2,1,1,3,-1,0
1991,West Ham United,Leeds United,1,3,1,1,4,-2,0
1991,West Ham United,Manchester City,1,2,1,1,3,-1,0
1991,West Ham United,Nottingham Forest,3,0,1,1,3,3,1
1991,West Ham United,Southampton,0,1,1,1,1,-1,0
1991,Wimbledon,Arsenal,1,3,1,1,4,-2,0
1991,Wimbledon,Coventry City,1,1,1,1,2,0,0
1991,Wimbledon,Leeds United,0,0,1,1,0,0,0
1991,Wimbledon,Nottingham Forest,3,0,1,1,3,3,1
1991,Wimbledon,Southampton,0,1,1,1,1,-1,0
1991,Barnsley,Bristol Rovers,0,1,2,2,1,-1,0
1991,Barnsley,Leicester City,3,1,2,2,4,2,1
1991,Barnsley,Newcastle United,3,0,2,2,3,3,1
1991,Barnsley,Port Vale,0,0,2,2,0,0,0
1991,Blackburn Rovers,Oxford United,1,1,2,2,2,0,0
1991,Blackburn Rovers,Wolverhampton Wanderers,1,2,2,2,3,-1,0
1991,Brighton & Hove Albion,Millwall,3,4,2,2,7,-1,0
1991,Brighton & Hove Albion,Plymouth Argyle,1,0,2,2,1,1,1
1991,Brighton & Hove Albion,Southend United,3,2,2,2,5,1,1
1991,Bristol City,Bristol Rovers,1,0,2,2,1,1,1
1991,Bristol City,Leicester City,2,1,2,2,3,1,1
1991,Bristol City,Newcastle United,1,1,2,2,2,0,0
1991,Bristol City,Watford,1,0,2,2,1,1,1
1991,Bristol Rovers,Middlesbrough,2,1,2,2,3,1,1
1991,Bristol Rovers,Oxford United,2,1,2,2,3,1,1
1991,Bristol Rovers,Portsmouth,1,0,2,2,1,1,1
1991,Cambridge United,Brighton & Hove Albion,0,0,2,2,0,0,0
1991,Cambridge United,Plymouth Argyle,1,1,2,2,2,0,0
1991,Cambridge United,Southend United,0,1,2,2,1,-1,0
1991,Derby County,Oxford United,2,2,2,2,4,0,0
1991,Derby County,Portsmouth,2,0,2,2,2,2,1
1991,Grimsby Town,Ipswich Town,1,2,2,2,3,-1,0
1991,Grimsby Town,Plymouth Argyle,2,1,2,2,3,1,1
1991,Grimsby Town,Southend United,3,2,2,2,5,1,1
1991,Grimsby Town,Tranmere Rovers,2,2,2,2,4,0,0
1991,Ipswich Town,Barnsley,2,0,2,2,2,2,1
1991,Ipswich Town,Bristol City,4,2,2,2,6,2,1
1991,Ipswich Town,Leicester City,0,0,2,2,0,0,0
1991,Ipswich Town,Port Vale,2,1,2,2,3,1,1
1991,Ipswich Town,Sunderland,0,1,2,2,1,-1,0
1991,Leicester City,Derby County,1,2,2,2,3,-1,0
1991,Leicester City,Oxford United,2,1,2,2,3,1,1
1991,Leicester City,Portsmouth,2,2,2,2,4,0,0
1991,Middlesbrough,Brighton & Hove Albion,4,0,2,2,4,4,1
1991,Middlesbrough,Millwall,1,0,2,2,1,1,1
1991,Middlesbrough,Southend United,1,1,2,2,2,0,0
1991,Middlesbrough,Tranmere Rovers,1,0,2,2,1,1,1
1991,Millwall,Bristol City,2,3,2,2,5,-1,0
1991,Millwall,Port Vale,1,0,2,2,1,1,1
1991,Millwall,Sunderland,4,1,2,2,5,3,1
1991,Millwall,Watford,0,4,2,2,4,-4,0
1991,Newcastle United,Blackburn Rovers,0,0,2,2,0,0,0
1991,Newcastle United,Bristol Rovers,2,1,2,2,3,1,1
1991,Newcastle United,Derby County,2,2,2,2,4,0,0
1991,Newcastle United,Wolverhampton Wanderers,1,2,2,2,3,-1,0
1991,Oxford United,Grimsby Town,1,2,2,2,3,-1,0
1991,Oxford United,Tranmere Rovers,1,0,2,2,1,1,1
1991,Plymouth Argyle,Bristol City,1,0,2,2,1,1,1
1991,Plymouth Argyle,Charlton Athletic,0,2,2,2,2,-2,0
1991,Plymouth Argyle,Ipswich Town,1,0,2,2,1,1,1
1991,Plymouth Argyle,Millwall,3,2,2,2,5,1,1
1991,Plymouth Argyle,Port Vale,1,0,2,2,1,1,1
1991,Plymouth Argyle,Sunderland,1,0,2,2,1,1,1
1991,Plymouth Argyle,Watford,0,1,2,2,1,-1,0
1991,Port Vale,Bristol Rovers,0,1,2,2,1,-1,0
1991,Port Vale,Leicester City,1,2,2,2,3,-1,0
1991,Port Vale,Wolverhampton Wanderers,1,1,2,2,2,0,0
1991,Portsmouth,Brighton & Hove Albion,0,0,2,2,0,0,0
1991,Portsmouth,Oxford United,2,1,2,2,3,1,1
1991,Portsmouth,Southend United,1,1,2,2,2,0,0
1991,Portsmouth,Tranmere Rovers,2,0,2,2,2,2,1
1991,Southend United,Barnsley,2,1,2,2,3,1,1
1991,Southend United,Ipswich Town,1,2,2,2,3,-1,0
1991,Southend United,Millwall,2,3,2,2,5,-1,0
1991,Southend United,Plymouth Argyle,2,1,2,2,3,1,1
1991,Sunderland,Bristol Rovers,1,1,2,2,2,0,0
1991,Sunderland,Derby County,1,1,2,2,2,0,0
1991,Sunderland,Newcastle United,1,1,2,2,2,0,0
1991,Sunderland,Wolverhampton Wanderers,1,0,2,2,1,1,1
1991,Swindon Town,Brighton & Hove Albion,2,1,2,2,3,1,1
1991,Swindon Town,Grimsby Town,1,1,2,2,2,0,0
1991,Swindon Town,Portsmouth,2,3,2,2,5,-1,0
1991,Swindon Town,Tranmere Rovers,2,0,2,2,2,2,1
1991,Tranmere Rovers,Charlton Athletic,2,2,2,2,4,0,0
1991,Tranmere Rovers,Ipswich Town,0,1,2,2,1,-1,0
1991,Tranmere Rovers,Millwall,2,1,2,2,3,1,1
1991,Watford,Port Vale,0,0,2,2,0,0,0
1991,Watford,Sunderland,1,0,2,2,1,1,1
1991,Wolverhampton Wanderers,Cambridge United,2,1,2,2,3,1,1
1991,Wolverhampton Wanderers,Grimsby Town,2,1,2,2,3,1,1
1991,Wolverhampton Wanderers,Oxford United,3,1,2,2,4,2,1
1991,Wolverhampton Wanderers,Portsmouth,0,0,2,2,0,0,0
1991,Wolverhampton Wanderers,Swindon Town,2,1,2,2,3,1,1
1991,AFC Bournemouth,Birmingham City,2,1,3,3,3,1,1
1991,AFC Bournemouth,Brentford,0,0,3,3,0,0,0
1991,AFC Bournemouth,Darlington,1,2,3,3,3,-1,0
1991,AFC Bournemouth,Hartlepool United,2,0,3,3,2,2,1
1991,AFC Bournemouth,Leyton Orient,0,1,3,3,1,-1,0
1991,AFC Bournemouth,West Bromwich Albion,2,1,3,3,3,1,1
1991,Birmingham City,Bolton Wanderers,2,1,3,3,3,1,1
1991,Birmingham City,Bury,3,2,3,3,5,1,1
1991,Birmingham City,Shrewsbury Town,1,0,3,3,1,1,1
1991,Birmingham City,Wigan Athletic,3,3,3,3,6,0,0
1991,Bolton Wanderers,Bradford City,1,1,3,3,2,0,0
1991,Bolton Wanderers,Hull City,1,0,3,3,1,1,1
1991,Bolton Wanderers,Stockport County,0,0,3,3,0,0,0
1991,Brentford,Birmingham City,2,2,3,3,4,0,0
1991,Brentford,Bury,0,3,3,3,3,-3,0
1991,Brentford,Exeter City,3,0,3,3,3,3,1
1991,Brentford,Peterborough United,2,1,3,3,3,1,1
1991,Brentford,Swansea City,3,2,3,3,5,1,1
1991,Bury,Fulham,3,1,3,3,4,2,1
1991,Bury,Hull City,3,2,3,3,5,1,1
1991,Bury,Preston North End,2,3,3,3,5,-1,0
1991,Bury,Stockport County,0,0,3,3,0,0,0
1991,Bury,Torquay United,0,0,3,3,0,0,0
1991,Chester,AFC Bournemouth,0,1,3,3,1,-1,0
1991,Chester,Bradford City,0,0,3,3,0,0,0
1991,Chester,Hartlepool United,2,0,3,3,2,2,1
1991,Darlington,Birmingham City,1,1,3,3,2,0,0
1991,Darlington,Brentford,1,2,3,3,3,-1,0
1991,Darlington,Swansea City,1,1,3,3,2,0,0
1991,Darlington,Wigan Athletic,0,1,3,3,1,-1,0
1991,Exeter City,Bolton Wanderers,2,2,3,3,4,0,0
1991,Exeter City,Bury,5,2,3,3,7,3,1
1991,Exeter City,Fulham,1,1,3,3,2,0,0
1991,Exeter City,Preston North End,4,1,3,3,5,3,1
1991,Exeter City,Stockport County,2,1,3,3,3,1,1
1991,Exeter City,Torquay United,1,0,3,3,1,1,1
1991,Fulham,Hartlepool United,1,0,3,3,1,1,1
1991,Fulham,Leyton Orient,2,1,3,3,3,1,1
1991,Fulham,Stoke City,1,1,3,3,2,0,0
1991,Fulham,West Bromwich Albion,0,0,3,3,0,0,0
1991,Hartlepool United,Brentford,1,0,3,3,1,1,1
1991,Hartlepool United,Huddersfield Town,0,0,3,3,0,0,0
1991,Hartlepool United,Peterborough United,0,1,3,3,1,-1,0
1991,Hartlepool United,Shrewsbury Town,4,2,3,3,6,2,1
1991,Hartlepool United,Swansea City,0,1,3,3,1,-1,0
1991,Huddersfield Town,Bury,3,0,3,3,3,3,1
1991,Huddersfield Town,Exeter City,0,0,3,3,0,0,0
1991,Huddersfield Town,Stockport County,0,1,3,3,1,-1,0
1991,Hull City,Bradford City,0,0,3,3,0,0,0
1991,Hull City,Leyton Orient,1,0,3,3,1,1,1
1991,Hull City,West Bromwich Albion,1,0,3,3,1,1,1
1991,Leyton Orient,Brentford,4,2,3,3,6,2,1
1991,Leyton Orient,Darlington,2,1,3,3,3,1,1
1991,Leyton Orient,Shrewsbury Town,2,0,3,3,2,2,1
1991,Leyton Orient,Swansea City,1,2,3,3,3,-1,0
1991,Leyton Orient,Wigan Athletic,3,1,3,3,4,2,1
1991,Peterborough United,Bolton Wanderers,1,0,3,3,1,1,1
1991,Peterborough United,Huddersfield Town,2,0,3,3,2,2,1
1991,Peterborough United,Preston North End,1,0,3,3,1,1,1
1991,Preston North End,Bradford City,1,1,3,3,2,0,0
1991,Preston North End,Fulham,1,2,3,3,3,-1,0
1991,Preston North End,Reading,1,1,3,3,2,0,0
1991,Preston North End,Stoke City,2,2,3,3,4,0,0
1991,Preston North End,West Bromwich Albion,2,0,3,3,2,2,1
1991,Reading,Brentford,0,0,3,3,0,0,0
1991,Reading,Leyton Orient,3,2,3,3,5,1,1
1991,Reading,Shrewsbury Town,2,1,3,3,3,1,1
1991,Reading,Swansea City,1,0,3,3,1,1,1
1991,Shrewsbury Town,Bolton Wanderers,1,3,3,3,4,-2,0
1991,Shrewsbury Town,Exeter City,6,1,3,3,7,5,1
1991,Shrewsbury Town,Huddersfield Town,1,1,3,3,2,0,0
1991,Shrewsbury Town,Torquay United,2,2,3,3,4,0,0
1991,Stockport County,Bradford City,4,1,3,3,5,3,1
1991,Stockport County,Hull City,1,1,3,3,2,0,0
1991,Stockport County,Preston North End,2,0,3,3,2,2,1
1991,Stockport County,Stoke City,0,0,3,3,0,0,0
1991,Stockport County,West Bromwich Albion,3,0,3,3,3,3,1
1991,Stoke City,Brentford,2,1,3,3,3,1,1
1991,Stoke City,Darlington,3,0,3,3,3,3,1
1991,Stoke City,Hartlepool United,3,2,3,3,5,1,1
1991,Stoke City,Leyton Orient,2,0,3,3,2,2,1
1991,Stoke City,Reading,3,0,3,3,3,3,1
1991,Stoke City,Swansea City,2,1,3,3,3,1,1
1991,Stoke City,Wigan Athletic,3,0,3,3,3,3,1
1991,Swansea City,Bolton Wanderers,1,1,3,3,2,0,0
1991,Swansea City,Huddersfield Town,0,1,3,3,1,-1,0
1991,Swansea City,Shrewsbury Town,1,2,3,3,3,-1,0
1991,Swansea City,Torquay United,1,0,3,3,1,1,1
1991,Torquay United,Fulham,0,1,3,3,1,-1,0
1991,Torquay United,Hull City,2,1,3,3,3,1,1
1991,Torquay United,Preston North End,1,0,3,3,1,1,1
1991,West Bromwich Albion,Birmingham City,0,1,3,3,1,-1,0
1991,West Bromwich Albion,Brentford,2,0,3,3,2,2,1
1991,West Bromwich Albion,Darlington,3,1,3,3,4,2,1
1991,West Bromwich Albion,Hartlepool United,1,2,3,3,3,-1,0
1991,West Bromwich Albion,Stoke City,2,2,3,3,4,0,0
1991,Wigan Athletic,Bury,2,0,3,3,2,2,1
1991,Wigan Athletic,Exeter City,4,1,3,3,5,3,1
1991,Wigan Athletic,Shrewsbury Town,1,1,3,3,2,0,0
1991,Barnet,Carlisle United,4,2,4,4,6,2,1
1991,Barnet,Doncaster Rovers,1,0,4,4,1,1,1
1991,Barnet,Hereford United,1,0,4,4,1,1,1
1991,Blackpool,Barnet,4,2,4,4,6,2,1
1991,Blackpool,Doncaster Rovers,1,0,4,4,1,1,1
1991,Blackpool,Rotherham United,3,0,4,4,3,3,1
1991,Blackpool,Walsall,3,0,4,4,3,3,1
1991,Burnley,Barnet,3,0,4,4,3,3,1
1991,Burnley,Carlisle United,2,0,4,4,2,2,1
1991,Burnley,Doncaster Rovers,2,1,4,4,3,1,1
1991,Burnley,Hereford United,2,0,4,4,2,2,1
1991,Burnley,Rotherham United,1,2,4,4,3,-1,0
1991,Cardiff City,Carlisle United,1,0,4,4,1,1,1
1991,Cardiff City,Hereford United,1,0,4,4,1,1,1
1991,Cardiff City,Mansfield Town,3,2,4,4,5,1,1
1991,Carlisle United,Cardiff City,2,2,4,4,4,0,0
1991,Carlisle United,Doncaster Rovers,1,0,4,4,1,1,1
1991,Carlisle United,Hereford United,1,0,4,4,1,1,1
1991,Carlisle United,Mansfield Town,1,2,4,4,3,-1,0
1991,Carlisle United,Rotherham United,1,3,4,4,4,-2,0
1991,Carlisle United,Walsall,3,3,4,4,6,0,0
1991,Chesterfield,Cardiff City,2,2,4,4,4,0,0
1991,Chesterfield,Hereford United,2,0,4,4,2,2,1
1991,Chesterfield,Mansfield Town,0,2,4,4,2,-2,0
1991,Chesterfield,Rotherham United,1,1,4,4,2,0,0
1991,Crewe Alexandra,Doncaster Rovers,1,0,4,4,1,1,1
1991,Crewe Alexandra,Mansfield Town,1,2,4,4,3,-1,0
1991,Crewe Alexandra,Walsall,0,1,4,4,1,-1,0
1991,Doncaster Rovers,Mansfield Town,0,1,4,4,1,-1,0
1991,Doncaster Rovers,Walsall,0,1,4,4,1,-1,0
1991,Gillingham,Crewe Alexandra,0,1,4,4,1,-1,0
1991,Gillingham,Hereford United,2,1,4,4,3,1,1
1991,Gillingham,Mansfield Town,2,0,4,4,2,2,1
1991,Gillingham,Walsall,4,0,4,4,4,4,1
1991,Halifax Town,Barnet,3,1,4,4,4,2,1
1991,Halifax Town,Cardiff City,1,1,4,4,2,0,0
1991,Halifax Town,Hereford United,0,2,4,4,2,-2,0
1991,Halifax Town,Mansfield Town,1,3,4,4,4,-2,0
1991,Hereford United,Walsall,1,2,4,4,3,-1,0
1991,Lincoln City,Rotherham United,0,2,4,4,2,-2,0
1991,Maidstone United,Cardiff City,1,1,4,4,2,0,0
1991,Maidstone United,Crewe Alexandra,2,0,4,4,2,2,1
1991,Maidstone United,Halifax Town,0,1,4,4,1,-1,0
1991,Maidstone United,Mansfield Town,0,0,4,4,0,0,0
1991,Maidstone United,Rotherham United,0,0,4,4,0,0,0
1991,Maidstone United,Walsall,2,1,4,4,3,1,1
1991,Mansfield Town,Crewe Alexandra,4,3,4,4,7,1,1
1991,Mansfield Town,Rotherham United,1,0,4,4,1,1,1
1991,Mansfield Town,Walsall,3,1,4,4,4,2,1
1991,Northampton Town,Halifax Town,4,0,4,4,4,4,1
1991,Northampton Town,Maidstone United,1,0,4,4,1,1,1
1991,Northampton Town,Rotherham United,1,2,4,4,3,-1,0
1991,Northampton Town,Walsall,0,1,4,4,1,-1,0
1991,Rochdale,Barnet,1,0,4,4,1,1,1
1991,Rochdale,Cardiff City,2,0,4,4,2,2,1
1991,Rochdale,Halifax Town,1,0,4,4,1,1,1
1991,Rochdale,Maidstone United,1,2,4,4,3,-1,0
1991,Rochdale,Walsall,1,1,4,4,2,0,0
1991,Rotherham United,Barnet,3,0,4,4,3,3,1
1991,Rotherham United,Cardiff City,1,2,4,4,3,-1,0
1991,Rotherham United,Halifax Town,1,0,4,4,1,1,1
1991,Rotherham United,Rochdale,2,0,4,4,2,2,1
1991,Scarborough,Cardiff City,2,2,4,4,4,0,0
1991,Scarborough,Crewe Alexandra,2,1,4,4,3,1,1
1991,Scarborough,Rochdale,3,2,4,4,5,1,1
1991,Scarborough,Walsall,2,3,4,4,5,-1,0
1991,Scunthorpe United,Cardiff City,1,0,4,4,1,1,1
1991,Scunthorpe United,Crewe Alexandra,1,0,4,4,1,1,1
1991,Scunthorpe United,Maidstone United,2,0,4,4,2,2,1
1991,Scunthorpe United,Rochdale,6,2,4,4,8,4,1
1991,Scunthorpe United,Walsall,1,1,4,4,2,0,0
1991,Walsall,Barnet,2,0,4,4,2,2,1
1991,Walsall,Cardiff City,0,0,4,4,0,0,0
1991,Walsall,Halifax Town,3,0,4,4,3,3,1
1991,Walsall,Rochdale,1,3,4,4,4,-2,0
1991,Walsall,Scunthorpe United,2,1,4,4,3,1,1
1991,Wrexham,Barnet,1,0,4,4,1,1,1
1991,Wrexham,Halifax Town,2,0,4,4,2,2,1
1991,Wrexham,Rochdale,2,1,4,4,3,1,1
1991,York City,Crewe Alexandra,1,1,4,4,2,0,0
1991,York City,Halifax Town,1,1,4,4,2,0,0
1991,York City,Maidstone United,1,1,4,4,2,0,0
1992,Arsenal,Ipswich Town,0,0,1,1,0,0,0
1992,Aston Villa,Arsenal,1,0,1,1,1,1,1
1992,Aston Villa,Ipswich Town,2,0,1,1,2,2,1
1992,Aston Villa,Manchester City,3,1,1,1,4,2,1
1992,Aston Villa,Queens Park Rangers,2,0,1,1,2,2,1
1992,Blackburn Rovers,Arsenal,1,0,1,1,1,1,1
1992,Blackburn Rovers,Ipswich Town,2,1,1,1,3,1,1
1992,Blackburn Rovers,Norwich City,7,1,1,1,8,6,1
1992,Blackburn Rovers,Queens Park Rangers,1,0,1,1,1,1,1
1992,Chelsea,Arsenal,1,0,1,1,1,1,1
1992,Chelsea,Coventry City,2,1,1,1,3,1,1
1992,Coventry City,Arsenal,0,2,1,1,2,-2,0
1992,Coventry City,Chelsea,1,2,1,1,3,-1,0
1992,Coventry City,Ipswich Town,2,2,1,1,4,0,0
1992,Coventry City,Manchester City,2,3,1,1,5,-1,0
1992,Coventry City,Norwich City,1,1,1,1,2,0,0
1992,Coventry City,Queens Park Rangers,0,1,1,1,1,-1,0
1992,Coventry City,Southampton,2,0,1,1,2,2,1
1992,Crystal Palace,Norwich City,1,2,1,1,3,-1,0
1992,Everton,Arsenal,0,0,1,1,0,0,0
1992,Everton,Ipswich Town,3,0,1,1,3,3,1
1992,Everton,Manchester City,1,3,1,1,4,-2,0
1992,Everton,Queens Park Rangers,3,5,1,1,8,-2,0
1992,Everton,Southampton,2,1,1,1,3,1,1
1992,Ipswich Town,Everton,1,0,1,1,1,1,1
1992,Ipswich Town,Norwich City,3,1,1,1,4,2,1
1992,Leeds United,Arsenal,3,0,1,1,3,3,1
1992,Leeds United,Manchester City,1,0,1,1,1,1,1
1992,Liverpool,Arsenal,0,2,1,1,2,-2,0
1992,Liverpool,Chelsea,2,1,1,1,3,1,1
1992,Liverpool,Everton,1,0,1,1,1,1,1
1992,Liverpool,Manchester City,1,1,1,1,2,0,0
1992,Liverpool,Norwich City,4,1,1,1,5,3,1
1992,Manchester City,Arsenal,0,1,1,1,1,-1,0
1992,Manchester City,Chelsea,0,1,1,1,1,-1,0
1992,Manchester City,Everton,2,5,1,1,7,-3,0
1992,Manchester City,Liverpool,1,1,1,1,2,0,0
1992,Manchester City,Southampton,1,0,1,1,1,1,1
1992,Manchester United,Chelsea,3,0,1,1,3,3,1
1992,Manchester United,Norwich City,1,0,1,1,1,1,1
1992,Manchester United,Queens Park Rangers,0,0,1,1,0,0,0
1992,Middlesbrough,Arsenal,1,0,1,1,1,1,1
1992,Middlesbrough,Liverpool,1,2,1,1,3,-1,0
1992,Middlesbrough,Norwich City,3,3,1,1,6,0,0
1992,Middlesbrough,Queens Park Rangers,0,1,1,1,1,-1,0
1992,Norwich City,Chelsea,2,1,1,1,3,1,1
1992,Norwich City,Everton,1,1,1,1,2,0,0
1992,Norwich City,Liverpool,1,0,1,1,1,1,1
1992,Norwich City,Middlesbrough,1,1,1,1,2,0,0
1992,Norwich City,Southampton,1,0,1,1,1,1,1
1992,Nottingham Forest,Chelsea,3,0,1,1,3,3,1
1992,Nottingham Forest,Middlesbrough,1,0,1,1,1,1,1
1992,Nottingham Forest,Queens Park Rangers,1,0,1,1,1,1,1
1992,Oldham Athletic,Arsenal,0,1,1,1,1,-1,0
1992,Oldham Athletic,Southampton,4,3,1,1,7,1,1
1992,Queens Park Rangers,Chelsea,1,1,1,1,2,0,0
1992,Queens Park Rangers,Liverpool,0,1,1,1,1,-1,0
1992,Queens Park Rangers,Middlesbrough,3,3,1,1,6,0,0
1992,Queens Park Rangers,Oldham Athletic,3,2,1,1,5,1,1
1992,Queens Park Rangers,Southampton,3,1,1,1,4,2,1
1992,Sheffield United,Arsenal,1,1,1,1,2,0,0
1992,Sheffield United,Liverpool,1,0,1,1,1,1,1
1992,Sheffield Wednesday,Chelsea,3,3,1,1,6,0,0
1992,Sheffield Wednesday,Everton,3,1,1,1,4,2,1
1992,Sheffield Wednesday,Liverpool,1,1,1,1,2,0,0
1992,Sheffield Wednesday,Middlesbrough,2,3,1,1,5,-1,0
1992,Southampton,Arsenal,2,0,1,1,2,2,1
1992,Southampton,Chelsea,1,0,1,1,1,1,1
1992,Southampton,Everton,0,0,1,1,0,0,0
1992,Southampton,Liverpool,2,1,1,1,3,1,1
1992,Southampton,Oldham Athletic,1,0,1,1,1,1,1
1992,Tottenham Hotspur,Arsenal,1,0,1,1,1,1,1
1992,Tottenham Hotspur,Everton,2,1,1,1,3,1,1
1992,Tottenham Hotspur,Liverpool,2,0,1,1,2,2,1
1992,Tottenham Hotspur,Middlesbrough,2,2,1,1,4,0,0
1992,Tottenham Hotspur,Sheffield Wednesday,0,2,1,1,2,-2,0
1992,Wimbledon,Chelsea,0,0,1,1,0,0,0
1992,Wimbledon,Everton,1,3,1,1,4,-2,0
1992,Wimbledon,Liverpool,2,0,1,1,2,2,1
1992,Wimbledon,Middlesbrough,2,0,1,1,2,2,1
1992,Wimbledon,Oldham Athletic,5,2,1,1,7,3,1
1992,Barnsley,Birmingham City,1,0,2,2,1,1,1
1992,Barnsley,Derby County,1,1,2,2,2,0,0
1992,Barnsley,Luton Town,3,0,2,2,3,3,1
1992,Barnsley,Portsmouth,1,1,2,2,2,0,0
1992,Barnsley,Swindon Town,1,0,2,2,1,1,1
1992,Birmingham City,Brentford,1,3,2,2,4,-2,0
1992,Birmingham City,Cambridge United,0,2,2,2,2,-2,0
1992,Birmingham City,Grimsby Town,2,1,2,2,3,1,1
1992,Birmingham City,Millwall,0,0,2,2,0,0,0
1992,Birmingham City,Tranmere Rovers,0,0,2,2,0,0,0
1992,Brentford,Bristol City,5,1,2,2,6,4,1
1992,Brentford,Charlton Athletic,2,0,2,2,2,2,1
1992,Brentford,Leicester City,1,3,2,2,4,-2,0
1992,Brentford,Sunderland,1,1,2,2,2,0,0
1992,Bristol City,Barnsley,2,1,2,2,3,1,1
1992,Bristol City,Portsmouth,3,3,2,2,6,0,0
1992,Bristol City,Swindon Town,2,2,2,2,4,0,0
1992,Bristol Rovers,Birmingham City,3,3,2,2,6,0,0
1992,Bristol Rovers,Cambridge United,1,1,2,2,2,0,0
1992,Bristol Rovers,Grimsby Town,0,3,2,2,3,-3,0
1992,Bristol Rovers,Southend United,0,2,2,2,2,-2,0
1992,Bristol Rovers,Wolverhampton Wanderers,1,1,2,2,2,0,0
1992,Cambridge United,Charlton Athletic,0,1,2,2,1,-1,0
1992,Charlton Athletic,Bristol City,2,1,2,2,3,1,1
1992,Charlton Athletic,Luton Town,0,0,2,2,0,0,0
1992,Charlton Athletic,Portsmouth,1,0,2,2,1,1,1
1992,Charlton Athletic,Swindon Town,2,0,2,2,2,2,1
1992,Charlton Athletic,West Ham United,1,1,2,2,2,0,0
1992,Derby County,Bristol Rovers,3,1,2,2,4,2,1
1992,Derby County,Grimsby Town,2,1,2,2,3,1,1
1992,Derby County,Oxford United,0,1,2,2,1,-1,0
1992,Derby County,Tranmere Rovers,1,2,2,2,3,-1,0
1992,Derby County,Wolverhampton Wanderers,2,0,2,2,2,2,1
1992,Grimsby Town,Brentford,0,1,2,2,1,-1,0
1992,Grimsby Town,Cambridge United,1,1,2,2,2,0,0
1992,Grimsby Town,Peterborough United,1,3,2,2,4,-2,0
1992,Grimsby Town,Sunderland,1,0,2,2,1,1,1
1992,Leicester City,Charlton Athletic,3,1,2,2,4,2,1
1992,Leicester City,Luton Town,2,1,2,2,3,1,1
1992,Leicester City,Notts County,1,1,2,2,2,0,0
1992,Leicester City,Portsmouth,1,0,2,2,1,1,1
1992,Luton Town,Birmingham City,1,1,2,2,2,0,0
1992,Luton Town,Bristol Rovers,1,1,2,2,2,0,0
1992,Luton Town,Derby County,1,3,2,2,4,-2,0
1992,Luton Town,Oxford United,3,1,2,2,4,2,1
1992,Luton Town,Southend United,2,2,2,2,4,0,0
1992,Luton Town,Tranmere Rovers,3,3,2,2,6,0,0
1992,Luton Town,Wolverhampton Wanderers,1,1,2,2,2,0,0
1992,Millwall,Newcastle United,1,2,2,2,3,-1,0
1992,Millwall,Watford,5,2,2,2,7,3,1
1992,Newcastle United,Barnsley,6,0,2,2,6,6,1
1992,Newcastle United,Bristol City,5,0,2,2,5,5,1
1992,Newcastle United,Leicester City,7,1,2,2,8,6,1
1992,Newcastle United,Portsmouth,3,1,2,2,4,2,1
1992,Newcastle United,West Ham United,2,0,2,2,2,2,1
1992,Notts County,Derby County,0,2,2,2,2,-2,0
1992,Notts County,Oxford United,1,1,2,2,2,0,0
1992,Notts County,Southend United,4,0,2,2,4,4,1
1992,Oxford United,Brentford,0,2,2,2,2,-2,0
1992,Oxford United,Millwall,3,0,2,2,3,3,1
1992,Peterborough United,Barnsley,1,1,2,2,2,0,0
1992,Peterborough United,Bristol City,1,1,2,2,2,0,0
1992,Peterborough United,Charlton Athletic,1,1,2,2,2,0,0
1992,Peterborough United,Leicester City,3,0,2,2,3,3,1
1992,Peterborough United,Swindon Town,3,3,2,2,6,0,0
1992,Peterborough United,West Ham United,1,3,2,2,4,-2,0
1992,Portsmouth,Birmingham City,4,0,2,2,4,4,1
1992,Portsmouth,Bristol Rovers,4,1,2,2,5,3,1
1992,Portsmouth,Derby County,3,0,2,2,3,3,1
1992,Portsmouth,Notts County,0,0,2,2,0,0,0
1992,Portsmouth,Southend United,2,0,2,2,2,2,1
1992,Portsmouth,Tranmere Rovers,4,0,2,2,4,4,1
1992,Portsmouth,Wolverhampton Wanderers,2,0,2,2,2,2,1
1992,Southend United,Cambridge United,1,1,2,2,2,0,0
1992,Southend United,Grimsby Town,1,0,2,2,1,1,1
1992,Southend United,Oxford United,0,3,2,2,3,-3,0
1992,Southend United,Sunderland,0,1,2,2,1,-1,0
1992,Sunderland,Barnsley,2,1,2,2,3,1,1
1992,Sunderland,Leicester City,1,2,2,2,3,-1,0
1992,Sunderland,Newcastle United,1,2,2,2,3,-1,0
1992,Sunderland,Peterborough United,3,0,2,2,3,3,1
1992,Sunderland,Swindon Town,0,1,2,2,1,-1,0
1992,Swindon Town,Birmingham City,0,0,2,2,0,0,0
1992,Swindon Town,Notts County,5,1,2,2,6,4,1
1992,Swindon Town,Tranmere Rovers,2,0,2,2,2,2,1
1992,Tranmere Rovers,Brentford,3,2,2,2,5,1,1
1992,Tranmere Rovers,Cambridge United,2,0,2,2,2,2,1
1992,Tranmere Rovers,Grimsby Town,1,1,2,2,2,0,0
1992,Tranmere Rovers,Millwall,1,1,2,2,2,0,0
1992,Tranmere Rovers,Southend United,3,0,2,2,3,3,1
1992,Tranmere Rovers,Watford,2,1,2,2,3,1,1
1992,Watford,Barnsley,1,2,2,2,3,-1,0
1992,Watford,Leicester City,0,3,2,2,3,-3,0
1992,Watford,Sunderland,2,1,2,2,3,1,1
1992,West Ham United,Bristol Rovers,2,1,2,2,3,1,1
1992,West Ham United,Derby County,1,1,2,2,2,0,0
1992,West Ham United,Swindon Town,0,1,2,2,1,-1,0
1992,West Ham United,Wolverhampton Wanderers,3,1,2,2,4,2,1
1992,Wolverhampton Wanderers,Brentford,1,2,2,2,3,-1,0
1992,Wolverhampton Wanderers,Grimsby Town,2,1,2,2,3,1,1
1992,Wolverhampton Wanderers,Millwall,3,1,2,2,4,2,1
1992,Wolverhampton Wanderers,Oxford United,0,1,2,2,1,-1,0
1992,Wolverhampton Wanderers,Southend United,1,1,2,2,2,0,0
1992,AFC Bournemouth,Brighton & Hove Albion,1,1,3,3,2,0,0
1992,AFC Bournemouth,Exeter City,1,3,3,3,4,-2,0
1992,AFC Bournemouth,Mansfield Town,4,1,3,3,5,3,1
1992,AFC Bournemouth,Preston North End,2,1,3,3,3,1,1
1992,AFC Bournemouth,Stockport County,1,0,3,3,1,1,1
1992,AFC Bournemouth,West Bromwich Albion,0,1,3,3,1,-1,0
1992,Blackpool,Bolton Wanderers,1,1,3,3,2,0,0
1992,Blackpool,Fulham,1,1,3,3,2,0,0
1992,Blackpool,Hull City,5,1,3,3,6,4,1
1992,Blackpool,Plymouth Argyle,1,1,3,3,2,0,0
1992,Blackpool,Reading,0,1,3,3,1,-1,0
1992,Blackpool,Wigan Athletic,2,1,3,3,3,1,1
1992,Bolton Wanderers,Chester,5,0,3,3,5,5,1
1992,Bolton Wanderers,Rotherham United,2,0,3,3,2,2,1
1992,Bradford City,Huddersfield Town,0,1,3,3,1,-1,0
1992,Bradford City,Mansfield Town,0,0,3,3,0,0,0
1992,Bradford City,West Bromwich Albion,2,2,3,3,4,0,0
1992,Brighton & Hove Albion,Blackpool,1,1,3,3,2,0,0
1992,Brighton & Hove Albion,Fulham,0,2,3,3,2,-2,0
1992,Brighton & Hove Albion,Hull City,2,0,3,3,2,2,1
1992,Brighton & Hove Albion,Plymouth Argyle,2,1,3,3,3,1,1
1992,Burnley,Bolton Wanderers,0,1,3,3,1,-1,0
1992,Burnley,Rotherham United,1,1,3,3,2,0,0
1992,Chester,AFC Bournemouth,1,0,3,3,1,1,1
1992,Chester,Bradford City,2,5,3,3,7,-3,0
1992,Chester,Exeter City,0,3,3,3,3,-3,0
1992,Chester,Huddersfield Town,0,2,3,3,2,-2,0
1992,Chester,Mansfield Town,1,2,3,3,3,-1,0
1992,Chester,Preston North End,2,4,3,3,6,-2,0
1992,Chester,West Bromwich Albion,1,3,3,3,4,-2,0
1992,Exeter City,Blackpool,0,1,3,3,1,-1,0
1992,Exeter City,Fulham,1,2,3,3,3,-1,0
1992,Exeter City,Plymouth Argyle,2,0,3,3,2,2,1
1992,Exeter City,Wigan Athletic,0,0,3,3,0,0,0
1992,Fulham,Bolton Wanderers,1,4,3,3,5,-3,0
1992,Fulham,Burnley,4,0,3,3,4,4,1
1992,Fulham,Hartlepool United,1,3,3,3,4,-2,0
1992,Fulham,Leyton Orient,1,0,3,3,1,1,1
1992,Fulham,Port Vale,1,2,3,3,3,-1,0
1992,Fulham,Swansea City,1,1,3,3,2,0,0
1992,Hartlepool United,AFC Bournemouth,0,1,3,3,1,-1,0
1992,Hartlepool United,Chester,2,0,3,3,2,2,1
1992,Hartlepool United,Mansfield Town,0,1,3,3,1,-1,0
1992,Hartlepool United,Stockport County,3,2,3,3,5,1,1
1992,Huddersfield Town,Stoke City,1,0,3,3,1,1,1
1992,Hull City,Bolton Wanderers,1,2,3,3,3,-1,0
1992,Hull City,Burnley,0,2,3,3,2,-2,0
1992,Hull City,Fulham,1,1,3,3,2,0,0
1992,Hull City,Leyton Orient,0,0,3,3,0,0,0
1992,Hull City,Port Vale,0,1,3,3,1,-1,0
1992,Hull City,Swansea City,1,0,3,3,1,1,1
1992,Leyton Orient,Preston North End,3,1,3,3,4,2,1
1992,Leyton Orient,West Bromwich Albion,2,0,3,3,2,2,1
1992,Mansfield Town,Exeter City,0,0,3,3,0,0,0
1992,Mansfield Town,Plymouth Argyle,0,0,3,3,0,0,0
1992,Mansfield Town,Reading,1,1,3,3,2,0,0
1992,Mansfield Town,Stoke City,0,4,3,3,4,-4,0
1992,Mansfield Town,Wigan Athletic,2,0,3,3,2,2,1
1992,Plymouth Argyle,Fulham,1,1,3,3,2,0,0
1992,Plymouth Argyle,Rotherham United,2,1,3,3,3,1,1
1992,Plymouth Argyle,Swansea City,0,1,3,3,1,-1,0
1992,Port Vale,AFC Bournemouth,3,0,3,3,3,3,1
1992,Port Vale,Bradford City,1,2,3,3,3,-1,0
1992,Port Vale,Chester,2,0,3,3,2,2,1
1992,Port Vale,Leyton Orient,2,0,3,3,2,2,1
1992,Port Vale,Preston North End,2,2,3,3,4,0,0
1992,Port Vale,West Bromwich Albion,2,1,3,3,3,1,1
1992,Preston North End,Blackpool,3,3,3,3,6,0,0
1992,Preston North End,Brighton & Hove Albion,1,0,3,3,1,1,1
1992,Preston North End,Mansfield Town,1,5,3,3,6,-4,0
1992,Reading,Bolton Wanderers,1,2,3,3,3,-1,0
1992,Reading,Burnley,1,0,3,3,1,1,1
1992,Reading,Plymouth Argyle,3,0,3,3,3,3,1
1992,Reading,Swansea City,2,0,3,3,2,2,1
1992,Rotherham United,AFC Bournemouth,1,2,3,3,3,-1,0
1992,Rotherham United,Chester,3,3,3,3,6,0,0
1992,Rotherham United,Hartlepool United,0,0,3,3,0,0,0
1992,Rotherham United,Leyton Orient,1,1,3,3,2,0,0
1992,Rotherham United,Stockport County,0,2,3,3,2,-2,0
1992,Rotherham United,West Bromwich Albion,0,2,3,3,2,-2,0
1992,Stockport County,Blackpool,0,0,3,3,0,0,0
1992,Stockport County,Brighton & Hove Albion,0,0,3,3,0,0,0
1992,Stockport County,Exeter City,2,2,3,3,4,0,0
1992,Stockport County,Wigan Athletic,3,0,3,3,3,3,1
1992,Stoke City,Bolton Wanderers,0,0,3,3,0,0,0
1992,Stoke City,Fulham,1,0,3,3,1,1,1
1992,Stoke City,Hull City,3,0,3,3,3,3,1
1992,Swansea City,AFC Bournemouth,2,1,3,3,3,1,1
1992,Swansea City,Leyton Orient,0,1,3,3,1,-1,0
1992,West Bromwich Albion,Blackpool,3,1,3,3,4,2,1
1992,West Bromwich Albion,Huddersfield Town,2,2,3,3,4,0,0
1992,West Bromwich Albion,Stockport County,3,0,3,3,3,3,1
1992,West Bromwich Albion,Wigan Athletic,5,1,3,3,6,4,1
1992,Wigan Athletic,Reading,1,1,3,3,2,0,0
1992,Barnet,Chesterfield,2,1,4,4,3,1,1
1992,Barnet,Walsall,3,0,4,4,3,3,1
1992,Bury,Northampton Town,3,3,4,4,6,0,0
1992,Bury,Scunthorpe United,0,0,4,4,0,0,0
1992,Cardiff City,Chesterfield,2,1,4,4,3,1,1
1992,Cardiff City,Halifax Town,2,1,4,4,3,1,1
1992,Cardiff City,Northampton Town,2,1,4,4,3,1,1
1992,Cardiff City,Walsall,2,1,4,4,3,1,1
1992,Carlisle United,Chesterfield,3,1,4,4,4,2,1
1992,Carlisle United,Scunthorpe United,0,2,4,4,2,-2,0
1992,Chesterfield,Carlisle United,1,0,4,4,1,1,1
1992,Chesterfield,Darlington,2,0,4,4,2,2,1
1992,Chesterfield,Scunthorpe United,1,2,4,4,3,-1,0
1992,Chesterfield,Walsall,2,1,4,4,3,1,1
1992,Colchester United,Darlington,0,3,4,4,3,-3,0
1992,Colchester United,Walsall,3,1,4,4,4,2,1
1992,Crewe Alexandra,Barnet,4,1,4,4,5,3,1
1992,Crewe Alexandra,Carlisle United,4,0,4,4,4,4,1
1992,Crewe Alexandra,Scunthorpe United,1,0,4,4,1,1,1
1992,Darlington,Barnet,1,0,4,4,1,1,1
1992,Darlington,Northampton Town,3,1,4,4,4,2,1
1992,Darlington,Scunthorpe United,2,2,4,4,4,0,0
1992,Doncaster Rovers,Barnet,2,1,4,4,3,1,1
1992,Doncaster Rovers,Carlisle United,1,2,4,4,3,-1,0
1992,Doncaster Rovers,Northampton Town,2,2,4,4,4,0,0
1992,Doncaster Rovers,Scunthorpe United,0,1,4,4,1,-1,0
1992,Gillingham,Barnet,1,1,4,4,2,0,0
1992,Gillingham,Carlisle United,1,0,4,4,1,1,1
1992,Gillingham,Halifax Town,2,0,4,4,2,2,1
1992,Gillingham,Northampton Town,2,3,4,4,5,-1,0
1992,Halifax Town,Barnet,1,2,4,4,3,-1,0
1992,Halifax Town,Crewe Alexandra,1,2,4,4,3,-1,0
1992,Halifax Town,Gillingham,2,0,4,4,2,2,1
1992,Lincoln City,Carlisle United,2,1,4,4,3,1,1
1992,Lincoln City,Gillingham,1,1,4,4,2,0,0
1992,Lincoln City,Walsall,0,2,4,4,2,-2,0
1992,Northampton Town,Barnet,1,1,4,4,2,0,0
1992,Northampton Town,Crewe Alexandra,0,2,4,4,2,-2,0
1992,Northampton Town,Lincoln City,0,2,4,4,2,-2,0
1992,Northampton Town,Walsall,0,0,4,4,0,0,0
1992,Rochdale,Barnet,0,1,4,4,1,-1,0
1992,Rochdale,Crewe Alexandra,0,1,4,4,1,-1,0
1992,Rochdale,Lincoln City,5,1,4,4,6,4,1
1992,Rochdale,Scunthorpe United,2,0,4,4,2,2,1
1992,Rochdale,Walsall,4,3,4,4,7,1,1
1992,Scarborough,Barnet,2,2,4,4,4,0,0
1992,Scarborough,Carlisle United,2,2,4,4,4,0,0
1992,Scarborough,Crewe Alexandra,1,0,4,4,1,1,1
1992,Scarborough,Lincoln City,0,1,4,4,1,-1,0
1992,Scarborough,Scunthorpe United,1,2,4,4,3,-1,0
1992,Scarborough,Walsall,4,1,4,4,5,3,1
1992,Scunthorpe United,Gillingham,2,2,4,4,4,0,0
1992,Scunthorpe United,Scarborough,1,2,4,4,3,-1,0
1992,Shrewsbury Town,Gillingham,2,1,4,4,3,1,1
1992,Shrewsbury Town,Walsall,0,3,4,4,3,-3,0
1992,Torquay United,Barnet,0,1,4,4,1,-1,0
1992,Torquay United,Carlisle United,0,2,4,4,2,-2,0
1992,Torquay United,Gillingham,2,1,4,4,3,1,1
1992,Torquay United,Scarborough,1,3,4,4,4,-2,0
1992,Walsall,Scarborough,3,2,4,4,5,1,1
1992,Wrexham,Lincoln City,2,0,4,4,2,2,1
1992,Wrexham,Scarborough,4,1,4,4,5,3,1
1992,Wrexham,Torquay United,4,2,4,4,6,2,1
1992,York City,Barnet,2,0,4,4,2,2,1
1992,York City,Scarborough,1,0,4,4,1,1,1
1992,York City,Torquay United,2,1,4,4,3,1,1
1993,Arsenal,Aston Villa,1,2,1,1,3,-1,0
1993,Arsenal,Manchester United,2,2,1,1,4,0,0
1993,Arsenal,Oldham Athletic,1,1,1,1,2,0,0
1993,Arsenal,Tottenham Hotspur,1,1,1,1,2,0,0
1993,Aston Villa,Tottenham Hotspur,1,0,1,1,1,1,1
1993,Blackburn Rovers,Arsenal,1,1,1,1,2,0,0
1993,Blackburn Rovers,Coventry City,2,1,1,1,3,1,1
1993,Blackburn Rovers,Leeds United,2,1,1,1,3,1,1
1993,Blackburn Rovers,Sheffield Wednesday,1,1,1,1,2,0,0
1993,Blackburn Rovers,Tottenham Hotspur,1,0,1,1,1,1,1
1993,Chelsea,Arsenal,0,2,1,1,2,-2,0
1993,Chelsea,Coventry City,1,2,1,1,3,-1,0
1993,Chelsea,Oldham Athletic,0,1,1,1,1,-1,0
1993,Chelsea,Sheffield Wednesday,1,1,1,1,2,0,0
1993,Coventry City,Arsenal,1,0,1,1,1,1,1
1993,Coventry City,Leeds United,0,2,1,1,2,-2,0
1993,Coventry City,Oldham Athletic,1,1,1,1,2,0,0
1993,Coventry City,Sheffield Wednesday,1,1,1,1,2,0,0
1993,Everton,Chelsea,4,2,1,1,6,2,1
1993,Everton,Manchester United,0,1,1,1,1,-1,0
1993,Everton,Sheffield Wednesday,0,2,1,1,2,-2,0
1993,Ipswich Town,Leeds United,0,0,1,1,0,0,0
1993,Ipswich Town,Oldham Athletic,0,0,1,1,0,0,0
1993,Leeds United,Ipswich Town,0,0,1,1,0,0,0
1993,Leeds United,Tottenham Hotspur,2,0,1,1,2,2,1
1993,Liverpool,Chelsea,2,1,1,1,3,1,1
1993,Liverpool,Manchester United,3,3,1,1,6,0,0
1993,Liverpool,Sheffield Wednesday,2,0,1,1,2,2,1
1993,Liverpool,Tottenham Hotspur,1,2,1,1,3,-1,0
1993,Manchester City,Chelsea,2,2,1,1,4,0,0
1993,Manchester City,Ipswich Town,2,1,1,1,3,1,1
1993,Manchester City,Manchester United,2,3,1,1,5,-1,0
1993,Manchester City,Oldham Athletic,1,1,1,1,2,0,0
1993,Manchester United,Ipswich Town,0,0,1,1,0,0,0
1993,Manchester United,Sheffield Wednesday,5,0,1,1,5,5,1
1993,Newcastle United,Chelsea,0,0,1,1,0,0,0
1993,Newcastle United,Tottenham Hotspur,0,1,1,1,1,-1,0
1993,Norwich City,Chelsea,1,1,1,1,2,0,0
1993,Norwich City,Ipswich Town,1,0,1,1,1,1,1
1993,Norwich City,Manchester City,1,1,1,1,2,0,0
1993,Oldham Athletic,Arsenal,0,0,1,1,0,0,0
1993,Oldham Athletic,Ipswich Town,0,3,1,1,3,-3,0
1993,Oldham Athletic,Norwich City,2,1,1,1,3,1,1
1993,Oldham Athletic,Tottenham Hotspur,0,2,1,1,2,-2,0
1993,Queens Park Rangers,Arsenal,1,1,1,1,2,0,0
1993,Queens Park Rangers,Sheffield Wednesday,1,2,1,1,3,-1,0
1993,Queens Park Rangers,Tottenham Hotspur,1,1,1,1,2,0,0
1993,Sheffield United,Manchester City,0,1,1,1,1,-1,0
1993,Sheffield United,Norwich City,1,2,1,1,3,-1,0
1993,Sheffield United,Sheffield Wednesday,1,1,1,1,2,0,0
1993,Sheffield Wednesday,Arsenal,0,1,1,1,1,-1,0
1993,Sheffield Wednesday,Chelsea,3,1,1,1,4,2,1
1993,Sheffield Wednesday,Ipswich Town,5,0,1,1,5,5,1
1993,Sheffield Wednesday,Manchester City,1,1,1,1,2,0,0
1993,Sheffield Wednesday,Norwich City,3,3,1,1,6,0,0
1993,Southampton,Manchester City,0,1,1,1,1,-1,0
1993,Swindon Town,Chelsea,1,3,1,1,4,-2,0
1993,Tottenham Hotspur,Chelsea,1,1,1,1,2,0,0
1993,Tottenham Hotspur,Manchester City,1,0,1,1,1,1,1
1993,Tottenham Hotspur,Sheffield United,2,2,1,1,4,0,0
1993,Tottenham Hotspur,Swindon Town,1,1,1,1,2,0,0
1993,West Ham United,Sheffield United,0,0,1,1,0,0,0
1993,West Ham United,Swindon Town,0,0,1,1,0,0,0
1993,Wimbledon,Arsenal,0,3,1,1,3,-3,0
1993,Wimbledon,Ipswich Town,0,2,1,1,2,-2,0
1993,Barnsley,Birmingham City,2,3,2,2,5,-1,0
1993,Barnsley,Charlton Athletic,0,1,2,2,1,-1,0
1993,Barnsley,Middlesbrough,1,4,2,2,5,-3,0
1993,Barnsley,Portsmouth,2,0,2,2,2,2,1
1993,Barnsley,West Bromwich Albion,1,1,2,2,2,0,0
1993,Birmingham City,Bolton Wanderers,2,1,2,2,3,1,1
1993,Birmingham City,Crystal Palace,2,4,2,2,6,-2,0
1993,Birmingham City,Leicester City,0,3,2,2,3,-3,0
1993,Bolton Wanderers,Bristol City,2,2,2,2,4,0,0
1993,Bolton Wanderers,Luton Town,2,1,2,2,3,1,1
1993,Bolton Wanderers,Nottingham Forest,4,3,2,2,7,1,1
1993,Bolton Wanderers,Stoke City,1,1,2,2,2,0,0
1993,Bristol City,Grimsby Town,1,0,2,2,1,1,1
1993,Bristol City,Middlesbrough,0,0,2,2,0,0,0
1993,Bristol City,Portsmouth,1,0,2,2,1,1,1
1993,Charlton Athletic,Leicester City,2,1,2,2,3,1,1
1993,Charlton Athletic,Southend United,4,3,2,2,7,1,1
1993,Charlton Athletic,Tranmere Rovers,3,1,2,2,4,2,1
1993,Crystal Palace,Derby County,1,1,2,2,2,0,0
1993,Crystal Palace,Luton Town,3,2,2,2,5,1,1
1993,Crystal Palace,Stoke City,4,1,2,2,5,3,1
1993,Derby County,Barnsley,2,0,2,2,2,2,1
1993,Derby County,Bristol City,1,0,2,2,1,1,1
1993,Derby County,West Bromwich Albion,5,3,2,2,8,2,1
1993,Grimsby Town,Charlton Athletic,0,1,2,2,1,-1,0
1993,Grimsby Town,Millwall,0,0,2,2,0,0,0
1993,Grimsby Town,Wolverhampton Wanderers,2,0,2,2,2,2,1
1993,Leicester City,Bolton Wanderers,1,1,2,2,2,0,0
1993,Leicester City,Stoke City,1,1,2,2,2,0,0
1993,Leicester City,Watford,4,4,2,2,8,0,0
1993,Luton Town,Barnsley,5,0,2,2,5,5,1
1993,Luton Town,Notts County,1,0,2,2,1,1,1
1993,Luton Town,Portsmouth,4,1,2,2,5,3,1
1993,Middlesbrough,Birmingham City,2,2,2,2,4,0,0
1993,Middlesbrough,Grimsby Town,1,0,2,2,1,1,1
1993,Middlesbrough,Millwall,4,2,2,2,6,2,1
1993,Middlesbrough,Oxford United,2,1,2,2,3,1,1
1993,Millwall,Crystal Palace,3,0,2,2,3,3,1
1993,Millwall,Nottingham Forest,2,2,2,2,4,0,0
1993,Millwall,Peterborough United,1,0,2,2,1,1,1
1993,Nottingham Forest,Sunderland,2,2,2,2,4,0,0
1993,Notts County,Charlton Athletic,3,3,2,2,6,0,0
1993,Notts County,Southend United,2,1,2,2,3,1,1
1993,Notts County,Wolverhampton Wanderers,0,2,2,2,2,-2,0
1993,Oxford United,Crystal Palace,1,3,2,2,4,-2,0
1993,Oxford United,Leicester City,2,2,2,2,4,0,0
1993,Oxford United,Watford,2,3,2,2,5,-1,0
1993,Peterborough United,Barnsley,4,1,2,2,5,3,1
1993,Peterborough United,Bristol City,0,2,2,2,2,-2,0
1993,Peterborough United,Derby County,2,2,2,2,4,0,0
1993,Peterborough United,Luton Town,0,0,2,2,0,0,0
1993,Peterborough United,Nottingham Forest,2,3,2,2,5,-1,0
1993,Peterborough United,Sunderland,1,3,2,2,4,-2,0
1993,Peterborough United,West Bromwich Albion,2,0,2,2,2,2,1
1993,Portsmouth,Birmingham City,0,2,2,2,2,-2,0
1993,Portsmouth,Charlton Athletic,1,2,2,2,3,-1,0
1993,Portsmouth,Grimsby Town,3,1,2,2,4,2,1
1993,Portsmouth,Notts County,0,0,2,2,0,0,0
1993,Portsmouth,Southend United,2,1,2,2,3,1,1
1993,Portsmouth,Wolverhampton Wanderers,3,0,2,2,3,3,1
1993,Southend United,Crystal Palace,1,2,2,2,3,-1,0
1993,Southend United,Stoke City,0,0,2,2,0,0,0
1993,Stoke City,Barnsley,5,4,2,2,9,1,1
1993,Stoke City,Derby County,2,1,2,2,3,1,1
1993,Stoke City,Nottingham Forest,0,1,2,2,1,-1,0
1993,Stoke City,Peterborough United,3,0,2,2,3,3,1
1993,Stoke City,West Bromwich Albion,1,0,2,2,1,1,1
1993,Sunderland,Birmingham City,1,0,2,2,1,1,1
1993,Sunderland,Charlton Athletic,4,0,2,2,4,4,1
1993,Sunderland,Grimsby Town,2,2,2,2,4,0,0
1993,Sunderland,Notts County,2,0,2,2,2,2,1
1993,Sunderland,Tranmere Rovers,3,2,2,2,5,1,1
1993,Tranmere Rovers,Crystal Palace,0,1,2,2,1,-1,0
1993,Tranmere Rovers,Millwall,3,2,2,2,5,1,1
1993,Tranmere Rovers,Oxford United,2,0,2,2,2,2,1
1993,Tranmere Rovers,Southend United,1,1,2,2,2,0,0
1993,Tranmere Rovers,Watford,2,1,2,2,3,1,1
1993,Watford,Bristol City,1,1,2,2,2,0,0
1993,Watford,Derby County,3,4,2,2,7,-1,0
1993,Watford,Stoke City,1,3,2,2,4,-2,0
1993,West Bromwich Albion,Charlton Athletic,2,0,2,2,2,2,1
1993,West Bromwich Albion,Notts County,3,0,2,2,3,3,1
1993,Wolverhampton Wanderers,Bolton Wanderers,1,0,2,2,1,1,1
1993,Wolverhampton Wanderers,Crystal Palace,2,0,2,2,2,2,1
1993,Wolverhampton Wanderers,Oxford United,2,1,2,2,3,1,1
1993,AFC Bournemouth,Brentford,0,3,3,3,3,-3,0
1993,AFC Bournemouth,Huddersfield Town,1,2,3,3,3,-1,0
1993,AFC Bournemouth,Wrexham,1,2,3,3,3,-1,0
1993,Barnet,Blackpool,0,1,3,3,1,-1,0
1993,Barnet,Brighton & Hove Albion,1,1,3,3,2,0,0
1993,Barnet,Cambridge United,2,3,3,3,5,-1,0
1993,Barnet,Fulham,0,2,3,3,2,-2,0
1993,Barnet,Port Vale,2,3,3,3,5,-1,0
1993,Barnet,Stockport County,0,0,3,3,0,0,0
1993,Blackpool,Bristol Rovers,0,1,3,3,1,-1,0
1993,Blackpool,Leyton Orient,4,1,3,3,5,3,1
1993,Blackpool,Reading,0,4,3,3,4,-4,0
1993,Blackpool,Swansea City,1,1,3,3,2,0,0
1993,Bradford City,AFC Bournemouth,0,0,3,3,0,0,0
1993,Bradford City,Burnley,0,1,3,3,1,-1,0
1993,Bradford City,Huddersfield Town,3,0,3,3,3,3,1
1993,Bradford City,Plymouth Argyle,1,5,3,3,6,-4,0
1993,Bradford City,Rotherham United,2,1,3,3,3,1,1
1993,Brentford,Brighton & Hove Albion,1,1,3,3,2,0,0
1993,Brentford,Fulham,1,2,3,3,3,-1,0
1993,Brentford,Hull City,0,3,3,3,3,-3,0
1993,Brentford,Port Vale,1,2,3,3,3,-1,0
1993,Brentford,York City,1,1,3,3,2,0,0
1993,Brighton & Hove Albion,Blackpool,3,2,3,3,5,1,1
1993,Brighton & Hove Albion,Bristol Rovers,0,2,3,3,2,-2,0
1993,Brighton & Hove Albion,Leyton Orient,2,0,3,3,2,2,1
1993,Brighton & Hove Albion,Reading,0,1,3,3,1,-1,0
1993,Bristol Rovers,AFC Bournemouth,0,1,3,3,1,-1,0
1993,Bristol Rovers,Bradford City,4,3,3,3,7,1,1
1993,Bristol Rovers,Plymouth Argyle,0,0,3,3,0,0,0
1993,Bristol Rovers,Rotherham United,0,2,3,3,2,-2,0
1993,Bristol Rovers,Wrexham,3,1,3,3,4,2,1
1993,Burnley,Fulham,3,1,3,3,4,2,1
1993,Burnley,Port Vale,2,1,3,3,3,1,1
1993,Burnley,Stockport County,1,1,3,3,2,0,0
1993,Cambridge United,Blackpool,3,2,3,3,5,1,1
1993,Cambridge United,Brighton & Hove Albion,2,1,3,3,3,1,1
1993,Cambridge United,Cardiff City,1,1,3,3,2,0,0
1993,Cambridge United,Leyton Orient,3,1,3,3,4,2,1
1993,Cambridge United,Reading,0,1,3,3,1,-1,0
1993,Cambridge United,Swansea City,2,0,3,3,2,2,1
1993,Cardiff City,Bradford City,1,1,3,3,2,0,0
1993,Cardiff City,Exeter City,2,0,3,3,2,2,1
1993,Cardiff City,Huddersfield Town,2,2,3,3,4,0,0
1993,Cardiff City,Wrexham,5,1,3,3,6,4,1
1993,Exeter City,Barnet,0,0,3,3,0,0,0
1993,Exeter City,Brentford,2,2,3,3,4,0,0
1993,Exeter City,Hull City,0,1,3,3,1,-1,0
1993,Exeter City,Stockport County,1,2,3,3,3,-1,0
1993,Fulham,Cambridge United,0,2,3,3,2,-2,0
1993,Fulham,Reading,1,0,3,3,1,1,1
1993,Fulham,Swansea City,3,1,3,3,4,2,1
1993,Hartlepool United,AFC Bournemouth,1,1,3,3,2,0,0
1993,Hartlepool United,Huddersfield Town,1,4,3,3,5,-3,0
1993,Hartlepool United,Wrexham,1,2,3,3,3,-1,0
1993,Huddersfield Town,Brentford,1,3,3,3,4,-2,0
1993,Huddersfield Town,Exeter City,0,1,3,3,1,-1,0
1993,Huddersfield Town,Hull City,0,2,3,3,2,-2,0
1993,Huddersfield Town,Port Vale,1,1,3,3,2,0,0
1993,Hull City,Cambridge United,2,0,3,3,2,2,1
1993,Hull City,Fulham,1,1,3,3,2,0,0
1993,Hull City,Leyton Orient,0,1,3,3,1,-1,0
1993,Hull City,Reading,1,2,3,3,3,-1,0
1993,Hull City,Swansea City,0,1,3,3,1,-1,0
1993,Leyton Orient,AFC Bournemouth,0,0,3,3,0,0,0
1993,Leyton Orient,Bristol Rovers,1,0,3,3,1,1,1
1993,Leyton Orient,Cardiff City,2,2,3,3,4,0,0
1993,Leyton Orient,Plymouth Argyle,2,1,3,3,3,1,1
1993,Leyton Orient,Rotherham United,1,1,3,3,2,0,0
1993,Plymouth Argyle,Barnet,1,0,3,3,1,1,1
1993,Plymouth Argyle,Brentford,1,1,3,3,2,0,0
1993,Plymouth Argyle,Exeter City,1,0,3,3,1,1,1
1993,Port Vale,Fulham,2,2,3,3,4,0,0
1993,Port Vale,Swansea City,3,0,3,3,3,3,1
1993,Reading,AFC Bournemouth,3,0,3,3,3,3,1
1993,Reading,Bradford City,1,1,3,3,2,0,0
1993,Reading,Bristol Rovers,2,0,3,3,2,2,1
1993,Rotherham United,Brentford,2,0,3,3,2,2,1
1993,Rotherham United,Burnley,3,2,3,3,5,1,1
1993,Rotherham United,Exeter City,3,0,3,3,3,3,1
1993,Rotherham United,Plymouth Argyle,0,3,3,3,3,-3,0
1993,Rotherham United,Stockport County,1,2,3,3,3,-1,0
1993,Stockport County,Blackpool,1,0,3,3,1,1,1
1993,Stockport County,Cambridge United,3,1,3,3,4,2,1
1993,Stockport County,Fulham,2,4,3,3,6,-2,0
1993,Stockport County,Hull City,0,0,3,3,0,0,0
1993,Stockport County,Port Vale,2,1,3,3,3,1,1
1993,Stockport County,Swansea City,4,0,3,3,4,4,1
1993,Swansea City,AFC Bournemouth,1,1,3,3,2,0,0
1993,Swansea City,Reading,1,1,3,3,2,0,0
1993,Wrexham,Barnet,4,0,3,3,4,4,1
1993,Wrexham,Plymouth Argyle,0,3,3,3,3,-3,0
1993,Wrexham,York City,1,1,3,3,2,0,0
1993,York City,Hull City,0,0,3,3,0,0,0
1993,Bury,Carlisle United,2,1,4,4,3,1,1
1993,Bury,Colchester United,0,1,4,4,1,-1,0
1993,Bury,Preston North End,1,1,4,4,2,0,0
1993,Bury,Walsall,1,2,4,4,3,-1,0
1993,Carlisle United,Colchester United,2,0,4,4,2,2,1
1993,Carlisle United,Lincoln City,3,3,4,4,6,0,0
1993,Chester,Doncaster Rovers,0,1,4,4,1,-1,0
1993,Chester,Lincoln City,1,1,4,4,2,0,0
1993,Chester,Preston North End,3,2,4,4,5,1,1
1993,Chester,Walsall,2,1,4,4,3,1,1
1993,Chesterfield,Doncaster Rovers,1,1,4,4,2,0,0
1993,Chesterfield,Scunthorpe United,1,1,4,4,2,0,0
1993,Chesterfield,Walsall,0,1,4,4,1,-1,0
1993,Colchester United,Lincoln City,1,0,4,4,1,1,1
1993,Crewe Alexandra,Preston North End,4,3,4,4,7,1,1
1993,Crewe Alexandra,Scunthorpe United,3,3,4,4,6,0,0
1993,Darlington,Chesterfield,0,0,4,4,0,0,0
1993,Darlington,Doncaster Rovers,1,3,4,4,4,-2,0
1993,Darlington,Lincoln City,3,2,4,4,5,1,1
1993,Darlington,Walsall,0,0,4,4,0,0,0
1993,Doncaster Rovers,Bury,1,3,4,4,4,-2,0
1993,Doncaster Rovers,Darlington,1,3,4,4,4,-2,0
1993,Doncaster Rovers,Lincoln City,1,0,4,4,1,1,1
1993,Gillingham,Lincoln City,1,1,4,4,2,0,0
1993,Gillingham,Preston North End,2,2,4,4,4,0,0
1993,Hereford United,Scunthorpe United,1,2,4,4,3,-1,0
1993,Lincoln City,Bury,2,2,4,4,4,0,0
1993,Lincoln City,Chesterfield,1,2,4,4,3,-1,0
1993,Lincoln City,Hereford United,3,1,4,4,4,2,1
1993,Lincoln City,Scunthorpe United,2,0,4,4,2,2,1
1993,Lincoln City,Walsall,1,2,4,4,3,-1,0
1993,Mansfield Town,Darlington,0,3,4,4,3,-3,0
1993,Mansfield Town,Hereford United,2,1,4,4,3,1,1
1993,Mansfield Town,Scunthorpe United,0,1,4,4,1,-1,0
1993,Northampton Town,Bury,0,1,4,4,1,-1,0
1993,Northampton Town,Chesterfield,2,2,4,4,4,0,0
1993,Northampton Town,Darlington,1,0,4,4,1,1,1
1993,Northampton Town,Hereford United,0,1,4,4,1,-1,0
1993,Northampton Town,Preston North End,2,0,4,4,2,2,1
1993,Northampton Town,Scunthorpe United,4,0,4,4,4,4,1
1993,Preston North End,Bury,3,1,4,4,4,2,1
1993,Preston North End,Chesterfield,4,1,4,4,5,3,1
1993,Preston North End,Hereford United,3,0,4,4,3,3,1
1993,Preston North End,Northampton Town,1,1,4,4,2,0,0
1993,Preston North End,Walsall,2,0,4,4,2,2,1
1993,Rochdale,Chesterfield,5,1,4,4,6,4,1
1993,Rochdale,Walsall,0,0,4,4,0,0,0
1993,Scarborough,Chesterfield,1,1,4,4,2,0,0
1993,Scarborough,Hereford United,0,1,4,4,1,-1,0
1993,Scarborough,Northampton Town,2,1,4,4,3,1,1
1993,Scarborough,Scunthorpe United,0,1,4,4,1,-1,0
1993,Scunthorpe United,Bury,1,1,4,4,2,0,0
1993,Scunthorpe United,Chesterfield,2,2,4,4,4,0,0
1993,Scunthorpe United,Darlington,3,0,4,4,3,3,1
1993,Scunthorpe United,Hereford United,1,2,4,4,3,-1,0
1993,Scunthorpe United,Walsall,5,0,4,4,5,5,1
1993,Shrewsbury Town,Bury,1,0,4,4,1,1,1
1993,Shrewsbury Town,Scarborough,2,0,4,4,2,2,1
1993,Shrewsbury Town,Walsall,1,2,4,4,3,-1,0
1993,Torquay United,Darlington,2,1,4,4,3,1,1
1993,Torquay United,Northampton Town,2,0,4,4,2,2,1
1993,Torquay United,Walsall,0,1,4,4,1,-1,0
1993,Walsall,Bury,0,1,4,4,1,-1,0
1993,Walsall,Chesterfield,0,1,4,4,1,-1,0
1993,Wigan Athletic,Bury,3,1,4,4,4,2,1
1993,Wigan Athletic,Hereford United,3,4,4,4,7,-1,0
1993,Wycombe Wanderers,Bury,2,1,4,4,3,1,1
1993,Wycombe Wanderers,Chesterfield,0,1,4,4,1,-1,0
1993,Wycombe Wanderers,Torquay United,1,1,4,4,2,0,0
1994,Aston Villa,Arsenal,0,4,1,1,4,-4,0
1994,Aston Villa,Ipswich Town,2,0,1,1,2,2,1
1994,Aston Villa,Queens Park Rangers,2,1,1,1,3,1,1
1994,Aston Villa,Tottenham Hotspur,1,0,1,1,1,1,1
1994,Blackburn Rovers,Arsenal,3,1,1,1,4,2,1
1994,Blackburn Rovers,Coventry City,4,0,1,1,4,4,1
1994,Blackburn Rovers,Liverpool,3,2,1,1,5,1,1
1994,Chelsea,Coventry City,2,2,1,1,4,0,0
1994,Chelsea,Ipswich Town,2,0,1,1,2,2,1
1994,Chelsea,Liverpool,0,0,1,1,0,0,0
1994,Chelsea,Newcastle United,1,1,1,1,2,0,0
1994,Chelsea,Tottenham Hotspur,1,1,1,1,2,0,0
1994,Coventry City,Arsenal,0,1,1,1,1,-1,0
1994,Coventry City,Liverpool,1,1,1,1,2,0,0
1994,Coventry City,Newcastle United,0,0,1,1,0,0,0
1994,Coventry City,Queens Park Rangers,0,1,1,1,1,-1,0
1994,Crystal Palace,Arsenal,0,3,1,1,3,-3,0
1994,Crystal Palace,Ipswich Town,3,0,1,1,3,3,1
1994,Crystal Palace,Liverpool,1,6,1,1,7,-5,0
1994,Crystal Palace,Newcastle United,0,1,1,1,1,-1,0
1994,Crystal Palace,Tottenham Hotspur,1,1,1,1,2,0,0
1994,Everton,Arsenal,1,1,1,1,2,0,0
1994,Everton,Queens Park Rangers,2,2,1,1,4,0,0
1994,Ipswich Town,Chelsea,2,2,1,1,4,0,0
1994,Ipswich Town,Everton,0,1,1,1,1,-1,0
1994,Ipswich Town,Newcastle United,0,2,1,1,2,-2,0
1994,Ipswich Town,Tottenham Hotspur,1,3,1,1,4,-2,0
1994,Leeds United,Everton,1,0,1,1,1,1,1
1994,Leeds United,Liverpool,0,2,1,1,2,-2,0
1994,Leeds United,Newcastle United,0,0,1,1,0,0,0
1994,Leeds United,Queens Park Rangers,4,0,1,1,4,4,1
1994,Leicester City,Newcastle United,1,3,1,1,4,-2,0
1994,Leicester City,Queens Park Rangers,1,1,1,1,2,0,0
1994,Leicester City,Tottenham Hotspur,3,1,1,1,4,2,1
1994,Liverpool,Chelsea,3,1,1,1,4,2,1
1994,Liverpool,Everton,0,0,1,1,0,0,0
1994,Liverpool,Queens Park Rangers,1,1,1,1,2,0,0
1994,Manchester City,Arsenal,1,2,1,1,3,-1,0
1994,Manchester City,Everton,4,0,1,1,4,4,1
1994,Manchester City,Queens Park Rangers,2,3,1,1,5,-1,0
1994,Manchester United,Leicester City,1,1,1,1,2,0,0
1994,Newcastle United,Arsenal,1,0,1,1,1,1,1
1994,Newcastle United,Manchester United,1,1,1,1,2,0,0
1994,Norwich City,Everton,0,0,1,1,0,0,0
1994,Norwich City,Leicester City,2,1,1,1,3,1,1
1994,Norwich City,Manchester United,0,2,1,1,2,-2,0
1994,Norwich City,Tottenham Hotspur,0,2,1,1,2,-2,0
1994,Nottingham Forest,Arsenal,2,2,1,1,4,0,0
1994,Nottingham Forest,Everton,2,1,1,1,3,1,1
1994,Nottingham Forest,Manchester United,1,1,1,1,2,0,0
1994,Queens Park Rangers,Everton,2,3,1,1,5,-1,0
1994,Queens Park Rangers,Leicester City,2,0,1,1,2,2,1
1994,Sheffield Wednesday,Arsenal,3,1,1,1,4,2,1
1994,Sheffield Wednesday,Everton,0,0,1,1,0,0,0
1994,Sheffield Wednesday,Manchester United,1,0,1,1,1,1,1
1994,Southampton,Chelsea,0,1,1,1,1,-1,0
1994,Southampton,Everton,2,0,1,1,2,2,1
1994,Southampton,Leicester City,2,2,1,1,4,0,0
1994,Southampton,Manchester United,2,2,1,1,4,0,0
1994,Southampton,Nottingham Forest,1,1,1,1,2,0,0
1994,Southampton,Tottenham Hotspur,4,3,1,1,7,1,1
1994,Tottenham Hotspur,Chelsea,0,0,1,1,0,0,0
1994,Tottenham Hotspur,Leicester City,1,0,1,1,1,1,1
1994,Tottenham Hotspur,Southampton,1,2,1,1,3,-1,0
1994,West Ham United,Arsenal,0,2,1,1,2,-2,0
1994,West Ham United,Chelsea,1,2,1,1,3,-1,0
1994,West Ham United,Leicester City,1,0,1,1,1,1,1
1994,West Ham United,Nottingham Forest,3,1,1,1,4,2,1
1994,West Ham United,Southampton,2,0,1,1,2,2,1
1994,Wimbledon,Arsenal,1,3,1,1,4,-2,0
1994,Wimbledon,Leicester City,2,1,1,1,3,1,1
1994,Wimbledon,Nottingham Forest,2,2,1,1,4,0,0
1994,Barnsley,Bolton Wanderers,3,0,2,2,3,3,1
1994,Barnsley,Notts County,1,1,2,2,2,0,0
1994,Barnsley,Southend United,0,0,2,2,0,0,0
1994,Barnsley,West Bromwich Albion,2,0,2,2,2,2,1
1994,Bolton Wanderers,Bristol City,0,2,2,2,2,-2,0
1994,Bolton Wanderers,Derby County,1,0,2,2,1,1,1
1994,Bolton Wanderers,Middlesbrough,1,0,2,2,1,1,1
1994,Bolton Wanderers,Oldham Athletic,2,2,2,2,4,0,0
1994,Bristol City,Burnley,1,1,2,2,2,0,0
1994,Bristol City,Millwall,1,0,2,2,1,1,1
1994,Bristol City,Watford,0,0,2,2,0,0,0
1994,Burnley,Charlton Athletic,2,0,2,2,2,2,1
1994,Burnley,Luton Town,2,1,2,2,3,1,1
1994,Burnley,Notts County,2,1,2,2,3,1,1
1994,Charlton Athletic,Bolton Wanderers,1,2,2,2,3,-1,0
1994,Charlton Athletic,Derby County,3,4,2,2,7,-1,0
1994,Charlton Athletic,Middlesbrough,0,2,2,2,2,-2,0
1994,Charlton Athletic,Oldham Athletic,2,0,2,2,2,2,1
1994,Charlton Athletic,Stoke City,0,0,2,2,0,0,0
1994,Derby County,Bristol City,3,1,2,2,4,2,1
1994,Derby County,Millwall,3,2,2,2,5,1,1
1994,Derby County,Port Vale,2,0,2,2,2,2,1
1994,Derby County,Sheffield United,2,3,2,2,5,-1,0
1994,Grimsby Town,Burnley,2,2,2,2,4,0,0
1994,Grimsby Town,Luton Town,5,0,2,2,5,5,1
1994,Grimsby Town,West Bromwich Albion,0,2,2,2,2,-2,0
1994,Luton Town,Charlton Athletic,0,1,2,2,1,-1,0
1994,Luton Town,Reading,0,1,2,2,1,-1,0
1994,Luton Town,Wolverhampton Wanderers,3,3,2,2,6,0,0
1994,Middlesbrough,Bristol City,3,0,2,2,3,3,1
1994,Middlesbrough,Millwall,3,0,2,2,3,3,1
1994,Middlesbrough,Watford,2,0,2,2,2,2,1
1994,Millwall,Burnley,2,3,2,2,5,-1,0
1994,Millwall,Grimsby Town,2,0,2,2,2,2,1
1994,Millwall,West Bromwich Albion,2,2,2,2,4,0,0
1994,Notts County,Bolton Wanderers,1,1,2,2,2,0,0
1994,Notts County,Charlton Athletic,3,3,2,2,6,0,0
1994,Notts County,Stoke City,0,2,2,2,2,-2,0
1994,Notts County,Wolverhampton Wanderers,1,1,2,2,2,0,0
1994,Oldham Athletic,Bristol City,2,0,2,2,2,2,1
1994,Oldham Athletic,Middlesbrough,1,0,2,2,1,1,1
1994,Oldham Athletic,Port Vale,3,2,2,2,5,1,1
1994,Oldham Athletic,Sheffield United,3,3,2,2,6,0,0
1994,Oldham Athletic,Sunderland,0,0,2,2,0,0,0
1994,Port Vale,Barnsley,2,1,2,2,3,1,1
1994,Port Vale,Burnley,1,0,2,2,1,1,1
1994,Port Vale,Millwall,2,1,2,2,3,1,1
1994,Port Vale,West Bromwich Albion,1,0,2,2,1,1,1
1994,Portsmouth,Charlton Athletic,1,1,2,2,2,0,0
1994,Portsmouth,Luton Town,3,2,2,2,5,1,1
1994,Portsmouth,Notts County,2,1,2,2,3,1,1
1994,Portsmouth,Stoke City,0,1,2,2,1,-1,0
1994,Portsmouth,Wolverhampton Wanderers,1,2,2,2,3,-1,0
1994,Reading,Oldham Athletic,2,1,2,2,3,1,1
1994,Reading,Sheffield United,1,0,2,2,1,1,1
1994,Sheffield United,Burnley,2,0,2,2,2,2,1
1994,Sheffield United,Grimsby Town,3,1,2,2,4,2,1
1994,Sheffield United,Millwall,1,1,2,2,2,0,0
1994,Southend United,Bolton Wanderers,2,1,2,2,3,1,1
1994,Southend United,Portsmouth,1,2,2,2,3,-1,0
1994,Southend United,Wolverhampton Wanderers,0,1,2,2,1,-1,0
1994,Stoke City,Bristol City,2,1,2,2,3,1,1
1994,Stoke City,Sunderland,0,1,2,2,1,-1,0
1994,Sunderland,Burnley,0,0,2,2,0,0,0
1994,Sunderland,Port Vale,1,1,2,2,2,0,0
1994,Sunderland,Swindon Town,1,0,2,2,1,1,1
1994,Swindon Town,Luton Town,1,2,2,2,3,-1,0
1994,Swindon Town,Notts County,3,0,2,2,3,3,1
1994,Swindon Town,Portsmouth,0,2,2,2,2,-2,0
1994,Swindon Town,Southend United,2,2,2,2,4,0,0
1994,Tranmere Rovers,Derby County,3,1,2,2,4,2,1
1994,Tranmere Rovers,Oldham Athletic,3,1,2,2,4,2,1
1994,Tranmere Rovers,Stoke City,0,1,2,2,1,-1,0
1994,Tranmere Rovers,Watford,2,1,2,2,3,1,1
1994,Watford,Barnsley,3,2,2,2,5,1,1
1994,Watford,Port Vale,3,2,2,2,5,1,1
1994,Watford,West Bromwich Albion,1,0,2,2,1,1,1
1994,West Bromwich Albion,Bolton Wanderers,1,0,2,2,1,1,1
1994,West Bromwich Albion,Charlton Athletic,0,1,2,2,1,-1,0
1994,West Bromwich Albion,Luton Town,1,0,2,2,1,1,1
1994,West Bromwich Albion,Southend United,2,0,2,2,2,2,1
1994,West Bromwich Albion,Swindon Town,2,5,2,2,7,-3,0
1994,Wolverhampton Wanderers,Derby County,0,2,2,2,2,-2,0
1994,Wolverhampton Wanderers,Middlesbrough,0,2,2,2,2,-2,0
1994,Wolverhampton Wanderers,Oldham Athletic,2,1,2,2,3,1,1
1994,Wolverhampton Wanderers,Reading,1,0,2,2,1,1,1
1994,Wolverhampton Wanderers,Tranmere Rovers,2,0,2,2,2,2,1
1994,AFC Bournemouth,Birmingham City,2,1,3,3,3,1,1
1994,AFC Bournemouth,Plymouth Argyle,0,0,3,3,0,0,0
1994,AFC Bournemouth,Stockport County,2,0,3,3,2,2,1
1994,AFC Bournemouth,Wycombe Wanderers,2,0,3,3,2,2,1
1994,Birmingham City,Blackpool,7,1,3,3,8,6,1
1994,Birmingham City,Cardiff City,2,1,3,3,3,1,1
1994,Birmingham City,Oxford United,3,0,3,3,3,3,1
1994,Bradford City,Cambridge United,1,1,3,3,2,0,0
1994,Bradford City,Crewe Alexandra,0,2,3,3,2,-2,0
1994,Bradford City,Leyton Orient,2,0,3,3,2,2,1
1994,Bradford City,Plymouth Argyle,2,0,3,3,2,2,1
1994,Brentford,Huddersfield Town,0,0,3,3,0,0,0
1994,Brentford,Oxford United,2,0,3,3,2,2,1
1994,Brentford,Rotherham United,2,0,3,3,2,2,1
1994,Brentford,Swansea City,0,0,3,3,0,0,0
1994,Brighton & Hove Albion,Blackpool,2,2,3,3,4,0,0
1994,Brighton & Hove Albion,Bristol Rovers,1,2,3,3,3,-1,0
1994,Brighton & Hove Albion,Peterborough United,1,2,3,3,3,-1,0
1994,Bristol Rovers,AFC Bournemouth,2,1,3,3,3,1,1
1994,Bristol Rovers,Wycombe Wanderers,1,0,3,3,1,1,1
1994,Cambridge United,Brentford,0,0,3,3,0,0,0
1994,Cambridge United,York City,1,0,3,3,1,1,1
1994,Cardiff City,Blackpool,0,1,3,3,1,-1,0
1994,Cardiff City,Chester,2,1,3,3,3,1,1
1994,Cardiff City,Hull City,0,2,3,3,2,-2,0
1994,Cardiff City,Shrewsbury Town,1,2,3,3,3,-1,0
1994,Cardiff City,Wrexham,0,0,3,3,0,0,0
1994,Chester,AFC Bournemouth,1,1,3,3,2,0,0
1994,Chester,Bradford City,1,4,3,3,5,-3,0
1994,Chester,Plymouth Argyle,1,0,3,3,1,1,1
1994,Chester,Wycombe Wanderers,0,2,3,3,2,-2,0
1994,Crewe Alexandra,Rotherham United,3,1,3,3,4,2,1
1994,Huddersfield Town,Blackpool,1,1,3,3,2,0,0
1994,Huddersfield Town,Brighton & Hove Albion,3,0,3,3,3,3,1
1994,Huddersfield Town,Peterborough United,1,2,3,3,3,-1,0
1994,Huddersfield Town,Shrewsbury Town,2,1,3,3,3,1,1
1994,Hull City,AFC Bournemouth,3,1,3,3,4,2,1
1994,Hull City,Bradford City,2,0,3,3,2,2,1
1994,Hull City,Bristol Rovers,0,2,3,3,2,-2,0
1994,Hull City,Chester,2,0,3,3,2,2,1
1994,Hull City,Plymouth Argyle,2,0,3,3,2,2,1
1994,Hull City,Stockport County,0,0,3,3,0,0,0
1994,Hull City,Wycombe Wanderers,0,0,3,3,0,0,0
1994,Leyton Orient,Brentford,0,2,3,3,2,-2,0
1994,Leyton Orient,Cambridge United,1,1,3,3,2,0,0
1994,Leyton Orient,Crewe Alexandra,1,4,3,3,5,-3,0
1994,Leyton Orient,Swansea City,0,1,3,3,1,-1,0
1994,Leyton Orient,York City,0,1,3,3,1,-1,0
1994,Oxford United,Blackpool,3,2,3,3,5,1,1
1994,Oxford United,Cardiff City,1,0,3,3,1,1,1
1994,Oxford United,Huddersfield Town,3,1,3,3,4,2,1
1994,Oxford United,Wrexham,0,0,3,3,0,0,0
1994,Peterborough United,AFC Bournemouth,0,0,3,3,0,0,0
1994,Peterborough United,Bradford City,0,0,3,3,0,0,0
1994,Peterborough United,Bristol Rovers,0,0,3,3,0,0,0
1994,Peterborough United,Wycombe Wanderers,1,3,3,3,4,-2,0
1994,Plymouth Argyle,Birmingham City,1,3,3,3,4,-2,0
1994,Plymouth Argyle,Leyton Orient,1,0,3,3,1,1,1
1994,Plymouth Argyle,Rotherham United,0,0,3,3,0,0,0
1994,Rotherham United,Cardiff City,2,0,3,3,2,2,1
1994,Rotherham United,Oxford United,1,1,3,3,2,0,0
1994,Rotherham United,Shrewsbury Town,0,4,3,3,4,-4,0
1994,Shrewsbury Town,Bradford City,1,2,3,3,3,-1,0
1994,Shrewsbury Town,Chester,1,0,3,3,1,1,1
1994,Stockport County,Cambridge United,2,1,3,3,3,1,1
1994,Stockport County,Crewe Alexandra,3,1,3,3,4,2,1
1994,Stockport County,Plymouth Argyle,2,4,3,3,6,-2,0
1994,Swansea City,Blackpool,1,0,3,3,1,1,1
1994,Swansea City,Huddersfield Town,1,1,3,3,2,0,0
1994,Swansea City,Oxford United,1,3,3,3,4,-2,0
1994,Swansea City,Rotherham United,1,0,3,3,1,1,1
1994,Wycombe Wanderers,Birmingham City,0,3,3,3,3,-3,0
1994,Wycombe Wanderers,Brentford,4,3,3,3,7,1,1
1994,Wycombe Wanderers,Cambridge United,3,0,3,3,3,3,1
1994,Wycombe Wanderers,Leyton Orient,2,1,3,3,3,1,1
1994,Wycombe Wanderers,Plymouth Argyle,1,2,3,3,3,-1,0
1994,Wycombe Wanderers,York City,0,0,3,3,0,0,0
1994,York City,Brighton & Hove Albion,1,0,3,3,1,1,1
1994,York City,Huddersfield Town,3,0,3,3,3,3,1
1994,York City,Oxford United,0,2,3,3,2,-2,0
1994,York City,Swansea City,2,4,3,3,6,-2,0
1994,Barnet,Bury,1,1,4,4,2,0,0
1994,Barnet,Colchester United,0,1,4,4,1,-1,0
1994,Barnet,Hartlepool United,4,0,4,4,4,4,1
1994,Barnet,Mansfield Town,2,2,4,4,4,0,0
1994,Barnet,Rochdale,6,2,4,4,8,4,1
1994,Bury,Colchester United,4,1,4,4,5,3,1
1994,Bury,Exeter City,0,0,4,4,0,0,0
1994,Bury,Mansfield Town,2,2,4,4,4,0,0
1994,Bury,Rochdale,0,1,4,4,1,-1,0
1994,Carlisle United,Barnet,4,0,4,4,4,4,1
1994,Carlisle United,Hartlepool United,0,1,4,4,1,-1,0
1994,Carlisle United,Rochdale,4,1,4,4,5,3,1
1994,Carlisle United,Torquay United,1,0,4,4,1,1,1
1994,Chesterfield,Barnet,2,0,4,4,2,2,1
1994,Chesterfield,Colchester United,2,2,4,4,4,0,0
1994,Chesterfield,Exeter City,2,0,4,4,2,2,1
1994,Chesterfield,Mansfield Town,0,1,4,4,1,-1,0
1994,Colchester United,Chesterfield,0,3,4,4,3,-3,0
1994,Colchester United,Exeter City,3,1,4,4,4,2,1
1994,Colchester United,Mansfield Town,1,1,4,4,2,0,0
1994,Colchester United,Rochdale,0,0,4,4,0,0,0
1994,Darlington,Exeter City,2,0,4,4,2,2,1
1994,Darlington,Mansfield Town,0,0,4,4,0,0,0
1994,Darlington,Rochdale,4,0,4,4,4,4,1
1994,Darlington,Torquay United,2,1,4,4,3,1,1
1994,Doncaster Rovers,Barnet,1,1,4,4,2,0,0
1994,Doncaster Rovers,Exeter City,1,0,4,4,1,1,1
1994,Doncaster Rovers,Mansfield Town,0,2,4,4,2,-2,0
1994,Doncaster Rovers,Rochdale,0,1,4,4,1,-1,0
1994,Doncaster Rovers,Torquay United,3,0,4,4,3,3,1
1994,Exeter City,Chesterfield,1,2,4,4,3,-1,0
1994,Exeter City,Hartlepool United,2,1,4,4,3,1,1
1994,Exeter City,Rochdale,0,0,4,4,0,0,0
1994,Exeter City,Torquay United,1,2,4,4,3,-1,0
1994,Fulham,Chesterfield,1,1,4,4,2,0,0
1994,Fulham,Doncaster Rovers,0,2,4,4,2,-2,0
1994,Fulham,Torquay United,2,1,4,4,3,1,1
1994,Gillingham,Barnet,2,1,4,4,3,1,1
1994,Gillingham,Chesterfield,1,1,4,4,2,0,0
1994,Gillingham,Doncaster Rovers,4,2,4,4,6,2,1
1994,Gillingham,Hartlepool United,0,0,4,4,0,0,0
1994,Gillingham,Rochdale,1,1,4,4,2,0,0
1994,Hartlepool United,Chesterfield,0,2,4,4,2,-2,0
1994,Hartlepool United,Doncaster Rovers,2,1,4,4,3,1,1
1994,Hereford United,Doncaster Rovers,0,1,4,4,1,-1,0
1994,Hereford United,Mansfield Town,0,0,4,4,0,0,0
1994,Hereford United,Torquay United,1,1,4,4,2,0,0
1994,Lincoln City,Barnet,1,2,4,4,3,-1,0
1994,Lincoln City,Mansfield Town,3,2,4,4,5,1,1
1994,Lincoln City,Rochdale,2,2,4,4,4,0,0
1994,Lincoln City,Torquay United,1,2,4,4,3,-1,0
1994,Mansfield Town,Barnet,3,0,4,4,3,3,1
1994,Mansfield Town,Chesterfield,4,2,4,4,6,2,1
1994,Mansfield Town,Gillingham,4,0,4,4,4,4,1
1994,Mansfield Town,Lincoln City,6,2,4,4,8,4,1
1994,Northampton Town,Chesterfield,2,3,4,4,5,-1,0
1994,Northampton Town,Gillingham,2,0,4,4,2,2,1
1994,Northampton Town,Lincoln City,3,1,4,4,4,2,1
1994,Preston North End,Chesterfield,0,0,4,4,0,0,0
1994,Preston North End,Doncaster Rovers,2,2,4,4,4,0,0
1994,Preston North End,Gillingham,1,1,4,4,2,0,0
1994,Preston North End,Lincoln City,4,0,4,4,4,4,1
1994,Preston North End,Torquay United,0,1,4,4,1,-1,0
1994,Rochdale,Barnet,2,2,4,4,4,0,0
1994,Rochdale,Chesterfield,4,1,4,4,5,3,1
1994,Rochdale,Torquay United,2,0,4,4,2,2,1
1994,Scarborough,Chesterfield,0,1,4,4,1,-1,0
1994,Scarborough,Doncaster Rovers,2,2,4,4,4,0,0
1994,Scarborough,Gillingham,0,0,4,4,0,0,0
1994,Scarborough,Lincoln City,1,1,4,4,2,0,0
1994,Scarborough,Preston North End,1,1,4,4,2,0,0
1994,Scarborough,Torquay United,1,1,4,4,2,0,0
1994,Scunthorpe United,Barnet,1,0,4,4,1,1,1
1994,Scunthorpe United,Lincoln City,2,0,4,4,2,2,1
1994,Scunthorpe United,Preston North End,2,1,4,4,3,1,1
1994,Torquay United,Barnet,1,2,4,4,3,-1,0
1994,Torquay United,Gillingham,3,1,4,4,4,2,1
1994,Torquay United,Lincoln City,2,1,4,4,3,1,1
1994,Wigan Athletic,Barnet,1,2,4,4,3,-1,0
1994,Wigan Athletic,Chesterfield,2,3,4,4,5,-1,0
1994,Wigan Athletic,Doncaster Rovers,3,2,4,4,5,1,1
1994,Wigan Athletic,Lincoln City,0,1,4,4,1,-1,0
1994,Wigan Athletic,Preston North End,1,1,4,4,2,0,0
1995,Arsenal,Chelsea,1,1,1,1,2,0,0
1995,Arsenal,Leeds United,2,1,1,1,3,1,1
1995,Arsenal,Southampton,4,2,1,1,6,2,1
1995,Aston Villa,Everton,1,0,1,1,1,1,1
1995,Aston Villa,Manchester City,0,1,1,1,1,-1,0
1995,Aston Villa,Sheffield Wednesday,3,2,1,1,5,1,1
1995,Aston Villa,West Ham United,1,1,1,1,2,0,0
1995,Blackburn Rovers,Aston Villa,1,1,1,1,2,0,0
1995,Blackburn Rovers,Liverpool,2,3,1,1,5,-1,0
1995,Blackburn Rovers,Middlesbrough,1,0,1,1,1,1,1
1995,Bolton Wanderers,Chelsea,2,1,1,1,3,1,1
1995,Bolton Wanderers,Leeds United,0,2,1,1,2,-2,0
1995,Bolton Wanderers,Manchester United,0,6,1,1,6,-6,0
1995,Bolton Wanderers,Wimbledon,1,0,1,1,1,1,1
1995,Chelsea,Blackburn Rovers,2,3,1,1,5,-1,0
1995,Chelsea,Manchester City,1,1,1,1,2,0,0
1995,Chelsea,Newcastle United,1,0,1,1,1,1,1
1995,Chelsea,Sheffield Wednesday,0,0,1,1,0,0,0
1995,Coventry City,Chelsea,1,0,1,1,1,1,1
1995,Coventry City,Liverpool,1,0,1,1,1,1,1
1995,Coventry City,Middlesbrough,0,0,1,1,0,0,0
1995,Coventry City,Tottenham Hotspur,2,3,1,1,5,-1,0
1995,Everton,Bolton Wanderers,3,0,1,1,3,3,1
1995,Everton,Leeds United,2,0,1,1,2,2,1
1995,Everton,Manchester United,2,3,1,1,5,-1,0
1995,Leeds United,West Ham United,2,0,1,1,2,2,1
1995,Liverpool,Aston Villa,3,0,1,1,3,3,1
1995,Liverpool,Chelsea,2,0,1,1,2,2,1
1995,Liverpool,Leeds United,5,0,1,1,5,5,1
1995,Liverpool,Queens Park Rangers,1,0,1,1,1,1,1
1995,Liverpool,Tottenham Hotspur,0,0,1,1,0,0,0
1995,Manchester City,Arsenal,0,1,1,1,1,-1,0
1995,Manchester City,Bolton Wanderers,1,0,1,1,1,1,1
1995,Manchester City,Manchester United,2,3,1,1,5,-1,0
1995,Manchester City,Nottingham Forest,1,1,1,1,2,0,0
1995,Manchester United,Blackburn Rovers,1,0,1,1,1,1,1
1995,Manchester United,Coventry City,1,0,1,1,1,1,1
1995,Manchester United,Liverpool,2,2,1,1,4,0,0
1995,Manchester United,Newcastle United,2,0,1,1,2,2,1
1995,Manchester United,West Ham United,2,1,1,1,3,1,1
1995,Middlesbrough,Chelsea,2,0,1,1,2,2,1
1995,Middlesbrough,Leeds United,1,1,1,1,2,0,0
1995,Middlesbrough,Queens Park Rangers,1,0,1,1,1,1,1
1995,Middlesbrough,Tottenham Hotspur,0,1,1,1,1,-1,0
1995,Newcastle United,Bolton Wanderers,2,1,1,1,3,1,1
1995,Newcastle United,Nottingham Forest,3,1,1,1,4,2,1
1995,Newcastle United,Southampton,1,0,1,1,1,1,1
1995,Nottingham Forest,Middlesbrough,1,0,1,1,1,1,1
1995,Nottingham Forest,West Ham United,1,1,1,1,2,0,0
1995,Queens Park Rangers,Aston Villa,1,0,1,1,1,1,1
1995,Queens Park Rangers,Leeds United,1,2,1,1,3,-1,0
1995,Queens Park Rangers,Nottingham Forest,1,1,1,1,2,0,0
1995,Queens Park Rangers,Tottenham Hotspur,2,3,1,1,5,-1,0
1995,Sheffield Wednesday,Bolton Wanderers,4,2,1,1,6,2,1
1995,Sheffield Wednesday,Everton,2,5,1,1,7,-3,0
1995,Sheffield Wednesday,Manchester City,1,1,1,1,2,0,0
1995,Sheffield Wednesday,Southampton,2,2,1,1,4,0,0
1995,Sheffield Wednesday,Wimbledon,2,1,1,1,3,1,1
1995,Southampton,Blackburn Rovers,1,0,1,1,1,1,1
1995,Southampton,Coventry City,1,0,1,1,1,1,1
1995,Southampton,Middlesbrough,2,1,1,1,3,1,1
1995,Tottenham Hotspur,Aston Villa,0,1,1,1,1,-1,0
1995,Tottenham Hotspur,Chelsea,1,1,1,1,2,0,0
1995,Tottenham Hotspur,Manchester United,4,1,1,1,5,3,1
1995,Tottenham Hotspur,Nottingham Forest,0,1,1,1,1,-1,0
1995,Tottenham Hotspur,Southampton,1,0,1,1,1,1,1
1995,West Ham United,Bolton Wanderers,1,0,1,1,1,1,1
1995,West Ham United,Sheffield Wednesday,1,1,1,1,2,0,0
1995,Wimbledon,Blackburn Rovers,1,1,1,1,2,0,0
1995,Wimbledon,Coventry City,0,2,1,1,2,-2,0
1995,Wimbledon,Middlesbrough,0,0,1,1,0,0,0
1995,Wimbledon,Tottenham Hotspur,0,1,1,1,1,-1,0
1995,Barnsley,Charlton Athletic,1,2,2,2,3,-1,0
1995,Barnsley,Grimsby Town,1,1,2,2,2,0,0
1995,Barnsley,Norwich City,2,2,2,2,4,0,0
1995,Barnsley,Portsmouth,0,0,2,2,0,0,0
1995,Barnsley,Southend United,1,1,2,2,2,0,0
1995,Birmingham City,Huddersfield Town,2,0,2,2,2,2,1
1995,Birmingham City,Luton Town,4,0,2,2,4,4,1
1995,Birmingham City,Watford,1,0,2,2,1,1,1
1995,Charlton Athletic,Derby County,0,0,2,2,0,0,0
1995,Charlton Athletic,Ipswich Town,0,2,2,2,2,-2,0
1995,Charlton Athletic,Millwall,2,0,2,2,2,2,1
1995,Charlton Athletic,Sunderland,1,1,2,2,2,0,0
1995,Crystal Palace,Birmingham City,3,2,2,2,5,1,1
1995,Crystal Palace,Leicester City,0,1,2,2,1,-1,0
1995,Crystal Palace,Norwich City,0,1,2,2,1,-1,0
1995,Crystal Palace,Portsmouth,0,0,2,2,0,0,0
1995,Crystal Palace,Southend United,2,0,2,2,2,2,1
1995,Crystal Palace,Wolverhampton Wanderers,3,2,2,2,5,1,1
1995,Derby County,Huddersfield Town,3,2,2,2,5,1,1
1995,Derby County,Luton Town,1,1,2,2,2,0,0
1995,Derby County,Oldham Athletic,2,1,2,2,3,1,1
1995,Derby County,Reading,3,0,2,2,3,3,1
1995,Grimsby Town,Barnsley,3,1,2,2,4,2,1
1995,Grimsby Town,Crystal Palace,0,2,2,2,2,-2,0
1995,Grimsby Town,Ipswich Town,3,1,2,2,4,2,1
1995,Grimsby Town,Sunderland,0,4,2,2,4,-4,0
1995,Grimsby Town,West Bromwich Albion,1,0,2,2,1,1,1
1995,Huddersfield Town,Birmingham City,4,2,2,2,6,2,1
1995,Huddersfield Town,Leicester City,3,1,2,2,4,2,1
1995,Huddersfield Town,Norwich City,3,2,2,2,5,1,1
1995,Huddersfield Town,Portsmouth,0,1,2,2,1,-1,0
1995,Huddersfield Town,Wolverhampton Wanderers,2,1,2,2,3,1,1
1995,Ipswich Town,Charlton Athletic,1,5,2,2,6,-4,0
1995,Ipswich Town,Luton Town,0,1,2,2,1,-1,0
1995,Ipswich Town,Reading,1,2,2,2,3,-1,0
1995,Ipswich Town,Watford,4,2,2,2,6,2,1
1995,Leicester City,Barnsley,2,2,2,2,4,0,0
1995,Leicester City,Port Vale,1,1,2,2,2,0,0
1995,Leicester City,Sheffield United,0,2,2,2,2,-2,0
1995,Luton Town,Derby County,1,2,2,2,3,-1,0
1995,Luton Town,Norwich City,1,3,2,2,4,-2,0
1995,Luton Town,Southend United,3,1,2,2,4,2,1
1995,Millwall,Charlton Athletic,0,2,2,2,2,-2,0
1995,Millwall,Grimsby Town,2,1,2,2,3,1,1
1995,Millwall,Leicester City,1,1,2,2,2,0,0
1995,Millwall,Oldham Athletic,0,1,2,2,1,-1,0
1995,Norwich City,Barnsley,3,1,2,2,4,2,1
1995,Norwich City,Crystal Palace,1,0,2,2,1,1,1
1995,Norwich City,Luton Town,0,1,2,2,1,-1,0
1995,Norwich City,Port Vale,2,1,2,2,3,1,1
1995,Norwich City,Sheffield United,0,0,2,2,0,0,0
1995,Oldham Athletic,Birmingham City,4,0,2,2,4,4,1
1995,Oldham Athletic,Portsmouth,1,1,2,2,2,0,0
1995,Port Vale,Charlton Athletic,1,3,2,2,4,-2,0
1995,Port Vale,Norwich City,1,0,2,2,1,1,1
1995,Port Vale,Reading,3,2,2,2,5,1,1
1995,Port Vale,Stoke City,1,0,2,2,1,1,1
1995,Port Vale,Watford,1,1,2,2,2,0,0
1995,Portsmouth,Barnsley,0,0,2,2,0,0,0
1995,Portsmouth,Oldham Athletic,2,1,2,2,3,1,1
1995,Portsmouth,Sunderland,2,2,2,2,4,0,0
1995,Reading,Derby County,3,2,2,2,5,1,1
1995,Reading,Ipswich Town,1,4,2,2,5,-3,0
1995,Reading,Millwall,1,2,2,2,3,-1,0
1995,Reading,Port Vale,2,2,2,2,4,0,0
1995,Reading,Wolverhampton Wanderers,3,0,2,2,3,3,1
1995,Sheffield United,Leicester City,1,3,2,2,4,-2,0
1995,Sheffield United,Norwich City,2,1,2,2,3,1,1
1995,Sheffield United,Watford,1,1,2,2,2,0,0
1995,Southend United,Barnsley,0,0,2,2,0,0,0
1995,Southend United,Crystal Palace,1,1,2,2,2,0,0
1995,Southend United,Oldham Athletic,1,1,2,2,2,0,0
1995,Southend United,Sunderland,0,2,2,2,2,-2,0
1995,Stoke City,Derby County,1,1,2,2,2,0,0
1995,Stoke City,Millwall,1,0,2,2,1,1,1
1995,Stoke City,Port Vale,0,1,2,2,1,-1,0
1995,Stoke City,Sheffield United,2,2,2,2,4,0,0
1995,Stoke City,Wolverhampton Wanderers,2,0,2,2,2,2,1
1995,Sunderland,Grimsby Town,1,0,2,2,1,1,1
1995,Sunderland,Norwich City,0,1,2,2,1,-1,0
1995,Sunderland,Portsmouth,1,1,2,2,2,0,0
1995,Sunderland,Watford,1,1,2,2,2,0,0
1995,Tranmere Rovers,Barnsley,1,3,2,2,4,-2,0
1995,Tranmere Rovers,Crystal Palace,2,3,2,2,5,-1,0
1995,Tranmere Rovers,Luton Town,1,0,2,2,1,1,1
1995,Tranmere Rovers,Reading,2,1,2,2,3,1,1
1995,Watford,Birmingham City,1,1,2,2,2,0,0
1995,Watford,Derby County,0,0,2,2,0,0,0
1995,Watford,Ipswich Town,2,3,2,2,5,-1,0
1995,Watford,Millwall,0,1,2,2,1,-1,0
1995,Watford,Port Vale,5,2,2,2,7,3,1
1995,Watford,Sheffield United,2,1,2,2,3,1,1
1995,Watford,Sunderland,3,3,2,2,6,0,0
1995,Watford,Wolverhampton Wanderers,1,1,2,2,2,0,0
1995,West Bromwich Albion,Grimsby Town,3,1,2,2,4,2,1
1995,Wolverhampton Wanderers,Crystal Palace,0,2,2,2,2,-2,0
1995,Wolverhampton Wanderers,Huddersfield Town,0,0,2,2,0,0,0
1995,Wolverhampton Wanderers,Luton Town,0,0,2,2,0,0,0
1995,Wolverhampton Wanderers,Reading,1,1,2,2,2,0,0
1995,AFC Bournemouth,Hull City,2,0,3,3,2,2,1
1995,AFC Bournemouth,Stockport County,3,2,3,3,5,1,1
1995,Blackpool,Bristol Rovers,3,0,3,3,3,3,1
1995,Bradford City,AFC Bournemouth,1,0,3,3,1,1,1
1995,Bradford City,Burnley,2,2,3,3,4,0,0
1995,Bradford City,Oxford United,1,0,3,3,1,1,1
1995,Bradford City,Shrewsbury Town,3,1,3,3,4,2,1
1995,Bradford City,Wycombe Wanderers,0,4,3,3,4,-4,0
1995,Brentford,Blackpool,1,2,3,3,3,-1,0
1995,Brentford,Carlisle United,1,1,3,3,2,0,0
1995,Brentford,Hull City,1,0,3,3,1,1,1
1995,Brentford,Walsall,1,0,3,3,1,1,1
1995,Brentford,York City,2,0,3,3,2,2,1
1995,Brighton & Hove Albion,Bradford City,0,0,3,3,0,0,0
1995,Brighton & Hove Albion,Chesterfield,0,2,3,3,2,-2,0
1995,Brighton & Hove Albion,Notts County,1,0,3,3,1,1,1
1995,Bristol City,Burnley,0,1,3,3,1,-1,0
1995,Bristol City,Oxford United,0,2,3,3,2,-2,0
1995,Bristol Rovers,Brighton & Hove Albion,1,0,3,3,1,1,1
1995,Bristol Rovers,Carlisle United,1,1,3,3,2,0,0
1995,Bristol Rovers,Hull City,2,1,3,3,3,1,1
1995,Bristol Rovers,York City,1,0,3,3,1,1,1
1995,Burnley,Bristol City,0,0,3,3,0,0,0
1995,Carlisle United,Brentford,2,1,3,3,3,1,1
1995,Carlisle United,Bristol Rovers,1,2,3,3,3,-1,0
1995,Carlisle United,Crewe Alexandra,1,0,3,3,1,1,1
1995,Carlisle United,Wycombe Wanderers,4,2,3,3,6,2,1
1995,Chesterfield,Blackpool,1,0,3,3,1,1,1
1995,Chesterfield,Burnley,4,2,3,3,6,2,1
1995,Chesterfield,Hull City,0,0,3,3,0,0,0
1995,Chesterfield,York City,2,1,3,3,3,1,1
1995,Crewe Alexandra,Notts County,2,2,3,3,4,0,0
1995,Crewe Alexandra,Swansea City,4,1,3,3,5,3,1
1995,Crewe Alexandra,Wrexham,0,0,3,3,0,0,0
1995,Hull City,Shrewsbury Town,2,3,3,3,5,-1,0
1995,Hull City,Swindon Town,0,1,3,3,1,-1,0
1995,Hull City,Wycombe Wanderers,4,2,3,3,6,2,1
1995,Notts County,Peterborough United,1,0,3,3,1,1,1
1995,Notts County,Stockport County,1,0,3,3,1,1,1
1995,Notts County,York City,2,2,3,3,4,0,0
1995,Oxford United,Carlisle United,4,0,3,3,4,4,1
1995,Oxford United,Rotherham United,1,1,3,3,2,0,0
1995,Oxford United,Swansea City,5,1,3,3,6,4,1
1995,Oxford United,Wrexham,0,0,3,3,0,0,0
1995,Peterborough United,AFC Bournemouth,4,5,3,3,9,-1,0
1995,Peterborough United,Bristol Rovers,0,0,3,3,0,0,0
1995,Peterborough United,Chesterfield,0,1,3,3,1,-1,0
1995,Peterborough United,Shrewsbury Town,2,2,3,3,4,0,0
1995,Peterborough United,Swindon Town,0,2,3,3,2,-2,0
1995,Rotherham United,Brighton & Hove Albion,1,0,3,3,1,1,1
1995,Rotherham United,Crewe Alexandra,2,2,3,3,4,0,0
1995,Rotherham United,York City,2,2,3,3,4,0,0
1995,Shrewsbury Town,Carlisle United,1,1,3,3,2,0,0
1995,Shrewsbury Town,Hull City,1,1,3,3,2,0,0
1995,Shrewsbury Town,Peterborough United,1,1,3,3,2,0,0
1995,Stockport County,Bristol Rovers,2,0,3,3,2,2,1
1995,Stockport County,Chesterfield,0,1,3,3,1,-1,0
1995,Stockport County,Swindon Town,1,1,3,3,2,0,0
1995,Stockport County,Wycombe Wanderers,1,1,3,3,2,0,0
1995,Swansea City,Blackpool,0,2,3,3,2,-2,0
1995,Swansea City,Brighton & Hove Albion,2,1,3,3,3,1,1
1995,Swansea City,Walsall,2,1,3,3,3,1,1
1995,Swindon Town,Bradford City,4,1,3,3,5,3,1
1995,Swindon Town,Bristol City,2,0,3,3,2,2,1
1995,Swindon Town,Peterborough United,2,0,3,3,2,2,1
1995,Swindon Town,Stockport County,0,0,3,3,0,0,0
1995,Swindon Town,Wrexham,1,1,3,3,2,0,0
1995,Walsall,Brentford,0,1,3,3,1,-1,0
1995,Walsall,Swansea City,4,1,3,3,5,3,1
1995,Walsall,Wycombe Wanderers,0,1,3,3,1,-1,0
1995,Wrexham,Blackpool,1,1,3,3,2,0,0
1995,Wrexham,Brighton & Hove Albion,1,1,3,3,2,0,0
1995,Wrexham,Burnley,0,2,3,3,2,-2,0
1995,Wrexham,Crewe Alexandra,2,3,3,3,5,-1,0
1995,Wrexham,Oxford United,2,1,3,3,3,1,1
1995,Wrexham,Shrewsbury Town,1,1,3,3,2,0,0
1995,Wrexham,Swindon Town,4,3,3,3,7,1,1
1995,Wrexham,York City,2,3,3,3,5,-1,0
1995,Wycombe Wanderers,Carlisle United,4,0,3,3,4,4,1
1995,Wycombe Wanderers,Hull City,2,2,3,3,4,0,0
1995,Wycombe Wanderers,Peterborough United,1,1,3,3,2,0,0
1995,Wycombe Wanderers,Walsall,1,0,3,3,1,1,1
1995,York City,Brentford,2,2,3,3,4,0,0
1995,York City,Bristol Rovers,0,1,3,3,1,-1,0
1995,York City,Chesterfield,0,1,3,3,1,-1,0
1995,York City,Notts County,1,3,3,3,4,-2,0
1995,York City,Rotherham United,2,2,3,3,4,0,0
1995,Barnet,Cambridge United,2,0,4,4,2,2,1
1995,Barnet,Exeter City,3,2,4,4,5,1,1
1995,Barnet,Scarborough,1,0,4,4,1,1,1
1995,Barnet,Wigan Athletic,5,0,4,4,5,5,1
1995,Bury,Darlington,0,0,4,4,0,0,0
1995,Bury,Hereford United,2,0,4,4,2,2,1
1995,Cambridge United,Barnet,1,1,4,4,2,0,0
1995,Cambridge United,Doncaster Rovers,2,2,4,4,4,0,0
1995,Cambridge United,Gillingham,0,0,4,4,0,0,0
1995,Cambridge United,Northampton Town,0,1,4,4,1,-1,0
1995,Cardiff City,Plymouth Argyle,0,1,4,4,1,-1,0
1995,Cardiff City,Scarborough,2,1,4,4,3,1,1
1995,Chester,Cambridge United,1,1,4,4,2,0,0
1995,Chester,Darlington,4,1,4,4,5,3,1
1995,Chester,Preston North End,1,1,4,4,2,0,0
1995,Colchester United,Barnet,3,2,4,4,5,1,1
1995,Colchester United,Doncaster Rovers,1,0,4,4,1,1,1
1995,Colchester United,Gillingham,1,1,4,4,2,0,0
1995,Colchester United,Leyton Orient,0,0,4,4,0,0,0
1995,Colchester United,Torquay United,3,1,4,4,4,2,1
1995,Doncaster Rovers,Fulham,0,2,4,4,2,-2,0
1995,Exeter City,Barnet,1,0,4,4,1,1,1
1995,Exeter City,Darlington,0,1,4,4,1,-1,0
1995,Exeter City,Leyton Orient,2,2,4,4,4,0,0
1995,Exeter City,Northampton Town,1,2,4,4,3,-1,0
1995,Exeter City,Rochdale,2,0,4,4,2,2,1
1995,Exeter City,Torquay United,0,0,4,4,0,0,0
1995,Fulham,Doncaster Rovers,3,1,4,4,4,2,1
1995,Fulham,Hartlepool United,2,2,4,4,4,0,0
1995,Fulham,Plymouth Argyle,4,0,4,4,4,4,1
1995,Gillingham,Colchester United,0,1,4,4,1,-1,0
1995,Gillingham,Exeter City,1,0,4,4,1,1,1
1995,Gillingham,Mansfield Town,2,0,4,4,2,2,1
1995,Gillingham,Scunthorpe United,0,0,4,4,0,0,0
1995,Hartlepool United,Cardiff City,2,1,4,4,3,1,1
1995,Hartlepool United,Darlington,1,1,4,4,2,0,0
1995,Hartlepool United,Rochdale,1,1,4,4,2,0,0
1995,Hereford United,Bury,3,4,4,4,7,-1,0
1995,Hereford United,Gillingham,0,0,4,4,0,0,0
1995,Hereford United,Plymouth Argyle,3,0,4,4,3,3,1
1995,Hereford United,Scarborough,0,0,4,4,0,0,0
1995,Leyton Orient,Cambridge United,3,1,4,4,4,2,1
1995,Leyton Orient,Exeter City,0,3,4,4,3,-3,0
1995,Lincoln City,Barnet,1,2,4,4,3,-1,0
1995,Lincoln City,Darlington,0,2,4,4,2,-2,0
1995,Lincoln City,Fulham,4,0,4,4,4,4,1
1995,Lincoln City,Torquay United,5,0,4,4,5,5,1
1995,Mansfield Town,Bury,1,5,4,4,6,-4,0
1995,Mansfield Town,Wigan Athletic,1,0,4,4,1,1,1
1995,Northampton Town,Colchester United,2,1,4,4,3,1,1
1995,Northampton Town,Lincoln City,1,1,4,4,2,0,0
1995,Northampton Town,Preston North End,1,2,4,4,3,-1,0
1995,Plymouth Argyle,Barnet,1,1,4,4,2,0,0
1995,Plymouth Argyle,Darlington,0,1,4,4,1,-1,0
1995,Plymouth Argyle,Hereford United,0,1,4,4,1,-1,0
1995,Plymouth Argyle,Mansfield Town,1,0,4,4,1,1,1
1995,Preston North End,Chester,2,0,4,4,2,2,1
1995,Preston North End,Doncaster Rovers,1,0,4,4,1,1,1
1995,Preston North End,Leyton Orient,4,0,4,4,4,4,1
1995,Preston North End,Northampton Town,0,3,4,4,3,-3,0
1995,Preston North End,Scarborough,3,2,4,4,5,1,1
1995,Preston North End,Wigan Athletic,1,1,4,4,2,0,0
1995,Rochdale,Colchester United,1,1,4,4,2,0,0
1995,Rochdale,Exeter City,4,2,4,4,6,2,1
1995,Rochdale,Hartlepool United,4,0,4,4,4,4,1
1995,Scarborough,Barnet,1,1,4,4,2,0,0
1995,Scarborough,Cardiff City,1,0,4,4,1,1,1
1995,Scarborough,Darlington,1,2,4,4,3,-1,0
1995,Scarborough,Hereford United,2,2,4,4,4,0,0
1995,Scarborough,Mansfield Town,1,1,4,4,2,0,0
1995,Scarborough,Preston North End,1,2,4,4,3,-1,0
1995,Scarborough,Torquay United,2,1,4,4,3,1,1
1995,Scunthorpe United,Bury,1,2,4,4,3,-1,0
1995,Scunthorpe United,Chester,0,2,4,4,2,-2,0
1995,Scunthorpe United,Doncaster Rovers,2,2,4,4,4,0,0
1995,Scunthorpe United,Gillingham,1,1,4,4,2,0,0
1995,Torquay United,Lincoln City,0,2,4,4,2,-2,0
1995,Wigan Athletic,Darlington,1,1,4,4,2,0,0
1995,Wigan Athletic,Fulham,1,1,4,4,2,0,0
1995,Wigan Athletic,Scunthorpe United,2,1,4,4,3,1,1
1996,Arsenal,Derby County,2,2,1,1,4,0,0
1996,Arsenal,Leicester City,2,0,1,1,2,2,1
1996,Arsenal,Tottenham Hotspur,3,1,1,1,4,2,1
1996,Aston Villa,Manchester United,0,0,1,1,0,0,0
1996,Blackburn Rovers,Liverpool,3,0,1,1,3,3,1
1996,Blackburn Rovers,Newcastle United,1,0,1,1,1,1,1
1996,Blackburn Rovers,West Ham United,2,1,1,1,3,1,1
1996,Chelsea,Middlesbrough,1,0,1,1,1,1,1
1996,Chelsea,Tottenham Hotspur,3,1,1,1,4,2,1
1996,Coventry City,Arsenal,1,1,1,1,2,0,0
1996,Coventry City,Chelsea,3,1,1,1,4,2,1
1996,Coventry City,Wimbledon,1,1,1,1,2,0,0
1996,Derby County,Everton,0,1,1,1,1,-1,0
1996,Derby County,Liverpool,0,1,1,1,1,-1,0
1996,Derby County,Southampton,1,1,1,1,2,0,0
1996,Derby County,West Ham United,1,0,1,1,1,1,1
1996,Everton,Coventry City,1,1,1,1,2,0,0
1996,Everton,Leicester City,1,1,1,1,2,0,0
1996,Everton,Middlesbrough,1,2,1,1,3,-1,0
1996,Everton,Sheffield Wednesday,2,0,1,1,2,2,1
1996,Leeds United,Arsenal,0,0,1,1,0,0,0
1996,Leeds United,Chelsea,2,0,1,1,2,2,1
1996,Leeds United,Everton,1,0,1,1,1,1,1
1996,Leeds United,Nottingham Forest,2,0,1,1,2,2,1
1996,Leicester City,Derby County,4,2,1,1,6,2,1
1996,Leicester City,Liverpool,0,3,1,1,3,-3,0
1996,Leicester City,Newcastle United,2,0,1,1,2,2,1
1996,Leicester City,West Ham United,0,1,1,1,1,-1,0
1996,Liverpool,Leeds United,4,0,1,1,4,4,1
1996,Manchester United,Arsenal,1,0,1,1,1,1,1
1996,Manchester United,Everton,2,2,1,1,4,0,0
1996,Manchester United,Liverpool,1,0,1,1,1,1,1
1996,Manchester United,Nottingham Forest,4,1,1,1,5,3,1
1996,Middlesbrough,Newcastle United,0,1,1,1,1,-1,0
1996,Newcastle United,Leeds United,3,0,1,1,3,3,1
1996,Newcastle United,Manchester United,5,0,1,1,5,5,1
1996,Newcastle United,Tottenham Hotspur,7,1,1,1,8,6,1
1996,Nottingham Forest,Arsenal,2,1,1,1,3,1,1
1996,Nottingham Forest,Everton,0,1,1,1,1,-1,0
1996,Nottingham Forest,Newcastle United,0,0,1,1,0,0,0
1996,Nottingham Forest,Sunderland,1,4,1,1,5,-3,0
1996,Southampton,Aston Villa,0,1,1,1,1,-1,0
1996,Southampton,Leeds United,0,2,1,1,2,-2,0
1996,Southampton,Manchester United,6,3,1,1,9,3,1
1996,Southampton,Nottingham Forest,2,2,1,1,4,0,0
1996,Southampton,Tottenham Hotspur,0,1,1,1,1,-1,0
1996,Sunderland,Arsenal,1,0,1,1,1,1,1
1996,Sunderland,Newcastle United,1,2,1,1,3,-1,0
1996,Sunderland,Wimbledon,1,3,1,1,4,-2,0
1996,Tottenham Hotspur,Blackburn Rovers,2,1,1,1,3,1,1
1996,Tottenham Hotspur,Derby County,1,1,1,1,2,0,0
1996,Tottenham Hotspur,Leicester City,1,2,1,1,3,-1,0
1996,Tottenham Hotspur,Middlesbrough,1,0,1,1,1,1,1
1996,Tottenham Hotspur,Sheffield Wednesday,1,1,1,1,2,0,0
1996,West Ham United,Coventry City,1,1,1,1,2,0,0
1996,West Ham United,Manchester United,2,2,1,1,4,0,0
1996,West Ham United,Nottingham Forest,0,1,1,1,1,-1,0
1996,West Ham United,Sunderland,2,0,1,1,2,2,1
1996,Wimbledon,Chelsea,0,1,1,1,1,-1,0
1996,Wimbledon,Everton,4,0,1,1,4,4,1
1996,Wimbledon,Newcastle United,1,1,1,1,2,0,0
1996,Wimbledon,Southampton,3,1,1,1,4,2,1
1996,Barnsley,Bradford City,2,0,2,2,2,2,1
1996,Barnsley,Grimsby Town,1,3,2,2,4,-2,0
1996,Barnsley,Manchester City,2,0,2,2,2,2,1
1996,Barnsley,Queens Park Rangers,1,3,2,2,4,-2,0
1996,Birmingham City,Stoke City,3,1,2,2,4,2,1
1996,Bolton Wanderers,Birmingham City,2,1,2,2,3,1,1
1996,Bolton Wanderers,Ipswich Town,1,2,2,2,3,-1,0
1996,Bolton Wanderers,Swindon Town,7,0,2,2,7,7,1
1996,Bradford City,Manchester City,1,3,2,2,4,-2,0
1996,Bradford City,Oxford United,2,0,2,2,2,2,1
1996,Bradford City,Queens Park Rangers,3,0,2,2,3,3,1
1996,Bradford City,Tranmere Rovers,1,0,2,2,1,1,1
1996,Charlton Athletic,Bradford City,0,2,2,2,2,-2,0
1996,Charlton Athletic,Norwich City,4,4,2,2,8,0,0
1996,Charlton Athletic,Port Vale,1,3,2,2,4,-2,0
1996,Crystal Palace,Birmingham City,0,1,2,2,1,-1,0
1996,Crystal Palace,Ipswich Town,0,0,2,2,0,0,0
1996,Crystal Palace,Portsmouth,1,2,2,2,3,-1,0
1996,Grimsby Town,Bolton Wanderers,1,2,2,2,3,-1,0
1996,Grimsby Town,Crystal Palace,2,1,2,2,3,1,1
1996,Grimsby Town,Manchester City,1,1,2,2,2,0,0
1996,Grimsby Town,Southend United,4,0,2,2,4,4,1
1996,Grimsby Town,Tranmere Rovers,0,0,2,2,0,0,0
1996,Huddersfield Town,Barnsley,0,0,2,2,0,0,0
1996,Huddersfield Town,Grimsby Town,2,0,2,2,2,2,1
1996,Huddersfield Town,Port Vale,0,1,2,2,1,-1,0
1996,Huddersfield Town,Reading,1,0,2,2,1,1,1
1996,Huddersfield Town,West Bromwich Albion,0,0,2,2,0,0,0
1996,Ipswich Town,Huddersfield Town,1,3,2,2,4,-2,0
1996,Ipswich Town,Portsmouth,1,1,2,2,2,0,0
1996,Ipswich Town,Swindon Town,3,2,2,2,5,1,1
1996,Manchester City,Oxford United,2,3,2,2,5,-1,0
1996,Manchester City,Queens Park Rangers,0,3,2,2,3,-3,0
1996,Manchester City,Tranmere Rovers,1,2,2,2,3,-1,0
1996,Norwich City,Barnsley,1,1,2,2,2,0,0
1996,Norwich City,Bradford City,2,0,2,2,2,2,1
1996,Norwich City,Grimsby Town,2,1,2,2,3,1,1
1996,Norwich City,West Bromwich Albion,2,4,2,2,6,-2,0
1996,Oldham Athletic,Portsmouth,0,0,2,2,0,0,0
1996,Oxford United,Bolton Wanderers,0,0,2,2,0,0,0
1996,Oxford United,Crystal Palace,1,4,2,2,5,-3,0
1996,Oxford United,Ipswich Town,3,1,2,2,4,2,1
1996,Port Vale,Grimsby Town,1,1,2,2,2,0,0
1996,Port Vale,Manchester City,0,2,2,2,2,-2,0
1996,Port Vale,Oxford United,2,0,2,2,2,2,1
1996,Port Vale,Reading,1,0,2,2,1,1,1
1996,Port Vale,Stoke City,1,1,2,2,2,0,0
1996,Port Vale,West Bromwich Albion,2,2,2,2,4,0,0
1996,Portsmouth,Charlton Athletic,2,0,2,2,2,2,1
1996,Portsmouth,Norwich City,0,1,2,2,1,-1,0
1996,Portsmouth,Port Vale,1,1,2,2,2,0,0
1996,Portsmouth,Sheffield United,1,1,2,2,2,0,0
1996,Portsmouth,Swindon Town,0,1,2,2,1,-1,0
1996,Queens Park Rangers,Crystal Palace,0,1,2,2,1,-1,0
1996,Queens Park Rangers,Ipswich Town,0,1,2,2,1,-1,0
1996,Queens Park Rangers,Southend United,4,0,2,2,4,4,1
1996,Reading,Manchester City,2,0,2,2,2,2,1
1996,Reading,Oxford United,2,0,2,2,2,2,1
1996,Reading,Queens Park Rangers,2,1,2,2,3,1,1
1996,Sheffield United,Birmingham City,4,4,2,2,8,0,0
1996,Sheffield United,Charlton Athletic,3,0,2,2,3,3,1
1996,Sheffield United,Huddersfield Town,3,1,2,2,4,2,1
1996,Sheffield United,Port Vale,3,0,2,2,3,3,1
1996,Sheffield United,Swindon Town,2,0,2,2,2,2,1
1996,Southend United,Bolton Wanderers,5,2,2,2,7,3,1
1996,Southend United,Crystal Palace,2,1,2,2,3,1,1
1996,Southend United,Ipswich Town,0,0,2,2,0,0,0
1996,Southend United,Oldham Athletic,1,1,2,2,2,0,0
1996,Southend United,Sheffield United,3,2,2,2,5,1,1
1996,Southend United,Tranmere Rovers,1,1,2,2,2,0,0
1996,Stoke City,Bradford City,1,0,2,2,1,1,1
1996,Stoke City,Manchester City,2,1,2,2,3,1,1
1996,Stoke City,Queens Park Rangers,0,0,2,2,0,0,0
1996,Stoke City,Southend United,1,2,2,2,3,-1,0
1996,Swindon Town,Birmingham City,3,1,2,2,4,2,1
1996,Swindon Town,Charlton Athletic,1,0,2,2,1,1,1
1996,Swindon Town,Port Vale,1,1,2,2,2,0,0
1996,Swindon Town,Reading,3,1,2,2,4,2,1
1996,Swindon Town,Stoke City,1,0,2,2,1,1,1
1996,Swindon Town,Wolverhampton Wanderers,1,2,2,2,3,-1,0
1996,Tranmere Rovers,Ipswich Town,3,0,2,2,3,3,1
1996,Tranmere Rovers,Sheffield United,1,1,2,2,2,0,0
1996,Tranmere Rovers,Swindon Town,2,1,2,2,3,1,1
1996,West Bromwich Albion,Barnsley,1,2,2,2,3,-1,0
1996,West Bromwich Albion,Manchester City,1,3,2,2,4,-2,0
1996,West Bromwich Albion,Oxford United,3,3,2,2,6,0,0
1996,West Bromwich Albion,Queens Park Rangers,4,1,2,2,5,3,1
1996,West Bromwich Albion,Southend United,4,0,2,2,4,4,1
1996,Wolverhampton Wanderers,Birmingham City,1,2,2,2,3,-1,0
1996,Wolverhampton Wanderers,Charlton Athletic,1,0,2,2,1,1,1
1996,Wolverhampton Wanderers,Huddersfield Town,0,0,2,2,0,0,0
1996,Wolverhampton Wanderers,Port Vale,0,1,2,2,1,-1,0
1996,Wolverhampton Wanderers,Stoke City,2,0,2,2,2,2,1
1996,AFC Bournemouth,Bristol City,0,2,3,3,2,-2,0
1996,AFC Bournemouth,Bury,1,1,3,3,2,0,0
1996,AFC Bournemouth,Preston North End,2,0,3,3,2,2,1
1996,AFC Bournemouth,Wrexham,2,1,3,3,3,1,1
1996,Blackpool,Bristol Rovers,3,2,3,3,5,1,1
1996,Blackpool,Luton Town,0,0,3,3,0,0,0
1996,Blackpool,Rotherham United,4,1,3,3,5,3,1
1996,Blackpool,Wycombe Wanderers,0,0,3,3,0,0,0
1996,Brentford,Burnley,0,3,3,3,3,-3,0
1996,Brentford,Plymouth Argyle,3,2,3,3,5,1,1
1996,Brentford,Shrewsbury Town,0,0,3,3,0,0,0
1996,Brentford,York City,3,3,3,3,6,0,0
1996,Bristol City,Brentford,1,2,3,3,3,-1,0
1996,Bristol City,Notts County,4,0,3,3,4,4,1
1996,Bristol City,Stockport County,1,1,3,3,2,0,0
1996,Bristol Rovers,Luton Town,3,2,3,3,5,1,1
1996,Bristol Rovers,Peterborough United,1,0,3,3,1,1,1
1996,Bristol Rovers,Rotherham United,1,2,3,3,3,-1,0
1996,Bristol Rovers,Wycombe Wanderers,3,4,3,3,7,-1,0
1996,Burnley,Blackpool,2,0,3,3,2,2,1
1996,Burnley,Bristol Rovers,2,2,3,3,4,0,0
1996,Burnley,Crewe Alexandra,2,0,3,3,2,2,1
1996,Burnley,Shrewsbury Town,1,3,3,3,4,-2,0
1996,Burnley,Watford,4,1,3,3,5,3,1
1996,Burnley,York City,1,2,3,3,3,-1,0
1996,Bury,Brentford,1,1,3,3,2,0,0
1996,Bury,Gillingham,3,0,3,3,3,3,1
1996,Bury,Notts County,2,0,3,3,2,2,1
1996,Bury,Preston North End,3,0,3,3,3,3,1
1996,Bury,Stockport County,0,0,3,3,0,0,0
1996,Bury,Wrexham,0,0,3,3,0,0,0
1996,Chesterfield,Bristol City,1,1,3,3,2,0,0
1996,Chesterfield,Bury,1,2,3,3,3,-1,0
1996,Chesterfield,Luton Town,1,1,3,3,2,0,0
1996,Chesterfield,Peterborough United,2,1,3,3,3,1,1
1996,Chesterfield,Rotherham United,1,1,3,3,2,0,0
1996,Chesterfield,Walsall,1,0,3,3,1,1,1
1996,Chesterfield,Wycombe Wanderers,4,2,3,3,6,2,1
1996,Crewe Alexandra,Blackpool,3,2,3,3,5,1,1
1996,Crewe Alexandra,Bristol Rovers,1,0,3,3,1,1,1
1996,Gillingham,Brentford,1,2,3,3,3,-1,0
1996,Gillingham,Crewe Alexandra,2,1,3,3,3,1,1
1996,Gillingham,Notts County,1,0,3,3,1,1,1
1996,Gillingham,Preston North End,1,1,3,3,2,0,0
1996,Gillingham,Stockport County,1,0,3,3,1,1,1
1996,Gillingham,Wrexham,1,2,3,3,3,-1,0
1996,Luton Town,Rotherham United,1,0,3,3,1,1,1
1996,Luton Town,Walsall,3,1,3,3,4,2,1
1996,Millwall,Bristol Rovers,2,0,3,3,2,2,1
1996,Millwall,Chesterfield,2,1,3,3,3,1,1
1996,Millwall,Watford,0,1,3,3,1,-1,0
1996,Notts County,Burnley,1,1,3,3,2,0,0
1996,Notts County,Crewe Alexandra,0,1,3,3,1,-1,0
1996,Notts County,Millwall,1,2,3,3,3,-1,0
1996,Notts County,Preston North End,2,1,3,3,3,1,1
1996,Notts County,Wrexham,0,0,3,3,0,0,0
1996,Peterborough United,AFC Bournemouth,3,1,3,3,4,2,1
1996,Peterborough United,Bristol City,3,1,3,3,4,2,1
1996,Peterborough United,Gillingham,0,1,3,3,1,-1,0
1996,Peterborough United,Rotherham United,6,2,3,3,8,4,1
1996,Peterborough United,Walsall,0,1,3,3,1,-1,0
1996,Plymouth Argyle,Blackpool,0,1,3,3,1,-1,0
1996,Plymouth Argyle,Bristol Rovers,0,1,3,3,1,-1,0
1996,Plymouth Argyle,Peterborough United,1,1,3,3,2,0,0
1996,Plymouth Argyle,Watford,0,0,3,3,0,0,0
1996,Preston North End,Brentford,1,0,3,3,1,1,1
1996,Preston North End,Burnley,1,1,3,3,2,0,0
1996,Preston North End,Crewe Alexandra,2,1,3,3,3,1,1
1996,Preston North End,Millwall,2,1,3,3,3,1,1
1996,Preston North End,Plymouth Argyle,1,1,3,3,2,0,0
1996,Preston North End,Stockport County,1,0,3,3,1,1,1
1996,Rotherham United,Bristol City,2,2,3,3,4,0,0
1996,Rotherham United,Bury,1,1,3,3,2,0,0
1996,Rotherham United,Gillingham,1,2,3,3,3,-1,0
1996,Rotherham United,Preston North End,0,1,3,3,1,-1,0
1996,Rotherham United,Walsall,1,2,3,3,3,-1,0
1996,Rotherham United,Wycombe Wanderers,2,1,3,3,3,1,1
1996,Shrewsbury Town,Blackpool,1,3,3,3,4,-2,0
1996,Shrewsbury Town,Bristol Rovers,2,0,3,3,2,2,1
1996,Shrewsbury Town,Chesterfield,2,0,3,3,2,2,1
1996,Shrewsbury Town,Luton Town,0,3,3,3,3,-3,0
1996,Shrewsbury Town,York City,2,0,3,3,2,2,1
1996,Stockport County,Brentford,1,2,3,3,3,-1,0
1996,Stockport County,Burnley,1,0,3,3,1,1,1
1996,Stockport County,Millwall,5,1,3,3,6,4,1
1996,Stockport County,Plymouth Argyle,3,1,3,3,4,2,1
1996,Walsall,Bury,3,1,3,3,4,2,1
1996,Walsall,Stockport County,1,1,3,3,2,0,0
1996,Watford,Blackpool,2,2,3,3,4,0,0
1996,Watford,Bristol Rovers,1,0,3,3,1,1,1
1996,Watford,Luton Town,1,1,3,3,2,0,0
1996,Watford,Peterborough United,0,0,3,3,0,0,0
1996,Watford,Rotherham United,2,0,3,3,2,2,1
1996,Watford,York City,4,0,3,3,4,4,1
1996,Wrexham,Brentford,0,2,3,3,2,-2,0
1996,Wycombe Wanderers,AFC Bournemouth,1,1,3,3,2,0,0
1996,Wycombe Wanderers,Bristol City,2,0,3,3,2,2,1
1996,Wycombe Wanderers,Bury,0,1,3,3,1,-1,0
1996,Wycombe Wanderers,Notts County,1,0,3,3,1,1,1
1996,Wycombe Wanderers,Stockport County,0,2,3,3,2,-2,0
1996,Wycombe Wanderers,Wrexham,0,0,3,3,0,0,0
1996,York City,Luton Town,1,1,3,3,2,0,0
1996,York City,Peterborough United,1,0,3,3,1,1,1
1996,York City,Rotherham United,2,1,3,3,3,1,1
1996,York City,Walsall,0,2,3,3,2,-2,0
1996,Barnet,Colchester United,2,4,4,4,6,-2,0
1996,Barnet,Exeter City,3,0,4,4,3,3,1
1996,Barnet,Hereford United,2,3,4,4,5,-1,0
1996,Barnet,Rochdale,3,2,4,4,5,1,1
1996,Brighton & Hove Albion,Barnet,1,0,4,4,1,1,1
1996,Brighton & Hove Albion,Darlington,2,3,4,4,5,-1,0
1996,Brighton & Hove Albion,Scarborough,3,2,4,4,5,1,1
1996,Cambridge United,Hartlepool United,1,0,4,4,1,1,1
1996,Cambridge United,Leyton Orient,2,0,4,4,2,2,1
1996,Cambridge United,Northampton Town,0,0,4,4,0,0,0
1996,Cambridge United,Scunthorpe United,0,2,4,4,2,-2,0
1996,Cardiff City,Cambridge United,0,0,4,4,0,0,0
1996,Cardiff City,Colchester United,1,2,4,4,3,-1,0
1996,Cardiff City,Hereford United,2,0,4,4,2,2,1
1996,Cardiff City,Lincoln City,1,3,4,4,4,-2,0
1996,Cardiff City,Rochdale,2,1,4,4,3,1,1
1996,Cardiff City,Swansea City,1,3,4,4,4,-2,0
1996,Carlisle United,Darlington,1,0,4,4,1,1,1
1996,Carlisle United,Fulham,1,2,4,4,3,-1,0
1996,Carlisle United,Hull City,0,0,4,4,0,0,0
1996,Carlisle United,Scarborough,1,0,4,4,1,1,1
1996,Chester,Carlisle United,1,1,4,4,2,0,0
1996,Chester,Northampton Town,2,1,4,4,3,1,1
1996,Chester,Scunthorpe United,1,0,4,4,1,1,1
1996,Chester,Wigan Athletic,1,1,4,4,2,0,0
1996,Colchester United,Hereford United,1,1,4,4,2,0,0
1996,Colchester United,Rochdale,1,0,4,4,1,1,1
1996,Colchester United,Swansea City,3,1,4,4,4,2,1
1996,Darlington,Barnet,0,1,4,4,1,-1,0
1996,Darlington,Cardiff City,2,1,4,4,3,1,1
1996,Darlington,Mansfield Town,2,4,4,4,6,-2,0
1996,Darlington,Scarborough,1,1,4,4,2,0,0
1996,Doncaster Rovers,Brighton & Hove Albion,3,0,4,4,3,3,1
1996,Doncaster Rovers,Carlisle United,0,1,4,4,1,-1,0
1996,Doncaster Rovers,Darlington,3,2,4,4,5,1,1
1996,Doncaster Rovers,Leyton Orient,2,1,4,4,3,1,1
1996,Doncaster Rovers,Northampton Town,1,2,4,4,3,-1,0
1996,Doncaster Rovers,Scunthorpe United,1,1,4,4,2,0,0
1996,Exeter City,Cambridge United,0,1,4,4,1,-1,0
1996,Exeter City,Rochdale,0,0,4,4,0,0,0
1996,Exeter City,Swansea City,1,2,4,4,3,-1,0
1996,Fulham,Cardiff City,1,4,4,4,5,-3,0
1996,Fulham,Torquay United,1,2,4,4,3,-1,0
1996,Hartlepool United,Brighton & Hove Albion,2,3,4,4,5,-1,0
1996,Hartlepool United,Darlington,1,2,4,4,3,-1,0
1996,Hartlepool United,Leyton Orient,3,1,4,4,4,2,1
1996,Hartlepool United,Northampton Town,0,2,4,4,2,-2,0
1996,Hartlepool United,Wigan Athletic,1,1,4,4,2,0,0
1996,Hereford United,Cambridge United,0,1,4,4,1,-1,0
1996,Hereford United,Hartlepool United,0,1,4,4,1,-1,0
1996,Hereford United,Lincoln City,1,1,4,4,2,0,0
1996,Hereford United,Swansea City,0,1,4,4,1,-1,0
1996,Hull City,Colchester United,1,2,4,4,3,-1,0
1996,Hull City,Hereford United,1,1,4,4,2,0,0
1996,Hull City,Scarborough,0,2,4,4,2,-2,0
1996,Leyton Orient,Darlington,0,0,4,4,0,0,0
1996,Leyton Orient,Fulham,0,2,4,4,2,-2,0
1996,Leyton Orient,Wigan Athletic,1,2,4,4,3,-1,0
1996,Lincoln City,Cambridge United,1,1,4,4,2,0,0
1996,Lincoln City,Doncaster Rovers,3,2,4,4,5,1,1
1996,Lincoln City,Rochdale,0,2,4,4,2,-2,0
1996,Mansfield Town,Barnet,0,0,4,4,0,0,0
1996,Mansfield Town,Exeter City,0,1,4,4,1,-1,0
1996,Mansfield Town,Torquay United,1,2,4,4,3,-1,0
1996,Northampton Town,Brighton & Hove Albion,3,0,4,4,3,3,1
1996,Northampton Town,Darlington,3,1,4,4,4,2,1
1996,Northampton Town,Hull City,2,1,4,4,3,1,1
1996,Northampton Town,Scunthorpe United,1,0,4,4,1,1,1
1996,Rochdale,Cambridge United,3,0,4,4,3,3,1
1996,Rochdale,Doncaster Rovers,2,1,4,4,3,1,1
1996,Rochdale,Hartlepool United,1,3,4,4,4,-2,0
1996,Rochdale,Leyton Orient,1,0,4,4,1,1,1
1996,Rochdale,Northampton Town,1,1,4,4,2,0,0
1996,Rochdale,Swansea City,2,3,4,4,5,-1,0
1996,Scarborough,Cardiff City,0,0,4,4,0,0,0
1996,Scarborough,Exeter City,3,4,4,4,7,-1,0
1996,Scarborough,Lincoln City,0,2,4,4,2,-2,0
1996,Scarborough,Rochdale,2,2,4,4,4,0,0
1996,Scunthorpe United,Carlisle United,0,0,4,4,0,0,0
1996,Scunthorpe United,Darlington,3,2,4,4,5,1,1
1996,Scunthorpe United,Hull City,2,2,4,4,4,0,0
1996,Scunthorpe United,Scarborough,0,2,4,4,2,-2,0
1996,Scunthorpe United,Wigan Athletic,2,3,4,4,5,-1,0
1996,Swansea City,Chester,2,1,4,4,3,1,1
1996,Swansea City,Doncaster Rovers,2,0,4,4,2,2,1
1996,Swansea City,Hartlepool United,2,2,4,4,4,0,0
1996,Swansea City,Northampton Town,1,0,4,4,1,1,1
1996,Swansea City,Scunthorpe United,1,1,4,4,2,0,0
1996,Torquay United,Barnet,1,2,4,4,3,-1,0
1996,Torquay United,Exeter City,2,0,4,4,2,2,1
1996,Torquay United,Hereford United,2,1,4,4,3,1,1
1996,Torquay United,Lincoln City,2,1,4,4,3,1,1
1996,Torquay United,Swansea City,2,0,4,4,2,2,1
1996,Wigan Athletic,Carlisle United,1,0,4,4,1,1,1
1996,Wigan Athletic,Darlington,3,2,4,4,5,1,1
1996,Wigan Athletic,Fulham,1,1,4,4,2,0,0
1996,Wigan Athletic,Mansfield Town,2,0,4,4,2,2,1
1996,Wigan Athletic,Scarborough,7,1,4,4,8,6,1
1996,Wigan Athletic,Torquay United,3,2,4,4,5,1,1
1997,Arsenal,Blackburn Rovers,1,3,1,1,4,-2,0
1997,Arsenal,Coventry City,2,0,1,1,2,2,1
1997,Arsenal,Everton,4,0,1,1,4,4,1
1997,Arsenal,Liverpool,0,1,1,1,1,-1,0
1997,Aston Villa,Barnsley,0,1,1,1,1,-1,0
1997,Aston Villa,Chelsea,0,2,1,1,2,-2,0
1997,Aston Villa,Leicester City,1,1,1,1,2,0,0
1997,Aston Villa,Newcastle United,0,1,1,1,1,-1,0
1997,Barnsley,Bolton Wanderers,2,1,1,1,3,1,1
1997,Barnsley,Crystal Palace,1,0,1,1,1,1,1
1997,Barnsley,Manchester United,0,2,1,1,2,-2,0
1997,Blackburn Rovers,Everton,3,2,1,1,5,1,1
1997,Blackburn Rovers,Liverpool,1,1,1,1,2,0,0
1997,Blackburn Rovers,Sheffield Wednesday,7,2,1,1,9,5,1
1997,Bolton Wanderers,Chelsea,1,0,1,1,1,1,1
1997,Bolton Wanderers,Derby County,3,3,1,1,6,0,0
1997,Bolton Wanderers,Leicester City,2,0,1,1,2,2,1
1997,Bolton Wanderers,Newcastle United,1,0,1,1,1,1,1
1997,Bolton Wanderers,Tottenham Hotspur,1,1,1,1,2,0,0
1997,Chelsea,Blackburn Rovers,0,1,1,1,1,-1,0
1997,Chelsea,Leeds United,0,0,1,1,0,0,0
1997,Chelsea,Southampton,4,2,1,1,6,2,1
1997,Coventry City,Chelsea,3,2,1,1,5,1,1
1997,Coventry City,Everton,0,0,1,1,0,0,0
1997,Coventry City,Liverpool,1,1,1,1,2,0,0
1997,Crystal Palace,Aston Villa,1,1,1,1,2,0,0
1997,Crystal Palace,Derby County,3,1,1,1,4,2,1
1997,Crystal Palace,Newcastle United,1,2,1,1,3,-1,0
1997,Derby County,Arsenal,3,0,1,1,3,3,1
1997,Derby County,Blackburn Rovers,3,1,1,1,4,2,1
1997,Derby County,Coventry City,3,1,1,1,4,2,1
1997,Derby County,Leeds United,0,5,1,1,5,-5,0
1997,Everton,Barnsley,4,2,1,1,6,2,1
1997,Leeds United,Aston Villa,1,1,1,1,2,0,0
1997,Leeds United,Crystal Palace,0,2,1,1,2,-2,0
1997,Leeds United,Newcastle United,4,1,1,1,5,3,1
1997,Leeds United,Tottenham Hotspur,1,0,1,1,1,1,1
1997,Leicester City,Arsenal,3,3,1,1,6,0,0
1997,Leicester City,Blackburn Rovers,1,1,1,1,2,0,0
1997,Leicester City,Everton,0,1,1,1,1,-1,0
1997,Leicester City,Wimbledon,0,1,1,1,1,-1,0
1997,Liverpool,West Ham United,5,0,1,1,5,5,1
1997,Manchester United,Bolton Wanderers,1,1,1,1,2,0,0
1997,Manchester United,Leeds United,3,0,1,1,3,3,1
1997,Manchester United,Newcastle United,1,1,1,1,2,0,0
1997,Newcastle United,Blackburn Rovers,1,1,1,1,2,0,0
1997,Newcastle United,Coventry City,0,0,1,1,0,0,0
1997,Newcastle United,Everton,1,0,1,1,1,1,1
1997,Sheffield Wednesday,Barnsley,2,1,1,1,3,1,1
1997,Sheffield Wednesday,Chelsea,1,4,1,1,5,-3,0
1997,Sheffield Wednesday,Leicester City,1,0,1,1,1,1,1
1997,Sheffield Wednesday,Newcastle United,2,1,1,1,3,1,1
1997,Southampton,Aston Villa,1,2,1,1,3,-1,0
1997,Southampton,Leeds United,0,2,1,1,2,-2,0
1997,Tottenham Hotspur,Arsenal,1,1,1,1,2,0,0
1997,Tottenham Hotspur,Blackburn Rovers,0,0,1,1,0,0,0
1997,Tottenham Hotspur,Coventry City,1,1,1,1,2,0,0
1997,Tottenham Hotspur,Liverpool,3,3,1,1,6,0,0
1997,West Ham United,Barnsley,6,0,1,1,6,6,1
1997,West Ham United,Chelsea,2,1,1,1,3,1,1
1997,Wimbledon,Bolton Wanderers,0,0,1,1,0,0,0
1997,Wimbledon,Manchester United,2,5,1,1,7,-3,0
1997,Birmingham City,Bradford City,0,0,2,2,0,0,0
1997,Birmingham City,Crewe Alexandra,0,1,2,2,1,-1,0
1997,Birmingham City,Portsmouth,2,1,2,2,3,1,1
1997,Birmingham City,West Bromwich Albion,1,0,2,2,1,1,1
1997,Bradford City,Huddersfield Town,1,1,2,2,2,0,0
1997,Bradford City,Middlesbrough,2,2,2,2,4,0,0
1997,Bradford City,Swindon Town,1,1,2,2,2,0,0
1997,Bury,Charlton Athletic,0,0,2,2,0,0,0
1997,Bury,Ipswich Town,0,1,2,2,1,-1,0
1997,Bury,Norwich City,1,0,2,2,1,1,1
1997,Bury,Port Vale,2,2,2,2,4,0,0
1997,Charlton Athletic,Birmingham City,1,1,2,2,2,0,0
1997,Charlton Athletic,Crewe Alexandra,3,2,2,2,5,1,1
1997,Charlton Athletic,Manchester City,2,1,2,2,3,1,1
1997,Charlton Athletic,Nottingham Forest,4,2,2,2,6,2,1
1997,Crewe Alexandra,Middlesbrough,1,1,2,2,2,0,0
1997,Crewe Alexandra,Oxford United,2,1,2,2,3,1,1
1997,Crewe Alexandra,Queens Park Rangers,2,3,2,2,5,-1,0
1997,Crewe Alexandra,Stockport County,0,1,2,2,1,-1,0
1997,Crewe Alexandra,Swindon Town,2,0,2,2,2,2,1
1997,Crewe Alexandra,Wolverhampton Wanderers,0,2,2,2,2,-2,0
1997,Huddersfield Town,Port Vale,0,4,2,2,4,-4,0
1997,Ipswich Town,Charlton Athletic,3,1,2,2,4,2,1
1997,Ipswich Town,Manchester City,1,0,2,2,1,1,1
1997,Ipswich Town,Nottingham Forest,0,1,2,2,1,-1,0
1997,Ipswich Town,Portsmouth,2,0,2,2,2,2,1
1997,Ipswich Town,Sheffield United,2,2,2,2,4,0,0
1997,Ipswich Town,Sunderland,2,0,2,2,2,2,1
1997,Ipswich Town,West Bromwich Albion,1,1,2,2,2,0,0
1997,Manchester City,Stockport County,4,1,2,2,5,3,1
1997,Manchester City,Swindon Town,6,0,2,2,6,6,1
1997,Middlesbrough,Port Vale,2,1,2,2,3,1,1
1997,Middlesbrough,Reading,4,0,2,2,4,4,1
1997,Middlesbrough,Tranmere Rovers,3,0,2,2,3,3,1
1997,Norwich City,Birmingham City,3,3,2,2,6,0,0
1997,Norwich City,Charlton Athletic,0,4,2,2,4,-4,0
1997,Norwich City,Ipswich Town,2,1,2,2,3,1,1
1997,Norwich City,Portsmouth,2,0,2,2,2,2,1
1997,Norwich City,West Bromwich Albion,1,1,2,2,2,0,0
1997,Nottingham Forest,Bradford City,2,2,2,2,4,0,0
1997,Nottingham Forest,Manchester City,1,3,2,2,4,-2,0
1997,Nottingham Forest,Queens Park Rangers,4,0,2,2,4,4,1
1997,Nottingham Forest,Swindon Town,3,0,2,2,3,3,1
1997,Nottingham Forest,Wolverhampton Wanderers,3,0,2,2,3,3,1
1997,Oxford United,Huddersfield Town,2,0,2,2,2,2,1
1997,Oxford United,Middlesbrough,1,4,2,2,5,-3,0
1997,Oxford United,Port Vale,2,0,2,2,2,2,1
1997,Oxford United,Tranmere Rovers,1,1,2,2,2,0,0
1997,Portsmouth,Bradford City,1,1,2,2,2,0,0
1997,Portsmouth,Manchester City,0,3,2,2,3,-3,0
1997,Portsmouth,Stockport County,1,0,2,2,1,1,1
1997,Portsmouth,Swindon Town,0,1,2,2,1,-1,0
1997,Portsmouth,Wolverhampton Wanderers,3,2,2,2,5,1,1
1997,Queens Park Rangers,Huddersfield Town,2,1,2,2,3,1,1
1997,Queens Park Rangers,Middlesbrough,5,0,2,2,5,5,1
1997,Queens Park Rangers,Reading,1,1,2,2,2,0,0
1997,Queens Park Rangers,Stoke City,1,1,2,2,2,0,0
1997,Reading,Ipswich Town,0,4,2,2,4,-4,0
1997,Reading,Port Vale,0,3,2,2,3,-3,0
1997,Reading,Sheffield United,0,1,2,2,1,-1,0
1997,Reading,Sunderland,4,0,2,2,4,4,1
1997,Reading,West Bromwich Albion,2,1,2,2,3,1,1
1997,Sheffield United,Manchester City,1,1,2,2,2,0,0
1997,Sheffield United,Nottingham Forest,1,0,2,2,1,1,1
1997,Sheffield United,Portsmouth,2,1,2,2,3,1,1
1997,Sheffield United,Swindon Town,2,1,2,2,3,1,1
1997,Sheffield United,Wolverhampton Wanderers,1,0,2,2,1,1,1
1997,Stockport County,Huddersfield Town,3,0,2,2,3,3,1
1997,Stockport County,Middlesbrough,1,1,2,2,2,0,0
1997,Stockport County,Queens Park Rangers,2,0,2,2,2,2,1
1997,Stockport County,Stoke City,1,0,2,2,1,1,1
1997,Stockport County,Tranmere Rovers,3,1,2,2,4,2,1
1997,Stoke City,Charlton Athletic,1,2,2,2,3,-1,0
1997,Stoke City,Norwich City,2,0,2,2,2,2,1
1997,Stoke City,Reading,1,2,2,2,3,-1,0
1997,Stoke City,Sunderland,1,2,2,2,3,-1,0
1997,Sunderland,Crewe Alexandra,2,1,2,2,3,1,1
1997,Sunderland,Manchester City,3,1,2,2,4,2,1
1997,Sunderland,Nottingham Forest,1,1,2,2,2,0,0
1997,Sunderland,Portsmouth,2,1,2,2,3,1,1
1997,Sunderland,Sheffield United,4,2,2,2,6,2,1
1997,Sunderland,Swindon Town,0,0,2,2,0,0,0
1997,Sunderland,Wolverhampton Wanderers,1,1,2,2,2,0,0
1997,Swindon Town,Bury,3,1,2,2,4,2,1
1997,Swindon Town,Middlesbrough,1,2,2,2,3,-1,0
1997,Swindon Town,Stockport County,1,1,2,2,2,0,0
1997,Tranmere Rovers,Birmingham City,0,3,2,2,3,-3,0
1997,Tranmere Rovers,Reading,6,0,2,2,6,6,1
1997,West Bromwich Albion,Nottingham Forest,1,1,2,2,2,0,0
1997,West Bromwich Albion,Sheffield United,2,0,2,2,2,2,1
1997,West Bromwich Albion,Sunderland,3,3,2,2,6,0,0
1997,West Bromwich Albion,Wolverhampton Wanderers,1,0,2,2,1,1,1
1997,Wolverhampton Wanderers,Huddersfield Town,1,1,2,2,2,0,0
1997,Wolverhampton Wanderers,Middlesbrough,1,0,2,2,1,1,1
1997,Wolverhampton Wanderers,Oxford United,1,0,2,2,1,1,1
1997,Wolverhampton Wanderers,Queens Park Rangers,3,2,2,2,5,1,1
1997,AFC Bournemouth,Blackpool,2,0,3,3,2,2,1
1997,AFC Bournemouth,Bristol Rovers,1,1,3,3,2,0,0
1997,AFC Bournemouth,Grimsby Town,0,1,3,3,1,-1,0
1997,AFC Bournemouth,Northampton Town,3,0,3,3,3,3,1
1997,AFC Bournemouth,Preston North End,0,2,3,3,2,-2,0
1997,AFC Bournemouth,Watford,0,1,3,3,1,-1,0
1997,AFC Bournemouth,Wycombe Wanderers,0,0,3,3,0,0,0
1997,Blackpool,Brentford,1,2,3,3,3,-1,0
1997,Blackpool,Oldham Athletic,2,2,3,3,4,0,0
1997,Blackpool,Southend United,3,0,3,3,3,3,1
1997,Blackpool,Wigan Athletic,0,2,3,3,2,-2,0
1997,Blackpool,York City,1,0,3,3,1,1,1
1997,Brentford,Gillingham,2,0,3,3,2,2,1
1997,Brentford,Millwall,2,1,3,3,3,1,1
1997,Brentford,Plymouth Argyle,3,1,3,3,4,2,1
1997,Brentford,Walsall,3,0,3,3,3,3,1
1997,Bristol City,Grimsby Town,4,1,3,3,5,3,1
1997,Bristol City,Watford,1,1,3,3,2,0,0
1997,Bristol City,Wycombe Wanderers,3,1,3,3,4,2,1
1997,Bristol Rovers,Blackpool,0,3,3,3,3,-3,0
1997,Bristol Rovers,Oldham Athletic,3,1,3,3,4,2,1
1997,Bristol Rovers,Southend United,2,0,3,3,2,2,1
1997,Bristol Rovers,Wigan Athletic,5,0,3,3,5,5,1
1997,Bristol Rovers,York City,1,2,3,3,3,-1,0
1997,Burnley,Brentford,1,1,3,3,2,0,0
1997,Burnley,Millwall,1,2,3,3,3,-1,0
1997,Burnley,Plymouth Argyle,2,1,3,3,3,1,1
1997,Burnley,Walsall,2,1,3,3,3,1,1
1997,Carlisle United,AFC Bournemouth,0,1,3,3,1,-1,0
1997,Carlisle United,Bristol City,0,3,3,3,3,-3,0
1997,Carlisle United,Chesterfield,0,2,3,3,2,-2,0
1997,Carlisle United,Watford,0,2,3,3,2,-2,0
1997,Carlisle United,Wycombe Wanderers,0,0,3,3,0,0,0
1997,Chesterfield,Blackpool,1,1,3,3,2,0,0
1997,Chesterfield,Fulham,0,2,3,3,2,-2,0
1997,Chesterfield,Oldham Athletic,2,1,3,3,3,1,1
1997,Chesterfield,Wigan Athletic,2,3,3,3,5,-1,0
1997,Fulham,Burnley,1,0,3,3,1,1,1
1997,Fulham,Millwall,1,2,3,3,3,-1,0
1997,Fulham,Plymouth Argyle,2,0,3,3,2,2,1
1997,Fulham,Walsall,1,1,3,3,2,0,0
1997,Fulham,Wrexham,1,0,3,3,1,1,1
1997,Gillingham,AFC Bournemouth,2,1,3,3,3,1,1
1997,Gillingham,Bristol City,2,0,3,3,2,2,1
1997,Gillingham,Northampton Town,1,0,3,3,1,1,1
1997,Gillingham,Preston North End,0,0,3,3,0,0,0
1997,Gillingham,Watford,2,2,3,3,4,0,0
1997,Grimsby Town,Bristol Rovers,1,2,3,3,3,-1,0
1997,Grimsby Town,Chesterfield,0,0,3,3,0,0,0
1997,Grimsby Town,Wigan Athletic,2,1,3,3,3,1,1
1997,Luton Town,Burnley,2,3,3,3,5,-1,0
1997,Luton Town,Fulham,1,4,3,3,5,-3,0
1997,Luton Town,Wrexham,2,5,3,3,7,-3,0
1997,Millwall,Carlisle United,1,1,3,3,2,0,0
1997,Millwall,Gillingham,1,0,3,3,1,1,1
1997,Millwall,Northampton Town,0,0,3,3,0,0,0
1997,Millwall,Wycombe Wanderers,1,0,3,3,1,1,1
1997,Northampton Town,Blackpool,2,0,3,3,2,2,1
1997,Northampton Town,Grimsby Town,2,1,3,3,3,1,1
1997,Northampton Town,Oldham Athletic,0,0,3,3,0,0,0
1997,Northampton Town,Wigan Athletic,1,0,3,3,1,1,1
1997,Oldham Athletic,Brentford,1,1,3,3,2,0,0
1997,Oldham Athletic,Walsall,0,0,3,3,0,0,0
1997,Oldham Athletic,Wrexham,3,0,3,3,3,3,1
1997,Plymouth Argyle,Gillingham,0,1,3,3,1,-1,0
1997,Plymouth Argyle,Watford,0,1,3,3,1,-1,0
1997,Preston North End,Blackpool,3,3,3,3,6,0,0
1997,Preston North End,Bristol Rovers,1,2,3,3,3,-1,0
1997,Preston North End,Chesterfield,0,0,3,3,0,0,0
1997,Preston North End,Northampton Town,1,0,3,3,1,1,1
1997,Preston North End,Southend United,1,0,3,3,1,1,1
1997,Preston North End,Wigan Athletic,1,1,3,3,2,0,0
1997,Preston North End,York City,3,2,3,3,5,1,1
1997,Southend United,Fulham,1,0,3,3,1,1,1
1997,Southend United,Luton Town,1,2,3,3,3,-1,0
1997,Southend United,Oldham Athletic,1,1,3,3,2,0,0
1997,Southend United,Wrexham,1,3,3,3,4,-2,0
1997,Walsall,Carlisle United,3,1,3,3,4,2,1
1997,Walsall,Gillingham,1,0,3,3,1,1,1
1997,Walsall,Watford,0,0,3,3,0,0,0
1997,Walsall,Wycombe Wanderers,0,1,3,3,1,-1,0
1997,Watford,Blackpool,4,1,3,3,5,3,1
1997,Watford,Grimsby Town,0,0,3,3,0,0,0
1997,Watford,Preston North End,3,1,3,3,4,2,1
1997,Watford,Wigan Athletic,2,1,3,3,3,1,1
1997,Watford,York City,1,1,3,3,2,0,0
1997,Wigan Athletic,Burnley,5,1,3,3,6,4,1
1997,Wigan Athletic,Fulham,2,1,3,3,3,1,1
1997,Wigan Athletic,Oldham Athletic,1,0,3,3,1,1,1
1997,Wigan Athletic,Wrexham,3,2,3,3,5,1,1
1997,Wrexham,Bristol City,2,1,3,3,3,1,1
1997,Wrexham,Gillingham,0,0,3,3,0,0,0
1997,Wrexham,Plymouth Argyle,1,1,3,3,2,0,0
1997,Wycombe Wanderers,Bristol Rovers,1,0,3,3,1,1,1
1997,Wycombe Wanderers,Grimsby Town,1,1,3,3,2,0,0
1997,Wycombe Wanderers,Northampton Town,0,0,3,3,0,0,0
1997,Wycombe Wanderers,Watford,0,0,3,3,0,0,0
1997,Wycombe Wanderers,York City,1,0,3,3,1,1,1
1997,York City,Brentford,3,1,3,3,4,2,1
1997,York City,Fulham,0,1,3,3,1,-1,0
1997,York City,Oldham Athletic,0,0,3,3,0,0,0
1997,York City,Southend United,1,1,3,3,2,0,0
1997,Barnet,Hull City,2,0,4,4,2,2,1
1997,Barnet,Macclesfield,3,1,4,4,4,2,1
1997,Barnet,Scarborough,1,1,4,4,2,0,0
1997,Brighton & Hove Albion,Colchester United,4,4,4,4,8,0,0
1997,Brighton & Hove Albion,Exeter City,1,3,4,4,4,-2,0
1997,Brighton & Hove Albion,Leyton Orient,0,1,4,4,1,-1,0
1997,Brighton & Hove Albion,Mansfield Town,1,1,4,4,2,0,0
1997,Brighton & Hove Albion,Rochdale,2,1,4,4,3,1,1
1997,Cambridge United,Cardiff City,2,2,4,4,4,0,0
1997,Cambridge United,Hartlepool United,2,0,4,4,2,2,1
1997,Cambridge United,Lincoln City,1,1,4,4,2,0,0
1997,Cambridge United,Notts County,2,2,4,4,4,0,0
1997,Cambridge United,Shrewsbury Town,4,3,4,4,7,1,1
1997,Cardiff City,Hull City,2,1,4,4,3,1,1
1997,Cardiff City,Macclesfield,1,2,4,4,3,-1,0
1997,Cardiff City,Peterborough United,0,0,4,4,0,0,0
1997,Cardiff City,Swansea City,0,1,4,4,1,-1,0
1997,Chester,Exeter City,1,1,4,4,2,0,0
1997,Chester,Leyton Orient,1,1,4,4,2,0,0
1997,Chester,Mansfield Town,0,1,4,4,1,-1,0
1997,Chester,Scunthorpe United,1,0,4,4,1,1,1
1997,Chester,Torquay United,1,3,4,4,4,-2,0
1997,Colchester United,Lincoln City,0,1,4,4,1,-1,0
1997,Colchester United,Notts County,2,0,4,4,2,2,1
1997,Darlington,Doncaster Rovers,5,1,4,4,6,4,1
1997,Darlington,Hull City,4,3,4,4,7,1,1
1997,Darlington,Macclesfield,4,2,4,4,6,2,1
1997,Darlington,Peterborough United,3,1,4,4,4,2,1
1997,Darlington,Scarborough,1,2,4,4,3,-1,0
1997,Darlington,Swansea City,3,2,4,4,5,1,1
1997,Doncaster Rovers,Exeter City,0,1,4,4,1,-1,0
1997,Doncaster Rovers,Rochdale,0,3,4,4,3,-3,0
1997,Doncaster Rovers,Scunthorpe United,1,2,4,4,3,-1,0
1997,Doncaster Rovers,Torquay United,0,1,4,4,1,-1,0
1997,Exeter City,Hartlepool United,1,1,4,4,2,0,0
1997,Hartlepool United,Barnet,2,0,4,4,2,2,1
1997,Hartlepool United,Cardiff City,2,0,4,4,2,2,1
1997,Hull City,Brighton & Hove Albion,0,0,4,4,0,0,0
1997,Hull City,Chester,1,2,4,4,3,-1,0
1997,Hull City,Doncaster Rovers,3,0,4,4,3,3,1
1997,Hull City,Mansfield Town,0,0,4,4,0,0,0
1997,Hull City,Scunthorpe United,2,1,4,4,3,1,1
1997,Leyton Orient,Cambridge United,0,2,4,4,2,-2,0
1997,Leyton Orient,Colchester United,0,2,4,4,2,-2,0
1997,Leyton Orient,Rotherham United,1,1,4,4,2,0,0
1997,Lincoln City,Barnet,2,0,4,4,2,2,1
1997,Lincoln City,Cardiff City,1,0,4,4,1,1,1
1997,Lincoln City,Hartlepool United,1,1,4,4,2,0,0
1997,Lincoln City,Macclesfield,1,1,4,4,2,0,0
1997,Lincoln City,Swansea City,1,1,4,4,2,0,0
1997,Macclesfield,Brighton & Hove Albion,1,0,4,4,1,1,1
1997,Macclesfield,Chester,3,2,4,4,5,1,1
1997,Macclesfield,Doncaster Rovers,3,0,4,4,3,3,1
1997,Macclesfield,Mansfield Town,1,0,4,4,1,1,1
1997,Macclesfield,Rochdale,1,0,4,4,1,1,1
1997,Macclesfield,Scunthorpe United,2,0,4,4,2,2,1
1997,Mansfield Town,Cambridge United,3,2,4,4,5,1,1
1997,Mansfield Town,Rotherham United,3,3,4,4,6,0,0
1997,Notts County,Hartlepool United,2,0,4,4,2,2,1
1997,Notts County,Lincoln City,1,2,4,4,3,-1,0
1997,Notts County,Scarborough,1,0,4,4,1,1,1
1997,Notts County,Swansea City,2,1,4,4,3,1,1
1997,Peterborough United,Chester,2,1,4,4,3,1,1
1997,Peterborough United,Macclesfield,0,1,4,4,1,-1,0
1997,Peterborough United,Rochdale,3,1,4,4,4,2,1
1997,Peterborough United,Scunthorpe United,0,1,4,4,1,-1,0
1997,Peterborough United,Torquay United,2,0,4,4,2,2,1
1997,Rochdale,Exeter City,3,0,4,4,3,3,1
1997,Rochdale,Rotherham United,0,1,4,4,1,-1,0
1997,Rotherham United,Notts County,1,1,4,4,2,0,0
1997,Scarborough,Chester,4,1,4,4,5,3,1
1997,Scarborough,Macclesfield,2,1,4,4,3,1,1
1997,Scarborough,Peterborough United,1,3,4,4,4,-2,0
1997,Scarborough,Scunthorpe United,0,0,4,4,0,0,0
1997,Scarborough,Torquay United,4,1,4,4,5,3,1
1997,Scunthorpe United,Colchester United,1,0,4,4,1,1,1
1997,Scunthorpe United,Mansfield Town,1,0,4,4,1,1,1
1997,Scunthorpe United,Shrewsbury Town,1,1,4,4,2,0,0
1997,Shrewsbury Town,Barnet,2,0,4,4,2,2,1
1997,Shrewsbury Town,Cardiff City,3,2,4,4,5,1,1
1997,Shrewsbury Town,Notts County,1,2,4,4,3,-1,0
1997,Shrewsbury Town,Rotherham United,2,1,4,4,3,1,1
1997,Swansea City,Chester,2,0,4,4,2,2,1
1997,Swansea City,Doncaster Rovers,0,0,4,4,0,0,0
1997,Swansea City,Hull City,2,0,4,4,2,2,1
1997,Swansea City,Macclesfield,1,1,4,4,2,0,0
1997,Swansea City,Peterborough United,0,1,4,4,1,-1,0
1997,Swansea City,Torquay United,2,0,4,4,2,2,1
1997,Torquay United,Colchester United,1,1,4,4,2,0,0
1997,Torquay United,Exeter City,1,2,4,4,3,-1,0
1997,Torquay United,Leyton Orient,1,1,4,4,2,0,0
1997,Torquay United,Mansfield Town,2,1,4,4,3,1,1
1997,Torquay United,Rochdale,0,0,4,4,0,0,0
1998,Arsenal,Chelsea,1,0,1,1,1,1,1
1998,Arsenal,Everton,1,0,1,1,1,1,1
1998,Arsenal,Liverpool,0,0,1,1,0,0,0
1998,Arsenal,Southampton,1,1,1,1,2,0,0
1998,Aston Villa,Derby County,1,0,1,1,1,1,1
1998,Aston Villa,West Ham United,0,0,1,1,0,0,0
1998,Blackburn Rovers,Aston Villa,2,1,1,1,3,1,1
1998,Blackburn Rovers,Coventry City,1,2,1,1,3,-1,0
1998,Charlton Athletic,Arsenal,0,1,1,1,1,-1,0
1998,Charlton Athletic,Chelsea,0,1,1,1,1,-1,0
1998,Charlton Athletic,Newcastle United,2,2,1,1,4,0,0
1998,Charlton Athletic,Southampton,5,0,1,1,5,5,1
1998,Charlton Athletic,Wimbledon,2,0,1,1,2,2,1
1998,Chelsea,Blackburn Rovers,1,1,1,1,2,0,0
1998,Chelsea,Derby County,2,1,1,1,3,1,1
1998,Chelsea,Leicester City,2,2,1,1,4,0,0
1998,Chelsea,Middlesbrough,2,0,1,1,2,2,1
1998,Chelsea,Sheffield Wednesday,1,1,1,1,2,0,0
1998,Chelsea,West Ham United,0,1,1,1,1,-1,0
1998,Coventry City,Aston Villa,1,2,1,1,3,-1,0
1998,Coventry City,Leeds United,2,2,1,1,4,0,0
1998,Coventry City,Manchester United,0,1,1,1,1,-1,0
1998,Coventry City,Nottingham Forest,4,0,1,1,4,4,1
1998,Coventry City,Tottenham Hotspur,1,1,1,1,2,0,0
1998,Derby County,Everton,2,1,1,1,3,1,1
1998,Derby County,Southampton,0,0,1,1,0,0,0
1998,Everton,Blackburn Rovers,0,0,1,1,0,0,0
1998,Everton,Leicester City,0,0,1,1,0,0,0
1998,Everton,Middlesbrough,5,0,1,1,5,5,1
1998,Everton,Sheffield Wednesday,1,2,1,1,3,-1,0
1998,Leeds United,Nottingham Forest,3,1,1,1,4,2,1
1998,Leicester City,Derby County,1,2,1,1,3,-1,0
1998,Leicester City,Liverpool,1,0,1,1,1,1,1
1998,Leicester City,Southampton,2,0,1,1,2,2,1
1998,Leicester City,Wimbledon,1,1,1,1,2,0,0
1998,Liverpool,Blackburn Rovers,2,0,1,1,2,2,1
1998,Liverpool,Coventry City,2,0,1,1,2,2,1
1998,Liverpool,Middlesbrough,3,1,1,1,4,2,1
1998,Manchester United,Liverpool,2,0,1,1,2,2,1
1998,Manchester United,Nottingham Forest,3,0,1,1,3,3,1
1998,Middlesbrough,Leicester City,0,0,1,1,0,0,0
1998,Middlesbrough,Wimbledon,3,1,1,1,4,2,1
1998,Newcastle United,Blackburn Rovers,1,1,1,1,2,0,0
1998,Newcastle United,Leeds United,0,3,1,1,3,-3,0
1998,Newcastle United,Manchester United,1,2,1,1,3,-1,0
1998,Newcastle United,Sheffield Wednesday,1,1,1,1,2,0,0
1998,Newcastle United,West Ham United,0,3,1,1,3,-3,0
1998,Nottingham Forest,Aston Villa,2,2,1,1,4,0,0
1998,Nottingham Forest,Chelsea,1,3,1,1,4,-2,0
1998,Nottingham Forest,Everton,0,2,1,1,2,-2,0
1998,Nottingham Forest,Newcastle United,1,2,1,1,3,-1,0
1998,Nottingham Forest,Tottenham Hotspur,0,1,1,1,1,-1,0
1998,Sheffield Wednesday,Arsenal,1,0,1,1,1,1,1
1998,Southampton,Coventry City,2,1,1,1,3,1,1
1998,Southampton,Leeds United,3,0,1,1,3,3,1
1998,Tottenham Hotspur,Aston Villa,1,0,1,1,1,1,1
1998,Tottenham Hotspur,Everton,4,1,1,1,5,3,1
1998,Tottenham Hotspur,Liverpool,2,1,1,1,3,1,1
1998,Tottenham Hotspur,Newcastle United,2,0,1,1,2,2,1
1998,Tottenham Hotspur,Southampton,3,0,1,1,3,3,1
1998,West Ham United,Arsenal,0,4,1,1,4,-4,0
1998,West Ham United,Leicester City,3,2,1,1,5,1,1
1998,West Ham United,Sheffield Wednesday,0,4,1,1,4,-4,0
1998,West Ham United,Wimbledon,3,4,1,1,7,-1,0
1998,Wimbledon,Manchester United,1,1,1,1,2,0,0
1998,Wimbledon,Tottenham Hotspur,3,1,1,1,4,2,1
1998,Barnsley,Grimsby Town,0,0,2,2,0,0,0
1998,Barnsley,Portsmouth,2,1,2,2,3,1,1
1998,Birmingham City,Crewe Alexandra,3,1,2,2,4,2,1
1998,Birmingham City,Oxford United,0,1,2,2,1,-1,0
1998,Birmingham City,Sunderland,0,0,2,2,0,0,0
1998,Bolton Wanderers,Barnsley,3,3,2,2,6,0,0
1998,Bolton Wanderers,Bristol City,1,0,2,2,1,1,1
1998,Bolton Wanderers,Ipswich Town,2,0,2,2,2,2,1
1998,Bolton Wanderers,Port Vale,3,1,2,2,4,2,1
1998,Bolton Wanderers,Sheffield United,2,2,2,2,4,0,0
1998,Bolton Wanderers,Swindon Town,2,1,2,2,3,1,1
1998,Bradford City,Birmingham City,2,1,2,2,3,1,1
1998,Bradford City,Bury,3,0,2,2,3,3,1
1998,Bradford City,Portsmouth,2,1,2,2,3,1,1
1998,Bradford City,Stockport County,1,2,2,2,3,-1,0
1998,Bradford City,Wolverhampton Wanderers,2,1,2,2,3,1,1
1998,Bristol City,Oxford United,2,2,2,2,4,0,0
1998,Bristol City,Sunderland,0,1,2,2,1,-1,0
1998,Bristol City,Watford,1,4,2,2,5,-3,0
1998,Bury,Barnsley,0,0,2,2,0,0,0
1998,Bury,Bradford City,0,2,2,2,2,-2,0
1998,Bury,Crystal Palace,0,0,2,2,0,0,0
1998,Bury,Sheffield United,3,3,2,2,6,0,0
1998,Bury,Swindon Town,3,0,2,2,3,3,1
1998,Bury,West Bromwich Albion,2,0,2,2,2,2,1
1998,Crewe Alexandra,Bristol City,1,0,2,2,1,1,1
1998,Crewe Alexandra,Norwich City,3,2,2,2,5,1,1
1998,Crewe Alexandra,Stockport County,0,2,2,2,2,-2,0
1998,Crystal Palace,Bolton Wanderers,2,2,2,2,4,0,0
1998,Crystal Palace,Queens Park Rangers,1,1,2,2,2,0,0
1998,Grimsby Town,Crewe Alexandra,1,1,2,2,2,0,0
1998,Grimsby Town,Ipswich Town,0,0,2,2,0,0,0
1998,Grimsby Town,Sheffield United,1,2,2,2,3,-1,0
1998,Huddersfield Town,Bristol City,2,2,2,2,4,0,0
1998,Huddersfield Town,Crystal Palace,4,0,2,2,4,4,1
1998,Huddersfield Town,Norwich City,1,1,2,2,2,0,0
1998,Huddersfield Town,Stockport County,3,0,2,2,3,3,1
1998,Huddersfield Town,Tranmere Rovers,0,0,2,2,0,0,0
1998,Ipswich Town,Bury,0,0,2,2,0,0,0
1998,Ipswich Town,Grimsby Town,0,1,2,2,1,-1,0
1998,Ipswich Town,Watford,3,2,2,2,5,1,1
1998,Norwich City,Barnsley,0,0,2,2,0,0,0
1998,Norwich City,Port Vale,3,4,2,2,7,-1,0
1998,Oxford United,Birmingham City,1,7,2,2,8,-6,0
1998,Oxford United,Ipswich Town,3,3,2,2,6,0,0
1998,Oxford United,Portsmouth,3,0,2,2,3,3,1
1998,Oxford United,Tranmere Rovers,1,2,2,2,3,-1,0
1998,Oxford United,Wolverhampton Wanderers,0,2,2,2,2,-2,0
1998,Port Vale,Grimsby Town,0,1,2,2,1,-1,0
1998,Port Vale,Sunderland,0,2,2,2,2,-2,0
1998,Portsmouth,Barnsley,1,3,2,2,4,-2,0
1998,Portsmouth,Bradford City,2,4,2,2,6,-2,0
1998,Portsmouth,Crewe Alexandra,2,0,2,2,2,2,1
1998,Portsmouth,Sheffield United,1,0,2,2,1,1,1
1998,Portsmouth,Swindon Town,5,2,2,2,7,3,1
1998,Queens Park Rangers,Crystal Palace,6,0,2,2,6,6,1
1998,Queens Park Rangers,Ipswich Town,1,1,2,2,2,0,0
1998,Queens Park Rangers,Wolverhampton Wanderers,0,1,2,2,1,-1,0
1998,Sheffield United,Bolton Wanderers,1,2,2,2,3,-1,0
1998,Sheffield United,Bury,3,1,2,2,4,2,1
1998,Sheffield United,Norwich City,2,1,2,2,3,1,1
1998,Sheffield United,Portsmouth,2,1,2,2,3,1,1
1998,Sheffield United,Sunderland,0,4,2,2,4,-4,0
1998,Sheffield United,Watford,3,0,2,2,3,3,1
1998,Stockport County,Bradford City,1,2,2,2,3,-1,0
1998,Stockport County,Crewe Alexandra,1,1,2,2,2,0,0
1998,Stockport County,Oxford United,2,0,2,2,2,2,1
1998,Stockport County,West Bromwich Albion,2,2,2,2,4,0,0
1998,Sunderland,Ipswich Town,2,1,2,2,3,1,1
1998,Sunderland,Sheffield United,0,0,2,2,0,0,0
1998,Sunderland,Tranmere Rovers,5,0,2,2,5,5,1
1998,Sunderland,Wolverhampton Wanderers,2,1,2,2,3,1,1
1998,Swindon Town,Bury,1,1,2,2,2,0,0
1998,Swindon Town,Norwich City,1,1,2,2,2,0,0
1998,Swindon Town,Portsmouth,3,3,2,2,6,0,0
1998,Swindon Town,Stockport County,2,3,2,2,5,-1,0
1998,Tranmere Rovers,Crewe Alexandra,3,0,2,2,3,3,1
1998,Tranmere Rovers,Queens Park Rangers,3,2,2,2,5,1,1
1998,Tranmere Rovers,West Bromwich Albion,3,1,2,2,4,2,1
1998,Watford,Birmingham City,1,1,2,2,2,0,0
1998,Watford,Ipswich Town,1,0,2,2,1,1,1
1998,Watford,Port Vale,2,2,2,2,4,0,0
1998,Watford,Sheffield United,1,1,2,2,2,0,0
1998,Watford,Swindon Town,0,1,2,2,1,-1,0
1998,Watford,Wolverhampton Wanderers,0,2,2,2,2,-2,0
1998,West Bromwich Albion,Bolton Wanderers,2,3,2,2,5,-1,0
1998,West Bromwich Albion,Grimsby Town,1,1,2,2,2,0,0
1998,West Bromwich Albion,Norwich City,2,0,2,2,2,2,1
1998,West Bromwich Albion,Portsmouth,2,2,2,2,4,0,0
1998,West Bromwich Albion,Stockport County,3,1,2,2,4,2,1
1998,West Bromwich Albion,Tranmere Rovers,0,2,2,2,2,-2,0
1998,Wolverhampton Wanderers,Barnsley,1,1,2,2,2,0,0
1998,Wolverhampton Wanderers,Oxford United,1,1,2,2,2,0,0
1998,Wolverhampton Wanderers,Sunderland,1,1,2,2,2,0,0
1998,AFC Bournemouth,Bristol Rovers,1,0,3,3,1,1,1
1998,AFC Bournemouth,Lincoln City,2,0,3,3,2,2,1
1998,AFC Bournemouth,Manchester City,0,0,3,3,0,0,0
1998,AFC Bournemouth,Wigan Athletic,1,0,3,3,1,1,1
1998,AFC Bournemouth,York City,2,1,3,3,3,1,1
1998,Blackpool,Burnley,0,2,3,3,2,-2,0
1998,Blackpool,Fulham,2,3,3,3,5,-1,0
1998,Blackpool,Luton Town,1,0,3,3,1,1,1
1998,Blackpool,Wrexham,1,1,3,3,2,0,0
1998,Bristol Rovers,Chesterfield,0,0,3,3,0,0,0
1998,Bristol Rovers,Gillingham,0,1,3,3,1,-1,0
1998,Bristol Rovers,Macclesfield,0,0,3,3,0,0,0
1998,Bristol Rovers,Northampton Town,1,1,3,3,2,0,0
1998,Bristol Rovers,Preston North End,2,2,3,3,4,0,0
1998,Bristol Rovers,Wycombe Wanderers,0,2,3,3,2,-2,0
1998,Burnley,Lincoln City,1,1,3,3,2,0,0
1998,Burnley,Wigan Athletic,1,1,3,3,2,0,0
1998,Chesterfield,Fulham,1,0,3,3,1,1,1
1998,Chesterfield,Luton Town,3,1,3,3,4,2,1
1998,Chesterfield,Millwall,2,1,3,3,3,1,1
1998,Chesterfield,Oldham Athletic,1,3,3,3,4,-2,0
1998,Colchester United,AFC Bournemouth,2,1,3,3,3,1,1
1998,Colchester United,Burnley,0,4,3,3,4,-4,0
1998,Colchester United,Gillingham,1,1,3,3,2,0,0
1998,Fulham,Blackpool,4,0,3,3,4,4,1
1998,Fulham,Chesterfield,2,1,3,3,3,1,1
1998,Fulham,Lincoln City,1,0,3,3,1,1,1
1998,Fulham,Manchester City,3,0,3,3,3,3,1
1998,Fulham,Notts County,2,1,3,3,3,1,1
1998,Fulham,Reading,3,1,3,3,4,2,1
1998,Fulham,York City,3,3,3,3,6,0,0
1998,Gillingham,Millwall,1,1,3,3,2,0,0
1998,Gillingham,Stoke City,4,0,3,3,4,4,1
1998,Lincoln City,AFC Bournemouth,2,1,3,3,3,1,1
1998,Lincoln City,Burnley,1,1,3,3,2,0,0
1998,Lincoln City,Fulham,1,2,3,3,3,-1,0
1998,Lincoln City,Macclesfield,1,0,3,3,1,1,1
1998,Lincoln City,Northampton Town,1,0,3,3,1,1,1
1998,Lincoln City,Wycombe Wanderers,0,1,3,3,1,-1,0
1998,Luton Town,Chesterfield,1,0,3,3,1,1,1
1998,Luton Town,Manchester City,1,1,3,3,2,0,0
1998,Luton Town,Notts County,0,1,3,3,1,-1,0
1998,Luton Town,York City,2,1,3,3,3,1,1
1998,Macclesfield,Bristol Rovers,3,4,3,3,7,-1,0
1998,Macclesfield,Lincoln City,0,0,3,3,0,0,0
1998,Macclesfield,Oldham Athletic,1,0,3,3,1,1,1
1998,Macclesfield,Stoke City,1,2,3,3,3,-1,0
1998,Manchester City,Burnley,2,2,3,3,4,0,0
1998,Manchester City,Fulham,3,0,3,3,3,3,1
1998,Manchester City,Northampton Town,0,0,3,3,0,0,0
1998,Manchester City,Preston North End,0,1,3,3,1,-1,0
1998,Millwall,Blackpool,1,0,3,3,1,1,1
1998,Millwall,Gillingham,3,3,3,3,6,0,0
1998,Millwall,Notts County,1,3,3,3,4,-2,0
1998,Millwall,Reading,1,1,3,3,2,0,0
1998,Millwall,Wigan Athletic,3,1,3,3,4,2,1
1998,Millwall,York City,3,1,3,3,4,2,1
1998,Northampton Town,Bristol Rovers,3,1,3,3,4,2,1
1998,Northampton Town,Lincoln City,0,0,3,3,0,0,0
1998,Northampton Town,Manchester City,2,2,3,3,4,0,0
1998,Northampton Town,Oldham Athletic,1,1,3,3,2,0,0
1998,Northampton Town,Wrexham,0,2,3,3,2,-2,0
1998,Notts County,Burnley,0,0,3,3,0,0,0
1998,Notts County,Fulham,1,0,3,3,1,1,1
1998,Notts County,Luton Town,1,2,3,3,3,-1,0
1998,Notts County,Millwall,3,1,3,3,4,2,1
1998,Notts County,Walsall,2,1,3,3,3,1,1
1998,Oldham Athletic,Reading,2,0,3,3,2,2,1
1998,Oldham Athletic,York City,0,2,3,3,2,-2,0
1998,Preston North End,Colchester United,2,0,3,3,2,2,1
1998,Preston North End,Lincoln City,5,0,3,3,5,5,1
1998,Preston North End,Notts County,1,1,3,3,2,0,0
1998,Preston North End,Stoke City,3,4,3,3,7,-1,0
1998,Reading,AFC Bournemouth,3,3,3,3,6,0,0
1998,Reading,Burnley,1,1,3,3,2,0,0
1998,Reading,Fulham,0,1,3,3,1,-1,0
1998,Reading,Millwall,2,0,3,3,2,2,1
1998,Reading,Oldham Athletic,1,1,3,3,2,0,0
1998,Stoke City,Chesterfield,0,0,3,3,0,0,0
1998,Stoke City,Gillingham,0,0,3,3,0,0,0
1998,Stoke City,Macclesfield,2,0,3,3,2,2,1
1998,Stoke City,Northampton Town,3,1,3,3,4,2,1
1998,Stoke City,Wigan Athletic,2,1,3,3,3,1,1
1998,Stoke City,York City,2,0,3,3,2,2,1
1998,Walsall,Bristol Rovers,3,3,3,3,6,0,0
1998,Walsall,Lincoln City,2,1,3,3,3,1,1
1998,Walsall,Notts County,3,2,3,3,5,1,1
1998,Walsall,Wrexham,1,0,3,3,1,1,1
1998,Wigan Athletic,AFC Bournemouth,2,1,3,3,3,1,1
1998,Wigan Athletic,Fulham,2,0,3,3,2,2,1
1998,Wigan Athletic,Luton Town,1,3,3,3,4,-2,0
1998,Wigan Athletic,Stoke City,2,3,3,3,5,-1,0
1998,Wigan Athletic,Wycombe Wanderers,0,0,3,3,0,0,0
1998,Wrexham,Blackpool,1,1,3,3,2,0,0
1998,Wrexham,Gillingham,2,1,3,3,3,1,1
1998,Wrexham,Walsall,2,1,3,3,3,1,1
1998,Wycombe Wanderers,Lincoln City,4,1,3,3,5,3,1
1998,Wycombe Wanderers,Notts County,1,1,3,3,2,0,0
1998,York City,AFC Bournemouth,0,1,3,3,1,-1,0
1998,York City,Burnley,3,3,3,3,6,0,0
1998,York City,Fulham,0,3,3,3,3,-3,0
1998,York City,Oldham Athletic,0,1,3,3,1,-1,0
1998,York City,Stoke City,2,2,3,3,4,0,0
1998,Barnet,Carlisle United,1,0,4,4,1,1,1
1998,Barnet,Exeter City,0,1,4,4,1,-1,0
1998,Barnet,Hull City,4,1,4,4,5,3,1
1998,Barnet,Peterborough United,1,9,4,4,10,-8,0
1998,Barnet,Rotherham United,4,2,4,4,6,2,1
1998,Barnet,Shrewsbury Town,2,2,4,4,4,0,0
1998,Brentford,Halifax Town,1,1,4,4,2,0,0
1998,Brentford,Plymouth Argyle,3,1,4,4,4,2,1
1998,Brentford,Scarborough,1,1,4,4,2,0,0
1998,Brentford,Southend United,4,1,4,4,5,3,1
1998,Brighton & Hove Albion,Hartlepool United,3,2,4,4,5,1,1
1998,Brighton & Hove Albion,Swansea City,1,0,4,4,1,1,1
1998,Cambridge United,Brentford,0,1,4,4,1,-1,0
1998,Cambridge United,Carlisle United,1,0,4,4,1,1,1
1998,Cambridge United,Exeter City,1,1,4,4,2,0,0
1998,Cambridge United,Peterborough United,1,1,4,4,2,0,0
1998,Cambridge United,Torquay United,2,0,4,4,2,2,1
1998,Cardiff City,Brighton & Hove Albion,2,0,4,4,2,2,1
1998,Cardiff City,Chester,0,0,4,4,0,0,0
1998,Cardiff City,Leyton Orient,0,0,4,4,0,0,0
1998,Cardiff City,Plymouth Argyle,1,0,4,4,1,1,1
1998,Cardiff City,Scarborough,1,0,4,4,1,1,1
1998,Carlisle United,Darlington,3,3,4,4,6,0,0
1998,Carlisle United,Hartlepool United,2,1,4,4,3,1,1
1998,Carlisle United,Mansfield Town,0,0,4,4,0,0,0
1998,Carlisle United,Scunthorpe United,0,1,4,4,1,-1,0
1998,Carlisle United,Swansea City,1,2,4,4,3,-1,0
1998,Chester,Brentford,1,3,4,4,4,-2,0
1998,Chester,Exeter City,0,0,4,4,0,0,0
1998,Chester,Hull City,2,2,4,4,4,0,0
1998,Chester,Peterborough United,1,0,4,4,1,1,1
1998,Chester,Shrewsbury Town,1,1,4,4,2,0,0
1998,Chester,Torquay United,2,0,4,4,2,2,1
1998,Darlington,Brighton & Hove Albion,1,2,4,4,3,-1,0
1998,Darlington,Leyton Orient,1,1,4,4,2,0,0
1998,Darlington,Plymouth Argyle,1,2,4,4,3,-1,0
1998,Exeter City,Chester,0,1,4,4,1,-1,0
1998,Exeter City,Swansea City,4,0,4,4,4,4,1
1998,Halifax Town,Brentford,1,0,4,4,1,1,1
1998,Halifax Town,Darlington,0,0,4,4,0,0,0
1998,Halifax Town,Hull City,0,1,4,4,1,-1,0
1998,Halifax Town,Peterborough United,2,2,4,4,4,0,0
1998,Halifax Town,Rotherham United,2,4,4,4,6,-2,0
1998,Halifax Town,Shrewsbury Town,2,0,4,4,2,2,1
1998,Hartlepool United,Brighton & Hove Albion,0,0,4,4,0,0,0
1998,Hartlepool United,Carlisle United,0,0,4,4,0,0,0
1998,Hartlepool United,Exeter City,4,3,4,4,7,1,1
1998,Hartlepool United,Southend United,2,4,4,4,6,-2,0
1998,Hull City,Barnet,1,1,4,4,2,0,0
1998,Hull City,Mansfield Town,0,0,4,4,0,0,0
1998,Hull City,Swansea City,0,2,4,4,2,-2,0
1998,Leyton Orient,Cardiff City,1,1,4,4,2,0,0
1998,Leyton Orient,Darlington,3,2,4,4,5,1,1
1998,Leyton Orient,Hartlepool United,1,1,4,4,2,0,0
1998,Leyton Orient,Rotherham United,1,4,4,4,5,-3,0
1998,Leyton Orient,Torquay United,2,0,4,4,2,2,1
1998,Mansfield Town,Exeter City,0,1,4,4,1,-1,0
1998,Mansfield Town,Scarborough,3,2,4,4,5,1,1
1998,Mansfield Town,Southend United,0,0,4,4,0,0,0
1998,Peterborough United,Barnet,5,2,4,4,7,3,1
1998,Peterborough United,Cambridge United,2,1,4,4,3,1,1
1998,Peterborough United,Chester,3,0,4,4,3,3,1
1998,Peterborough United,Halifax Town,0,2,4,4,2,-2,0
1998,Peterborough United,Rochdale,2,0,4,4,2,2,1
1998,Peterborough United,Swansea City,0,1,4,4,1,-1,0
1998,Plymouth Argyle,Mansfield Town,3,0,4,4,3,3,1
1998,Plymouth Argyle,Rotherham United,1,0,4,4,1,1,1
1998,Plymouth Argyle,Shrewsbury Town,2,0,4,4,2,2,1
1998,Plymouth Argyle,Torquay United,0,0,4,4,0,0,0
1998,Rotherham United,Barnet,1,1,4,4,2,0,0
1998,Rotherham United,Cambridge United,2,0,4,4,2,2,1
1998,Rotherham United,Chester,2,4,4,4,6,-2,0
1998,Rotherham United,Halifax Town,3,1,4,4,4,2,1
1998,Rotherham United,Scunthorpe United,0,0,4,4,0,0,0
1998,Scarborough,Brentford,3,1,4,4,4,2,1
1998,Scarborough,Darlington,0,2,4,4,2,-2,0
1998,Scarborough,Mansfield Town,2,3,4,4,5,-1,0
1998,Scarborough,Rochdale,1,0,4,4,1,1,1
1998,Scarborough,Torquay United,1,1,4,4,2,0,0
1998,Scunthorpe United,Exeter City,2,0,4,4,2,2,1
1998,Scunthorpe United,Rotherham United,4,3,4,4,7,1,1
1998,Scunthorpe United,Southend United,1,1,4,4,2,0,0
1998,Shrewsbury Town,Barnet,0,2,4,4,2,-2,0
1998,Shrewsbury Town,Chester,2,0,4,4,2,2,1
1998,Shrewsbury Town,Leyton Orient,1,1,4,4,2,0,0
1998,Shrewsbury Town,Plymouth Argyle,2,1,4,4,3,1,1
1998,Shrewsbury Town,Scarborough,3,1,4,4,4,2,1
1998,Southend United,Mansfield Town,1,2,4,4,3,-1,0
1998,Southend United,Torquay United,0,0,4,4,0,0,0
1998,Swansea City,Brighton & Hove Albion,2,2,4,4,4,0,0
1998,Swansea City,Carlisle United,1,1,4,4,2,0,0
1998,Swansea City,Exeter City,2,0,4,4,2,2,1
1998,Swansea City,Hull City,2,0,4,4,2,2,1
1998,Swansea City,Peterborough United,0,0,4,4,0,0,0
1998,Swansea City,Rotherham United,1,1,4,4,2,0,0
1998,Torquay United,Leyton Orient,1,1,4,4,2,0,0
1999,Aston Villa,Arsenal,1,1,1,1,2,0,0
1999,Aston Villa,Coventry City,1,0,1,1,1,1,1
1999,Aston Villa,Manchester United,0,1,1,1,1,-1,0
1999,Aston Villa,Sheffield Wednesday,2,1,1,1,3,1,1
1999,Aston Villa,Wimbledon,1,1,1,1,2,0,0
1999,Bradford City,Everton,0,0,1,1,0,0,0
1999,Bradford City,Newcastle United,2,0,1,1,2,2,1
1999,Bradford City,West Ham United,0,3,1,1,3,-3,0
1999,Chelsea,Middlesbrough,1,1,1,1,2,0,0
1999,Chelsea,Southampton,1,1,1,1,2,0,0
1999,Chelsea,Watford,2,1,1,1,3,1,1
1999,Coventry City,Arsenal,3,2,1,1,5,1,1
1999,Coventry City,Chelsea,2,2,1,1,4,0,0
1999,Coventry City,Leeds United,3,4,1,1,7,-1,0
1999,Derby County,Everton,1,0,1,1,1,1,1
1999,Derby County,Liverpool,0,2,1,1,2,-2,0
1999,Derby County,Newcastle United,0,0,1,1,0,0,0
1999,Derby County,Sunderland,0,5,1,1,5,-5,0
1999,Derby County,West Ham United,1,2,1,1,3,-1,0
1999,Everton,Coventry City,1,1,1,1,2,0,0
1999,Everton,Leicester City,2,2,1,1,4,0,0
1999,Everton,Middlesbrough,0,2,1,1,2,-2,0
1999,Leeds United,Arsenal,0,4,1,1,4,-4,0
1999,Leeds United,Chelsea,0,1,1,1,1,-1,0
1999,Leeds United,Everton,1,1,1,1,2,0,0
1999,Leeds United,Sheffield Wednesday,2,0,1,1,2,2,1
1999,Leeds United,Tottenham Hotspur,1,0,1,1,1,1,1
1999,Leicester City,Bradford City,3,0,1,1,3,3,1
1999,Leicester City,Newcastle United,1,2,1,1,3,-1,0
1999,Leicester City,Sunderland,5,2,1,1,7,3,1
1999,Liverpool,Aston Villa,0,0,1,1,0,0,0
1999,Liverpool,Middlesbrough,0,0,1,1,0,0,0
1999,Liverpool,Southampton,0,0,1,1,0,0,0
1999,Liverpool,Watford,0,1,1,1,1,-1,0
1999,Manchester United,Chelsea,3,2,1,1,5,1,1
1999,Manchester United,Sheffield Wednesday,4,0,1,1,4,4,1
1999,Manchester United,Tottenham Hotspur,3,1,1,1,4,2,1
1999,Manchester United,Wimbledon,1,1,1,1,2,0,0
1999,Middlesbrough,Newcastle United,2,2,1,1,4,0,0
1999,Middlesbrough,West Ham United,2,0,1,1,2,2,1
1999,Newcastle United,Aston Villa,0,1,1,1,1,-1,0
1999,Newcastle United,Southampton,5,0,1,1,5,5,1
1999,Sheffield Wednesday,Arsenal,1,1,1,1,2,0,0
1999,Sheffield Wednesday,Everton,0,2,1,1,2,-2,0
1999,Sheffield Wednesday,Wimbledon,5,1,1,1,6,4,1
1999,Southampton,Bradford City,1,0,1,1,1,1,1
1999,Southampton,Derby County,3,3,1,1,6,0,0
1999,Southampton,Middlesbrough,1,1,1,1,2,0,0
1999,Southampton,Sunderland,1,2,1,1,3,-1,0
1999,Southampton,West Ham United,2,1,1,1,3,1,1
1999,Sunderland,Aston Villa,2,1,1,1,3,1,1
1999,Sunderland,Leeds United,1,2,1,1,3,-1,0
1999,Sunderland,Manchester United,2,2,1,1,4,0,0
1999,Tottenham Hotspur,Arsenal,2,1,1,1,3,1,1
1999,Tottenham Hotspur,Chelsea,0,1,1,1,1,-1,0
1999,Tottenham Hotspur,Liverpool,1,0,1,1,1,1,1
1999,Tottenham Hotspur,Newcastle United,3,1,1,1,4,2,1
1999,Tottenham Hotspur,Sunderland,3,1,1,1,4,2,1
1999,Tottenham Hotspur,Wimbledon,2,0,1,1,2,2,1
1999,Watford,Derby County,0,0,1,1,0,0,0
1999,Watford,Leicester City,1,1,1,1,2,0,0
1999,Watford,Middlesbrough,1,3,1,1,4,-2,0
1999,Watford,West Ham United,1,2,1,1,3,-1,0
1999,West Ham United,Aston Villa,1,1,1,1,2,0,0
1999,West Ham United,Sheffield Wednesday,4,3,1,1,7,1,1
1999,West Ham United,Tottenham Hotspur,1,0,1,1,1,1,1
1999,Wimbledon,Arsenal,1,3,1,1,4,-2,0
1999,Wimbledon,Liverpool,1,2,1,1,3,-1,0
1999,Wimbledon,Newcastle United,2,0,1,1,2,2,1
1999,Wimbledon,Sunderland,1,0,1,1,1,1,1
1999,Barnsley,Crystal Palace,2,3,2,2,5,-1,0
1999,Barnsley,Norwich City,2,1,2,2,3,1,1
1999,Barnsley,Portsmouth,6,0,2,2,6,6,1
1999,Birmingham City,Barnsley,3,1,2,2,4,2,1
1999,Birmingham City,Charlton Athletic,1,0,2,2,1,1,1
1999,Birmingham City,Fulham,2,2,2,2,4,0,0
1999,Birmingham City,Ipswich Town,1,1,2,2,2,0,0
1999,Birmingham City,Queens Park Rangers,2,0,2,2,2,2,1
1999,Birmingham City,Swindon Town,1,1,2,2,2,0,0
1999,Blackburn Rovers,Grimsby Town,1,1,2,2,2,0,0
1999,Blackburn Rovers,Manchester City,1,4,2,2,5,-3,0
1999,Blackburn Rovers,Port Vale,0,0,2,2,0,0,0
1999,Blackburn Rovers,Tranmere Rovers,2,0,2,2,2,2,1
1999,Bolton Wanderers,Huddersfield Town,1,0,2,2,1,1,1
1999,Bolton Wanderers,Portsmouth,3,0,2,2,3,3,1
1999,Charlton Athletic,Bolton Wanderers,2,1,2,2,3,1,1
1999,Charlton Athletic,Fulham,1,0,2,2,1,1,1
1999,Charlton Athletic,Ipswich Town,1,3,2,2,4,-2,0
1999,Charlton Athletic,Nottingham Forest,3,0,2,2,3,3,1
1999,Charlton Athletic,Queens Park Rangers,2,1,2,2,3,1,1
1999,Charlton Athletic,West Bromwich Albion,0,0,2,2,0,0,0
1999,Crewe Alexandra,Birmingham City,2,3,2,2,5,-1,0
1999,Crewe Alexandra,Charlton Athletic,0,2,2,2,2,-2,0
1999,Crewe Alexandra,Port Vale,2,1,2,2,3,1,1
1999,Crewe Alexandra,Tranmere Rovers,0,2,2,2,2,-2,0
1999,Crewe Alexandra,Wolverhampton Wanderers,1,0,2,2,1,1,1
1999,Crystal Palace,Huddersfield Town,2,2,2,2,4,0,0
1999,Crystal Palace,Norwich City,1,0,2,2,1,1,1
1999,Crystal Palace,Stockport County,3,3,2,2,6,0,0
1999,Fulham,Barnsley,1,3,2,2,4,-2,0
1999,Fulham,Queens Park Rangers,1,0,2,2,1,1,1
1999,Grimsby Town,Birmingham City,1,1,2,2,2,0,0
1999,Grimsby Town,Fulham,1,1,2,2,2,0,0
1999,Grimsby Town,Port Vale,2,0,2,2,2,2,1
1999,Grimsby Town,Sheffield United,2,2,2,2,4,0,0
1999,Grimsby Town,Wolverhampton Wanderers,1,0,2,2,1,1,1
1999,Huddersfield Town,Blackburn Rovers,3,2,2,2,5,1,1
1999,Huddersfield Town,Crewe Alexandra,3,0,2,2,3,3,1
1999,Huddersfield Town,Grimsby Town,3,1,2,2,4,2,1
1999,Huddersfield Town,Portsmouth,0,1,2,2,1,-1,0
1999,Huddersfield Town,Walsall,1,1,2,2,2,0,0
1999,Ipswich Town,Bolton Wanderers,1,0,2,2,1,1,1
1999,Ipswich Town,Huddersfield Town,2,1,2,2,3,1,1
1999,Ipswich Town,Queens Park Rangers,1,4,2,2,5,-3,0
1999,Ipswich Town,West Bromwich Albion,3,1,2,2,4,2,1
1999,Manchester City,Port Vale,2,1,2,2,3,1,1
1999,Manchester City,Tranmere Rovers,2,0,2,2,2,2,1
1999,Norwich City,Manchester City,1,0,2,2,1,1,1
1999,Norwich City,Stockport County,2,0,2,2,2,2,1
1999,Norwich City,Walsall,1,1,2,2,2,0,0
1999,Nottingham Forest,Bolton Wanderers,1,1,2,2,2,0,0
1999,Nottingham Forest,Crystal Palace,2,0,2,2,2,2,1
1999,Nottingham Forest,Huddersfield Town,1,3,2,2,4,-2,0
1999,Nottingham Forest,Norwich City,1,1,2,2,2,0,0
1999,Nottingham Forest,West Bromwich Albion,0,0,2,2,0,0,0
1999,Port Vale,Birmingham City,3,1,2,2,4,2,1
1999,Port Vale,Ipswich Town,1,2,2,2,3,-1,0
1999,Port Vale,Nottingham Forest,0,2,2,2,2,-2,0
1999,Portsmouth,Blackburn Rovers,1,2,2,2,3,-1,0
1999,Portsmouth,Crewe Alexandra,0,2,2,2,2,-2,0
1999,Portsmouth,Grimsby Town,1,2,2,2,3,-1,0
1999,Queens Park Rangers,Barnsley,2,2,2,2,4,0,0
1999,Queens Park Rangers,Huddersfield Town,3,1,2,2,4,2,1
1999,Queens Park Rangers,Portsmouth,0,0,2,2,0,0,0
1999,Queens Park Rangers,West Bromwich Albion,0,0,2,2,0,0,0
1999,Sheffield United,Birmingham City,1,2,2,2,3,-1,0
1999,Sheffield United,Charlton Athletic,1,2,2,2,3,-1,0
1999,Sheffield United,Fulham,2,0,2,2,2,2,1
1999,Sheffield United,Nottingham Forest,2,1,2,2,3,1,1
1999,Sheffield United,Tranmere Rovers,3,1,2,2,4,2,1
1999,Stockport County,Grimsby Town,2,1,2,2,3,1,1
1999,Swindon Town,Bolton Wanderers,0,4,2,2,4,-4,0
1999,Swindon Town,Crystal Palace,2,4,2,2,6,-2,0
1999,Swindon Town,Huddersfield Town,2,0,2,2,2,2,1
1999,Swindon Town,Norwich City,0,0,2,2,0,0,0
1999,Swindon Town,Portsmouth,1,1,2,2,2,0,0
1999,Swindon Town,Stockport County,1,1,2,2,2,0,0
1999,Tranmere Rovers,Birmingham City,2,1,2,2,3,1,1
1999,Tranmere Rovers,Charlton Athletic,2,2,2,2,4,0,0
1999,Tranmere Rovers,Fulham,1,1,2,2,2,0,0
1999,Tranmere Rovers,Ipswich Town,0,2,2,2,2,-2,0
1999,Tranmere Rovers,Nottingham Forest,3,0,2,2,3,3,1
1999,Tranmere Rovers,Queens Park Rangers,1,1,2,2,2,0,0
1999,Walsall,Crewe Alexandra,1,4,2,2,5,-3,0
1999,Walsall,Manchester City,0,1,2,2,1,-1,0
1999,West Bromwich Albion,Barnsley,0,2,2,2,2,-2,0
1999,West Bromwich Albion,Bolton Wanderers,4,4,2,2,8,0,0
1999,West Bromwich Albion,Norwich City,1,1,2,2,2,0,0
1999,West Bromwich Albion,Portsmouth,3,2,2,2,5,1,1
1999,West Bromwich Albion,Stockport County,2,0,2,2,2,2,1
1999,West Bromwich Albion,Walsall,0,1,2,2,1,-1,0
1999,Wolverhampton Wanderers,Birmingham City,2,1,2,2,3,1,1
1999,Wolverhampton Wanderers,Fulham,3,0,2,2,3,3,1
1999,Wolverhampton Wanderers,Queens Park Rangers,3,2,2,2,5,1,1
1999,Wolverhampton Wanderers,West Bromwich Albion,1,1,2,2,2,0,0
1999,AFC Bournemouth,Oldham Athletic,3,0,3,3,3,3,1
1999,AFC Bournemouth,Reading,3,1,3,3,4,2,1
1999,AFC Bournemouth,Wigan Athletic,2,2,3,3,4,0,0
1999,Blackpool,Cambridge United,2,1,3,3,3,1,1
1999,Blackpool,Colchester United,1,1,3,3,2,0,0
1999,Blackpool,Millwall,1,2,3,3,3,-1,0
1999,Blackpool,Oxford United,1,1,3,3,2,0,0
1999,Brentford,Cardiff City,2,1,3,3,3,1,1
1999,Brentford,Preston North End,2,2,3,3,4,0,0
1999,Brentford,Stoke City,0,1,3,3,1,-1,0
1999,Brentford,Wycombe Wanderers,0,0,3,3,0,0,0
1999,Bristol City,Chesterfield,3,0,3,3,3,3,1
1999,Bristol City,Luton Town,0,0,3,3,0,0,0
1999,Bristol City,Oldham Athletic,1,1,3,3,2,0,0
1999,Bristol Rovers,AFC Bournemouth,2,2,3,3,4,0,0
1999,Bristol Rovers,Bristol City,2,0,3,3,2,2,1
1999,Bristol Rovers,Millwall,1,0,3,3,1,1,1
1999,Bristol Rovers,Scunthorpe United,1,1,3,3,2,0,0
1999,Bristol Rovers,Wrexham,3,1,3,3,4,2,1
1999,Burnley,Blackpool,1,0,3,3,1,1,1
1999,Burnley,Gillingham,0,3,3,3,3,-3,0
1999,Burnley,Preston North End,0,3,3,3,3,-3,0
1999,Burnley,Stoke City,1,0,3,3,1,1,1
1999,Bury,Chesterfield,1,1,3,3,2,0,0
1999,Bury,Luton Town,1,0,3,3,1,1,1
1999,Bury,Wigan Athletic,2,2,3,3,4,0,0
1999,Cambridge United,Colchester United,5,2,3,3,7,3,1
1999,Cambridge United,Millwall,0,2,3,3,2,-2,0
1999,Cambridge United,Scunthorpe United,1,3,3,3,4,-2,0
1999,Cambridge United,Wrexham,3,4,3,3,7,-1,0
1999,Cardiff City,Bristol Rovers,1,0,3,3,1,1,1
1999,Cardiff City,Notts County,2,1,3,3,3,1,1
1999,Cardiff City,Preston North End,0,4,3,3,4,-4,0
1999,Cardiff City,Stoke City,1,2,3,3,3,-1,0
1999,Cardiff City,Wycombe Wanderers,2,2,3,3,4,0,0
1999,Chesterfield,Brentford,1,0,3,3,1,1,1
1999,Chesterfield,Burnley,1,1,3,3,2,0,0
1999,Chesterfield,Cardiff City,1,1,3,3,2,0,0
1999,Chesterfield,Luton Town,1,3,3,3,4,-2,0
1999,Chesterfield,Oldham Athletic,0,1,3,3,1,-1,0
1999,Chesterfield,Reading,2,0,3,3,2,2,1
1999,Chesterfield,Wigan Athletic,1,1,3,3,2,0,0
1999,Colchester United,AFC Bournemouth,3,1,3,3,4,2,1
1999,Colchester United,Bury,1,3,3,3,4,-2,0
1999,Colchester United,Chesterfield,1,0,3,3,1,1,1
1999,Colchester United,Oxford United,1,2,3,3,3,-1,0
1999,Gillingham,Notts County,0,1,3,3,1,-1,0
1999,Luton Town,Burnley,2,1,3,3,3,1,1
1999,Millwall,AFC Bournemouth,3,1,3,3,4,2,1
1999,Millwall,Chesterfield,1,1,3,3,2,0,0
1999,Millwall,Luton Town,1,0,3,3,1,1,1
1999,Millwall,Scunthorpe United,1,2,3,3,3,-1,0
1999,Millwall,Wrexham,0,0,3,3,0,0,0
1999,Notts County,Blackpool,2,1,3,3,3,1,1
1999,Notts County,Cambridge United,2,3,3,3,5,-1,0
1999,Notts County,Colchester United,1,2,3,3,3,-1,0
1999,Notts County,Wycombe Wanderers,2,1,3,3,3,1,1
1999,Oldham Athletic,Brentford,3,0,3,3,3,3,1
1999,Oldham Athletic,Cardiff City,1,2,3,3,3,-1,0
1999,Oldham Athletic,Notts County,1,2,3,3,3,-1,0
1999,Oldham Athletic,Wigan Athletic,2,1,3,3,3,1,1
1999,Oxford United,Bristol City,3,0,3,3,3,3,1
1999,Oxford United,Luton Town,0,1,3,3,1,-1,0
1999,Oxford United,Oldham Athletic,1,0,3,3,1,1,1
1999,Preston North End,Cambridge United,2,1,3,3,3,1,1
1999,Preston North End,Millwall,3,2,3,3,5,1,1
1999,Preston North End,Oxford United,3,1,3,3,4,2,1
1999,Preston North End,Stoke City,2,1,3,3,3,1,1
1999,Reading,Brentford,1,0,3,3,1,1,1
1999,Reading,Cardiff City,0,1,3,3,1,-1,0
1999,Reading,Wigan Athletic,0,2,3,3,2,-2,0
1999,Scunthorpe United,Luton Town,1,2,3,3,3,-1,0
1999,Scunthorpe United,Wrexham,0,2,3,3,2,-2,0
1999,Stoke City,Blackpool,3,0,3,3,3,3,1
1999,Stoke City,Bristol Rovers,1,2,3,3,3,-1,0
1999,Stoke City,Cambridge United,1,0,3,3,1,1,1
1999,Stoke City,Oxford United,1,2,3,3,3,-1,0
1999,Stoke City,Wycombe Wanderers,1,1,3,3,2,0,0
1999,Wigan Athletic,Brentford,1,0,3,3,1,1,1
1999,Wigan Athletic,Burnley,1,1,3,3,2,0,0
1999,Wigan Athletic,Cardiff City,2,0,3,3,2,2,1
1999,Wigan Athletic,Gillingham,2,0,3,3,2,2,1
1999,Wigan Athletic,Preston North End,0,1,3,3,1,-1,0
1999,Wrexham,Bristol City,0,1,3,3,1,-1,0
1999,Wrexham,Luton Town,1,0,3,3,1,1,1
1999,Wycombe Wanderers,Cambridge United,1,0,3,3,1,1,1
1999,Wycombe Wanderers,Colchester United,3,0,3,3,3,3,1
1999,Wycombe Wanderers,Wrexham,0,1,3,3,1,-1,0
1999,Barnet,Hull City,0,0,4,4,0,0,0
1999,Brighton & Hove Albion,Halifax Town,2,1,4,4,3,1,1
1999,Brighton & Hove Albion,Leyton Orient,0,1,4,4,1,-1,0
1999,Brighton & Hove Albion,Plymouth Argyle,1,1,4,4,2,0,0
1999,Brighton & Hove Albion,Torquay United,0,1,4,4,1,-1,0
1999,Carlisle United,Darlington,1,1,4,4,2,0,0
1999,Carlisle United,Hartlepool United,0,3,4,4,3,-3,0
1999,Carlisle United,Northampton Town,0,1,4,4,1,-1,0
1999,Carlisle United,York City,0,1,4,4,1,-1,0
1999,Cheltenham,Carlisle United,3,1,4,4,4,2,1
1999,Cheltenham,Hull City,1,0,4,4,1,1,1
1999,Cheltenham,Peterborough United,2,1,4,4,3,1,1
1999,Cheltenham,Rotherham United,0,2,4,4,2,-2,0
1999,Chester,Cheltenham,2,1,4,4,3,1,1
1999,Chester,Halifax Town,2,1,4,4,3,1,1
1999,Chester,Shrewsbury Town,0,0,4,4,0,0,0
1999,Darlington,Chester,3,1,4,4,4,2,1
1999,Darlington,Hartlepool United,1,1,4,4,2,0,0
1999,Darlington,Lincoln City,2,0,4,4,2,2,1
1999,Darlington,Rochdale,4,1,4,4,5,3,1
1999,Darlington,Southend United,1,0,4,4,1,1,1
1999,Darlington,York City,2,2,4,4,4,0,0
1999,Exeter City,Carlisle United,1,1,4,4,2,0,0
1999,Exeter City,Darlington,1,4,4,4,5,-3,0
1999,Exeter City,Peterborough United,2,2,4,4,4,0,0
1999,Exeter City,Rotherham United,3,1,4,4,4,2,1
1999,Exeter City,Swansea City,1,1,4,4,2,0,0
1999,Halifax Town,Barnet,1,2,4,4,3,-1,0
1999,Halifax Town,Cheltenham,1,1,4,4,2,0,0
1999,Halifax Town,Exeter City,1,0,4,4,1,1,1
1999,Halifax Town,Mansfield Town,0,1,4,4,1,-1,0
1999,Halifax Town,Shrewsbury Town,2,1,4,4,3,1,1
1999,Halifax Town,Torquay United,2,0,4,4,2,2,1
1999,Hartlepool United,Northampton Town,2,1,4,4,3,1,1
1999,Hartlepool United,Southend United,1,2,4,4,3,-1,0
1999,Hull City,Carlisle United,2,1,4,4,3,1,1
1999,Hull City,Darlington,0,1,4,4,1,-1,0
1999,Hull City,Hartlepool United,0,3,4,4,3,-3,0
1999,Hull City,Macclesfield,2,3,4,4,5,-1,0
1999,Hull City,Swansea City,2,0,4,4,2,2,1
1999,Leyton Orient,Cheltenham,1,0,4,4,1,1,1
1999,Leyton Orient,Mansfield Town,1,3,4,4,4,-2,0
1999,Leyton Orient,Plymouth Argyle,3,0,4,4,3,3,1
1999,Leyton Orient,Shrewsbury Town,1,2,4,4,3,-1,0
1999,Leyton Orient,Torquay United,0,2,4,4,2,-2,0
1999,Lincoln City,Brighton & Hove Albion,1,3,4,4,4,-2,0
1999,Lincoln City,Chester,4,1,4,4,5,3,1
1999,Lincoln City,Halifax Town,1,1,4,4,2,0,0
1999,Lincoln City,Rochdale,1,1,4,4,2,0,0
1999,Macclesfield,Carlisle United,2,1,4,4,3,1,1
1999,Macclesfield,Darlington,2,1,4,4,3,1,1
1999,Macclesfield,Lincoln City,1,1,4,4,2,0,0
1999,Macclesfield,Peterborough United,1,1,4,4,2,0,0
1999,Macclesfield,Swansea City,1,2,4,4,3,-1,0
1999,Mansfield Town,Exeter City,1,1,4,4,2,0,0
1999,Mansfield Town,Hull City,0,1,4,4,1,-1,0
1999,Mansfield Town,Plymouth Argyle,2,2,4,4,4,0,0
1999,Mansfield Town,Shrewsbury Town,4,0,4,4,4,4,1
1999,Northampton Town,Brighton & Hove Albion,1,0,4,4,1,1,1
1999,Northampton Town,Chester,3,1,4,4,4,2,1
1999,Northampton Town,Halifax Town,3,4,4,4,7,-1,0
1999,Northampton Town,Mansfield Town,1,0,4,4,1,1,1
1999,Northampton Town,Rochdale,0,1,4,4,1,-1,0
1999,Northampton Town,York City,3,0,4,4,3,3,1
1999,Peterborough United,Carlisle United,0,2,4,4,2,-2,0
1999,Peterborough United,Hartlepool United,2,1,4,4,3,1,1
1999,Peterborough United,Lincoln City,2,2,4,4,4,0,0
1999,Peterborough United,Swansea City,2,3,4,4,5,-1,0
1999,Plymouth Argyle,Cheltenham,1,0,4,4,1,1,1
1999,Plymouth Argyle,Exeter City,1,0,4,4,1,1,1
1999,Plymouth Argyle,Hull City,0,1,4,4,1,-1,0
1999,Plymouth Argyle,Peterborough United,2,1,4,4,3,1,1
1999,Plymouth Argyle,Shrewsbury Town,0,0,4,4,0,0,0
1999,Rochdale,Halifax Town,0,1,4,4,1,-1,0
1999,Rochdale,Southend United,2,0,4,4,2,2,1
1999,Rotherham United,Carlisle United,4,2,4,4,6,2,1
1999,Rotherham United,Hartlepool United,3,0,4,4,3,3,1
1999,Rotherham United,Lincoln City,1,1,4,4,2,0,0
1999,Rotherham United,Northampton Town,3,0,4,4,3,3,1
1999,Rotherham United,Rochdale,0,1,4,4,1,-1,0
1999,Rotherham United,Swansea City,1,1,4,4,2,0,0
1999,Shrewsbury Town,Hull City,3,0,4,4,3,3,1
1999,Shrewsbury Town,Rotherham United,0,0,4,4,0,0,0
1999,Shrewsbury Town,Torquay United,1,2,4,4,3,-1,0
1999,Southend United,Chester,3,1,4,4,4,2,1
1999,Southend United,Halifax Town,4,1,4,4,5,3,1
1999,Southend United,Plymouth Argyle,2,1,4,4,3,1,1
1999,Southend United,York City,0,0,4,4,0,0,0
1999,Swansea City,Carlisle United,1,0,4,4,1,1,1
1999,Swansea City,Darlington,0,0,4,4,0,0,0
1999,Swansea City,Hartlepool United,2,1,4,4,3,1,1
1999,Swansea City,Lincoln City,2,1,4,4,3,1,1
1999,Swansea City,Northampton Town,4,1,4,4,5,3,1
1999,Torquay United,Barnet,0,1,4,4,1,-1,0
1999,Torquay United,Cheltenham,1,1,4,4,2,0,0
1999,Torquay United,Exeter City,1,0,4,4,1,1,1
1999,Torquay United,Hull City,0,1,4,4,1,-1,0
1999,Torquay United,Macclesfield,3,2,4,4,5,1,1
1999,Torquay United,Rotherham United,2,1,4,4,3,1,1
1999,Torquay United,Swansea City,1,0,4,4,1,1,1
1999,York City,Brighton & Hove Albion,0,0,4,4,0,0,0
1999,York City,Leyton Orient,2,1,4,4,3,1,1
1999,York City,Plymouth Argyle,0,0,4,4,0,0,0
1999,York City,Shrewsbury Town,1,0,4,4,1,1,1
2000,Arsenal,Derby County,0,0,1,1,0,0,0
2000,Aston Villa,Bradford City,2,0,1,1,2,2,1
2000,Aston Villa,Coventry City,3,2,1,1,5,1,1
2000,Aston Villa,Ipswich Town,2,1,1,1,3,1,1
2000,Aston Villa,Liverpool,0,3,1,1,3,-3,0
2000,Aston Villa,Middlesbrough,1,1,1,1,2,0,0
2000,Aston Villa,Sunderland,0,0,1,1,0,0,0
2000,Bradford City,Everton,0,1,1,1,1,-1,0
2000,Charlton Athletic,Newcastle United,2,0,1,1,2,2,1
2000,Charlton Athletic,Tottenham Hotspur,1,0,1,1,1,1,1
2000,Chelsea,Aston Villa,1,0,1,1,1,1,1
2000,Chelsea,Ipswich Town,4,1,1,1,5,3,1
2000,Chelsea,Liverpool,3,0,1,1,3,3,1
2000,Chelsea,Middlesbrough,2,1,1,1,3,1,1
2000,Chelsea,Sunderland,2,4,1,1,6,-2,0
2000,Coventry City,Charlton Athletic,2,2,1,1,4,0,0
2000,Coventry City,Everton,1,3,1,1,4,-2,0
2000,Coventry City,Leicester City,1,0,1,1,1,1,1
2000,Coventry City,Southampton,1,1,1,1,2,0,0
2000,Derby County,Coventry City,1,0,1,1,1,1,1
2000,Derby County,Leeds United,1,1,1,1,2,0,0
2000,Derby County,Manchester City,1,1,1,1,2,0,0
2000,Derby County,Newcastle United,2,0,1,1,2,2,1
2000,Derby County,Tottenham Hotspur,2,1,1,1,3,1,1
2000,Everton,Aston Villa,0,1,1,1,1,-1,0
2000,Everton,Chelsea,2,1,1,1,3,1,1
2000,Everton,Ipswich Town,0,3,1,1,3,-3,0
2000,Everton,Liverpool,2,3,1,1,5,-1,0
2000,Everton,Sunderland,2,2,1,1,4,0,0
2000,Ipswich Town,Arsenal,1,1,1,1,2,0,0
2000,Ipswich Town,Southampton,3,1,1,1,4,2,1
2000,Leeds United,Coventry City,1,0,1,1,1,1,1
2000,Leeds United,Ipswich Town,1,2,1,1,3,-1,0
2000,Leeds United,Manchester City,1,2,1,1,3,-1,0
2000,Leeds United,Tottenham Hotspur,4,3,1,1,7,1,1
2000,Leicester City,Sunderland,2,0,1,1,2,2,1
2000,Liverpool,Derby County,1,1,1,1,2,0,0
2000,Liverpool,Leeds United,1,2,1,1,3,-1,0
2000,Manchester City,Coventry City,1,2,1,1,3,-1,0
2000,Manchester City,Newcastle United,0,1,1,1,1,-1,0
2000,Manchester City,Tottenham Hotspur,0,1,1,1,1,-1,0
2000,Middlesbrough,Derby County,4,0,1,1,4,4,1
2000,Middlesbrough,Leeds United,1,2,1,1,3,-1,0
2000,Newcastle United,Coventry City,3,1,1,1,4,2,1
2000,Newcastle United,Middlesbrough,1,2,1,1,3,-1,0
2000,Newcastle United,Tottenham Hotspur,2,0,1,1,2,2,1
2000,Southampton,Everton,1,0,1,1,1,1,1
2000,Southampton,Leicester City,1,0,1,1,1,1,1
2000,Southampton,Sunderland,0,1,1,1,1,-1,0
2000,Sunderland,Derby County,2,1,1,1,3,1,1
2000,Sunderland,Manchester City,1,0,1,1,1,1,1
2000,Sunderland,West Ham United,1,1,1,1,2,0,0
2000,Tottenham Hotspur,Bradford City,2,1,1,1,3,1,1
2000,Tottenham Hotspur,Coventry City,3,0,1,1,3,3,1
2000,Tottenham Hotspur,Liverpool,2,1,1,1,3,1,1
2000,Tottenham Hotspur,Sunderland,2,1,1,1,3,1,1
2000,West Ham United,Aston Villa,1,1,1,1,2,0,0
2000,Barnsley,Birmingham City,2,3,2,2,5,-1,0
2000,Barnsley,Fulham,0,0,2,2,0,0,0
2000,Barnsley,Huddersfield Town,3,1,2,2,4,2,1
2000,Barnsley,Portsmouth,1,0,2,2,1,1,1
2000,Birmingham City,Gillingham,1,0,2,2,1,1,1
2000,Birmingham City,Norwich City,2,1,2,2,3,1,1
2000,Birmingham City,Preston North End,3,1,2,2,4,2,1
2000,Birmingham City,Sheffield Wednesday,1,2,2,2,3,-1,0
2000,Birmingham City,Watford,2,0,2,2,2,2,1
2000,Birmingham City,Wolverhampton Wanderers,0,1,2,2,1,-1,0
2000,Blackburn Rovers,Crystal Palace,2,0,2,2,2,2,1
2000,Blackburn Rovers,Nottingham Forest,3,0,2,2,3,3,1
2000,Blackburn Rovers,West Bromwich Albion,1,0,2,2,1,1,1
2000,Bolton Wanderers,Barnsley,2,0,2,2,2,2,1
2000,Bolton Wanderers,Fulham,0,2,2,2,2,-2,0
2000,Bolton Wanderers,Huddersfield Town,2,2,2,2,4,0,0
2000,Bolton Wanderers,Sheffield United,1,1,2,2,2,0,0
2000,Bolton Wanderers,Tranmere Rovers,2,0,2,2,2,2,1
2000,Burnley,Crewe Alexandra,1,0,2,2,1,1,1
2000,Burnley,Gillingham,1,1,2,2,2,0,0
2000,Burnley,Sheffield Wednesday,1,0,2,2,1,1,1
2000,Burnley,Wolverhampton Wanderers,1,2,2,2,3,-1,0
2000,Crewe Alexandra,Blackburn Rovers,0,0,2,2,0,0,0
2000,Crewe Alexandra,Grimsby Town,2,0,2,2,2,2,1
2000,Crewe Alexandra,West Bromwich Albion,0,1,2,2,1,-1,0
2000,Crystal Palace,Portsmouth,2,3,2,2,5,-1,0
2000,Crystal Palace,Tranmere Rovers,3,2,2,2,5,1,1
2000,Crystal Palace,Wimbledon,3,1,2,2,4,2,1
2000,Fulham,Birmingham City,0,1,2,2,1,-1,0
2000,Fulham,Gillingham,3,0,2,2,3,3,1
2000,Fulham,Preston North End,0,1,2,2,1,-1,0
2000,Fulham,Wolverhampton Wanderers,2,0,2,2,2,2,1
2000,Gillingham,Blackburn Rovers,1,1,2,2,2,0,0
2000,Gillingham,Crewe Alexandra,0,1,2,2,1,-1,0
2000,Gillingham,Grimsby Town,1,0,2,2,1,1,1
2000,Gillingham,Queens Park Rangers,0,1,2,2,1,-1,0
2000,Grimsby Town,Barnsley,0,2,2,2,2,-2,0
2000,Grimsby Town,Bolton Wanderers,0,1,2,2,1,-1,0
2000,Grimsby Town,Tranmere Rovers,3,1,2,2,4,2,1
2000,Huddersfield Town,Burnley,0,1,2,2,1,-1,0
2000,Huddersfield Town,Preston North End,0,0,2,2,0,0,0
2000,Huddersfield Town,Sheffield Wednesday,0,0,2,2,0,0,0
2000,Norwich City,Blackburn Rovers,1,1,2,2,2,0,0
2000,Norwich City,Crewe Alexandra,1,1,2,2,2,0,0
2000,Norwich City,Queens Park Rangers,1,0,2,2,1,1,1
2000,Nottingham Forest,Barnsley,1,0,2,2,1,1,1
2000,Nottingham Forest,Crystal Palace,0,3,2,2,3,-3,0
2000,Nottingham Forest,Grimsby Town,3,1,2,2,4,2,1
2000,Nottingham Forest,Portsmouth,2,0,2,2,2,2,1
2000,Nottingham Forest,Sheffield United,2,0,2,2,2,2,1
2000,Nottingham Forest,Wimbledon,1,2,2,2,3,-1,0
2000,Portsmouth,Birmingham City,1,1,2,2,2,0,0
2000,Portsmouth,Huddersfield Town,1,1,2,2,2,0,0
2000,Portsmouth,Preston North End,0,1,2,2,1,-1,0
2000,Portsmouth,Sheffield Wednesday,2,1,2,2,3,1,1
2000,Preston North End,Norwich City,1,0,2,2,1,1,1
2000,Preston North End,West Bromwich Albion,2,1,2,2,3,1,1
2000,Queens Park Rangers,Nottingham Forest,1,0,2,2,1,1,1
2000,Queens Park Rangers,Sheffield United,1,3,2,2,4,-2,0
2000,Sheffield United,Birmingham City,3,1,2,2,4,2,1
2000,Sheffield United,Burnley,2,0,2,2,2,2,1
2000,Sheffield United,Portsmouth,2,0,2,2,2,2,1
2000,Sheffield United,Sheffield Wednesday,1,1,2,2,2,0,0
2000,Sheffield United,Wolverhampton Wanderers,1,0,2,2,1,1,1
2000,Sheffield Wednesday,Blackburn Rovers,1,1,2,2,2,0,0
2000,Sheffield Wednesday,Gillingham,2,1,2,2,3,1,1
2000,Sheffield Wednesday,Norwich City,3,2,2,2,5,1,1
2000,Sheffield Wednesday,Preston North End,1,3,2,2,4,-2,0
2000,Sheffield Wednesday,Stockport County,2,4,2,2,6,-2,0
2000,Stockport County,Barnsley,2,0,2,2,2,2,1
2000,Tranmere Rovers,Burnley,2,3,2,2,5,-1,0
2000,Tranmere Rovers,Wolverhampton Wanderers,0,2,2,2,2,-2,0
2000,Watford,Crewe Alexandra,3,0,2,2,3,3,1
2000,West Bromwich Albion,Barnsley,1,0,2,2,1,1,1
2000,West Bromwich Albion,Bolton Wanderers,0,2,2,2,2,-2,0
2000,West Bromwich Albion,Crystal Palace,1,0,2,2,1,1,1
2000,West Bromwich Albion,Nottingham Forest,3,0,2,2,3,3,1
2000,West Bromwich Albion,Queens Park Rangers,2,1,2,2,3,1,1
2000,West Bromwich Albion,Stockport County,1,1,2,2,2,0,0
2000,Wimbledon,Birmingham City,3,1,2,2,4,2,1
2000,Wimbledon,Fulham,0,3,2,2,3,-3,0
2000,Wimbledon,Huddersfield Town,1,1,2,2,2,0,0
2000,Wimbledon,Sheffield United,0,0,2,2,0,0,0
2000,Wolverhampton Wanderers,Blackburn Rovers,0,0,2,2,0,0,0
2000,Wolverhampton Wanderers,Crewe Alexandra,0,0,2,2,0,0,0
2000,Wolverhampton Wanderers,Gillingham,1,1,2,2,2,0,0
2000,Wolverhampton Wanderers,Norwich City,4,0,2,2,4,4,1
2000,Wolverhampton Wanderers,Sheffield Wednesday,1,1,2,2,2,0,0
2000,Wolverhampton Wanderers,Watford,2,2,2,2,4,0,0
2000,AFC Bournemouth,Luton Town,3,2,3,3,5,1,1
2000,AFC Bournemouth,Notts County,0,1,3,3,1,-1,0
2000,AFC Bournemouth,Swindon Town,3,0,3,3,3,3,1
2000,AFC Bournemouth,Wrexham,1,2,3,3,3,-1,0
2000,Brentford,Cambridge United,2,2,3,3,4,0,0
2000,Brentford,Millwall,1,1,3,3,2,0,0
2000,Brentford,Walsall,2,1,3,3,3,1,1
2000,Bristol City,Oxford United,0,0,3,3,0,0,0
2000,Bristol City,Reading,4,0,3,3,4,4,1
2000,Bristol City,Swansea City,3,1,3,3,4,2,1
2000,Bristol City,Wigan Athletic,1,1,3,3,2,0,0
2000,Bristol Rovers,AFC Bournemouth,1,1,3,3,2,0,0
2000,Bury,Brentford,0,1,3,3,1,-1,0
2000,Bury,Cambridge United,0,1,3,3,1,-1,0
2000,Cambridge United,Colchester United,2,1,3,3,3,1,1
2000,Cambridge United,Oxford United,1,0,3,3,1,1,1
2000,Colchester United,Bristol Rovers,2,1,3,3,3,1,1
2000,Colchester United,Luton Town,3,1,3,3,4,2,1
2000,Colchester United,Rotherham United,0,1,3,3,1,-1,0
2000,Colchester United,Swindon Town,0,1,3,3,1,-1,0
2000,Luton Town,Brentford,3,1,3,3,4,2,1
2000,Luton Town,Millwall,0,1,3,3,1,-1,0
2000,Luton Town,Port Vale,1,1,3,3,2,0,0
2000,Luton Town,Stoke City,1,2,3,3,3,-1,0
2000,Millwall,Bristol City,1,1,3,3,2,0,0
2000,Millwall,Oxford United,5,0,3,3,5,5,1
2000,Millwall,Wigan Athletic,3,1,3,3,4,2,1
2000,Northampton Town,AFC Bournemouth,0,3,3,3,3,-3,0
2000,Northampton Town,Colchester United,2,0,3,3,2,2,1
2000,Northampton Town,Peterborough United,0,0,3,3,0,0,0
2000,Northampton Town,Rotherham United,0,1,3,3,1,-1,0
2000,Northampton Town,Wrexham,2,2,3,3,4,0,0
2000,Notts County,Brentford,2,2,3,3,4,0,0
2000,Notts County,Bury,1,0,3,3,1,1,1
2000,Notts County,Luton Town,1,3,3,3,4,-2,0
2000,Notts County,Port Vale,0,1,3,3,1,-1,0
2000,Notts County,Walsall,2,0,3,3,2,2,1
2000,Notts County,Wycombe Wanderers,0,2,3,3,2,-2,0
2000,Oldham Athletic,Cambridge United,1,3,3,3,4,-2,0
2000,Oldham Athletic,Millwall,0,1,3,3,1,-1,0
2000,Oldham Athletic,Oxford United,3,2,3,3,5,1,1
2000,Oldham Athletic,Reading,0,2,3,3,2,-2,0
2000,Oldham Athletic,Swansea City,1,1,3,3,2,0,0
2000,Oxford United,AFC Bournemouth,1,2,3,3,3,-1,0
2000,Oxford United,Bristol Rovers,0,1,3,3,1,-1,0
2000,Oxford United,Colchester United,0,1,3,3,1,-1,0
2000,Oxford United,Northampton Town,3,1,3,3,4,2,1
2000,Oxford United,Peterborough United,0,1,3,3,1,-1,0
2000,Oxford United,Rotherham United,4,3,3,3,7,1,1
2000,Peterborough United,Brentford,1,1,3,3,2,0,0
2000,Peterborough United,Luton Town,1,1,3,3,2,0,0
2000,Peterborough United,Stoke City,0,4,3,3,4,-4,0
2000,Peterborough United,Walsall,2,0,3,3,2,2,1
2000,Peterborough United,Wycombe Wanderers,3,2,3,3,5,1,1
2000,Port Vale,Bristol City,1,2,3,3,3,-1,0
2000,Port Vale,Cambridge United,4,2,3,3,6,2,1
2000,Port Vale,Reading,0,1,3,3,1,-1,0
2000,Port Vale,Swansea City,1,0,3,3,1,1,1
2000,Reading,AFC Bournemouth,3,3,3,3,6,0,0
2000,Reading,Bristol Rovers,1,0,3,3,1,1,1
2000,Reading,Northampton Town,1,1,3,3,2,0,0
2000,Reading,Oxford United,4,3,3,3,7,1,1
2000,Reading,Swindon Town,2,0,3,3,2,2,1
2000,Reading,Wrexham,4,1,3,3,5,3,1
2000,Rotherham United,Brentford,2,1,3,3,3,1,1
2000,Rotherham United,Luton Town,1,1,3,3,2,0,0
2000,Rotherham United,Stoke City,2,1,3,3,3,1,1
2000,Stoke City,Bristol City,1,0,3,3,1,1,1
2000,Stoke City,Port Vale,1,1,3,3,2,0,0
2000,Swansea City,Bristol Rovers,0,0,3,3,0,0,0
2000,Swansea City,Oxford United,1,2,3,3,3,-1,0
2000,Swansea City,Reading,0,1,3,3,1,-1,0
2000,Swansea City,Wrexham,0,1,3,3,1,-1,0
2000,Swindon Town,Walsall,1,4,3,3,5,-3,0
2000,Walsall,Cambridge United,3,1,3,3,4,2,1
2000,Walsall,Port Vale,2,1,3,3,3,1,1
2000,Walsall,Wigan Athletic,2,0,3,3,2,2,1
2000,Wigan Athletic,Bristol Rovers,0,0,3,3,0,0,0
2000,Wigan Athletic,Northampton Town,2,1,3,3,3,1,1
2000,Wigan Athletic,Oxford United,3,2,3,3,5,1,1
2000,Wigan Athletic,Wrexham,0,0,3,3,0,0,0
2000,Wrexham,Luton Town,3,1,3,3,4,2,1
2000,Wrexham,Notts County,1,1,3,3,2,0,0
2000,Wrexham,Peterborough United,2,1,3,3,3,1,1
2000,Wrexham,Wycombe Wanderers,0,0,3,3,0,0,0
2000,Wycombe Wanderers,Bristol City,1,2,3,3,3,-1,0
2000,Wycombe Wanderers,Millwall,0,0,3,3,0,0,0
2000,Wycombe Wanderers,Oldham Athletic,2,1,3,3,3,1,1
2000,Wycombe Wanderers,Port Vale,0,1,3,3,1,-1,0
2000,Barnet,Blackpool,7,0,4,4,7,7,1
2000,Barnet,Darlington,3,0,4,4,3,3,1
2000,Barnet,Torquay United,2,3,4,4,5,-1,0
2000,Brighton & Hove Albion,Cardiff City,1,0,4,4,1,1,1
2000,Brighton & Hove Albion,Chesterfield,1,0,4,4,1,1,1
2000,Brighton & Hove Albion,Halifax Town,2,1,4,4,3,1,1
2000,Brighton & Hove Albion,Rochdale,2,1,4,4,3,1,1
2000,Brighton & Hove Albion,Southend United,0,2,4,4,2,-2,0
2000,Cardiff City,Scunthorpe United,3,0,4,4,3,3,1
2000,Cardiff City,Torquay United,2,1,4,4,3,1,1
2000,Carlisle United,Plymouth Argyle,1,1,4,4,2,0,0
2000,Carlisle United,York City,1,1,4,4,2,0,0
2000,Cheltenham,Brighton & Hove Albion,3,1,4,4,4,2,1
2000,Cheltenham,Chesterfield,0,1,4,4,1,-1,0
2000,Cheltenham,Macclesfield,1,1,4,4,2,0,0
2000,Cheltenham,Rochdale,0,2,4,4,2,-2,0
2000,Cheltenham,Southend United,2,1,4,4,3,1,1
2000,Chesterfield,Cardiff City,2,2,4,4,4,0,0
2000,Chesterfield,Scunthorpe United,1,0,4,4,1,1,1
2000,Chesterfield,Torquay United,3,0,4,4,3,3,1
2000,Darlington,Exeter City,1,1,4,4,2,0,0
2000,Darlington,Lincoln City,3,0,4,4,3,3,1
2000,Darlington,Plymouth Argyle,1,0,4,4,1,1,1
2000,Darlington,Shrewsbury Town,3,0,4,4,3,3,1
2000,Darlington,York City,1,1,4,4,2,0,0
2000,Exeter City,Brighton & Hove Albion,1,0,4,4,1,1,1
2000,Exeter City,Halifax Town,0,0,4,4,0,0,0
2000,Exeter City,Macclesfield,0,0,4,4,0,0,0
2000,Halifax Town,Hartlepool United,0,1,4,4,1,-1,0
2000,Halifax Town,Leyton Orient,2,2,4,4,4,0,0
2000,Halifax Town,Mansfield Town,3,4,4,4,7,-1,0
2000,Halifax Town,Scunthorpe United,3,4,4,4,7,-1,0
2000,Halifax Town,Torquay United,2,1,4,4,3,1,1
2000,Hartlepool United,Blackpool,3,1,4,4,4,2,1
2000,Hartlepool United,Carlisle United,2,2,4,4,4,0,0
2000,Hartlepool United,Darlington,2,1,4,4,3,1,1
2000,Hartlepool United,Lincoln City,1,0,4,4,1,1,1
2000,Hartlepool United,Plymouth Argyle,1,1,4,4,2,0,0
2000,Hartlepool United,Shrewsbury Town,1,3,4,4,4,-2,0
2000,Hartlepool United,York City,1,0,4,4,1,1,1
2000,Hull City,Exeter City,2,1,4,4,3,1,1
2000,Hull City,Kidderminster Harriers,0,0,4,4,0,0,0
2000,Hull City,Macclesfield,0,0,4,4,0,0,0
2000,Hull City,Rochdale,3,2,4,4,5,1,1
2000,Kidderminster Harriers,Cardiff City,2,4,4,4,6,-2,0
2000,Kidderminster Harriers,Mansfield Town,1,0,4,4,1,1,1
2000,Leyton Orient,Blackpool,1,0,4,4,1,1,1
2000,Leyton Orient,Hartlepool United,3,1,4,4,4,2,1
2000,Leyton Orient,Lincoln City,1,0,4,4,1,1,1
2000,Leyton Orient,Shrewsbury Town,2,0,4,4,2,2,1
2000,Lincoln City,Cheltenham,1,0,4,4,1,1,1
2000,Lincoln City,Hull City,2,0,4,4,2,2,1
2000,Lincoln City,Macclesfield,1,2,4,4,3,-1,0
2000,Lincoln City,Rochdale,1,1,4,4,2,0,0
2000,Lincoln City,Southend United,3,0,4,4,3,3,1
2000,Macclesfield,Barnet,3,0,4,4,3,3,1
2000,Macclesfield,Halifax Town,0,0,4,4,0,0,0
2000,Mansfield Town,Leyton Orient,2,0,4,4,2,2,1
2000,Mansfield Town,Shrewsbury Town,1,0,4,4,1,1,1
2000,Plymouth Argyle,Brighton & Hove Albion,0,2,4,4,2,-2,0
2000,Plymouth Argyle,Cheltenham,0,0,4,4,0,0,0
2000,Plymouth Argyle,Hull City,1,1,4,4,2,0,0
2000,Plymouth Argyle,Lincoln City,1,0,4,4,1,1,1
2000,Rochdale,Barnet,0,0,4,4,0,0,0
2000,Rochdale,Cardiff City,1,1,4,4,2,0,0
2000,Rochdale,Kidderminster Harriers,0,0,4,4,0,0,0
2000,Rochdale,Scunthorpe United,3,2,4,4,5,1,1
2000,Rochdale,Torquay United,2,1,4,4,3,1,1
2000,Scunthorpe United,Blackpool,1,0,4,4,1,1,1
2000,Scunthorpe United,Hartlepool United,3,0,4,4,3,3,1
2000,Scunthorpe United,Mansfield Town,6,0,4,4,6,6,1
2000,Scunthorpe United,Shrewsbury Town,2,0,4,4,2,2,1
2000,Shrewsbury Town,Brighton & Hove Albion,3,0,4,4,3,3,1
2000,Shrewsbury Town,Cheltenham,1,0,4,4,1,1,1
2000,Shrewsbury Town,Hull City,0,2,4,4,2,-2,0
2000,Shrewsbury Town,Lincoln City,3,2,4,4,5,1,1
2000,Southend United,Barnet,2,0,4,4,2,2,1
2000,Southend United,Cardiff City,1,1,4,4,2,0,0
2000,Southend United,Macclesfield,3,1,4,4,4,2,1
2000,Southend United,Rochdale,3,0,4,4,3,3,1
2000,Southend United,Torquay United,1,1,4,4,2,0,0
2000,Torquay United,Blackpool,3,2,4,4,5,1,1
2000,Torquay United,Hartlepool United,1,0,4,4,1,1,1
2000,Torquay United,Leyton Orient,1,2,4,4,3,-1,0
2000,Torquay United,Scunthorpe United,0,2,4,4,2,-2,0
2000,York City,Cheltenham,0,2,4,4,2,-2,0
2000,York City,Exeter City,0,3,4,4,3,-3,0
2000,York City,Lincoln City,0,0,4,4,0,0,0
2000,York City,Plymouth Argyle,1,2,4,4,3,-1,0
2000,York City,Shrewsbury Town,2,1,4,4,3,1,1
2001,Arsenal,Everton,4,3,1,1,7,1,1
2001,Arsenal,West Ham United,2,0,1,1,2,2,1
2001,Aston Villa,Ipswich Town,2,1,1,1,3,1,1
2001,Aston Villa,Newcastle United,1,1,1,1,2,0,0
2001,Aston Villa,Tottenham Hotspur,1,1,1,1,2,0,0
2001,Blackburn Rovers,Fulham,3,0,1,1,3,3,1
2001,Blackburn Rovers,Middlesbrough,0,1,1,1,1,-1,0
2001,Bolton Wanderers,Arsenal,0,2,1,1,2,-2,0
2001,Bolton Wanderers,Charlton Athletic,0,0,1,1,0,0,0
2001,Bolton Wanderers,Leeds United,0,3,1,1,3,-3,0
2001,Charlton Athletic,Derby County,1,0,1,1,1,1,1
2001,Charlton Athletic,Liverpool,0,2,1,1,2,-2,0
2001,Charlton Athletic,Newcastle United,1,1,1,1,2,0,0
2001,Chelsea,Leicester City,2,0,1,1,2,2,1
2001,Chelsea,Sunderland,4,0,1,1,4,4,1
2001,Derby County,Bolton Wanderers,1,0,1,1,1,1,1
2001,Derby County,Southampton,1,0,1,1,1,1,1
2001,Derby County,West Ham United,0,0,1,1,0,0,0
2001,Everton,Chelsea,0,0,1,1,0,0,0
2001,Everton,Liverpool,1,3,1,1,4,-2,0
2001,Everton,Newcastle United,1,3,1,1,4,-2,0
2001,Everton,Tottenham Hotspur,1,1,1,1,2,0,0
2001,Fulham,Middlesbrough,2,1,1,1,3,1,1
2001,Fulham,Sunderland,2,0,1,1,2,2,1
2001,Ipswich Town,Arsenal,0,2,1,1,2,-2,0
2001,Ipswich Town,Bolton Wanderers,1,2,1,1,3,-1,0
2001,Ipswich Town,Leeds United,1,2,1,1,3,-1,0
2001,Ipswich Town,Southampton,1,3,1,1,4,-2,0
2001,Ipswich Town,West Ham United,2,3,1,1,5,-1,0
2001,Leeds United,Chelsea,0,0,1,1,0,0,0
2001,Leeds United,Liverpool,0,4,1,1,4,-4,0
2001,Leeds United,Newcastle United,3,4,1,1,7,-1,0
2001,Leicester City,Middlesbrough,1,2,1,1,3,-1,0
2001,Leicester City,Sunderland,1,0,1,1,1,1,1
2001,Liverpool,Arsenal,1,2,1,1,3,-1,0
2001,Liverpool,Bolton Wanderers,1,1,1,1,2,0,0
2001,Liverpool,Derby County,2,0,1,1,2,2,1
2001,Liverpool,Southampton,1,1,1,1,2,0,0
2001,Liverpool,West Ham United,2,1,1,1,3,1,1
2001,Manchester United,Blackburn Rovers,2,1,1,1,3,1,1
2001,Manchester United,Chelsea,0,3,1,1,3,-3,0
2001,Manchester United,Fulham,3,2,1,1,5,1,1
2001,Manchester United,Tottenham Hotspur,4,0,1,1,4,4,1
2001,Middlesbrough,Aston Villa,2,1,1,1,3,1,1
2001,Middlesbrough,Charlton Athletic,0,0,1,1,0,0,0
2001,Middlesbrough,Leeds United,2,2,1,1,4,0,0
2001,Middlesbrough,Manchester United,0,1,1,1,1,-1,0
2001,Middlesbrough,Sunderland,2,0,1,1,2,2,1
2001,Newcastle United,Arsenal,0,2,1,1,2,-2,0
2001,Newcastle United,Derby County,1,0,1,1,1,1,1
2001,Newcastle United,Liverpool,0,2,1,1,2,-2,0
2001,Newcastle United,Southampton,3,1,1,1,4,2,1
2001,Newcastle United,West Ham United,3,1,1,1,4,2,1
2001,Southampton,Chelsea,0,2,1,1,2,-2,0
2001,Southampton,Fulham,1,1,1,1,2,0,0
2001,Southampton,Middlesbrough,1,1,1,1,2,0,0
2001,Southampton,Tottenham Hotspur,1,0,1,1,1,1,1
2001,Sunderland,Everton,1,0,1,1,1,1,1
2001,Sunderland,Leeds United,2,0,1,1,2,2,1
2001,Sunderland,Southampton,1,1,1,1,2,0,0
2001,Tottenham Hotspur,Arsenal,1,1,1,1,2,0,0
2001,Tottenham Hotspur,Bolton Wanderers,3,2,1,1,5,1,1
2001,Tottenham Hotspur,Newcastle United,1,3,1,1,4,-2,0
2001,West Ham United,Blackburn Rovers,2,0,1,1,2,2,1
2001,West Ham United,Chelsea,2,1,1,1,3,1,1
2001,Barnsley,Norwich City,0,2,2,2,2,-2,0
2001,Barnsley,Preston North End,2,1,2,2,3,1,1
2001,Barnsley,Watford,2,0,2,2,2,2,1
2001,Barnsley,Wolverhampton Wanderers,1,0,2,2,1,1,1
2001,Birmingham City,Crystal Palace,1,0,2,2,1,1,1
2001,Birmingham City,Nottingham Forest,1,1,2,2,2,0,0
2001,Bradford City,Barnsley,4,0,2,2,4,4,1
2001,Bradford City,Coventry City,2,1,2,2,3,1,1
2001,Bradford City,Gillingham,5,1,2,2,6,4,1
2001,Bradford City,Portsmouth,3,1,2,2,4,2,1
2001,Bradford City,Sheffield United,1,2,2,2,3,-1,0
2001,Bradford City,Walsall,2,0,2,2,2,2,1
2001,Bradford City,Wimbledon,3,3,2,2,6,0,0
2001,Burnley,Birmingham City,0,1,2,2,1,-1,0
2001,Burnley,Crewe Alexandra,3,3,2,2,6,0,0
2001,Burnley,Grimsby Town,1,0,2,2,1,1,1
2001,Burnley,Norwich City,1,1,2,2,2,0,0
2001,Burnley,Sheffield Wednesday,1,2,2,2,3,-1,0
2001,Burnley,Wolverhampton Wanderers,2,3,2,2,5,-1,0
2001,Coventry City,Bradford City,4,0,2,2,4,4,1
2001,Coventry City,Manchester City,4,3,2,2,7,1,1
2001,Coventry City,Nottingham Forest,0,0,2,2,0,0,0
2001,Coventry City,Stockport County,0,0,2,2,0,0,0
2001,Crewe Alexandra,Barnsley,2,0,2,2,2,2,1
2001,Crewe Alexandra,Portsmouth,1,1,2,2,2,0,0
2001,Crewe Alexandra,Sheffield United,2,2,2,2,4,0,0
2001,Crewe Alexandra,Walsall,2,1,2,2,3,1,1
2001,Crystal Palace,Birmingham City,0,0,2,2,0,0,0
2001,Crystal Palace,Preston North End,2,0,2,2,2,2,1
2001,Crystal Palace,Sheffield Wednesday,4,1,2,2,5,3,1
2001,Crystal Palace,Watford,0,2,2,2,2,-2,0
2001,Gillingham,Bradford City,0,4,2,2,4,-4,0
2001,Gillingham,Crewe Alexandra,1,0,2,2,1,1,1
2001,Gillingham,Manchester City,1,3,2,2,4,-2,0
2001,Gillingham,Rotherham United,2,1,2,2,3,1,1
2001,Gillingham,Stockport County,3,3,2,2,6,0,0
2001,Grimsby Town,Barnsley,1,0,2,2,1,1,1
2001,Grimsby Town,Burnley,3,1,2,2,4,2,1
2001,Grimsby Town,Millwall,2,2,2,2,4,0,0
2001,Grimsby Town,Walsall,2,2,2,2,4,0,0
2001,Manchester City,Birmingham City,3,0,2,2,3,3,1
2001,Manchester City,Gillingham,4,1,2,2,5,3,1
2001,Manchester City,Norwich City,3,1,2,2,4,2,1
2001,Manchester City,Preston North End,3,2,2,2,5,1,1
2001,Manchester City,Sheffield Wednesday,4,0,2,2,4,4,1
2001,Millwall,Bradford City,3,1,2,2,4,2,1
2001,Millwall,Crewe Alexandra,2,0,2,2,2,2,1
2001,Millwall,Nottingham Forest,3,3,2,2,6,0,0
2001,Millwall,Rotherham United,1,0,2,2,1,1,1
2001,Millwall,Stockport County,3,0,2,2,3,3,1
2001,Norwich City,Barnsley,2,1,2,2,3,1,1
2001,Norwich City,Burnley,2,1,2,2,3,1,1
2001,Norwich City,Crystal Palace,2,1,2,2,3,1,1
2001,Norwich City,Sheffield United,2,1,2,2,3,1,1
2001,Norwich City,Wimbledon,2,1,2,2,3,1,1
2001,Nottingham Forest,Coventry City,2,1,2,2,3,1,1
2001,Nottingham Forest,Preston North End,1,1,2,2,2,0,0
2001,Nottingham Forest,Watford,0,0,2,2,0,0,0
2001,Portsmouth,Crewe Alexandra,2,4,2,2,6,-2,0
2001,Portsmouth,Norwich City,1,2,2,2,3,-1,0
2001,Portsmouth,West Bromwich Albion,1,2,2,2,3,-1,0
2001,Preston North End,Manchester City,2,1,2,2,3,1,1
2001,Rotherham United,Birmingham City,2,2,2,2,4,0,0
2001,Rotherham United,Gillingham,3,2,2,2,5,1,1
2001,Rotherham United,Millwall,0,0,2,2,0,0,0
2001,Sheffield United,Bradford City,2,2,2,2,4,0,0
2001,Sheffield United,West Bromwich Albion,0,3,2,2,3,-3,0
2001,Sheffield Wednesday,Burnley,0,2,2,2,2,-2,0
2001,Sheffield Wednesday,Crystal Palace,1,3,2,2,4,-2,0
2001,Stockport County,Coventry City,0,2,2,2,2,-2,0
2001,Stockport County,Watford,2,1,2,2,3,1,1
2001,Stockport County,Wolverhampton Wanderers,1,4,2,2,5,-3,0
2001,Walsall,Bradford City,2,2,2,2,4,0,0
2001,Walsall,Crewe Alexandra,2,1,2,2,3,1,1
2001,Walsall,Grimsby Town,4,0,2,2,4,4,1
2001,Walsall,Norwich City,2,0,2,2,2,2,1
2001,Walsall,Preston North End,1,2,2,2,3,-1,0
2001,Walsall,Sheffield Wednesday,0,3,2,2,3,-3,0
2001,Walsall,West Bromwich Albion,2,1,2,2,3,1,1
2001,Watford,Barnsley,3,0,2,2,3,3,1
2001,Watford,Burnley,1,2,2,2,3,-1,0
2001,Watford,Crystal Palace,1,0,2,2,1,1,1
2001,Watford,Rotherham United,3,2,2,2,5,1,1
2001,Watford,Stockport County,1,1,2,2,2,0,0
2001,Watford,Wimbledon,3,0,2,2,3,3,1
2001,West Bromwich Albion,Gillingham,1,0,2,2,1,1,1
2001,West Bromwich Albion,Sheffield United,0,1,2,2,1,-1,0
2001,West Bromwich Albion,Wolverhampton Wanderers,1,1,2,2,2,0,0
2001,Wimbledon,Crewe Alexandra,2,0,2,2,2,2,1
2001,Wimbledon,Grimsby Town,2,1,2,2,3,1,1
2001,Wimbledon,Preston North End,2,0,2,2,2,2,1
2001,Wimbledon,Sheffield Wednesday,1,1,2,2,2,0,0
2001,Wolverhampton Wanderers,Barnsley,4,1,2,2,5,3,1
2001,Wolverhampton Wanderers,Burnley,3,0,2,2,3,3,1
2001,Wolverhampton Wanderers,Manchester City,0,2,2,2,2,-2,0
2001,AFC Bournemouth,Brentford,0,2,3,3,2,-2,0
2001,AFC Bournemouth,Bury,3,2,3,3,5,1,1
2001,AFC Bournemouth,Chesterfield,3,1,3,3,4,2,1
2001,AFC Bournemouth,Reading,1,0,3,3,1,1,1
2001,Blackpool,Cambridge United,1,1,3,3,2,0,0
2001,Blackpool,Colchester United,2,1,3,3,3,1,1
2001,Blackpool,Notts County,0,0,3,3,0,0,0
2001,Blackpool,Stoke City,2,2,3,3,4,0,0
2001,Brentford,Cardiff City,2,1,3,3,3,1,1
2001,Brighton & Hove Albion,Bury,2,1,3,3,3,1,1
2001,Brighton & Hove Albion,Chesterfield,2,2,3,3,4,0,0
2001,Brighton & Hove Albion,Wycombe Wanderers,4,0,3,3,4,4,1
2001,Bristol City,Brentford,0,2,3,3,2,-2,0
2001,Bristol City,Notts County,3,2,3,3,5,1,1
2001,Bury,Brighton & Hove Albion,0,2,3,3,2,-2,0
2001,Bury,Cardiff City,3,0,3,3,3,3,1
2001,Bury,Huddersfield Town,0,0,3,3,0,0,0
2001,Bury,Swindon Town,0,3,3,3,3,-3,0
2001,Cambridge United,Blackpool,0,3,3,3,3,-3,0
2001,Cardiff City,Notts County,2,1,3,3,3,1,1
2001,Cardiff City,Stoke City,2,0,3,3,2,2,1
2001,Chesterfield,Huddersfield Town,1,1,3,3,2,0,0
2001,Chesterfield,Oldham Athletic,4,2,3,3,6,2,1
2001,Chesterfield,Queens Park Rangers,2,3,3,3,5,-1,0
2001,Chesterfield,Swindon Town,4,0,3,3,4,4,1
2001,Chesterfield,Wrexham,3,2,3,3,5,1,1
2001,Colchester United,Blackpool,1,1,3,3,2,0,0
2001,Colchester United,Bristol City,0,0,3,3,0,0,0
2001,Colchester United,Northampton Town,3,1,3,3,4,2,1
2001,Colchester United,Wycombe Wanderers,2,2,3,3,4,0,0
2001,Huddersfield Town,Chesterfield,0,0,3,3,0,0,0
2001,Huddersfield Town,Stoke City,0,0,3,3,0,0,0
2001,Northampton Town,Brighton & Hove Albion,2,0,3,3,2,2,1
2001,Northampton Town,Cambridge United,2,2,3,3,4,0,0
2001,Northampton Town,Queens Park Rangers,2,2,3,3,4,0,0
2001,Northampton Town,Wrexham,4,1,3,3,5,3,1
2001,Notts County,Huddersfield Town,2,1,3,3,3,1,1
2001,Notts County,Peterborough United,1,0,3,3,1,1,1
2001,Notts County,Reading,3,4,3,3,7,-1,0
2001,Oldham Athletic,Chesterfield,1,1,3,3,2,0,0
2001,Oldham Athletic,Northampton Town,4,2,3,3,6,2,1
2001,Oldham Athletic,Port Vale,2,0,3,3,2,2,1
2001,Oldham Athletic,Wigan Athletic,1,1,3,3,2,0,0
2001,Peterborough United,AFC Bournemouth,6,0,3,3,6,6,1
2001,Peterborough United,Cambridge United,1,0,3,3,1,1,1
2001,Peterborough United,Colchester United,3,1,3,3,4,2,1
2001,Peterborough United,Swindon Town,1,1,3,3,2,0,0
2001,Peterborough United,Wrexham,2,3,3,3,5,-1,0
2001,Port Vale,Blackpool,1,1,3,3,2,0,0
2001,Port Vale,Bristol City,1,0,3,3,1,1,1
2001,Port Vale,Huddersfield Town,1,1,3,3,2,0,0
2001,Port Vale,Oldham Athletic,3,2,3,3,5,1,1
2001,Port Vale,Reading,0,2,3,3,2,-2,0
2001,Port Vale,Wycombe Wanderers,1,1,3,3,2,0,0
2001,Queens Park Rangers,Brentford,0,0,3,3,0,0,0
2001,Queens Park Rangers,Peterborough United,1,0,3,3,1,1,1
2001,Queens Park Rangers,Stoke City,1,0,3,3,1,1,1
2001,Queens Park Rangers,Wigan Athletic,1,1,3,3,2,0,0
2001,Reading,AFC Bournemouth,2,2,3,3,4,0,0
2001,Reading,Brighton & Hove Albion,0,0,3,3,0,0,0
2001,Reading,Cambridge United,1,0,3,3,1,1,1
2001,Reading,Wrexham,2,0,3,3,2,2,1
2001,Stoke City,Blackpool,2,0,3,3,2,2,1
2001,Stoke City,Cardiff City,1,1,3,3,2,0,0
2001,Stoke City,Huddersfield Town,1,1,3,3,2,0,0
2001,Stoke City,Oldham Athletic,0,0,3,3,0,0,0
2001,Stoke City,Queens Park Rangers,0,1,3,3,1,-1,0
2001,Swindon Town,Brentford,2,0,3,3,2,2,1
2001,Swindon Town,Bury,3,1,3,3,4,2,1
2001,Swindon Town,Chesterfield,2,1,3,3,3,1,1
2001,Swindon Town,Wigan Athletic,1,1,3,3,2,0,0
2001,Tranmere Rovers,AFC Bournemouth,0,0,3,3,0,0,0
2001,Tranmere Rovers,Cambridge United,6,1,3,3,7,5,1
2001,Tranmere Rovers,Colchester United,0,0,3,3,0,0,0
2001,Tranmere Rovers,Stoke City,2,2,3,3,4,0,0
2001,Wigan Athletic,Blackpool,0,1,3,3,1,-1,0
2001,Wigan Athletic,Cardiff City,4,0,3,3,4,4,1
2001,Wigan Athletic,Huddersfield Town,1,0,3,3,1,1,1
2001,Wigan Athletic,Queens Park Rangers,1,2,3,3,3,-1,0
2001,Wigan Athletic,Wycombe Wanderers,0,0,3,3,0,0,0
2001,Wrexham,Bury,1,0,3,3,1,1,1
2001,Wrexham,Chesterfield,0,1,3,3,1,-1,0
2001,Wrexham,Northampton Town,3,2,3,3,5,1,1
2001,Wrexham,Reading,0,2,3,3,2,-2,0
2001,Wycombe Wanderers,AFC Bournemouth,1,1,3,3,2,0,0
2001,Wycombe Wanderers,Brighton & Hove Albion,1,1,3,3,2,0,0
2001,Wycombe Wanderers,Notts County,3,0,3,3,3,3,1
2001,Wycombe Wanderers,Port Vale,3,1,3,3,4,2,1
2001,Wycombe Wanderers,Stoke City,1,0,3,3,1,1,1
2001,Wycombe Wanderers,Wigan Athletic,1,0,3,3,1,1,1
2001,Bristol Rovers,Cheltenham,1,2,4,4,3,-1,0
2001,Bristol Rovers,Luton Town,3,2,4,4,5,1,1
2001,Bristol Rovers,Oxford United,1,1,4,4,2,0,0
2001,Bristol Rovers,Rushden & Diamonds,0,3,4,4,3,-3,0
2001,Bristol Rovers,Southend United,2,1,4,4,3,1,1
2001,Carlisle United,Leyton Orient,6,1,4,4,7,5,1
2001,Carlisle United,Macclesfield,3,2,4,4,5,1,1
2001,Carlisle United,Scunthorpe United,3,0,4,4,3,3,1
2001,Cheltenham,Bristol Rovers,0,0,4,4,0,0,0
2001,Cheltenham,Exeter City,3,1,4,4,4,2,1
2001,Cheltenham,Hull City,1,0,4,4,1,1,1
2001,Cheltenham,Lincoln City,2,1,4,4,3,1,1
2001,Cheltenham,Torquay United,2,2,4,4,4,0,0
2001,Darlington,Halifax Town,5,0,4,4,5,5,1
2001,Darlington,Rushden & Diamonds,0,0,4,4,0,0,0
2001,Darlington,York City,3,1,4,4,4,2,1
2001,Exeter City,Cheltenham,0,2,4,4,2,-2,0
2001,Exeter City,Leyton Orient,0,0,4,4,0,0,0
2001,Exeter City,Macclesfield,0,0,4,4,0,0,0
2001,Exeter City,Plymouth Argyle,2,3,4,4,5,-1,0
2001,Exeter City,Scunthorpe United,0,4,4,4,4,-4,0
2001,Exeter City,Swansea City,0,3,4,4,3,-3,0
2001,Halifax Town,Hull City,0,1,4,4,1,-1,0
2001,Halifax Town,Mansfield Town,1,0,4,4,1,1,1
2001,Halifax Town,Rochdale,1,2,4,4,3,-1,0
2001,Halifax Town,Torquay United,2,0,4,4,2,2,1
2001,Hartlepool United,Carlisle United,3,1,4,4,4,2,1
2001,Hartlepool United,Oxford United,0,1,4,4,1,-1,0
2001,Hartlepool United,Rushden & Diamonds,5,1,4,4,6,4,1
2001,Hartlepool United,York City,3,0,4,4,3,3,1
2001,Hull City,Cheltenham,5,1,4,4,6,4,1
2001,Hull City,Halifax Town,3,0,4,4,3,3,1
2001,Hull City,Leyton Orient,1,1,4,4,2,0,0
2001,Hull City,Macclesfield,0,1,4,4,1,-1,0
2001,Hull City,Scunthorpe United,0,1,4,4,1,-1,0
2001,Kidderminster Harriers,Darlington,1,0,4,4,1,1,1
2001,Kidderminster Harriers,Hartlepool United,3,2,4,4,5,1,1
2001,Kidderminster Harriers,Lincoln City,1,1,4,4,2,0,0
2001,Kidderminster Harriers,Shrewsbury Town,1,0,4,4,1,1,1
2001,Kidderminster Harriers,Torquay United,1,0,4,4,1,1,1
2001,Leyton Orient,Carlisle United,0,0,4,4,0,0,0
2001,Leyton Orient,Oxford United,3,0,4,4,3,3,1
2001,Leyton Orient,Southend United,2,1,4,4,3,1,1
2001,Leyton Orient,York City,1,2,4,4,3,-1,0
2001,Lincoln City,Halifax Town,1,2,4,4,3,-1,0
2001,Lincoln City,Kidderminster Harriers,0,1,4,4,1,-1,0
2001,Lincoln City,Macclesfield,1,0,4,4,1,1,1
2001,Lincoln City,Plymouth Argyle,0,1,4,4,1,-1,0
2001,Lincoln City,Swansea City,3,0,4,4,3,3,1
2001,Luton Town,Bristol Rovers,3,0,4,4,3,3,1
2001,Luton Town,Darlington,5,2,4,4,7,3,1
2001,Luton Town,Leyton Orient,3,0,4,4,3,3,1
2001,Luton Town,Mansfield Town,5,3,4,4,8,2,1
2001,Luton Town,Shrewsbury Town,1,0,4,4,1,1,1
2001,Luton Town,Torquay United,5,1,4,4,6,4,1
2001,Macclesfield,Carlisle United,1,1,4,4,2,0,0
2001,Macclesfield,Exeter City,1,2,4,4,3,-1,0
2001,Macclesfield,Lincoln City,0,1,4,4,1,-1,0
2001,Macclesfield,Oxford United,0,1,4,4,1,-1,0
2001,Macclesfield,Southend United,0,0,4,4,0,0,0
2001,Macclesfield,York City,2,1,4,4,3,1,1
2001,Mansfield Town,Plymouth Argyle,0,3,4,4,3,-3,0
2001,Oxford United,Leyton Orient,1,1,4,4,2,0,0
2001,Oxford United,Macclesfield,0,2,4,4,2,-2,0
2001,Oxford United,Rochdale,1,2,4,4,3,-1,0
2001,Plymouth Argyle,Exeter City,3,0,4,4,3,3,1
2001,Plymouth Argyle,Hull City,1,0,4,4,1,1,1
2001,Plymouth Argyle,Rushden & Diamonds,1,0,4,4,1,1,1
2001,Rochdale,Cheltenham,2,2,4,4,4,0,0
2001,Rochdale,Kidderminster Harriers,2,0,4,4,2,2,1
2001,Rochdale,Luton Town,1,0,4,4,1,1,1
2001,Rushden & Diamonds,Bristol Rovers,3,1,4,4,4,2,1
2001,Rushden & Diamonds,Hartlepool United,2,1,4,4,3,1,1
2001,Rushden & Diamonds,Plymouth Argyle,2,3,4,4,5,-1,0
2001,Rushden & Diamonds,Shrewsbury Town,3,0,4,4,3,3,1
2001,Rushden & Diamonds,Torquay United,0,0,4,4,0,0,0
2001,Scunthorpe United,Hull City,2,1,4,4,3,1,1
2001,Scunthorpe United,Mansfield Town,0,0,4,4,0,0,0
2001,Scunthorpe United,Rochdale,2,1,4,4,3,1,1
2001,Scunthorpe United,Southend United,2,0,4,4,2,2,1
2001,Scunthorpe United,York City,1,0,4,4,1,1,1
2001,Shrewsbury Town,Cheltenham,2,1,4,4,3,1,1
2001,Shrewsbury Town,Kidderminster Harriers,4,0,4,4,4,4,1
2001,Shrewsbury Town,Luton Town,0,2,4,4,2,-2,0
2001,Shrewsbury Town,Oxford United,1,0,4,4,1,1,1
2001,Southend United,Macclesfield,3,0,4,4,3,3,1
2001,Southend United,Plymouth Argyle,0,1,4,4,1,-1,0
2001,Swansea City,Exeter City,4,2,4,4,6,2,1
2001,Swansea City,Hull City,1,0,4,4,1,1,1
2001,Swansea City,Mansfield Town,2,0,4,4,2,2,1
2001,Swansea City,Shrewsbury Town,3,3,4,4,6,0,0
2001,Swansea City,York City,0,1,4,4,1,-1,0
2001,Torquay United,Cheltenham,0,1,4,4,1,-1,0
2001,Torquay United,Halifax Town,2,4,4,4,6,-2,0
2001,Torquay United,Kidderminster Harriers,1,4,4,4,5,-3,0
2001,Torquay United,Southend United,2,1,4,4,3,1,1
2001,York City,Darlington,2,0,4,4,2,2,1
2001,York City,Leyton Orient,2,1,4,4,3,1,1
2001,York City,Macclesfield,1,0,4,4,1,1,1
2001,York City,Plymouth Argyle,0,0,4,4,0,0,0
2002,Arsenal,Birmingham City,2,0,1,1,2,2,1
2002,Arsenal,Charlton Athletic,2,0,1,1,2,2,1
2002,Arsenal,Fulham,2,1,1,1,3,1,1
2002,Arsenal,Newcastle United,1,0,1,1,1,1,1
2002,Aston Villa,Arsenal,1,1,1,1,2,0,0
2002,Aston Villa,Bolton Wanderers,2,0,1,1,2,2,1
2002,Aston Villa,Middlesbrough,1,0,1,1,1,1,1
2002,Aston Villa,Sunderland,1,0,1,1,1,1,1
2002,Aston Villa,West Ham United,4,1,1,1,5,3,1
2002,Birmingham City,Blackburn Rovers,0,1,1,1,1,-1,0
2002,Birmingham City,Chelsea,1,3,1,1,4,-2,0
2002,Birmingham City,Manchester United,0,1,1,1,1,-1,0
2002,Birmingham City,Southampton,3,2,1,1,5,1,1
2002,Birmingham City,West Bromwich Albion,1,0,1,1,1,1,1
2002,Blackburn Rovers,Aston Villa,0,0,1,1,0,0,0
2002,Blackburn Rovers,Fulham,2,1,1,1,3,1,1
2002,Blackburn Rovers,Manchester City,1,0,1,1,1,1,1
2002,Blackburn Rovers,Newcastle United,5,2,1,1,7,3,1
2002,Blackburn Rovers,Tottenham Hotspur,1,2,1,1,3,-1,0
2002,Bolton Wanderers,Arsenal,2,2,1,1,4,0,0
2002,Bolton Wanderers,Liverpool,2,3,1,1,5,-1,0
2002,Bolton Wanderers,Middlesbrough,2,1,1,1,3,1,1
2002,Bolton Wanderers,Sunderland,1,1,1,1,2,0,0
2002,Charlton Athletic,Birmingham City,0,2,1,1,2,-2,0
2002,Charlton Athletic,Chelsea,2,3,1,1,5,-1,0
2002,Charlton Athletic,Southampton,2,1,1,1,3,1,1
2002,Charlton Athletic,West Bromwich Albion,1,0,1,1,1,1,1
2002,Chelsea,Fulham,1,1,1,1,2,0,0
2002,Chelsea,Manchester City,5,0,1,1,5,5,1
2002,Chelsea,Newcastle United,3,0,1,1,3,3,1
2002,Chelsea,Tottenham Hotspur,1,1,1,1,2,0,0
2002,Everton,Arsenal,2,1,1,1,3,1,1
2002,Everton,Blackburn Rovers,2,1,1,1,3,1,1
2002,Fulham,Charlton Athletic,1,0,1,1,1,1,1
2002,Fulham,Manchester United,1,1,1,1,2,0,0
2002,Fulham,Southampton,2,2,1,1,4,0,0
2002,Fulham,West Bromwich Albion,3,0,1,1,3,3,1
2002,Leeds United,Bolton Wanderers,2,4,1,1,6,-2,0
2002,Leeds United,Manchester City,3,0,1,1,3,3,1
2002,Leeds United,Tottenham Hotspur,2,2,1,1,4,0,0
2002,Liverpool,Arsenal,2,2,1,1,4,0,0
2002,Liverpool,Blackburn Rovers,1,1,1,1,2,0,0
2002,Liverpool,Chelsea,1,0,1,1,1,1,1
2002,Liverpool,Middlesbrough,1,1,1,1,2,0,0
2002,Liverpool,Sunderland,0,0,1,1,0,0,0
2002,Manchester City,Birmingham City,1,0,1,1,1,1,1
2002,Manchester City,Fulham,4,1,1,1,5,3,1
2002,Manchester United,Aston Villa,1,1,1,1,2,0,0
2002,Manchester United,Bolton Wanderers,0,1,1,1,1,-1,0
2002,Manchester United,Everton,3,0,1,1,3,3,1
2002,Manchester United,Liverpool,4,0,1,1,4,4,1
2002,Manchester United,Tottenham Hotspur,1,0,1,1,1,1,1
2002,Middlesbrough,Arsenal,0,2,1,1,2,-2,0
2002,Middlesbrough,Blackburn Rovers,1,0,1,1,1,1,1
2002,Middlesbrough,West Ham United,2,2,1,1,4,0,0
2002,Newcastle United,Charlton Athletic,2,1,1,1,3,1,1
2002,Newcastle United,Fulham,2,0,1,1,2,2,1
2002,Newcastle United,Southampton,2,1,1,1,3,1,1
2002,Southampton,Bolton Wanderers,0,0,1,1,0,0,0
2002,Southampton,Everton,1,0,1,1,1,1,1
2002,Southampton,Liverpool,0,1,1,1,1,-1,0
2002,Southampton,Middlesbrough,0,0,1,1,0,0,0
2002,Southampton,Tottenham Hotspur,1,0,1,1,1,1,1
2002,Sunderland,Arsenal,0,4,1,1,4,-4,0
2002,Sunderland,Leeds United,1,2,1,1,3,-1,0
2002,Sunderland,West Ham United,0,1,1,1,1,-1,0
2002,Tottenham Hotspur,Birmingham City,2,1,1,1,3,1,1
2002,Tottenham Hotspur,Charlton Athletic,2,2,1,1,4,0,0
2002,Tottenham Hotspur,Manchester City,0,2,1,1,2,-2,0
2002,Tottenham Hotspur,West Bromwich Albion,3,1,1,1,4,2,1
2002,West Bromwich Albion,Everton,1,2,1,1,3,-1,0
2002,West Bromwich Albion,Middlesbrough,1,0,1,1,1,1,1
2002,West Bromwich Albion,Sunderland,2,2,1,1,4,0,0
2002,West Ham United,Arsenal,2,2,1,1,4,0,0
2002,West Ham United,Blackburn Rovers,2,1,1,1,3,1,1
2002,West Ham United,West Bromwich Albion,0,1,1,1,1,-1,0
2002,Bradford City,Leicester City,0,0,2,2,0,0,0
2002,Bradford City,Nottingham Forest,1,0,2,2,1,1,1
2002,Bradford City,Watford,2,1,2,2,3,1,1
2002,Brighton & Hove Albion,Millwall,1,0,2,2,1,1,1
2002,Brighton & Hove Albion,Stoke City,1,2,2,2,3,-1,0
2002,Burnley,Brighton & Hove Albion,1,3,2,2,4,-2,0
2002,Burnley,Derby County,2,0,2,2,2,2,1
2002,Burnley,Ipswich Town,1,1,2,2,2,0,0
2002,Burnley,Norwich City,2,0,2,2,2,2,1
2002,Burnley,Sheffield United,0,1,2,2,1,-1,0
2002,Burnley,Walsall,2,1,2,2,3,1,1
2002,Burnley,Wolverhampton Wanderers,2,1,2,2,3,1,1
2002,Coventry City,Leicester City,1,2,2,2,3,-1,0
2002,Coventry City,Nottingham Forest,0,1,2,2,1,-1,0
2002,Coventry City,Reading,2,0,2,2,2,2,1
2002,Coventry City,Watford,0,1,2,2,1,-1,0
2002,Crystal Palace,Coventry City,1,1,2,2,2,0,0
2002,Crystal Palace,Grimsby Town,2,0,2,2,2,2,1
2002,Crystal Palace,Millwall,1,0,2,2,1,1,1
2002,Crystal Palace,Portsmouth,2,3,2,2,5,-1,0
2002,Crystal Palace,Wimbledon,0,1,2,2,1,-1,0
2002,Derby County,Crystal Palace,0,1,2,2,1,-1,0
2002,Derby County,Norwich City,2,1,2,2,3,1,1
2002,Gillingham,Leicester City,3,2,2,2,5,1,1
2002,Gillingham,Sheffield Wednesday,1,1,2,2,2,0,0
2002,Gillingham,Watford,3,0,2,2,3,3,1
2002,Grimsby Town,Coventry City,0,2,2,2,2,-2,0
2002,Grimsby Town,Rotherham United,0,0,2,2,0,0,0
2002,Ipswich Town,Grimsby Town,2,2,2,2,4,0,0
2002,Ipswich Town,Preston North End,3,0,2,2,3,3,1
2002,Ipswich Town,Walsall,3,2,2,2,5,1,1
2002,Leicester City,Burnley,0,1,2,2,1,-1,0
2002,Leicester City,Nottingham Forest,1,0,2,2,1,1,1
2002,Leicester City,Watford,2,0,2,2,2,2,1
2002,Millwall,Bradford City,1,0,2,2,1,1,1
2002,Millwall,Portsmouth,0,5,2,2,5,-5,0
2002,Norwich City,Crystal Palace,2,0,2,2,2,2,1
2002,Nottingham Forest,Burnley,2,0,2,2,2,2,1
2002,Nottingham Forest,Watford,0,1,2,2,1,-1,0
2002,Portsmouth,Leicester City,0,2,2,2,2,-2,0
2002,Portsmouth,Nottingham Forest,2,0,2,2,2,2,1
2002,Portsmouth,Wimbledon,4,1,2,2,5,3,1
2002,Preston North End,Brighton & Hove Albion,2,2,2,2,4,0,0
2002,Preston North End,Millwall,2,1,2,2,3,1,1
2002,Preston North End,Portsmouth,1,1,2,2,2,0,0
2002,Preston North End,Walsall,5,0,2,2,5,5,1
2002,Reading,Derby County,2,1,2,2,3,1,1
2002,Reading,Ipswich Town,3,1,2,2,4,2,1
2002,Reading,Norwich City,0,2,2,2,2,-2,0
2002,Reading,Preston North End,5,1,2,2,6,4,1
2002,Rotherham United,Bradford City,3,2,2,2,5,1,1
2002,Rotherham United,Gillingham,1,1,2,2,2,0,0
2002,Sheffield United,Grimsby Town,2,1,2,2,3,1,1
2002,Sheffield United,Millwall,3,1,2,2,4,2,1
2002,Sheffield United,Portsmouth,1,1,2,2,2,0,0
2002,Sheffield United,Rotherham United,1,0,2,2,1,1,1
2002,Sheffield United,Walsall,1,1,2,2,2,0,0
2002,Sheffield Wednesday,Burnley,1,3,2,2,4,-2,0
2002,Sheffield Wednesday,Derby County,1,3,2,2,4,-2,0
2002,Sheffield Wednesday,Norwich City,2,2,2,2,4,0,0
2002,Sheffield Wednesday,Preston North End,0,1,2,2,1,-1,0
2002,Sheffield Wednesday,Watford,2,2,2,2,4,0,0
2002,Stoke City,Bradford City,2,1,2,2,3,1,1
2002,Stoke City,Gillingham,0,0,2,2,0,0,0
2002,Stoke City,Nottingham Forest,2,2,2,2,4,0,0
2002,Stoke City,Wimbledon,2,1,2,2,3,1,1
2002,Walsall,Brighton & Hove Albion,1,0,2,2,1,1,1
2002,Walsall,Crystal Palace,3,4,2,2,7,-1,0
2002,Walsall,Millwall,1,2,2,2,3,-1,0
2002,Walsall,Portsmouth,1,2,2,2,3,-1,0
2002,Walsall,Rotherham United,3,4,2,2,7,-1,0
2002,Walsall,Wolverhampton Wanderers,0,1,2,2,1,-1,0
2002,Watford,Derby County,2,0,2,2,2,2,1
2002,Watford,Ipswich Town,0,2,2,2,2,-2,0
2002,Watford,Norwich City,2,1,2,2,3,1,1
2002,Watford,Sheffield United,2,0,2,2,2,2,1
2002,Watford,Walsall,2,0,2,2,2,2,1
2002,Wimbledon,Bradford City,2,2,2,2,4,0,0
2002,Wimbledon,Coventry City,0,1,2,2,1,-1,0
2002,Wimbledon,Leicester City,2,3,2,2,5,-1,0
2002,Wimbledon,Reading,2,0,2,2,2,2,1
2002,Wimbledon,Sheffield Wednesday,3,0,2,2,3,3,1
2002,Wolverhampton Wanderers,Grimsby Town,4,1,2,2,5,3,1
2002,Wolverhampton Wanderers,Portsmouth,1,1,2,2,2,0,0
2002,Wolverhampton Wanderers,Rotherham United,0,0,2,2,0,0,0
2002,Wolverhampton Wanderers,Stoke City,0,0,2,2,0,0,0
2002,Wolverhampton Wanderers,Wimbledon,1,1,2,2,2,0,0
2002,Barnsley,Chesterfield,2,1,3,3,3,1,1
2002,Barnsley,Peterborough United,1,2,3,3,3,-1,0
2002,Barnsley,Tranmere Rovers,1,1,3,3,2,0,0
2002,Blackpool,Luton Town,5,2,3,3,7,3,1
2002,Blackpool,Plymouth Argyle,1,1,3,3,2,0,0
2002,Blackpool,Stockport County,1,3,3,3,4,-2,0
2002,Blackpool,Wigan Athletic,0,2,3,3,2,-2,0
2002,Brentford,Cheltenham,2,2,3,3,4,0,0
2002,Brentford,Mansfield Town,1,0,3,3,1,1,1
2002,Brentford,Oldham Athletic,0,0,3,3,0,0,0
2002,Bristol City,Brentford,0,0,3,3,0,0,0
2002,Bristol City,Northampton Town,3,0,3,3,3,3,1
2002,Bristol City,Peterborough United,1,0,3,3,1,1,1
2002,Bristol City,Queens Park Rangers,1,3,3,3,4,-2,0
2002,Bristol City,Tranmere Rovers,2,0,3,3,2,2,1
2002,Cardiff City,Bristol City,0,2,3,3,2,-2,0
2002,Cardiff City,Luton Town,0,0,3,3,0,0,0
2002,Cardiff City,Plymouth Argyle,1,1,3,3,2,0,0
2002,Cardiff City,Wigan Athletic,0,0,3,3,0,0,0
2002,Cheltenham,Crewe Alexandra,0,4,3,3,4,-4,0
2002,Cheltenham,Wycombe Wanderers,0,0,3,3,0,0,0
2002,Chesterfield,Brentford,0,2,3,3,2,-2,0
2002,Chesterfield,Huddersfield Town,1,0,3,3,1,1,1
2002,Chesterfield,Peterborough United,0,0,3,3,0,0,0
2002,Colchester United,Barnsley,1,1,3,3,2,0,0
2002,Colchester United,Bristol City,2,2,3,3,4,0,0
2002,Colchester United,Luton Town,0,5,3,3,5,-5,0
2002,Colchester United,Notts County,1,1,3,3,2,0,0
2002,Colchester United,Plymouth Argyle,0,0,3,3,0,0,0
2002,Crewe Alexandra,Blackpool,3,0,3,3,3,3,1
2002,Crewe Alexandra,Cardiff City,1,1,3,3,2,0,0
2002,Crewe Alexandra,Port Vale,1,1,3,3,2,0,0
2002,Huddersfield Town,Cheltenham,3,3,3,3,6,0,0
2002,Huddersfield Town,Northampton Town,2,0,3,3,2,2,1
2002,Huddersfield Town,Tranmere Rovers,1,2,3,3,3,-1,0
2002,Luton Town,Bristol City,2,2,3,3,4,0,0
2002,Luton Town,Chesterfield,3,0,3,3,3,3,1
2002,Luton Town,Plymouth Argyle,1,0,3,3,1,1,1
2002,Mansfield Town,Blackpool,4,0,3,3,4,4,1
2002,Mansfield Town,Cardiff City,0,1,3,3,1,-1,0
2002,Mansfield Town,Luton Town,3,2,3,3,5,1,1
2002,Mansfield Town,Port Vale,0,1,3,3,1,-1,0
2002,Mansfield Town,Swindon Town,2,1,3,3,3,1,1
2002,Northampton Town,Cheltenham,1,2,3,3,3,-1,0
2002,Northampton Town,Crewe Alexandra,1,1,3,3,2,0,0
2002,Northampton Town,Peterborough United,0,1,3,3,1,-1,0
2002,Notts County,Barnsley,3,2,3,3,5,1,1
2002,Notts County,Bristol City,2,0,3,3,2,2,1
2002,Notts County,Chesterfield,1,1,3,3,2,0,0
2002,Notts County,Huddersfield Town,3,2,3,3,5,1,1
2002,Notts County,Northampton Town,2,1,3,3,3,1,1
2002,Notts County,Plymouth Argyle,0,2,3,3,2,-2,0
2002,Notts County,Stockport County,3,2,3,3,5,1,1
2002,Notts County,Wigan Athletic,0,2,3,3,2,-2,0
2002,Oldham Athletic,Cardiff City,1,2,3,3,3,-1,0
2002,Oldham Athletic,Luton Town,1,2,3,3,3,-1,0
2002,Oldham Athletic,Notts County,1,1,3,3,2,0,0
2002,Oldham Athletic,Wycombe Wanderers,0,2,3,3,2,-2,0
2002,Peterborough United,Cheltenham,4,1,3,3,5,3,1
2002,Peterborough United,Crewe Alexandra,0,0,3,3,0,0,0
2002,Peterborough United,Queens Park Rangers,0,2,3,3,2,-2,0
2002,Peterborough United,Tranmere Rovers,0,0,3,3,0,0,0
2002,Plymouth Argyle,Barnsley,1,1,3,3,2,0,0
2002,Plymouth Argyle,Bristol City,2,0,3,3,2,2,1
2002,Plymouth Argyle,Huddersfield Town,2,1,3,3,3,1,1
2002,Plymouth Argyle,Wigan Athletic,1,3,3,3,4,-2,0
2002,Port Vale,Cardiff City,0,2,3,3,2,-2,0
2002,Port Vale,Swindon Town,1,1,3,3,2,0,0
2002,Port Vale,Wycombe Wanderers,1,1,3,3,2,0,0
2002,Queens Park Rangers,Brentford,1,1,3,3,2,0,0
2002,Queens Park Rangers,Crewe Alexandra,0,0,3,3,0,0,0
2002,Queens Park Rangers,Tranmere Rovers,1,2,3,3,3,-1,0
2002,Stockport County,Chesterfield,2,1,3,3,3,1,1
2002,Stockport County,Peterborough United,2,1,3,3,3,1,1
2002,Stockport County,Wigan Athletic,1,1,3,3,2,0,0
2002,Swindon Town,Blackpool,1,1,3,3,2,0,0
2002,Swindon Town,Plymouth Argyle,2,0,3,3,2,2,1
2002,Tranmere Rovers,Port Vale,1,0,3,3,1,1,1
2002,Tranmere Rovers,Swindon Town,0,1,3,3,1,-1,0
2002,Wigan Athletic,Chesterfield,3,1,3,3,4,2,1
2002,Wigan Athletic,Tranmere Rovers,0,0,3,3,0,0,0
2002,Wycombe Wanderers,Blackpool,1,2,3,3,3,-1,0
2002,Wycombe Wanderers,Colchester United,0,0,3,3,0,0,0
2002,Wycombe Wanderers,Luton Town,1,2,3,3,3,-1,0
2002,Wycombe Wanderers,Notts County,3,1,3,3,4,2,1
2002,Wycombe Wanderers,Stockport County,1,4,3,3,5,-3,0
2002,Wycombe Wanderers,Wigan Athletic,0,2,3,3,2,-2,0
2002,AFC Bournemouth,Bury,1,2,4,4,3,-1,0
2002,AFC Bournemouth,Lincoln City,0,1,4,4,1,-1,0
2002,AFC Bournemouth,Rochdale,3,3,4,4,6,0,0
2002,Boston United,Cambridge United,1,3,4,4,4,-2,0
2002,Boston United,Exeter City,0,3,4,4,3,-3,0
2002,Boston United,Kidderminster Harriers,3,0,4,4,3,3,1
2002,Boston United,Rushden & Diamonds,1,1,4,4,2,0,0
2002,Bristol Rovers,Boston United,1,1,4,4,2,0,0
2002,Bristol Rovers,Carlisle United,1,2,4,4,3,-1,0
2002,Bristol Rovers,Leyton Orient,1,2,4,4,3,-1,0
2002,Bristol Rovers,Scunthorpe United,2,1,4,4,3,1,1
2002,Bristol Rovers,Swansea City,3,1,4,4,4,2,1
2002,Bristol Rovers,York City,0,1,4,4,1,-1,0
2002,Bury,Hull City,1,0,4,4,1,1,1
2002,Bury,Lincoln City,2,0,4,4,2,2,1
2002,Bury,Shrewsbury Town,4,3,4,4,7,1,1
2002,Cambridge United,AFC Bournemouth,2,1,4,4,3,1,1
2002,Cambridge United,Bury,1,2,4,4,3,-1,0
2002,Cambridge United,Macclesfield,3,1,4,4,4,2,1
2002,Cambridge United,Rushden & Diamonds,4,1,4,4,5,3,1
2002,Cambridge United,Southend United,1,1,4,4,2,0,0
2002,Carlisle United,Hartlepool United,1,3,4,4,4,-2,0
2002,Carlisle United,Leyton Orient,3,0,4,4,3,3,1
2002,Carlisle United,Oxford United,1,0,4,4,1,1,1
2002,Carlisle United,Swansea City,2,2,4,4,4,0,0
2002,Carlisle United,York City,1,1,4,4,2,0,0
2002,Darlington,Lincoln City,0,0,4,4,0,0,0
2002,Darlington,Shrewsbury Town,5,1,4,4,6,4,1
2002,Exeter City,Darlington,0,4,4,4,4,-4,0
2002,Exeter City,Kidderminster Harriers,2,5,4,4,7,-3,0
2002,Hartlepool United,Boston United,2,0,4,4,2,2,1
2002,Hartlepool United,Scunthorpe United,2,2,4,4,4,0,0
2002,Hull City,Bristol Rovers,1,0,4,4,1,1,1
2002,Hull City,Carlisle United,4,0,4,4,4,4,1
2002,Hull City,Hartlepool United,2,0,4,4,2,2,1
2002,Hull City,Lincoln City,0,1,4,4,1,-1,0
2002,Hull City,Shrewsbury Town,2,0,4,4,2,2,1
2002,Kidderminster Harriers,Bury,3,2,4,4,5,1,1
2002,Kidderminster Harriers,Darlington,1,1,4,4,2,0,0
2002,Kidderminster Harriers,Macclesfield,0,2,4,4,2,-2,0
2002,Kidderminster Harriers,Rushden & Diamonds,0,2,4,4,2,-2,0
2002,Kidderminster Harriers,Southend United,1,0,4,4,1,1,1
2002,Leyton Orient,Boston United,3,2,4,4,5,1,1
2002,Leyton Orient,Kidderminster Harriers,0,0,4,4,0,0,0
2002,Leyton Orient,York City,0,1,4,4,1,-1,0
2002,Lincoln City,Bristol Rovers,2,1,4,4,3,1,1
2002,Lincoln City,Carlisle United,0,1,4,4,1,-1,0
2002,Lincoln City,Hartlepool United,3,0,4,4,3,3,1
2002,Lincoln City,Shrewsbury Town,1,1,4,4,2,0,0
2002,Macclesfield,AFC Bournemouth,0,1,4,4,1,-1,0
2002,Macclesfield,Bury,0,0,4,4,0,0,0
2002,Macclesfield,Darlington,1,0,4,4,1,1,1
2002,Macclesfield,Hull City,0,1,4,4,1,-1,0
2002,Macclesfield,Rushden & Diamonds,0,1,4,4,1,-1,0
2002,Oxford United,Boston United,2,1,4,4,3,1,1
2002,Oxford United,Cambridge United,1,1,4,4,2,0,0
2002,Oxford United,Exeter City,2,2,4,4,4,0,0
2002,Oxford United,York City,2,0,4,4,2,2,1
2002,Rochdale,Leyton Orient,1,0,4,4,1,1,1
2002,Rochdale,Oxford United,2,1,4,4,3,1,1
2002,Rushden & Diamonds,AFC Bournemouth,2,1,4,4,3,1,1
2002,Rushden & Diamonds,Bury,0,1,4,4,1,-1,0
2002,Rushden & Diamonds,Darlington,2,0,4,4,2,2,1
2002,Rushden & Diamonds,Hull City,4,2,4,4,6,2,1
2002,Rushden & Diamonds,Lincoln City,1,0,4,4,1,1,1
2002,Rushden & Diamonds,Rochdale,3,3,4,4,6,0,0
2002,Rushden & Diamonds,Wrexham,2,2,4,4,4,0,0
2002,Scunthorpe United,Boston United,2,0,4,4,2,2,1
2002,Scunthorpe United,Cambridge United,1,2,4,4,3,-1,0
2002,Scunthorpe United,Rushden & Diamonds,0,0,4,4,0,0,0
2002,Scunthorpe United,Swansea City,2,0,4,4,2,2,1
2002,Scunthorpe United,York City,2,1,4,4,3,1,1
2002,Shrewsbury Town,Leyton Orient,2,1,4,4,3,1,1
2002,Shrewsbury Town,Oxford United,1,2,4,4,3,-1,0
2002,Shrewsbury Town,Scunthorpe United,1,2,4,4,3,-1,0
2002,Southend United,AFC Bournemouth,0,1,4,4,1,-1,0
2002,Southend United,Bury,1,2,4,4,3,-1,0
2002,Southend United,Darlington,2,0,4,4,2,2,1
2002,Southend United,Hull City,3,0,4,4,3,3,1
2002,Southend United,Lincoln City,0,1,4,4,1,-1,0
2002,Swansea City,Boston United,0,0,4,4,0,0,0
2002,Swansea City,Exeter City,0,1,4,4,1,-1,0
2002,Torquay United,Hartlepool United,1,1,4,4,2,0,0
2002,Torquay United,Leyton Orient,2,2,4,4,4,0,0
2002,Torquay United,Oxford United,2,3,4,4,5,-1,0
2002,Torquay United,Scunthorpe United,1,1,4,4,2,0,0
2002,Wrexham,Darlington,0,0,4,4,0,0,0
2002,Wrexham,Rochdale,2,5,4,4,7,-3,0
2002,Wrexham,Shrewsbury Town,3,3,4,4,6,0,0
2002,Wrexham,Torquay United,2,1,4,4,3,1,1
2002,York City,Exeter City,0,2,4,4,2,-2,0
2002,York City,Macclesfield,2,1,4,4,3,1,1
2002,York City,Rushden & Diamonds,0,0,4,4,0,0,0
2003,Arsenal,Blackburn Rovers,1,0,1,1,1,1,1
2003,Arsenal,Chelsea,2,1,1,1,3,1,1
2003,Arsenal,Leeds United,5,0,1,1,5,5,1
2003,Arsenal,Manchester City,2,1,1,1,3,1,1
2003,Arsenal,Newcastle United,3,2,1,1,5,1,1
2003,Arsenal,Tottenham Hotspur,2,1,1,1,3,1,1
2003,Aston Villa,Birmingham City,2,2,1,1,4,0,0
2003,Aston Villa,Southampton,1,0,1,1,1,1,1
2003,Birmingham City,Arsenal,0,3,1,1,3,-3,0
2003,Birmingham City,Everton,3,0,1,1,3,3,1
2003,Birmingham City,Leicester City,0,1,1,1,1,-1,0
2003,Birmingham City,Portsmouth,2,0,1,1,2,2,1
2003,Birmingham City,Wolverhampton Wanderers,2,2,1,1,4,0,0
2003,Blackburn Rovers,Birmingham City,1,1,1,1,2,0,0
2003,Blackburn Rovers,Tottenham Hotspur,1,0,1,1,1,1,1
2003,Charlton Athletic,Blackburn Rovers,3,2,1,1,5,1,1
2003,Charlton Athletic,Everton,2,2,1,1,4,0,0
2003,Charlton Athletic,Wolverhampton Wanderers,2,0,1,1,2,2,1
2003,Chelsea,Birmingham City,0,0,1,1,0,0,0
2003,Chelsea,Leeds United,1,0,1,1,1,1,1
2003,Chelsea,Manchester City,1,0,1,1,1,1,1
2003,Chelsea,Tottenham Hotspur,4,2,1,1,6,2,1
2003,Everton,Fulham,3,1,1,1,4,2,1
2003,Everton,Middlesbrough,1,1,1,1,2,0,0
2003,Everton,Southampton,0,0,1,1,0,0,0
2003,Fulham,Blackburn Rovers,3,4,1,1,7,-1,0
2003,Fulham,Leicester City,2,0,1,1,2,2,1
2003,Fulham,Manchester United,1,1,1,1,2,0,0
2003,Fulham,Wolverhampton Wanderers,0,0,1,1,0,0,0
2003,Leeds United,Charlton Athletic,3,3,1,1,6,0,0
2003,Leeds United,Manchester City,2,1,1,1,3,1,1
2003,Leeds United,Newcastle United,2,2,1,1,4,0,0
2003,Leicester City,Liverpool,0,0,1,1,0,0,0
2003,Leicester City,Southampton,2,2,1,1,4,0,0
2003,Liverpool,Blackburn Rovers,4,0,1,1,4,4,1
2003,Liverpool,Chelsea,1,2,1,1,3,-1,0
2003,Liverpool,Manchester United,1,2,1,1,3,-1,0
2003,Manchester City,Charlton Athletic,1,1,1,1,2,0,0
2003,Manchester City,Fulham,0,0,1,1,0,0,0
2003,Manchester United,Leicester City,1,0,1,1,1,1,1
2003,Manchester United,Middlesbrough,2,3,1,1,5,-1,0
2003,Manchester United,Southampton,3,2,1,1,5,1,1
2003,Middlesbrough,Chelsea,1,2,1,1,3,-1,0
2003,Middlesbrough,Portsmouth,0,0,1,1,0,0,0
2003,Portsmouth,Everton,1,2,1,1,3,-1,0
2003,Southampton,Chelsea,0,1,1,1,1,-1,0
2003,Southampton,Leeds United,2,1,1,1,3,1,1
2003,Southampton,Newcastle United,3,3,1,1,6,0,0
2003,Tottenham Hotspur,Fulham,0,3,1,1,3,-3,0
2003,Tottenham Hotspur,Liverpool,2,1,1,1,3,1,1
2003,Tottenham Hotspur,Middlesbrough,0,0,1,1,0,0,0
2003,Wolverhampton Wanderers,Bolton Wanderers,1,2,1,1,3,-1,0
2003,Wolverhampton Wanderers,Everton,2,1,1,1,3,1,1
2003,Wolverhampton Wanderers,Manchester United,1,0,1,1,1,1,1
2003,Wolverhampton Wanderers,Portsmouth,0,0,1,1,0,0,0
2003,Bradford City,Burnley,1,2,2,2,3,-1,0
2003,Bradford City,Gillingham,0,1,2,2,1,-1,0
2003,Bradford City,Reading,2,1,2,2,3,1,1
2003,Bradford City,Watford,2,0,2,2,2,2,1
2003,Burnley,Nottingham Forest,0,3,2,2,3,-3,0
2003,Cardiff City,Millwall,1,3,2,2,4,-2,0
2003,Cardiff City,Sheffield United,2,1,2,2,3,1,1
2003,Cardiff City,Walsall,0,1,2,2,1,-1,0
2003,Cardiff City,West Ham United,0,0,2,2,0,0,0
2003,Coventry City,Norwich City,0,2,2,2,2,-2,0
2003,Coventry City,Reading,1,2,2,2,3,-1,0
2003,Coventry City,Stoke City,4,2,2,2,6,2,1
2003,Coventry City,Wigan Athletic,1,1,2,2,2,0,0
2003,Crewe Alexandra,Crystal Palace,2,3,2,2,5,-1,0
2003,Crewe Alexandra,Ipswich Town,1,0,2,2,1,1,1
2003,Crewe Alexandra,Wimbledon,1,0,2,2,1,1,1
2003,Crystal Palace,Cardiff City,2,1,2,2,3,1,1
2003,Crystal Palace,Millwall,0,1,2,2,1,-1,0
2003,Crystal Palace,West Ham United,1,0,2,2,1,1,1
2003,Derby County,Bradford City,3,2,2,2,5,1,1
2003,Derby County,Gillingham,2,1,2,2,3,1,1
2003,Derby County,Wigan Athletic,2,2,2,2,4,0,0
2003,Gillingham,Crewe Alexandra,2,0,2,2,2,2,1
2003,Gillingham,Rotherham United,2,0,2,2,2,2,1
2003,Gillingham,Sunderland,1,3,2,2,4,-2,0
2003,Ipswich Town,Cardiff City,1,1,2,2,2,0,0
2003,Ipswich Town,Crystal Palace,1,3,2,2,4,-2,0
2003,Ipswich Town,Sheffield United,3,0,2,2,3,3,1
2003,Ipswich Town,Walsall,2,1,2,2,3,1,1
2003,Millwall,Reading,0,1,2,2,1,-1,0
2003,Millwall,Watford,1,2,2,2,3,-1,0
2003,Norwich City,Crewe Alexandra,1,0,2,2,1,1,1
2003,Norwich City,Nottingham Forest,1,0,2,2,1,1,1
2003,Norwich City,Sunderland,1,0,2,2,1,1,1
2003,Nottingham Forest,Cardiff City,1,2,2,2,3,-1,0
2003,Nottingham Forest,Crystal Palace,3,2,2,2,5,1,1
2003,Nottingham Forest,Ipswich Town,1,1,2,2,2,0,0
2003,Nottingham Forest,Sheffield United,3,1,2,2,4,2,1
2003,Nottingham Forest,Walsall,3,3,2,2,6,0,0
2003,Nottingham Forest,West Ham United,0,2,2,2,2,-2,0
2003,Preston North End,Bradford City,1,0,2,2,1,1,1
2003,Preston North End,Derby County,3,0,2,2,3,3,1
2003,Preston North End,Millwall,1,2,2,2,3,-1,0
2003,Preston North End,Reading,2,1,2,2,3,1,1
2003,Preston North End,Stoke City,1,0,2,2,1,1,1
2003,Reading,Crewe Alexandra,1,1,2,2,2,0,0
2003,Reading,Gillingham,2,1,2,2,3,1,1
2003,Rotherham United,Crystal Palace,1,2,2,2,3,-1,0
2003,Rotherham United,Ipswich Town,1,3,2,2,4,-2,0
2003,Rotherham United,Sheffield United,1,1,2,2,2,0,0
2003,Rotherham United,Walsall,2,0,2,2,2,2,1
2003,Sheffield United,Bradford City,2,0,2,2,2,2,1
2003,Sheffield United,Coventry City,2,1,2,2,3,1,1
2003,Sheffield United,Preston North End,2,0,2,2,2,2,1
2003,Sheffield United,Wigan Athletic,1,1,2,2,2,0,0
2003,Stoke City,Burnley,1,2,2,2,3,-1,0
2003,Stoke City,Norwich City,1,1,2,2,2,0,0
2003,Stoke City,Reading,3,0,2,2,3,3,1
2003,Stoke City,Sunderland,3,1,2,2,4,2,1
2003,Stoke City,West Bromwich Albion,4,1,2,2,5,3,1
2003,Stoke City,Wimbledon,2,1,2,2,3,1,1
2003,Sunderland,Ipswich Town,3,2,2,2,5,1,1
2003,Sunderland,Nottingham Forest,1,0,2,2,1,1,1
2003,Walsall,Coventry City,1,6,2,2,7,-5,0
2003,Walsall,Watford,0,1,2,2,1,-1,0
2003,Walsall,Wigan Athletic,2,0,2,2,2,2,1
2003,Watford,Crewe Alexandra,2,1,2,2,3,1,1
2003,Watford,Norwich City,1,2,2,2,3,-1,0
2003,Watford,West Bromwich Albion,0,1,2,2,1,-1,0
2003,Watford,Wimbledon,4,0,2,2,4,4,1
2003,West Bromwich Albion,Cardiff City,2,1,2,2,3,1,1
2003,West Bromwich Albion,Crystal Palace,2,0,2,2,2,2,1
2003,West Bromwich Albion,Sunderland,0,0,2,2,0,0,0
2003,West Bromwich Albion,West Ham United,1,1,2,2,2,0,0
2003,West Ham United,Bradford City,1,0,2,2,1,1,1
2003,West Ham United,Coventry City,2,0,2,2,2,2,1
2003,West Ham United,Derby County,0,0,2,2,0,0,0
2003,West Ham United,Millwall,1,1,2,2,2,0,0
2003,West Ham United,Preston North End,1,2,2,2,3,-1,0
2003,West Ham United,Walsall,0,0,2,2,0,0,0
2003,Wigan Athletic,Burnley,0,0,2,2,0,0,0
2003,Wigan Athletic,Crewe Alexandra,2,3,2,2,5,-1,0
2003,Wigan Athletic,Gillingham,1,0,2,2,1,1,1
2003,Wigan Athletic,Reading,0,2,2,2,2,-2,0
2003,Wigan Athletic,Stoke City,2,1,2,2,3,1,1
2003,Wigan Athletic,Watford,1,0,2,2,1,1,1
2003,Wimbledon,Cardiff City,0,1,2,2,1,-1,0
2003,Wimbledon,Crystal Palace,1,3,2,2,4,-2,0
2003,Wimbledon,Nottingham Forest,0,1,2,2,1,-1,0
2003,Wimbledon,Rotherham United,1,2,2,2,3,-1,0
2003,Wimbledon,Sunderland,1,2,2,2,3,-1,0
2003,Wimbledon,West Bromwich Albion,0,0,2,2,0,0,0
2003,AFC Bournemouth,Barnsley,2,2,3,3,4,0,0
2003,AFC Bournemouth,Luton Town,6,3,3,3,9,3,1
2003,AFC Bournemouth,Stockport County,0,0,3,3,0,0,0
2003,AFC Bournemouth,Wrexham,6,0,3,3,6,6,1
2003,Barnsley,Grimsby Town,0,0,3,3,0,0,0
2003,Barnsley,Plymouth Argyle,1,0,3,3,1,1,1
2003,Barnsley,Rushden & Diamonds,2,0,3,3,2,2,1
2003,Blackpool,Brentford,1,1,3,3,2,0,0
2003,Blackpool,Chesterfield,1,0,3,3,1,1,1
2003,Blackpool,Hartlepool United,4,0,3,3,4,4,1
2003,Blackpool,Port Vale,2,1,3,3,3,1,1
2003,Blackpool,Sheffield Wednesday,4,1,3,3,5,3,1
2003,Brentford,AFC Bournemouth,1,0,3,3,1,1,1
2003,Brentford,Colchester United,3,2,3,3,5,1,1
2003,Brentford,Queens Park Rangers,1,1,3,3,2,0,0
2003,Brentford,Stockport County,0,2,3,3,2,-2,0
2003,Brentford,Wrexham,0,1,3,3,1,-1,0
2003,Brighton & Hove Albion,Bristol City,1,4,3,3,5,-3,0
2003,Brighton & Hove Albion,Notts County,1,0,3,3,1,1,1
2003,Bristol City,Oldham Athletic,0,2,3,3,2,-2,0
2003,Bristol City,Tranmere Rovers,2,0,3,3,2,2,1
2003,Chesterfield,Brentford,1,2,3,3,3,-1,0
2003,Chesterfield,Stockport County,0,3,3,3,3,-3,0
2003,Chesterfield,Wrexham,2,1,3,3,3,1,1
2003,Colchester United,Barnsley,1,1,3,3,2,0,0
2003,Colchester United,Grimsby Town,2,0,3,3,2,2,1
2003,Colchester United,Plymouth Argyle,0,2,3,3,2,-2,0
2003,Colchester United,Rushden & Diamonds,2,0,3,3,2,2,1
2003,Grimsby Town,Blackpool,0,2,3,3,2,-2,0
2003,Grimsby Town,Bristol City,1,2,3,3,3,-1,0
2003,Grimsby Town,Hartlepool United,0,2,3,3,2,-2,0
2003,Grimsby Town,Tranmere Rovers,0,1,3,3,1,-1,0
2003,Hartlepool United,Brentford,1,2,3,3,3,-1,0
2003,Hartlepool United,Chesterfield,2,0,3,3,2,2,1
2003,Hartlepool United,Wrexham,2,0,3,3,2,2,1
2003,Luton Town,Brighton & Hove Albion,2,0,3,3,2,2,1
2003,Luton Town,Plymouth Argyle,1,1,3,3,2,0,0
2003,Luton Town,Rushden & Diamonds,3,1,3,3,4,2,1
2003,Luton Town,Wycombe Wanderers,3,1,3,3,4,2,1
2003,Notts County,Port Vale,1,2,3,3,3,-1,0
2003,Notts County,Tranmere Rovers,2,2,3,3,4,0,0
2003,Oldham Athletic,Brentford,1,1,3,3,2,0,0
2003,Oldham Athletic,Chesterfield,2,0,3,3,2,2,1
2003,Oldham Athletic,Peterborough United,1,1,3,3,2,0,0
2003,Oldham Athletic,Queens Park Rangers,2,1,3,3,3,1,1
2003,Peterborough United,Plymouth Argyle,2,2,3,3,4,0,0
2003,Peterborough United,Rushden & Diamonds,3,1,3,3,4,2,1
2003,Peterborough United,Swindon Town,4,2,3,3,6,2,1
2003,Peterborough United,Wycombe Wanderers,1,1,3,3,2,0,0
2003,Plymouth Argyle,Blackpool,1,0,3,3,1,1,1
2003,Plymouth Argyle,Grimsby Town,2,2,3,3,4,0,0
2003,Plymouth Argyle,Notts County,3,0,3,3,3,3,1
2003,Plymouth Argyle,Sheffield Wednesday,2,0,3,3,2,2,1
2003,Plymouth Argyle,Tranmere Rovers,6,0,3,3,6,6,1
2003,Port Vale,AFC Bournemouth,2,1,3,3,3,1,1
2003,Port Vale,Wrexham,1,0,3,3,1,1,1
2003,Queens Park Rangers,Colchester United,2,0,3,3,2,2,1
2003,Queens Park Rangers,Luton Town,1,1,3,3,2,0,0
2003,Queens Park Rangers,Peterborough United,1,1,3,3,2,0,0
2003,Queens Park Rangers,Swindon Town,1,0,3,3,1,1,1
2003,Rushden & Diamonds,Blackpool,0,0,3,3,0,0,0
2003,Rushden & Diamonds,Bristol City,1,1,3,3,2,0,0
2003,Rushden & Diamonds,Notts County,2,1,3,3,3,1,1
2003,Rushden & Diamonds,Sheffield Wednesday,1,2,3,3,3,-1,0
2003,Rushden & Diamonds,Tranmere Rovers,2,1,3,3,3,1,1
2003,Sheffield Wednesday,Oldham Athletic,2,2,3,3,4,0,0
2003,Sheffield Wednesday,Port Vale,2,3,3,3,5,-1,0
2003,Stockport County,Colchester United,1,3,3,3,4,-2,0
2003,Stockport County,Luton Town,1,2,3,3,3,-1,0
2003,Stockport County,Peterborough United,2,2,3,3,4,0,0
2003,Stockport County,Wycombe Wanderers,2,0,3,3,2,2,1
2003,Swindon Town,Bristol City,1,1,3,3,2,0,0
2003,Swindon Town,Grimsby Town,2,0,3,3,2,2,1
2003,Swindon Town,Notts County,4,0,3,3,4,4,1
2003,Swindon Town,Tranmere Rovers,2,0,3,3,2,2,1
2003,Tranmere Rovers,AFC Bournemouth,1,1,3,3,2,0,0
2003,Tranmere Rovers,Hartlepool United,0,0,3,3,0,0,0
2003,Tranmere Rovers,Oldham Athletic,2,1,3,3,3,1,1
2003,Tranmere Rovers,Wrexham,1,2,3,3,3,-1,0
2003,Wrexham,Brighton & Hove Albion,0,2,3,3,2,-2,0
2003,Wrexham,Peterborough United,2,0,3,3,2,2,1
2003,Wrexham,Stockport County,0,0,3,3,0,0,0
2003,Boston United,Bristol Rovers,1,0,4,4,1,1,1
2003,Boston United,Carlisle United,1,0,4,4,1,1,1
2003,Boston United,Kidderminster Harriers,2,2,4,4,4,0,0
2003,Boston United,Yeovil,3,2,4,4,5,1,1
2003,Bristol Rovers,Cheltenham,2,0,4,4,2,2,1
2003,Bristol Rovers,Huddersfield Town,1,1,4,4,2,0,0
2003,Bristol Rovers,Leyton Orient,1,1,4,4,2,0,0
2003,Bristol Rovers,Swansea City,2,1,4,4,3,1,1
2003,Bury,Cambridge United,1,0,4,4,1,1,1
2003,Bury,Darlington,1,1,4,4,2,0,0
2003,Bury,Lincoln City,2,1,4,4,3,1,1
2003,Bury,Northampton Town,1,0,4,4,1,1,1
2003,Bury,Scunthorpe United,2,3,4,4,5,-1,0
2003,Cambridge United,Doncaster Rovers,3,3,4,4,6,0,0
2003,Carlisle United,Bristol Rovers,0,2,4,4,2,-2,0
2003,Carlisle United,Cheltenham,1,1,4,4,2,0,0
2003,Carlisle United,Leyton Orient,0,1,4,4,1,-1,0
2003,Carlisle United,Mansfield Town,0,2,4,4,2,-2,0
2003,Carlisle United,Rochdale,3,2,4,4,5,1,1
2003,Carlisle United,Swansea City,1,2,4,4,3,-1,0
2003,Cheltenham,Darlington,2,1,4,4,3,1,1
2003,Cheltenham,Lincoln City,3,2,4,4,5,1,1
2003,Cheltenham,Scunthorpe United,2,1,4,4,3,1,1
2003,Cheltenham,Torquay United,1,3,4,4,4,-2,0
2003,Darlington,Cambridge United,3,4,4,4,7,-1,0
2003,Darlington,Kidderminster Harriers,0,2,4,4,2,-2,0
2003,Darlington,Macclesfield,0,1,4,4,1,-1,0
2003,Doncaster Rovers,Bristol Rovers,5,1,4,4,6,4,1
2003,Doncaster Rovers,Carlisle United,1,0,4,4,1,1,1
2003,Doncaster Rovers,Huddersfield Town,1,1,4,4,2,0,0
2003,Doncaster Rovers,Leyton Orient,5,0,4,4,5,5,1
2003,Doncaster Rovers,Rochdale,2,1,4,4,3,1,1
2003,Doncaster Rovers,Swansea City,3,1,4,4,4,2,1
2003,Doncaster Rovers,York City,3,1,4,4,4,2,1
2003,Huddersfield Town,Bury,1,0,4,4,1,1,1
2003,Huddersfield Town,Cheltenham,0,0,4,4,0,0,0
2003,Huddersfield Town,Hull City,3,1,4,4,4,2,1
2003,Huddersfield Town,Lincoln City,2,1,4,4,3,1,1
2003,Huddersfield Town,Northampton Town,3,0,4,4,3,3,1
2003,Huddersfield Town,Scunthorpe United,3,2,4,4,5,1,1
2003,Hull City,Darlington,4,1,4,4,5,3,1
2003,Hull City,Yeovil,0,0,4,4,0,0,0
2003,Kidderminster Harriers,Carlisle United,2,1,4,4,3,1,1
2003,Kidderminster Harriers,Doncaster Rovers,0,2,4,4,2,-2,0
2003,Kidderminster Harriers,Mansfield Town,2,1,4,4,3,1,1
2003,Kidderminster Harriers,Rochdale,0,1,4,4,1,-1,0
2003,Leyton Orient,Bury,2,0,4,4,2,2,1
2003,Leyton Orient,Cheltenham,1,4,4,4,5,-3,0
2003,Leyton Orient,Lincoln City,0,2,4,4,2,-2,0
2003,Leyton Orient,Northampton Town,1,1,4,4,2,0,0
2003,Leyton Orient,Scunthorpe United,1,1,4,4,2,0,0
2003,Leyton Orient,Torquay United,0,0,4,4,0,0,0
2003,Lincoln City,Boston United,1,1,4,4,2,0,0
2003,Lincoln City,Cambridge United,2,2,4,4,4,0,0
2003,Lincoln City,Darlington,1,1,4,4,2,0,0
2003,Lincoln City,Macclesfield,3,2,4,4,5,1,1
2003,Lincoln City,Southend United,2,2,4,4,4,0,0
2003,Macclesfield,Bristol Rovers,2,1,4,4,3,1,1
2003,Macclesfield,Carlisle United,1,1,4,4,2,0,0
2003,Macclesfield,Kidderminster Harriers,1,1,4,4,2,0,0
2003,Macclesfield,Mansfield Town,1,1,4,4,2,0,0
2003,Macclesfield,York City,0,0,4,4,0,0,0
2003,Mansfield Town,Huddersfield Town,3,3,4,4,6,0,0
2003,Mansfield Town,Northampton Town,1,2,4,4,3,-1,0
2003,Mansfield Town,Scunthorpe United,5,0,4,4,5,5,1
2003,Northampton Town,Cambridge United,1,2,4,4,3,-1,0
2003,Northampton Town,Darlington,1,0,4,4,1,1,1
2003,Northampton Town,Southend United,2,2,4,4,4,0,0
2003,Oxford United,Carlisle United,2,1,4,4,3,1,1
2003,Oxford United,Doncaster Rovers,0,0,4,4,0,0,0
2003,Oxford United,Kidderminster Harriers,2,1,4,4,3,1,1
2003,Oxford United,Swansea City,3,0,4,4,3,3,1
2003,Oxford United,York City,0,0,4,4,0,0,0
2003,Rochdale,Bury,0,0,4,4,0,0,0
2003,Rochdale,Leyton Orient,3,0,4,4,3,3,1
2003,Rochdale,Mansfield Town,3,0,4,4,3,3,1
2003,Scunthorpe United,Boston United,0,1,4,4,1,-1,0
2003,Scunthorpe United,Hull City,1,1,4,4,2,0,0
2003,Scunthorpe United,Northampton Town,1,0,4,4,1,1,1
2003,Scunthorpe United,Southend United,1,1,4,4,2,0,0
2003,Southend United,Carlisle United,2,2,4,4,4,0,0
2003,Southend United,Kidderminster Harriers,3,0,4,4,3,3,1
2003,Southend United,Macclesfield,1,0,4,4,1,1,1
2003,Southend United,Oxford United,0,1,4,4,1,-1,0
2003,Southend United,Swansea City,1,1,4,4,2,0,0
2003,Swansea City,Cheltenham,0,0,4,4,0,0,0
2003,Swansea City,Mansfield Town,4,1,4,4,5,3,1
2003,Torquay United,Boston United,2,0,4,4,2,2,1
2003,Torquay United,Hull City,1,1,4,4,2,0,0
2003,Torquay United,Northampton Town,3,1,4,4,4,2,1
2003,Torquay United,Scunthorpe United,1,0,4,4,1,1,1
2003,Torquay United,Yeovil,2,2,4,4,4,0,0
2003,Yeovil,Bristol Rovers,4,0,4,4,4,4,1
2003,Yeovil,Carlisle United,3,0,4,4,3,3,1
2003,Yeovil,Doncaster Rovers,0,1,4,4,1,-1,0
2003,Yeovil,Kidderminster Harriers,1,2,4,4,3,-1,0
2003,Yeovil,Oxford United,1,0,4,4,1,1,1
2003,Yeovil,York City,3,0,4,4,3,3,1
2003,York City,Bury,1,1,4,4,2,0,0
2003,York City,Cheltenham,0,2,4,4,2,-2,0
2003,York City,Leyton Orient,1,2,4,4,3,-1,0
2003,York City,Mansfield Town,1,2,4,4,3,-1,0
2004,Arsenal,Bolton Wanderers,2,2,1,1,4,0,0
2004,Arsenal,Liverpool,3,1,1,1,4,2,1
2004,Arsenal,Middlesbrough,5,3,1,1,8,2,1
2004,Aston Villa,Blackburn Rovers,1,0,1,1,1,1,1
2004,Aston Villa,Chelsea,0,0,1,1,0,0,0
2004,Aston Villa,Fulham,2,0,1,1,2,2,1
2004,Birmingham City,Charlton Athletic,1,1,1,1,2,0,0
2004,Birmingham City,Southampton,2,1,1,1,3,1,1
2004,Blackburn Rovers,Bolton Wanderers,0,1,1,1,1,-1,0
2004,Blackburn Rovers,Liverpool,2,2,1,1,4,0,0
2004,Blackburn Rovers,West Bromwich Albion,1,1,1,1,2,0,0
2004,Bolton Wanderers,Birmingham City,1,1,1,1,2,0,0
2004,Bolton Wanderers,Chelsea,0,2,1,1,2,-2,0
2004,Bolton Wanderers,Fulham,3,1,1,1,4,2,1
2004,Bolton Wanderers,Norwich City,1,0,1,1,1,1,1
2004,Bolton Wanderers,Tottenham Hotspur,3,1,1,1,4,2,1
2004,Charlton Athletic,Bolton Wanderers,1,2,1,1,3,-1,0
2004,Charlton Athletic,Everton,2,0,1,1,2,2,1
2004,Chelsea,Arsenal,0,0,1,1,0,0,0
2004,Chelsea,Blackburn Rovers,4,0,1,1,4,4,1
2004,Crystal Palace,Birmingham City,2,0,1,1,2,2,1
2004,Crystal Palace,Fulham,2,0,1,1,2,2,1
2004,Crystal Palace,Manchester United,0,0,1,1,0,0,0
2004,Crystal Palace,Tottenham Hotspur,3,0,1,1,3,3,1
2004,Everton,Aston Villa,1,1,1,1,2,0,0
2004,Everton,Crystal Palace,4,0,1,1,4,4,1
2004,Everton,Manchester City,2,1,1,1,3,1,1
2004,Everton,Newcastle United,2,0,1,1,2,2,1
2004,Everton,Southampton,1,0,1,1,1,1,1
2004,Fulham,West Bromwich Albion,1,0,1,1,1,1,1
2004,Liverpool,Charlton Athletic,2,0,1,1,2,2,1
2004,Liverpool,Everton,2,1,1,1,3,1,1
2004,Liverpool,Manchester United,0,1,1,1,1,-1,0
2004,Liverpool,Tottenham Hotspur,2,2,1,1,4,0,0
2004,Manchester City,Bolton Wanderers,0,1,1,1,1,-1,0
2004,Manchester City,Southampton,2,1,1,1,3,1,1
2004,Manchester United,Arsenal,2,0,1,1,2,2,1
2004,Manchester United,Blackburn Rovers,0,0,1,1,0,0,0
2004,Manchester United,Fulham,1,0,1,1,1,1,1
2004,Manchester United,Middlesbrough,1,1,1,1,2,0,0
2004,Manchester United,Portsmouth,2,1,1,1,3,1,1
2004,Manchester United,West Bromwich Albion,1,1,1,1,2,0,0
2004,Middlesbrough,Birmingham City,2,1,1,1,3,1,1
2004,Middlesbrough,Everton,1,1,1,1,2,0,0
2004,Middlesbrough,Tottenham Hotspur,1,0,1,1,1,1,1
2004,Newcastle United,Aston Villa,0,3,1,1,3,-3,0
2004,Newcastle United,Bolton Wanderers,2,1,1,1,3,1,1
2004,Newcastle United,Liverpool,1,0,1,1,1,1,1
2004,Norwich City,Blackburn Rovers,1,1,1,1,2,0,0
2004,Norwich City,Chelsea,1,3,1,1,4,-2,0
2004,Norwich City,Manchester United,2,0,1,1,2,2,1
2004,Norwich City,Portsmouth,2,2,1,1,4,0,0
2004,Portsmouth,Birmingham City,1,1,1,1,2,0,0
2004,Portsmouth,Everton,0,1,1,1,1,-1,0
2004,Tottenham Hotspur,Fulham,2,0,1,1,2,2,1
2004,Tottenham Hotspur,Manchester United,0,1,1,1,1,-1,0
2004,Tottenham Hotspur,Norwich City,0,0,1,1,0,0,0
2004,West Bromwich Albion,Everton,1,0,1,1,1,1,1
2004,West Bromwich Albion,Manchester City,2,0,1,1,2,2,1
2004,West Bromwich Albion,Newcastle United,0,0,1,1,0,0,0
2004,Brighton & Hove Albion,Derby County,2,3,2,2,5,-1,0
2004,Brighton & Hove Albion,Nottingham Forest,0,0,2,2,0,0,0
2004,Brighton & Hove Albion,Sheffield United,1,1,2,2,2,0,0
2004,Burnley,Coventry City,2,2,2,2,4,0,0
2004,Burnley,Gillingham,1,2,2,2,3,-1,0
2004,Burnley,Reading,0,0,2,2,0,0,0
2004,Burnley,Stoke City,2,2,2,2,4,0,0
2004,Burnley,West Ham United,0,1,2,2,1,-1,0
2004,Cardiff City,Crewe Alexandra,1,1,2,2,2,0,0
2004,Cardiff City,Ipswich Town,0,1,2,2,1,-1,0
2004,Cardiff City,Millwall,0,1,2,2,1,-1,0
2004,Cardiff City,Preston North End,0,1,2,2,1,-1,0
2004,Cardiff City,Rotherham United,2,0,2,2,2,2,1
2004,Cardiff City,Wigan Athletic,0,2,2,2,2,-2,0
2004,Coventry City,Leeds United,1,2,2,2,3,-1,0
2004,Coventry City,Nottingham Forest,2,0,2,2,2,2,1
2004,Coventry City,Watford,1,0,2,2,1,1,1
2004,Crewe Alexandra,Cardiff City,2,2,2,2,4,0,0
2004,Crewe Alexandra,Gillingham,4,1,2,2,5,3,1
2004,Crewe Alexandra,Reading,1,1,2,2,2,0,0
2004,Crewe Alexandra,West Ham United,2,3,2,2,5,-1,0
2004,Derby County,Brighton & Hove Albion,3,0,2,2,3,3,1
2004,Derby County,Ipswich Town,3,2,2,2,5,1,1
2004,Derby County,Millwall,0,3,2,2,3,-3,0
2004,Derby County,Rotherham United,3,2,2,2,5,1,1
2004,Derby County,Wigan Athletic,1,1,2,2,2,0,0
2004,Gillingham,Leeds United,2,1,2,2,3,1,1
2004,Gillingham,Nottingham Forest,2,1,2,2,3,1,1
2004,Gillingham,Queens Park Rangers,0,1,2,2,1,-1,0
2004,Gillingham,Watford,0,0,2,2,0,0,0
2004,Gillingham,Wolverhampton Wanderers,1,0,2,2,1,1,1
2004,Ipswich Town,Cardiff City,3,1,2,2,4,2,1
2004,Ipswich Town,Derby County,3,2,2,2,5,1,1
2004,Ipswich Town,Plymouth Argyle,3,2,2,2,5,1,1
2004,Ipswich Town,Reading,1,1,2,2,2,0,0
2004,Ipswich Town,Stoke City,1,0,2,2,1,1,1
2004,Leeds United,Brighton & Hove Albion,1,1,2,2,2,0,0
2004,Leeds United,Preston North End,1,0,2,2,1,1,1
2004,Leeds United,Wigan Athletic,0,2,2,2,2,-2,0
2004,Leicester City,Burnley,0,0,2,2,0,0,0
2004,Leicester City,Crewe Alexandra,1,1,2,2,2,0,0
2004,Leicester City,Nottingham Forest,0,1,2,2,1,-1,0
2004,Leicester City,Queens Park Rangers,1,0,2,2,1,1,1
2004,Leicester City,Watford,0,1,2,2,1,-1,0
2004,Millwall,Cardiff City,2,2,2,2,4,0,0
2004,Millwall,Derby County,3,1,2,2,4,2,1
2004,Millwall,Plymouth Argyle,3,0,2,2,3,3,1
2004,Millwall,Stoke City,0,1,2,2,1,-1,0
2004,Millwall,West Ham United,1,0,2,2,1,1,1
2004,Nottingham Forest,Brighton & Hove Albion,0,1,2,2,1,-1,0
2004,Nottingham Forest,Coventry City,1,4,2,2,5,-3,0
2004,Nottingham Forest,Gillingham,2,2,2,2,4,0,0
2004,Nottingham Forest,Preston North End,2,0,2,2,2,2,1
2004,Nottingham Forest,Rotherham United,2,2,2,2,4,0,0
2004,Nottingham Forest,Sunderland,1,2,2,2,3,-1,0
2004,Plymouth Argyle,Crewe Alexandra,3,0,2,2,3,3,1
2004,Plymouth Argyle,Watford,1,0,2,2,1,1,1
2004,Plymouth Argyle,Wolverhampton Wanderers,1,2,2,2,3,-1,0
2004,Preston North End,Cardiff City,3,0,2,2,3,3,1
2004,Preston North End,Leeds United,2,4,2,2,6,-2,0
2004,Preston North End,Reading,3,0,2,2,3,3,1
2004,Preston North End,West Ham United,2,1,2,2,3,1,1
2004,Queens Park Rangers,Brighton & Hove Albion,0,0,2,2,0,0,0
2004,Queens Park Rangers,Gillingham,1,1,2,2,2,0,0
2004,Queens Park Rangers,Leicester City,3,2,2,2,5,1,1
2004,Queens Park Rangers,Plymouth Argyle,3,2,2,2,5,1,1
2004,Queens Park Rangers,Rotherham United,1,1,2,2,2,0,0
2004,Queens Park Rangers,Sunderland,1,3,2,2,4,-2,0
2004,Queens Park Rangers,Wigan Athletic,1,0,2,2,1,1,1
2004,Reading,Burnley,0,0,2,2,0,0,0
2004,Reading,Ipswich Town,1,1,2,2,2,0,0
2004,Reading,Preston North End,3,1,2,2,4,2,1
2004,Reading,Sheffield United,0,0,2,2,0,0,0
2004,Reading,Wolverhampton Wanderers,1,2,2,2,3,-1,0
2004,Rotherham United,Derby County,1,3,2,2,4,-2,0
2004,Rotherham United,Nottingham Forest,0,0,2,2,0,0,0
2004,Rotherham United,West Ham United,2,2,2,2,4,0,0
2004,Sheffield United,Brighton & Hove Albion,1,2,2,2,3,-1,0
2004,Sheffield United,Coventry City,1,1,2,2,2,0,0
2004,Sheffield United,Plymouth Argyle,2,1,2,2,3,1,1
2004,Stoke City,Burnley,0,1,2,2,1,-1,0
2004,Stoke City,Ipswich Town,3,2,2,2,5,1,1
2004,Stoke City,Millwall,1,0,2,2,1,1,1
2004,Sunderland,Leeds United,2,3,2,2,5,-1,0
2004,Sunderland,West Ham United,0,2,2,2,2,-2,0
2004,Watford,Coventry City,2,3,2,2,5,-1,0
2004,Watford,Stoke City,0,1,2,2,1,-1,0
2004,West Ham United,Burnley,1,0,2,2,1,1,1
2004,West Ham United,Crewe Alexandra,1,1,2,2,2,0,0
2004,West Ham United,Preston North End,1,2,2,2,3,-1,0
2004,West Ham United,Rotherham United,1,0,2,2,1,1,1
2004,West Ham United,Wolverhampton Wanderers,1,0,2,2,1,1,1
2004,Wigan Athletic,Derby County,1,2,2,2,3,-1,0
2004,Wigan Athletic,Leeds United,3,0,2,2,3,3,1
2004,Wigan Athletic,Nottingham Forest,1,1,2,2,2,0,0
2004,Wigan Athletic,Watford,2,2,2,2,4,0,0
2004,Wolverhampton Wanderers,Gillingham,2,2,2,2,4,0,0
2004,Wolverhampton Wanderers,West Ham United,4,2,2,2,6,2,1
2004,AFC Bournemouth,Blackpool,2,3,3,3,5,-1,0
2004,AFC Bournemouth,Hull City,0,4,3,3,4,-4,0
2004,AFC Bournemouth,Sheffield Wednesday,1,1,3,3,2,0,0
2004,AFC Bournemouth,Torquay United,3,0,3,3,3,3,1
2004,AFC Bournemouth,Wrexham,1,0,3,3,1,1,1
2004,Barnsley,Chesterfield,1,0,3,3,1,1,1
2004,Barnsley,Luton Town,3,4,3,3,7,-1,0
2004,Blackpool,AFC Bournemouth,3,3,3,3,6,0,0
2004,Blackpool,Colchester United,1,1,3,3,2,0,0
2004,Blackpool,Port Vale,0,2,3,3,2,-2,0
2004,Blackpool,Swindon Town,1,1,3,3,2,0,0
2004,Bradford City,Bristol City,4,1,3,3,5,3,1
2004,Bradford City,Doncaster Rovers,2,0,3,3,2,2,1
2004,Bradford City,Hull City,0,2,3,3,2,-2,0
2004,Bradford City,Sheffield Wednesday,3,1,3,3,4,2,1
2004,Bradford City,Wrexham,1,1,3,3,2,0,0
2004,Brentford,Blackpool,0,3,3,3,3,-3,0
2004,Brentford,Luton Town,2,0,3,3,2,2,1
2004,Brentford,Peterborough United,0,0,3,3,0,0,0
2004,Bristol City,AFC Bournemouth,0,2,3,3,2,-2,0
2004,Bristol City,Bradford City,0,0,3,3,0,0,0
2004,Bristol City,Colchester United,0,0,3,3,0,0,0
2004,Bristol City,Milton Keynes Dons,4,1,3,3,5,3,1
2004,Bristol City,Swindon Town,1,2,3,3,3,-1,0
2004,Chesterfield,Barnsley,2,2,3,3,4,0,0
2004,Chesterfield,Oldham Athletic,1,0,3,3,1,1,1
2004,Chesterfield,Sheffield Wednesday,1,3,3,3,4,-2,0
2004,Chesterfield,Torquay United,1,1,3,3,2,0,0
2004,Colchester United,Bristol City,0,2,3,3,2,-2,0
2004,Colchester United,Hartlepool United,1,1,3,3,2,0,0
2004,Colchester United,Stockport County,3,2,3,3,5,1,1
2004,Colchester United,Tranmere Rovers,1,2,3,3,3,-1,0
2004,Doncaster Rovers,Huddersfield Town,2,1,3,3,3,1,1
2004,Doncaster Rovers,Port Vale,2,0,3,3,2,2,1
2004,Doncaster Rovers,Walsall,3,1,3,3,4,2,1
2004,Hartlepool United,Barnsley,1,1,3,3,2,0,0
2004,Hartlepool United,Brentford,3,1,3,3,4,2,1
2004,Hartlepool United,Colchester United,2,1,3,3,3,1,1
2004,Hartlepool United,Sheffield Wednesday,3,0,3,3,3,3,1
2004,Hartlepool United,Torquay United,4,1,3,3,5,3,1
2004,Hartlepool United,Wrexham,4,6,3,3,10,-2,0
2004,Huddersfield Town,Bristol City,2,2,3,3,4,0,0
2004,Huddersfield Town,Luton Town,1,1,3,3,2,0,0
2004,Huddersfield Town,Stockport County,5,3,3,3,8,2,1
2004,Huddersfield Town,Tranmere Rovers,1,3,3,3,4,-2,0
2004,Hull City,AFC Bournemouth,1,0,3,3,1,1,1
2004,Hull City,Chesterfield,1,0,3,3,1,1,1
2004,Hull City,Milton Keynes Dons,3,2,3,3,5,1,1
2004,Hull City,Walsall,3,1,3,3,4,2,1
2004,Luton Town,Brentford,4,2,3,3,6,2,1
2004,Luton Town,Huddersfield Town,1,2,3,3,3,-1,0
2004,Luton Town,Torquay United,1,0,3,3,1,1,1
2004,Luton Town,Wrexham,5,1,3,3,6,4,1
2004,Milton Keynes Dons,Bristol City,1,2,3,3,3,-1,0
2004,Milton Keynes Dons,Doncaster Rovers,0,1,3,3,1,-1,0
2004,Milton Keynes Dons,Hull City,1,1,3,3,2,0,0
2004,Milton Keynes Dons,Stockport County,2,1,3,3,3,1,1
2004,Milton Keynes Dons,Tranmere Rovers,2,1,3,3,3,1,1
2004,Oldham Athletic,AFC Bournemouth,1,2,3,3,3,-1,0
2004,Oldham Athletic,Bradford City,2,1,3,3,3,1,1
2004,Oldham Athletic,Hartlepool United,3,2,3,3,5,1,1
2004,Oldham Athletic,Swindon Town,1,2,3,3,3,-1,0
2004,Oldham Athletic,Walsall,5,3,3,3,8,2,1
2004,Peterborough United,Barnsley,1,3,3,3,4,-2,0
2004,Peterborough United,Huddersfield Town,1,2,3,3,3,-1,0
2004,Peterborough United,Sheffield Wednesday,1,1,3,3,2,0,0
2004,Peterborough United,Wrexham,2,2,3,3,4,0,0
2004,Port Vale,Bristol City,3,0,3,3,3,3,1
2004,Port Vale,Doncaster Rovers,2,0,3,3,2,2,1
2004,Port Vale,Hull City,3,2,3,3,5,1,1
2004,Port Vale,Oldham Athletic,3,1,3,3,4,2,1
2004,Port Vale,Tranmere Rovers,3,1,3,3,4,2,1
2004,Sheffield Wednesday,Chesterfield,2,2,3,3,4,0,0
2004,Sheffield Wednesday,Peterborough United,2,1,3,3,3,1,1
2004,Sheffield Wednesday,Swindon Town,2,0,3,3,2,2,1
2004,Sheffield Wednesday,Walsall,3,2,3,3,5,1,1
2004,Stockport County,Colchester United,1,2,3,3,3,-1,0
2004,Stockport County,Huddersfield Town,2,3,3,3,5,-1,0
2004,Stockport County,Torquay United,0,2,3,3,2,-2,0
2004,Swindon Town,Blackpool,2,2,3,3,4,0,0
2004,Swindon Town,Doncaster Rovers,1,1,3,3,2,0,0
2004,Swindon Town,Tranmere Rovers,2,1,3,3,3,1,1
2004,Torquay United,AFC Bournemouth,1,2,3,3,3,-1,0
2004,Torquay United,Bradford City,0,0,3,3,0,0,0
2004,Torquay United,Hartlepool United,1,2,3,3,3,-1,0
2004,Torquay United,Stockport County,1,2,3,3,3,-1,0
2004,Torquay United,Walsall,0,0,3,3,0,0,0
2004,Tranmere Rovers,Barnsley,1,1,3,3,2,0,0
2004,Tranmere Rovers,Brentford,1,0,3,3,1,1,1
2004,Tranmere Rovers,Huddersfield Town,3,0,3,3,3,3,1
2004,Walsall,Blackpool,3,2,3,3,5,1,1
2004,Walsall,Oldham Athletic,0,1,3,3,1,-1,0
2004,Walsall,Sheffield Wednesday,1,1,3,3,2,0,0
2004,Wrexham,Stockport County,2,1,3,3,3,1,1
2004,Wrexham,Tranmere Rovers,1,5,3,3,6,-4,0
2004,Boston United,Chester,3,1,4,4,4,2,1
2004,Boston United,Notts County,4,0,4,4,4,4,1
2004,Boston United,Rushden & Diamonds,1,0,4,4,1,1,1
2004,Boston United,Southend United,2,0,4,4,2,2,1
2004,Boston United,Yeovil,1,2,4,4,3,-1,0
2004,Bristol Rovers,Cambridge United,1,1,4,4,2,0,0
2004,Bristol Rovers,Darlington,3,3,4,4,6,0,0
2004,Bristol Rovers,Leyton Orient,1,1,4,4,2,0,0
2004,Bristol Rovers,Oxford United,2,0,4,4,2,2,1
2004,Bristol Rovers,Scunthorpe United,0,3,4,4,3,-3,0
2004,Bristol Rovers,Swansea City,2,0,4,4,2,2,1
2004,Bury,Boston United,1,1,4,4,2,0,0
2004,Bury,Cheltenham,3,1,4,4,4,2,1
2004,Bury,Rochdale,0,0,4,4,0,0,0
2004,Bury,Shrewsbury Town,0,0,4,4,0,0,0
2004,Bury,Wycombe Wanderers,2,2,4,4,4,0,0
2004,Cambridge United,Chester,0,0,4,4,0,0,0
2004,Cambridge United,Notts County,0,0,4,4,0,0,0
2004,Cambridge United,Rushden & Diamonds,3,1,4,4,4,2,1
2004,Cambridge United,Southend United,0,2,4,4,2,-2,0
2004,Cambridge United,Yeovil,3,5,4,4,8,-2,0
2004,Cheltenham,Darlington,0,2,4,4,2,-2,0
2004,Cheltenham,Scunthorpe United,0,2,4,4,2,-2,0
2004,Cheltenham,Swansea City,1,2,4,4,3,-1,0
2004,Chester,Boston United,2,1,4,4,3,1,1
2004,Chester,Rochdale,0,0,4,4,0,0,0
2004,Chester,Wycombe Wanderers,0,2,4,4,2,-2,0
2004,Darlington,Bristol Rovers,0,1,4,4,1,-1,0
2004,Darlington,Cheltenham,3,1,4,4,4,2,1
2004,Darlington,Kidderminster Harriers,0,2,4,4,2,-2,0
2004,Darlington,Macclesfield,3,1,4,4,4,2,1
2004,Darlington,Notts County,1,2,4,4,3,-1,0
2004,Darlington,Southend United,4,0,4,4,4,4,1
2004,Darlington,Yeovil,2,1,4,4,3,1,1
2004,Grimsby Town,Leyton Orient,2,0,4,4,2,2,1
2004,Grimsby Town,Mansfield Town,2,0,4,4,2,2,1
2004,Grimsby Town,Oxford United,1,1,4,4,2,0,0
2004,Grimsby Town,Scunthorpe United,0,0,4,4,0,0,0
2004,Kidderminster Harriers,Boston United,0,4,4,4,4,-4,0
2004,Kidderminster Harriers,Rochdale,2,1,4,4,3,1,1
2004,Kidderminster Harriers,Shrewsbury Town,0,1,4,4,1,-1,0
2004,Kidderminster Harriers,Wycombe Wanderers,0,2,4,4,2,-2,0
2004,Leyton Orient,Bristol Rovers,4,2,4,4,6,2,1
2004,Leyton Orient,Macclesfield,1,3,4,4,4,-2,0
2004,Leyton Orient,Notts County,2,0,4,4,2,2,1
2004,Leyton Orient,Rushden & Diamonds,2,2,4,4,4,0,0
2004,Leyton Orient,Southend United,2,2,4,4,4,0,0
2004,Leyton Orient,Yeovil,2,3,4,4,5,-1,0
2004,Lincoln City,Mansfield Town,2,0,4,4,2,2,1
2004,Lincoln City,Scunthorpe United,2,0,4,4,2,2,1
2004,Lincoln City,Swansea City,1,0,4,4,1,1,1
2004,Macclesfield,Boston United,1,1,4,4,2,0,0
2004,Macclesfield,Darlington,1,0,4,4,1,1,1
2004,Macclesfield,Northampton Town,1,3,4,4,4,-2,0
2004,Macclesfield,Shrewsbury Town,2,1,4,4,3,1,1
2004,Macclesfield,Wycombe Wanderers,2,1,4,4,3,1,1
2004,Mansfield Town,Bristol Rovers,0,2,4,4,2,-2,0
2004,Mansfield Town,Notts County,3,1,4,4,4,2,1
2004,Mansfield Town,Southend United,1,1,4,4,2,0,0
2004,Northampton Town,Kidderminster Harriers,3,0,4,4,3,3,1
2004,Northampton Town,Macclesfield,1,0,4,4,1,1,1
2004,Northampton Town,Oxford United,1,0,4,4,1,1,1
2004,Northampton Town,Scunthorpe United,1,2,4,4,3,-1,0
2004,Notts County,Boston United,2,1,4,4,3,1,1
2004,Notts County,Darlington,1,1,4,4,2,0,0
2004,Notts County,Shrewsbury Town,3,0,4,4,3,3,1
2004,Oxford United,Southend United,2,1,4,4,3,1,1
2004,Rochdale,Bury,0,3,4,4,3,-3,0
2004,Rochdale,Kidderminster Harriers,1,1,4,4,2,0,0
2004,Rochdale,Macclesfield,3,0,4,4,3,3,1
2004,Rushden & Diamonds,Leyton Orient,2,0,4,4,2,2,1
2004,Rushden & Diamonds,Mansfield Town,0,0,4,4,0,0,0
2004,Rushden & Diamonds,Shrewsbury Town,0,0,4,4,0,0,0
2004,Scunthorpe United,Cheltenham,4,1,4,4,5,3,1
2004,Scunthorpe United,Grimsby Town,2,0,4,4,2,2,1
2004,Scunthorpe United,Southend United,3,2,4,4,5,1,1
2004,Shrewsbury Town,Bury,2,2,4,4,4,0,0
2004,Shrewsbury Town,Notts County,1,1,4,4,2,0,0
2004,Shrewsbury Town,Rushden & Diamonds,0,1,4,4,1,-1,0
2004,Shrewsbury Town,Swansea City,2,0,4,4,2,2,1
2004,Southend United,Boston United,2,1,4,4,3,1,1
2004,Southend United,Cambridge United,0,0,4,4,0,0,0
2004,Southend United,Darlington,2,0,4,4,2,2,1
2004,Southend United,Leyton Orient,0,1,4,4,1,-1,0
2004,Southend United,Scunthorpe United,0,0,4,4,0,0,0
2004,Southend United,Wycombe Wanderers,1,2,4,4,3,-1,0
2004,Swansea City,Bristol Rovers,1,0,4,4,1,1,1
2004,Swansea City,Lincoln City,1,0,4,4,1,1,1
2004,Wycombe Wanderers,Bury,1,2,4,4,3,-1,0
2004,Wycombe Wanderers,Chester,4,2,4,4,6,2,1
2004,Wycombe Wanderers,Kidderminster Harriers,3,0,4,4,3,3,1
2004,Wycombe Wanderers,Notts County,1,2,4,4,3,-1,0
2004,Wycombe Wanderers,Southend United,0,1,4,4,1,-1,0
2004,Yeovil,Boston United,2,0,4,4,2,2,1
2004,Yeovil,Leyton Orient,1,0,4,4,1,1,1
2004,Yeovil,Mansfield Town,5,2,4,4,7,3,1
2004,Yeovil,Scunthorpe United,4,3,4,4,7,1,1
2005,Arsenal,Birmingham City,1,0,1,1,1,1,1
2005,Arsenal,Portsmouth,4,0,1,1,4,4,1
2005,Arsenal,West Bromwich Albion,3,1,1,1,4,2,1
2005,Aston Villa,Arsenal,0,0,1,1,0,0,0
2005,Aston Villa,Bolton Wanderers,2,2,1,1,4,0,0
2005,Aston Villa,Tottenham Hotspur,1,1,1,1,2,0,0
2005,Birmingham City,Chelsea,0,0,1,1,0,0,0
2005,Birmingham City,Sunderland,1,0,1,1,1,1,1
2005,Birmingham City,West Ham United,1,2,1,1,3,-1,0
2005,Blackburn Rovers,Aston Villa,2,0,1,1,2,2,1
2005,Blackburn Rovers,Fulham,2,1,1,1,3,1,1
2005,Blackburn Rovers,Manchester United,4,3,1,1,7,1,1
2005,Blackburn Rovers,Portsmouth,2,1,1,1,3,1,1
2005,Blackburn Rovers,West Bromwich Albion,2,0,1,1,2,2,1
2005,Bolton Wanderers,Manchester City,2,0,1,1,2,2,1
2005,Bolton Wanderers,Tottenham Hotspur,1,0,1,1,1,1,1
2005,Bolton Wanderers,Wigan Athletic,1,1,1,1,2,0,0
2005,Charlton Athletic,Birmingham City,2,0,1,1,2,2,1
2005,Charlton Athletic,Liverpool,2,0,1,1,2,2,1
2005,Chelsea,Bolton Wanderers,5,1,1,1,6,4,1
2005,Chelsea,Fulham,3,2,1,1,5,1,1
2005,Chelsea,Manchester United,3,0,1,1,3,3,1
2005,Chelsea,West Bromwich Albion,4,0,1,1,4,4,1
2005,Everton,Arsenal,1,0,1,1,1,1,1
2005,Everton,Chelsea,1,1,1,1,2,0,0
2005,Everton,Wigan Athletic,0,1,1,1,1,-1,0
2005,Fulham,Charlton Athletic,2,1,1,1,3,1,1
2005,Fulham,Middlesbrough,1,0,1,1,1,1,1
2005,Fulham,Sunderland,2,1,1,1,3,1,1
2005,Fulham,West Ham United,1,2,1,1,3,-1,0
2005,Liverpool,Aston Villa,3,1,1,1,4,2,1
2005,Liverpool,Everton,3,1,1,1,4,2,1
2005,Liverpool,Manchester United,0,0,1,1,0,0,0
2005,Liverpool,Portsmouth,3,0,1,1,3,3,1
2005,Liverpool,West Bromwich Albion,1,0,1,1,1,1,1
2005,Manchester City,Blackburn Rovers,0,0,1,1,0,0,0
2005,Manchester City,Chelsea,0,1,1,1,1,-1,0
2005,Manchester City,Liverpool,0,1,1,1,1,-1,0
2005,Manchester United,Birmingham City,3,0,1,1,3,3,1
2005,Manchester United,Sunderland,0,0,1,1,0,0,0
2005,Middlesbrough,Aston Villa,0,4,1,1,4,-4,0
2005,Middlesbrough,Bolton Wanderers,4,3,1,1,7,1,1
2005,Middlesbrough,Everton,0,1,1,1,1,-1,0
2005,Middlesbrough,West Bromwich Albion,2,2,1,1,4,0,0
2005,Newcastle United,Arsenal,1,0,1,1,1,1,1
2005,Newcastle United,Blackburn Rovers,0,1,1,1,1,-1,0
2005,Newcastle United,Chelsea,1,0,1,1,1,1,1
2005,Portsmouth,Birmingham City,1,1,1,1,2,0,0
2005,Portsmouth,Charlton Athletic,1,2,1,1,3,-1,0
2005,Portsmouth,Fulham,1,0,1,1,1,1,1
2005,Portsmouth,Sunderland,2,1,1,1,3,1,1
2005,Portsmouth,West Ham United,1,1,1,1,2,0,0
2005,Sunderland,Aston Villa,1,3,1,1,4,-2,0
2005,Tottenham Hotspur,Chelsea,0,2,1,1,2,-2,0
2005,Tottenham Hotspur,Liverpool,0,0,1,1,0,0,0
2005,Tottenham Hotspur,Sunderland,3,2,1,1,5,1,1
2005,Tottenham Hotspur,Wigan Athletic,2,2,1,1,4,0,0
2005,West Bromwich Albion,Birmingham City,2,3,1,1,5,-1,0
2005,West Bromwich Albion,Charlton Athletic,1,2,1,1,3,-1,0
2005,West Bromwich Albion,Fulham,0,0,1,1,0,0,0
2005,West Bromwich Albion,Manchester United,1,2,1,1,3,-1,0
2005,West Bromwich Albion,Portsmouth,2,1,1,1,3,1,1
2005,West Bromwich Albion,West Ham United,0,1,1,1,1,-1,0
2005,West Ham United,Aston Villa,4,0,1,1,4,4,1
2005,West Ham United,Bolton Wanderers,1,2,1,1,3,-1,0
2005,West Ham United,Manchester City,1,0,1,1,1,1,1
2005,West Ham United,Tottenham Hotspur,2,1,1,1,3,1,1
2005,Brighton & Hove Albion,Coventry City,2,2,2,2,4,0,0
2005,Brighton & Hove Albion,Leeds United,2,1,2,2,3,1,1
2005,Brighton & Hove Albion,Millwall,1,2,2,2,3,-1,0
2005,Brighton & Hove Albion,Sheffield United,0,1,2,2,1,-1,0
2005,Brighton & Hove Albion,Stoke City,1,5,2,2,6,-4,0
2005,Burnley,Brighton & Hove Albion,1,1,2,2,2,0,0
2005,Burnley,Crewe Alexandra,3,0,2,2,3,3,1
2005,Burnley,Hull City,1,0,2,2,1,1,1
2005,Burnley,Watford,4,1,2,2,5,3,1
2005,Cardiff City,Burnley,3,0,2,2,3,3,1
2005,Cardiff City,Crystal Palace,1,0,2,2,1,1,1
2005,Cardiff City,Ipswich Town,2,1,2,2,3,1,1
2005,Cardiff City,Luton Town,1,2,2,2,3,-1,0
2005,Cardiff City,Plymouth Argyle,0,2,2,2,2,-2,0
2005,Cardiff City,Reading,2,5,2,2,7,-3,0
2005,Cardiff City,Southampton,2,1,2,2,3,1,1
2005,Coventry City,Cardiff City,3,1,2,2,4,2,1
2005,Coventry City,Derby County,6,1,2,2,7,5,1
2005,Coventry City,Preston North End,0,1,2,2,1,-1,0
2005,Coventry City,Stoke City,1,2,2,2,3,-1,0
2005,Crewe Alexandra,Hull City,2,2,2,2,4,0,0
2005,Crewe Alexandra,Leicester City,2,2,2,2,4,0,0
2005,Crewe Alexandra,Sheffield Wednesday,2,0,2,2,2,2,1
2005,Crewe Alexandra,Watford,0,0,2,2,0,0,0
2005,Crystal Palace,Burnley,2,0,2,2,2,2,1
2005,Crystal Palace,Ipswich Town,2,2,2,2,4,0,0
2005,Crystal Palace,Luton Town,1,2,2,2,3,-1,0
2005,Crystal Palace,Reading,1,1,2,2,2,0,0
2005,Crystal Palace,Southampton,2,1,2,2,3,1,1
2005,Derby County,Cardiff City,2,1,2,2,3,1,1
2005,Derby County,Leeds United,0,0,2,2,0,0,0
2005,Derby County,Sheffield United,0,1,2,2,1,-1,0
2005,Derby County,Stoke City,2,1,2,2,3,1,1
2005,Hull City,Coventry City,1,2,2,2,3,-1,0
2005,Hull City,Derby County,2,1,2,2,3,1,1
2005,Hull City,Leicester City,1,1,2,2,2,0,0
2005,Hull City,Norwich City,1,1,2,2,2,0,0
2005,Hull City,Queens Park Rangers,0,0,2,2,0,0,0
2005,Hull City,Sheffield Wednesday,1,0,2,2,1,1,1
2005,Hull City,Watford,1,2,2,2,3,-1,0
2005,Ipswich Town,Burnley,2,1,2,2,3,1,1
2005,Ipswich Town,Crewe Alexandra,2,1,2,2,3,1,1
2005,Ipswich Town,Hull City,1,1,2,2,2,0,0
2005,Ipswich Town,Luton Town,1,0,2,2,1,1,1
2005,Ipswich Town,Plymouth Argyle,3,1,2,2,4,2,1
2005,Ipswich Town,Southampton,2,2,2,2,4,0,0
2005,Ipswich Town,Wolverhampton Wanderers,1,1,2,2,2,0,0
2005,Leeds United,Cardiff City,0,1,2,2,1,-1,0
2005,Leeds United,Crystal Palace,0,1,2,2,1,-1,0
2005,Leeds United,Ipswich Town,0,2,2,2,2,-2,0
2005,Leeds United,Millwall,2,1,2,2,3,1,1
2005,Leeds United,Stoke City,0,0,2,2,0,0,0
2005,Leicester City,Brighton & Hove Albion,0,0,2,2,0,0,0
2005,Leicester City,Coventry City,2,1,2,2,3,1,1
2005,Leicester City,Derby County,2,2,2,2,4,0,0
2005,Leicester City,Sheffield Wednesday,2,0,2,2,2,2,1
2005,Luton Town,Burnley,2,3,2,2,5,-1,0
2005,Luton Town,Leicester City,1,2,2,2,3,-1,0
2005,Luton Town,Reading,3,2,2,2,5,1,1
2005,Millwall,Crystal Palace,1,1,2,2,2,0,0
2005,Millwall,Ipswich Town,1,2,2,2,3,-1,0
2005,Millwall,Luton Town,2,1,2,2,3,1,1
2005,Millwall,Preston North End,1,2,2,2,3,-1,0
2005,Millwall,Sheffield United,0,4,2,2,4,-4,0
2005,Millwall,Stoke City,0,1,2,2,1,-1,0
2005,Norwich City,Brighton & Hove Albion,3,0,2,2,3,3,1
2005,Norwich City,Queens Park Rangers,3,2,2,2,5,1,1
2005,Norwich City,Sheffield Wednesday,0,1,2,2,1,-1,0
2005,Plymouth Argyle,Burnley,1,0,2,2,1,1,1
2005,Plymouth Argyle,Crewe Alexandra,1,1,2,2,2,0,0
2005,Plymouth Argyle,Hull City,0,1,2,2,1,-1,0
2005,Plymouth Argyle,Norwich City,1,1,2,2,2,0,0
2005,Plymouth Argyle,Wolverhampton Wanderers,2,0,2,2,2,2,1
2005,Preston North End,Cardiff City,2,1,2,2,3,1,1
2005,Preston North End,Crystal Palace,2,0,2,2,2,2,1
2005,Preston North End,Plymouth Argyle,0,0,2,2,0,0,0
2005,Queens Park Rangers,Coventry City,0,1,2,2,1,-1,0
2005,Reading,Leicester City,2,0,2,2,2,2,1
2005,Reading,Norwich City,4,0,2,2,4,4,1
2005,Reading,Wolverhampton Wanderers,1,1,2,2,2,0,0
2005,Sheffield United,Cardiff City,0,0,2,2,0,0,0
2005,Sheffield United,Crystal Palace,1,0,2,2,1,1,1
2005,Sheffield United,Ipswich Town,2,0,2,2,2,2,1
2005,Sheffield United,Luton Town,4,0,2,2,4,4,1
2005,Sheffield United,Reading,1,1,2,2,2,0,0
2005,Sheffield Wednesday,Coventry City,3,2,2,2,5,1,1
2005,Sheffield Wednesday,Derby County,2,1,2,2,3,1,1
2005,Sheffield Wednesday,Millwall,1,2,2,2,3,-1,0
2005,Sheffield Wednesday,Preston North End,2,0,2,2,2,2,1
2005,Sheffield Wednesday,Sheffield United,1,2,2,2,3,-1,0
2005,Southampton,Leicester City,2,0,2,2,2,2,1
2005,Southampton,Norwich City,1,0,2,2,1,1,1
2005,Southampton,Queens Park Rangers,1,1,2,2,2,0,0
2005,Southampton,Sheffield Wednesday,3,0,2,2,3,3,1
2005,Stoke City,Ipswich Town,2,2,2,2,4,0,0
2005,Stoke City,Southampton,1,2,2,2,3,-1,0
2005,Watford,Brighton & Hove Albion,1,1,2,2,2,0,0
2005,Watford,Derby County,2,2,2,2,4,0,0
2005,Watford,Millwall,0,2,2,2,2,-2,0
2005,Wolverhampton Wanderers,Burnley,0,1,2,2,1,-1,0
2005,Wolverhampton Wanderers,Crewe Alexandra,1,1,2,2,2,0,0
2005,Wolverhampton Wanderers,Leicester City,0,0,2,2,0,0,0
2005,Wolverhampton Wanderers,Norwich City,2,0,2,2,2,2,1
2005,Wolverhampton Wanderers,Watford,1,1,2,2,2,0,0
2005,AFC Bournemouth,Bradford City,0,1,3,3,1,-1,0
2005,AFC Bournemouth,Chesterfield,1,2,3,3,3,-1,0
2005,AFC Bournemouth,Gillingham,2,1,3,3,3,1,1
2005,AFC Bournemouth,Tranmere Rovers,0,0,3,3,0,0,0
2005,Barnsley,Brentford,1,1,3,3,2,0,0
2005,Barnsley,Colchester United,1,0,3,3,1,1,1
2005,Barnsley,Nottingham Forest,2,0,3,3,2,2,1
2005,Blackpool,Barnsley,1,1,3,3,2,0,0
2005,Blackpool,Doncaster Rovers,4,2,3,3,6,2,1
2005,Blackpool,Swindon Town,0,0,3,3,0,0,0
2005,Blackpool,Yeovil,2,0,3,3,2,2,1
2005,Bradford City,Blackpool,1,0,3,3,1,1,1
2005,Bradford City,Chesterfield,2,0,3,3,2,2,1
2005,Bradford City,Milton Keynes Dons,2,0,3,3,2,2,1
2005,Bradford City,Port Vale,1,0,3,3,1,1,1
2005,Bradford City,Southend United,0,2,3,3,2,-2,0
2005,Brentford,Bradford City,1,1,3,3,2,0,0
2005,Brentford,Hartlepool United,1,1,3,3,2,0,0
2005,Brentford,Rotherham United,2,1,3,3,3,1,1
2005,Brentford,Swansea City,2,1,3,3,3,1,1
2005,Brentford,Walsall,5,0,3,3,5,5,1
2005,Bristol City,Brentford,0,1,3,3,1,-1,0
2005,Bristol City,Oldham Athletic,2,1,3,3,3,1,1
2005,Bristol City,Scunthorpe United,1,1,3,3,2,0,0
2005,Chesterfield,Gillingham,1,1,3,3,2,0,0
2005,Chesterfield,Milton Keynes Dons,1,2,3,3,3,-1,0
2005,Chesterfield,Port Vale,2,0,3,3,2,2,1
2005,Colchester United,Chesterfield,1,2,3,3,3,-1,0
2005,Colchester United,Hartlepool United,2,0,3,3,2,2,1
2005,Colchester United,Rotherham United,2,0,3,3,2,2,1
2005,Doncaster Rovers,Barnsley,2,0,3,3,2,2,1
2005,Doncaster Rovers,Oldham Athletic,1,0,3,3,1,1,1
2005,Doncaster Rovers,Yeovil,0,1,3,3,1,-1,0
2005,Gillingham,Blackpool,2,1,3,3,3,1,1
2005,Hartlepool United,AFC Bournemouth,2,1,3,3,3,1,1
2005,Hartlepool United,Gillingham,3,1,3,3,4,2,1
2005,Hartlepool United,Nottingham Forest,3,2,3,3,5,1,1
2005,Hartlepool United,Swansea City,2,2,3,3,4,0,0
2005,Hartlepool United,Walsall,1,1,3,3,2,0,0
2005,Huddersfield Town,Brentford,3,2,3,3,5,1,1
2005,Huddersfield Town,Colchester United,2,0,3,3,2,2,1
2005,Huddersfield Town,Yeovil,1,2,3,3,3,-1,0
2005,Milton Keynes Dons,Bristol City,0,1,3,3,1,-1,0
2005,Milton Keynes Dons,Huddersfield Town,2,2,3,3,4,0,0
2005,Milton Keynes Dons,Port Vale,0,0,3,3,0,0,0
2005,Milton Keynes Dons,Tranmere Rovers,1,2,3,3,3,-1,0
2005,Nottingham Forest,Bradford City,1,0,3,3,1,1,1
2005,Nottingham Forest,Gillingham,1,1,3,3,2,0,0
2005,Nottingham Forest,Milton Keynes Dons,3,0,3,3,3,3,1
2005,Nottingham Forest,Swansea City,1,2,3,3,3,-1,0
2005,Nottingham Forest,Walsall,1,1,3,3,2,0,0
2005,Oldham Athletic,Barnsley,0,3,3,3,3,-3,0
2005,Oldham Athletic,Brentford,0,1,3,3,1,-1,0
2005,Oldham Athletic,Colchester United,1,0,3,3,1,1,1
2005,Oldham Athletic,Hartlepool United,2,1,3,3,3,1,1
2005,Oldham Athletic,Nottingham Forest,3,0,3,3,3,3,1
2005,Oldham Athletic,Scunthorpe United,1,1,3,3,2,0,0
2005,Oldham Athletic,Yeovil,2,0,3,3,2,2,1
2005,Port Vale,Bristol City,0,1,3,3,1,-1,0
2005,Port Vale,Doncaster Rovers,2,0,3,3,2,2,1
2005,Port Vale,Oldham Athletic,2,2,3,3,4,0,0
2005,Rotherham United,AFC Bournemouth,2,0,3,3,2,2,1
2005,Rotherham United,Bradford City,1,1,3,3,2,0,0
2005,Rotherham United,Gillingham,3,0,3,3,3,3,1
2005,Rotherham United,Port Vale,1,1,3,3,2,0,0
2005,Rotherham United,Walsall,1,2,3,3,3,-1,0
2005,Scunthorpe United,Brentford,1,3,3,3,4,-2,0
2005,Scunthorpe United,Hartlepool United,2,0,3,3,2,2,1
2005,Scunthorpe United,Yeovil,3,4,3,3,7,-1,0
2005,Southend United,Doncaster Rovers,0,1,3,3,1,-1,0
2005,Southend United,Huddersfield Town,1,1,3,3,2,0,0
2005,Southend United,Tranmere Rovers,3,1,3,3,4,2,1
2005,Swansea City,Bradford City,1,1,3,3,2,0,0
2005,Swansea City,Milton Keynes Dons,3,1,3,3,4,2,1
2005,Swansea City,Port Vale,0,0,3,3,0,0,0
2005,Swansea City,Southend United,2,2,3,3,4,0,0
2005,Swansea City,Walsall,1,1,3,3,2,0,0
2005,Swindon Town,Brentford,1,3,3,3,4,-2,0
2005,Swindon Town,Colchester United,1,0,3,3,1,1,1
2005,Swindon Town,Rotherham United,2,3,3,3,5,-1,0
2005,Swindon Town,Swansea City,0,0,3,3,0,0,0
2005,Swindon Town,Yeovil,4,2,3,3,6,2,1
2005,Walsall,Bradford City,2,2,3,3,4,0,0
2005,Walsall,Milton Keynes Dons,1,1,3,3,2,0,0
2005,Walsall,Southend United,2,2,3,3,4,0,0
2005,Walsall,Tranmere Rovers,0,0,3,3,0,0,0
2005,Yeovil,Brentford,1,2,3,3,3,-1,0
2005,Yeovil,Hartlepool United,2,0,3,3,2,2,1
2005,Yeovil,Nottingham Forest,3,0,3,3,3,3,1
2005,Yeovil,Rotherham United,0,0,3,3,0,0,0
2005,Yeovil,Swansea City,1,0,3,3,1,1,1
2005,Yeovil,Walsall,2,1,3,3,3,1,1
2005,Barnet,Chester,1,3,4,4,4,-2,0
2005,Barnet,Oxford United,0,0,4,4,0,0,0
2005,Barnet,Rushden & Diamonds,2,1,4,4,3,1,1
2005,Barnet,Torquay United,1,0,4,4,1,1,1
2005,Boston United,Barnet,2,1,4,4,3,1,1
2005,Boston United,Carlisle United,0,5,4,4,5,-5,0
2005,Boston United,Lincoln City,2,1,4,4,3,1,1
2005,Boston United,Peterborough United,1,0,4,4,1,1,1
2005,Boston United,Shrewsbury Town,1,1,4,4,2,0,0
2005,Boston United,Wrexham,2,1,4,4,3,1,1
2005,Bristol Rovers,Grimsby Town,1,2,4,4,3,-1,0
2005,Bristol Rovers,Rochdale,1,2,4,4,3,-1,0
2005,Bury,Chester,0,0,4,4,0,0,0
2005,Bury,Rushden & Diamonds,1,1,4,4,2,0,0
2005,Carlisle United,Barnet,1,3,4,4,4,-2,0
2005,Carlisle United,Bury,4,0,4,4,4,4,1
2005,Carlisle United,Darlington,1,1,4,4,2,0,0
2005,Carlisle United,Lincoln City,1,0,4,4,1,1,1
2005,Carlisle United,Peterborough United,1,0,4,4,1,1,1
2005,Carlisle United,Shrewsbury Town,2,2,4,4,4,0,0
2005,Cheltenham,Carlisle United,2,3,4,4,5,-1,0
2005,Cheltenham,Grimsby Town,0,3,4,4,3,-3,0
2005,Cheltenham,Notts County,2,0,4,4,2,2,1
2005,Cheltenham,Rochdale,1,1,4,4,2,0,0
2005,Cheltenham,Stockport County,3,3,4,4,6,0,0
2005,Chester,Leyton Orient,0,2,4,4,2,-2,0
2005,Chester,Mansfield Town,3,1,4,4,4,2,1
2005,Chester,Rushden & Diamonds,1,2,4,4,3,-1,0
2005,Chester,Torquay United,1,1,4,4,2,0,0
2005,Darlington,Barnet,2,1,4,4,3,1,1
2005,Darlington,Chester,1,0,4,4,1,1,1
2005,Darlington,Lincoln City,4,2,4,4,6,2,1
2005,Darlington,Peterborough United,2,1,4,4,3,1,1
2005,Grimsby Town,Boston United,1,0,4,4,1,1,1
2005,Grimsby Town,Macclesfield,3,1,4,4,4,2,1
2005,Grimsby Town,Notts County,4,0,4,4,4,4,1
2005,Grimsby Town,Rochdale,4,1,4,4,5,3,1
2005,Grimsby Town,Stockport County,1,3,4,4,4,-2,0
2005,Leyton Orient,Mansfield Town,3,1,4,4,4,2,1
2005,Leyton Orient,Oxford United,1,0,4,4,1,1,1
2005,Leyton Orient,Rushden & Diamonds,5,1,4,4,6,4,1
2005,Leyton Orient,Torquay United,2,1,4,4,3,1,1
2005,Lincoln City,Barnet,4,1,4,4,5,3,1
2005,Lincoln City,Chester,3,1,4,4,4,2,1
2005,Lincoln City,Peterborough United,1,2,4,4,3,-1,0
2005,Lincoln City,Shrewsbury Town,1,1,4,4,2,0,0
2005,Macclesfield,Carlisle United,3,0,4,4,3,3,1
2005,Macclesfield,Lincoln City,1,1,4,4,2,0,0
2005,Macclesfield,Rochdale,1,3,4,4,4,-2,0
2005,Macclesfield,Stockport County,6,0,4,4,6,6,1
2005,Mansfield Town,Bristol Rovers,3,3,4,4,6,0,0
2005,Mansfield Town,Cheltenham,0,5,4,4,5,-5,0
2005,Mansfield Town,Grimsby Town,2,1,4,4,3,1,1
2005,Mansfield Town,Macclesfield,1,1,4,4,2,0,0
2005,Mansfield Town,Rushden & Diamonds,0,1,4,4,1,-1,0
2005,Mansfield Town,Torquay United,3,0,4,4,3,3,1
2005,Northampton Town,Bury,1,1,4,4,2,0,0
2005,Northampton Town,Leyton Orient,1,1,4,4,2,0,0
2005,Northampton Town,Mansfield Town,1,0,4,4,1,1,1
2005,Northampton Town,Peterborough United,0,1,4,4,1,-1,0
2005,Northampton Town,Shrewsbury Town,1,0,4,4,1,1,1
2005,Notts County,Carlisle United,0,0,4,4,0,0,0
2005,Notts County,Stockport County,2,0,4,4,2,2,1
2005,Oxford United,Notts County,3,0,4,4,3,3,1
2005,Oxford United,Rushden & Diamonds,2,2,4,4,4,0,0
2005,Peterborough United,Barnet,2,2,4,4,4,0,0
2005,Peterborough United,Chester,0,1,4,4,1,-1,0
2005,Peterborough United,Leyton Orient,1,1,4,4,2,0,0
2005,Peterborough United,Mansfield Town,2,0,4,4,2,2,1
2005,Peterborough United,Oxford United,0,0,4,4,0,0,0
2005,Peterborough United,Wrexham,1,1,4,4,2,0,0
2005,Rochdale,Boston United,1,1,4,4,2,0,0
2005,Rochdale,Carlisle United,0,2,4,4,2,-2,0
2005,Rochdale,Darlington,0,2,4,4,2,-2,0
2005,Rochdale,Lincoln City,1,2,4,4,3,-1,0
2005,Rochdale,Northampton Town,1,1,4,4,2,0,0
2005,Rochdale,Peterborough United,1,0,4,4,1,1,1
2005,Rochdale,Wycombe Wanderers,1,2,4,4,3,-1,0
2005,Rushden & Diamonds,Bristol Rovers,2,3,4,4,5,-1,0
2005,Rushden & Diamonds,Grimsby Town,1,1,4,4,2,0,0
2005,Rushden & Diamonds,Rochdale,1,1,4,4,2,0,0
2005,Rushden & Diamonds,Torquay United,1,0,4,4,1,1,1
2005,Shrewsbury Town,Barnet,2,2,4,4,4,0,0
2005,Shrewsbury Town,Bury,0,1,4,4,1,-1,0
2005,Shrewsbury Town,Chester,3,1,4,4,4,2,1
2005,Shrewsbury Town,Leyton Orient,3,3,4,4,6,0,0
2005,Shrewsbury Town,Mansfield Town,0,0,4,4,0,0,0
2005,Shrewsbury Town,Oxford United,2,0,4,4,2,2,1
2005,Shrewsbury Town,Rushden & Diamonds,4,1,4,4,5,3,1
2005,Shrewsbury Town,Wrexham,1,0,4,4,1,1,1
2005,Stockport County,Carlisle United,0,0,4,4,0,0,0
2005,Stockport County,Lincoln City,2,3,4,4,5,-1,0
2005,Stockport County,Northampton Town,4,2,4,4,6,2,1
2005,Stockport County,Peterborough United,1,1,4,4,2,0,0
2005,Torquay United,Stockport County,4,0,4,4,4,4,1
2005,Wrexham,Bury,0,0,4,4,0,0,0
2005,Wrexham,Mansfield Town,4,1,4,4,5,3,1
2005,Wrexham,Torquay United,4,2,4,4,6,2,1
2005,Wycombe Wanderers,Carlisle United,1,1,4,4,2,0,0
2005,Wycombe Wanderers,Darlington,0,1,4,4,1,-1,0
2005,Wycombe Wanderers,Wrexham,4,1,4,4,5,3,1
2006,Arsenal,Everton,1,1,1,1,2,0,0
2006,Arsenal,Manchester City,3,1,1,1,4,2,1
2006,Arsenal,Sheffield United,3,0,1,1,3,3,1
2006,Aston Villa,Blackburn Rovers,2,0,1,1,2,2,1
2006,Aston Villa,Chelsea,0,0,1,1,0,0,0
2006,Aston Villa,Reading,2,1,1,1,3,1,1
2006,Aston Villa,Watford,2,0,1,1,2,2,1
2006,Blackburn Rovers,Arsenal,0,2,1,1,2,-2,0
2006,Blackburn Rovers,Charlton Athletic,4,1,1,1,5,3,1
2006,Blackburn Rovers,Fulham,2,0,1,1,2,2,1
2006,Blackburn Rovers,Manchester United,0,1,1,1,1,-1,0
2006,Blackburn Rovers,Portsmouth,3,0,1,1,3,3,1
2006,Bolton Wanderers,Everton,1,1,1,1,2,0,0
2006,Bolton Wanderers,Manchester City,0,0,1,1,0,0,0
2006,Bolton Wanderers,West Ham United,4,0,1,1,4,4,1
2006,Charlton Athletic,Chelsea,0,1,1,1,1,-1,0
2006,Charlton Athletic,Liverpool,0,3,1,1,3,-3,0
2006,Charlton Athletic,Middlesbrough,1,3,1,1,4,-2,0
2006,Chelsea,Manchester United,0,0,1,1,0,0,0
2006,Chelsea,Tottenham Hotspur,1,0,1,1,1,1,1
2006,Everton,Sheffield United,2,0,1,1,2,2,1
2006,Fulham,Reading,0,1,1,1,1,-1,0
2006,Fulham,Watford,0,0,1,1,0,0,0
2006,Liverpool,Arsenal,4,1,1,1,5,3,1
2006,Liverpool,Everton,0,0,1,1,0,0,0
2006,Liverpool,Tottenham Hotspur,3,0,1,1,3,3,1
2006,Liverpool,Wigan Athletic,2,0,1,1,2,2,1
2006,Manchester City,Blackburn Rovers,0,3,1,1,3,-3,0
2006,Manchester City,Chelsea,0,1,1,1,1,-1,0
2006,Manchester City,Newcastle United,0,0,1,1,0,0,0
2006,Manchester United,Watford,4,0,1,1,4,4,1
2006,Middlesbrough,Bolton Wanderers,5,1,1,1,6,4,1
2006,Middlesbrough,Everton,2,1,1,1,3,1,1
2006,Middlesbrough,Tottenham Hotspur,2,3,1,1,5,-1,0
2006,Newcastle United,Liverpool,2,1,1,1,3,1,1
2006,Newcastle United,Sheffield United,0,1,1,1,1,-1,0
2006,Portsmouth,Aston Villa,2,2,1,1,4,0,0
2006,Portsmouth,Fulham,1,1,1,1,2,0,0
2006,Portsmouth,Reading,3,1,1,1,4,2,1
2006,Sheffield United,Liverpool,1,1,1,1,2,0,0
2006,Sheffield United,West Ham United,3,0,1,1,3,3,1
2006,Tottenham Hotspur,Aston Villa,2,1,1,1,3,1,1
2006,Tottenham Hotspur,Charlton Athletic,5,1,1,1,6,4,1
2006,Tottenham Hotspur,Fulham,0,0,1,1,0,0,0
2006,Watford,Arsenal,1,2,1,1,3,-1,0
2006,Watford,Manchester City,1,1,1,1,2,0,0
2006,Watford,Newcastle United,1,1,1,1,2,0,0
2006,Watford,Sheffield United,0,1,1,1,1,-1,0
2006,Watford,Wigan Athletic,1,1,1,1,2,0,0
2006,Wigan Athletic,Aston Villa,0,0,1,1,0,0,0
2006,Wigan Athletic,Manchester United,1,3,1,1,4,-2,0
2006,Wigan Athletic,Portsmouth,1,0,1,1,1,1,1
2006,Barnsley,Leeds United,3,2,2,2,5,1,1
2006,Barnsley,Norwich City,1,3,2,2,4,-2,0
2006,Barnsley,Southend United,2,0,2,2,2,2,1
2006,Barnsley,West Bromwich Albion,1,1,2,2,2,0,0
2006,Birmingham City,Hull City,2,1,2,2,3,1,1
2006,Birmingham City,Leicester City,1,1,2,2,2,0,0
2006,Birmingham City,Sheffield Wednesday,2,0,2,2,2,2,1
2006,Birmingham City,Stoke City,1,0,2,2,1,1,1
2006,Birmingham City,Wolverhampton Wanderers,1,1,2,2,2,0,0
2006,Burnley,Cardiff City,2,0,2,2,2,2,1
2006,Burnley,Luton Town,0,0,2,2,0,0,0
2006,Burnley,Sunderland,2,2,2,2,4,0,0
2006,Cardiff City,Derby County,2,2,2,2,4,0,0
2006,Cardiff City,Leeds United,1,0,2,2,1,1,1
2006,Colchester United,Birmingham City,1,1,2,2,2,0,0
2006,Colchester United,Coventry City,0,0,2,2,0,0,0
2006,Colchester United,Sheffield Wednesday,4,0,2,2,4,4,1
2006,Coventry City,Burnley,1,0,2,2,1,1,1
2006,Coventry City,Crystal Palace,2,4,2,2,6,-2,0
2006,Coventry City,Preston North End,0,4,2,2,4,-4,0
2006,Crystal Palace,Leeds United,1,0,2,2,1,1,1
2006,Crystal Palace,Queens Park Rangers,3,0,2,2,3,3,1
2006,Crystal Palace,Southend United,3,1,2,2,4,2,1
2006,Crystal Palace,West Bromwich Albion,0,2,2,2,2,-2,0
2006,Derby County,Colchester United,5,1,2,2,6,4,1
2006,Derby County,Hull City,2,2,2,2,4,0,0
2006,Derby County,Leicester City,1,0,2,2,1,1,1
2006,Derby County,Stoke City,0,2,2,2,2,-2,0
2006,Derby County,Wolverhampton Wanderers,0,2,2,2,2,-2,0
2006,Hull City,Burnley,2,0,2,2,2,2,1
2006,Hull City,Southampton,2,4,2,2,6,-2,0
2006,Hull City,Sunderland,0,1,2,2,1,-1,0
2006,Ipswich Town,Cardiff City,3,1,2,2,4,2,1
2006,Ipswich Town,Crystal Palace,1,2,2,2,3,-1,0
2006,Ipswich Town,Norwich City,3,1,2,2,4,2,1
2006,Ipswich Town,West Bromwich Albion,1,5,2,2,6,-4,0
2006,Leeds United,Derby County,0,1,2,2,1,-1,0
2006,Leeds United,Sheffield Wednesday,2,3,2,2,5,-1,0
2006,Leicester City,Luton Town,1,1,2,2,2,0,0
2006,Leicester City,Sunderland,0,2,2,2,2,-2,0
2006,Luton Town,Barnsley,0,2,2,2,2,-2,0
2006,Luton Town,Crystal Palace,2,1,2,2,3,1,1
2006,Luton Town,Queens Park Rangers,2,3,2,2,5,-1,0
2006,Luton Town,Southend United,0,0,2,2,0,0,0
2006,Norwich City,Birmingham City,1,0,2,2,1,1,1
2006,Norwich City,Colchester United,1,1,2,2,2,0,0
2006,Norwich City,Leeds United,2,1,2,2,3,1,1
2006,Norwich City,Sheffield Wednesday,1,2,2,2,3,-1,0
2006,Norwich City,Wolverhampton Wanderers,0,1,2,2,1,-1,0
2006,Plymouth Argyle,Hull City,1,0,2,2,1,1,1
2006,Plymouth Argyle,Leicester City,3,0,2,2,3,3,1
2006,Preston North End,Barnsley,1,0,2,2,1,1,1
2006,Preston North End,Cardiff City,2,1,2,2,3,1,1
2006,Preston North End,Ipswich Town,1,0,2,2,1,1,1
2006,Preston North End,Luton Town,3,0,2,2,3,3,1
2006,Preston North End,Queens Park Rangers,1,1,2,2,2,0,0
2006,Preston North End,Southend United,2,3,2,2,5,-1,0
2006,Preston North End,West Bromwich Albion,1,0,2,2,1,1,1
2006,Queens Park Rangers,Stoke City,1,1,2,2,2,0,0
2006,Queens Park Rangers,Wolverhampton Wanderers,0,1,2,2,1,-1,0
2006,Sheffield Wednesday,Burnley,1,1,2,2,2,0,0
2006,Sheffield Wednesday,Coventry City,2,1,2,2,3,1,1
2006,Sheffield Wednesday,Sunderland,2,4,2,2,6,-2,0
2006,Southampton,Barnsley,5,2,2,2,7,3,1
2006,Southampton,Cardiff City,2,2,2,2,4,0,0
2006,Southampton,Crystal Palace,1,1,2,2,2,0,0
2006,Southampton,Ipswich Town,1,0,2,2,1,1,1
2006,Southampton,Preston North End,1,1,2,2,2,0,0
2006,Southampton,Southend United,4,1,2,2,5,3,1
2006,Southend United,Colchester United,0,3,2,2,3,-3,0
2006,Southend United,Derby County,0,1,2,2,1,-1,0
2006,Southend United,Stoke City,1,0,2,2,1,1,1
2006,Southend United,Wolverhampton Wanderers,0,1,2,2,1,-1,0
2006,Stoke City,Burnley,0,1,2,2,1,-1,0
2006,Stoke City,Coventry City,1,0,2,2,1,1,1
2006,Stoke City,Sunderland,2,1,2,2,3,1,1
2006,Sunderland,Barnsley,2,0,2,2,2,2,1
2006,Sunderland,Cardiff City,1,2,2,2,3,-1,0
2006,Sunderland,Crystal Palace,0,0,2,2,0,0,0
2006,Sunderland,Southampton,1,1,2,2,2,0,0
2006,West Bromwich Albion,Norwich City,0,1,2,2,1,-1,0
2006,West Bromwich Albion,Southend United,1,1,2,2,2,0,0
2006,Wolverhampton Wanderers,Burnley,2,1,2,2,3,1,1
2006,Wolverhampton Wanderers,Leicester City,1,2,2,2,3,-1,0
2006,Wolverhampton Wanderers,Sheffield Wednesday,2,2,2,2,4,0,0
2006,Wolverhampton Wanderers,Stoke City,2,0,2,2,2,2,1
2006,AFC Bournemouth,Brighton & Hove Albion,1,0,3,3,1,1,1
2006,AFC Bournemouth,Doncaster Rovers,2,0,3,3,2,2,1
2006,AFC Bournemouth,Leyton Orient,5,0,3,3,5,5,1
2006,Blackpool,Bristol City,0,1,3,3,1,-1,0
2006,Blackpool,Gillingham,1,1,3,3,2,0,0
2006,Blackpool,Oldham Athletic,2,2,3,3,4,0,0
2006,Blackpool,Yeovil,1,1,3,3,2,0,0
2006,Bradford City,Brentford,1,1,3,3,2,0,0
2006,Bradford City,Carlisle United,1,1,3,3,2,0,0
2006,Bradford City,Port Vale,2,0,3,3,2,2,1
2006,Bradford City,Swansea City,2,2,3,3,4,0,0
2006,Brentford,Doncaster Rovers,0,4,3,3,4,-4,0
2006,Brentford,Leyton Orient,2,2,3,3,4,0,0
2006,Brentford,Nottingham Forest,2,4,3,3,6,-2,0
2006,Brighton & Hove Albion,Oldham Athletic,1,2,3,3,3,-1,0
2006,Bristol City,Bradford City,2,3,3,3,5,-1,0
2006,Bristol City,Carlisle United,1,0,3,3,1,1,1
2006,Bristol City,Crewe Alexandra,2,1,3,3,3,1,1
2006,Bristol City,Port Vale,2,1,3,3,3,1,1
2006,Bristol City,Swansea City,0,0,3,3,0,0,0
2006,Carlisle United,AFC Bournemouth,3,1,3,3,4,2,1
2006,Carlisle United,Brentford,2,0,3,3,2,2,1
2006,Carlisle United,Doncaster Rovers,1,0,3,3,1,1,1
2006,Carlisle United,Leyton Orient,3,1,3,3,4,2,1
2006,Carlisle United,Rotherham United,1,1,3,3,2,0,0
2006,Carlisle United,Tranmere Rovers,1,0,3,3,1,1,1
2006,Cheltenham,Blackpool,1,2,3,3,3,-1,0
2006,Cheltenham,Scunthorpe United,1,1,3,3,2,0,0
2006,Cheltenham,Yeovil,1,2,3,3,3,-1,0
2006,Chesterfield,Bradford City,3,0,3,3,3,3,1
2006,Chesterfield,Huddersfield Town,0,0,3,3,0,0,0
2006,Chesterfield,Northampton Town,0,0,3,3,0,0,0
2006,Chesterfield,Port Vale,3,0,3,3,3,3,1
2006,Chesterfield,Swansea City,2,3,3,3,5,-1,0
2006,Crewe Alexandra,AFC Bournemouth,2,0,3,3,2,2,1
2006,Crewe Alexandra,Carlisle United,5,1,3,3,6,4,1
2006,Crewe Alexandra,Doncaster Rovers,2,1,3,3,3,1,1
2006,Crewe Alexandra,Rotherham United,1,0,3,3,1,1,1
2006,Crewe Alexandra,Tranmere Rovers,1,1,3,3,2,0,0
2006,Doncaster Rovers,Blackpool,0,0,3,3,0,0,0
2006,Doncaster Rovers,Millwall,1,2,3,3,3,-1,0
2006,Doncaster Rovers,Oldham Athletic,1,1,3,3,2,0,0
2006,Doncaster Rovers,Scunthorpe United,2,2,3,3,4,0,0
2006,Doncaster Rovers,Yeovil,0,0,3,3,0,0,0
2006,Gillingham,Bristol City,1,0,3,3,1,1,1
2006,Gillingham,Chesterfield,2,1,3,3,3,1,1
2006,Gillingham,Port Vale,3,2,3,3,5,1,1
2006,Gillingham,Swansea City,3,1,3,3,4,2,1
2006,Huddersfield Town,Leyton Orient,3,1,3,3,4,2,1
2006,Huddersfield Town,Rotherham United,3,0,3,3,3,3,1
2006,Leyton Orient,Blackpool,0,1,3,3,1,-1,0
2006,Leyton Orient,Brighton & Hove Albion,1,4,3,3,5,-3,0
2006,Leyton Orient,Cheltenham,2,0,3,3,2,2,1
2006,Leyton Orient,Millwall,2,0,3,3,2,2,1
2006,Leyton Orient,Oldham Athletic,2,2,3,3,4,0,0
2006,Leyton Orient,Scunthorpe United,2,2,3,3,4,0,0
2006,Leyton Orient,Yeovil,0,0,3,3,0,0,0
2006,Millwall,Bradford City,2,0,3,3,2,2,1
2006,Millwall,Gillingham,4,1,3,3,5,3,1
2006,Millwall,Northampton Town,0,1,3,3,1,-1,0
2006,Millwall,Port Vale,1,1,3,3,2,0,0
2006,Millwall,Swansea City,2,0,3,3,2,2,1
2006,Northampton Town,Brentford,0,1,3,3,1,-1,0
2006,Northampton Town,Crewe Alexandra,1,2,3,3,3,-1,0
2006,Northampton Town,Huddersfield Town,1,1,3,3,2,0,0
2006,Northampton Town,Rotherham United,3,0,3,3,3,3,1
2006,Nottingham Forest,Leyton Orient,1,3,3,3,4,-2,0
2006,Nottingham Forest,Oldham Athletic,0,2,3,3,2,-2,0
2006,Nottingham Forest,Scunthorpe United,0,4,3,3,4,-4,0
2006,Oldham Athletic,Chesterfield,1,0,3,3,1,1,1
2006,Oldham Athletic,Port Vale,0,1,3,3,1,-1,0
2006,Oldham Athletic,Swansea City,1,0,3,3,1,1,1
2006,Port Vale,Brentford,1,0,3,3,1,1,1
2006,Port Vale,Carlisle United,0,2,3,3,2,-2,0
2006,Port Vale,Rotherham United,1,3,3,3,4,-2,0
2006,Port Vale,Tranmere Rovers,2,3,3,3,5,-1,0
2006,Rotherham United,Doncaster Rovers,0,0,3,3,0,0,0
2006,Rotherham United,Leyton Orient,2,2,3,3,4,0,0
2006,Rotherham United,Nottingham Forest,1,1,3,3,2,0,0
2006,Rotherham United,Yeovil,3,2,3,3,5,1,1
2006,Scunthorpe United,Oldham Athletic,1,1,3,3,2,0,0
2006,Swansea City,AFC Bournemouth,4,2,3,3,6,2,1
2006,Swansea City,Brentford,2,0,3,3,2,2,1
2006,Swansea City,Huddersfield Town,1,2,3,3,3,-1,0
2006,Swansea City,Northampton Town,2,1,3,3,3,1,1
2006,Swansea City,Tranmere Rovers,0,0,3,3,0,0,0
2006,Tranmere Rovers,Doncaster Rovers,1,0,3,3,1,1,1
2006,Tranmere Rovers,Yeovil,2,1,3,3,3,1,1
2006,Yeovil,Bristol City,2,1,3,3,3,1,1
2006,Yeovil,Chesterfield,1,0,3,3,1,1,1
2006,Yeovil,Gillingham,2,0,3,3,2,2,1
2006,Yeovil,Millwall,0,1,3,3,1,-1,0
2006,Yeovil,Oldham Athletic,1,0,3,3,1,1,1
2006,Yeovil,Scunthorpe United,0,2,3,3,2,-2,0
2006,Accrington,Barnet,2,1,4,4,3,1,1
2006,Accrington,Bury,1,1,4,4,2,0,0
2006,Accrington,Grimsby Town,4,1,4,4,5,3,1
2006,Accrington,Lincoln City,2,2,4,4,4,0,0
2006,Barnet,Boston United,3,3,4,4,6,0,0
2006,Barnet,Chester,1,0,4,4,1,1,1
2006,Barnet,Hartlepool United,2,1,4,4,3,1,1
2006,Barnet,Macclesfield,1,0,4,4,1,1,1
2006,Barnet,Notts County,2,3,4,4,5,-1,0
2006,Barnet,Wycombe Wanderers,2,1,4,4,3,1,1
2006,Boston United,Darlington,4,1,4,4,5,3,1
2006,Boston United,Hereford United,1,1,4,4,2,0,0
2006,Boston United,Mansfield Town,1,1,4,4,2,0,0
2006,Boston United,Peterborough United,0,1,4,4,1,-1,0
2006,Boston United,Stockport County,2,1,4,4,3,1,1
2006,Bristol Rovers,Lincoln City,0,0,4,4,0,0,0
2006,Bristol Rovers,Wrexham,0,1,4,4,1,-1,0
2006,Bury,Chester,1,3,4,4,4,-2,0
2006,Bury,Notts County,0,1,4,4,1,-1,0
2006,Bury,Shrewsbury Town,1,2,4,4,3,-1,0
2006,Chester,Boston United,3,1,4,4,4,2,1
2006,Chester,Darlington,1,1,4,4,2,0,0
2006,Chester,Hereford United,1,1,4,4,2,0,0
2006,Chester,Peterborough United,1,1,4,4,2,0,0
2006,Darlington,Grimsby Town,2,2,4,4,4,0,0
2006,Darlington,Lincoln City,1,1,4,4,2,0,0
2006,Darlington,Milton Keynes Dons,1,0,4,4,1,1,1
2006,Darlington,Swindon Town,1,2,4,4,3,-1,0
2006,Darlington,Wrexham,1,1,4,4,2,0,0
2006,Grimsby Town,Barnet,5,0,4,4,5,5,1
2006,Grimsby Town,Bury,2,0,4,4,2,2,1
2006,Grimsby Town,Hartlepool United,1,4,4,4,5,-3,0
2006,Grimsby Town,Notts County,0,2,4,4,2,-2,0
2006,Grimsby Town,Torquay United,2,0,4,4,2,2,1
2006,Hartlepool United,Boston United,2,1,4,4,3,1,1
2006,Hartlepool United,Mansfield Town,2,0,4,4,2,2,1
2006,Hereford United,Darlington,1,1,4,4,2,0,0
2006,Hereford United,Milton Keynes Dons,0,0,4,4,0,0,0
2006,Hereford United,Wrexham,2,0,4,4,2,2,1
2006,Lincoln City,Barnet,1,0,4,4,1,1,1
2006,Lincoln City,Macclesfield,2,1,4,4,3,1,1
2006,Lincoln City,Notts County,1,1,4,4,2,0,0
2006,Lincoln City,Torquay United,1,0,4,4,1,1,1
2006,Macclesfield,Chester,1,1,4,4,2,0,0
2006,Macclesfield,Hartlepool United,0,0,4,4,0,0,0
2006,Mansfield Town,Accrington,2,2,4,4,4,0,0
2006,Mansfield Town,Bristol Rovers,0,1,4,4,1,-1,0
2006,Mansfield Town,Darlington,1,0,4,4,1,1,1
2006,Mansfield Town,Wrexham,3,0,4,4,3,3,1
2006,Milton Keynes Dons,Grimsby Town,1,2,4,4,3,-1,0
2006,Milton Keynes Dons,Lincoln City,2,2,4,4,4,0,0
2006,Milton Keynes Dons,Notts County,3,2,4,4,5,1,1
2006,Milton Keynes Dons,Torquay United,3,2,4,4,5,1,1
2006,Notts County,Boston United,2,0,4,4,2,2,1
2006,Notts County,Chester,1,2,4,4,3,-1,0
2006,Notts County,Hartlepool United,0,1,4,4,1,-1,0
2006,Notts County,Macclesfield,1,2,4,4,3,-1,0
2006,Notts County,Peterborough United,0,0,4,4,0,0,0
2006,Notts County,Stockport County,1,0,4,4,1,1,1
2006,Peterborough United,Accrington,4,2,4,4,6,2,1
2006,Peterborough United,Bristol Rovers,4,1,4,4,5,3,1
2006,Peterborough United,Hereford United,3,0,4,4,3,3,1
2006,Peterborough United,Swindon Town,1,1,4,4,2,0,0
2006,Peterborough United,Wrexham,3,0,4,4,3,3,1
2006,Rochdale,Barnet,0,2,4,4,2,-2,0
2006,Rochdale,Grimsby Town,1,0,4,4,1,1,1
2006,Rochdale,Lincoln City,2,0,4,4,2,2,1
2006,Shrewsbury Town,Boston United,5,0,4,4,5,5,1
2006,Shrewsbury Town,Chester,2,1,4,4,3,1,1
2006,Shrewsbury Town,Hartlepool United,1,1,4,4,2,0,0
2006,Shrewsbury Town,Macclesfield,2,1,4,4,3,1,1
2006,Shrewsbury Town,Notts County,2,0,4,4,2,2,1
2006,Stockport County,Bristol Rovers,2,1,4,4,3,1,1
2006,Stockport County,Darlington,5,2,4,4,7,3,1
2006,Stockport County,Swindon Town,3,0,4,4,3,3,1
2006,Swindon Town,Barnet,2,1,4,4,3,1,1
2006,Swindon Town,Milton Keynes Dons,2,1,4,4,3,1,1
2006,Swindon Town,Torquay United,2,1,4,4,3,1,1
2006,Swindon Town,Wycombe Wanderers,2,1,4,4,3,1,1
2006,Torquay United,Macclesfield,0,1,4,4,1,-1,0
2006,Torquay United,Notts County,0,1,4,4,1,-1,0
2006,Torquay United,Walsall,1,2,4,4,3,-1,0
2006,Walsall,Darlington,1,0,4,4,1,1,1
2006,Walsall,Hereford United,1,0,4,4,1,1,1
2006,Walsall,Mansfield Town,4,0,4,4,4,4,1
2006,Walsall,Peterborough United,5,0,4,4,5,5,1
2006,Wrexham,Barnet,1,1,4,4,2,0,0
2006,Wrexham,Bury,1,1,4,4,2,0,0
2006,Wrexham,Milton Keynes Dons,1,2,4,4,3,-1,0
2006,Wrexham,Swindon Town,2,1,4,4,3,1,1
2006,Wrexham,Wycombe Wanderers,0,2,4,4,2,-2,0
2006,Wycombe Wanderers,Hartlepool United,0,1,4,4,1,-1,0
2006,Wycombe Wanderers,Shrewsbury Town,1,1,4,4,2,0,0
2007,Arsenal,Aston Villa,1,1,1,1,2,0,0
2007,Arsenal,Newcastle United,3,0,1,1,3,3,1
2007,Arsenal,Wigan Athletic,2,0,1,1,2,2,1
2007,Aston Villa,Derby County,2,0,1,1,2,2,1
2007,Aston Villa,Middlesbrough,1,1,1,1,2,0,0
2007,Birmingham City,Aston Villa,1,2,1,1,3,-1,0
2007,Birmingham City,Chelsea,0,1,1,1,1,-1,0
2007,Birmingham City,Fulham,1,1,1,1,2,0,0
2007,Blackburn Rovers,Arsenal,1,1,1,1,2,0,0
2007,Blackburn Rovers,Bolton Wanderers,4,1,1,1,5,3,1
2007,Blackburn Rovers,Everton,0,0,1,1,0,0,0
2007,Blackburn Rovers,Manchester City,1,0,1,1,1,1,1
2007,Blackburn Rovers,Newcastle United,3,1,1,1,4,2,1
2007,Blackburn Rovers,Sunderland,1,0,1,1,1,1,1
2007,Bolton Wanderers,Birmingham City,3,0,1,1,3,3,1
2007,Bolton Wanderers,Derby County,1,0,1,1,1,1,1
2007,Bolton Wanderers,Liverpool,1,3,1,1,4,-2,0
2007,Bolton Wanderers,Middlesbrough,0,0,1,1,0,0,0
2007,Bolton Wanderers,Reading,3,0,1,1,3,3,1
2007,Chelsea,Bolton Wanderers,1,1,1,1,2,0,0
2007,Chelsea,Manchester United,2,1,1,1,3,1,1
2007,Derby County,Arsenal,2,6,1,1,8,-4,0
2007,Derby County,Blackburn Rovers,1,2,1,1,3,-1,0
2007,Derby County,Everton,0,2,1,1,2,-2,0
2007,Derby County,Manchester City,1,1,1,1,2,0,0
2007,Derby County,Newcastle United,1,0,1,1,1,1,1
2007,Everton,Birmingham City,3,1,1,1,4,2,1
2007,Everton,Liverpool,1,2,1,1,3,-1,0
2007,Everton,Reading,1,0,1,1,1,1,1
2007,Everton,West Ham United,1,1,1,1,2,0,0
2007,Fulham,Bolton Wanderers,2,1,1,1,3,1,1
2007,Fulham,Everton,1,0,1,1,1,1,1
2007,Fulham,Manchester United,0,3,1,1,3,-3,0
2007,Fulham,Tottenham Hotspur,3,3,1,1,6,0,0
2007,Liverpool,Derby County,6,0,1,1,6,6,1
2007,Liverpool,Manchester City,1,0,1,1,1,1,1
2007,Liverpool,Sunderland,3,0,1,1,3,3,1
2007,Liverpool,Wigan Athletic,1,1,1,1,2,0,0
2007,Manchester City,Chelsea,0,2,1,1,2,-2,0
2007,Manchester City,Fulham,2,3,1,1,5,-1,0
2007,Manchester City,Middlesbrough,3,1,1,1,4,2,1
2007,Manchester United,Portsmouth,2,0,1,1,2,2,1
2007,Manchester United,Tottenham Hotspur,1,0,1,1,1,1,1
2007,Middlesbrough,Arsenal,2,1,1,1,3,1,1
2007,Middlesbrough,Blackburn Rovers,1,2,1,1,3,-1,0
2007,Middlesbrough,Liverpool,1,1,1,1,2,0,0
2007,Middlesbrough,Newcastle United,2,2,1,1,4,0,0
2007,Newcastle United,Birmingham City,2,1,1,1,3,1,1
2007,Newcastle United,Chelsea,0,2,1,1,2,-2,0
2007,Newcastle United,Fulham,2,0,1,1,2,2,1
2007,Newcastle United,Manchester United,1,5,1,1,6,-4,0
2007,Newcastle United,Reading,3,0,1,1,3,3,1
2007,Newcastle United,West Ham United,3,1,1,1,4,2,1
2007,Portsmouth,Bolton Wanderers,3,1,1,1,4,2,1
2007,Portsmouth,Manchester City,0,0,1,1,0,0,0
2007,Portsmouth,Tottenham Hotspur,0,1,1,1,1,-1,0
2007,Reading,Blackburn Rovers,0,0,1,1,0,0,0
2007,Reading,Liverpool,3,1,1,1,4,2,1
2007,Reading,Sunderland,2,1,1,1,3,1,1
2007,Sunderland,West Ham United,2,1,1,1,3,1,1
2007,Tottenham Hotspur,Aston Villa,4,4,1,1,8,0,0
2007,Tottenham Hotspur,Manchester City,2,1,1,1,3,1,1
2007,Tottenham Hotspur,Newcastle United,1,4,1,1,5,-3,0
2007,West Ham United,Arsenal,0,1,1,1,1,-1,0
2007,West Ham United,Blackburn Rovers,2,1,1,1,3,1,1
2007,West Ham United,Reading,1,1,1,1,2,0,0
2007,Wigan Athletic,Birmingham City,2,0,1,1,2,2,1
2007,Wigan Athletic,Chelsea,0,2,1,1,2,-2,0
2007,Wigan Athletic,Fulham,1,1,1,1,2,0,0
2007,Wigan Athletic,Manchester United,0,2,1,1,2,-2,0
2007,Wigan Athletic,Portsmouth,0,2,1,1,2,-2,0
2007,Wigan Athletic,Tottenham Hotspur,1,1,1,1,2,0,0
2007,Barnsley,Charlton Athletic,3,0,2,2,3,3,1
2007,Barnsley,Crystal Palace,0,0,2,2,0,0,0
2007,Barnsley,Leicester City,0,1,2,2,1,-1,0
2007,Barnsley,Sheffield United,0,1,2,2,1,-1,0
2007,Barnsley,Wolverhampton Wanderers,1,0,2,2,1,1,1
2007,Blackpool,Burnley,3,0,2,2,3,3,1
2007,Blackpool,Hull City,2,1,2,2,3,1,1
2007,Blackpool,Norwich City,1,3,2,2,4,-2,0
2007,Blackpool,Queens Park Rangers,1,0,2,2,1,1,1
2007,Blackpool,Sheffield Wednesday,2,1,2,2,3,1,1
2007,Bristol City,Barnsley,3,2,2,2,5,1,1
2007,Bristol City,Cardiff City,1,0,2,2,1,1,1
2007,Bristol City,Ipswich Town,2,0,2,2,2,2,1
2007,Bristol City,Plymouth Argyle,1,2,2,2,3,-1,0
2007,Bristol City,Scunthorpe United,2,1,2,2,3,1,1
2007,Bristol City,West Bromwich Albion,1,1,2,2,2,0,0
2007,Burnley,Blackpool,2,2,2,2,4,0,0
2007,Burnley,Crystal Palace,1,1,2,2,2,0,0
2007,Burnley,Stoke City,0,0,2,2,0,0,0
2007,Cardiff City,Bristol City,2,1,2,2,3,1,1
2007,Cardiff City,Queens Park Rangers,3,1,2,2,4,2,1
2007,Charlton Athletic,Burnley,1,3,2,2,4,-2,0
2007,Charlton Athletic,Ipswich Town,3,1,2,2,4,2,1
2007,Charlton Athletic,Plymouth Argyle,1,2,2,2,3,-1,0
2007,Charlton Athletic,Scunthorpe United,1,1,2,2,2,0,0
2007,Charlton Athletic,Southampton,1,1,2,2,2,0,0
2007,Charlton Athletic,West Bromwich Albion,1,1,2,2,2,0,0
2007,Colchester United,Blackpool,0,2,2,2,2,-2,0
2007,Colchester United,Crystal Palace,1,2,2,2,3,-1,0
2007,Colchester United,Leicester City,1,1,2,2,2,0,0
2007,Colchester United,Preston North End,2,1,2,2,3,1,1
2007,Colchester United,Sheffield United,2,2,2,2,4,0,0
2007,Colchester United,Stoke City,0,1,2,2,1,-1,0
2007,Coventry City,Charlton Athletic,1,1,2,2,2,0,0
2007,Coventry City,Norwich City,1,0,2,2,1,1,1
2007,Coventry City,Queens Park Rangers,0,0,2,2,0,0,0
2007,Coventry City,Sheffield Wednesday,0,0,2,2,0,0,0
2007,Coventry City,Watford,0,3,2,2,3,-3,0
2007,Crystal Palace,Burnley,5,0,2,2,5,5,1
2007,Crystal Palace,Scunthorpe United,2,0,2,2,2,2,1
2007,Crystal Palace,West Bromwich Albion,1,1,2,2,2,0,0
2007,Hull City,Cardiff City,2,2,2,2,4,0,0
2007,Hull City,Coventry City,1,0,2,2,1,1,1
2007,Hull City,Leicester City,2,0,2,2,2,2,1
2007,Hull City,Sheffield United,1,1,2,2,2,0,0
2007,Ipswich Town,Bristol City,6,0,2,2,6,6,1
2007,Ipswich Town,Charlton Athletic,2,0,2,2,2,2,1
2007,Ipswich Town,Crystal Palace,1,0,2,2,1,1,1
2007,Ipswich Town,Norwich City,2,1,2,2,3,1,1
2007,Leicester City,Barnsley,2,0,2,2,2,2,1
2007,Leicester City,Burnley,0,1,2,2,1,-1,0
2007,Leicester City,Plymouth Argyle,0,1,2,2,1,-1,0
2007,Leicester City,Scunthorpe United,1,0,2,2,1,1,1
2007,Leicester City,Southampton,1,2,2,2,3,-1,0
2007,Leicester City,West Bromwich Albion,1,2,2,2,3,-1,0
2007,Norwich City,Blackpool,1,2,2,2,3,-1,0
2007,Norwich City,Cardiff City,1,2,2,2,3,-1,0
2007,Norwich City,Preston North End,1,0,2,2,1,1,1
2007,Norwich City,Sheffield United,1,0,2,2,1,1,1
2007,Norwich City,Wolverhampton Wanderers,1,1,2,2,2,0,0
2007,Plymouth Argyle,Bristol City,1,1,2,2,2,0,0
2007,Plymouth Argyle,Crystal Palace,1,0,2,2,1,1,1
2007,Plymouth Argyle,Leicester City,0,0,2,2,0,0,0
2007,Plymouth Argyle,Queens Park Rangers,2,1,2,2,3,1,1
2007,Plymouth Argyle,Watford,1,1,2,2,2,0,0
2007,Preston North End,Colchester United,0,3,2,2,3,-3,0
2007,Preston North End,Norwich City,0,0,2,2,0,0,0
2007,Preston North End,Scunthorpe United,0,1,2,2,1,-1,0
2007,Queens Park Rangers,Cardiff City,0,2,2,2,2,-2,0
2007,Queens Park Rangers,Ipswich Town,1,1,2,2,2,0,0
2007,Queens Park Rangers,Sheffield United,1,1,2,2,2,0,0
2007,Queens Park Rangers,Stoke City,3,0,2,2,3,3,1
2007,Scunthorpe United,Bristol City,0,1,2,2,1,-1,0
2007,Scunthorpe United,Crystal Palace,0,0,2,2,0,0,0
2007,Scunthorpe United,Sheffield Wednesday,1,1,2,2,2,0,0
2007,Scunthorpe United,Watford,1,3,2,2,4,-2,0
2007,Sheffield United,Barnsley,1,0,2,2,1,1,1
2007,Sheffield United,Colchester United,2,2,2,2,4,0,0
2007,Sheffield United,Hull City,2,0,2,2,2,2,1
2007,Sheffield United,Norwich City,2,0,2,2,2,2,1
2007,Sheffield United,Queens Park Rangers,2,1,2,2,3,1,1
2007,Sheffield Wednesday,Blackpool,2,1,2,2,3,1,1
2007,Sheffield Wednesday,Ipswich Town,1,2,2,2,3,-1,0
2007,Sheffield Wednesday,Plymouth Argyle,1,1,2,2,2,0,0
2007,Sheffield Wednesday,Scunthorpe United,1,2,2,2,3,-1,0
2007,Sheffield Wednesday,Wolverhampton Wanderers,1,3,2,2,4,-2,0
2007,Southampton,Charlton Athletic,0,1,2,2,1,-1,0
2007,Southampton,Sheffield United,3,2,2,2,5,1,1
2007,Stoke City,Barnsley,0,0,2,2,0,0,0
2007,Stoke City,Burnley,1,1,2,2,2,0,0
2007,Stoke City,Colchester United,2,1,2,2,3,1,1
2007,Stoke City,Hull City,1,1,2,2,2,0,0
2007,Stoke City,Norwich City,2,1,2,2,3,1,1
2007,Stoke City,West Bromwich Albion,3,1,2,2,4,2,1
2007,Watford,Blackpool,1,1,2,2,2,0,0
2007,Watford,Coventry City,2,1,2,2,3,1,1
2007,Watford,Ipswich Town,2,0,2,2,2,2,1
2007,West Bromwich Albion,Bristol City,4,1,2,2,5,3,1
2007,West Bromwich Albion,Crystal Palace,1,1,2,2,2,0,0
2007,Wolverhampton Wanderers,Barnsley,1,0,2,2,1,1,1
2007,Wolverhampton Wanderers,Norwich City,2,0,2,2,2,2,1
2007,Wolverhampton Wanderers,Queens Park Rangers,3,3,2,2,6,0,0
2007,Wolverhampton Wanderers,Watford,1,2,2,2,3,-1,0
2007,AFC Bournemouth,Bristol Rovers,2,1,3,3,3,1,1
2007,AFC Bournemouth,Crewe Alexandra,1,0,3,3,1,1,1
2007,AFC Bournemouth,Swindon Town,2,2,3,3,4,0,0
2007,AFC Bournemouth,Yeovil,2,0,3,3,2,2,1
2007,Brighton & Hove Albion,Carlisle United,2,2,3,3,4,0,0
2007,Brighton & Hove Albion,Huddersfield Town,1,1,3,3,2,0,0
2007,Brighton & Hove Albion,Nottingham Forest,0,2,3,3,2,-2,0
2007,Brighton & Hove Albion,Southend United,3,2,3,3,5,1,1
2007,Bristol Rovers,AFC Bournemouth,0,2,3,3,2,-2,0
2007,Bristol Rovers,Cheltenham,2,0,3,3,2,2,1
2007,Bristol Rovers,Leeds United,0,3,3,3,3,-3,0
2007,Bristol Rovers,Millwall,2,1,3,3,3,1,1
2007,Bristol Rovers,Oldham Athletic,1,0,3,3,1,1,1
2007,Bristol Rovers,Swansea City,0,2,3,3,2,-2,0
2007,Carlisle United,Brighton & Hove Albion,2,0,3,3,2,2,1
2007,Carlisle United,Swindon Town,3,0,3,3,3,3,1
2007,Carlisle United,Yeovil,2,1,3,3,3,1,1
2007,Cheltenham,Doncaster Rovers,2,1,3,3,3,1,1
2007,Cheltenham,Huddersfield Town,0,2,3,3,2,-2,0
2007,Crewe Alexandra,AFC Bournemouth,1,4,3,3,5,-3,0
2007,Crewe Alexandra,Gillingham,2,3,3,3,5,-1,0
2007,Crewe Alexandra,Leeds United,0,1,3,3,1,-1,0
2007,Doncaster Rovers,Hartlepool United,2,0,3,3,2,2,1
2007,Doncaster Rovers,Port Vale,2,1,3,3,3,1,1
2007,Doncaster Rovers,Yeovil,1,2,3,3,3,-1,0
2007,Hartlepool United,AFC Bournemouth,1,1,3,3,2,0,0
2007,Hartlepool United,Carlisle United,2,2,3,3,4,0,0
2007,Hartlepool United,Doncaster Rovers,2,1,3,3,3,1,1
2007,Hartlepool United,Leeds United,1,1,3,3,2,0,0
2007,Hartlepool United,Millwall,0,1,3,3,1,-1,0
2007,Hartlepool United,Swansea City,1,3,3,3,4,-2,0
2007,Hartlepool United,Walsall,0,1,3,3,1,-1,0
2007,Huddersfield Town,Gillingham,1,3,3,3,4,-2,0
2007,Huddersfield Town,Leyton Orient,0,1,3,3,1,-1,0
2007,Huddersfield Town,Northampton Town,1,2,3,3,3,-1,0
2007,Huddersfield Town,Port Vale,3,1,3,3,4,2,1
2007,Huddersfield Town,Swindon Town,1,0,3,3,1,1,1
2007,Leeds United,Bristol Rovers,1,0,3,3,1,1,1
2007,Leeds United,Nottingham Forest,1,1,3,3,2,0,0
2007,Leyton Orient,AFC Bournemouth,1,0,3,3,1,1,1
2007,Leyton Orient,Doncaster Rovers,1,1,3,3,2,0,0
2007,Leyton Orient,Huddersfield Town,0,1,3,3,1,-1,0
2007,Luton Town,Cheltenham,1,1,3,3,2,0,0
2007,Luton Town,Gillingham,3,1,3,3,4,2,1
2007,Luton Town,Leeds United,1,1,3,3,2,0,0
2007,Luton Town,Port Vale,2,1,3,3,3,1,1
2007,Luton Town,Yeovil,1,0,3,3,1,1,1
2007,Millwall,Tranmere Rovers,0,1,3,3,1,-1,0
2007,Northampton Town,Carlisle United,2,2,3,3,4,0,0
2007,Northampton Town,Doncaster Rovers,2,0,3,3,2,2,1
2007,Northampton Town,Huddersfield Town,3,0,3,3,3,3,1
2007,Northampton Town,Walsall,0,2,3,3,2,-2,0
2007,Nottingham Forest,Brighton & Hove Albion,0,0,3,3,0,0,0
2007,Nottingham Forest,Port Vale,2,0,3,3,2,2,1
2007,Nottingham Forest,Yeovil,3,2,3,3,5,1,1
2007,Oldham Athletic,Bristol Rovers,0,1,3,3,1,-1,0
2007,Oldham Athletic,Hartlepool United,0,1,3,3,1,-1,0
2007,Oldham Athletic,Leyton Orient,2,0,3,3,2,2,1
2007,Oldham Athletic,Northampton Town,0,1,3,3,1,-1,0
2007,Oldham Athletic,Tranmere Rovers,3,1,3,3,4,2,1
2007,Port Vale,AFC Bournemouth,1,3,3,3,4,-2,0
2007,Port Vale,Doncaster Rovers,1,3,3,3,4,-2,0
2007,Port Vale,Nottingham Forest,0,2,3,3,2,-2,0
2007,Port Vale,Swansea City,0,2,3,3,2,-2,0
2007,Southend United,Brighton & Hove Albion,2,0,3,3,2,2,1
2007,Southend United,Cheltenham,2,2,3,3,4,0,0
2007,Southend United,Oldham Athletic,0,1,3,3,1,-1,0
2007,Southend United,Yeovil,1,1,3,3,2,0,0
2007,Swansea City,Leyton Orient,4,1,3,3,5,3,1
2007,Swansea City,Northampton Town,3,0,3,3,3,3,1
2007,Swansea City,Port Vale,2,0,3,3,2,2,1
2007,Swindon Town,AFC Bournemouth,4,1,3,3,5,3,1
2007,Swindon Town,Carlisle United,2,2,3,3,4,0,0
2007,Swindon Town,Doncaster Rovers,1,2,3,3,3,-1,0
2007,Swindon Town,Southend United,0,1,3,3,1,-1,0
2007,Tranmere Rovers,Leeds United,1,2,3,3,3,-1,0
2007,Tranmere Rovers,Millwall,2,0,3,3,2,2,1
2007,Tranmere Rovers,Oldham Athletic,0,1,3,3,1,-1,0
2007,Tranmere Rovers,Swansea City,0,1,3,3,1,-1,0
2007,Walsall,Bristol Rovers,0,1,3,3,1,-1,0
2007,Walsall,Hartlepool United,2,2,3,3,4,0,0
2007,Walsall,Port Vale,0,0,3,3,0,0,0
2007,Yeovil,AFC Bournemouth,2,1,3,3,3,1,1
2007,Yeovil,Carlisle United,2,1,3,3,3,1,1
2007,Yeovil,Doncaster Rovers,2,1,3,3,3,1,1
2007,Yeovil,Huddersfield Town,0,2,3,3,2,-2,0
2007,Yeovil,Luton Town,0,0,3,3,0,0,0
2007,Yeovil,Nottingham Forest,0,3,3,3,3,-3,0
2007,Yeovil,Tranmere Rovers,1,1,3,3,2,0,0
2007,Accrington,Chester,3,3,4,4,6,0,0
2007,Accrington,Lincoln City,0,3,4,4,3,-3,0
2007,Accrington,Milton Keynes Dons,0,1,4,4,1,-1,0
2007,Accrington,Wycombe Wanderers,0,2,4,4,2,-2,0
2007,Barnet,Brentford,1,2,4,4,3,-1,0
2007,Barnet,Macclesfield,2,2,4,4,4,0,0
2007,Barnet,Morecambe,0,1,4,4,1,-1,0
2007,Barnet,Rochdale,0,0,4,4,0,0,0
2007,Barnet,Stockport County,2,1,4,4,3,1,1
2007,Bradford City,Accrington,0,3,4,4,3,-3,0
2007,Bradford City,Bury,1,2,4,4,3,-1,0
2007,Bradford City,Hereford United,1,3,4,4,4,-2,0
2007,Bradford City,Notts County,3,0,4,4,3,3,1
2007,Bradford City,Rotherham United,3,2,4,4,5,1,1
2007,Bradford City,Wrexham,2,1,4,4,3,1,1
2007,Brentford,Lincoln City,1,0,4,4,1,1,1
2007,Brentford,Milton Keynes Dons,0,3,4,4,3,-3,0
2007,Bury,Bradford City,2,2,4,4,4,0,0
2007,Bury,Chesterfield,0,1,4,4,1,-1,0
2007,Bury,Morecambe,2,1,4,4,3,1,1
2007,Chester,Brentford,0,2,4,4,2,-2,0
2007,Chester,Dagenham and Redbridge,4,0,4,4,4,4,1
2007,Chester,Mansfield Town,0,1,4,4,1,-1,0
2007,Chester,Rotherham United,0,1,4,4,1,-1,0
2007,Chesterfield,Barnet,0,1,4,4,1,-1,0
2007,Chesterfield,Lincoln City,4,1,4,4,5,3,1
2007,Chesterfield,Wycombe Wanderers,2,0,4,4,2,2,1
2007,Dagenham and Redbridge,Bradford City,1,4,4,4,5,-3,0
2007,Dagenham and Redbridge,Macclesfield,0,1,4,4,1,-1,0
2007,Dagenham and Redbridge,Morecambe,2,0,4,4,2,2,1
2007,Dagenham and Redbridge,Stockport County,0,1,4,4,1,-1,0
2007,Darlington,Accrington,1,0,4,4,1,1,1
2007,Darlington,Brentford,3,1,4,4,4,2,1
2007,Darlington,Hereford United,0,1,4,4,1,-1,0
2007,Darlington,Rotherham United,1,1,4,4,2,0,0
2007,Grimsby Town,Barnet,4,1,4,4,5,3,1
2007,Grimsby Town,Bury,1,0,4,4,1,1,1
2007,Grimsby Town,Lincoln City,1,0,4,4,1,1,1
2007,Grimsby Town,Milton Keynes Dons,0,1,4,4,1,-1,0
2007,Hereford United,Bradford City,4,2,4,4,6,2,1
2007,Hereford United,Chester,2,2,4,4,4,0,0
2007,Hereford United,Darlington,5,1,4,4,6,4,1
2007,Lincoln City,Accrington,2,0,4,4,2,2,1
2007,Lincoln City,Chesterfield,2,4,4,4,6,-2,0
2007,Lincoln City,Mansfield Town,1,2,4,4,3,-1,0
2007,Lincoln City,Wrexham,2,4,4,4,6,-2,0
2007,Macclesfield,Barnet,3,0,4,4,3,3,1
2007,Macclesfield,Dagenham and Redbridge,1,1,4,4,2,0,0
2007,Macclesfield,Peterborough United,0,3,4,4,3,-3,0
2007,Mansfield Town,Lincoln City,1,3,4,4,4,-2,0
2007,Mansfield Town,Rochdale,0,4,4,4,4,-4,0
2007,Mansfield Town,Stockport County,4,2,4,4,6,2,1
2007,Milton Keynes Dons,Accrington,5,0,4,4,5,5,1
2007,Milton Keynes Dons,Grimsby Town,2,0,4,4,2,2,1
2007,Milton Keynes Dons,Rotherham United,1,1,4,4,2,0,0
2007,Morecambe,Barnet,0,0,4,4,0,0,0
2007,Morecambe,Bury,2,1,4,4,3,1,1
2007,Morecambe,Peterborough United,3,2,4,4,5,1,1
2007,Morecambe,Shrewsbury Town,1,1,4,4,2,0,0
2007,Morecambe,Wycombe Wanderers,0,1,4,4,1,-1,0
2007,Notts County,Bradford City,1,3,4,4,4,-2,0
2007,Notts County,Darlington,0,1,4,4,1,-1,0
2007,Notts County,Lincoln City,0,1,4,4,1,-1,0
2007,Notts County,Milton Keynes Dons,1,2,4,4,3,-1,0
2007,Notts County,Rochdale,1,0,4,4,1,1,1
2007,Peterborough United,Brentford,7,0,4,4,7,7,1
2007,Peterborough United,Chesterfield,2,3,4,4,5,-1,0
2007,Peterborough United,Morecambe,1,1,4,4,2,0,0
2007,Rochdale,Barnet,3,0,4,4,3,3,1
2007,Rochdale,Bury,1,2,4,4,3,-1,0
2007,Rochdale,Dagenham and Redbridge,1,0,4,4,1,1,1
2007,Rochdale,Hereford United,2,4,4,4,6,-2,0
2007,Rochdale,Mansfield Town,1,0,4,4,1,1,1
2007,Rochdale,Shrewsbury Town,1,1,4,4,2,0,0
2007,Rotherham United,Milton Keynes Dons,0,1,4,4,1,-1,0
2007,Rotherham United,Peterborough United,3,1,4,4,4,2,1
2007,Rotherham United,Stockport County,1,4,4,4,5,-3,0
2007,Shrewsbury Town,Brentford,0,1,4,4,1,-1,0
2007,Shrewsbury Town,Chesterfield,2,3,4,4,5,-1,0
2007,Shrewsbury Town,Grimsby Town,2,1,4,4,3,1,1
2007,Shrewsbury Town,Macclesfield,2,0,4,4,2,2,1
2007,Shrewsbury Town,Morecambe,2,0,4,4,2,2,1
2007,Shrewsbury Town,Rochdale,3,4,4,4,7,-1,0
2007,Stockport County,Barnet,2,4,4,4,6,-2,0
2007,Stockport County,Dagenham and Redbridge,1,0,4,4,1,1,1
2007,Stockport County,Hereford United,2,3,4,4,5,-1,0
2007,Stockport County,Mansfield Town,2,1,4,4,3,1,1
2007,Stockport County,Rotherham United,2,2,4,4,4,0,0
2007,Wrexham,Milton Keynes Dons,1,0,4,4,1,1,1
2007,Wrexham,Shrewsbury Town,0,1,4,4,1,-1,0
2007,Wycombe Wanderers,Accrington,0,1,4,4,1,-1,0
2007,Wycombe Wanderers,Brentford,1,0,4,4,1,1,1
2007,Wycombe Wanderers,Chesterfield,1,0,4,4,1,1,1
2007,Wycombe Wanderers,Grimsby Town,3,0,4,4,3,3,1
2007,Wycombe Wanderers,Macclesfield,2,1,4,4,3,1,1
2008,Arsenal,Blackburn Rovers,4,0,1,1,4,4,1
2008,Arsenal,Liverpool,1,1,1,1,2,0,0
2008,Arsenal,Middlesbrough,2,0,1,1,2,2,1
2008,Arsenal,West Bromwich Albion,1,0,1,1,1,1,1
2008,Aston Villa,Arsenal,2,2,1,1,4,0,0
2008,Aston Villa,Hull City,1,0,1,1,1,1,1
2008,Aston Villa,Manchester United,0,0,1,1,0,0,0
2008,Aston Villa,Portsmouth,0,0,1,1,0,0,0
2008,Aston Villa,Tottenham Hotspur,1,2,1,1,3,-1,0
2008,Blackburn Rovers,Fulham,1,0,1,1,1,1,1
2008,Blackburn Rovers,Manchester City,2,2,1,1,4,0,0
2008,Blackburn Rovers,Sunderland,1,2,1,1,3,-1,0
2008,Blackburn Rovers,West Ham United,1,1,1,1,2,0,0
2008,Bolton Wanderers,Aston Villa,1,1,1,1,2,0,0
2008,Bolton Wanderers,Everton,0,1,1,1,1,-1,0
2008,Bolton Wanderers,Liverpool,0,2,1,1,2,-2,0
2008,Bolton Wanderers,Middlesbrough,4,1,1,1,5,3,1
2008,Chelsea,Arsenal,1,2,1,1,3,-1,0
2008,Chelsea,Bolton Wanderers,4,3,1,1,7,1,1
2008,Chelsea,Hull City,0,0,1,1,0,0,0
2008,Everton,Blackburn Rovers,2,3,1,1,5,-1,0
2008,Everton,Fulham,1,0,1,1,1,1,1
2008,Everton,West Ham United,3,1,1,1,4,2,1
2008,Fulham,Aston Villa,3,1,1,1,4,2,1
2008,Fulham,Chelsea,2,2,1,1,4,0,0
2008,Fulham,Liverpool,0,1,1,1,1,-1,0
2008,Fulham,Middlesbrough,3,0,1,1,3,3,1
2008,Fulham,Stoke City,1,0,1,1,1,1,1
2008,Hull City,Fulham,2,1,1,1,3,1,1
2008,Hull City,Portsmouth,0,0,1,1,0,0,0
2008,Hull City,Tottenham Hotspur,1,2,1,1,3,-1,0
2008,Hull City,Wigan Athletic,0,5,1,1,5,-5,0
2008,Liverpool,Blackburn Rovers,4,0,1,1,4,4,1
2008,Liverpool,Manchester City,1,1,1,1,2,0,0
2008,Liverpool,Sunderland,2,0,1,1,2,2,1
2008,Liverpool,West Ham United,0,0,1,1,0,0,0
2008,Manchester City,Middlesbrough,1,0,1,1,1,1,1
2008,Manchester City,Stoke City,3,0,1,1,3,3,1
2008,Manchester City,West Bromwich Albion,4,2,1,1,6,2,1
2008,Manchester United,Bolton Wanderers,2,0,1,1,2,2,1
2008,Manchester United,Portsmouth,2,0,1,1,2,2,1
2008,Manchester United,Tottenham Hotspur,5,2,1,1,7,3,1
2008,Manchester United,Wigan Athletic,1,0,1,1,1,1,1
2008,Middlesbrough,Everton,0,1,1,1,1,-1,0
2008,Middlesbrough,Liverpool,2,0,1,1,2,2,1
2008,Newcastle United,Aston Villa,2,0,1,1,2,2,1
2008,Newcastle United,Hull City,1,2,1,1,3,-1,0
2008,Newcastle United,Manchester United,1,2,1,1,3,-1,0
2008,Newcastle United,Stoke City,2,2,1,1,4,0,0
2008,Portsmouth,Fulham,1,1,1,1,2,0,0
2008,Portsmouth,Manchester City,2,0,1,1,2,2,1
2008,Portsmouth,Newcastle United,0,3,1,1,3,-3,0
2008,Stoke City,Blackburn Rovers,1,0,1,1,1,1,1
2008,Stoke City,Everton,2,3,1,1,5,-1,0
2008,Stoke City,Liverpool,0,0,1,1,0,0,0
2008,Sunderland,Aston Villa,1,2,1,1,3,-1,0
2008,Sunderland,Hull City,1,0,1,1,1,1,1
2008,Sunderland,Manchester United,1,2,1,1,3,-1,0
2008,Sunderland,Portsmouth,1,2,1,1,3,-1,0
2008,Sunderland,West Bromwich Albion,4,0,1,1,4,4,1
2008,Tottenham Hotspur,Arsenal,0,0,1,1,0,0,0
2008,Tottenham Hotspur,Bolton Wanderers,2,0,1,1,2,2,1
2008,Tottenham Hotspur,Fulham,0,0,1,1,0,0,0
2008,Tottenham Hotspur,Manchester City,2,1,1,1,3,1,1
2008,Tottenham Hotspur,Newcastle United,1,0,1,1,1,1,1
2008,West Bromwich Albion,Everton,1,2,1,1,3,-1,0
2008,West Bromwich Albion,Middlesbrough,3,0,1,1,3,3,1
2008,West Bromwich Albion,Stoke City,0,2,1,1,2,-2,0
2008,West Bromwich Albion,West Ham United,3,2,1,1,5,1,1
2008,West Ham United,Aston Villa,0,1,1,1,1,-1,0
2008,West Ham United,Chelsea,0,1,1,1,1,-1,0
2008,West Ham United,Tottenham Hotspur,0,2,1,1,2,-2,0
2008,Wigan Athletic,Arsenal,1,4,1,1,5,-3,0
2008,Wigan Athletic,Newcastle United,2,1,1,1,3,1,1
2008,Wigan Athletic,West Ham United,0,1,1,1,1,-1,0
2008,Barnsley,Preston North End,1,1,2,2,2,0,0
2008,Barnsley,Sheffield United,1,2,2,2,3,-1,0
2008,Barnsley,Swansea City,1,3,2,2,4,-2,0
2008,Birmingham City,Burnley,1,1,2,2,2,0,0
2008,Birmingham City,Watford,3,2,2,2,5,1,1
2008,Blackpool,Birmingham City,2,0,2,2,2,2,1
2008,Blackpool,Crystal Palace,2,2,2,2,4,0,0
2008,Blackpool,Wolverhampton Wanderers,2,2,2,2,4,0,0
2008,Bristol City,Blackpool,0,0,2,2,0,0,0
2008,Bristol City,Norwich City,1,0,2,2,1,1,1
2008,Burnley,Bristol City,4,0,2,2,4,4,1
2008,Burnley,Coventry City,1,1,2,2,2,0,0
2008,Burnley,Doncaster Rovers,0,0,2,2,0,0,0
2008,Burnley,Nottingham Forest,5,0,2,2,5,5,1
2008,Cardiff City,Birmingham City,1,2,2,2,3,-1,0
2008,Cardiff City,Ipswich Town,0,3,2,2,3,-3,0
2008,Cardiff City,Wolverhampton Wanderers,1,2,2,2,3,-1,0
2008,Charlton Athletic,Blackpool,2,2,2,2,4,0,0
2008,Charlton Athletic,Cardiff City,2,2,2,2,4,0,0
2008,Charlton Athletic,Derby County,2,2,2,2,4,0,0
2008,Charlton Athletic,Norwich City,4,2,2,2,6,2,1
2008,Charlton Athletic,Preston North End,0,0,2,2,0,0,0
2008,Charlton Athletic,Sheffield United,2,5,2,2,7,-3,0
2008,Coventry City,Bristol City,0,3,2,2,3,-3,0
2008,Coventry City,Nottingham Forest,2,2,2,2,4,0,0
2008,Coventry City,Sheffield Wednesday,2,0,2,2,2,2,1
2008,Crystal Palace,Birmingham City,0,0,2,2,0,0,0
2008,Crystal Palace,Burnley,0,0,2,2,0,0,0
2008,Crystal Palace,Coventry City,1,1,2,2,2,0,0
2008,Crystal Palace,Reading,0,0,2,2,0,0,0
2008,Crystal Palace,Southampton,3,0,2,2,3,3,1
2008,Crystal Palace,Wolverhampton Wanderers,0,1,2,2,1,-1,0
2008,Derby County,Blackpool,4,1,2,2,5,3,1
2008,Derby County,Crystal Palace,1,2,2,2,3,-1,0
2008,Derby County,Preston North End,2,2,2,2,4,0,0
2008,Derby County,Sheffield United,2,1,2,2,3,1,1
2008,Doncaster Rovers,Bristol City,1,0,2,2,1,1,1
2008,Doncaster Rovers,Derby County,2,1,2,2,3,1,1
2008,Doncaster Rovers,Nottingham Forest,0,0,2,2,0,0,0
2008,Doncaster Rovers,Queens Park Rangers,2,0,2,2,2,2,1
2008,Doncaster Rovers,Watford,1,2,2,2,3,-1,0
2008,Ipswich Town,Burnley,1,1,2,2,2,0,0
2008,Ipswich Town,Coventry City,2,1,2,2,3,1,1
2008,Ipswich Town,Reading,2,0,2,2,2,2,1
2008,Norwich City,Blackpool,1,1,2,2,2,0,0
2008,Norwich City,Cardiff City,2,0,2,2,2,2,1
2008,Norwich City,Crystal Palace,1,2,2,2,3,-1,0
2008,Norwich City,Preston North End,2,2,2,2,4,0,0
2008,Norwich City,Sheffield United,1,0,2,2,1,1,1
2008,Nottingham Forest,Derby County,1,3,2,2,4,-2,0
2008,Nottingham Forest,Sheffield Wednesday,2,1,2,2,3,1,1
2008,Nottingham Forest,Watford,3,2,2,2,5,1,1
2008,Plymouth Argyle,Birmingham City,0,1,2,2,1,-1,0
2008,Plymouth Argyle,Coventry City,4,0,2,2,4,4,1
2008,Plymouth Argyle,Nottingham Forest,1,0,2,2,1,1,1
2008,Plymouth Argyle,Southampton,2,0,2,2,2,2,1
2008,Preston North End,Ipswich Town,3,2,2,2,5,1,1
2008,Queens Park Rangers,Barnsley,2,1,2,2,3,1,1
2008,Queens Park Rangers,Charlton Athletic,2,1,2,2,3,1,1
2008,Queens Park Rangers,Norwich City,0,1,2,2,1,-1,0
2008,Queens Park Rangers,Sheffield Wednesday,3,2,2,2,5,1,1
2008,Reading,Birmingham City,1,2,2,2,3,-1,0
2008,Sheffield United,Crystal Palace,2,2,2,2,4,0,0
2008,Sheffield United,Ipswich Town,2,0,2,2,2,2,1
2008,Sheffield Wednesday,Charlton Athletic,4,1,2,2,5,3,1
2008,Sheffield Wednesday,Preston North End,1,1,2,2,2,0,0
2008,Sheffield Wednesday,Watford,2,0,2,2,2,2,1
2008,Southampton,Burnley,2,2,2,2,4,0,0
2008,Southampton,Coventry City,1,1,2,2,2,0,0
2008,Southampton,Doncaster Rovers,1,2,2,2,3,-1,0
2008,Southampton,Nottingham Forest,0,2,2,2,2,-2,0
2008,Southampton,Queens Park Rangers,0,0,2,2,0,0,0
2008,Southampton,Sheffield Wednesday,1,1,2,2,2,0,0
2008,Southampton,Wolverhampton Wanderers,1,2,2,2,3,-1,0
2008,Swansea City,Blackpool,0,1,2,2,1,-1,0
2008,Swansea City,Crystal Palace,1,3,2,2,4,-2,0
2008,Swansea City,Ipswich Town,3,0,2,2,3,3,1
2008,Swansea City,Plymouth Argyle,1,0,2,2,1,1,1
2008,Swansea City,Reading,2,0,2,2,2,2,1
2008,Swansea City,Southampton,3,0,2,2,3,3,1
2008,Watford,Bristol City,2,4,2,2,6,-2,0
2008,Watford,Charlton Athletic,1,0,2,2,1,1,1
2008,Watford,Derby County,3,1,2,2,4,2,1
2008,Wolverhampton Wanderers,Burnley,2,0,2,2,2,2,1
2008,Wolverhampton Wanderers,Coventry City,2,1,2,2,3,1,1
2008,Wolverhampton Wanderers,Nottingham Forest,5,1,2,2,6,4,1
2008,Wolverhampton Wanderers,Sheffield Wednesday,4,1,2,2,5,3,1
2008,Brighton & Hove Albion,Leeds United,0,2,3,3,2,-2,0
2008,Brighton & Hove Albion,Millwall,4,1,3,3,5,3,1
2008,Brighton & Hove Albion,Oldham Athletic,3,1,3,3,4,2,1
2008,Bristol Rovers,Brighton & Hove Albion,1,2,3,3,3,-1,0
2008,Bristol Rovers,Colchester United,0,0,3,3,0,0,0
2008,Bristol Rovers,Hereford United,6,1,3,3,7,5,1
2008,Bristol Rovers,Leicester City,0,1,3,3,1,-1,0
2008,Bristol Rovers,Milton Keynes Dons,1,2,3,3,3,-1,0
2008,Carlisle United,Bristol Rovers,1,1,3,3,2,0,0
2008,Carlisle United,Crewe Alexandra,4,2,3,3,6,2,1
2008,Carlisle United,Huddersfield Town,3,0,3,3,3,3,1
2008,Carlisle United,Yeovil,4,1,3,3,5,3,1
2008,Cheltenham,Carlisle United,1,1,3,3,2,0,0
2008,Cheltenham,Hartlepool United,2,0,3,3,2,2,1
2008,Cheltenham,Leeds United,0,1,3,3,1,-1,0
2008,Colchester United,Cheltenham,3,1,3,3,4,2,1
2008,Colchester United,Leicester City,0,1,3,3,1,-1,0
2008,Colchester United,Milton Keynes Dons,0,3,3,3,3,-3,0
2008,Colchester United,Walsall,0,2,3,3,2,-2,0
2008,Crewe Alexandra,Bristol Rovers,1,1,3,3,2,0,0
2008,Crewe Alexandra,Huddersfield Town,3,1,3,3,4,2,1
2008,Crewe Alexandra,Northampton Town,1,3,3,3,4,-2,0
2008,Hartlepool United,Carlisle United,2,2,3,3,4,0,0
2008,Hartlepool United,Crewe Alexandra,1,4,3,3,5,-3,0
2008,Hereford United,Brighton & Hove Albion,1,2,3,3,3,-1,0
2008,Hereford United,Cheltenham,3,0,3,3,3,3,1
2008,Hereford United,Hartlepool United,1,1,3,3,2,0,0
2008,Hereford United,Leicester City,1,3,3,3,4,-2,0
2008,Hereford United,Milton Keynes Dons,0,1,3,3,1,-1,0
2008,Hereford United,Walsall,0,0,3,3,0,0,0
2008,Huddersfield Town,Bristol Rovers,1,1,3,3,2,0,0
2008,Huddersfield Town,Leyton Orient,0,1,3,3,1,-1,0
2008,Huddersfield Town,Northampton Town,3,2,3,3,5,1,1
2008,Leeds United,Crewe Alexandra,5,2,3,3,7,3,1
2008,Leeds United,Millwall,2,0,3,3,2,2,1
2008,Leeds United,Oldham Athletic,0,2,3,3,2,-2,0
2008,Leeds United,Tranmere Rovers,3,1,3,3,4,2,1
2008,Leicester City,Cheltenham,4,0,3,3,4,4,1
2008,Leicester City,Leeds United,1,0,3,3,1,1,1
2008,Leicester City,Stockport County,1,1,3,3,2,0,0
2008,Leicester City,Walsall,2,2,3,3,4,0,0
2008,Leyton Orient,Hereford United,2,1,3,3,3,1,1
2008,Leyton Orient,Leicester City,1,3,3,3,4,-2,0
2008,Leyton Orient,Northampton Town,1,3,3,3,4,-2,0
2008,Leyton Orient,Swindon Town,1,2,3,3,3,-1,0
2008,Millwall,Huddersfield Town,2,1,3,3,3,1,1
2008,Millwall,Tranmere Rovers,1,0,3,3,1,1,1
2008,Milton Keynes Dons,Leeds United,3,1,3,3,4,2,1
2008,Milton Keynes Dons,Millwall,0,1,3,3,1,-1,0
2008,Milton Keynes Dons,Stockport County,1,2,3,3,3,-1,0
2008,Milton Keynes Dons,Walsall,0,1,3,3,1,-1,0
2008,Northampton Town,Bristol Rovers,0,0,3,3,0,0,0
2008,Northampton Town,Leicester City,1,2,3,3,3,-1,0
2008,Northampton Town,Milton Keynes Dons,0,1,3,3,1,-1,0
2008,Northampton Town,Scunthorpe United,3,3,3,3,6,0,0
2008,Oldham Athletic,Carlisle United,0,0,3,3,0,0,0
2008,Oldham Athletic,Huddersfield Town,1,1,3,3,2,0,0
2008,Oldham Athletic,Leyton Orient,1,1,3,3,2,0,0
2008,Oldham Athletic,Northampton Town,2,1,3,3,3,1,1
2008,Peterborough United,Brighton & Hove Albion,0,0,3,3,0,0,0
2008,Peterborough United,Oldham Athletic,2,2,3,3,4,0,0
2008,Scunthorpe United,Bristol Rovers,0,2,3,3,2,-2,0
2008,Scunthorpe United,Colchester United,3,0,3,3,3,3,1
2008,Scunthorpe United,Leicester City,1,2,3,3,3,-1,0
2008,Scunthorpe United,Peterborough United,1,0,3,3,1,1,1
2008,Scunthorpe United,Yeovil,2,0,3,3,2,2,1
2008,Southend United,Huddersfield Town,0,1,3,3,1,-1,0
2008,Southend United,Leyton Orient,3,0,3,3,3,3,1
2008,Southend United,Northampton Town,1,0,3,3,1,1,1
2008,Southend United,Scunthorpe United,2,0,3,3,2,2,1
2008,Stockport County,Brighton & Hove Albion,2,0,3,3,2,2,1
2008,Stockport County,Cheltenham,1,0,3,3,1,1,1
2008,Stockport County,Southend United,3,1,3,3,4,2,1
2008,Swindon Town,Colchester United,1,3,3,3,4,-2,0
2008,Swindon Town,Leicester City,2,2,3,3,4,0,0
2008,Swindon Town,Milton Keynes Dons,1,1,3,3,2,0,0
2008,Swindon Town,Peterborough United,2,2,3,3,4,0,0
2008,Swindon Town,Yeovil,2,3,3,3,5,-1,0
2008,Tranmere Rovers,Carlisle United,4,1,3,3,5,3,1
2008,Tranmere Rovers,Leyton Orient,0,0,3,3,0,0,0
2008,Tranmere Rovers,Swindon Town,1,0,3,3,1,1,1
2008,Walsall,Brighton & Hove Albion,3,0,3,3,3,3,1
2008,Walsall,Hartlepool United,2,3,3,3,5,-1,0
2008,Walsall,Tranmere Rovers,0,1,3,3,1,-1,0
2008,Yeovil,Colchester United,0,2,3,3,2,-2,0
2008,Yeovil,Milton Keynes Dons,0,0,3,3,0,0,0
2008,Yeovil,Peterborough United,0,1,3,3,1,-1,0
2008,Yeovil,Stockport County,2,4,3,3,6,-2,0
2008,Accrington,Barnet,1,1,4,4,2,0,0
2008,Accrington,Bury,1,2,4,4,3,-1,0
2008,Accrington,Dagenham and Redbridge,0,0,4,4,0,0,0
2008,Accrington,Gillingham,0,2,4,4,2,-2,0
2008,Accrington,Notts County,1,1,4,4,2,0,0
2008,Accrington,Rotherham United,1,3,4,4,4,-2,0
2008,AFC Bournemouth,Accrington,1,0,4,4,1,1,1
2008,AFC Bournemouth,Bradford City,4,1,4,4,5,3,1
2008,AFC Bournemouth,Darlington,3,1,4,4,4,2,1
2008,AFC Bournemouth,Port Vale,0,0,4,4,0,0,0
2008,Aldershot,AFC Bournemouth,1,1,4,4,2,0,0
2008,Aldershot,Chesterfield,1,1,4,4,2,0,0
2008,Aldershot,Lincoln City,2,0,4,4,2,2,1
2008,Aldershot,Morecambe,0,2,4,4,2,-2,0
2008,Aldershot,Rochdale,2,4,4,4,6,-2,0
2008,Barnet,Aldershot,0,3,4,4,3,-3,0
2008,Barnet,Bury,1,2,4,4,3,-1,0
2008,Barnet,Gillingham,2,2,4,4,4,0,0
2008,Barnet,Luton Town,1,1,4,4,2,0,0
2008,Bradford City,Macclesfield,1,0,4,4,1,1,1
2008,Bradford City,Port Vale,0,1,4,4,1,-1,0
2008,Bradford City,Shrewsbury Town,0,0,4,4,0,0,0
2008,Brentford,AFC Bournemouth,2,0,4,4,2,2,1
2008,Brentford,Bradford City,2,1,4,4,3,1,1
2008,Brentford,Exeter City,1,1,4,4,2,0,0
2008,Brentford,Lincoln City,1,1,4,4,2,0,0
2008,Brentford,Rochdale,1,2,4,4,3,-1,0
2008,Brentford,Wycombe Wanderers,3,3,4,4,6,0,0
2008,Bury,Aldershot,2,1,4,4,3,1,1
2008,Bury,Dagenham and Redbridge,2,2,4,4,4,0,0
2008,Bury,Gillingham,4,0,4,4,4,4,1
2008,Bury,Rotherham United,1,2,4,4,3,-1,0
2008,Chester,Barnet,5,1,4,4,6,4,1
2008,Chester,Bury,1,1,4,4,2,0,0
2008,Chester,Darlington,1,2,4,4,3,-1,0
2008,Chester,Grimsby Town,1,1,4,4,2,0,0
2008,Chester,Port Vale,1,2,4,4,3,-1,0
2008,Chesterfield,AFC Bournemouth,1,0,4,4,1,1,1
2008,Chesterfield,Bradford City,0,2,4,4,2,-2,0
2008,Chesterfield,Lincoln City,1,1,4,4,2,0,0
2008,Chesterfield,Morecambe,1,2,4,4,3,-1,0
2008,Chesterfield,Rochdale,3,0,4,4,3,3,1
2008,Dagenham and Redbridge,Luton Town,2,1,4,4,3,1,1
2008,Dagenham and Redbridge,Notts County,6,1,4,4,7,5,1
2008,Darlington,Barnet,2,2,4,4,4,0,0
2008,Darlington,Bury,2,2,4,4,4,0,0
2008,Darlington,Grimsby Town,1,0,4,4,1,1,1
2008,Exeter City,Bradford City,1,0,4,4,1,1,1
2008,Exeter City,Lincoln City,2,1,4,4,3,1,1
2008,Exeter City,Rochdale,4,1,4,4,5,3,1
2008,Gillingham,Aldershot,4,4,4,4,8,0,0
2008,Gillingham,Brentford,1,1,4,4,2,0,0
2008,Gillingham,Luton Town,0,1,4,4,1,-1,0
2008,Grimsby Town,Accrington,0,1,4,4,1,-1,0
2008,Grimsby Town,Barnet,0,1,4,4,1,-1,0
2008,Grimsby Town,Dagenham and Redbridge,1,1,4,4,2,0,0
2008,Grimsby Town,Shrewsbury Town,1,0,4,4,1,1,1
2008,Lincoln City,Bradford City,0,0,4,4,0,0,0
2008,Lincoln City,Grimsby Town,1,1,4,4,2,0,0
2008,Lincoln City,Rochdale,1,1,4,4,2,0,0
2008,Lincoln City,Wycombe Wanderers,1,0,4,4,1,1,1
2008,Luton Town,Aldershot,3,1,4,4,4,2,1
2008,Luton Town,Chesterfield,0,0,4,4,0,0,0
2008,Luton Town,Lincoln City,3,2,4,4,5,1,1
2008,Luton Town,Notts County,1,1,4,4,2,0,0
2008,Macclesfield,Gillingham,0,1,4,4,1,-1,0
2008,Macclesfield,Port Vale,0,2,4,4,2,-2,0
2008,Macclesfield,Shrewsbury Town,3,0,4,4,3,3,1
2008,Morecambe,AFC Bournemouth,0,4,4,4,4,-4,0
2008,Morecambe,Chester,3,1,4,4,4,2,1
2008,Morecambe,Darlington,1,0,4,4,1,1,1
2008,Morecambe,Grimsby Town,1,1,4,4,2,0,0
2008,Morecambe,Macclesfield,4,1,4,4,5,3,1
2008,Morecambe,Wycombe Wanderers,0,0,4,4,0,0,0
2008,Notts County,Brentford,1,1,4,4,2,0,0
2008,Notts County,Exeter City,2,1,4,4,3,1,1
2008,Port Vale,Accrington,0,2,4,4,2,-2,0
2008,Port Vale,Bury,1,1,4,4,2,0,0
2008,Port Vale,Luton Town,1,3,4,4,4,-2,0
2008,Port Vale,Shrewsbury Town,1,1,4,4,2,0,0
2008,Rochdale,Chester,6,1,4,4,7,5,1
2008,Rochdale,Port Vale,1,0,4,4,1,1,1
2008,Rotherham United,Brentford,0,0,4,4,0,0,0
2008,Rotherham United,Chesterfield,3,0,4,4,3,3,1
2008,Rotherham United,Exeter City,0,1,4,4,1,-1,0
2008,Rotherham United,Lincoln City,1,0,4,4,1,1,1
2008,Rotherham United,Morecambe,3,2,4,4,5,1,1
2008,Shrewsbury Town,Accrington,2,0,4,4,2,2,1
2008,Shrewsbury Town,Bury,1,0,4,4,1,1,1
2008,Shrewsbury Town,Luton Town,3,0,4,4,3,3,1
2008,Wycombe Wanderers,Bradford City,1,0,4,4,1,1,1
2008,Wycombe Wanderers,Chester,2,0,4,4,2,2,1
2008,Wycombe Wanderers,Darlington,1,1,4,4,2,0,0
2008,Wycombe Wanderers,Macclesfield,4,0,4,4,4,4,1
2008,Wycombe Wanderers,Port Vale,4,2,4,4,6,2,1
2008,Wycombe Wanderers,Shrewsbury Town,1,1,4,4,2,0,0
2009,Arsenal,Blackburn Rovers,6,2,1,1,8,4,1
2009,Arsenal,Hull City,3,0,1,1,3,3,1
2009,Arsenal,Manchester United,1,3,1,1,4,-2,0
2009,Arsenal,Wigan Athletic,4,0,1,1,4,4,1
2009,Aston Villa,Birmingham City,1,0,1,1,1,1,1
2009,Aston Villa,Manchester City,1,1,1,1,2,0,0
2009,Aston Villa,West Ham United,0,0,1,1,0,0,0
2009,Birmingham City,Liverpool,1,1,1,1,2,0,0
2009,Birmingham City,Tottenham Hotspur,1,1,1,1,2,0,0
2009,Blackburn Rovers,Chelsea,1,1,1,1,2,0,0
2009,Blackburn Rovers,Hull City,1,0,1,1,1,1,1
2009,Blackburn Rovers,Manchester United,0,0,1,1,0,0,0
2009,Blackburn Rovers,Sunderland,2,2,1,1,4,0,0
2009,Bolton Wanderers,Aston Villa,0,1,1,1,1,-1,0
2009,Bolton Wanderers,Burnley,1,0,1,1,1,1,1
2009,Bolton Wanderers,Fulham,0,0,1,1,0,0,0
2009,Bolton Wanderers,Manchester City,3,3,1,1,6,0,0
2009,Burnley,Arsenal,1,1,1,1,2,0,0
2009,Burnley,Blackburn Rovers,0,1,1,1,1,-1,0
2009,Burnley,Liverpool,0,4,1,1,4,-4,0
2009,Burnley,Portsmouth,1,2,1,1,3,-1,0
2009,Burnley,Tottenham Hotspur,4,2,1,1,6,2,1
2009,Burnley,Wolverhampton Wanderers,1,2,1,1,3,-1,0
2009,Chelsea,Manchester United,1,0,1,1,1,1,1
2009,Everton,Aston Villa,1,1,1,1,2,0,0
2009,Everton,Bolton Wanderers,2,0,1,1,2,2,1
2009,Everton,Stoke City,1,1,1,1,2,0,0
2009,Everton,West Ham United,2,2,1,1,4,0,0
2009,Fulham,Arsenal,0,1,1,1,1,-1,0
2009,Fulham,Blackburn Rovers,3,0,1,1,3,3,1
2009,Fulham,Chelsea,0,2,1,1,2,-2,0
2009,Fulham,Portsmouth,1,0,1,1,1,1,1
2009,Fulham,Tottenham Hotspur,0,0,1,1,0,0,0
2009,Fulham,Wolverhampton Wanderers,0,0,1,1,0,0,0
2009,Hull City,Burnley,1,4,1,1,5,-3,0
2009,Manchester City,Arsenal,4,2,1,1,6,2,1
2009,Manchester City,Blackburn Rovers,4,1,1,1,5,3,1
2009,Manchester City,Hull City,1,1,1,1,2,0,0
2009,Manchester City,Portsmouth,2,0,1,1,2,2,1
2009,Manchester City,Tottenham Hotspur,0,1,1,1,1,-1,0
2009,Manchester United,Burnley,3,0,1,1,3,3,1
2009,Manchester United,Manchester City,4,3,1,1,7,1,1
2009,Portsmouth,Aston Villa,1,2,1,1,3,-1,0
2009,Portsmouth,Bolton Wanderers,2,3,1,1,5,-1,0
2009,Portsmouth,Everton,0,1,1,1,1,-1,0
2009,Stoke City,Chelsea,1,2,1,1,3,-1,0
2009,Stoke City,Hull City,2,0,1,1,2,2,1
2009,Stoke City,Manchester United,0,2,1,1,2,-2,0
2009,Stoke City,Tottenham Hotspur,1,2,1,1,3,-1,0
2009,Sunderland,Birmingham City,3,1,1,1,4,2,1
2009,Sunderland,Wigan Athletic,1,1,1,1,2,0,0
2009,Tottenham Hotspur,Aston Villa,0,0,1,1,0,0,0
2009,Tottenham Hotspur,Everton,2,1,1,1,3,1,1
2009,Tottenham Hotspur,Liverpool,2,1,1,1,3,1,1
2009,Tottenham Hotspur,Portsmouth,2,0,1,1,2,2,1
2009,West Ham United,Arsenal,2,2,1,1,4,0,0
2009,West Ham United,Blackburn Rovers,0,0,1,1,0,0,0
2009,West Ham United,Wolverhampton Wanderers,1,3,1,1,4,-2,0
2009,Wigan Athletic,Manchester City,1,1,1,1,2,0,0
2009,Wigan Athletic,Stoke City,1,1,1,1,2,0,0
2009,Wigan Athletic,West Ham United,1,0,1,1,1,1,1
2009,Wolverhampton Wanderers,Aston Villa,1,1,1,1,2,0,0
2009,Wolverhampton Wanderers,Bolton Wanderers,2,1,1,1,3,1,1
2009,Wolverhampton Wanderers,Everton,0,0,1,1,0,0,0
2009,Wolverhampton Wanderers,Portsmouth,0,1,1,1,1,-1,0
2009,Barnsley,Coventry City,0,2,2,2,2,-2,0
2009,Barnsley,Peterborough United,2,2,2,2,4,0,0
2009,Barnsley,Sheffield United,2,2,2,2,4,0,0
2009,Barnsley,Watford,1,0,2,2,1,1,1
2009,Blackpool,Bristol City,1,1,2,2,2,0,0
2009,Blackpool,Crystal Palace,2,2,2,2,4,0,0
2009,Blackpool,Ipswich Town,1,0,2,2,1,1,1
2009,Blackpool,Plymouth Argyle,2,0,2,2,2,2,1
2009,Blackpool,Reading,2,0,2,2,2,2,1
2009,Blackpool,Sheffield Wednesday,1,2,2,2,3,-1,0
2009,Bristol City,Cardiff City,0,6,2,2,6,-6,0
2009,Bristol City,Swansea City,1,0,2,2,1,1,1
2009,Cardiff City,Middlesbrough,1,0,2,2,1,1,1
2009,Cardiff City,Peterborough United,2,0,2,2,2,2,1
2009,Cardiff City,Queens Park Rangers,0,2,2,2,2,-2,0
2009,Cardiff City,Sheffield United,1,1,2,2,2,0,0
2009,Cardiff City,Watford,3,1,2,2,4,2,1
2009,Coventry City,Ipswich Town,2,1,2,2,3,1,1
2009,Coventry City,Plymouth Argyle,1,1,2,2,2,0,0
2009,Coventry City,Sheffield Wednesday,1,1,2,2,2,0,0
2009,Crystal Palace,Bristol City,0,1,2,2,1,-1,0
2009,Crystal Palace,Derby County,1,0,2,2,1,1,1
2009,Crystal Palace,Leicester City,0,1,2,2,1,-1,0
2009,Crystal Palace,Preston North End,3,1,2,2,4,2,1
2009,Crystal Palace,Scunthorpe United,0,4,2,2,4,-4,0
2009,Crystal Palace,Swansea City,0,1,2,2,1,-1,0
2009,Derby County,Barnsley,2,3,2,2,5,-1,0
2009,Derby County,Queens Park Rangers,2,4,2,2,6,-2,0
2009,Derby County,Watford,2,0,2,2,2,2,1
2009,Doncaster Rovers,Ipswich Town,3,3,2,2,6,0,0
2009,Doncaster Rovers,Reading,1,2,2,2,3,-1,0
2009,Ipswich Town,Crystal Palace,1,3,2,2,4,-2,0
2009,Ipswich Town,Leicester City,0,0,2,2,0,0,0
2009,Ipswich Town,Nottingham Forest,1,1,2,2,2,0,0
2009,Ipswich Town,Scunthorpe United,1,0,2,2,1,1,1
2009,Ipswich Town,Swansea City,1,1,2,2,2,0,0
2009,Leicester City,Barnsley,1,0,2,2,1,1,1
2009,Leicester City,Middlesbrough,2,0,2,2,2,2,1
2009,Middlesbrough,Blackpool,0,3,2,2,3,-3,0
2009,Middlesbrough,Coventry City,1,1,2,2,2,0,0
2009,Middlesbrough,Reading,1,1,2,2,2,0,0
2009,Middlesbrough,Sheffield Wednesday,1,0,2,2,1,1,1
2009,Middlesbrough,West Bromwich Albion,0,5,2,2,5,-5,0
2009,Newcastle United,Crystal Palace,2,0,2,2,2,2,1
2009,Newcastle United,Preston North End,3,0,2,2,3,3,1
2009,Newcastle United,Scunthorpe United,3,0,2,2,3,3,1
2009,Newcastle United,Swansea City,3,0,2,2,3,3,1
2009,Nottingham Forest,Peterborough United,1,0,2,2,1,1,1
2009,Peterborough United,Doncaster Rovers,1,2,2,2,3,-1,0
2009,Peterborough United,Middlesbrough,2,2,2,2,4,0,0
2009,Peterborough United,Plymouth Argyle,1,2,2,2,3,-1,0
2009,Plymouth Argyle,Bristol City,3,2,2,2,5,1,1
2009,Plymouth Argyle,Swansea City,1,1,2,2,2,0,0
2009,Preston North End,Cardiff City,3,0,2,2,3,3,1
2009,Preston North End,Derby County,0,0,2,2,0,0,0
2009,Preston North End,Nottingham Forest,3,2,2,2,5,1,1
2009,Preston North End,Queens Park Rangers,2,2,2,2,4,0,0
2009,Preston North End,Watford,1,1,2,2,2,0,0
2009,Queens Park Rangers,Coventry City,2,2,2,2,4,0,0
2009,Queens Park Rangers,Doncaster Rovers,2,1,2,2,3,1,1
2009,Queens Park Rangers,Sheffield Wednesday,1,1,2,2,2,0,0
2009,Queens Park Rangers,West Bromwich Albion,3,1,2,2,4,2,1
2009,Reading,Bristol City,2,0,2,2,2,2,1
2009,Reading,Crystal Palace,2,4,2,2,6,-2,0
2009,Reading,Plymouth Argyle,2,1,2,2,3,1,1
2009,Reading,Scunthorpe United,1,1,2,2,2,0,0
2009,Reading,Swansea City,1,1,2,2,2,0,0
2009,Scunthorpe United,Cardiff City,1,1,2,2,2,0,0
2009,Scunthorpe United,Nottingham Forest,2,2,2,2,4,0,0
2009,Sheffield United,Blackpool,3,0,2,2,3,3,1
2009,Sheffield United,Queens Park Rangers,1,1,2,2,2,0,0
2009,Sheffield Wednesday,Ipswich Town,0,1,2,2,1,-1,0
2009,Sheffield Wednesday,Plymouth Argyle,2,1,2,2,3,1,1
2009,Sheffield Wednesday,Swansea City,0,2,2,2,2,-2,0
2009,Swansea City,Cardiff City,3,2,2,2,5,1,1
2009,Swansea City,Derby County,1,0,2,2,1,1,1
2009,Swansea City,Scunthorpe United,3,0,2,2,3,3,1
2009,Watford,Blackpool,2,2,2,2,4,0,0
2009,Watford,Coventry City,2,3,2,2,5,-1,0
2009,Watford,Doncaster Rovers,1,1,2,2,2,0,0
2009,Watford,Queens Park Rangers,3,1,2,2,4,2,1
2009,West Bromwich Albion,Newcastle United,1,1,2,2,2,0,0
2009,West Bromwich Albion,Reading,3,1,2,2,4,2,1
2009,West Bromwich Albion,Sheffield Wednesday,1,0,2,2,1,1,1
2009,Brentford,Brighton & Hove Albion,0,0,3,3,0,0,0
2009,Brentford,Charlton Athletic,1,1,3,3,2,0,0
2009,Brentford,Gillingham,4,0,3,3,4,4,1
2009,Brentford,Leeds United,0,0,3,3,0,0,0
2009,Brentford,Milton Keynes Dons,3,3,3,3,6,0,0
2009,Brentford,Southampton,1,1,3,3,2,0,0
2009,Brighton & Hove Albion,Colchester United,1,2,3,3,3,-1,0
2009,Brighton & Hove Albion,Hartlepool United,3,3,3,3,6,0,0
2009,Brighton & Hove Albion,Leyton Orient,0,0,3,3,0,0,0
2009,Brighton & Hove Albion,Southend United,2,3,3,3,5,-1,0
2009,Bristol Rovers,Carlisle United,3,2,3,3,5,1,1
2009,Bristol Rovers,Huddersfield Town,1,0,3,3,1,1,1
2009,Bristol Rovers,Millwall,2,0,3,3,2,2,1
2009,Bristol Rovers,Oldham Athletic,1,0,3,3,1,1,1
2009,Carlisle United,Brentford,1,3,3,3,4,-2,0
2009,Carlisle United,Gillingham,2,0,3,3,2,2,1
2009,Carlisle United,Wycombe Wanderers,1,0,3,3,1,1,1
2009,Charlton Athletic,Leyton Orient,0,1,3,3,1,-1,0
2009,Charlton Athletic,Southend United,1,0,3,3,1,1,1
2009,Charlton Athletic,Tranmere Rovers,1,1,3,3,2,0,0
2009,Charlton Athletic,Yeovil,2,0,3,3,2,2,1
2009,Colchester United,Bristol Rovers,1,0,3,3,1,1,1
2009,Colchester United,Millwall,1,2,3,3,3,-1,0
2009,Colchester United,Walsall,2,1,3,3,3,1,1
2009,Exeter City,Brentford,3,0,3,3,3,3,1
2009,Exeter City,Carlisle United,2,3,3,3,5,-1,0
2009,Exeter City,Leeds United,2,0,3,3,2,2,1
2009,Exeter City,Swindon Town,1,1,3,3,2,0,0
2009,Gillingham,Southend United,3,0,3,3,3,3,1
2009,Gillingham,Tranmere Rovers,0,1,3,3,1,-1,0
2009,Hartlepool United,Colchester United,3,1,3,3,4,2,1
2009,Hartlepool United,Stockport County,3,0,3,3,3,3,1
2009,Huddersfield Town,Brentford,0,0,3,3,0,0,0
2009,Huddersfield Town,Exeter City,4,0,3,3,4,4,1
2009,Huddersfield Town,Swindon Town,2,2,3,3,4,0,0
2009,Huddersfield Town,Wycombe Wanderers,6,0,3,3,6,6,1
2009,Leeds United,Brighton & Hove Albion,1,1,3,3,2,0,0
2009,Leeds United,Charlton Athletic,0,0,3,3,0,0,0
2009,Leeds United,Norwich City,2,1,3,3,3,1,1
2009,Leeds United,Southend United,2,0,3,3,2,2,1
2009,Leeds United,Yeovil,4,0,3,3,4,4,1
2009,Leyton Orient,Bristol Rovers,5,0,3,3,5,5,1
2009,Leyton Orient,Hartlepool United,1,3,3,3,4,-2,0
2009,Leyton Orient,Millwall,1,0,3,3,1,1,1
2009,Leyton Orient,Oldham Athletic,1,2,3,3,3,-1,0
2009,Leyton Orient,Stockport County,2,0,3,3,2,2,1
2009,Millwall,Huddersfield Town,3,1,3,3,4,2,1
2009,Millwall,Milton Keynes Dons,3,2,3,3,5,1,1
2009,Millwall,Southampton,1,1,3,3,2,0,0
2009,Millwall,Swindon Town,3,2,3,3,5,1,1
2009,Millwall,Wycombe Wanderers,0,2,3,3,2,-2,0
2009,Milton Keynes Dons,Brighton & Hove Albion,0,0,3,3,0,0,0
2009,Milton Keynes Dons,Charlton Athletic,0,1,3,3,1,-1,0
2009,Milton Keynes Dons,Norwich City,2,1,3,3,3,1,1
2009,Milton Keynes Dons,Tranmere Rovers,1,0,3,3,1,1,1
2009,Milton Keynes Dons,Yeovil,2,2,3,3,4,0,0
2009,Norwich City,Bristol Rovers,5,1,3,3,6,4,1
2009,Norwich City,Hartlepool United,2,1,3,3,3,1,1
2009,Norwich City,Leyton Orient,4,0,3,3,4,4,1
2009,Norwich City,Stockport County,2,1,3,3,3,1,1
2009,Norwich City,Walsall,0,0,3,3,0,0,0
2009,Oldham Athletic,Brentford,2,3,3,3,5,-1,0
2009,Oldham Athletic,Huddersfield Town,0,1,3,3,1,-1,0
2009,Oldham Athletic,Wycombe Wanderers,2,2,3,3,4,0,0
2009,Southampton,Brighton & Hove Albion,1,3,3,3,4,-2,0
2009,Southampton,Leeds United,1,0,3,3,1,1,1
2009,Southampton,Southend United,3,1,3,3,4,2,1
2009,Southampton,Yeovil,2,0,3,3,2,2,1
2009,Southend United,Hartlepool United,3,2,3,3,5,1,1
2009,Southend United,Norwich City,0,3,3,3,3,-3,0
2009,Stockport County,Carlisle United,1,2,3,3,3,-1,0
2009,Stockport County,Exeter City,1,3,3,3,4,-2,0
2009,Stockport County,Huddersfield Town,0,6,3,3,6,-6,0
2009,Stockport County,Swindon Town,0,1,3,3,1,-1,0
2009,Swindon Town,Leeds United,3,0,3,3,3,3,1
2009,Swindon Town,Milton Keynes Dons,0,0,3,3,0,0,0
2009,Swindon Town,Yeovil,3,1,3,3,4,2,1
2009,Tranmere Rovers,Leyton Orient,2,1,3,3,3,1,1
2009,Tranmere Rovers,Norwich City,3,1,3,3,4,2,1
2009,Tranmere Rovers,Walsall,2,3,3,3,5,-1,0
2009,Walsall,Brentford,2,1,3,3,3,1,1
2009,Walsall,Exeter City,3,0,3,3,3,3,1
2009,Walsall,Stockport County,2,0,3,3,2,2,1
2009,Walsall,Wycombe Wanderers,2,1,3,3,3,1,1
2009,Wycombe Wanderers,Charlton Athletic,1,2,3,3,3,-1,0
2009,Wycombe Wanderers,Milton Keynes Dons,0,1,3,3,1,-1,0
2009,Wycombe Wanderers,Southampton,0,0,3,3,0,0,0
2009,Wycombe Wanderers,Yeovil,1,4,3,3,5,-3,0
2009,Yeovil,Bristol Rovers,0,3,3,3,3,-3,0
2009,Yeovil,Hartlepool United,4,0,3,3,4,4,1
2009,Yeovil,Leyton Orient,3,3,3,3,6,0,0
2009,Yeovil,Norwich City,3,3,3,3,6,0,0
2009,Yeovil,Tranmere Rovers,2,0,3,3,2,2,1
2009,Accrington,AFC Bournemouth,0,1,4,4,1,-1,0
2009,Accrington,Cheltenham,4,0,4,4,4,4,1
2009,Accrington,Morecambe,3,2,4,4,5,1,1
2009,Accrington,Port Vale,1,2,4,4,3,-1,0
2009,AFC Bournemouth,Burton Albion,1,0,4,4,1,1,1
2009,Aldershot,Barnet,4,0,4,4,4,4,1
2009,Aldershot,Macclesfield,0,0,4,4,0,0,0
2009,Aldershot,Rotherham United,3,0,4,4,3,3,1
2009,Barnet,Accrington,1,2,4,4,3,-1,0
2009,Barnet,Bradford City,2,2,4,4,4,0,0
2009,Barnet,Hereford United,0,0,4,4,0,0,0
2009,Barnet,Morecambe,2,0,4,4,2,2,1
2009,Barnet,Port Vale,0,0,4,4,0,0,0
2009,Barnet,Shrewsbury Town,2,2,4,4,4,0,0
2009,Bradford City,Burton Albion,1,1,4,4,2,0,0
2009,Bradford City,Darlington,1,0,4,4,1,1,1
2009,Bradford City,Northampton Town,2,0,4,4,2,2,1
2009,Bradford City,Rochdale,0,3,4,4,3,-3,0
2009,Bradford City,Torquay United,2,0,4,4,2,2,1
2009,Burton Albion,Aldershot,6,1,4,4,7,5,1
2009,Burton Albion,Crewe Alexandra,1,2,4,4,3,-1,0
2009,Burton Albion,Macclesfield,1,1,4,4,2,0,0
2009,Burton Albion,Notts County,1,4,4,4,5,-3,0
2009,Burton Albion,Rotherham United,0,1,4,4,1,-1,0
2009,Bury,Barnet,2,0,4,4,2,2,1
2009,Bury,Cheltenham,0,1,4,4,1,-1,0
2009,Bury,Dagenham and Redbridge,0,0,4,4,0,0,0
2009,Cheltenham,AFC Bournemouth,0,1,4,4,1,-1,0
2009,Cheltenham,Bradford City,4,5,4,4,9,-1,0
2009,Cheltenham,Darlington,3,3,4,4,6,0,0
2009,Cheltenham,Lincoln City,1,0,4,4,1,1,1
2009,Cheltenham,Rochdale,1,4,4,4,5,-3,0
2009,Cheltenham,Torquay United,1,1,4,4,2,0,0
2009,Chesterfield,Burton Albion,5,2,4,4,7,3,1
2009,Chesterfield,Crewe Alexandra,2,3,4,4,5,-1,0
2009,Chesterfield,Notts County,2,1,4,4,3,1,1
2009,Crewe Alexandra,Accrington,5,1,4,4,6,4,1
2009,Crewe Alexandra,Barnet,2,2,4,4,4,0,0
2009,Crewe Alexandra,Bury,2,3,4,4,5,-1,0
2009,Crewe Alexandra,Dagenham and Redbridge,1,2,4,4,3,-1,0
2009,Crewe Alexandra,Hereford United,1,0,4,4,1,1,1
2009,Crewe Alexandra,Morecambe,1,2,4,4,3,-1,0
2009,Dagenham and Redbridge,AFC Bournemouth,1,0,4,4,1,1,1
2009,Dagenham and Redbridge,Bradford City,2,1,4,4,3,1,1
2009,Dagenham and Redbridge,Darlington,2,0,4,4,2,2,1
2009,Dagenham and Redbridge,Lincoln City,3,0,4,4,3,3,1
2009,Dagenham and Redbridge,Rochdale,1,2,4,4,3,-1,0
2009,Darlington,Macclesfield,0,1,4,4,1,-1,0
2009,Darlington,Notts County,0,5,4,4,5,-5,0
2009,Grimsby Town,Accrington,2,2,4,4,4,0,0
2009,Grimsby Town,Port Vale,1,2,4,4,3,-1,0
2009,Hereford United,Cheltenham,1,1,4,4,2,0,0
2009,Hereford United,Dagenham and Redbridge,1,1,4,4,2,0,0
2009,Hereford United,Lincoln City,2,0,4,4,2,2,1
2009,Hereford United,Northampton Town,0,2,4,4,2,-2,0
2009,Hereford United,Rochdale,2,1,4,4,3,1,1
2009,Lincoln City,Aldershot,1,0,4,4,1,1,1
2009,Lincoln City,Burton Albion,0,2,4,4,2,-2,0
2009,Lincoln City,Chesterfield,2,1,4,4,3,1,1
2009,Lincoln City,Darlington,3,0,4,4,3,3,1
2009,Lincoln City,Macclesfield,0,0,4,4,0,0,0
2009,Lincoln City,Notts County,0,3,4,4,3,-3,0
2009,Macclesfield,Barnet,1,1,4,4,2,0,0
2009,Macclesfield,Bury,2,0,4,4,2,2,1
2009,Macclesfield,Crewe Alexandra,4,1,4,4,5,3,1
2009,Macclesfield,Grimsby Town,0,0,4,4,0,0,0
2009,Macclesfield,Morecambe,2,2,4,4,4,0,0
2009,Macclesfield,Shrewsbury Town,0,1,4,4,1,-1,0
2009,Morecambe,AFC Bournemouth,5,0,4,4,5,5,1
2009,Morecambe,Cheltenham,1,0,4,4,1,1,1
2009,Morecambe,Dagenham and Redbridge,1,0,4,4,1,1,1
2009,Morecambe,Hereford United,2,2,4,4,4,0,0
2009,Morecambe,Rochdale,3,3,4,4,6,0,0
2009,Morecambe,Torquay United,2,0,4,4,2,2,1
2009,Northampton Town,Chesterfield,0,0,4,4,0,0,0
2009,Northampton Town,Darlington,2,0,4,4,2,2,1
2009,Northampton Town,Notts County,0,1,4,4,1,-1,0
2009,Northampton Town,Rotherham United,3,1,4,4,4,2,1
2009,Notts County,Bury,5,0,4,4,5,5,1
2009,Notts County,Grimsby Town,1,1,4,4,2,0,0
2009,Notts County,Port Vale,3,1,4,4,4,2,1
2009,Port Vale,AFC Bournemouth,0,0,4,4,0,0,0
2009,Port Vale,Bradford City,2,1,4,4,3,1,1
2009,Port Vale,Cheltenham,1,1,4,4,2,0,0
2009,Port Vale,Hereford United,2,0,4,4,2,2,1
2009,Port Vale,Morecambe,0,2,4,4,2,-2,0
2009,Port Vale,Rochdale,1,1,4,4,2,0,0
2009,Port Vale,Torquay United,2,2,4,4,4,0,0
2009,Rochdale,Aldershot,1,0,4,4,1,1,1
2009,Rochdale,Burton Albion,1,2,4,4,3,-1,0
2009,Rochdale,Northampton Town,1,0,4,4,1,1,1
2009,Rotherham United,Accrington,1,0,4,4,1,1,1
2009,Rotherham United,Barnet,3,0,4,4,3,3,1
2009,Rotherham United,Bury,1,0,4,4,1,1,1
2009,Rotherham United,Crewe Alexandra,0,0,4,4,0,0,0
2009,Rotherham United,Shrewsbury Town,1,1,4,4,2,0,0
2009,Shrewsbury Town,Bradford City,1,2,4,4,3,-1,0
2009,Shrewsbury Town,Cheltenham,0,0,4,4,0,0,0
2009,Shrewsbury Town,Dagenham and Redbridge,2,1,4,4,3,1,1
2009,Shrewsbury Town,Torquay United,1,1,4,4,2,0,0
2009,Torquay United,Burton Albion,2,3,4,4,5,-1,0
2009,Torquay United,Darlington,5,0,4,4,5,5,1
2009,Torquay United,Lincoln City,2,3,4,4,5,-1,0
2009,Torquay United,Northampton Town,1,0,4,4,1,1,1
2009,Torquay United,Rochdale,5,0,4,4,5,5,1
2010,Arsenal,Blackpool,6,0,1,1,6,6,1
2010,Arsenal,Manchester City,0,0,1,1,0,0,0
2010,Arsenal,West Bromwich Albion,2,3,1,1,5,-1,0
2010,Arsenal,Wolverhampton Wanderers,2,0,1,1,2,2,1
2010,Aston Villa,Blackburn Rovers,4,1,1,1,5,3,1
2010,Aston Villa,Newcastle United,1,0,1,1,1,1,1
2010,Birmingham City,Manchester United,1,1,1,1,2,0,0
2010,Blackburn Rovers,Blackpool,2,2,1,1,4,0,0
2010,Blackburn Rovers,Everton,1,0,1,1,1,1,1
2010,Blackburn Rovers,West Bromwich Albion,2,0,1,1,2,2,1
2010,Blackburn Rovers,Wolverhampton Wanderers,3,0,1,1,3,3,1
2010,Blackpool,Newcastle United,1,1,1,1,2,0,0
2010,Blackpool,Tottenham Hotspur,3,1,1,1,4,2,1
2010,Bolton Wanderers,Aston Villa,3,2,1,1,5,1,1
2010,Bolton Wanderers,Blackpool,2,2,1,1,4,0,0
2010,Bolton Wanderers,Manchester United,2,2,1,1,4,0,0
2010,Chelsea,Everton,1,1,1,1,2,0,0
2010,Chelsea,Manchester City,2,0,1,1,2,2,1
2010,Chelsea,Stoke City,2,0,1,1,2,2,1
2010,Chelsea,West Bromwich Albion,6,0,1,1,6,6,1
2010,Everton,Newcastle United,0,1,1,1,1,-1,0
2010,Everton,Tottenham Hotspur,2,1,1,1,3,1,1
2010,Everton,Wigan Athletic,0,0,1,1,0,0,0
2010,Fulham,Blackpool,3,0,1,1,3,3,1
2010,Fulham,Manchester United,2,2,1,1,4,0,0
2010,Fulham,Sunderland,0,0,1,1,0,0,0
2010,Fulham,West Ham United,1,3,1,1,4,-2,0
2010,Liverpool,Arsenal,1,1,1,1,2,0,0
2010,Liverpool,Blackburn Rovers,2,1,1,1,3,1,1
2010,Liverpool,Chelsea,2,0,1,1,2,2,1
2010,Liverpool,Stoke City,2,0,1,1,2,2,1
2010,Liverpool,West Bromwich Albion,1,0,1,1,1,1,1
2010,Liverpool,Wolverhampton Wanderers,0,1,1,1,1,-1,0
2010,Manchester City,Bolton Wanderers,1,0,1,1,1,1,1
2010,Manchester City,Tottenham Hotspur,1,0,1,1,1,1,1
2010,Manchester City,Wigan Athletic,1,0,1,1,1,1,1
2010,Manchester United,Aston Villa,3,1,1,1,4,2,1
2010,Manchester United,Everton,1,0,1,1,1,1,1
2010,Manchester United,Manchester City,2,1,1,1,3,1,1
2010,Manchester United,West Ham United,3,0,1,1,3,3,1
2010,Newcastle United,Liverpool,3,1,1,1,4,2,1
2010,Newcastle United,Stoke City,1,2,1,1,3,-1,0
2010,Newcastle United,West Bromwich Albion,3,3,1,1,6,0,0
2010,Newcastle United,Wolverhampton Wanderers,4,1,1,1,5,3,1
2010,Stoke City,Bolton Wanderers,2,0,1,1,2,2,1
2010,Stoke City,Fulham,0,2,1,1,2,-2,0
2010,Stoke City,Manchester United,1,2,1,1,3,-1,0
2010,Tottenham Hotspur,Blackburn Rovers,4,2,1,1,6,2,1
2010,Tottenham Hotspur,West Bromwich Albion,2,2,1,1,4,0,0
2010,Tottenham Hotspur,Wolverhampton Wanderers,3,1,1,1,4,2,1
2010,West Bromwich Albion,Birmingham City,3,1,1,1,4,2,1
2010,West Bromwich Albion,Bolton Wanderers,1,1,1,1,2,0,0
2010,West Bromwich Albion,Fulham,2,1,1,1,3,1,1
2010,West Bromwich Albion,Manchester United,1,2,1,1,3,-1,0
2010,West Ham United,Everton,1,1,1,1,2,0,0
2010,West Ham United,Manchester City,1,3,1,1,4,-2,0
2010,West Ham United,West Bromwich Albion,2,2,1,1,4,0,0
2010,Wolverhampton Wanderers,Birmingham City,1,0,1,1,1,1,1
2010,Wolverhampton Wanderers,Fulham,1,1,1,1,2,0,0
2010,Wolverhampton Wanderers,Sunderland,3,2,1,1,5,1,1
2010,Wolverhampton Wanderers,West Ham United,1,1,1,1,2,0,0
2010,Barnsley,Burnley,1,2,2,2,3,-1,0
2010,Barnsley,Crystal Palace,1,0,2,2,1,1,1
2010,Barnsley,Norwich City,0,2,2,2,2,-2,0
2010,Barnsley,Watford,0,0,2,2,0,0,0
2010,Bristol City,Cardiff City,3,0,2,2,3,3,1
2010,Bristol City,Derby County,2,0,2,2,2,2,1
2010,Bristol City,Middlesbrough,0,4,2,2,4,-4,0
2010,Bristol City,Queens Park Rangers,1,1,2,2,2,0,0
2010,Burnley,Barnsley,3,0,2,2,3,3,1
2010,Burnley,Leeds United,2,3,2,2,5,-1,0
2010,Burnley,Millwall,0,3,2,2,3,-3,0
2010,Burnley,Portsmouth,1,1,2,2,2,0,0
2010,Burnley,Reading,0,4,2,2,4,-4,0
2010,Burnley,Swansea City,2,1,2,2,3,1,1
2010,Cardiff City,Crystal Palace,0,0,2,2,0,0,0
2010,Cardiff City,Hull City,2,0,2,2,2,2,1
2010,Cardiff City,Norwich City,3,1,2,2,4,2,1
2010,Cardiff City,Preston North End,1,1,2,2,2,0,0
2010,Cardiff City,Scunthorpe United,1,0,2,2,1,1,1
2010,Crystal Palace,Cardiff City,1,0,2,2,1,1,1
2010,Crystal Palace,Leeds United,1,0,2,2,1,1,1
2010,Crystal Palace,Millwall,0,1,2,2,1,-1,0
2010,Derby County,Coventry City,2,2,2,2,4,0,0
2010,Derby County,Leicester City,0,2,2,2,2,-2,0
2010,Derby County,Norwich City,1,2,2,2,3,-1,0
2010,Derby County,Watford,4,1,2,2,5,3,1
2010,Doncaster Rovers,Crystal Palace,0,0,2,2,0,0,0
2010,Doncaster Rovers,Middlesbrough,2,1,2,2,3,1,1
2010,Doncaster Rovers,Nottingham Forest,1,1,2,2,2,0,0
2010,Doncaster Rovers,Queens Park Rangers,0,1,2,2,1,-1,0
2010,Doncaster Rovers,Sheffield United,2,0,2,2,2,2,1
2010,Hull City,Cardiff City,0,2,2,2,2,-2,0
2010,Hull City,Derby County,2,0,2,2,2,2,1
2010,Hull City,Leeds United,2,2,2,2,4,0,0
2010,Hull City,Millwall,0,1,2,2,1,-1,0
2010,Ipswich Town,Bristol City,2,0,2,2,2,2,1
2010,Ipswich Town,Doncaster Rovers,3,2,2,2,5,1,1
2010,Ipswich Town,Leicester City,3,0,2,2,3,3,1
2010,Ipswich Town,Preston North End,2,1,2,2,3,1,1
2010,Ipswich Town,Scunthorpe United,2,0,2,2,2,2,1
2010,Leeds United,Burnley,1,0,2,2,1,1,1
2010,Leeds United,Crystal Palace,2,1,2,2,3,1,1
2010,Leeds United,Hull City,2,2,2,2,4,0,0
2010,Leeds United,Nottingham Forest,4,1,2,2,5,3,1
2010,Leeds United,Queens Park Rangers,2,0,2,2,2,2,1
2010,Leicester City,Derby County,2,0,2,2,2,2,1
2010,Leicester City,Ipswich Town,4,2,2,2,6,2,1
2010,Leicester City,Millwall,4,2,2,2,6,2,1
2010,Leicester City,Reading,1,2,2,2,3,-1,0
2010,Leicester City,Swansea City,2,1,2,2,3,1,1
2010,Middlesbrough,Doncaster Rovers,3,0,2,2,3,3,1
2010,Middlesbrough,Preston North End,1,1,2,2,2,0,0
2010,Middlesbrough,Watford,2,1,2,2,3,1,1
2010,Millwall,Crystal Palace,3,0,2,2,3,3,1
2010,Millwall,Hull City,4,0,2,2,4,4,1
2010,Millwall,Leicester City,2,0,2,2,2,2,1
2010,Millwall,Sheffield United,0,1,2,2,1,-1,0
2010,Norwich City,Barnsley,2,1,2,2,3,1,1
2010,Norwich City,Middlesbrough,1,0,2,2,1,1,1
2010,Norwich City,Reading,2,1,2,2,3,1,1
2010,Norwich City,Swansea City,2,0,2,2,2,2,1
2010,Nottingham Forest,Leeds United,1,1,2,2,2,0,0
2010,Nottingham Forest,Millwall,1,1,2,2,2,0,0
2010,Nottingham Forest,Preston North End,2,2,2,2,4,0,0
2010,Nottingham Forest,Scunthorpe United,5,1,2,2,6,4,1
2010,Nottingham Forest,Watford,1,0,2,2,1,1,1
2010,Preston North End,Barnsley,1,2,2,2,3,-1,0
2010,Preston North End,Cardiff City,0,1,2,2,1,-1,0
2010,Preston North End,Derby County,1,2,2,2,3,-1,0
2010,Preston North End,Ipswich Town,1,0,2,2,1,1,1
2010,Preston North End,Middlesbrough,1,3,2,2,4,-2,0
2010,Preston North End,Nottingham Forest,1,2,2,2,3,-1,0
2010,Preston North End,Reading,1,1,2,2,2,0,0
2010,Preston North End,Swansea City,2,1,2,2,3,1,1
2010,Queens Park Rangers,Doncaster Rovers,3,0,2,2,3,3,1
2010,Queens Park Rangers,Leeds United,1,2,2,2,3,-1,0
2010,Queens Park Rangers,Millwall,0,0,2,2,0,0,0
2010,Queens Park Rangers,Portsmouth,2,0,2,2,2,2,1
2010,Queens Park Rangers,Watford,1,3,2,2,4,-2,0
2010,Reading,Leicester City,3,1,2,2,4,2,1
2010,Reading,Preston North End,2,1,2,2,3,1,1
2010,Scunthorpe United,Barnsley,0,0,2,2,0,0,0
2010,Scunthorpe United,Cardiff City,2,4,2,2,6,-2,0
2010,Scunthorpe United,Ipswich Town,1,1,2,2,2,0,0
2010,Scunthorpe United,Middlesbrough,0,2,2,2,2,-2,0
2010,Scunthorpe United,Nottingham Forest,1,0,2,2,1,1,1
2010,Scunthorpe United,Queens Park Rangers,4,1,2,2,5,3,1
2010,Scunthorpe United,Swansea City,1,0,2,2,1,1,1
2010,Sheffield United,Coventry City,0,1,2,2,1,-1,0
2010,Sheffield United,Doncaster Rovers,2,2,2,2,4,0,0
2010,Sheffield United,Millwall,1,1,2,2,2,0,0
2010,Sheffield United,Watford,0,1,2,2,1,-1,0
2010,Swansea City,Crystal Palace,3,0,2,2,3,3,1
2010,Swansea City,Norwich City,3,0,2,2,3,3,1
2010,Swansea City,Preston North End,4,0,2,2,4,4,1
2010,Watford,Derby County,3,0,2,2,3,3,1
2010,Watford,Nottingham Forest,1,1,2,2,2,0,0
2010,Watford,Queens Park Rangers,0,2,2,2,2,-2,0
2010,AFC Bournemouth,Brighton & Hove Albion,1,0,3,3,1,1,1
2010,AFC Bournemouth,Swindon Town,3,2,3,3,5,1,1
2010,Brentford,Bristol Rovers,1,0,3,3,1,1,1
2010,Brentford,Hartlepool United,0,0,3,3,0,0,0
2010,Brentford,Peterborough United,2,1,3,3,3,1,1
2010,Brighton & Hove Albion,Carlisle United,4,3,3,3,7,1,1
2010,Brighton & Hove Albion,Huddersfield Town,2,3,3,3,5,-1,0
2010,Brighton & Hove Albion,Notts County,1,0,3,3,1,1,1
2010,Brighton & Hove Albion,Southampton,1,2,3,3,3,-1,0
2010,Brighton & Hove Albion,Walsall,2,1,3,3,3,1,1
2010,Bristol Rovers,Brentford,0,0,3,3,0,0,0
2010,Bristol Rovers,Charlton Athletic,2,2,3,3,4,0,0
2010,Bristol Rovers,Oldham Athletic,1,0,3,3,1,1,1
2010,Bristol Rovers,Rochdale,2,1,3,3,3,1,1
2010,Carlisle United,Brighton & Hove Albion,0,0,3,3,0,0,0
2010,Carlisle United,Hartlepool United,1,0,3,3,1,1,1
2010,Carlisle United,Tranmere Rovers,2,0,3,3,2,2,1
2010,Charlton Athletic,AFC Bournemouth,1,0,3,3,1,1,1
2010,Charlton Athletic,Huddersfield Town,0,1,3,3,1,-1,0
2010,Charlton Athletic,Plymouth Argyle,2,0,3,3,2,2,1
2010,Charlton Athletic,Walsall,0,1,3,3,1,-1,0
2010,Colchester United,Leyton Orient,3,2,3,3,5,1,1
2010,Colchester United,Oldham Athletic,1,0,3,3,1,1,1
2010,Colchester United,Yeovil,0,0,3,3,0,0,0
2010,Dagenham and Redbridge,Brighton & Hove Albion,0,1,3,3,1,-1,0
2010,Dagenham and Redbridge,Charlton Athletic,2,1,3,3,3,1,1
2010,Dagenham and Redbridge,Milton Keynes Dons,0,1,3,3,1,-1,0
2010,Dagenham and Redbridge,Sheffield Wednesday,1,1,3,3,2,0,0
2010,Exeter City,Huddersfield Town,1,4,3,3,5,-3,0
2010,Exeter City,Notts County,3,1,3,3,4,2,1
2010,Exeter City,Plymouth Argyle,1,0,3,3,1,1,1
2010,Exeter City,Southampton,1,2,3,3,3,-1,0
2010,Exeter City,Walsall,2,1,3,3,3,1,1
2010,Hartlepool United,Oldham Athletic,4,2,3,3,6,2,1
2010,Hartlepool United,Swindon Town,2,2,3,3,4,0,0
2010,Hartlepool United,Yeovil,3,1,3,3,4,2,1
2010,Huddersfield Town,Brighton & Hove Albion,2,1,3,3,3,1,1
2010,Huddersfield Town,Exeter City,0,1,3,3,1,-1,0
2010,Leyton Orient,AFC Bournemouth,2,2,3,3,4,0,0
2010,Leyton Orient,Notts County,2,0,3,3,2,2,1
2010,Leyton Orient,Plymouth Argyle,2,0,3,3,2,2,1
2010,Leyton Orient,Walsall,0,0,3,3,0,0,0
2010,Milton Keynes Dons,Carlisle United,3,2,3,3,5,1,1
2010,Milton Keynes Dons,Dagenham and Redbridge,2,0,3,3,2,2,1
2010,Milton Keynes Dons,Huddersfield Town,1,3,3,3,4,-2,0
2010,Milton Keynes Dons,Oldham Athletic,0,0,3,3,0,0,0
2010,Milton Keynes Dons,Yeovil,3,2,3,3,5,1,1
2010,Notts County,Charlton Athletic,1,0,3,3,1,1,1
2010,Notts County,Exeter City,0,2,3,3,2,-2,0
2010,Notts County,Leyton Orient,3,2,3,3,5,1,1
2010,Notts County,Peterborough United,0,1,3,3,1,-1,0
2010,Notts County,Tranmere Rovers,0,1,3,3,1,-1,0
2010,Oldham Athletic,AFC Bournemouth,2,1,3,3,3,1,1
2010,Oldham Athletic,Hartlepool United,4,0,3,3,4,4,1
2010,Oldham Athletic,Milton Keynes Dons,1,2,3,3,3,-1,0
2010,Oldham Athletic,Plymouth Argyle,4,2,3,3,6,2,1
2010,Oldham Athletic,Southampton,0,6,3,3,6,-6,0
2010,Oldham Athletic,Walsall,1,1,3,3,2,0,0
2010,Peterborough United,Brentford,2,1,3,3,3,1,1
2010,Peterborough United,Carlisle United,6,0,3,3,6,6,1
2010,Peterborough United,Dagenham and Redbridge,5,0,3,3,5,5,1
2010,Peterborough United,Notts County,2,3,3,3,5,-1,0
2010,Peterborough United,Rochdale,2,1,3,3,3,1,1
2010,Peterborough United,Yeovil,2,2,3,3,4,0,0
2010,Plymouth Argyle,Brighton & Hove Albion,0,2,3,3,2,-2,0
2010,Plymouth Argyle,Exeter City,2,0,3,3,2,2,1
2010,Plymouth Argyle,Oldham Athletic,0,2,3,3,2,-2,0
2010,Plymouth Argyle,Sheffield Wednesday,3,2,3,3,5,1,1
2010,Rochdale,AFC Bournemouth,0,0,3,3,0,0,0
2010,Rochdale,Colchester United,1,2,3,3,3,-1,0
2010,Rochdale,Hartlepool United,0,0,3,3,0,0,0
2010,Rochdale,Milton Keynes Dons,1,4,3,3,5,-3,0
2010,Rochdale,Southampton,2,0,3,3,2,2,1
2010,Rochdale,Walsall,3,2,3,3,5,1,1
2010,Sheffield Wednesday,Brentford,1,3,3,3,4,-2,0
2010,Sheffield Wednesday,Huddersfield Town,0,2,3,3,2,-2,0
2010,Sheffield Wednesday,Notts County,0,1,3,3,1,-1,0
2010,Sheffield Wednesday,Yeovil,2,2,3,3,4,0,0
2010,Southampton,Brighton & Hove Albion,0,0,3,3,0,0,0
2010,Southampton,Charlton Athletic,2,0,3,3,2,2,1
2010,Southampton,Exeter City,4,0,3,3,4,4,1
2010,Southampton,Leyton Orient,1,1,3,3,2,0,0
2010,Southampton,Oldham Athletic,2,1,3,3,3,1,1
2010,Southampton,Rochdale,0,2,3,3,2,-2,0
2010,Swindon Town,Colchester United,2,1,3,3,3,1,1
2010,Swindon Town,Sheffield Wednesday,2,1,3,3,3,1,1
2010,Swindon Town,Walsall,0,0,3,3,0,0,0
2010,Tranmere Rovers,Brentford,0,3,3,3,3,-3,0
2010,Tranmere Rovers,Dagenham and Redbridge,2,0,3,3,2,2,1
2010,Tranmere Rovers,Notts County,0,1,3,3,1,-1,0
2010,Tranmere Rovers,Plymouth Argyle,1,0,3,3,1,1,1
2010,Walsall,Exeter City,2,1,3,3,3,1,1
2010,Walsall,Leyton Orient,0,2,3,3,2,-2,0
2010,Walsall,Rochdale,0,0,3,3,0,0,0
2010,Yeovil,Bristol Rovers,0,1,3,3,1,-1,0
2010,Yeovil,Milton Keynes Dons,1,0,3,3,1,1,1
2010,Yeovil,Peterborough United,0,2,3,3,2,-2,0
2010,Yeovil,Tranmere Rovers,3,1,3,3,4,2,1
2010,Accrington,Crewe Alexandra,3,2,4,4,5,1,1
2010,Accrington,Lincoln City,3,0,4,4,3,3,1
2010,Aldershot,Bradford City,1,0,4,4,1,1,1
2010,Aldershot,Gillingham,1,1,4,4,2,0,0
2010,Aldershot,Oxford United,1,2,4,4,3,-1,0
2010,Barnet,Accrington,2,0,4,4,2,2,1
2010,Barnet,Burton Albion,0,0,4,4,0,0,0
2010,Barnet,Chesterfield,2,2,4,4,4,0,0
2010,Barnet,Port Vale,1,0,4,4,1,1,1
2010,Barnet,Southend United,0,2,4,4,2,-2,0
2010,Bradford City,Aldershot,2,1,4,4,3,1,1
2010,Bradford City,Crewe Alexandra,1,5,4,4,6,-4,0
2010,Bradford City,Northampton Town,1,1,4,4,2,0,0
2010,Bradford City,Rotherham United,2,1,4,4,3,1,1
2010,Bradford City,Stevenage Borough,1,0,4,4,1,1,1
2010,Bradford City,Wycombe Wanderers,1,0,4,4,1,1,1
2010,Burton Albion,Cheltenham,2,0,4,4,2,2,1
2010,Burton Albion,Gillingham,1,1,4,4,2,0,0
2010,Burton Albion,Macclesfield,3,2,4,4,5,1,1
2010,Bury,Accrington,3,0,4,4,3,3,1
2010,Bury,Hereford United,1,1,4,4,2,0,0
2010,Bury,Morecambe,1,0,4,4,1,1,1
2010,Bury,Port Vale,0,1,4,4,1,-1,0
2010,Bury,Southend United,1,0,4,4,1,1,1
2010,Cheltenham,Aldershot,1,2,4,4,3,-1,0
2010,Cheltenham,Burton Albion,2,1,4,4,3,1,1
2010,Cheltenham,Crewe Alexandra,3,2,4,4,5,1,1
2010,Cheltenham,Lincoln City,1,2,4,4,3,-1,0
2010,Cheltenham,Rotherham United,1,1,4,4,2,0,0
2010,Cheltenham,Stevenage Borough,1,0,4,4,1,1,1
2010,Cheltenham,Wycombe Wanderers,1,2,4,4,3,-1,0
2010,Chesterfield,Bury,2,3,4,4,5,-1,0
2010,Chesterfield,Gillingham,3,1,4,4,4,2,1
2010,Chesterfield,Macclesfield,2,1,4,4,3,1,1
2010,Chesterfield,Shrewsbury Town,4,3,4,4,7,1,1
2010,Chesterfield,Stockport County,4,1,4,4,5,3,1
2010,Crewe Alexandra,Bradford City,2,1,4,4,3,1,1
2010,Crewe Alexandra,Cheltenham,8,1,4,4,9,7,1
2010,Crewe Alexandra,Hereford United,0,1,4,4,1,-1,0
2010,Crewe Alexandra,Torquay United,3,3,4,4,6,0,0
2010,Gillingham,Aldershot,2,1,4,4,3,1,1
2010,Gillingham,Burton Albion,1,0,4,4,1,1,1
2010,Gillingham,Lincoln City,0,1,4,4,1,-1,0
2010,Gillingham,Northampton Town,1,0,4,4,1,1,1
2010,Gillingham,Rotherham United,3,1,4,4,4,2,1
2010,Gillingham,Stevenage Borough,1,0,4,4,1,1,1
2010,Gillingham,Wycombe Wanderers,0,2,4,4,2,-2,0
2010,Hereford United,Crewe Alexandra,1,0,4,4,1,1,1
2010,Hereford United,Macclesfield,2,2,4,4,4,0,0
2010,Hereford United,Shrewsbury Town,0,2,4,4,2,-2,0
2010,Lincoln City,Morecambe,2,0,4,4,2,2,1
2010,Lincoln City,Port Vale,1,0,4,4,1,1,1
2010,Lincoln City,Southend United,2,1,4,4,3,1,1
2010,Macclesfield,Aldershot,2,0,4,4,2,2,1
2010,Macclesfield,Burton Albion,2,1,4,4,3,1,1
2010,Macclesfield,Chesterfield,1,1,4,4,2,0,0
2010,Macclesfield,Rotherham United,0,2,4,4,2,-2,0
2010,Macclesfield,Stevenage Borough,0,4,4,4,4,-4,0
2010,Morecambe,Barnet,2,2,4,4,4,0,0
2010,Morecambe,Bury,1,4,4,4,5,-3,0
2010,Morecambe,Lincoln City,1,2,4,4,3,-1,0
2010,Morecambe,Oxford United,0,3,4,4,3,-3,0
2010,Morecambe,Shrewsbury Town,1,0,4,4,1,1,1
2010,Morecambe,Stockport County,5,0,4,4,5,5,1
2010,Northampton Town,Accrington,0,0,4,4,0,0,0
2010,Northampton Town,Bradford City,2,0,4,4,2,2,1
2010,Northampton Town,Cheltenham,1,1,4,4,2,0,0
2010,Northampton Town,Gillingham,2,1,4,4,3,1,1
2010,Northampton Town,Port Vale,0,0,4,4,0,0,0
2010,Northampton Town,Torquay United,2,2,4,4,4,0,0
2010,Oxford United,Aldershot,0,1,4,4,1,-1,0
2010,Oxford United,Chesterfield,0,0,4,4,0,0,0
2010,Oxford United,Rotherham United,2,1,4,4,3,1,1
2010,Oxford United,Stevenage Borough,1,2,4,4,3,-1,0
2010,Port Vale,Barnet,0,0,4,4,0,0,0
2010,Port Vale,Lincoln City,2,1,4,4,3,1,1
2010,Port Vale,Northampton Town,1,1,4,4,2,0,0
2010,Port Vale,Stockport County,1,2,4,4,3,-1,0
2010,Rotherham United,Bradford City,0,0,4,4,0,0,0
2010,Rotherham United,Gillingham,0,1,4,4,1,-1,0
2010,Rotherham United,Macclesfield,1,1,4,4,2,0,0
2010,Rotherham United,Oxford United,2,1,4,4,3,1,1
2010,Shrewsbury Town,Aldershot,1,1,4,4,2,0,0
2010,Shrewsbury Town,Burton Albion,3,0,4,4,3,3,1
2010,Shrewsbury Town,Hereford United,4,0,4,4,4,4,1
2010,Shrewsbury Town,Morecambe,1,3,4,4,4,-2,0
2010,Shrewsbury Town,Port Vale,2,2,4,4,4,0,0
2010,Southend United,Bury,1,1,4,4,2,0,0
2010,Southend United,Crewe Alexandra,0,2,4,4,2,-2,0
2010,Southend United,Lincoln City,1,0,4,4,1,1,1
2010,Southend United,Stockport County,1,1,4,4,2,0,0
2010,Stevenage Borough,Gillingham,2,2,4,4,4,0,0
2010,Stevenage Borough,Macclesfield,2,2,4,4,4,0,0
2010,Stockport County,Burton Albion,0,0,4,4,0,0,0
2010,Stockport County,Hereford United,0,5,4,4,5,-5,0
2010,Stockport County,Wycombe Wanderers,0,0,4,4,0,0,0
2010,Torquay United,Barnet,1,1,4,4,2,0,0
2010,Torquay United,Bury,3,4,4,4,7,-1,0
2010,Torquay United,Lincoln City,2,0,4,4,2,2,1
2010,Torquay United,Rotherham United,1,1,4,4,2,0,0
2010,Torquay United,Stevenage Borough,2,0,4,4,2,2,1
2010,Wycombe Wanderers,Accrington,1,2,4,4,3,-1,0
2010,Wycombe Wanderers,Bradford City,1,0,4,4,1,1,1
2010,Wycombe Wanderers,Macclesfield,1,2,4,4,3,-1,0
2010,Wycombe Wanderers,Oxford United,0,0,4,4,0,0,0
2011,Arsenal,Blackburn Rovers,7,1,1,1,8,6,1
2011,Arsenal,Everton,1,0,1,1,1,1,1
2011,Arsenal,Sunderland,2,1,1,1,3,1,1
2011,Aston Villa,Arsenal,1,2,1,1,3,-1,0
2011,Aston Villa,Chelsea,2,4,1,1,6,-2,0
2011,Aston Villa,Tottenham Hotspur,1,1,1,1,2,0,0
2011,Blackburn Rovers,Bolton Wanderers,1,2,1,1,3,-1,0
2011,Blackburn Rovers,Queens Park Rangers,3,2,1,1,5,1,1
2011,Blackburn Rovers,Wigan Athletic,0,1,1,1,1,-1,0
2011,Bolton Wanderers,Manchester City,2,3,1,1,5,-1,0
2011,Chelsea,Bolton Wanderers,3,0,1,1,3,3,1
2011,Chelsea,Newcastle United,0,2,1,1,2,-2,0
2011,Chelsea,Tottenham Hotspur,0,0,1,1,0,0,0
2011,Chelsea,Wolverhampton Wanderers,3,0,1,1,3,3,1
2011,Everton,Blackburn Rovers,1,1,1,1,2,0,0
2011,Everton,Fulham,4,0,1,1,4,4,1
2011,Everton,Manchester United,0,1,1,1,1,-1,0
2011,Everton,Queens Park Rangers,0,1,1,1,1,-1,0
2011,Everton,Swansea City,1,0,1,1,1,1,1
2011,Everton,Wigan Athletic,3,1,1,1,4,2,1
2011,Fulham,Aston Villa,0,0,1,1,0,0,0
2011,Fulham,Manchester City,2,2,1,1,4,0,0
2011,Fulham,Sunderland,2,1,1,1,3,1,1
2011,Fulham,West Bromwich Albion,1,1,1,1,2,0,0
2011,Liverpool,Arsenal,1,2,1,1,3,-1,0
2011,Liverpool,Newcastle United,3,1,1,1,4,2,1
2011,Liverpool,Tottenham Hotspur,0,0,1,1,0,0,0
2011,Liverpool,Wolverhampton Wanderers,2,1,1,1,3,1,1
2011,Manchester City,Everton,2,0,1,1,2,2,1
2011,Manchester City,Manchester United,1,0,1,1,1,1,1
2011,Manchester City,Queens Park Rangers,3,2,1,1,5,1,1
2011,Manchester City,Wigan Athletic,3,0,1,1,3,3,1
2011,Manchester United,Chelsea,3,1,1,1,4,2,1
2011,Manchester United,Liverpool,2,1,1,1,3,1,1
2011,Manchester United,Sunderland,1,0,1,1,1,1,1
2011,Newcastle United,Arsenal,0,0,1,1,0,0,0
2011,Newcastle United,Fulham,2,1,1,1,3,1,1
2011,Newcastle United,Manchester United,3,0,1,1,3,3,1
2011,Newcastle United,Tottenham Hotspur,2,2,1,1,4,0,0
2011,Norwich City,Manchester City,1,6,1,1,7,-5,0
2011,Norwich City,Queens Park Rangers,2,1,1,1,3,1,1
2011,Norwich City,Wigan Athletic,1,1,1,1,2,0,0
2011,Queens Park Rangers,Sunderland,2,3,1,1,5,-1,0
2011,Stoke City,Bolton Wanderers,2,2,1,1,4,0,0
2011,Stoke City,Tottenham Hotspur,2,1,1,1,3,1,1
2011,Sunderland,Blackburn Rovers,2,1,1,1,3,1,1
2011,Sunderland,Everton,1,1,1,1,2,0,0
2011,Sunderland,Manchester City,1,0,1,1,1,1,1
2011,Sunderland,Norwich City,3,0,1,1,3,3,1
2011,Swansea City,Aston Villa,0,0,1,1,0,0,0
2011,Swansea City,Chelsea,1,1,1,1,2,0,0
2011,Swansea City,Liverpool,1,0,1,1,1,1,1
2011,Swansea City,West Bromwich Albion,3,0,1,1,3,3,1
2011,Tottenham Hotspur,Arsenal,2,1,1,1,3,1,1
2011,Tottenham Hotspur,Fulham,2,0,1,1,2,2,1
2011,Tottenham Hotspur,Wolverhampton Wanderers,1,1,1,1,2,0,0
2011,West Bromwich Albion,Norwich City,1,2,1,1,3,-1,0
2011,West Bromwich Albion,Wigan Athletic,1,2,1,1,3,-1,0
2011,Wigan Athletic,Aston Villa,0,0,1,1,0,0,0
2011,Wigan Athletic,Tottenham Hotspur,1,2,1,1,3,-1,0
2011,Wolverhampton Wanderers,Fulham,2,0,1,1,2,2,1
2011,Wolverhampton Wanderers,Manchester United,0,5,1,1,5,-5,0
2011,Barnsley,Derby County,3,2,2,2,5,1,1
2011,Barnsley,Ipswich Town,3,5,2,2,8,-2,0
2011,Barnsley,Peterborough United,1,0,2,2,1,1,1
2011,Birmingham City,Bristol City,2,2,2,2,4,0,0
2011,Birmingham City,Doncaster Rovers,2,1,2,2,3,1,1
2011,Birmingham City,Millwall,3,0,2,2,3,3,1
2011,Birmingham City,Portsmouth,1,0,2,2,1,1,1
2011,Birmingham City,Watford,3,0,2,2,3,3,1
2011,Blackpool,Crystal Palace,2,1,2,2,3,1,1
2011,Blackpool,Reading,1,0,2,2,1,1,1
2011,Blackpool,West Ham United,1,4,2,2,5,-3,0
2011,Brighton & Hove Albion,Derby County,2,0,2,2,2,2,1
2011,Brighton & Hove Albion,Southampton,3,0,2,2,3,3,1
2011,Bristol City,Brighton & Hove Albion,0,1,2,2,1,-1,0
2011,Bristol City,Coventry City,3,1,2,2,4,2,1
2011,Bristol City,Doncaster Rovers,2,1,2,2,3,1,1
2011,Burnley,Birmingham City,1,3,2,2,4,-2,0
2011,Burnley,Bristol City,1,1,2,2,2,0,0
2011,Burnley,West Ham United,2,2,2,2,4,0,0
2011,Cardiff City,Blackpool,1,3,2,2,4,-2,0
2011,Cardiff City,Ipswich Town,2,2,2,2,4,0,0
2011,Cardiff City,Southampton,2,1,2,2,3,1,1
2011,Coventry City,Doncaster Rovers,0,2,2,2,2,-2,0
2011,Crystal Palace,Bristol City,1,0,2,2,1,1,1
2011,Crystal Palace,Hull City,0,0,2,2,0,0,0
2011,Crystal Palace,Reading,0,0,2,2,0,0,0
2011,Derby County,Blackpool,2,1,2,2,3,1,1
2011,Derby County,Burnley,1,2,2,2,3,-1,0
2011,Derby County,Crystal Palace,3,2,2,2,5,1,1
2011,Derby County,Middlesbrough,0,1,2,2,1,-1,0
2011,Derby County,Southampton,1,1,2,2,2,0,0
2011,Doncaster Rovers,Brighton & Hove Albion,1,1,2,2,2,0,0
2011,Doncaster Rovers,Cardiff City,0,0,2,2,0,0,0
2011,Doncaster Rovers,Leeds United,0,3,2,2,3,-3,0
2011,Doncaster Rovers,Portsmouth,3,4,2,2,7,-1,0
2011,Doncaster Rovers,Watford,0,0,2,2,0,0,0
2011,Hull City,Birmingham City,2,1,2,2,3,1,1
2011,Hull City,Leicester City,2,1,2,2,3,1,1
2011,Hull City,West Ham United,0,2,2,2,2,-2,0
2011,Ipswich Town,Blackpool,2,2,2,2,4,0,0
2011,Ipswich Town,Hull City,0,1,2,2,1,-1,0
2011,Ipswich Town,Peterborough United,3,2,2,2,5,1,1
2011,Ipswich Town,Southampton,2,5,2,2,7,-3,0
2011,Leeds United,Brighton & Hove Albion,1,2,2,2,3,-1,0
2011,Leeds United,Ipswich Town,3,1,2,2,4,2,1
2011,Leicester City,Birmingham City,3,1,2,2,4,2,1
2011,Leicester City,Bristol City,1,2,2,2,3,-1,0
2011,Leicester City,Leeds United,0,1,2,2,1,-1,0
2011,Leicester City,Nottingham Forest,0,0,2,2,0,0,0
2011,Leicester City,Reading,0,2,2,2,2,-2,0
2011,Leicester City,West Ham United,1,2,2,2,3,-1,0
2011,Middlesbrough,Burnley,0,2,2,2,2,-2,0
2011,Middlesbrough,Leicester City,0,0,2,2,0,0,0
2011,Middlesbrough,Southampton,2,1,2,2,3,1,1
2011,Millwall,Ipswich Town,4,1,2,2,5,3,1
2011,Millwall,Middlesbrough,1,3,2,2,4,-2,0
2011,Millwall,Portsmouth,1,0,2,2,1,1,1
2011,Millwall,Watford,0,2,2,2,2,-2,0
2011,Nottingham Forest,Birmingham City,1,3,2,2,4,-2,0
2011,Nottingham Forest,Coventry City,2,0,2,2,2,2,1
2011,Nottingham Forest,Doncaster Rovers,1,2,2,2,3,-1,0
2011,Peterborough United,Blackpool,3,1,2,2,4,2,1
2011,Peterborough United,Burnley,2,1,2,2,3,1,1
2011,Peterborough United,Crystal Palace,2,1,2,2,3,1,1
2011,Peterborough United,Leicester City,1,0,2,2,1,1,1
2011,Portsmouth,Barnsley,2,0,2,2,2,2,1
2011,Portsmouth,Brighton & Hove Albion,0,1,2,2,1,-1,0
2011,Portsmouth,Cardiff City,1,1,2,2,2,0,0
2011,Portsmouth,Derby County,1,2,2,2,3,-1,0
2011,Portsmouth,Middlesbrough,1,3,2,2,4,-2,0
2011,Portsmouth,Peterborough United,2,3,2,2,5,-1,0
2011,Reading,Bristol City,1,0,2,2,1,1,1
2011,Reading,Coventry City,2,0,2,2,2,2,1
2011,Reading,Leeds United,2,0,2,2,2,2,1
2011,Southampton,Crystal Palace,2,0,2,2,2,2,1
2011,Southampton,Leicester City,0,2,2,2,2,-2,0
2011,Southampton,Nottingham Forest,3,2,2,2,5,1,1
2011,Southampton,Reading,1,3,2,2,4,-2,0
2011,Watford,Barnsley,2,1,2,2,3,1,1
2011,Watford,Brighton & Hove Albion,1,0,2,2,1,1,1
2011,Watford,Derby County,0,1,2,2,1,-1,0
2011,Watford,Ipswich Town,2,1,2,2,3,1,1
2011,Watford,Southampton,0,3,2,2,3,-3,0
2011,West Ham United,Leeds United,2,2,2,2,4,0,0
2011,West Ham United,Portsmouth,4,3,2,2,7,1,1
2011,AFC Bournemouth,Huddersfield Town,2,0,3,3,2,2,1
2011,AFC Bournemouth,Rochdale,1,1,3,3,2,0,0
2011,AFC Bournemouth,Sheffield Wednesday,2,0,3,3,2,2,1
2011,Brentford,AFC Bournemouth,1,1,3,3,2,0,0
2011,Brentford,Leyton Orient,5,0,3,3,5,5,1
2011,Brentford,Stevenage Borough,0,1,3,3,1,-1,0
2011,Brentford,Wycombe Wanderers,5,2,3,3,7,3,1
2011,Bury,Brentford,1,1,3,3,2,0,0
2011,Bury,Chesterfield,1,1,3,3,2,0,0
2011,Bury,Milton Keynes Dons,0,0,3,3,0,0,0
2011,Carlisle United,Bury,4,1,3,3,5,3,1
2011,Carlisle United,Huddersfield Town,2,1,3,3,3,1,1
2011,Carlisle United,Notts County,0,3,3,3,3,-3,0
2011,Charlton Athletic,AFC Bournemouth,3,0,3,3,3,3,1
2011,Charlton Athletic,Leyton Orient,2,0,3,3,2,2,1
2011,Charlton Athletic,Scunthorpe United,2,2,3,3,4,0,0
2011,Charlton Athletic,Wycombe Wanderers,2,1,3,3,3,1,1
2011,Chesterfield,Hartlepool United,2,3,3,3,5,-1,0
2011,Chesterfield,Milton Keynes Dons,1,1,3,3,2,0,0
2011,Chesterfield,Preston North End,0,2,3,3,2,-2,0
2011,Chesterfield,Sheffield United,0,1,3,3,1,-1,0
2011,Colchester United,Huddersfield Town,1,1,3,3,2,0,0
2011,Colchester United,Rochdale,0,0,3,3,0,0,0
2011,Colchester United,Sheffield Wednesday,1,1,3,3,2,0,0
2011,Colchester United,Walsall,1,0,3,3,1,1,1
2011,Exeter City,AFC Bournemouth,0,2,3,3,2,-2,0
2011,Exeter City,Carlisle United,0,0,3,3,0,0,0
2011,Exeter City,Colchester United,1,1,3,3,2,0,0
2011,Exeter City,Oldham Athletic,2,0,3,3,2,2,1
2011,Exeter City,Scunthorpe United,0,0,3,3,0,0,0
2011,Exeter City,Stevenage Borough,1,1,3,3,2,0,0
2011,Hartlepool United,Brentford,0,0,3,3,0,0,0
2011,Hartlepool United,Charlton Athletic,0,4,3,3,4,-4,0
2011,Hartlepool United,Milton Keynes Dons,1,1,3,3,2,0,0
2011,Huddersfield Town,Chesterfield,1,0,3,3,1,1,1
2011,Leyton Orient,AFC Bournemouth,1,3,3,3,4,-2,0
2011,Leyton Orient,Colchester United,0,1,3,3,1,-1,0
2011,Leyton Orient,Huddersfield Town,1,3,3,3,4,-2,0
2011,Leyton Orient,Scunthorpe United,1,3,3,3,4,-2,0
2011,Leyton Orient,Stevenage Borough,0,0,3,3,0,0,0
2011,Leyton Orient,Wycombe Wanderers,1,3,3,3,4,-2,0
2011,Milton Keynes Dons,Brentford,1,2,3,3,3,-1,0
2011,Milton Keynes Dons,Charlton Athletic,1,1,3,3,2,0,0
2011,Milton Keynes Dons,Exeter City,3,0,3,3,3,3,1
2011,Milton Keynes Dons,Preston North End,0,1,3,3,1,-1,0
2011,Milton Keynes Dons,Sheffield United,1,0,3,3,1,1,1
2011,Milton Keynes Dons,Tranmere Rovers,3,0,3,3,3,3,1
2011,Notts County,Sheffield Wednesday,1,2,3,3,3,-1,0
2011,Notts County,Walsall,2,1,3,3,3,1,1
2011,Oldham Athletic,AFC Bournemouth,1,0,3,3,1,1,1
2011,Oldham Athletic,Colchester United,1,1,3,3,2,0,0
2011,Oldham Athletic,Notts County,3,2,3,3,5,1,1
2011,Oldham Athletic,Stevenage Borough,1,1,3,3,2,0,0
2011,Preston North End,Brentford,1,3,3,3,4,-2,0
2011,Preston North End,Charlton Athletic,2,2,3,3,4,0,0
2011,Preston North End,Exeter City,1,0,3,3,1,1,1
2011,Preston North End,Leyton Orient,0,2,3,3,2,-2,0
2011,Preston North End,Oldham Athletic,3,3,3,3,6,0,0
2011,Preston North End,Sheffield United,2,4,3,3,6,-2,0
2011,Rochdale,Bury,3,0,3,3,3,3,1
2011,Rochdale,Sheffield Wednesday,0,0,3,3,0,0,0
2011,Rochdale,Walsall,3,3,3,3,6,0,0
2011,Scunthorpe United,Rochdale,1,0,3,3,1,1,1
2011,Sheffield United,Brentford,2,0,3,3,2,2,1
2011,Sheffield United,Charlton Athletic,0,2,3,3,2,-2,0
2011,Sheffield United,Exeter City,4,4,3,3,8,0,0
2011,Sheffield United,Leyton Orient,3,1,3,3,4,2,1
2011,Sheffield United,Oldham Athletic,2,3,3,3,5,-1,0
2011,Sheffield United,Scunthorpe United,2,1,3,3,3,1,1
2011,Sheffield United,Tranmere Rovers,1,1,3,3,2,0,0
2011,Sheffield Wednesday,Bury,4,1,3,3,5,3,1
2011,Stevenage Borough,AFC Bournemouth,2,2,3,3,4,0,0
2011,Stevenage Borough,Carlisle United,1,0,3,3,1,1,1
2011,Stevenage Borough,Colchester United,0,0,3,3,0,0,0
2011,Stevenage Borough,Huddersfield Town,2,2,3,3,4,0,0
2011,Stevenage Borough,Rochdale,4,2,3,3,6,2,1
2011,Stevenage Borough,Wycombe Wanderers,1,1,3,3,2,0,0
2011,Tranmere Rovers,Brentford,2,2,3,3,4,0,0
2011,Tranmere Rovers,Charlton Athletic,1,1,3,3,2,0,0
2011,Tranmere Rovers,Stevenage Borough,3,0,3,3,3,3,1
2011,Walsall,Bury,2,4,3,3,6,-2,0
2011,Walsall,Preston North End,1,0,3,3,1,1,1
2011,Walsall,Sheffield United,3,2,3,3,5,1,1
2011,Wycombe Wanderers,Sheffield Wednesday,1,2,3,3,3,-1,0
2011,Yeovil,Brentford,2,1,3,3,3,1,1
2011,Yeovil,Charlton Athletic,2,3,3,3,5,-1,0
2011,Yeovil,Oldham Athletic,3,1,3,3,4,2,1
2011,Yeovil,Scunthorpe United,2,2,3,3,4,0,0
2011,Accrington,Burton Albion,2,1,4,4,3,1,1
2011,Accrington,Crewe Alexandra,0,2,4,4,2,-2,0
2011,AFC Wimbledon,Accrington,0,2,4,4,2,-2,0
2011,AFC Wimbledon,Bradford City,3,1,4,4,4,2,1
2011,AFC Wimbledon,Macclesfield,2,1,4,4,3,1,1
2011,AFC Wimbledon,Oxford United,0,2,4,4,2,-2,0
2011,Aldershot,Gillingham,1,2,4,4,3,-1,0
2011,Aldershot,Morecambe,1,0,4,4,1,1,1
2011,Aldershot,Shrewsbury Town,1,0,4,4,1,1,1
2011,Barnet,Aldershot,2,1,4,4,3,1,1
2011,Barnet,Burton Albion,3,6,4,4,9,-3,0
2011,Barnet,Hereford United,1,1,4,4,2,0,0
2011,Barnet,Port Vale,1,3,4,4,4,-2,0
2011,Bradford City,Barnet,4,2,4,4,6,2,1
2011,Bradford City,Cheltenham,0,1,4,4,1,-1,0
2011,Bradford City,Macclesfield,1,0,4,4,1,1,1
2011,Bradford City,Rotherham United,2,3,4,4,5,-1,0
2011,Bristol Rovers,AFC Wimbledon,1,0,4,4,1,1,1
2011,Bristol Rovers,Bradford City,2,1,4,4,3,1,1
2011,Bristol Rovers,Crawley Town,0,0,4,4,0,0,0
2011,Bristol Rovers,Plymouth Argyle,2,3,4,4,5,-1,0
2011,Bristol Rovers,Torquay United,1,2,4,4,3,-1,0
2011,Crawley Town,AFC Wimbledon,1,1,4,4,2,0,0
2011,Crawley Town,Morecambe,1,1,4,4,2,0,0
2011,Crawley Town,Plymouth Argyle,2,0,4,4,2,2,1
2011,Crawley Town,Torquay United,0,1,4,4,1,-1,0
2011,Crewe Alexandra,Crawley Town,1,1,4,4,2,0,0
2011,Crewe Alexandra,Hereford United,1,0,4,4,1,1,1
2011,Crewe Alexandra,Port Vale,1,1,4,4,2,0,0
2011,Dagenham and Redbridge,Accrington,2,1,4,4,3,1,1
2011,Dagenham and Redbridge,Barnet,3,0,4,4,3,3,1
2011,Dagenham and Redbridge,Crewe Alexandra,2,1,4,4,3,1,1
2011,Dagenham and Redbridge,Macclesfield,2,0,4,4,2,2,1
2011,Dagenham and Redbridge,Rotherham United,3,2,4,4,5,1,1
2011,Gillingham,Bradford City,0,0,4,4,0,0,0
2011,Gillingham,Plymouth Argyle,3,0,4,4,3,3,1
2011,Gillingham,Torquay United,2,0,4,4,2,2,1
2011,Hereford United,Crawley Town,1,1,4,4,2,0,0
2011,Hereford United,Gillingham,1,6,4,4,7,-5,0
2011,Hereford United,Northampton Town,0,0,4,4,0,0,0
2011,Hereford United,Southend United,2,3,4,4,5,-1,0
2011,Macclesfield,Accrington,1,1,4,4,2,0,0
2011,Macclesfield,Crewe Alexandra,2,2,4,4,4,0,0
2011,Macclesfield,Hereford United,2,2,4,4,4,0,0
2011,Macclesfield,Rotherham United,0,0,4,4,0,0,0
2011,Morecambe,AFC Wimbledon,1,2,4,4,3,-1,0
2011,Morecambe,Bradford City,1,1,4,4,2,0,0
2011,Morecambe,Macclesfield,1,0,4,4,1,1,1
2011,Morecambe,Plymouth Argyle,2,2,4,4,4,0,0
2011,Morecambe,Shrewsbury Town,0,1,4,4,1,-1,0
2011,Morecambe,Torquay United,1,2,4,4,3,-1,0
2011,Northampton Town,Bristol Rovers,3,2,4,4,5,1,1
2011,Northampton Town,Gillingham,1,1,4,4,2,0,0
2011,Northampton Town,Morecambe,0,2,4,4,2,-2,0
2011,Northampton Town,Southend United,2,5,4,4,7,-3,0
2011,Oxford United,Burton Albion,2,2,4,4,4,0,0
2011,Oxford United,Crewe Alexandra,0,1,4,4,1,-1,0
2011,Oxford United,Swindon Town,2,0,4,4,2,2,1
2011,Plymouth Argyle,AFC Wimbledon,0,2,4,4,2,-2,0
2011,Plymouth Argyle,Cheltenham,1,2,4,4,3,-1,0
2011,Plymouth Argyle,Dagenham and Redbridge,0,0,4,4,0,0,0
2011,Plymouth Argyle,Macclesfield,2,0,4,4,2,2,1
2011,Plymouth Argyle,Torquay United,1,2,4,4,3,-1,0
2011,Port Vale,Bristol Rovers,1,0,4,4,1,1,1
2011,Port Vale,Gillingham,2,1,4,4,3,1,1
2011,Rotherham United,Burton Albion,0,1,4,4,1,-1,0
2011,Rotherham United,Crewe Alexandra,1,1,4,4,2,0,0
2011,Rotherham United,Hereford United,1,0,4,4,1,1,1
2011,Rotherham United,Port Vale,0,1,4,4,1,-1,0
2011,Shrewsbury Town,AFC Wimbledon,0,0,4,4,0,0,0
2011,Shrewsbury Town,Cheltenham,2,0,4,4,2,2,1
2011,Shrewsbury Town,Dagenham and Redbridge,1,0,4,4,1,1,1
2011,Southend United,Bristol Rovers,1,1,4,4,2,0,0
2011,Southend United,Crawley Town,0,0,4,4,0,0,0
2011,Southend United,Shrewsbury Town,3,0,4,4,3,3,1
2011,Swindon Town,Barnet,4,0,4,4,4,4,1
2011,Swindon Town,Burton Albion,2,0,4,4,2,2,1
2011,Swindon Town,Crewe Alexandra,3,0,4,4,3,3,1
2011,Swindon Town,Northampton Town,1,0,4,4,1,1,1
2011,Torquay United,Cheltenham,2,2,4,4,4,0,0
2011,Torquay United,Dagenham and Redbridge,1,0,4,4,1,1,1
2011,Torquay United,Rotherham United,3,3,4,4,6,0,0
2012,Arsenal,Everton,0,0,1,1,0,0,0
2012,Arsenal,Norwich City,3,1,1,1,4,2,1
2012,Arsenal,Swansea City,0,2,1,1,2,-2,0
2012,Arsenal,West Ham United,5,1,1,1,6,4,1
2012,Aston Villa,Liverpool,1,2,1,1,3,-1,0
2012,Aston Villa,Sunderland,6,1,1,1,7,5,1
2012,Aston Villa,West Bromwich Albion,1,1,1,1,2,0,0
2012,Chelsea,Arsenal,2,1,1,1,3,1,1
2012,Chelsea,Queens Park Rangers,0,1,1,1,1,-1,0
2012,Everton,Chelsea,1,2,1,1,3,-1,0
2012,Everton,Manchester City,2,0,1,1,2,2,1
2012,Everton,Norwich City,1,1,1,1,2,0,0
2012,Fulham,Aston Villa,1,0,1,1,1,1,1
2012,Fulham,Reading,2,4,1,1,6,-2,0
2012,Fulham,Sunderland,1,3,1,1,4,-2,0
2012,Liverpool,Arsenal,0,2,1,1,2,-2,0
2012,Liverpool,Everton,0,0,1,1,0,0,0
2012,Liverpool,Manchester United,1,2,1,1,3,-1,0
2012,Liverpool,Queens Park Rangers,1,0,1,1,1,1,1
2012,Liverpool,Wigan Athletic,3,0,1,1,3,3,1
2012,Manchester City,Chelsea,2,0,1,1,2,2,1
2012,Manchester City,Norwich City,2,3,1,1,5,-1,0
2012,Manchester City,West Ham United,2,1,1,1,3,1,1
2012,Manchester United,Aston Villa,3,0,1,1,3,3,1
2012,Manchester United,Reading,1,0,1,1,1,1,1
2012,Newcastle United,Manchester City,1,3,1,1,4,-2,0
2012,Newcastle United,Queens Park Rangers,1,0,1,1,1,1,1
2012,Newcastle United,Tottenham Hotspur,2,1,1,1,3,1,1
2012,Norwich City,Chelsea,0,1,1,1,1,-1,0
2012,Norwich City,Liverpool,2,5,1,1,7,-3,0
2012,Norwich City,Southampton,0,0,1,1,0,0,0
2012,Norwich City,Swansea City,2,2,1,1,4,0,0
2012,Queens Park Rangers,Fulham,2,1,1,1,3,1,1
2012,Queens Park Rangers,Manchester United,0,2,1,1,2,-2,0
2012,Queens Park Rangers,West Bromwich Albion,1,2,1,1,3,-1,0
2012,Reading,Arsenal,2,5,1,1,7,-3,0
2012,Reading,Everton,2,1,1,1,3,1,1
2012,Reading,Stoke City,1,1,1,1,2,0,0
2012,Southampton,Chelsea,2,1,1,1,3,1,1
2012,Southampton,Liverpool,3,1,1,1,4,2,1
2012,Southampton,Swansea City,1,1,1,1,2,0,0
2012,Stoke City,Manchester United,0,2,1,1,2,-2,0
2012,Stoke City,Queens Park Rangers,1,0,1,1,1,1,1
2012,Stoke City,Sunderland,0,0,1,1,0,0,0
2012,Sunderland,Norwich City,1,1,1,1,2,0,0
2012,Sunderland,Southampton,1,1,1,1,2,0,0
2012,Sunderland,Tottenham Hotspur,1,2,1,1,3,-1,0
2012,Swansea City,Sunderland,2,2,1,1,4,0,0
2012,Swansea City,West Ham United,3,0,1,1,3,3,1
2012,Tottenham Hotspur,Fulham,0,1,1,1,1,-1,0
2012,Tottenham Hotspur,West Bromwich Albion,1,1,1,1,2,0,0
2012,West Bromwich Albion,Arsenal,1,2,1,1,3,-1,0
2012,West Bromwich Albion,Everton,2,0,1,1,2,2,1
2012,West Bromwich Albion,Norwich City,2,1,1,1,3,1,1
2012,West Bromwich Albion,Swansea City,2,1,1,1,3,1,1
2012,West Bromwich Albion,Wigan Athletic,2,3,1,1,5,-1,0
2012,West Ham United,Chelsea,3,1,1,1,4,2,1
2012,West Ham United,Liverpool,2,3,1,1,5,-1,0
2012,West Ham United,Newcastle United,0,0,1,1,0,0,0
2012,Wigan Athletic,Fulham,1,2,1,1,3,-1,0
2012,Wigan Athletic,Queens Park Rangers,2,2,1,1,4,0,0
2012,Barnsley,Birmingham City,1,2,2,2,3,-1,0
2012,Barnsley,Hull City,2,0,2,2,2,2,1
2012,Barnsley,Leicester City,2,0,2,2,2,2,1
2012,Barnsley,Nottingham Forest,1,4,2,2,5,-3,0
2012,Barnsley,Watford,1,0,2,2,1,1,1
2012,Blackburn Rovers,Charlton Athletic,1,2,2,2,3,-1,0
2012,Blackburn Rovers,Huddersfield Town,1,0,2,2,1,1,1
2012,Blackburn Rovers,Millwall,0,2,2,2,2,-2,0
2012,Blackpool,Burnley,1,0,2,2,1,1,1
2012,Blackpool,Crystal Palace,1,0,2,2,1,1,1
2012,Blackpool,Hull City,0,0,2,2,0,0,0
2012,Blackpool,Leicester City,0,0,2,2,0,0,0
2012,Blackpool,Watford,2,2,2,2,4,0,0
2012,Bolton Wanderers,Birmingham City,3,1,2,2,4,2,1
2012,Bolton Wanderers,Middlesbrough,2,1,2,2,3,1,1
2012,Bolton Wanderers,Peterborough United,1,0,2,2,1,1,1
2012,Bolton Wanderers,Wolverhampton Wanderers,2,0,2,2,2,2,1
2012,Brighton & Hove Albion,Bristol City,2,0,2,2,2,2,1
2012,Brighton & Hove Albion,Charlton Athletic,0,0,2,2,0,0,0
2012,Brighton & Hove Albion,Huddersfield Town,4,1,2,2,5,3,1
2012,Brighton & Hove Albion,Millwall,2,2,2,2,4,0,0
2012,Brighton & Hove Albion,Sheffield Wednesday,3,0,2,2,3,3,1
2012,Bristol City,Barnsley,5,3,2,2,8,2,1
2012,Bristol City,Burnley,3,4,2,2,7,-1,0
2012,Bristol City,Crystal Palace,4,1,2,2,5,3,1
2012,Bristol City,Leicester City,0,4,2,2,4,-4,0
2012,Bristol City,Nottingham Forest,2,0,2,2,2,2,1
2012,Burnley,Peterborough United,5,2,2,2,7,3,1
2012,Cardiff City,Brighton & Hove Albion,0,2,2,2,2,-2,0
2012,Cardiff City,Sheffield Wednesday,1,0,2,2,1,1,1
2012,Charlton Athletic,Blackpool,2,1,2,2,3,1,1
2012,Charlton Athletic,Bristol City,4,1,2,2,5,3,1
2012,Charlton Athletic,Hull City,0,0,2,2,0,0,0
2012,Charlton Athletic,Leicester City,2,1,2,2,3,1,1
2012,Crystal Palace,Burnley,4,3,2,2,7,1,1
2012,Crystal Palace,Derby County,3,0,2,2,3,3,1
2012,Crystal Palace,Ipswich Town,5,0,2,2,5,5,1
2012,Crystal Palace,Peterborough United,3,2,2,2,5,1,1
2012,Crystal Palace,Wolverhampton Wanderers,3,1,2,2,4,2,1
2012,Derby County,Blackburn Rovers,1,1,2,2,2,0,0
2012,Derby County,Cardiff City,1,1,2,2,2,0,0
2012,Derby County,Leeds United,3,1,2,2,4,2,1
2012,Derby County,Sheffield Wednesday,2,2,2,2,4,0,0
2012,Huddersfield Town,Blackpool,1,1,2,2,2,0,0
2012,Huddersfield Town,Hull City,0,1,2,2,1,-1,0
2012,Huddersfield Town,Leicester City,0,2,2,2,2,-2,0
2012,Huddersfield Town,Nottingham Forest,1,1,2,2,2,0,0
2012,Hull City,Birmingham City,5,2,2,2,7,3,1
2012,Hull City,Crystal Palace,0,0,2,2,0,0,0
2012,Hull City,Ipswich Town,2,1,2,2,3,1,1
2012,Hull City,Peterborough United,1,3,2,2,4,-2,0
2012,Hull City,Wolverhampton Wanderers,2,1,2,2,3,1,1
2012,Ipswich Town,Blackburn Rovers,1,1,2,2,2,0,0
2012,Ipswich Town,Leeds United,3,0,2,2,3,3,1
2012,Ipswich Town,Millwall,3,0,2,2,3,3,1
2012,Ipswich Town,Sheffield Wednesday,0,3,2,2,3,-3,0
2012,Leeds United,Barnsley,1,0,2,2,1,1,1
2012,Leeds United,Huddersfield Town,1,2,2,2,3,-1,0
2012,Leicester City,Birmingham City,2,2,2,2,4,0,0
2012,Leicester City,Burnley,2,1,2,2,3,1,1
2012,Leicester City,Hull City,3,1,2,2,4,2,1
2012,Leicester City,Peterborough United,2,0,2,2,2,2,1
2012,Middlesbrough,Brighton & Hove Albion,0,2,2,2,2,-2,0
2012,Middlesbrough,Millwall,1,2,2,2,3,-1,0
2012,Middlesbrough,Sheffield Wednesday,3,1,2,2,4,2,1
2012,Millwall,Barnsley,1,2,2,2,3,-1,0
2012,Millwall,Blackpool,0,2,2,2,2,-2,0
2012,Millwall,Bristol City,2,1,2,2,3,1,1
2012,Millwall,Charlton Athletic,0,0,2,2,0,0,0
2012,Millwall,Watford,1,0,2,2,1,1,1
2012,Nottingham Forest,Birmingham City,2,2,2,2,4,0,0
2012,Nottingham Forest,Bolton Wanderers,1,1,2,2,2,0,0
2012,Nottingham Forest,Crystal Palace,2,2,2,2,4,0,0
2012,Nottingham Forest,Peterborough United,2,1,2,2,3,1,1
2012,Nottingham Forest,Wolverhampton Wanderers,3,1,2,2,4,2,1
2012,Sheffield Wednesday,Barnsley,2,1,2,2,3,1,1
2012,Sheffield Wednesday,Bristol City,2,3,2,2,5,-1,0
2012,Sheffield Wednesday,Charlton Athletic,2,0,2,2,2,2,1
2012,Sheffield Wednesday,Huddersfield Town,1,3,2,2,4,-2,0
2012,Sheffield Wednesday,Millwall,3,2,2,2,5,1,1
2012,Sheffield Wednesday,Watford,1,4,2,2,5,-3,0
2012,Watford,Birmingham City,2,0,2,2,2,2,1
2012,Watford,Bolton Wanderers,2,1,2,2,3,1,1
2012,Watford,Burnley,3,3,2,2,6,0,0
2012,Watford,Crystal Palace,2,2,2,2,4,0,0
2012,Watford,Leicester City,2,1,2,2,3,1,1
2012,Watford,Wolverhampton Wanderers,2,1,2,2,3,1,1
2012,Wolverhampton Wanderers,Derby County,1,1,2,2,2,0,0
2012,Wolverhampton Wanderers,Peterborough United,0,3,2,2,3,-3,0
2012,AFC Bournemouth,Colchester United,1,0,3,3,1,1,1
2012,AFC Bournemouth,Crewe Alexandra,3,1,3,3,4,2,1
2012,AFC Bournemouth,Scunthorpe United,1,0,3,3,1,1,1
2012,AFC Bournemouth,Stevenage Borough,1,1,3,3,2,0,0
2012,Brentford,Bury,2,2,3,3,4,0,0
2012,Brentford,Coventry City,2,1,3,3,3,1,1
2012,Brentford,Doncaster Rovers,0,1,3,3,1,-1,0
2012,Brentford,Milton Keynes Dons,3,2,3,3,5,1,1
2012,Brentford,Sheffield United,2,0,3,3,2,2,1
2012,Brentford,Swindon Town,2,1,3,3,3,1,1
2012,Brentford,Yeovil,1,3,3,3,4,-2,0
2012,Bury,Carlisle United,1,1,3,3,2,0,0
2012,Bury,Notts County,0,2,3,3,2,-2,0
2012,Carlisle United,Oldham Athletic,3,1,3,3,4,2,1
2012,Carlisle United,Scunthorpe United,1,1,3,3,2,0,0
2012,Carlisle United,Stevenage Borough,2,1,3,3,3,1,1
2012,Colchester United,Brentford,1,3,3,3,4,-2,0
2012,Colchester United,Coventry City,1,3,3,3,4,-2,0
2012,Colchester United,Doncaster Rovers,1,2,3,3,3,-1,0
2012,Colchester United,Portsmouth,2,2,3,3,4,0,0
2012,Coventry City,Bury,2,2,3,3,4,0,0
2012,Coventry City,Preston North End,1,1,3,3,2,0,0
2012,Coventry City,Shrewsbury Town,0,1,3,3,1,-1,0
2012,Crawley Town,AFC Bournemouth,3,1,3,3,4,2,1
2012,Crawley Town,Carlisle United,1,1,3,3,2,0,0
2012,Crawley Town,Oldham Athletic,1,1,3,3,2,0,0
2012,Crawley Town,Scunthorpe United,3,0,3,3,3,3,1
2012,Crawley Town,Walsall,2,2,3,3,4,0,0
2012,Crewe Alexandra,Brentford,0,2,3,3,2,-2,0
2012,Crewe Alexandra,Colchester United,3,2,3,3,5,1,1
2012,Crewe Alexandra,Doncaster Rovers,1,2,3,3,3,-1,0
2012,Crewe Alexandra,Milton Keynes Dons,2,1,3,3,3,1,1
2012,Crewe Alexandra,Swindon Town,2,1,3,3,3,1,1
2012,Doncaster Rovers,Coventry City,1,4,3,3,5,-3,0
2012,Doncaster Rovers,Hartlepool United,3,0,3,3,3,3,1
2012,Hartlepool United,Carlisle United,1,2,3,3,3,-1,0
2012,Hartlepool United,Leyton Orient,2,1,3,3,3,1,1
2012,Hartlepool United,Oldham Athletic,1,2,3,3,3,-1,0
2012,Hartlepool United,Scunthorpe United,2,0,3,3,2,2,1
2012,Leyton Orient,Brentford,1,0,3,3,1,1,1
2012,Leyton Orient,Colchester United,0,2,3,3,2,-2,0
2012,Leyton Orient,Sheffield United,0,1,3,3,1,-1,0
2012,Leyton Orient,Swindon Town,0,0,3,3,0,0,0
2012,Milton Keynes Dons,Coventry City,2,3,3,3,5,-1,0
2012,Milton Keynes Dons,Notts County,1,1,3,3,2,0,0
2012,Milton Keynes Dons,Preston North End,1,1,3,3,2,0,0
2012,Milton Keynes Dons,Tranmere Rovers,3,0,3,3,3,3,1
2012,Notts County,Carlisle United,1,0,3,3,1,1,1
2012,Notts County,Crawley Town,1,1,3,3,2,0,0
2012,Notts County,Hartlepool United,2,0,3,3,2,2,1
2012,Notts County,Oldham Athletic,1,0,3,3,1,1,1
2012,Notts County,Stevenage Borough,1,2,3,3,3,-1,0
2012,Notts County,Walsall,0,1,3,3,1,-1,0
2012,Oldham Athletic,Portsmouth,1,0,3,3,1,1,1
2012,Oldham Athletic,Swindon Town,0,2,3,3,2,-2,0
2012,Portsmouth,Bury,2,0,3,3,2,2,1
2012,Portsmouth,Coventry City,2,0,3,3,2,2,1
2012,Portsmouth,Preston North End,0,0,3,3,0,0,0
2012,Portsmouth,Shrewsbury Town,3,1,3,3,4,2,1
2012,Preston North End,AFC Bournemouth,2,0,3,3,2,2,1
2012,Preston North End,Carlisle United,1,1,3,3,2,0,0
2012,Preston North End,Crawley Town,1,2,3,3,3,-1,0
2012,Preston North End,Notts County,0,0,3,3,0,0,0
2012,Preston North End,Scunthorpe United,3,0,3,3,3,3,1
2012,Preston North End,Stevenage Borough,2,0,3,3,2,2,1
2012,Preston North End,Walsall,1,3,3,3,4,-2,0
2012,Scunthorpe United,Brentford,1,1,3,3,2,0,0
2012,Scunthorpe United,Crewe Alexandra,1,2,3,3,3,-1,0
2012,Scunthorpe United,Leyton Orient,2,1,3,3,3,1,1
2012,Scunthorpe United,Oldham Athletic,2,2,3,3,4,0,0
2012,Scunthorpe United,Yeovil,0,4,3,3,4,-4,0
2012,Sheffield United,Bury,1,1,3,3,2,0,0
2012,Sheffield United,Coventry City,1,2,3,3,3,-1,0
2012,Sheffield United,Doncaster Rovers,0,0,3,3,0,0,0
2012,Sheffield United,Shrewsbury Town,1,0,3,3,1,1,1
2012,Sheffield United,Tranmere Rovers,0,0,3,3,0,0,0
2012,Shrewsbury Town,Hartlepool United,1,1,3,3,2,0,0
2012,Shrewsbury Town,Notts County,2,2,3,3,4,0,0
2012,Shrewsbury Town,Stevenage Borough,2,1,3,3,3,1,1
2012,Shrewsbury Town,Walsall,1,0,3,3,1,1,1
2012,Stevenage Borough,Brentford,1,0,3,3,1,1,1
2012,Stevenage Borough,Leyton Orient,0,1,3,3,1,-1,0
2012,Stevenage Borough,Oldham Athletic,1,2,3,3,3,-1,0
2012,Stevenage Borough,Swindon Town,0,4,3,3,4,-4,0
2012,Tranmere Rovers,Hartlepool United,0,1,3,3,1,-1,0
2012,Tranmere Rovers,Notts County,1,1,3,3,2,0,0
2012,Tranmere Rovers,Preston North End,1,1,3,3,2,0,0
2012,Tranmere Rovers,Shrewsbury Town,0,2,3,3,2,-2,0
2012,Walsall,Brentford,2,2,3,3,4,0,0
2012,Walsall,Colchester United,1,0,3,3,1,1,1
2012,Walsall,Crewe Alexandra,2,2,3,3,4,0,0
2012,Walsall,Stevenage Borough,1,0,3,3,1,1,1
2012,Walsall,Yeovil,2,2,3,3,4,0,0
2012,Yeovil,Bury,2,1,3,3,3,1,1
2012,Yeovil,Coventry City,1,1,3,3,2,0,0
2012,Yeovil,Milton Keynes Dons,2,1,3,3,3,1,1
2012,Accrington,AFC Wimbledon,4,0,4,4,4,4,1
2012,Accrington,Bradford City,1,1,4,4,2,0,0
2012,Accrington,Exeter City,0,3,4,4,3,-3,0
2012,Accrington,Morecambe,2,0,4,4,2,2,1
2012,Accrington,Wycombe Wanderers,0,2,4,4,2,-2,0
2012,AFC Wimbledon,Bristol Rovers,3,1,4,4,4,2,1
2012,AFC Wimbledon,Port Vale,2,2,4,4,4,0,0
2012,AFC Wimbledon,Southend United,0,4,4,4,4,-4,0
2012,AFC Wimbledon,York City,3,2,4,4,5,1,1
2012,Aldershot,Barnet,1,0,4,4,1,1,1
2012,Aldershot,Burton Albion,1,2,4,4,3,-1,0
2012,Aldershot,Dagenham and Redbridge,1,0,4,4,1,1,1
2012,Aldershot,Gillingham,1,1,4,4,2,0,0
2012,Aldershot,Rochdale,4,2,4,4,6,2,1
2012,Aldershot,Torquay United,1,0,4,4,1,1,1
2012,Barnet,Accrington,1,1,4,4,2,0,0
2012,Barnet,Bradford City,2,0,4,4,2,2,1
2012,Barnet,Cheltenham,0,0,4,4,0,0,0
2012,Barnet,Exeter City,1,2,4,4,3,-1,0
2012,Bradford City,Fleetwood Town,1,0,4,4,1,1,1
2012,Bradford City,York City,1,1,4,4,2,0,0
2012,Bristol Rovers,Aldershot,2,2,4,4,4,0,0
2012,Bristol Rovers,Dagenham and Redbridge,0,1,4,4,1,-1,0
2012,Bristol Rovers,Gillingham,0,2,4,4,2,-2,0
2012,Burton Albion,Barnet,1,0,4,4,1,1,1
2012,Burton Albion,Exeter City,4,2,4,4,6,2,1
2012,Burton Albion,Morecambe,3,2,4,4,5,1,1
2012,Burton Albion,Plymouth Argyle,1,0,4,4,1,1,1
2012,Burton Albion,Rotherham United,2,0,4,4,2,2,1
2012,Burton Albion,Wycombe Wanderers,2,0,4,4,2,2,1
2012,Cheltenham,Bradford City,0,0,4,4,0,0,0
2012,Cheltenham,Chesterfield,1,0,4,4,1,1,1
2012,Cheltenham,Northampton Town,1,0,4,4,1,1,1
2012,Chesterfield,Bristol Rovers,2,0,4,4,2,2,1
2012,Chesterfield,Dagenham and Redbridge,1,2,4,4,3,-1,0
2012,Chesterfield,Gillingham,0,1,4,4,1,-1,0
2012,Chesterfield,Oxford United,2,1,4,4,3,1,1
2012,Chesterfield,Torquay United,1,1,4,4,2,0,0
2012,Dagenham and Redbridge,Accrington,1,1,4,4,2,0,0
2012,Dagenham and Redbridge,Burton Albion,1,1,4,4,2,0,0
2012,Dagenham and Redbridge,Exeter City,1,1,4,4,2,0,0
2012,Exeter City,Cheltenham,0,1,4,4,1,-1,0
2012,Exeter City,Fleetwood Town,2,2,4,4,4,0,0
2012,Exeter City,Port Vale,0,2,4,4,2,-2,0
2012,Exeter City,Southend United,3,0,4,4,3,3,1
2012,Exeter City,York City,1,1,4,4,2,0,0
2012,Fleetwood Town,Aldershot,4,1,4,4,5,3,1
2012,Fleetwood Town,Bristol Rovers,0,3,4,4,3,-3,0
2012,Fleetwood Town,Chesterfield,1,3,4,4,4,-2,0
2012,Fleetwood Town,Torquay United,0,0,4,4,0,0,0
2012,Gillingham,Barnet,0,1,4,4,1,-1,0
2012,Gillingham,Burton Albion,4,1,4,4,5,3,1
2012,Gillingham,Morecambe,2,1,4,4,3,1,1
2012,Gillingham,Wycombe Wanderers,0,1,4,4,1,-1,0
2012,Morecambe,AFC Wimbledon,3,1,4,4,4,2,1
2012,Morecambe,Bradford City,0,0,4,4,0,0,0
2012,Morecambe,Cheltenham,0,0,4,4,0,0,0
2012,Morecambe,Northampton Town,1,1,4,4,2,0,0
2012,Morecambe,Southend United,1,0,4,4,1,1,1
2012,Northampton Town,Aldershot,2,0,4,4,2,2,1
2012,Northampton Town,Bristol Rovers,1,0,4,4,1,1,1
2012,Northampton Town,Fleetwood Town,3,1,4,4,4,2,1
2012,Northampton Town,Oxford United,1,0,4,4,1,1,1
2012,Northampton Town,Rochdale,3,1,4,4,4,2,1
2012,Northampton Town,Torquay United,1,0,4,4,1,1,1
2012,Oxford United,Accrington,5,0,4,4,5,5,1
2012,Oxford United,Barnet,1,0,4,4,1,1,1
2012,Oxford United,Plymouth Argyle,2,1,4,4,3,1,1
2012,Oxford United,Rotherham United,0,4,4,4,4,-4,0
2012,Plymouth Argyle,Bradford City,0,0,4,4,0,0,0
2012,Plymouth Argyle,Cheltenham,2,0,4,4,2,2,1
2012,Plymouth Argyle,Exeter City,1,0,4,4,1,1,1
2012,Plymouth Argyle,Southend United,1,1,4,4,2,0,0
2012,Port Vale,Bristol Rovers,4,0,4,4,4,4,1
2012,Port Vale,Fleetwood Town,0,2,4,4,2,-2,0
2012,Port Vale,Northampton Town,2,2,4,4,4,0,0
2012,Port Vale,Rochdale,2,2,4,4,4,0,0
2012,Port Vale,Torquay United,1,1,4,4,2,0,0
2012,Rochdale,Accrington,0,3,4,4,3,-3,0
2012,Rochdale,Barnet,2,0,4,4,2,2,1
2012,Rochdale,Dagenham and Redbridge,2,2,4,4,4,0,0
2012,Rochdale,Gillingham,1,1,4,4,2,0,0
2012,Rochdale,Oxford United,2,0,4,4,2,2,1
2012,Rochdale,Rotherham United,1,2,4,4,3,-1,0
2012,Rochdale,Wycombe Wanderers,4,1,4,4,5,3,1
2012,Rotherham United,AFC Wimbledon,1,0,4,4,1,1,1
2012,Rotherham United,Bradford City,4,0,4,4,4,4,1
2012,Rotherham United,Cheltenham,4,2,4,4,6,2,1
2012,Rotherham United,Exeter City,4,1,4,4,5,3,1
2012,Rotherham United,Morecambe,2,1,4,4,3,1,1
2012,Rotherham United,Southend United,0,3,4,4,3,-3,0
2012,Rotherham United,York City,1,1,4,4,2,0,0
2012,Southend United,Aldershot,1,2,4,4,3,-1,0
2012,Southend United,Chesterfield,3,0,4,4,3,3,1
2012,Southend United,Torquay United,1,1,4,4,2,0,0
2012,Torquay United,Gillingham,2,1,4,4,3,1,1
2012,Torquay United,Oxford United,1,3,4,4,4,-2,0
2012,Torquay United,Rochdale,4,2,4,4,6,2,1
2012,Wycombe Wanderers,Exeter City,0,1,4,4,1,-1,0
2012,Wycombe Wanderers,Plymouth Argyle,1,1,4,4,2,0,0
2012,Wycombe Wanderers,Rotherham United,2,2,4,4,4,0,0
2012,York City,Chesterfield,2,2,4,4,4,0,0
2012,York City,Port Vale,0,2,4,4,2,-2,0
2013,Arsenal,Aston Villa,1,3,1,1,4,-2,0
2013,Arsenal,Hull City,2,0,1,1,2,2,1
2013,Arsenal,Swansea City,2,2,1,1,4,0,0
2013,Arsenal,West Ham United,3,1,1,1,4,2,1
2013,Aston Villa,Chelsea,1,0,1,1,1,1,1
2013,Aston Villa,Fulham,1,2,1,1,3,-1,0
2013,Aston Villa,Norwich City,4,1,1,1,5,3,1
2013,Aston Villa,Sunderland,0,0,1,1,0,0,0
2013,Cardiff City,Aston Villa,0,0,1,1,0,0,0
2013,Cardiff City,Newcastle United,1,2,1,1,3,-1,0
2013,Cardiff City,Stoke City,1,1,1,1,2,0,0
2013,Chelsea,Arsenal,6,0,1,1,6,6,1
2013,Chelsea,Crystal Palace,2,1,1,1,3,1,1
2013,Chelsea,Hull City,2,0,1,1,2,2,1
2013,Chelsea,Manchester United,3,1,1,1,4,2,1
2013,Chelsea,Swansea City,1,0,1,1,1,1,1
2013,Crystal Palace,Cardiff City,2,0,1,1,2,2,1
2013,Crystal Palace,Manchester City,0,2,1,1,2,-2,0
2013,Everton,Aston Villa,2,1,1,1,3,1,1
2013,Everton,Liverpool,3,3,1,1,6,0,0
2013,Everton,Newcastle United,3,2,1,1,5,1,1
2013,Everton,Tottenham Hotspur,0,0,1,1,0,0,0
2013,Fulham,Arsenal,1,3,1,1,4,-2,0
2013,Fulham,Manchester United,1,3,1,1,4,-2,0
2013,Fulham,Swansea City,1,2,1,1,3,-1,0
2013,Fulham,West Ham United,2,1,1,1,3,1,1
2013,Hull City,Cardiff City,1,1,1,1,2,0,0
2013,Hull City,Manchester City,0,2,1,1,2,-2,0
2013,Hull City,Norwich City,1,0,1,1,1,1,1
2013,Hull City,Sunderland,1,0,1,1,1,1,1
2013,Liverpool,Aston Villa,2,2,1,1,4,0,0
2013,Liverpool,Hull City,2,0,1,1,2,2,1
2013,Liverpool,Newcastle United,2,1,1,1,3,1,1
2013,Manchester City,Arsenal,6,3,1,1,9,3,1
2013,Manchester City,Chelsea,0,1,1,1,1,-1,0
2013,Manchester City,Fulham,5,0,1,1,5,5,1
2013,Manchester City,Southampton,4,1,1,1,5,3,1
2013,Manchester United,Cardiff City,2,0,1,1,2,2,1
2013,Manchester United,Liverpool,0,3,1,1,3,-3,0
2013,Manchester United,Norwich City,4,0,1,1,4,4,1
2013,Newcastle United,Aston Villa,1,0,1,1,1,1,1
2013,Newcastle United,Manchester United,0,4,1,1,4,-4,0
2013,Norwich City,Arsenal,0,2,1,1,2,-2,0
2013,Norwich City,Chelsea,1,3,1,1,4,-2,0
2013,Norwich City,Fulham,1,2,1,1,3,-1,0
2013,Norwich City,Manchester City,0,0,1,1,0,0,0
2013,Southampton,Cardiff City,0,1,1,1,1,-1,0
2013,Southampton,Everton,2,0,1,1,2,2,1
2013,Stoke City,Aston Villa,2,1,1,1,3,1,1
2013,Stoke City,Crystal Palace,2,1,1,1,3,1,1
2013,Stoke City,Southampton,1,1,1,1,2,0,0
2013,Sunderland,Arsenal,1,3,1,1,4,-2,0
2013,Sunderland,Norwich City,0,0,1,1,0,0,0
2013,Swansea City,Cardiff City,3,0,1,1,3,3,1
2013,Swansea City,West Bromwich Albion,1,2,1,1,3,-1,0
2013,Tottenham Hotspur,Aston Villa,3,0,1,1,3,3,1
2013,Tottenham Hotspur,Crystal Palace,2,0,1,1,2,2,1
2013,Tottenham Hotspur,Hull City,1,0,1,1,1,1,1
2013,West Bromwich Albion,Arsenal,1,1,1,1,2,0,0
2013,West Bromwich Albion,Chelsea,1,1,1,1,2,0,0
2013,West Bromwich Albion,Fulham,1,1,1,1,2,0,0
2013,West Bromwich Albion,West Ham United,1,0,1,1,1,1,1
2013,West Ham United,Cardiff City,2,0,1,1,2,2,1
2013,West Ham United,Tottenham Hotspur,2,0,1,1,2,2,1
2013,AFC Bournemouth,Bolton Wanderers,0,2,2,2,2,-2,0
2013,AFC Bournemouth,Charlton Athletic,2,1,2,2,3,1,1
2013,AFC Bournemouth,Yeovil,3,0,2,2,3,3,1
2013,Barnsley,Derby County,1,2,2,2,3,-1,0
2013,Barnsley,Middlesbrough,3,2,2,2,5,1,1
2013,Barnsley,Queens Park Rangers,2,3,2,2,5,-1,0
2013,Birmingham City,AFC Bournemouth,2,4,2,2,6,-2,0
2013,Birmingham City,Blackpool,1,1,2,2,2,0,0
2013,Birmingham City,Leeds United,1,3,2,2,4,-2,0
2013,Birmingham City,Millwall,4,0,2,2,4,4,1
2013,Birmingham City,Reading,1,2,2,2,3,-1,0
2013,Blackburn Rovers,Bolton Wanderers,4,1,2,2,5,3,1
2013,Blackburn Rovers,Huddersfield Town,0,0,2,2,0,0,0
2013,Blackburn Rovers,Leicester City,1,1,2,2,2,0,0
2013,Blackburn Rovers,Nottingham Forest,0,1,2,2,1,-1,0
2013,Blackburn Rovers,Sheffield Wednesday,0,0,2,2,0,0,0
2013,Blackpool,Brighton & Hove Albion,0,1,2,2,1,-1,0
2013,Blackpool,Ipswich Town,2,3,2,2,5,-1,0
2013,Blackpool,Middlesbrough,0,2,2,2,2,-2,0
2013,Blackpool,Queens Park Rangers,0,2,2,2,2,-2,0
2013,Blackpool,Watford,1,0,2,2,1,1,1
2013,Bolton Wanderers,AFC Bournemouth,2,2,2,2,4,0,0
2013,Bolton Wanderers,Blackburn Rovers,4,0,2,2,4,4,1
2013,Bolton Wanderers,Burnley,0,1,2,2,1,-1,0
2013,Bolton Wanderers,Millwall,3,1,2,2,4,2,1
2013,Bolton Wanderers,Reading,1,1,2,2,2,0,0
2013,Brighton & Hove Albion,Barnsley,1,2,2,2,3,-1,0
2013,Brighton & Hove Albion,Blackpool,1,1,2,2,2,0,0
2013,Brighton & Hove Albion,Leicester City,3,1,2,2,4,2,1
2013,Brighton & Hove Albion,Sheffield Wednesday,1,1,2,2,2,0,0
2013,Burnley,Bolton Wanderers,1,1,2,2,2,0,0
2013,Burnley,Queens Park Rangers,2,0,2,2,2,2,1
2013,Burnley,Watford,0,0,2,2,0,0,0
2013,Charlton Athletic,Brighton & Hove Albion,3,2,2,2,5,1,1
2013,Charlton Athletic,Doncaster Rovers,2,0,2,2,2,2,1
2013,Charlton Athletic,Wigan Athletic,0,0,2,2,0,0,0
2013,Derby County,Huddersfield Town,3,1,2,2,4,2,1
2013,Derby County,Leicester City,0,1,2,2,1,-1,0
2013,Derby County,Sheffield Wednesday,3,0,2,2,3,3,1
2013,Derby County,Yeovil,3,2,2,2,5,1,1
2013,Doncaster Rovers,Middlesbrough,0,0,2,2,0,0,0
2013,Doncaster Rovers,Queens Park Rangers,2,1,2,2,3,1,1
2013,Huddersfield Town,Brighton & Hove Albion,1,1,2,2,2,0,0
2013,Huddersfield Town,Derby County,1,1,2,2,2,0,0
2013,Huddersfield Town,Leeds United,3,2,2,2,5,1,1
2013,Huddersfield Town,Reading,0,1,2,2,1,-1,0
2013,Huddersfield Town,Wigan Athletic,1,0,2,2,1,1,1
2013,Ipswich Town,Burnley,0,1,2,2,1,-1,0
2013,Ipswich Town,Doncaster Rovers,2,1,2,2,3,1,1
2013,Ipswich Town,Leicester City,1,2,2,2,3,-1,0
2013,Ipswich Town,Sheffield Wednesday,2,1,2,2,3,1,1
2013,Ipswich Town,Yeovil,2,1,2,2,3,1,1
2013,Leeds United,Birmingham City,4,0,2,2,4,4,1
2013,Leeds United,Bolton Wanderers,1,5,2,2,6,-4,0
2013,Leeds United,Charlton Athletic,0,1,2,2,1,-1,0
2013,Leeds United,Queens Park Rangers,0,1,2,2,1,-1,0
2013,Leeds United,Watford,3,3,2,2,6,0,0
2013,Leicester City,Blackburn Rovers,2,1,2,2,3,1,1
2013,Leicester City,Ipswich Town,3,0,2,2,3,3,1
2013,Leicester City,Millwall,3,0,2,2,3,3,1
2013,Leicester City,Reading,1,0,2,2,1,1,1
2013,Middlesbrough,Barnsley,3,1,2,2,4,2,1
2013,Middlesbrough,Blackpool,1,1,2,2,2,0,0
2013,Middlesbrough,Doncaster Rovers,4,0,2,2,4,4,1
2013,Middlesbrough,Nottingham Forest,1,1,2,2,2,0,0
2013,Middlesbrough,Yeovil,4,1,2,2,5,3,1
2013,Millwall,Birmingham City,2,3,2,2,5,-1,0
2013,Millwall,Huddersfield Town,0,1,2,2,1,-1,0
2013,Nottingham Forest,Blackburn Rovers,4,1,2,2,5,3,1
2013,Nottingham Forest,Brighton & Hove Albion,1,2,2,2,3,-1,0
2013,Nottingham Forest,Derby County,1,0,2,2,1,1,1
2013,Nottingham Forest,Reading,2,3,2,2,5,-1,0
2013,Nottingham Forest,Wigan Athletic,1,4,2,2,5,-3,0
2013,Queens Park Rangers,Barnsley,2,0,2,2,2,2,1
2013,Queens Park Rangers,Burnley,3,3,2,2,6,0,0
2013,Queens Park Rangers,Doncaster Rovers,2,1,2,2,3,1,1
2013,Queens Park Rangers,Millwall,1,1,2,2,2,0,0
2013,Queens Park Rangers,Yeovil,3,0,2,2,3,3,1
2013,Reading,Birmingham City,2,0,2,2,2,2,1
2013,Reading,Charlton Athletic,1,0,2,2,1,1,1
2013,Sheffield Wednesday,Wigan Athletic,0,3,2,2,3,-3,0
2013,Watford,Barnsley,3,0,2,2,3,3,1
2013,Watford,Leeds United,3,0,2,2,3,3,1
2013,Watford,Millwall,4,0,2,2,4,4,1
2013,Watford,Reading,0,1,2,2,1,-1,0
2013,Wigan Athletic,Bolton Wanderers,3,2,2,2,5,1,1
2013,Wigan Athletic,Charlton Athletic,2,1,2,2,3,1,1
2013,Yeovil,AFC Bournemouth,1,1,2,2,2,0,0
2013,Yeovil,Brighton & Hove Albion,0,0,2,2,0,0,0
2013,Yeovil,Derby County,0,3,2,2,3,-3,0
2013,Yeovil,Ipswich Town,0,1,2,2,1,-1,0
2013,Yeovil,Middlesbrough,1,4,2,2,5,-3,0
2013,Yeovil,Queens Park Rangers,0,1,2,2,1,-1,0
2013,Bradford City,Coventry City,3,3,3,3,6,0,0
2013,Bradford City,Swindon Town,1,1,3,3,2,0,0
2013,Bradford City,Wolverhampton Wanderers,1,2,3,3,3,-1,0
2013,Brentford,Crawley Town,1,0,3,3,1,1,1
2013,Brentford,Tranmere Rovers,2,0,3,3,2,2,1
2013,Bristol City,Milton Keynes Dons,2,2,3,3,4,0,0
2013,Bristol City,Rotherham United,1,2,3,3,3,-1,0
2013,Carlisle United,Brentford,0,0,3,3,0,0,0
2013,Carlisle United,Notts County,2,1,3,3,3,1,1
2013,Carlisle United,Swindon Town,1,0,3,3,1,1,1
2013,Carlisle United,Wolverhampton Wanderers,2,2,3,3,4,0,0
2013,Colchester United,Oldham Athletic,0,1,3,3,1,-1,0
2013,Coventry City,Rotherham United,0,3,3,3,3,-3,0
2013,Coventry City,Stevenage Borough,1,0,3,3,1,1,1
2013,Crawley Town,Gillingham,3,2,3,3,5,1,1
2013,Crawley Town,Notts County,1,0,3,3,1,1,1
2013,Crawley Town,Sheffield United,0,2,3,3,2,-2,0
2013,Crawley Town,Swindon Town,0,0,3,3,0,0,0
2013,Crewe Alexandra,Bristol City,1,0,3,3,1,1,1
2013,Crewe Alexandra,Coventry City,1,2,3,3,3,-1,0
2013,Crewe Alexandra,Leyton Orient,1,2,3,3,3,-1,0
2013,Crewe Alexandra,Oldham Athletic,1,1,3,3,2,0,0
2013,Gillingham,Crawley Town,1,0,3,3,1,1,1
2013,Gillingham,Rotherham United,3,4,3,3,7,-1,0
2013,Leyton Orient,Colchester United,2,1,3,3,3,1,1
2013,Leyton Orient,Notts County,5,1,3,3,6,4,1
2013,Milton Keynes Dons,Oldham Athletic,2,1,3,3,3,1,1
2013,Milton Keynes Dons,Preston North End,0,0,3,3,0,0,0
2013,Milton Keynes Dons,Shrewsbury Town,3,2,3,3,5,1,1
2013,Notts County,Bradford City,3,0,3,3,3,3,1
2013,Notts County,Walsall,1,5,3,3,6,-4,0
2013,Oldham Athletic,Brentford,0,0,3,3,0,0,0
2013,Oldham Athletic,Colchester United,0,2,3,3,2,-2,0
2013,Oldham Athletic,Port Vale,3,1,3,3,4,2,1
2013,Oldham Athletic,Swindon Town,2,1,3,3,3,1,1
2013,Oldham Athletic,Wolverhampton Wanderers,0,3,3,3,3,-3,0
2013,Peterborough United,Coventry City,1,0,3,3,1,1,1
2013,Peterborough United,Notts County,4,3,3,3,7,1,1
2013,Peterborough United,Shrewsbury Town,1,0,3,3,1,1,1
2013,Port Vale,Carlisle United,2,1,3,3,3,1,1
2013,Port Vale,Crawley Town,2,1,3,3,3,1,1
2013,Port Vale,Leyton Orient,0,2,3,3,2,-2,0
2013,Port Vale,Oldham Athletic,1,0,3,3,1,1,1
2013,Port Vale,Rotherham United,2,0,3,3,2,2,1
2013,Port Vale,Stevenage Borough,2,2,3,3,4,0,0
2013,Port Vale,Walsall,1,0,3,3,1,1,1
2013,Preston North End,Milton Keynes Dons,2,2,3,3,4,0,0
2013,Preston North End,Peterborough United,3,1,3,3,4,2,1
2013,Preston North End,Wolverhampton Wanderers,0,0,3,3,0,0,0
2013,Rotherham United,Coventry City,1,3,3,3,4,-2,0
2013,Rotherham United,Shrewsbury Town,2,2,3,3,4,0,0
2013,Sheffield United,Bradford City,2,2,3,3,4,0,0
2013,Sheffield United,Carlisle United,1,0,3,3,1,1,1
2013,Sheffield United,Stevenage Borough,1,0,3,3,1,1,1
2013,Sheffield United,Walsall,1,1,3,3,2,0,0
2013,Shrewsbury Town,Brentford,1,1,3,3,2,0,0
2013,Shrewsbury Town,Milton Keynes Dons,0,0,3,3,0,0,0
2013,Shrewsbury Town,Swindon Town,2,0,3,3,2,2,1
2013,Stevenage Borough,Gillingham,3,1,3,3,4,2,1
2013,Stevenage Borough,Tranmere Rovers,3,1,3,3,4,2,1
2013,Swindon Town,Crawley Town,1,1,3,3,2,0,0
2013,Swindon Town,Leyton Orient,1,3,3,3,4,-2,0
2013,Swindon Town,Oldham Athletic,0,1,3,3,1,-1,0
2013,Swindon Town,Shrewsbury Town,3,1,3,3,4,2,1
2013,Tranmere Rovers,Peterborough United,0,5,3,3,5,-5,0
2013,Tranmere Rovers,Rotherham United,1,2,3,3,3,-1,0
2013,Tranmere Rovers,Wolverhampton Wanderers,1,1,3,3,2,0,0
2013,Walsall,Port Vale,0,2,3,3,2,-2,0
2013,Walsall,Sheffield United,2,1,3,3,3,1,1
2013,Wolverhampton Wanderers,Oldham Athletic,2,0,3,3,2,2,1
2013,Accrington,Exeter City,2,3,4,4,5,-1,0
2013,Accrington,Northampton Town,0,1,4,4,1,-1,0
2013,Accrington,Portsmouth,2,2,4,4,4,0,0
2013,AFC Wimbledon,Burton Albion,3,1,4,4,4,2,1
2013,AFC Wimbledon,Morecambe,0,3,4,4,3,-3,0
2013,AFC Wimbledon,Oxford United,0,2,4,4,2,-2,0
2013,AFC Wimbledon,Rochdale,0,3,4,4,3,-3,0
2013,Bristol Rovers,Accrington,0,1,4,4,1,-1,0
2013,Bristol Rovers,Bury,1,1,4,4,2,0,0
2013,Bristol Rovers,Hartlepool United,2,2,4,4,4,0,0
2013,Bristol Rovers,Plymouth Argyle,2,1,4,4,3,1,1
2013,Bristol Rovers,Scunthorpe United,0,0,4,4,0,0,0
2013,Burton Albion,AFC Wimbledon,1,1,4,4,2,0,0
2013,Burton Albion,Exeter City,1,1,4,4,2,0,0
2013,Burton Albion,Northampton Town,1,0,4,4,1,1,1
2013,Burton Albion,York City,1,1,4,4,2,0,0
2013,Bury,Bristol Rovers,2,1,4,4,3,1,1
2013,Bury,Fleetwood Town,2,2,4,4,4,0,0
2013,Cheltenham,Burton Albion,2,2,4,4,4,0,0
2013,Cheltenham,Newport County,0,0,4,4,0,0,0
2013,Cheltenham,Scunthorpe United,0,2,4,4,2,-2,0
2013,Cheltenham,Wycombe Wanderers,1,1,4,4,2,0,0
2013,Chesterfield,Mansfield Town,0,1,4,4,1,-1,0
2013,Chesterfield,Northampton Town,0,0,4,4,0,0,0
2013,Chesterfield,Portsmouth,0,0,4,4,0,0,0
2013,Chesterfield,York City,2,2,4,4,4,0,0
2013,Dagenham and Redbridge,Bristol Rovers,2,0,4,4,2,2,1
2013,Dagenham and Redbridge,Fleetwood Town,0,1,4,4,1,-1,0
2013,Dagenham and Redbridge,Oxford United,1,0,4,4,1,1,1
2013,Exeter City,Hartlepool United,0,3,4,4,3,-3,0
2013,Exeter City,Newport County,0,2,4,4,2,-2,0
2013,Exeter City,Plymouth Argyle,3,1,4,4,4,2,1
2013,Exeter City,Scunthorpe United,2,0,4,4,2,2,1
2013,Fleetwood Town,AFC Wimbledon,0,0,4,4,0,0,0
2013,Fleetwood Town,Bury,2,1,4,4,3,1,1
2013,Fleetwood Town,Mansfield Town,5,4,4,4,9,1,1
2013,Fleetwood Town,Portsmouth,3,1,4,4,4,2,1
2013,Hartlepool United,Bristol Rovers,4,0,4,4,4,4,1
2013,Hartlepool United,Exeter City,0,2,4,4,2,-2,0
2013,Hartlepool United,Rochdale,0,3,4,4,3,-3,0
2013,Mansfield Town,Accrington,2,3,4,4,5,-1,0
2013,Mansfield Town,Burton Albion,0,0,4,4,0,0,0
2013,Mansfield Town,Chesterfield,0,0,4,4,0,0,0
2013,Mansfield Town,Newport County,2,1,4,4,3,1,1
2013,Morecambe,AFC Wimbledon,1,1,4,4,2,0,0
2013,Morecambe,Dagenham and Redbridge,2,2,4,4,4,0,0
2013,Morecambe,Hartlepool United,1,2,4,4,3,-1,0
2013,Morecambe,Northampton Town,1,1,4,4,2,0,0
2013,Morecambe,Southend United,2,1,4,4,3,1,1
2013,Newport County,Cheltenham,0,1,4,4,1,-1,0
2013,Newport County,Exeter City,1,1,4,4,2,0,0
2013,Newport County,Oxford United,3,2,4,4,5,1,1
2013,Newport County,Rochdale,2,1,4,4,3,1,1
2013,Northampton Town,Accrington,1,0,4,4,1,1,1
2013,Northampton Town,Burton Albion,1,0,4,4,1,1,1
2013,Northampton Town,Fleetwood Town,1,0,4,4,1,1,1
2013,Northampton Town,Morecambe,0,0,4,4,0,0,0
2013,Northampton Town,Plymouth Argyle,0,2,4,4,2,-2,0
2013,Northampton Town,Scunthorpe United,1,1,4,4,2,0,0
2013,Northampton Town,Wycombe Wanderers,1,4,4,4,5,-3,0
2013,Oxford United,Hartlepool United,1,0,4,4,1,1,1
2013,Oxford United,Portsmouth,0,0,4,4,0,0,0
2013,Oxford United,York City,0,1,4,4,1,-1,0
2013,Plymouth Argyle,Cheltenham,1,1,4,4,2,0,0
2013,Plymouth Argyle,Exeter City,1,2,4,4,3,-1,0
2013,Plymouth Argyle,Northampton Town,1,0,4,4,1,1,1
2013,Plymouth Argyle,Rochdale,1,0,4,4,1,1,1
2013,Plymouth Argyle,Torquay United,2,0,4,4,2,2,1
2013,Portsmouth,Burton Albion,0,0,4,4,0,0,0
2013,Portsmouth,Chesterfield,0,2,4,4,2,-2,0
2013,Portsmouth,Fleetwood Town,0,1,4,4,1,-1,0
2013,Portsmouth,Oxford United,1,4,4,4,5,-3,0
2013,Portsmouth,Scunthorpe United,1,2,4,4,3,-1,0
2013,Rochdale,AFC Wimbledon,1,2,4,4,3,-1,0
2013,Rochdale,Bury,1,0,4,4,1,1,1
2013,Rochdale,Dagenham and Redbridge,0,1,4,4,1,-1,0
2013,Rochdale,Southend United,0,3,4,4,3,-3,0
2013,Rochdale,York City,0,0,4,4,0,0,0
2013,Scunthorpe United,Cheltenham,2,0,4,4,2,2,1
2013,Scunthorpe United,Exeter City,0,4,4,4,4,-4,0
2013,Scunthorpe United,Northampton Town,1,1,4,4,2,0,0
2013,Scunthorpe United,Portsmouth,5,1,4,4,6,4,1
2013,Southend United,Burton Albion,1,0,4,4,1,1,1
2013,Southend United,Fleetwood Town,2,0,4,4,2,2,1
2013,Southend United,Rochdale,1,1,4,4,2,0,0
2013,Southend United,Wycombe Wanderers,1,1,4,4,2,0,0
2013,Torquay United,AFC Wimbledon,1,1,4,4,2,0,0
2013,Torquay United,Plymouth Argyle,1,1,4,4,2,0,0
2013,Torquay United,Scunthorpe United,0,1,4,4,1,-1,0
2013,Torquay United,York City,0,3,4,4,3,-3,0
2013,Wycombe Wanderers,Cheltenham,1,2,4,4,3,-1,0
2013,Wycombe Wanderers,Exeter City,1,1,4,4,2,0,0
2013,Wycombe Wanderers,Mansfield Town,0,1,4,4,1,-1,0
2013,Wycombe Wanderers,Northampton Town,1,1,4,4,2,0,0
2013,Wycombe Wanderers,Southend United,2,1,4,4,3,1,1
2013,York City,Accrington,1,1,4,4,2,0,0
2014,West Bromwich Albion,Sunderland,2,2,1,1,4,0,0
2014,Aston Villa,Newcastle United,0,0,1,1,0,0,0
2014,Southampton,West Bromwich Albion,0,0,1,1,0,0,0
2014,Hull City,Stoke City,1,1,1,1,2,0,0
2014,Manchester City,Liverpool,3,1,1,1,4,2,1
2014,West Ham United,Southampton,1,3,1,1,4,-2,0
2014,Tottenham Hotspur,Liverpool,0,3,1,1,3,-3,0
2014,Stoke City,Leicester City,0,1,1,1,1,-1,0
2014,Liverpool,Aston Villa,0,1,1,1,1,-1,0
2014,Queens Park Rangers,Stoke City,2,2,1,1,4,0,0
2014,Crystal Palace,Leicester City,2,0,1,1,2,2,1
2014,Southampton,Queens Park Rangers,2,1,1,1,3,1,1
2014,West Bromwich Albion,Burnley,4,0,1,1,4,4,1
2014,Tottenham Hotspur,Southampton,1,0,1,1,1,1,1
2014,Manchester City,Tottenham Hotspur,4,1,1,1,5,3,1
2014,Newcastle United,Leicester City,1,0,1,1,1,1,1
2014,West Bromwich Albion,Manchester United,2,2,1,1,4,0,0
2014,Southampton,Stoke City,1,0,1,1,1,1,1
2014,Liverpool,Chelsea,1,2,1,1,3,-1,0
2014,Southampton,Leicester City,2,0,1,1,2,2,1
2014,Swansea City,Arsenal,2,1,1,1,3,1,1
2014,Stoke City,Burnley,1,2,1,1,3,-1,0
2014,Hull City,Tottenham Hotspur,1,2,1,1,3,-1,0
2014,Burnley,Newcastle United,1,1,1,1,2,0,0
2014,Arsenal,Southampton,1,0,1,1,1,1,1
2014,Sunderland,Manchester City,1,4,1,1,5,-3,0
2014,Tottenham Hotspur,Crystal Palace,0,0,1,1,0,0,0
2014,Aston Villa,Leicester City,2,1,1,1,3,1,1
2014,Manchester United,Liverpool,3,0,1,1,3,3,1
2014,Manchester City,Crystal Palace,3,0,1,1,3,3,1
2014,Queens Park Rangers,West Bromwich Albion,3,2,1,1,5,1,1
2014,Manchester United,Newcastle United,3,1,1,1,4,2,1
2014,Manchester City,Burnley,2,2,1,1,4,0,0
2014,West Ham United,Arsenal,1,2,1,1,3,-1,0
2014,Liverpool,Leicester City,2,2,1,1,4,0,0
2014,Queens Park Rangers,Swansea City,1,1,1,1,2,0,0
2014,Tottenham Hotspur,Chelsea,5,3,1,1,8,2,1
2014,Chelsea,Newcastle United,2,0,1,1,2,2,1
2014,Burnley,Crystal Palace,2,3,1,1,5,-1,0
2014,Swansea City,Chelsea,0,5,1,1,5,-5,0
2014,Hull City,Newcastle United,0,3,1,1,3,-3,0
2014,Manchester United,Leicester City,3,1,1,1,4,2,1
2014,West Bromwich Albion,Tottenham Hotspur,0,3,1,1,3,-3,0
2014,Southampton,Swansea City,0,1,1,1,1,-1,0
2014,Leicester City,Crystal Palace,0,1,1,1,1,-1,0
2014,Hull City,Aston Villa,2,0,1,1,2,2,1
2014,Manchester United,Burnley,3,1,1,1,4,2,1
2014,Stoke City,Manchester City,1,4,1,1,5,-3,0
2014,Manchester City,Newcastle United,5,0,1,1,5,5,1
2014,Southampton,Liverpool,0,2,1,1,2,-2,0
2014,Manchester United,Sunderland,2,0,1,1,2,2,1
2014,Queens Park Rangers,Tottenham Hotspur,1,2,1,1,3,-1,0
2014,Chelsea,Southampton,1,1,1,1,2,0,0
2014,Swansea City,Liverpool,0,1,1,1,1,-1,0
2014,Tottenham Hotspur,Leicester City,4,3,1,1,7,1,1
2014,Everton,Southampton,1,0,1,1,1,1,1
2014,Swansea City,Hull City,3,1,1,1,4,2,1
2014,Tottenham Hotspur,Aston Villa,0,1,1,1,1,-1,0
2014,Liverpool,Newcastle United,2,0,1,1,2,2,1
2014,Chelsea,Manchester United,1,0,1,1,1,1,1
2014,Queens Park Rangers,West Ham United,0,0,1,1,0,0,0
2014,Manchester City,Aston Villa,3,2,1,1,5,1,1
2014,Leicester City,Newcastle United,3,0,1,1,3,3,1
2014,Sunderland,Southampton,2,1,1,1,3,1,1
2014,Chelsea,Liverpool,1,1,1,1,2,0,0
2014,Tottenham Hotspur,Hull City,2,0,1,1,2,2,1
2014,Swansea City,Manchester City,2,4,1,1,6,-2,0
2014,Arsenal,West Bromwich Albion,4,1,1,1,5,3,1
2014,Crystal Palace,Swansea City,1,0,1,1,1,1,1
2014,Leicester City,Queens Park Rangers,5,1,1,1,6,4,1
2014,Wigan Athletic,Reading,2,2,2,2,4,0,0
2014,Sheffield Wednesday,Derby County,0,0,2,2,0,0,0
2014,Charlton Athletic,Derby County,3,2,2,2,5,1,1
2014,Cardiff City,Wigan Athletic,1,0,2,2,1,1,1
2014,Middlesbrough,Sheffield Wednesday,2,3,2,2,5,-1,0
2014,Wigan Athletic,Blackpool,1,0,2,2,1,1,1
2014,Brighton & Hove Albion,Bolton Wanderers,2,1,2,2,3,1,1
2014,Leeds United,Bolton Wanderers,1,0,2,2,1,1,1
2014,Blackpool,Wolverhampton Wanderers,0,0,2,2,0,0,0
2014,Nottingham Forest,Derby County,1,1,2,2,2,0,0
2014,Blackpool,Watford,0,1,2,2,1,-1,0
2014,Reading,Millwall,3,2,2,2,5,1,1
2014,Nottingham Forest,Fulham,5,3,2,2,8,2,1
2014,Millwall,Nottingham Forest,0,0,2,2,0,0,0
2014,Wigan Athletic,Ipswich Town,1,2,2,2,3,-1,0
2014,AFC Bournemouth,Wigan Athletic,2,0,2,2,2,2,1
2014,Blackburn Rovers,Watford,2,2,2,2,4,0,0
2014,Ipswich Town,Rotherham United,2,0,2,2,2,2,1
2014,Fulham,Bolton Wanderers,4,0,2,2,4,4,1
2014,Watford,Brighton & Hove Albion,1,1,2,2,2,0,0
2014,Derby County,Millwall,0,0,2,2,0,0,0
2014,Blackburn Rovers,Huddersfield Town,0,0,2,2,0,0,0
2014,Brighton & Hove Albion,Middlesbrough,1,2,2,2,3,-1,0
2014,Charlton Athletic,Bolton Wanderers,2,1,2,2,3,1,1
2014,AFC Bournemouth,Reading,3,0,2,2,3,3,1
2014,Sheffield Wednesday,Norwich City,0,0,2,2,0,0,0
2014,Charlton Athletic,Sheffield Wednesday,1,1,2,2,2,0,0
2014,Watford,Millwall,3,1,2,2,4,2,1
2014,Middlesbrough,Norwich City,4,0,2,2,4,4,1
2014,Reading,Rotherham United,3,0,2,2,3,3,1
2014,Fulham,Blackpool,2,2,2,2,4,0,0
2014,Nottingham Forest,Norwich City,2,1,2,2,3,1,1
2014,Leeds United,Blackpool,3,1,2,2,4,2,1
2014,Watford,Derby County,1,2,2,2,3,-1,0
2014,Norwich City,Brighton & Hove Albion,3,3,2,2,6,0,0
2014,Rotherham United,Birmingham City,0,1,2,2,1,-1,0
2014,Watford,Cardiff City,0,1,2,2,1,-1,0
2014,Brentford,Wolverhampton Wanderers,4,0,2,2,4,4,1
2014,Blackburn Rovers,Sheffield Wednesday,1,2,2,2,3,-1,0
2014,Nottingham Forest,Charlton Athletic,1,1,2,2,2,0,0
2014,Wigan Athletic,Norwich City,0,1,2,2,1,-1,0
2014,Watford,Wigan Athletic,2,1,2,2,3,1,1
2014,Bolton Wanderers,Ipswich Town,0,0,2,2,0,0,0
2014,Norwich City,Huddersfield Town,5,0,2,2,5,5,1
2014,Cardiff City,Brentford,2,3,2,2,5,-1,0
2014,Blackpool,AFC Bournemouth,1,6,2,2,7,-5,0
2014,Nottingham Forest,Leeds United,1,1,2,2,2,0,0
2014,Leeds United,Wigan Athletic,0,2,2,2,2,-2,0
2014,Watford,Wolverhampton Wanderers,0,1,2,2,1,-1,0
2014,Reading,Norwich City,2,1,2,2,3,1,1
2014,Wolverhampton Wanderers,Brentford,2,1,2,2,3,1,1
2014,Fulham,Brighton & Hove Albion,0,2,2,2,2,-2,0
2014,Reading,Middlesbrough,0,0,2,2,0,0,0
2014,Blackburn Rovers,Wolverhampton Wanderers,0,1,2,2,1,-1,0
2014,Leeds United,Birmingham City,1,1,2,2,2,0,0
2014,Brighton & Hove Albion,Brentford,0,1,2,2,1,-1,0
2014,Derby County,Blackburn Rovers,2,0,2,2,2,2,1
2014,Huddersfield Town,Leeds United,1,2,2,2,3,-1,0
2014,Nottingham Forest,Millwall,0,1,2,2,1,-1,0
2014,Middlesbrough,Charlton Athletic,3,1,2,2,4,2,1
2014,Brighton & Hove Albion,Nottingham Forest,2,3,2,2,5,-1,0
2014,Wolverhampton Wanderers,Reading,1,2,2,2,3,-1,0
2014,Cardiff City,Brighton & Hove Albion,0,0,2,2,0,0,0
2014,Ipswich Town,Sheffield Wednesday,2,1,2,2,3,1,1
2014,Rotherham United,Derby County,3,3,2,2,6,0,0
2014,Ipswich Town,Reading,0,1,2,2,1,-1,0
2014,Millwall,Fulham,0,0,2,2,0,0,0
2014,Derby County,Charlton Athletic,2,0,2,2,2,2,1
2014,Bolton Wanderers,Brighton & Hove Albion,1,0,2,2,1,1,1
2014,Norwich City,Ipswich Town,2,0,2,2,2,2,1
2014,Norwich City,Wigan Athletic,0,1,2,2,1,-1,0
2014,Nottingham Forest,Middlesbrough,2,1,2,2,3,1,1
2014,Wolverhampton Wanderers,Watford,2,2,2,2,4,0,0
2014,Derby County,Middlesbrough,0,1,2,2,1,-1,0
2014,Wigan Athletic,Watford,0,2,2,2,2,-2,0
2014,Reading,Birmingham City,0,1,2,2,1,-1,0
2014,Fulham,Brentford,1,4,2,2,5,-3,0
2014,Bolton Wanderers,Blackpool,1,1,2,2,2,0,0
2014,Sheffield Wednesday,Huddersfield Town,1,1,2,2,2,0,0
2014,Brentford,Nottingham Forest,2,2,2,2,4,0,0
2014,Blackburn Rovers,Millwall,2,0,2,2,2,2,1
2014,Derby County,Brentford,1,1,2,2,2,0,0
2014,Reading,Blackburn Rovers,0,0,2,2,0,0,0
2014,Leeds United,Cardiff City,1,2,2,2,3,-1,0
2014,Fulham,Rotherham United,1,1,2,2,2,0,0
2014,Wigan Athletic,Wolverhampton Wanderers,0,1,2,2,1,-1,0
2014,Derby County,Reading,0,3,2,2,3,-3,0
2014,Middlesbrough,Brighton & Hove Albion,0,0,2,2,0,0,0
2014,Nottingham Forest,Cardiff City,1,2,2,2,3,-1,0
2014,Leyton Orient,Chesterfield,1,2,3,3,3,-1,0
2014,Preston North End,Notts County,1,1,3,3,2,0,0
2014,Barnsley,Crawley Town,0,1,3,3,1,-1,0
2014,Notts County,Fleetwood Town,0,1,3,3,1,-1,0
2014,Crewe Alexandra,Barnsley,1,2,3,3,3,-1,0
2014,Coventry City,Sheffield United,1,0,3,3,1,1,1
2014,Walsall,Yeovil,1,2,3,3,3,-1,0
2014,Scunthorpe United,Fleetwood Town,0,2,3,3,2,-2,0
2014,Port Vale,Notts County,0,2,3,3,2,-2,0
2014,Barnsley,Gillingham,4,1,3,3,5,3,1
2014,Port Vale,Chesterfield,1,2,3,3,3,-1,0
2014,Notts County,Bristol City,1,2,3,3,3,-1,0
2014,Peterborough United,Port Vale,3,1,3,3,4,2,1
2014,Bristol City,Doncaster Rovers,3,0,3,3,3,3,1
2014,Doncaster Rovers,Crawley Town,0,0,3,3,0,0,0
2014,Preston North End,Chesterfield,3,3,3,3,6,0,0
2014,Fleetwood Town,Barnsley,0,0,3,3,0,0,0
2014,Preston North End,Crawley Town,2,0,3,3,2,2,1
2014,Gillingham,Walsall,0,0,3,3,0,0,0
2014,Bradford City,Crewe Alexandra,2,0,3,3,2,2,1
2014,Peterborough United,Oldham Athletic,2,2,3,3,4,0,0
2014,Gillingham,Scunthorpe United,0,3,3,3,3,-3,0
2014,Fleetwood Town,Doncaster Rovers,3,1,3,3,4,2,1
2014,Leyton Orient,Milton Keynes Dons,0,0,3,3,0,0,0
2014,Swindon Town,Rochdale,2,3,3,3,5,-1,0
2014,Walsall,Chesterfield,1,0,3,3,1,1,1
2014,Swindon Town,Colchester United,2,2,3,3,4,0,0
2014,Chesterfield,Barnsley,2,1,3,3,3,1,1
2014,Milton Keynes Dons,Port Vale,1,0,3,3,1,1,1
2014,Swindon Town,Fleetwood Town,1,0,3,3,1,1,1
2014,Gillingham,Port Vale,2,2,3,3,4,0,0
2014,Yeovil,Preston North End,0,2,3,3,2,-2,0
2014,Leyton Orient,Peterborough United,1,2,3,3,3,-1,0
2014,Scunthorpe United,Crewe Alexandra,2,1,3,3,3,1,1
2014,Doncaster Rovers,Gillingham,1,2,3,3,3,-1,0
2014,Barnsley,Leyton Orient,2,0,3,3,2,2,1
2014,Yeovil,Colchester United,0,1,3,3,1,-1,0
2014,Rochdale,Notts County,2,2,3,3,4,0,0
2014,Leyton Orient,Crawley Town,4,1,3,3,5,3,1
2014,Colchester United,Gillingham,1,2,3,3,3,-1,0
2014,Rochdale,Fleetwood Town,0,2,3,3,2,-2,0
2014,Bradford City,Notts County,1,0,3,3,1,1,1
2014,Fleetwood Town,Swindon Town,2,2,3,3,4,0,0
2014,Sheffield United,Preston North End,2,1,3,3,3,1,1
2014,Crawley Town,Milton Keynes Dons,2,2,3,3,4,0,0
2014,Coventry City,Swindon Town,0,3,3,3,3,-3,0
2014,Swindon Town,Chesterfield,3,1,3,3,4,2,1
2014,Yeovil,Bradford City,1,0,3,3,1,1,1
2014,Milton Keynes Dons,Barnsley,2,0,3,3,2,2,1
2014,Swindon Town,Bradford City,2,1,3,3,3,1,1
2014,Barnsley,Port Vale,2,1,3,3,3,1,1
2014,Yeovil,Crawley Town,2,1,3,3,3,1,1
2014,Scunthorpe United,Oldham Athletic,0,1,3,3,1,-1,0
2014,Rochdale,Leyton Orient,1,0,3,3,1,1,1
2014,Barnsley,Fleetwood Town,1,2,3,3,3,-1,0
2014,Coventry City,Scunthorpe United,1,1,3,3,2,0,0
2014,Oldham Athletic,Colchester United,0,1,3,3,1,-1,0
2014,Milton Keynes Dons,Peterborough United,3,0,3,3,3,3,1
2014,Preston North End,Scunthorpe United,2,0,3,3,2,2,1
2014,Crewe Alexandra,Swindon Town,0,0,3,3,0,0,0
2014,Bristol City,Rochdale,1,0,3,3,1,1,1
2014,Scunthorpe United,Yeovil,1,1,3,3,2,0,0
2014,Preston North End,Doncaster Rovers,2,2,3,3,4,0,0
2014,Swindon Town,Gillingham,0,3,3,3,3,-3,0
2014,Yeovil,Walsall,0,1,3,3,1,-1,0
2014,Milton Keynes Dons,Chesterfield,1,2,3,3,3,-1,0
2014,Milton Keynes Dons,Preston North End,0,2,3,3,2,-2,0
2014,Barnsley,Walsall,3,0,3,3,3,3,1
2014,Bradford City,Chesterfield,0,1,3,3,1,-1,0
2014,Doncaster Rovers,Peterborough United,0,2,3,3,2,-2,0
2014,Walsall,Sheffield United,1,1,3,3,2,0,0
2014,Preston North End,Peterborough United,2,0,3,3,2,2,1
2014,Scunthorpe United,Bradford City,1,1,3,3,2,0,0
2014,Crewe Alexandra,Oldham Athletic,0,1,3,3,1,-1,0
2014,Swindon Town,Walsall,3,3,3,3,6,0,0
2014,Crawley Town,Gillingham,1,2,3,3,3,-1,0
2014,Bradford City,Oldham Athletic,2,0,3,3,2,2,1
2014,Colchester United,Swindon Town,1,1,3,3,2,0,0
2014,Preston North End,Rochdale,1,0,3,3,1,1,1
2014,Gillingham,Fleetwood Town,0,1,3,3,1,-1,0
2014,Swindon Town,Milton Keynes Dons,0,3,3,3,3,-3,0
2014,Bradford City,Preston North End,0,3,3,3,3,-3,0
2014,Chesterfield,Crewe Alexandra,1,0,3,3,1,1,1
2014,Scunthorpe United,Crawley Town,2,1,3,3,3,1,1
2014,Gillingham,Bradford City,1,0,3,3,1,1,1
2014,Coventry City,Colchester United,1,0,3,3,1,1,1
2014,Walsall,Crawley Town,5,0,3,3,5,5,1
2014,Coventry City,Oldham Athletic,1,1,3,3,2,0,0
2014,Swindon Town,Yeovil,0,1,3,3,1,-1,0
2014,Colchester United,Scunthorpe United,2,2,3,3,4,0,0
2014,Peterborough United,Crawley Town,4,3,3,3,7,1,1
2014,Fleetwood Town,Colchester United,2,3,3,3,5,-1,0
2014,Coventry City,Crewe Alexandra,1,3,3,3,4,-2,0
2014,Oldham Athletic,Peterborough United,1,1,3,3,2,0,0
2014,Bury,Cheltenham,0,1,4,4,1,-1,0
2014,Dagenham and Redbridge,Morecambe,0,3,4,4,3,-3,0
2014,Northampton Town,Mansfield Town,1,0,4,4,1,1,1
2014,Morecambe,Newport County,3,2,4,4,5,1,1
2014,Hartlepool United,Dagenham and Redbridge,0,2,4,4,2,-2,0
2014,Shrewsbury Town,Accrington,4,0,4,4,4,4,1
2014,Tranmere Rovers,Cheltenham,2,3,4,4,5,-1,0
2014,York City,Wycombe Wanderers,0,0,4,4,0,0,0
2014,Carlisle United,AFC Wimbledon,4,4,4,4,8,0,0
2014,Stevenage Borough,York City,2,3,4,4,5,-1,0
2014,Carlisle United,Bury,0,3,4,4,3,-3,0
2014,Wycombe Wanderers,Mansfield Town,2,1,4,4,3,1,1
2014,Cambridge United,Exeter City,1,2,4,4,3,-1,0
2014,Portsmouth,Dagenham and Redbridge,3,0,4,4,3,3,1
2014,York City,Luton Town,0,0,4,4,0,0,0
2014,Portsmouth,Wycombe Wanderers,1,1,4,4,2,0,0
2014,York City,Southend United,2,3,4,4,5,-1,0
2014,Carlisle United,Tranmere Rovers,1,0,4,4,1,1,1
2014,Hartlepool United,Portsmouth,0,0,4,4,0,0,0
2014,Exeter City,Hartlepool United,1,2,4,4,3,-1,0
2014,Newport County,York City,3,1,4,4,4,2,1
2014,Cheltenham,Northampton Town,3,2,4,4,5,1,1
2014,Southend United,Exeter City,1,1,4,4,2,0,0
2014,York City,Shrewsbury Town,0,1,4,4,1,-1,0
2014,Stevenage Borough,Burton Albion,1,0,4,4,1,1,1
2014,Northampton Town,AFC Wimbledon,2,0,4,4,2,2,1
2014,Luton Town,Tranmere Rovers,1,0,4,4,1,1,1
2014,Wycombe Wanderers,Burton Albion,1,3,4,4,4,-2,0
2014,Bury,Newport County,1,3,4,4,4,-2,0
2014,Tranmere Rovers,Southend United,1,2,4,4,3,-1,0
2014,Bury,Dagenham and Redbridge,0,2,4,4,2,-2,0
2014,Shrewsbury Town,Burton Albion,1,0,4,4,1,1,1
2014,Tranmere Rovers,Portsmouth,3,1,4,4,4,2,1
2014,Dagenham and Redbridge,Tranmere Rovers,0,1,4,4,1,-1,0
2014,Morecambe,Luton Town,3,0,4,4,3,3,1
2014,Oxford United,Bury,2,1,4,4,3,1,1
2014,York City,AFC Wimbledon,2,3,4,4,5,-1,0
2014,Accrington,Wycombe Wanderers,1,1,4,4,2,0,0
2014,Carlisle United,Northampton Town,2,1,4,4,3,1,1
2014,Luton Town,Newport County,3,0,4,4,3,3,1
2014,Northampton Town,Bury,2,3,4,4,5,-1,0
2014,Southend United,Dagenham and Redbridge,0,0,4,4,0,0,0
2014,Accrington,Burton Albion,1,0,4,4,1,1,1
2014,York City,Plymouth Argyle,0,0,4,4,0,0,0
2014,Southend United,Plymouth Argyle,0,0,4,4,0,0,0
2014,Accrington,Bury,0,1,4,4,1,-1,0
2014,Bury,Wycombe Wanderers,1,1,4,4,2,0,0
2014,Northampton Town,Dagenham and Redbridge,1,0,4,4,1,1,1
2014,Portsmouth,Burton Albion,1,1,4,4,2,0,0
2014,York City,Stevenage Borough,0,2,4,4,2,-2,0
2014,Oxford United,Exeter City,2,2,4,4,4,0,0
2014,Shrewsbury Town,Stevenage Borough,3,2,4,4,5,1,1
2014,Cambridge United,Wycombe Wanderers,0,1,4,4,1,-1,0
2014,Northampton Town,Morecambe,2,1,4,4,3,1,1
2014,Portsmouth,Hartlepool United,1,0,4,4,1,1,1
2014,Carlisle United,Shrewsbury Town,1,2,4,4,3,-1,0
2014,Hartlepool United,Northampton Town,1,0,4,4,1,1,1
2014,Wycombe Wanderers,Plymouth Argyle,0,2,4,4,2,-2,0
2014,Plymouth Argyle,Cambridge United,2,0,4,4,2,2,1
2014,Morecambe,Dagenham and Redbridge,2,3,4,4,5,-1,0
2014,Carlisle United,Wycombe Wanderers,2,3,4,4,5,-1,0
2014,Hartlepool United,AFC Wimbledon,1,0,4,4,1,1,1
2014,Shrewsbury Town,Northampton Town,1,2,4,4,3,-1,0
2014,York City,Exeter City,0,0,4,4,0,0,0
2014,Carlisle United,Cheltenham,1,0,4,4,1,1,1
2014,Northampton Town,Portsmouth,1,0,4,4,1,1,1
2014,Tranmere Rovers,Wycombe Wanderers,1,2,4,4,3,-1,0
2014,Bury,Oxford United,0,1,4,4,1,-1,0
2014,Hartlepool United,Burton Albion,0,1,4,4,1,-1,0
2014,Tranmere Rovers,Dagenham and Redbridge,2,3,4,4,5,-1,0
2014,York City,Carlisle United,0,0,4,4,0,0,0
2014,Portsmouth,Cheltenham,2,2,4,4,4,0,0
2014,Bury,Northampton Town,2,1,4,4,3,1,1
2014,Hartlepool United,Mansfield Town,1,0,4,4,1,1,1
2014,Southend United,Cambridge United,0,0,4,4,0,0,0
2014,Dagenham and Redbridge,Wycombe Wanderers,0,1,4,4,1,-1,0
2014,Newport County,Hartlepool United,2,2,4,4,4,0,0
2014,York City,Cheltenham,1,0,4,4,1,1,1
2014,York City,Hartlepool United,1,0,4,4,1,1,1
2014,Stevenage Borough,Portsmouth,1,0,4,4,1,1,1
2014,Burton Albion,Carlisle United,1,1,4,4,2,0,0
2014,Cambridge United,Mansfield Town,3,1,4,4,4,2,1
2014,Luton Town,Hartlepool United,3,0,4,4,3,3,1
2014,Tranmere Rovers,Oxford United,0,3,4,4,3,-3,0
2014,York City,Newport County,0,2,4,4,2,-2,0
2014,Cambridge United,Burton Albion,2,3,4,4,5,-1,0
2014,Luton Town,Stevenage Borough,2,0,4,4,2,2,1
2014,Northampton Town,Wycombe Wanderers,2,3,4,4,5,-1,0
2015,Chelsea,Swansea City,2,2,1,1,4,0,0
2015,Crystal Palace,Arsenal,1,2,1,1,3,-1,0
2015,Manchester United,Newcastle United,0,0,1,1,0,0,0
2015,Norwich City,Stoke City,1,1,1,1,2,0,0
2015,Aston Villa,Sunderland,2,2,1,1,4,0,0
2015,Manchester City,Watford,2,0,1,1,2,2,1
2015,Watford,Swansea City,1,0,1,1,1,1,1
2015,Sunderland,Tottenham Hotspur,0,1,1,1,1,-1,0
2015,Chelsea,Arsenal,2,0,1,1,2,2,1
2015,Newcastle United,Watford,1,2,1,1,3,-1,0
2015,Manchester City,West Ham United,1,2,1,1,3,-1,0
2015,Liverpool,Aston Villa,3,2,1,1,5,1,1
2015,Watford,Crystal Palace,0,1,1,1,1,-1,0
2015,Tottenham Hotspur,Liverpool,0,0,1,1,0,0,0
2015,Swansea City,Stoke City,0,1,1,1,1,-1,0
2015,Norwich City,West Bromwich Albion,0,1,1,1,1,-1,0
2015,Manchester United,Manchester City,0,0,1,1,0,0,0
2015,Liverpool,Crystal Palace,1,2,1,1,3,-1,0
2015,Everton,Aston Villa,4,0,1,1,4,4,1
2015,Tottenham Hotspur,West Ham United,4,1,1,1,5,3,1
2015,West Ham United,West Bromwich Albion,1,1,1,1,2,0,0
2015,Southampton,Aston Villa,1,1,1,1,2,0,0
2015,Everton,Crystal Palace,1,1,1,1,2,0,0
2015,Tottenham Hotspur,Newcastle United,1,2,1,1,3,-1,0
2015,Everton,Leicester City,2,3,1,1,5,-1,0
2015,Stoke City,Crystal Palace,1,2,1,1,3,-1,0
2015,Stoke City,Manchester United,2,0,1,1,2,2,1
2015,Chelsea,Watford,2,2,1,1,4,0,0
2015,Swansea City,West Bromwich Albion,1,0,1,1,1,1,1
2015,Leicester City,Manchester City,0,0,1,1,0,0,0
2015,Watford,Manchester City,1,2,1,1,3,-1,0
2015,AFC Bournemouth,West Ham United,1,3,1,1,4,-2,0
2015,Southampton,Watford,2,0,1,1,2,2,1
2015,Stoke City,Arsenal,0,0,1,1,0,0,0
2015,Crystal Palace,Tottenham Hotspur,1,3,1,1,4,-2,0
2015,Sunderland,AFC Bournemouth,1,1,1,1,2,0,0
2015,Manchester United,Stoke City,3,0,1,1,3,3,1
2015,Liverpool,Sunderland,2,2,1,1,4,0,0
2015,AFC Bournemouth,Arsenal,0,2,1,1,2,-2,0
2015,Arsenal,Leicester City,2,1,1,1,3,1,1
2015,Liverpool,Everton,4,0,1,1,4,4,1
2015,Arsenal,Swansea City,1,2,1,1,3,-1,0
2015,Liverpool,Manchester City,3,0,1,1,3,3,1
2015,Norwich City,Manchester City,0,0,1,1,0,0,0
2015,Liverpool,Chelsea,1,1,1,1,2,0,0
2015,Crystal Palace,Leicester City,0,1,1,1,1,-1,0
2015,Swansea City,Aston Villa,1,0,1,1,1,1,1
2015,Manchester City,Manchester United,0,1,1,1,1,-1,0
2015,Liverpool,Tottenham Hotspur,1,1,1,1,2,0,0
2015,Southampton,Newcastle United,3,1,1,1,4,2,1
2015,Manchester City,West Bromwich Albion,2,1,1,1,3,1,1
2015,Chelsea,Manchester City,0,3,1,1,3,-3,0
2015,Manchester City,Stoke City,4,0,1,1,4,4,1
2015,Everton,AFC Bournemouth,2,1,1,1,3,1,1
2015,Swansea City,Liverpool,3,1,1,1,4,2,1
2015,West Ham United,Swansea City,1,4,1,1,5,-3,0
2015,Southampton,Crystal Palace,4,1,1,1,5,3,1
2015,Cardiff City,Fulham,1,1,2,2,2,0,0
2015,Charlton Athletic,Queens Park Rangers,2,0,2,2,2,2,1
2015,Sheffield Wednesday,Bristol City,2,0,2,2,2,2,1
2015,Bristol City,Brentford,2,4,2,2,6,-2,0
2015,Huddersfield Town,Blackburn Rovers,1,1,2,2,2,0,0
2015,Nottingham Forest,Rotherham United,2,1,2,2,3,1,1
2015,Wolverhampton Wanderers,Hull City,1,1,2,2,2,0,0
2015,Derby County,Middlesbrough,1,1,2,2,2,0,0
2015,Milton Keynes Dons,Bolton Wanderers,1,0,2,2,1,1,1
2015,Bristol City,Leeds United,2,2,2,2,4,0,0
2015,Charlton Athletic,Hull City,2,1,2,2,3,1,1
2015,Huddersfield Town,Queens Park Rangers,0,1,2,2,1,-1,0
2015,Sheffield Wednesday,Middlesbrough,1,3,2,2,4,-2,0
2015,Preston North End,Derby County,1,2,2,2,3,-1,0
2015,Brighton & Hove Albion,Rotherham United,2,1,2,2,3,1,1
2015,Preston North End,Bristol City,1,1,2,2,2,0,0
2015,Bristol City,Reading,0,2,2,2,2,-2,0
2015,Wolverhampton Wanderers,Brighton & Hove Albion,0,0,2,2,0,0,0
2015,Cardiff City,Charlton Athletic,2,1,2,2,3,1,1
2015,Preston North End,Wolverhampton Wanderers,1,1,2,2,2,0,0
2015,Wolverhampton Wanderers,Huddersfield Town,3,0,2,2,3,3,1
2015,Bristol City,Milton Keynes Dons,1,1,2,2,2,0,0
2015,Sheffield Wednesday,Preston North End,3,1,2,2,4,2,1
2015,Milton Keynes Dons,Blackburn Rovers,3,0,2,2,3,3,1
2015,Rotherham United,Reading,1,1,2,2,2,0,0
2015,Fulham,Leeds United,1,1,2,2,2,0,0
2015,Hull City,Birmingham City,2,0,2,2,2,2,1
2015,Burnley,Huddersfield Town,2,1,2,2,3,1,1
2015,Sheffield Wednesday,Brighton & Hove Albion,0,0,2,2,0,0,0
2015,Huddersfield Town,Leeds United,0,3,2,2,3,-3,0
2015,Brighton & Hove Albion,Milton Keynes Dons,2,1,2,2,3,1,1
2015,Fulham,Birmingham City,2,5,2,2,7,-3,0
2015,Rotherham United,Ipswich Town,2,5,2,2,7,-3,0
2015,Bristol City,Hull City,1,1,2,2,2,0,0
2015,Sheffield Wednesday,Huddersfield Town,3,1,2,2,4,2,1
2015,Brentford,Milton Keynes Dons,2,0,2,2,2,2,1
2015,Rotherham United,Wolverhampton Wanderers,1,2,2,2,3,-1,0
2015,Huddersfield Town,Bristol City,1,2,2,2,3,-1,0
2015,Queens Park Rangers,Burnley,0,0,2,2,0,0,0
2015,Cardiff City,Brentford,3,2,2,2,5,1,1
2015,Middlesbrough,Burnley,1,0,2,2,1,1,1
2015,Brighton & Hove Albion,Middlesbrough,0,3,2,2,3,-3,0
2015,Bristol City,Queens Park Rangers,1,1,2,2,2,0,0
2015,Nottingham Forest,Milton Keynes Dons,2,1,2,2,3,1,1
2015,Bristol City,Charlton Athletic,1,1,2,2,2,0,0
2015,Hull City,Burnley,3,0,2,2,3,3,1
2015,Rotherham United,Bolton Wanderers,4,0,2,2,4,4,1
2015,Nottingham Forest,Leeds United,1,1,2,2,2,0,0
2015,Queens Park Rangers,Hull City,1,2,2,2,3,-1,0
2015,Preston North End,Rotherham United,2,1,2,2,3,1,1
2015,Leeds United,Milton Keynes Dons,1,1,2,2,2,0,0
2015,Blackburn Rovers,Queens Park Rangers,1,1,2,2,2,0,0
2015,Sheffield Wednesday,Leeds United,2,0,2,2,2,2,1
2015,Blackburn Rovers,Brighton & Hove Albion,0,1,2,2,1,-1,0
2015,Huddersfield Town,Fulham,1,1,2,2,2,0,0
2015,Rotherham United,Queens Park Rangers,0,3,2,2,3,-3,0
2015,Preston North End,Huddersfield Town,2,1,2,2,3,1,1
2015,Rotherham United,Birmingham City,0,0,2,2,0,0,0
2015,Reading,Burnley,0,0,2,2,0,0,0
2015,Milton Keynes Dons,Bristol City,0,2,2,2,2,-2,0
2015,Bolton Wanderers,Queens Park Rangers,1,1,2,2,2,0,0
2015,Birmingham City,Leeds United,1,2,2,2,3,-1,0
2015,Middlesbrough,Cardiff City,3,1,2,2,4,2,1
2015,Sheffield Wednesday,Queens Park Rangers,1,1,2,2,2,0,0
2015,Reading,Rotherham United,1,0,2,2,1,1,1
2015,Nottingham Forest,Bristol City,1,2,2,2,3,-1,0
2015,Blackburn Rovers,Milton Keynes Dons,3,2,2,2,5,1,1
2015,Middlesbrough,Wolverhampton Wanderers,2,1,2,2,3,1,1
2015,Leeds United,Bolton Wanderers,2,1,2,2,3,1,1
2015,Reading,Fulham,2,2,2,2,4,0,0
2015,Milton Keynes Dons,Queens Park Rangers,2,0,2,2,2,2,1
2015,Cardiff City,Leeds United,0,2,2,2,2,-2,0
2015,Nottingham Forest,Preston North End,1,0,2,2,1,1,1
2015,Brighton & Hove Albion,Sheffield Wednesday,0,0,2,2,0,0,0
2015,Derby County,Nottingham Forest,1,0,2,2,1,1,1
2015,Birmingham City,Fulham,1,1,2,2,2,0,0
2015,Brighton & Hove Albion,Burnley,2,2,2,2,4,0,0
2015,Nottingham Forest,Brentford,0,3,2,2,3,-3,0
2015,Bolton Wanderers,Reading,0,1,2,2,1,-1,0
2015,Brentford,Bolton Wanderers,3,1,2,2,4,2,1
2015,Reading,Birmingham City,0,2,2,2,2,-2,0
2015,Ipswich Town,Brentford,1,3,2,2,4,-2,0
2015,Huddersfield Town,Hull City,2,2,2,2,4,0,0
2015,Bristol City,Sheffield Wednesday,4,1,2,2,5,3,1
2015,Hull City,Wolverhampton Wanderers,2,1,2,2,3,1,1
2015,Birmingham City,Burnley,1,2,2,2,3,-1,0
2015,Sheffield Wednesday,Ipswich Town,1,1,2,2,2,0,0
2015,Brentford,Cardiff City,2,1,2,2,3,1,1
2015,Birmingham City,Preston North End,2,2,2,2,4,0,0
2015,Derby County,Sheffield Wednesday,1,1,2,2,2,0,0
2015,Queens Park Rangers,Reading,1,1,2,2,2,0,0
2015,Brighton & Hove Albion,Derby County,1,1,2,2,2,0,0
2015,Queens Park Rangers,Bristol City,1,0,2,2,1,1,1
2015,Preston North End,Leeds United,1,1,2,2,2,0,0
2015,Hull City,Rotherham United,5,1,2,2,6,4,1
2015,Crewe Alexandra,Port Vale,0,0,3,3,0,0,0
2015,Millwall,Coventry City,0,4,3,3,4,-4,0
2015,Port Vale,Gillingham,1,1,3,3,2,0,0
2015,Colchester United,Oldham Athletic,0,0,3,3,0,0,0
2015,Rochdale,Walsall,1,2,3,3,3,-1,0
2015,Doncaster Rovers,Southend United,0,0,3,3,0,0,0
2015,Burton Albion,Peterborough United,2,1,3,3,3,1,1
2015,Fleetwood Town,Colchester United,4,0,3,3,4,4,1
2015,Port Vale,Doncaster Rovers,3,0,3,3,3,3,1
2015,Southend United,Swindon Town,0,1,3,3,1,-1,0
2015,Bradford City,Port Vale,1,0,3,3,1,1,1
2015,Rochdale,Barnsley,3,0,3,3,3,3,1
2015,Burton Albion,Rochdale,1,0,3,3,1,1,1
2015,Southend United,Shrewsbury Town,0,1,3,3,1,-1,0
2015,Bury,Port Vale,1,0,3,3,1,1,1
2015,Rochdale,Scunthorpe United,2,1,3,3,3,1,1
2015,Wigan Athletic,Fleetwood Town,2,1,3,3,3,1,1
2015,Fleetwood Town,Port Vale,1,2,3,3,3,-1,0
2015,Sheffield United,Doncaster Rovers,3,1,3,3,4,2,1
2015,Swindon Town,Colchester United,1,2,3,3,3,-1,0
2015,Doncaster Rovers,Swindon Town,2,2,3,3,4,0,0
2015,Port Vale,Oldham Athletic,1,1,3,3,2,0,0
2015,Wigan Athletic,Millwall,2,2,3,3,4,0,0
2015,Burton Albion,Southend United,1,0,3,3,1,1,1
2015,Millwall,Doncaster Rovers,2,0,3,3,2,2,1
2015,Walsall,Chesterfield,1,2,3,3,3,-1,0
2015,Chesterfield,Southend United,3,0,3,3,3,3,1
2015,Peterborough United,Wigan Athletic,2,3,3,3,5,-1,0
2015,Shrewsbury Town,Doncaster Rovers,1,2,3,3,3,-1,0
2015,Barnsley,Fleetwood Town,0,1,3,3,1,-1,0
2015,Walsall,Gillingham,3,2,3,3,5,1,1
2015,Barnsley,Port Vale,1,2,3,3,3,-1,0
2015,Chesterfield,Oldham Athletic,1,2,3,3,3,-1,0
2015,Peterborough United,Fleetwood Town,2,1,3,3,3,1,1
2015,Burton Albion,Millwall,2,1,3,3,3,1,1
2015,Coventry City,Gillingham,4,1,3,3,5,3,1
2015,Port Vale,Chesterfield,3,2,3,3,5,1,1
2015,Walsall,Sheffield United,1,1,3,3,2,0,0
2015,Bury,Scunthorpe United,1,2,3,3,3,-1,0
2015,Fleetwood Town,Millwall,2,1,3,3,3,1,1
2015,Blackpool,Fleetwood Town,1,0,3,3,1,1,1
2015,Coventry City,Doncaster Rovers,2,2,3,3,4,0,0
2015,Rochdale,Port Vale,2,1,3,3,3,1,1
2015,Southend United,Wigan Athletic,0,0,3,3,0,0,0
2015,Colchester United,Barnsley,2,3,3,3,5,-1,0
2015,Wigan Athletic,Blackpool,0,1,3,3,1,-1,0
2015,Bradford City,Southend United,2,0,3,3,2,2,1
2015,Barnsley,Wigan Athletic,0,2,3,3,2,-2,0
2015,Shrewsbury Town,Swindon Town,0,1,3,3,1,-1,0
2015,Coventry City,Port Vale,1,0,3,3,1,1,1
2015,Peterborough United,Chesterfield,2,0,3,3,2,2,1
2015,Barnsley,Blackpool,4,2,3,3,6,2,1
2015,Crewe Alexandra,Shrewsbury Town,1,2,3,3,3,-1,0
2015,Oldham Athletic,Doncaster Rovers,1,2,3,3,3,-1,0
2015,Burton Albion,Blackpool,1,0,3,3,1,1,1
2015,Scunthorpe United,Wigan Athletic,1,1,3,3,2,0,0
2015,Bury,Crewe Alexandra,0,0,3,3,0,0,0
2015,Bradford City,Oldham Athletic,1,0,3,3,1,1,1
2015,Coventry City,Burton Albion,0,2,3,3,2,-2,0
2015,Shrewsbury Town,Barnsley,0,3,3,3,3,-3,0
2015,Millwall,Port Vale,3,1,3,3,4,2,1
2015,Port Vale,Bradford City,1,1,3,3,2,0,0
2015,Southend United,Coventry City,3,0,3,3,3,3,1
2015,Bradford City,Fleetwood Town,2,1,3,3,3,1,1
2015,Rochdale,Burton Albion,2,1,3,3,3,1,1
2015,Colchester United,Chesterfield,1,1,3,3,2,0,0
2015,Chesterfield,Peterborough United,0,1,3,3,1,-1,0
2015,Port Vale,Coventry City,1,1,3,3,2,0,0
2015,Blackpool,Shrewsbury Town,2,3,3,3,5,-1,0
2015,Peterborough United,Bradford City,0,4,3,3,4,-4,0
2015,Bradford City,Rochdale,2,2,3,3,4,0,0
2015,Fleetwood Town,Scunthorpe United,2,1,3,3,3,1,1
2015,Southend United,Burton Albion,3,1,3,3,4,2,1
2015,Coventry City,Fleetwood Town,1,2,3,3,3,-1,0
2015,Gillingham,Chesterfield,1,2,3,3,3,-1,0
2015,Scunthorpe United,Oldham Athletic,1,1,3,3,2,0,0
2015,Fleetwood Town,Gillingham,2,1,3,3,3,1,1
2015,Swindon Town,Doncaster Rovers,2,0,3,3,2,2,1
2015,Coventry City,Rochdale,0,1,3,3,1,-1,0
2015,Wigan Athletic,Peterborough United,1,1,3,3,2,0,0
2015,Blackpool,Coventry City,0,1,3,3,1,-1,0
2015,Chesterfield,Walsall,1,4,3,3,5,-3,0
2015,Fleetwood Town,Barnsley,0,2,3,3,2,-2,0
2015,Walsall,Colchester United,2,1,3,3,3,1,1
2015,Peterborough United,Coventry City,3,1,3,3,4,2,1
2015,Millwall,Burton Albion,2,0,3,3,2,2,1
2015,Fleetwood Town,Peterborough United,2,0,3,3,2,2,1
2015,Colchester United,Millwall,0,0,3,3,0,0,0
2015,Port Vale,Crewe Alexandra,3,0,3,3,3,3,1
2015,Gillingham,Port Vale,0,2,3,3,2,-2,0
2015,Swindon Town,Bury,0,1,3,3,1,-1,0
2015,Barnsley,Peterborough United,1,0,3,3,1,1,1
2015,Coventry City,Bradford City,1,0,3,3,1,1,1
2015,Bradford City,Walsall,4,0,3,3,4,4,1
2015,Rochdale,Swindon Town,2,2,3,3,4,0,0
2015,Fleetwood Town,Crewe Alexandra,2,0,3,3,2,2,1
2015,Swindon Town,Shrewsbury Town,3,0,3,3,3,3,1
2015,AFC Wimbledon,Plymouth Argyle,0,2,4,4,2,-2,0
2015,Exeter City,Yeovil,3,2,4,4,5,1,1
2015,Mansfield Town,Carlisle United,1,1,4,4,2,0,0
2015,Barnet,Wycombe Wanderers,0,2,4,4,2,-2,0
2015,Yeovil,Bristol Rovers,0,1,4,4,1,-1,0
2015,Dagenham and Redbridge,Exeter City,1,2,4,4,3,-1,0
2015,Mansfield Town,Oxford United,1,1,4,4,2,0,0
2015,Wycombe Wanderers,Dagenham and Redbridge,1,1,4,4,2,0,0
2015,Luton Town,Portsmouth,1,2,4,4,3,-1,0
2015,Plymouth Argyle,Newport County,1,0,4,4,1,1,1
2015,Mansfield Town,AFC Wimbledon,1,1,4,4,2,0,0
2015,Bristol Rovers,Oxford United,0,1,4,4,1,-1,0
2015,Dagenham and Redbridge,Newport County,0,0,4,4,0,0,0
2015,Plymouth Argyle,Bristol Rovers,1,1,4,4,2,0,0
2015,Bristol Rovers,Portsmouth,1,2,4,4,3,-1,0
2015,Crawley Town,Accrington,0,3,4,4,3,-3,0
2015,Mansfield Town,Plymouth Argyle,0,0,4,4,0,0,0
2015,Oxford United,Morecambe,0,0,4,4,0,0,0
2015,AFC Wimbledon,Northampton Town,1,1,4,4,2,0,0
2015,Plymouth Argyle,Barnet,2,1,4,4,3,1,1
2015,AFC Wimbledon,Barnet,2,0,4,4,2,2,1
2015,Leyton Orient,Notts County,3,1,4,4,4,2,1
2015,Wycombe Wanderers,Northampton Town,2,3,4,4,5,-1,0
2015,Cambridge United,Portsmouth,1,3,4,4,4,-2,0
2015,Barnet,York City,3,1,4,4,4,2,1
2015,Mansfield Town,Bristol Rovers,1,2,4,4,3,-1,0
2015,Bristol Rovers,Notts County,0,0,4,4,0,0,0
2015,Morecambe,Crawley Town,3,1,4,4,4,2,1
2015,York City,Dagenham and Redbridge,2,2,4,4,4,0,0
2015,Bristol Rovers,Newport County,1,4,4,4,5,-3,0
2015,Yeovil,Cambridge United,2,3,4,4,5,-1,0
2015,Newport County,Northampton Town,2,2,4,4,4,0,0
2015,Northampton Town,Mansfield Town,1,0,4,4,1,1,1
2015,York City,Plymouth Argyle,1,2,4,4,3,-1,0
2015,Morecambe,Dagenham and Redbridge,1,0,4,4,1,1,1
2015,Barnet,Morecambe,0,0,4,4,0,0,0
2015,Mansfield Town,Hartlepool United,3,1,4,4,4,2,1
2015,Plymouth Argyle,Exeter City,1,2,4,4,3,-1,0
2015,Bristol Rovers,Stevenage Borough,1,2,4,4,3,-1,0
2015,Mansfield Town,Exeter City,0,2,4,4,2,-2,0
2015,Yeovil,Wycombe Wanderers,0,1,4,4,1,-1,0
2015,Exeter City,Bristol Rovers,1,1,4,4,2,0,0
2015,Wycombe Wanderers,Portsmouth,2,2,4,4,4,0,0
2015,Morecambe,Exeter City,1,1,4,4,2,0,0
2015,Exeter City,Luton Town,2,3,4,4,5,-1,0
2015,Wycombe Wanderers,Oxford United,2,1,4,4,3,1,1
2015,AFC Wimbledon,Bristol Rovers,0,0,4,4,0,0,0
2015,Leyton Orient,Portsmouth,3,2,4,4,5,1,1
2015,Plymouth Argyle,Yeovil,1,0,4,4,1,1,1
2015,Cambridge United,Barnet,2,1,4,4,3,1,1
2015,Portsmouth,Luton Town,0,0,4,4,0,0,0
2015,Yeovil,Oxford United,0,0,4,4,0,0,0
2015,Cambridge United,AFC Wimbledon,1,4,4,4,5,-3,0
2015,Mansfield Town,Accrington,2,3,4,4,5,-1,0
2015,Portsmouth,Crawley Town,3,0,4,4,3,3,1
2015,Yeovil,York City,1,0,4,4,1,1,1
2015,Luton Town,Yeovil,1,1,4,4,2,0,0
2015,Accrington,Notts County,3,2,4,4,5,1,1
2015,Morecambe,Yeovil,2,1,4,4,3,1,1
2015,Oxford United,Bristol Rovers,1,2,4,4,3,-1,0
2015,Cambridge United,Hartlepool United,1,1,4,4,2,0,0
2015,Mansfield Town,Luton Town,0,2,4,4,2,-2,0
2015,Notts County,AFC Wimbledon,0,2,4,4,2,-2,0
2015,Wycombe Wanderers,Leyton Orient,0,2,4,4,2,-2,0
2015,AFC Wimbledon,Yeovil,2,3,4,4,5,-1,0
2015,Leyton Orient,Cambridge United,1,3,4,4,4,-2,0
2015,Carlisle United,Accrington,2,0,4,4,2,2,1
2015,Portsmouth,Leyton Orient,0,1,4,4,1,-1,0
2015,Exeter City,Oxford United,1,4,4,4,5,-3,0
2015,Newport County,Barnet,0,3,4,4,3,-3,0
2015,Hartlepool United,Yeovil,2,1,4,4,3,1,1
2015,Oxford United,Accrington,1,2,4,4,3,-1,0
2015,Plymouth Argyle,Notts County,1,0,4,4,1,1,1
2015,Barnet,Plymouth Argyle,1,0,4,4,1,1,1
2015,Carlisle United,Leyton Orient,2,2,4,4,4,0,0
2015,Luton Town,Morecambe,1,0,4,4,1,1,1
2015,Oxford United,York City,4,0,4,4,4,4,1
2015,Barnet,Hartlepool United,1,3,4,4,4,-2,0
2015,Crawley Town,Morecambe,1,1,4,4,2,0,0
2015,Mansfield Town,Yeovil,0,1,4,4,1,-1,0
2015,Oxford United,Leyton Orient,0,1,4,4,1,-1,0
2015,Carlisle United,Wycombe Wanderers,1,1,4,4,2,0,0
2015,Leyton Orient,Morecambe,1,0,4,4,1,1,1
2015,Plymouth Argyle,Luton Town,0,1,4,4,1,-1,0
2015,Bristol Rovers,Cambridge United,3,0,4,4,3,3,1
2015,Northampton Town,Newport County,1,0,4,4,1,1,1
2015,Wycombe Wanderers,Mansfield Town,1,0,4,4,1,1,1
2015,Morecambe,Plymouth Argyle,0,2,4,4,2,-2,0
2015,Cambridge United,Oxford United,0,0,4,4,0,0,0
2015,Leyton Orient,Hartlepool United,0,2,4,4,2,-2,0
2015,Luton Town,Accrington,0,2,4,4,2,-2,0
2015,Accrington,Morecambe,2,2,4,4,4,0,0
2015,Cambridge United,Carlisle United,0,0,4,4,0,0,0
2015,Leyton Orient,Dagenham and Redbridge,3,2,4,4,5,1,1
2015,Cambridge United,Morecambe,7,0,4,4,7,7,1
2015,Exeter City,Mansfield Town,2,3,4,4,5,-1,0
2015,Newport County,Oxford United,1,1,4,4,2,0,0
2015,AFC Wimbledon,Leyton Orient,1,0,4,4,1,1,1
2015,Luton Town,Newport County,1,1,4,4,2,0,0
2015,Notts County,Cambridge United,1,2,4,4,3,-1,0
2015,Portsmouth,Wycombe Wanderers,2,1,4,4,3,1,1
2015,Exeter City,Morecambe,1,1,4,4,2,0,0
2015,Wycombe Wanderers,Accrington,0,1,4,4,1,-1,0
2015,AFC Wimbledon,Newport County,1,0,4,4,1,1,1
2015,Luton Town,Exeter City,4,1,4,4,5,3,1
2016,Southampton,Watford,1,1,1,1,2,0,0
2016,Leicester City,Arsenal,0,0,1,1,0,0,0
2016,Sunderland,Middlesbrough,1,2,1,1,3,-1,0
2016,Crystal Palace,AFC Bournemouth,1,1,1,1,2,0,0
2016,Leicester City,Swansea City,2,1,1,1,3,1,1
2016,Arsenal,Southampton,2,1,1,1,3,1,1
2016,Liverpool,Leicester City,4,1,1,1,5,3,1
2016,Stoke City,Tottenham Hotspur,0,4,1,1,4,-4,0
2016,Sunderland,Everton,0,3,1,1,3,-3,0
2016,Hull City,Arsenal,1,4,1,1,5,-3,0
2016,West Bromwich Albion,West Ham United,4,2,1,1,6,2,1
2016,Tottenham Hotspur,Sunderland,1,0,1,1,1,1,1
2016,Middlesbrough,Tottenham Hotspur,1,2,1,1,3,-1,0
2016,Everton,Crystal Palace,1,1,1,1,2,0,0
2016,Swansea City,Liverpool,1,2,1,1,3,-1,0
2016,Burnley,Arsenal,0,1,1,1,1,-1,0
2016,Stoke City,Sunderland,2,0,1,1,2,2,1
2016,West Ham United,Sunderland,1,0,1,1,1,1,1
2016,Crystal Palace,Liverpool,2,4,1,1,6,-2,0
2016,Sunderland,Arsenal,1,4,1,1,5,-3,0
2016,West Bromwich Albion,Manchester City,0,4,1,1,4,-4,0
2016,Stoke City,Swansea City,3,1,1,1,4,2,1
2016,Stoke City,AFC Bournemouth,0,1,1,1,1,-1,0
2016,Burnley,Manchester City,1,2,1,1,3,-1,0
2016,Leicester City,Middlesbrough,2,2,1,1,4,0,0
2016,Stoke City,Burnley,2,0,1,1,2,2,1
2016,Liverpool,West Ham United,2,2,1,1,4,0,0
2016,Stoke City,Leicester City,2,2,1,1,4,0,0
2016,Tottenham Hotspur,Burnley,2,1,1,1,3,1,1
2016,Burnley,Middlesbrough,1,0,1,1,1,1,1
2016,Leicester City,Everton,0,2,1,1,2,-2,0
2016,Hull City,Everton,2,2,1,1,4,0,0
2016,Southampton,West Bromwich Albion,1,2,1,1,3,-1,0
2016,Middlesbrough,Leicester City,0,0,1,1,0,0,0
2016,West Ham United,Manchester United,0,2,1,1,2,-2,0
2016,Hull City,AFC Bournemouth,3,1,1,1,4,2,1
2016,West Ham United,Crystal Palace,3,0,1,1,3,3,1
2016,Manchester City,Tottenham Hotspur,2,2,1,1,4,0,0
2016,West Bromwich Albion,Sunderland,2,0,1,1,2,2,1
2016,Southampton,Leicester City,3,0,1,1,3,3,1
2016,Burnley,Leicester City,1,0,1,1,1,1,1
2016,Crystal Palace,Sunderland,0,4,1,1,4,-4,0
2016,West Bromwich Albion,Stoke City,1,0,1,1,1,1,1
2016,Arsenal,Hull City,2,0,1,1,2,2,1
2016,Middlesbrough,Everton,0,0,1,1,0,0,0
2016,West Ham United,West Bromwich Albion,2,2,1,1,4,0,0
2016,Everton,Sunderland,2,0,1,1,2,2,1
2016,West Ham United,Chelsea,1,2,1,1,3,-1,0
2016,AFC Bournemouth,Swansea City,2,0,1,1,2,2,1
2016,West Ham United,Leicester City,2,3,1,1,5,-1,0
2016,Tottenham Hotspur,Southampton,2,1,1,1,3,1,1
2016,Manchester United,West Bromwich Albion,0,0,1,1,0,0,0
2016,Arsenal,West Ham United,3,0,1,1,3,3,1
2016,Liverpool,AFC Bournemouth,2,2,1,1,4,0,0
2016,Stoke City,Liverpool,1,2,1,1,3,-1,0
2016,Crystal Palace,Arsenal,3,0,1,1,3,3,1
2016,Hull City,Watford,2,0,1,1,2,2,1
2016,Manchester City,Manchester United,0,0,1,1,0,0,0
2016,Stoke City,West Ham United,0,0,1,1,0,0,0
2016,Everton,Chelsea,0,3,1,1,3,-3,0
2016,Arsenal,Manchester United,2,0,1,1,2,2,1
2016,Huddersfield Town,Brentford,2,1,2,2,3,1,1
2016,Reading,Preston North End,1,0,2,2,1,1,1
2016,Sheffield Wednesday,Aston Villa,1,0,2,2,1,1,1
2016,Preston North End,Fulham,1,2,2,2,3,-1,0
2016,Brighton & Hove Albion,Rotherham United,3,0,2,2,3,3,1
2016,Norwich City,Bristol City,1,0,2,2,1,1,1
2016,Wolverhampton Wanderers,Ipswich Town,0,0,2,2,0,0,0
2016,Ipswich Town,Norwich City,1,1,2,2,2,0,0
2016,Bristol City,Aston Villa,3,1,2,2,4,2,1
2016,Norwich City,Cardiff City,3,2,2,2,5,1,1
2016,Rotherham United,Bristol City,2,2,2,2,4,0,0
2016,Aston Villa,Nottingham Forest,2,2,2,2,4,0,0
2016,Sheffield Wednesday,Bristol City,3,2,2,2,5,1,1
2016,Rotherham United,Nottingham Forest,2,2,2,2,4,0,0
2016,Blackburn Rovers,Rotherham United,4,2,2,2,6,2,1
2016,Burton Albion,Brighton & Hove Albion,0,1,2,2,1,-1,0
2016,Wigan Athletic,Fulham,0,0,2,2,0,0,0
2016,Brighton & Hove Albion,Barnsley,2,0,2,2,2,2,1
2016,Leeds United,Ipswich Town,1,0,2,2,1,1,1
2016,Wolverhampton Wanderers,Brentford,3,1,2,2,4,2,1
2016,Bristol City,Nottingham Forest,2,1,2,2,3,1,1
2016,Wolverhampton Wanderers,Norwich City,1,2,2,2,3,-1,0
2016,Brighton & Hove Albion,Preston North End,2,2,2,2,4,0,0
2016,Norwich City,Rotherham United,3,1,2,2,4,2,1
2016,Blackburn Rovers,Nottingham Forest,2,1,2,2,3,1,1
2016,Queens Park Rangers,Bristol City,1,0,2,2,1,1,1
2016,Rotherham United,Reading,0,1,2,2,1,-1,0
2016,Derby County,Sheffield Wednesday,2,0,2,2,2,2,1
2016,Bristol City,Brighton & Hove Albion,0,2,2,2,2,-2,0
2016,Birmingham City,Bristol City,1,0,2,2,1,1,1
2016,Derby County,Rotherham United,3,0,2,2,3,3,1
2016,Brentford,Birmingham City,1,2,2,2,3,-1,0
2016,Reading,Bristol City,2,1,2,2,3,1,1
2016,Huddersfield Town,Wigan Athletic,1,2,2,2,3,-1,0
2016,Leeds United,Aston Villa,2,0,2,2,2,2,1
2016,Barnsley,Norwich City,2,1,2,2,3,1,1
2016,Ipswich Town,Cardiff City,1,1,2,2,2,0,0
2016,Reading,Sheffield Wednesday,2,1,2,2,3,1,1
2016,Derby County,Nottingham Forest,3,0,2,2,3,3,1
2016,Fulham,Rotherham United,2,1,2,2,3,1,1
2016,Sheffield Wednesday,Barnsley,2,0,2,2,2,2,1
2016,Wigan Athletic,Newcastle United,0,2,2,2,2,-2,0
2016,Blackburn Rovers,Reading,2,3,2,2,5,-1,0
2016,Cardiff City,Barnsley,3,4,2,2,7,-1,0
2016,Nottingham Forest,Wolverhampton Wanderers,0,2,2,2,2,-2,0
2016,Queens Park Rangers,Aston Villa,0,1,2,2,1,-1,0
2016,Derby County,Birmingham City,1,0,2,2,1,1,1
2016,Ipswich Town,Bristol City,2,1,2,2,3,1,1
2016,Brentford,Norwich City,0,0,2,2,0,0,0
2016,Cardiff City,Aston Villa,1,0,2,2,1,1,1
2016,Norwich City,Derby County,3,0,2,2,3,3,1
2016,Sheffield Wednesday,Wolverhampton Wanderers,0,0,2,2,0,0,0
2016,Bristol City,Cardiff City,2,3,2,2,5,-1,0
2016,Ipswich Town,Blackburn Rovers,3,2,2,2,5,1,1
2016,Reading,Fulham,1,0,2,2,1,1,1
2016,Preston North End,Ipswich Town,1,1,2,2,2,0,0
2016,Rotherham United,Barnsley,0,1,2,2,1,-1,0
2016,Brentford,Aston Villa,3,0,2,2,3,3,1
2016,Ipswich Town,Derby County,0,3,2,2,3,-3,0
2016,Blackburn Rovers,Queens Park Rangers,1,0,2,2,1,1,1
2016,Nottingham Forest,Aston Villa,2,1,2,2,3,1,1
2016,Norwich City,Newcastle United,2,2,2,2,4,0,0
2016,Rotherham United,Huddersfield Town,2,3,2,2,5,-1,0
2016,Barnsley,Brighton & Hove Albion,0,2,2,2,2,-2,0
2016,Cardiff City,Rotherham United,5,0,2,2,5,5,1
2016,Wigan Athletic,Preston North End,0,0,2,2,0,0,0
2016,Aston Villa,Derby County,1,0,2,2,1,1,1
2016,Brighton & Hove Albion,Reading,3,0,2,2,3,3,1
2016,Newcastle United,Bristol City,2,2,2,2,4,0,0
2016,Huddersfield Town,Newcastle United,1,3,2,2,4,-2,0
2016,Queens Park Rangers,Cardiff City,2,1,2,2,3,1,1
2016,Bristol City,Norwich City,1,1,2,2,2,0,0
2016,Barnsley,Ipswich Town,1,1,2,2,2,0,0
2016,Cardiff City,Birmingham City,1,1,2,2,2,0,0
2016,Wolverhampton Wanderers,Rotherham United,1,0,2,2,1,1,1
2016,Nottingham Forest,Derby County,2,2,2,2,4,0,0
2016,Derby County,Queens Park Rangers,1,0,2,2,1,1,1
2016,Brentford,Bristol City,2,0,2,2,2,2,1
2016,Aston Villa,Queens Park Rangers,1,0,2,2,1,1,1
2016,Preston North End,Bristol City,5,0,2,2,5,5,1
2016,Queens Park Rangers,Brighton & Hove Albion,1,2,2,2,3,-1,0
2016,Bristol City,Wolverhampton Wanderers,3,1,2,2,4,2,1
2016,Fulham,Ipswich Town,3,1,2,2,4,2,1
2016,Wigan Athletic,Barnsley,3,2,2,2,5,1,1
2016,Norwich City,Fulham,1,3,2,2,4,-2,0
2016,Sheffield Wednesday,Cardiff City,1,0,2,2,1,1,1
2016,Brighton & Hove Albion,Wigan Athletic,2,1,2,2,3,1,1
2016,Fulham,Aston Villa,3,1,2,2,4,2,1
2016,Preston North End,Norwich City,1,3,2,2,4,-2,0
2016,Norwich City,Brighton & Hove Albion,2,0,2,2,2,2,1
2016,Leeds United,Norwich City,3,3,2,2,6,0,0
2016,Reading,Wigan Athletic,1,0,2,2,1,1,1
2016,Bristol City,Birmingham City,0,1,2,2,1,-1,0
2016,Newcastle United,Barnsley,3,0,2,2,3,3,1
2016,Rotherham United,Derby County,1,1,2,2,2,0,0
2016,Wolverhampton Wanderers,Preston North End,1,0,2,2,1,1,1
2016,Shrewsbury Town,Milton Keynes Dons,0,1,3,3,1,-1,0
2016,Walsall,AFC Wimbledon,3,1,3,3,4,2,1
2016,Gillingham,Bury,2,1,3,3,3,1,1
2016,Bristol Rovers,Oxford United,2,1,3,3,3,1,1
2016,Chesterfield,Walsall,2,0,3,3,2,2,1
2016,Milton Keynes Dons,Bradford City,1,2,3,3,3,-1,0
2016,Bury,Oldham Athletic,0,1,3,3,1,-1,0
2016,Chesterfield,Millwall,1,3,3,3,4,-2,0
2016,Shrewsbury Town,Gillingham,2,3,3,3,5,-1,0
2016,AFC Wimbledon,Chesterfield,2,1,3,3,3,1,1
2016,Fleetwood Town,Coventry City,2,0,3,3,2,2,1
2016,Northampton Town,Milton Keynes Dons,3,2,3,3,5,1,1
2016,Bristol Rovers,Rochdale,2,2,3,3,4,0,0
2016,Gillingham,Bradford City,1,1,3,3,2,0,0
2016,Oldham Athletic,Chesterfield,0,0,3,3,0,0,0
2016,Scunthorpe United,Southend United,4,0,3,3,4,4,1
2016,Charlton Athletic,AFC Wimbledon,1,2,3,3,3,-1,0
2016,Sheffield United,Peterborough United,1,0,3,3,1,1,1
2016,Swindon Town,Bristol Rovers,1,2,3,3,3,-1,0
2016,Gillingham,Coventry City,2,1,3,3,3,1,1
2016,Oldham Athletic,Swindon Town,0,2,3,3,2,-2,0
2016,Chesterfield,Gillingham,3,3,3,3,6,0,0
2016,Southend United,Oxford United,2,1,3,3,3,1,1
2016,Port Vale,Coventry City,0,2,3,3,2,-2,0
2016,Swindon Town,Bolton Wanderers,0,1,3,3,1,-1,0
2016,AFC Wimbledon,Swindon Town,0,0,3,3,0,0,0
2016,Oxford United,Bradford City,1,0,3,3,1,1,1
2016,Coventry City,Oxford United,2,1,3,3,3,1,1
2016,Milton Keynes Dons,Bristol Rovers,3,3,3,3,6,0,0
2016,Bradford City,Sheffield United,3,3,3,3,6,0,0
2016,Gillingham,Charlton Athletic,1,1,3,3,2,0,0
2016,Oldham Athletic,Bristol Rovers,0,2,3,3,2,-2,0
2016,Shrewsbury Town,Northampton Town,2,4,3,3,6,-2,0
2016,Oxford United,Millwall,1,2,3,3,3,-1,0
2016,Sheffield United,Milton Keynes Dons,2,1,3,3,3,1,1
2016,Bristol Rovers,Fleetwood Town,2,1,3,3,3,1,1
2016,Millwall,Bristol Rovers,4,0,3,3,4,4,1
2016,Port Vale,Fleetwood Town,2,1,3,3,3,1,1
2016,Chesterfield,Sheffield United,1,4,3,3,5,-3,0
2016,Bolton Wanderers,Millwall,2,0,3,3,2,2,1
2016,Fleetwood Town,Chesterfield,2,1,3,3,3,1,1
2016,Southend United,Bradford City,3,0,3,3,3,3,1
2016,Coventry City,Milton Keynes Dons,1,2,3,3,3,-1,0
2016,Scunthorpe United,Oxford United,1,1,3,3,2,0,0
2016,Walsall,Southend United,0,0,3,3,0,0,0
2016,Bristol Rovers,Bury,4,2,3,3,6,2,1
2016,Port Vale,Northampton Town,2,3,3,3,5,-1,0
2016,Chesterfield,Bolton Wanderers,1,0,3,3,1,1,1
2016,Oldham Athletic,Southend United,0,2,3,3,2,-2,0
2016,Swindon Town,Fleetwood Town,1,1,3,3,2,0,0
2016,Millwall,Gillingham,2,1,3,3,3,1,1
2016,Rochdale,Shrewsbury Town,2,1,3,3,3,1,1
2016,Peterborough United,Coventry City,1,1,3,3,2,0,0
2016,Southend United,Sheffield United,2,4,3,3,6,-2,0
2016,Bolton Wanderers,Swindon Town,1,2,3,3,3,-1,0
2016,Oldham Athletic,Gillingham,1,0,3,3,1,1,1
2016,Walsall,Sheffield United,4,1,3,3,5,3,1
2016,Swindon Town,Peterborough United,0,1,3,3,1,-1,0
2016,Bury,Walsall,3,3,3,3,6,0,0
2016,Scunthorpe United,Port Vale,3,2,3,3,5,1,1
